# Facility.name: NSLS-II
# Facility.mode: Beam available
# Facility.current: 400.0679347288793
# Facility.current: 3 GeV
# Facility.year: 2023
# Facility.cycle: 2
# Facility.GUP: 312970
# Facility.SAF: 311402
# Experimenter.name: Esteban Fornero
# Beamline.name: ISS (8-ID)
# Beamline.x-ray_source: damping wiggler
# Beamline.collimation_mirror1.material: Si
# Beamline.collimation_mirror2.material: Pt
# Beamline.collimation_mirror2.bender_loading: -349.0
# Beamline.focusing: toroidal mirror
# Beamline.focusing.material: Pt
# Beamline.focusing.bender_loading: -419.0
# Beamline.harmonic_rejection: Si
# Mono.scan_mode: Si(111)
# Mono.d_spacing: 3.1354951
# Mono.scan_mode: pseudo-channel cut
# Mono.scan_type: fly_scan
# Mono.trajectory_name: f950a534-6fd5.txt
# Mono.direction: None
# Mono.angle_offset: 0.69366577
# Mono.angle_offset: 39.744 deg
# Mono.encoder_resolution: 48.0 nrad
# Detector.I0: ion chamber
# Detector.I1: ion chamber
# Detector.I2: ion chamber
# Detector.IF: PIPS
# Detector.I0.length: 15 cm
# Detector.I1.length: 28 cm
# Detector.I2.length: 15 cm
# Detector.IF.thickness: 300 um
# Detector.I0.gas.N2: 38.0%
# Detector.I1.gas.N2: 38.0%
# Detector.I2.gas.N2: 38.0%
# Detector.I0.gas.He: 62.0%
# Detector.I1.gas.He: 62.0%
# Detector.I2.gas.He: 62.0%
# Detector.I0.voltage: -1649.997681
# Detector.I1.voltage: -1649.997803
# Detector.I2.voltage: -1649.998291
# Detector.I0.gain: 4
# Detector.I1.gain: 6
# Detector.I2.gain: 6
# Detector.IF.gain: 6
# Detector.aux: {}
# Element.symbol: Cu
# Element.edge: K
# Element.line: None
# Scan.transient_id: 371162
# Scan.uid: 958deb15-6c28-4b7f-a7b9-5b0fde2cd5c4
# Scan.edge_energy: 8979.0
# Scan.start_time: 06/23/2023  08:04:49.503340
# Scan.end_time: 06/23/2023  08:05:24.082523
# Scan.name: Cu2O+Ga2O3-2nd PP+O2-ramp (pos 001) Cu-K 0001
# Scan.comment: 
# Sample.name: Cu2O+Ga2O3-2nd
# Sample.comment: 
# Sample.position.x: -66.442995014
# Sample.position.y: 31.099036574
# Sample.position.z: -10.184937499999995
# Sample.position.theta: 845.5790000000001
# SampleHeater.temperature1.setpoint: 300.0
# SampleHeater.temperature1.readback: 1372.0
# SampleHeater.current.setpoint: 0.0
# SampleHeater.current.readback: 0.0
# SampleHeater.temperature2.setpoint: 200.0
# SampleHeater.temperature2.readback: 204.9
# SampleHeater.voltage.setpoint: 0.42531730665057477
# SampleHeater.voltage.readback: 0.441
# SampleHeater.PID.P: 0.025
# SampleHeater.PID.I: 0.07
# SampleHeater.PID.D: 0.0
# SampleGasCart.MFC.CH4.setpoint: 3.0
# SampleGasCart.MFC.CH4.readback: 2.998
# SampleGasCart.MFC.CO.setpoint: 0.0
# SampleGasCart.MFC.CO.readback: 0.0
# SampleGasCart.MFC.H2.setpoint: 0.0
# SampleGasCart.MFC.H2.readback: 0.0
# SampleGasCart.MFC.exhaust.setpoint: 100.0
# SampleGasCart.MFC.exhaust.readback: 17.32
# SampleGasHandlingSystem.gas_a.name: None
# SampleGasHandlingSystem.gas_b.name: None
# SampleGasHandlingSystem.gas_c.name: None
# SampleGasHandlingSystem.gas_d.name: None
# SampleGasHandlingSystem.gas_e.name: He
# SampleGasHandlingSystem.MFC1.setpoint: 7.0
# SampleGasHandlingSystem.MFC1.readback: 6.998697757720947
# SampleGasHandlingSystem.MFC2.setpoint: 0.0
# SampleGasHandlingSystem.MFC2.readback: -0.08544921875
# SampleGasHandlingSystem.MFC3.setpoint: 0.0
# SampleGasHandlingSystem.MFC3.readback: 0.0244140625
# SampleGasHandlingSystem.MFC4.setpoint: 0.0
# SampleGasHandlingSystem.MFC4.readback: -0.0813802108168602
# SampleGasHandlingSystem.MFC5.setpoint: 0.0
# SampleGasHandlingSystem.MFC5.readback: -0.01220703125
# SampleGasHandlingSystem.MFC6.setpoint: 1.5
# SampleGasHandlingSystem.MFC6.readback: 1.50146484375
# SampleGasHandlingSystem.MFC7.setpoint: 0.0
# SampleGasHandlingSystem.MFC7.readback: -0.0406901054084301
# SampleGasHandlingSystem.MFC8.setpoint: 0.0
# SampleGasHandlingSystem.MFC8.readback: -0.0813802108168602
# SampleGasHandlingSystem.MFC9.setpoint: 0.0
# SampleGasHandlingSystem.MFC9.readback: -0.1057942733168602
# SampleGasHandlingSystem.MFC10.setpoint: 0.0
# SampleGasHandlingSystem.MFC10.readback: 0.01220703125
# SampleGasHandlingSystem.MFC11.setpoint: 0.0
# SampleGasHandlingSystem.MFC11.readback: -0.0569661445915699
# SampleGasHandlingSystem.MFC12.setpoint: 0.0
# SampleGasHandlingSystem.MFC12.readback: -0.01627604104578495
# SampleGasHandlingSystem.MFC13.setpoint: 0.0
# SampleGasHandlingSystem.MFC13.readback: -0.01627604104578495
# SampleGasHandlingSystem.MFC14.setpoint: 0.0
# SampleGasHandlingSystem.MFC14.readback: -0.0244140625
# SampleGasHandlingSystem.MFC15.setpoint: 0.0
# SampleGasHandlingSystem.MFC15.readback: -0.0773111954331398
# SampleGasHandlingSystem.MFC16.setpoint: 0.0
# SampleGasHandlingSystem.MFC16.readback: -0.02848307229578495
# SampleGasHandlingSystem.RGA.ch1.mass: 2
# SampleGasHandlingSystem.RGA.ch1.readback: 1.07594e-06
# SampleGasHandlingSystem.RGA.ch2.mass: 4
# SampleGasHandlingSystem.RGA.ch2.readback: 0.0
# SampleGasHandlingSystem.RGA.ch3.mass: 5
# SampleGasHandlingSystem.RGA.ch3.readback: 7.81276e-12
# SampleGasHandlingSystem.RGA.ch4.mass: 5
# SampleGasHandlingSystem.RGA.ch4.readback: 4.78717e-10
# SampleGasHandlingSystem.RGA.ch5.mass: 18
# SampleGasHandlingSystem.RGA.ch5.readback: 2.18695e-09
# SampleGasHandlingSystem.RGA.ch6.mass: 28
# SampleGasHandlingSystem.RGA.ch6.readback: 1.4534e-08
# SampleGasHandlingSystem.RGA.ch7.mass: 32
# SampleGasHandlingSystem.RGA.ch7.readback: 3.07315e-09
# SampleGasHandlingSystem.RGA.ch8.mass: 41
# SampleGasHandlingSystem.RGA.ch8.readback: 1.11477e-11
# SampleGasHandlingSystem.RGA.ch9.mass: 44
# SampleGasHandlingSystem.RGA.ch9.readback: 2.07863e-10
# energy  i0  it  ir  iff  aux1  aux2  aux3  aux4
 8779.000000 -3.428959e-05 -4.141596e-07 -2.742369e-07 -3.127928e-07 4.020828e-05 -4.439385e-04 -3.409375e-05 -1.912132e-05
 8784.000000 -3.439155e-05 -4.132862e-07 -2.737223e-07 -3.144880e-07 4.515988e-05 -4.406321e-04 -3.607284e-05 -1.682034e-05
 8789.000000 -3.434480e-05 -4.137356e-07 -2.742672e-07 -3.148963e-07 4.638232e-05 -4.373360e-04 -3.821473e-05 -1.813070e-05
 8794.000000 -3.417937e-05 -4.115480e-07 -2.731321e-07 -3.144660e-07 4.606785e-05 -4.476509e-04 -3.617080e-05 -1.420282e-05
 8799.000000 -3.379469e-05 -4.079639e-07 -2.707230e-07 -3.117331e-07 5.039557e-05 -4.258854e-04 -3.554102e-05 -1.267387e-05
 8804.000000 -3.391861e-05 -4.167845e-07 -2.765829e-07 -3.130949e-07 4.442722e-05 -4.504326e-04 -2.914241e-05 -1.268019e-05
 8809.000000 -3.363154e-05 -4.221925e-07 -2.808299e-07 -3.111861e-07 3.722123e-05 -4.566321e-04 -3.718334e-05 -1.078179e-05
 8814.000000 -3.338088e-05 -4.222571e-07 -2.811056e-07 -3.094963e-07 4.209764e-05 -4.515691e-04 -3.763183e-05 -1.083222e-05
 8819.000000 -3.354289e-05 -4.195479e-07 -2.795637e-07 -3.113957e-07 5.030285e-05 -4.208135e-04 -3.139904e-05 -1.800064e-05
 8824.000000 -3.360616e-05 -4.171664e-07 -2.780819e-07 -3.127620e-07 4.657479e-05 -3.889505e-04 -3.223878e-05 -1.600468e-05
 8829.000000 -3.352822e-05 -4.174800e-07 -2.787583e-07 -3.131678e-07 4.791144e-05 -4.012285e-04 -2.390869e-05 -1.228757e-05
 8834.000000 -3.349889e-05 -4.162023e-07 -2.777169e-07 -3.141609e-07 5.003881e-05 -3.847441e-04 -1.997373e-05 -1.820790e-05
 8839.000000 -3.340180e-05 -4.166495e-07 -2.783235e-07 -3.142538e-07 4.007646e-05 -3.951726e-04 -2.460374e-05 -1.163411e-05
 8844.000000 -3.331369e-05 -4.177611e-07 -2.793017e-07 -3.145602e-07 4.477638e-05 -3.990672e-04 -2.174528e-05 2.258367e-06
 8849.000000 -3.319098e-05 -4.181348e-07 -2.798493e-07 -3.144933e-07 4.311011e-05 -3.898662e-04 -2.941754e-05 -3.026657e-06
 8854.000000 -3.309238e-05 -4.189079e-07 -2.805159e-07 -3.148486e-07 4.796055e-05 -3.820070e-04 -2.946309e-05 -1.611872e-07
 8859.000000 -3.294681e-05 -4.197105e-07 -2.808750e-07 -3.146511e-07 4.879760e-05 -4.003432e-04 -1.952461e-05 -4.229630e-06
 8864.000000 -3.286682e-05 -4.205457e-07 -2.816029e-07 -3.149392e-07 4.336835e-05 -4.228202e-04 -1.705209e-05 -1.219479e-05
 8869.000000 -3.282611e-05 -4.192656e-07 -2.809216e-07 -3.151179e-07 4.058321e-05 -4.169195e-04 -1.383161e-05 -1.651030e-05
 8874.000000 -3.275551e-05 -4.193010e-07 -2.814464e-07 -3.151833e-07 3.948138e-05 -4.081595e-04 -1.954890e-05 -1.443898e-05
 8879.000000 -3.259241e-05 -4.202420e-07 -2.823135e-07 -3.147091e-07 4.108938e-05 -3.848988e-04 -1.901790e-05 -5.854097e-06
 8884.000000 -3.230473e-05 -4.182763e-07 -2.809773e-07 -3.134553e-07 4.268931e-05 -3.791601e-04 -1.424234e-05 6.772621e-07
 8889.000000 -3.208408e-05 -4.174401e-07 -2.803931e-07 -3.126552e-07 4.181612e-05 -4.051291e-04 -1.836111e-05 6.084228e-06
 8894.000000 -3.229474e-05 -4.201376e-07 -2.822036e-07 -3.145867e-07 4.396577e-05 -4.216336e-04 -1.186893e-05 5.130990e-06
 8899.000000 -3.220637e-05 -4.202260e-07 -2.826645e-07 -3.142132e-07 3.790888e-05 -4.093780e-04 -8.077741e-07 1.864014e-06
 8904.000000 -3.208336e-05 -4.208764e-07 -2.831947e-07 -3.137535e-07 3.626060e-05 -3.951990e-04 -4.007962e-06 -4.194746e-06
 8909.000000 -3.195674e-05 -4.210864e-07 -2.837387e-07 -3.129058e-07 3.360172e-05 -3.887667e-04 -1.593704e-05 -4.983347e-06
 8914.000000 -3.164169e-05 -4.207470e-07 -2.833461e-07 -3.104450e-07 3.606526e-05 -3.844244e-04 -1.525568e-05 -2.645691e-06
 8919.000000 -3.155027e-05 -4.215122e-07 -2.840757e-07 -3.104148e-07 4.190771e-05 -4.258706e-04 -1.398788e-05 -7.822369e-06
 8924.000000 -3.144528e-05 -4.207276e-07 -2.836936e-07 -3.104221e-07 3.724228e-05 -4.148157e-04 -1.648314e-05 -2.449093e-05
 8929.000000 -3.142174e-05 -4.240897e-07 -2.860784e-07 -3.117390e-07 3.121433e-05 -3.906825e-04 -1.264698e-05 -1.632651e-05
 8934.000000 -3.117791e-05 -4.278959e-07 -2.884834e-07 -3.108532e-07 3.076629e-05 -3.871074e-04 -1.038524e-05 -1.744031e-05
 8939.000000 -3.115845e-05 -4.269705e-07 -2.878304e-07 -3.118203e-07 3.131248e-05 -3.740252e-04 -1.690511e-05 -1.196741e-05
 8944.000000 -3.109312e-05 -4.262899e-07 -2.872077e-07 -3.122579e-07 3.877891e-05 -3.692341e-04 -1.198356e-05 -3.928836e-06
 8949.000000 -3.090831e-05 -4.271358e-07 -2.876300e-07 -3.115723e-07 4.347894e-05 -3.605909e-04 -2.053888e-05 -1.805867e-05
 8953.000000 -3.079652e-05 -4.268181e-07 -2.871884e-07 -3.117026e-07 3.682725e-05 -4.020291e-04 -2.025308e-05 -2.181684e-05
 8956.000000 -3.073270e-05 -4.270064e-07 -2.870331e-07 -3.115289e-07 4.543350e-05 -4.307099e-04 -2.134391e-05 -1.827794e-05
 8958.000000 -3.076340e-05 -4.252881e-07 -2.855280e-07 -3.120186e-07 4.485025e-05 -3.985831e-04 -2.627712e-05 -1.051505e-05
 8959.000000 -3.078284e-05 -4.247230e-07 -2.849384e-07 -3.123677e-07 4.526818e-05 -4.074565e-04 -2.901429e-05 -1.482037e-05
 8959.200000 -3.076810e-05 -4.247042e-07 -2.849486e-07 -3.121878e-07 5.076959e-05 -4.140640e-04 -2.326712e-05 -1.925474e-05
 8959.400000 -3.075165e-05 -4.258268e-07 -2.857265e-07 -3.122497e-07 5.282712e-05 -3.994813e-04 -2.070777e-05 -2.406456e-05
 8959.600000 -3.074114e-05 -4.246999e-07 -2.849926e-07 -3.121811e-07 4.721793e-05 -3.795644e-04 -2.562929e-05 -8.802199e-06
 8959.800000 -3.073512e-05 -4.255114e-07 -2.854768e-07 -3.122951e-07 3.916748e-05 -3.942335e-04 -2.500954e-05 4.383890e-06
 8960.000000 -3.068636e-05 -4.257477e-07 -2.857562e-07 -3.117642e-07 3.947786e-05 -3.853463e-04 -2.603880e-05 4.028986e-06
 8960.200000 -3.064170e-05 -4.274002e-07 -2.867062e-07 -3.115778e-07 4.340828e-05 -3.782956e-04 -2.982786e-05 -7.626727e-06
 8960.400000 -3.056499e-05 -4.280893e-07 -2.870012e-07 -3.109573e-07 4.333604e-05 -3.916439e-04 -1.773229e-05 -3.540100e-06
 8960.600000 -3.068584e-05 -4.253929e-07 -2.852057e-07 -3.120875e-07 4.038166e-05 -3.836206e-04 -2.322350e-06 -1.592768e-06
 8960.800000 -3.061329e-05 -4.275169e-07 -2.862729e-07 -3.115337e-07 4.268527e-05 -3.818807e-04 2.290357e-06 -8.192351e-06
 8961.000000 -3.054650e-05 -4.276107e-07 -2.865044e-07 -3.112343e-07 4.500892e-05 -4.064718e-04 -3.765359e-06 -1.340913e-05
 8961.200000 -3.054680e-05 -4.271395e-07 -2.860138e-07 -3.112800e-07 4.929848e-05 -4.012159e-04 -1.403839e-05 -1.659864e-05
 8961.400000 -3.061195e-05 -4.258700e-07 -2.852167e-07 -3.120951e-07 4.237352e-05 -3.976117e-04 -9.092523e-06 -1.435048e-05
 8961.600000 -3.061008e-05 -4.253916e-07 -2.849507e-07 -3.119171e-07 4.417971e-05 -3.984340e-04 -5.089241e-06 -2.579918e-05
 8961.800000 -3.059083e-05 -4.264352e-07 -2.855928e-07 -3.118494e-07 3.992633e-05 -4.075702e-04 -1.124487e-05 -1.385406e-05
 8962.000000 -3.049656e-05 -4.285147e-07 -2.868484e-07 -3.111497e-07 3.554001e-05 -4.060484e-04 -1.274698e-05 -2.002585e-05
 8962.200000 -3.050698e-05 -4.283866e-07 -2.866954e-07 -3.113886e-07 3.785866e-05 -3.894122e-04 -1.654531e-05 -2.121832e-05
 8962.400000 -3.058632e-05 -4.271841e-07 -2.856145e-07 -3.121969e-07 4.414706e-05 -3.835646e-04 -2.678183e-06 -7.822637e-06
 8962.600000 -3.060289e-05 -4.247911e-07 -2.841089e-07 -3.125256e-07 3.506087e-05 -3.901540e-04 -2.115001e-05 -1.461848e-05
 8962.800000 -3.067162e-05 -4.248541e-07 -2.842715e-07 -3.130414e-07 4.108311e-05 -3.923864e-04 -1.146545e-05 -1.342021e-05
 8963.000000 -3.068110e-05 -4.242237e-07 -2.840220e-07 -3.130588e-07 3.902484e-05 -3.966854e-04 -1.955918e-05 -1.563599e-05
 8963.200000 -3.070156e-05 -4.232528e-07 -2.834669e-07 -3.133648e-07 4.409699e-05 -4.170257e-04 -2.113671e-05 -1.615575e-05
 8963.400000 -3.068462e-05 -4.243590e-07 -2.839603e-07 -3.132219e-07 4.812970e-05 -4.111230e-04 -2.476252e-05 -1.604095e-05
 8963.600000 -3.065165e-05 -4.234982e-07 -2.831617e-07 -3.133885e-07 4.874851e-05 -3.992431e-04 -2.313653e-05 -1.087639e-05
 8963.800000 -3.062448e-05 -4.258104e-07 -2.844503e-07 -3.129729e-07 3.995967e-05 -3.915674e-04 -2.504110e-05 -2.000604e-05
 8964.000000 -3.058762e-05 -4.243021e-07 -2.832251e-07 -3.126352e-07 4.894655e-05 -4.014580e-04 -1.495851e-05 -1.009882e-05
 8964.200000 -3.059012e-05 -4.252333e-07 -2.838926e-07 -3.126341e-07 4.812683e-05 -4.150121e-04 -2.866051e-05 -1.186478e-05
 8964.400000 -3.065474e-05 -4.239998e-07 -2.833132e-07 -3.133385e-07 4.992230e-05 -4.152647e-04 -2.656592e-05 -2.183999e-05
 8964.600000 -3.065947e-05 -4.231564e-07 -2.828165e-07 -3.135090e-07 4.810275e-05 -4.243736e-04 -2.816154e-05 -1.288869e-05
 8964.800000 -3.060124e-05 -4.262904e-07 -2.850462e-07 -3.129456e-07 4.339491e-05 -4.227695e-04 -1.924515e-05 -9.836188e-06
 8965.000000 -3.060188e-05 -4.238331e-07 -2.830094e-07 -3.133330e-07 3.872805e-05 -4.014401e-04 -2.776129e-05 -6.076228e-06
 8965.200000 -3.058539e-05 -4.254488e-07 -2.835080e-07 -3.130741e-07 4.022847e-05 -4.261276e-04 -3.894374e-05 -1.625240e-05
 8965.400000 -3.058759e-05 -4.242041e-07 -2.828703e-07 -3.130549e-07 3.704852e-05 -4.181749e-04 -3.989209e-05 -1.457660e-05
 8965.600000 -3.062738e-05 -4.244268e-07 -2.830590e-07 -3.133479e-07 2.323624e-05 -4.080535e-04 -5.534910e-05 -1.063901e-05
 8965.800000 -3.057437e-05 -4.252024e-07 -2.834640e-07 -3.129128e-07 2.651974e-05 -4.381158e-04 -4.921105e-05 -1.800982e-05
 8966.000000 -3.054515e-05 -4.237965e-07 -2.827508e-07 -3.128977e-07 3.666270e-05 -3.954237e-04 -4.315856e-05 -5.231103e-06
 8966.200000 -3.051127e-05 -4.260672e-07 -2.841331e-07 -3.126282e-07 3.280963e-05 -3.808888e-04 -2.976928e-05 -8.786978e-06
 8966.400000 -3.054640e-05 -4.234329e-07 -2.820491e-07 -3.132912e-07 2.275416e-05 -3.886151e-04 -2.978077e-05 -1.274277e-05
 8966.600000 -3.051679e-05 -4.244337e-07 -2.825433e-07 -3.127829e-07 3.820786e-05 -4.081676e-04 -3.645598e-05 -1.527973e-05
 8966.800000 -3.050893e-05 -4.243956e-07 -2.825249e-07 -3.127048e-07 4.144021e-05 -4.234603e-04 -3.672566e-05 -1.364432e-05
 8967.000000 -3.045744e-05 -4.252366e-07 -2.829315e-07 -3.122453e-07 3.696848e-05 -4.300542e-04 -3.784583e-05 -1.889688e-05
 8967.200000 -3.039799e-05 -4.281855e-07 -2.848841e-07 -3.114822e-07 3.181057e-05 -4.140332e-04 -3.434049e-05 -2.040552e-05
 8967.400000 -3.045963e-05 -4.250780e-07 -2.826896e-07 -3.124549e-07 2.185781e-05 -3.944130e-04 -2.604733e-05 -1.847695e-05
 8967.600000 -3.051861e-05 -4.247026e-07 -2.824011e-07 -3.131494e-07 2.388944e-05 -3.960354e-04 -1.907217e-05 -8.047252e-06
 8967.800000 -3.046572e-05 -4.259565e-07 -2.828417e-07 -3.129131e-07 2.888597e-05 -3.966236e-04 -1.897924e-05 -6.674098e-07
 8968.000000 -3.038082e-05 -4.270529e-07 -2.835300e-07 -3.119349e-07 3.762413e-05 -3.974538e-04 -1.737880e-05 -2.628755e-06
 8968.200000 -3.034844e-05 -4.268557e-07 -2.834508e-07 -3.117568e-07 3.460632e-05 -3.969862e-04 -2.113369e-05 -1.238179e-05
 8968.400000 -3.035003e-05 -4.282133e-07 -2.840497e-07 -3.117753e-07 3.288087e-05 -4.000662e-04 -2.343135e-05 -1.013274e-05
 8968.600000 -3.038055e-05 -4.279041e-07 -2.836823e-07 -3.121838e-07 3.273945e-05 -4.088660e-04 -1.658806e-05 -6.127048e-06
 8968.800000 -3.040252e-05 -4.252661e-07 -2.817445e-07 -3.125230e-07 3.672909e-05 -4.177615e-04 -2.223949e-05 -1.494891e-05
 8969.000000 -3.040157e-05 -4.271279e-07 -2.827279e-07 -3.126015e-07 2.921434e-05 -4.135029e-04 -2.373158e-05 -1.310778e-05
 8969.200000 -3.026891e-05 -4.292448e-07 -2.839481e-07 -3.114930e-07 3.171268e-05 -3.978424e-04 -2.235785e-05 -1.170106e-05
 8969.400000 -3.027583e-05 -4.308769e-07 -2.851248e-07 -3.112724e-07 3.462722e-05 -4.192087e-04 -2.303482e-05 -6.958122e-06
 8969.600000 -3.026897e-05 -4.286092e-07 -2.836066e-07 -3.115193e-07 3.090992e-05 -4.227374e-04 -2.257524e-05 -5.494496e-06
 8969.800000 -3.023030e-05 -4.310070e-07 -2.848226e-07 -3.112464e-07 3.870327e-05 -4.187691e-04 -2.239436e-05 -1.259115e-05
 8970.000000 -3.027617e-05 -4.295598e-07 -2.836634e-07 -3.119174e-07 4.963893e-05 -4.266635e-04 -1.363815e-05 -8.052586e-06
 8970.200000 -3.039089e-05 -4.257915e-07 -2.807889e-07 -3.130770e-07 4.193401e-05 -4.209403e-04 -2.314467e-05 -6.341359e-06
 8970.400000 -3.046693e-05 -4.270923e-07 -2.813751e-07 -3.138847e-07 4.032688e-05 -4.137429e-04 -1.279367e-05 -5.293878e-06
 8970.600000 -3.051141e-05 -4.241489e-07 -2.791218e-07 -3.144709e-07 3.859419e-05 -4.215744e-04 -1.077201e-05 -7.720777e-06
 8970.800000 -3.050081e-05 -4.243670e-07 -2.794976e-07 -3.142950e-07 4.064776e-05 -4.279324e-04 -2.105953e-05 -1.282733e-05
 8971.000000 -3.049105e-05 -4.247748e-07 -2.796201e-07 -3.144295e-07 3.940686e-05 -4.061737e-04 -2.208962e-05 -1.477488e-05
 8971.200000 -3.043039e-05 -4.250514e-07 -2.796025e-07 -3.139576e-07 3.200196e-05 -4.053242e-04 -2.011496e-05 -1.029832e-05
 8971.400000 -3.046014e-05 -4.256444e-07 -2.796577e-07 -3.144323e-07 2.896012e-05 -4.085838e-04 -2.063531e-05 -1.997871e-05
 8971.600000 -3.040496e-05 -4.255126e-07 -2.790056e-07 -3.140888e-07 2.957874e-05 -4.081319e-04 -1.704421e-05 -2.455175e-05
 8971.800000 -3.029575e-05 -4.276827e-07 -2.799401e-07 -3.134022e-07 2.621860e-05 -4.056397e-04 -1.634880e-05 -3.042508e-05
 8972.000000 -3.033423e-05 -4.266184e-07 -2.788971e-07 -3.138678e-07 2.332445e-05 -4.241472e-04 -1.674548e-05 -3.127930e-05
 8972.200000 -3.031517e-05 -4.266367e-07 -2.788042e-07 -3.136508e-07 3.338719e-05 -4.074414e-04 -1.394039e-05 -2.570176e-05
 8972.400000 -3.038815e-05 -4.261602e-07 -2.783247e-07 -3.145236e-07 3.217834e-05 -3.853380e-04 -5.683503e-06 -1.546904e-05
 8972.600000 -3.044470e-05 -4.242818e-07 -2.768569e-07 -3.154761e-07 2.858358e-05 -3.826092e-04 -1.190441e-05 -1.784678e-05
 8972.800000 -3.047435e-05 -4.247193e-07 -2.765808e-07 -3.160731e-07 2.030816e-05 -3.652367e-04 -2.018261e-05 -1.983779e-05
 8973.000000 -3.040049e-05 -4.258178e-07 -2.766918e-07 -3.158156e-07 2.010909e-05 -4.014790e-04 -2.049587e-05 -2.598864e-05
 8973.200000 -3.027881e-05 -4.279672e-07 -2.773377e-07 -3.149159e-07 2.581101e-05 -4.186434e-04 -2.196314e-05 -1.943089e-05
 8973.400000 -3.023767e-05 -4.288440e-07 -2.775836e-07 -3.145025e-07 3.170625e-05 -4.018521e-04 -1.931941e-05 -1.905687e-05
 8973.600000 -3.006423e-05 -4.314113e-07 -2.789270e-07 -3.127534e-07 3.693301e-05 -3.892265e-04 -2.893913e-06 -1.584792e-05
 8973.800000 -3.020423e-05 -4.278070e-07 -2.763144e-07 -3.144217e-07 3.310786e-05 -4.083790e-04 -1.445617e-05 -1.131704e-05
 8974.000000 -3.034928e-05 -4.248636e-07 -2.738024e-07 -3.162206e-07 2.680354e-05 -4.209510e-04 -9.185854e-06 -1.359412e-05
 8974.200000 -3.040070e-05 -4.251646e-07 -2.732923e-07 -3.166783e-07 3.239253e-05 -4.072152e-04 -1.117812e-05 -1.294742e-05
 8974.400000 -3.041331e-05 -4.241981e-07 -2.719005e-07 -3.170709e-07 3.782064e-05 -4.449247e-04 -1.304066e-05 -2.020772e-05
 8974.600000 -3.041833e-05 -4.244425e-07 -2.709706e-07 -3.173646e-07 3.317323e-05 -4.238018e-04 -1.735036e-05 -2.885188e-05
 8974.800000 -3.041850e-05 -4.243872e-07 -2.702135e-07 -3.176445e-07 3.990268e-05 -4.191606e-04 -1.378102e-05 -2.013254e-05
 8975.000000 -3.041170e-05 -4.245605e-07 -2.693726e-07 -3.181852e-07 3.348085e-05 -4.072967e-04 -1.667246e-05 -1.714940e-05
 8975.200000 -3.040175e-05 -4.235743e-07 -2.677550e-07 -3.183187e-07 3.943423e-05 -4.239071e-04 -1.392474e-05 -2.473378e-05
 8975.400000 -3.035614e-05 -4.239802e-07 -2.667006e-07 -3.183195e-07 3.929308e-05 -4.089740e-04 -1.203236e-05 -2.528037e-05
 8975.600000 -3.035708e-05 -4.244902e-07 -2.654841e-07 -3.185976e-07 4.078686e-05 -3.824517e-04 -1.477547e-05 -2.460444e-05
 8975.800000 -3.035755e-05 -4.239994e-07 -2.633379e-07 -3.189916e-07 4.008225e-05 -4.056074e-04 -1.404402e-05 -3.495141e-05
 8976.000000 -3.033837e-05 -4.249720e-07 -2.618857e-07 -3.191405e-07 3.216396e-05 -4.204438e-04 -5.331632e-06 -2.177202e-05
 8976.200000 -3.030686e-05 -4.252049e-07 -2.599098e-07 -3.196233e-07 3.032093e-05 -4.018413e-04 -2.755316e-07 -2.047080e-05
 8976.400000 -3.024693e-05 -4.254109e-07 -2.575147e-07 -3.197424e-07 3.267332e-05 -3.860853e-04 -1.172068e-05 -2.129361e-05
 8976.600000 -3.026302e-05 -4.246205e-07 -2.538102e-07 -3.205949e-07 3.745701e-05 -3.691736e-04 -2.033831e-05 -1.514435e-05
 8976.800000 -3.024151e-05 -4.258731e-07 -2.506571e-07 -3.211155e-07 3.384803e-05 -3.659528e-04 -2.317525e-05 -2.473425e-05
 8977.000000 -3.021291e-05 -4.247169e-07 -2.456740e-07 -3.216711e-07 2.655861e-05 -3.834649e-04 -3.435205e-05 -2.836114e-05
 8977.200000 -3.022618e-05 -4.239434e-07 -2.399801e-07 -3.224924e-07 3.287139e-05 -4.074272e-04 -1.994928e-05 -1.636307e-05
 8977.400000 -3.024763e-05 -4.234749e-07 -2.336973e-07 -3.240894e-07 3.708010e-05 -4.239661e-04 -1.451798e-05 -1.337887e-05
 8977.600000 -3.020445e-05 -4.248992e-07 -2.271069e-07 -3.248905e-07 3.336427e-05 -4.417975e-04 -1.227410e-05 -5.521413e-06
 8977.800000 -3.016336e-05 -4.246866e-07 -2.182968e-07 -3.260087e-07 3.664748e-05 -4.361644e-04 -9.461830e-06 -1.198649e-05
 8978.000000 -3.005809e-05 -4.263000e-07 -2.095872e-07 -3.268843e-07 3.238307e-05 -4.097990e-04 -1.230830e-05 -1.329668e-05
 8978.200000 -3.001116e-05 -4.273381e-07 -1.994987e-07 -3.282232e-07 3.225930e-05 -3.806094e-04 -1.954863e-05 -1.422278e-05
 8978.400000 -3.010682e-05 -4.220766e-07 -1.868411e-07 -3.320464e-07 3.525721e-05 -3.727486e-04 -1.221326e-05 -1.762198e-05
 8978.600000 -3.017687e-05 -4.218979e-07 -1.761255e-07 -3.357701e-07 3.026314e-05 -3.874361e-04 -7.053990e-06 -1.523798e-05
 8978.800000 -3.020559e-05 -4.195129e-07 -1.657092e-07 -3.399014e-07 3.440247e-05 -3.969183e-04 1.325853e-06 -1.469681e-05
 8979.000000 -3.021443e-05 -4.190978e-07 -1.565123e-07 -3.444466e-07 3.524664e-05 -4.104128e-04 3.777168e-06 -9.024944e-06
 8979.200000 -3.020085e-05 -4.192791e-07 -1.480663e-07 -3.496604e-07 4.553491e-05 -4.356887e-04 -2.351346e-07 -1.916637e-05
 8979.400000 -3.017193e-05 -4.183594e-07 -1.400293e-07 -3.559844e-07 4.271068e-05 -3.949821e-04 -1.050593e-05 -2.110152e-05
 8979.600000 -3.015337e-05 -4.192828e-07 -1.339912e-07 -3.633217e-07 3.311460e-05 -3.956490e-04 -1.881286e-05 -1.362866e-05
 8979.800000 -3.012967e-05 -4.165400e-07 -1.280064e-07 -3.715424e-07 2.577534e-05 -3.864630e-04 -1.941754e-05 -2.184893e-05
 8980.000000 -3.007027e-05 -4.170013e-07 -1.241262e-07 -3.798965e-07 3.747876e-05 -4.025573e-04 -2.728532e-05 -2.826108e-05
 8980.200000 -3.006837e-05 -4.166809e-07 -1.213882e-07 -3.893819e-07 3.956193e-05 -4.099211e-04 -2.434125e-05 -1.912390e-05
 8980.400000 -3.008890e-05 -4.142436e-07 -1.188715e-07 -3.991470e-07 3.129450e-05 -4.056153e-04 -1.911339e-05 -1.526804e-05
 8980.600000 -3.007878e-05 -4.146362e-07 -1.179500e-07 -4.074635e-07 2.936797e-05 -3.944520e-04 -1.683816e-05 -1.926178e-05
 8980.800000 -3.006058e-05 -4.133533e-07 -1.168941e-07 -4.149845e-07 3.967131e-05 -3.878110e-04 -2.200675e-05 -1.038635e-05
 8981.000000 -3.006211e-05 -4.144766e-07 -1.168500e-07 -4.202987e-07 3.410678e-05 -4.336354e-04 -3.037162e-05 -1.197319e-05
 8981.200000 -3.003969e-05 -4.127090e-07 -1.163573e-07 -4.231097e-07 3.089603e-05 -4.243214e-04 -3.061487e-05 -2.353718e-05
 8981.400000 -3.001818e-05 -4.126126e-07 -1.166861e-07 -4.239091e-07 3.184633e-05 -4.234950e-04 -3.744723e-05 -2.432384e-05
 8981.600000 -3.002118e-05 -4.137646e-07 -1.178459e-07 -4.232563e-07 4.062048e-05 -4.248379e-04 -2.505174e-05 -1.697079e-05
 8981.800000 -2.998713e-05 -4.128563e-07 -1.183687e-07 -4.211698e-07 3.930594e-05 -4.356579e-04 -1.084676e-05 -1.350754e-05
 8982.000000 -2.992787e-05 -4.157993e-07 -1.200565e-07 -4.174378e-07 4.602431e-05 -4.250354e-04 -3.792310e-06 -1.829162e-05
 8982.200000 -2.990629e-05 -4.136520e-07 -1.199455e-07 -4.140542e-07 5.399326e-05 -4.002015e-04 -1.980258e-05 -2.595073e-05
 8982.400000 -2.997554e-05 -4.136318e-07 -1.203272e-07 -4.119239e-07 5.434788e-05 -3.894715e-04 -2.138581e-05 -2.782229e-05
 8982.600000 -2.998491e-05 -4.139176e-07 -1.203020e-07 -4.088585e-07 4.362697e-05 -4.032644e-04 -1.657746e-05 -3.333897e-05
 8982.800000 -2.996056e-05 -4.138727e-07 -1.203260e-07 -4.059176e-07 4.402661e-05 -4.057342e-04 -1.766270e-05 -2.078102e-05
 8983.000000 -2.993187e-05 -4.155976e-07 -1.203509e-07 -4.037573e-07 3.600297e-05 -4.112440e-04 -1.938748e-05 -1.240613e-05
 8983.200000 -2.985254e-05 -4.146114e-07 -1.192380e-07 -4.013433e-07 3.540998e-05 -4.057773e-04 -1.917341e-05 -1.177384e-05
 8983.400000 -2.980971e-05 -4.150339e-07 -1.184482e-07 -4.004683e-07 3.990567e-05 -4.152134e-04 -1.393046e-05 -1.876178e-05
 8983.600000 -2.986196e-05 -4.149543e-07 -1.173639e-07 -4.010217e-07 3.712515e-05 -4.142104e-04 -1.265154e-05 -1.770096e-05
 8983.800000 -2.984749e-05 -4.157989e-07 -1.159354e-07 -4.009410e-07 3.712032e-05 -4.283792e-04 -7.315597e-06 -5.495707e-06
 8984.000000 -2.983452e-05 -4.154709e-07 -1.141483e-07 -4.015431e-07 2.990583e-05 -4.125648e-04 -1.304055e-05 -3.887310e-06
 8984.200000 -2.989773e-05 -4.142589e-07 -1.123401e-07 -4.037070e-07 3.190658e-05 -4.163510e-04 -1.446442e-05 -6.312717e-06
 8984.400000 -2.991016e-05 -4.135724e-07 -1.105385e-07 -4.055997e-07 2.676397e-05 -4.085882e-04 -1.582950e-05 -2.290265e-05
 8984.600000 -2.991038e-05 -4.129050e-07 -1.086989e-07 -4.077912e-07 2.835079e-05 -4.148477e-04 -4.235920e-06 -1.828450e-05
 8984.800000 -2.988516e-05 -4.129865e-07 -1.071953e-07 -4.092718e-07 2.428231e-05 -4.244791e-04 -1.011721e-05 -1.139703e-05
 8985.000000 -2.990071e-05 -4.119656e-07 -1.054301e-07 -4.114953e-07 3.126553e-05 -4.302340e-04 4.401021e-06 -9.443041e-06
 8985.200000 -2.988015e-05 -4.136313e-07 -1.044832e-07 -4.130857e-07 3.600327e-05 -4.231059e-04 -1.057039e-05 -1.378155e-05
 8985.400000 -2.987185e-05 -4.118805e-07 -1.027052e-07 -4.148540e-07 3.728767e-05 -4.380252e-04 -1.351292e-05 -1.379020e-05
 8985.600000 -2.985670e-05 -4.122668e-07 -1.014572e-07 -4.163494e-07 3.278326e-05 -4.257556e-04 -1.205949e-05 -1.022770e-05
 8985.800000 -2.988656e-05 -4.125257e-07 -9.985819e-08 -4.184509e-07 2.619700e-05 -4.252835e-04 -1.689136e-05 -2.049110e-05
 8986.000000 -2.987722e-05 -4.116890e-07 -9.807100e-08 -4.201305e-07 3.264103e-05 -3.948142e-04 -2.160272e-05 -1.852086e-05
 8986.200000 -2.986297e-05 -4.116813e-07 -9.654587e-08 -4.215208e-07 3.701517e-05 -4.054295e-04 -2.476441e-05 -1.945541e-05
 8986.400000 -2.987572e-05 -4.108288e-07 -9.485879e-08 -4.237697e-07 3.984334e-05 -4.140754e-04 -1.516842e-05 -1.801003e-05
 8986.600000 -2.985436e-05 -4.112896e-07 -9.331838e-08 -4.251844e-07 5.082944e-05 -4.047163e-04 -1.930167e-06 -1.271458e-05
 8986.800000 -2.984328e-05 -4.103209e-07 -9.155171e-08 -4.269898e-07 4.403550e-05 -3.794789e-04 -7.972199e-06 -1.292025e-05
 8987.000000 -2.980013e-05 -4.112324e-07 -9.002069e-08 -4.286598e-07 4.327483e-05 -3.668803e-04 -9.641403e-06 -2.070405e-05
 8987.200000 -2.982028e-05 -4.109553e-07 -8.792969e-08 -4.311492e-07 3.292686e-05 -4.108903e-04 -1.948920e-05 -2.101116e-05
 8987.400000 -2.978309e-05 -4.109720e-07 -8.578620e-08 -4.327176e-07 2.638265e-05 -4.125210e-04 -1.732429e-05 -2.672578e-05
 8987.600000 -2.970612e-05 -4.127286e-07 -8.402704e-08 -4.333679e-07 2.723573e-05 -4.144577e-04 -1.777794e-05 -1.943609e-05
 8987.800000 -2.967323e-05 -4.118178e-07 -8.161170e-08 -4.348052e-07 3.117431e-05 -4.259808e-04 -2.375875e-05 -1.752137e-05
 8988.000000 -2.963186e-05 -4.131921e-07 -7.971872e-08 -4.363219e-07 2.682868e-05 -4.195848e-04 -1.750180e-05 -6.912140e-06
 8988.200000 -2.967815e-05 -4.116328e-07 -7.752912e-08 -4.394725e-07 2.944594e-05 -4.222429e-04 -5.112542e-06 -1.094487e-05
 8988.400000 -2.972133e-05 -4.095002e-07 -7.517859e-08 -4.423876e-07 2.865947e-05 -4.331955e-04 -1.161100e-06 -9.855045e-06
 8988.600000 -2.969836e-05 -4.093824e-07 -7.287605e-08 -4.441783e-07 2.962627e-05 -4.336433e-04 9.240379e-07 -1.063284e-05
 8988.800000 -2.969139e-05 -4.098207e-07 -7.060590e-08 -4.461936e-07 3.821738e-05 -4.207852e-04 1.818843e-06 -1.297511e-05
 8989.000000 -2.969776e-05 -4.080810e-07 -6.788523e-08 -4.486407e-07 4.361711e-05 -4.111508e-04 2.034257e-06 -6.345651e-06
 8989.200000 -2.967420e-05 -4.091449e-07 -6.586897e-08 -4.501237e-07 4.274067e-05 -3.933597e-04 3.397260e-06 -6.600504e-06
 8989.400000 -2.958253e-05 -4.114654e-07 -6.408936e-08 -4.506789e-07 3.322184e-05 -3.972322e-04 -7.546220e-06 -7.669710e-06
 8989.600000 -2.937436e-05 -4.130004e-07 -6.252480e-08 -4.495184e-07 2.675240e-05 -3.921727e-04 -5.000528e-06 3.665936e-06
 8989.800000 -2.936263e-05 -4.139321e-07 -6.085388e-08 -4.516233e-07 2.313301e-05 -3.862757e-04 1.325752e-06 -4.005275e-06
 8990.000000 -2.944350e-05 -4.113725e-07 -5.864700e-08 -4.557435e-07 1.953488e-05 -4.082430e-04 -3.904607e-07 1.934803e-07
 8990.200000 -2.944848e-05 -4.122073e-07 -5.681059e-08 -4.583121e-07 2.997908e-05 -4.177218e-04 -9.771006e-06 -8.815141e-06
 8990.400000 -2.953956e-05 -4.092850e-07 -5.468874e-08 -4.628337e-07 3.426316e-05 -4.101805e-04 -1.251077e-05 -1.124129e-05
 8990.600000 -2.961096e-05 -4.074404e-07 -5.272184e-08 -4.670719e-07 3.272003e-05 -3.895725e-04 -6.162089e-06 -1.513533e-05
 8990.800000 -2.959943e-05 -4.084657e-07 -5.138080e-08 -4.696036e-07 3.647047e-05 -4.102007e-04 -5.778836e-06 -1.848665e-05
 8991.000000 -2.955436e-05 -4.054975e-07 -4.966237e-08 -4.719743e-07 2.861142e-05 -4.228869e-04 -6.687352e-06 -1.471555e-05
 8991.200000 -2.956037e-05 -4.080247e-07 -4.871673e-08 -4.748901e-07 3.571909e-05 -4.168774e-04 2.857572e-06 -1.656190e-05
 8991.400000 -2.955484e-05 -4.059523e-07 -4.730383e-08 -4.776392e-07 3.376902e-05 -4.279183e-04 -1.865919e-06 -1.261661e-05
 8991.600000 -2.956181e-05 -4.067231e-07 -4.657070e-08 -4.801543e-07 2.323132e-05 -4.157857e-04 -7.735527e-06 -2.041010e-05
 8991.800000 -2.953561e-05 -4.061068e-07 -4.537897e-08 -4.818859e-07 2.154163e-05 -4.028594e-04 -1.455277e-05 -2.967461e-05
 8992.000000 -2.952186e-05 -4.059728e-07 -4.425525e-08 -4.839393e-07 1.853576e-05 -4.129951e-04 -1.273636e-05 -3.503205e-05
 8992.200000 -2.955989e-05 -4.056965e-07 -4.350659e-08 -4.867134e-07 2.329404e-05 -4.405410e-04 -7.512698e-07 -2.130763e-05
 8992.400000 -2.956258e-05 -4.034313e-07 -4.257868e-08 -4.886679e-07 1.196734e-05 -4.473560e-04 3.874173e-06 -2.574934e-05
 8992.600000 -2.950152e-05 -4.062435e-07 -4.225793e-08 -4.886649e-07 9.231952e-06 -4.171324e-04 3.688835e-06 -1.763287e-05
 8992.800000 -2.943602e-05 -4.056877e-07 -4.214070e-08 -4.884734e-07 1.717758e-05 -4.104889e-04 -6.632317e-06 -1.251005e-05
 8993.000000 -2.943236e-05 -4.069965e-07 -4.222172e-08 -4.893079e-07 1.832657e-05 -4.138186e-04 3.318066e-06 -1.819229e-05
 8993.200000 -2.943692e-05 -4.062003e-07 -4.223470e-08 -4.901750e-07 2.437829e-05 -4.152931e-04 -1.292209e-05 -2.001112e-05
 8993.400000 -2.945217e-05 -4.064433e-07 -4.214879e-08 -4.914870e-07 1.967649e-05 -4.182290e-04 -2.312114e-05 -1.359458e-05
 8993.600000 -2.941366e-05 -4.066886e-07 -4.242146e-08 -4.917746e-07 2.587603e-05 -4.061736e-04 -3.085558e-05 -1.611475e-05
 8993.800000 -2.932124e-05 -4.072041e-07 -4.245133e-08 -4.903902e-07 1.455891e-05 -4.108170e-04 -1.907015e-05 -1.515405e-05
 8994.000000 -2.923993e-05 -4.113279e-07 -4.316485e-08 -4.890518e-07 6.920267e-06 -4.223838e-04 -2.192216e-05 -1.554616e-05
 8994.200000 -2.915661e-05 -4.115832e-07 -4.364766e-08 -4.880185e-07 7.405729e-06 -4.175461e-04 -2.015157e-05 -1.436338e-05
 8994.400000 -2.918115e-05 -4.107857e-07 -4.416409e-08 -4.892879e-07 1.135994e-05 -4.222087e-04 -1.666691e-05 -1.188817e-05
 8994.600000 -2.923343e-05 -4.122198e-07 -4.501272e-08 -4.910440e-07 1.416232e-05 -4.370754e-04 -2.512038e-05 -1.759858e-05
 8994.800000 -2.919580e-05 -4.103460e-07 -4.530435e-08 -4.906804e-07 1.259796e-05 -4.231298e-04 -2.725207e-05 -1.733866e-05
 8995.000000 -2.932744e-05 -4.074187e-07 -4.555453e-08 -4.943657e-07 6.634662e-07 -4.252348e-04 -2.293280e-05 -2.111735e-05
 8995.200000 -2.941853e-05 -4.064895e-07 -4.582626e-08 -4.967283e-07 5.066187e-06 -4.104667e-04 -1.276466e-05 -2.087148e-05
 8995.400000 -2.943659e-05 -4.053846e-07 -4.620663e-08 -4.974434e-07 6.192739e-06 -4.208279e-04 -1.036733e-05 -1.706356e-05
 8995.600000 -2.944457e-05 -4.045199e-07 -4.636778e-08 -4.976880e-07 -1.363148e-06 -4.117612e-04 -1.489963e-05 -2.144052e-05
 8995.800000 -2.943323e-05 -4.057366e-07 -4.705232e-08 -4.971820e-07 1.132573e-05 -4.160506e-04 -1.364506e-05 -2.535746e-05
 8996.000000 -2.942575e-05 -4.043735e-07 -4.732717e-08 -4.970290e-07 1.348979e-05 -4.190914e-04 -1.309299e-05 -2.478348e-05
 8996.200000 -2.942616e-05 -4.055331e-07 -4.821472e-08 -4.963297e-07 1.844398e-05 -3.895131e-04 -1.099750e-05 -2.114265e-05
 8996.400000 -2.942300e-05 -4.043434e-07 -4.864269e-08 -4.959518e-07 1.316349e-05 -3.854403e-04 -1.090698e-05 -2.316202e-05
 8996.600000 -2.937591e-05 -4.061451e-07 -4.915829e-08 -4.943724e-07 1.542896e-05 -3.907810e-04 -1.581652e-05 -2.182067e-05
 8996.800000 -2.935593e-05 -4.060294e-07 -4.946080e-08 -4.929937e-07 1.819402e-05 -3.912222e-04 -1.559275e-05 -1.634111e-05
 8997.000000 -2.938461e-05 -4.049906e-07 -4.939946e-08 -4.928149e-07 2.094033e-05 -3.931327e-04 -1.684596e-05 -1.891998e-05
 8997.200000 -2.937583e-05 -4.058155e-07 -4.978905e-08 -4.913163e-07 1.834979e-05 -3.824221e-04 -2.592670e-05 -2.691984e-05
 8997.400000 -2.938992e-05 -4.045048e-07 -4.970264e-08 -4.905550e-07 2.061994e-05 -3.917030e-04 -1.397917e-05 -2.674427e-05
 8997.600000 -2.937087e-05 -4.067267e-07 -5.041923e-08 -4.891212e-07 1.272469e-05 -4.035682e-04 -9.997241e-06 -2.578386e-05
 8997.800000 -2.932365e-05 -4.054858e-07 -5.047248e-08 -4.873690e-07 1.667331e-05 -3.932907e-04 -1.813119e-05 -2.076486e-05
 8998.000000 -2.936173e-05 -4.052748e-07 -5.066216e-08 -4.871488e-07 1.627079e-05 -3.858292e-04 -1.717255e-05 -1.943506e-05
 8998.200000 -2.938706e-05 -4.048984e-07 -5.060444e-08 -4.863286e-07 2.411628e-05 -3.893462e-04 -2.335271e-05 -2.575426e-05
 8998.400000 -2.932323e-05 -4.059116e-07 -5.039866e-08 -4.836167e-07 2.276922e-05 -4.187652e-04 -1.579041e-05 -1.411957e-05
 8998.600000 -2.925172e-05 -4.073091e-07 -5.017553e-08 -4.813372e-07 3.003908e-05 -4.362294e-04 -1.582569e-05 -1.936628e-05
 8998.800000 -2.928261e-05 -4.065437e-07 -4.977683e-08 -4.811396e-07 3.552649e-05 -4.254286e-04 -2.387372e-05 -1.924721e-05
 8999.000000 -2.932150e-05 -4.065667e-07 -4.950577e-08 -4.808133e-07 3.715343e-05 -4.066227e-04 -1.765446e-05 -2.585530e-05
 8999.200000 -2.930840e-05 -4.051787e-07 -4.879933e-08 -4.799774e-07 3.065877e-05 -3.929328e-04 -2.029522e-05 -2.502295e-05
 8999.400000 -2.934128e-05 -4.055852e-07 -4.842514e-08 -4.796180e-07 2.542378e-05 -4.064144e-04 -2.646404e-05 -2.302965e-05
 8999.600000 -2.934649e-05 -4.044951e-07 -4.774899e-08 -4.788923e-07 2.151940e-05 -4.026341e-04 -2.581089e-05 -1.929820e-05
 8999.800000 -2.933978e-05 -4.047980e-07 -4.702986e-08 -4.779095e-07 2.105390e-05 -3.929775e-04 -5.776209e-06 -9.676500e-06
 9000.000000 -2.932235e-05 -4.054814e-07 -4.615657e-08 -4.767999e-07 2.168619e-05 -3.828261e-04 -8.569815e-06 -9.541639e-06
 9000.200000 -2.932600e-05 -4.043695e-07 -4.537820e-08 -4.762954e-07 2.580318e-05 -4.086653e-04 -1.131369e-05 -2.539441e-05
 9000.400000 -2.928636e-05 -4.057794e-07 -4.481223e-08 -4.749100e-07 1.877867e-05 -3.935143e-04 -1.472230e-05 -2.832190e-05
 9000.600000 -2.920748e-05 -4.044270e-07 -4.412846e-08 -4.731835e-07 3.589878e-06 -3.955710e-04 -2.023120e-05 -2.909244e-05
 9000.800000 -2.920178e-05 -4.045021e-07 -4.357676e-08 -4.725792e-07 1.136969e-05 -3.919023e-04 -1.325452e-05 -1.915720e-05
 9001.000000 -2.919801e-05 -4.030198e-07 -4.287348e-08 -4.721631e-07 1.543959e-05 -3.850788e-04 -9.169265e-06 -9.220673e-06
 9001.200000 -2.913998e-05 -4.026703e-07 -4.238487e-08 -4.707545e-07 2.716532e-05 -3.427231e-04 -1.951885e-05 -1.279978e-05
 9001.400000 -2.902889e-05 -4.018413e-07 -4.156627e-08 -4.689643e-07 3.239571e-05 -3.597165e-04 -2.695469e-05 -1.563229e-05
 9001.600000 -2.878351e-05 -3.985051e-07 -4.106503e-08 -4.649787e-07 3.411296e-05 -3.917900e-04 -1.587052e-05 -2.026627e-05
 9001.800000 -2.856651e-05 -3.991016e-07 -4.074851e-08 -4.613758e-07 3.227326e-05 -3.867871e-04 -1.906209e-05 -1.173627e-05
 9002.000000 -2.856595e-05 -3.956112e-07 -4.008939e-08 -4.614420e-07 2.042839e-05 -3.977238e-04 -2.353150e-05 -8.083973e-06
 9002.200000 -2.865297e-05 -3.976969e-07 -4.027862e-08 -4.625724e-07 2.429067e-05 -3.742941e-04 -1.982496e-05 -1.087766e-05
 9002.400000 -2.877586e-05 -3.977081e-07 -4.025267e-08 -4.644342e-07 2.526052e-05 -3.810149e-04 -1.210202e-05 2.286964e-06
 9002.600000 -2.892918e-05 -3.996143e-07 -4.049950e-08 -4.666056e-07 2.157227e-05 -3.840044e-04 -2.997755e-05 -8.539310e-06
 9002.800000 -2.908514e-05 -4.019666e-07 -4.107605e-08 -4.691182e-07 2.404681e-05 -3.693348e-04 -1.917948e-05 -1.117985e-07
 9003.000000 -2.921550e-05 -4.041929e-07 -4.169901e-08 -4.711536e-07 2.439690e-05 -3.857036e-04 -2.343274e-05 -4.108174e-06
 9003.200000 -2.929093e-05 -4.061461e-07 -4.214527e-08 -4.722449e-07 2.373161e-05 -3.918367e-04 -2.084491e-05 -5.296772e-06
 9003.400000 -2.927612e-05 -4.065390e-07 -4.236173e-08 -4.721281e-07 2.557542e-05 -3.930221e-04 -2.306750e-05 -3.180608e-06
 9003.600000 -2.926407e-05 -4.072760e-07 -4.257789e-08 -4.719487e-07 2.338791e-05 -4.037184e-04 -2.875960e-05 -1.203875e-05
 9003.800000 -2.930653e-05 -4.052832e-07 -4.285524e-08 -4.732192e-07 3.036120e-05 -3.955116e-04 -2.516313e-05 -9.991990e-06
 9004.000000 -2.931414e-05 -4.063914e-07 -4.330730e-08 -4.731100e-07 2.583517e-05 -4.010647e-04 -2.579819e-05 -1.452123e-05
 9004.200000 -2.929274e-05 -4.045924e-07 -4.362116e-08 -4.734422e-07 2.451003e-05 -4.062326e-04 -3.316007e-05 -1.828575e-05
 9004.400000 -2.928046e-05 -4.052603e-07 -4.447927e-08 -4.736625e-07 2.646441e-05 -3.978774e-04 -2.821312e-05 -1.294856e-05
 9004.600000 -2.925917e-05 -4.052214e-07 -4.481998e-08 -4.737378e-07 1.814490e-05 -3.938897e-04 -2.754165e-05 -6.436580e-06
 9004.800000 -2.926921e-05 -4.046820e-07 -4.517851e-08 -4.742925e-07 2.250693e-05 -3.825282e-04 -2.749653e-05 -1.135530e-05
 9005.000000 -2.922994e-05 -4.067162e-07 -4.581564e-08 -4.735734e-07 1.998292e-05 -3.563267e-04 -3.117332e-05 -1.562600e-05
 9005.200000 -2.924092e-05 -4.042338e-07 -4.586007e-08 -4.740549e-07 2.853339e-05 -3.577085e-04 -3.728845e-05 -1.869271e-05
 9005.400000 -2.925205e-05 -4.062074e-07 -4.650073e-08 -4.741901e-07 2.058184e-05 -3.568051e-04 -2.449720e-05 -1.631240e-05
 9005.600000 -2.926311e-05 -4.043696e-07 -4.695825e-08 -4.750274e-07 1.375348e-05 -3.600751e-04 -3.580771e-05 -2.027991e-05
 9005.800000 -2.924732e-05 -4.057203e-07 -4.761199e-08 -4.751120e-07 8.677849e-06 -3.827909e-04 -3.128049e-05 -1.458539e-05
 9006.000000 -2.921848e-05 -4.063543e-07 -4.830398e-08 -4.749290e-07 2.797152e-05 -3.709684e-04 -2.557517e-05 -2.693859e-06
 9006.200000 -2.912742e-05 -4.075124e-07 -4.898730e-08 -4.734589e-07 1.935313e-05 -3.737781e-04 -3.387493e-05 -1.154259e-05
 9006.400000 -2.908907e-05 -4.088978e-07 -4.963255e-08 -4.728168e-07 1.850036e-05 -3.558895e-04 -2.914895e-05 -1.070565e-05
 9006.600000 -2.914038e-05 -4.065960e-07 -4.947444e-08 -4.740022e-07 2.275479e-05 -3.632230e-04 -2.790299e-05 -1.062366e-05
 9006.800000 -2.916107e-05 -4.074721e-07 -4.970518e-08 -4.744731e-07 1.522270e-05 -3.782130e-04 -3.359770e-05 -2.323630e-05
 9007.000000 -2.915741e-05 -4.064970e-07 -5.014914e-08 -4.748000e-07 1.438260e-05 -3.692455e-04 -2.741302e-05 -2.242947e-05
 9007.200000 -2.918916e-05 -4.057778e-07 -5.048643e-08 -4.759639e-07 2.020528e-05 -3.861715e-04 -2.241782e-05 -1.815292e-05
 9007.400000 -2.917908e-05 -4.069947e-07 -5.116471e-08 -4.760468e-07 1.289711e-05 -4.125108e-04 -2.670194e-05 -1.542282e-05
 9007.600000 -2.916817e-05 -4.072053e-07 -5.143901e-08 -4.761618e-07 6.862759e-06 -3.842298e-04 -2.069411e-05 -1.493929e-05
 9007.800000 -2.912314e-05 -4.076146e-07 -5.185297e-08 -4.754993e-07 1.018622e-05 -3.961268e-04 -1.829826e-05 -2.851093e-05
 9008.000000 -2.905789e-05 -4.107149e-07 -5.236224e-08 -4.745058e-07 1.493448e-05 -3.855551e-04 -2.077970e-05 -2.382300e-05
 9008.200000 -2.897045e-05 -4.119053e-07 -5.276013e-08 -4.733786e-07 1.681228e-05 -3.861553e-04 -1.404673e-05 -1.680201e-05
 9008.400000 -2.902112e-05 -4.107227e-07 -5.277814e-08 -4.748322e-07 1.436194e-05 -3.821356e-04 -1.302635e-05 -1.621907e-05
 9008.600000 -2.904647e-05 -4.099119e-07 -5.288242e-08 -4.757005e-07 1.539747e-05 -3.844364e-04 -1.512222e-05 -1.066642e-05
 9008.800000 -2.908481e-05 -4.077162e-07 -5.286057e-08 -4.771454e-07 2.072851e-05 -3.844542e-04 -1.461374e-05 -4.926074e-06
 9009.000000 -2.910412e-05 -4.071090e-07 -5.324855e-08 -4.776139e-07 2.599921e-05 -3.812621e-04 -2.652360e-05 -7.907733e-06
 9009.227860 -2.912498e-05 -4.065595e-07 -5.374636e-08 -4.783717e-07 2.807778e-05 -3.726077e-04 -2.622941e-05 -1.247103e-05
 9009.483581 -2.912276e-05 -4.073777e-07 -5.412152e-08 -4.788217e-07 3.217239e-05 -3.727124e-04 -1.618402e-05 -8.168593e-06
 9009.767162 -2.911320e-05 -4.062350e-07 -5.410850e-08 -4.789559e-07 3.017361e-05 -3.847193e-04 -2.266115e-05 -3.595693e-06
 9010.078604 -2.909010e-05 -4.059883e-07 -5.425413e-08 -4.788140e-07 3.253067e-05 -3.778662e-04 -2.464120e-05 -5.646767e-06
 9010.417905 -2.903594e-05 -4.051363e-07 -5.452085e-08 -4.779068e-07 2.842460e-05 -3.645842e-04 -2.027907e-05 -3.461484e-06
 9010.785067 -2.899602e-05 -4.030569e-07 -5.439141e-08 -4.776703e-07 2.989520e-05 -3.621167e-04 -1.819744e-05 4.022024e-06
 9011.180090 -2.887986e-05 -4.024323e-07 -5.439155e-08 -4.759571e-07 2.724451e-05 -3.662757e-04 -2.137994e-05 2.448400e-06
 9011.602973 -2.872204e-05 -4.034475e-07 -5.413892e-08 -4.729704e-07 3.057168e-05 -3.448313e-04 -2.661191e-05 -8.591870e-06
 9012.053716 -2.877023e-05 -4.025637e-07 -5.369261e-08 -4.737806e-07 3.404543e-05 -3.637623e-04 -3.640201e-05 -4.533255e-06
 9012.532319 -2.879828e-05 -4.041628e-07 -5.384815e-08 -4.739840e-07 4.112103e-05 -3.851590e-04 -2.982937e-05 -6.628116e-06
 9013.038783 -2.886216e-05 -4.040994e-07 -5.338796e-08 -4.750567e-07 3.840396e-05 -3.824987e-04 -2.109957e-05 -3.006462e-06
 9013.573107 -2.893687e-05 -4.029166e-07 -5.264719e-08 -4.765011e-07 2.753514e-05 -3.740376e-04 -2.675737e-05 -7.953566e-06
 9014.135292 -2.902921e-05 -4.031708e-07 -5.245370e-08 -4.783610e-07 2.470873e-05 -3.738403e-04 -2.867714e-05 -1.352793e-05
 9014.725337 -2.907727e-05 -4.054945e-07 -5.242614e-08 -4.785858e-07 2.564585e-05 -3.825616e-04 -2.352986e-05 -2.075711e-05
 9015.343242 -2.907531e-05 -4.063438e-07 -5.175653e-08 -4.777393e-07 1.723386e-05 -3.650073e-04 -3.049148e-05 9.721955e-07
 9015.989008 -2.902699e-05 -4.065366e-07 -5.089016e-08 -4.761378e-07 1.842789e-05 -3.601651e-04 -3.024230e-05 1.048863e-05
 9016.662634 -2.905975e-05 -4.051545e-07 -4.980180e-08 -4.756670e-07 2.661351e-05 -3.496155e-04 -2.379883e-05 1.641287e-05
 9017.364120 -2.905690e-05 -4.036054e-07 -4.845580e-08 -4.746766e-07 1.822979e-05 -3.621256e-04 -2.726482e-05 8.894649e-06
 9018.093467 -2.906098e-05 -4.029661e-07 -4.720060e-08 -4.733899e-07 1.642362e-05 -3.831906e-04 -2.154511e-05 5.693722e-06
 9018.850674 -2.902837e-05 -4.036496e-07 -4.669428e-08 -4.715915e-07 2.333871e-05 -3.893652e-04 -2.482135e-05 -9.662698e-07
 9019.635741 -2.902298e-05 -4.034633e-07 -4.547176e-08 -4.707411e-07 2.166443e-05 -3.884442e-04 -2.855437e-05 -1.952201e-06
 9020.448669 -2.896809e-05 -4.038384e-07 -4.467799e-08 -4.689004e-07 2.579513e-05 -3.900451e-04 -2.878418e-05 -1.271180e-05
 9021.289457 -2.895962e-05 -4.034090e-07 -4.363926e-08 -4.682695e-07 1.563537e-05 -3.867013e-04 -2.654370e-05 -3.179230e-05
 9022.158106 -2.886637e-05 -4.044064e-07 -4.267708e-08 -4.655976e-07 2.166320e-05 -3.854791e-04 -3.190849e-05 -3.853455e-05
 9023.054614 -2.887282e-05 -4.037690e-07 -4.175902e-08 -4.654905e-07 2.751786e-05 -3.890541e-04 -1.999428e-05 -3.764896e-05
 9023.978983 -2.890501e-05 -4.031274e-07 -4.126164e-08 -4.659720e-07 2.584969e-05 -3.791498e-04 -2.586923e-05 -3.858036e-05
 9024.931213 -2.876728e-05 -4.063769e-07 -4.148771e-08 -4.630396e-07 2.719474e-05 -3.577117e-04 -2.647713e-05 -4.713709e-05
 9025.911303 -2.880890e-05 -4.053192e-07 -4.175861e-08 -4.639474e-07 1.770144e-05 -3.538984e-04 -2.598669e-05 -4.314399e-05
 9026.919253 -2.888017e-05 -4.030889e-07 -4.245337e-08 -4.655750e-07 2.318537e-05 -3.613187e-04 -2.760078e-05 -3.103805e-05
 9027.955064 -2.885646e-05 -4.023846e-07 -4.311618e-08 -4.656162e-07 2.360139e-05 -3.611021e-04 -3.043638e-05 -2.562898e-05
 9029.018734 -2.882133e-05 -4.021902e-07 -4.482600e-08 -4.652060e-07 2.614399e-05 -3.486958e-04 -3.185742e-05 -3.308867e-05
 9030.110266 -2.877254e-05 -4.023881e-07 -4.615541e-08 -4.649445e-07 2.769364e-05 -3.653058e-04 -3.053405e-05 -3.017910e-05
 9031.232723 -2.876312e-05 -4.019900e-07 -4.733413e-08 -4.656583e-07 2.185489e-05 -3.725785e-04 -2.686811e-05 -3.359644e-05
 9032.367373 -2.873571e-05 -4.020418e-07 -4.891639e-08 -4.662876e-07 1.047242e-05 -3.525682e-04 -1.961473e-05 -2.205286e-05
 9033.514214 -2.873501e-05 -4.015805e-07 -4.943848e-08 -4.677780e-07 7.152054e-06 -3.473454e-04 -1.900326e-05 -2.353872e-05
 9034.673248 -2.870425e-05 -4.010592e-07 -4.985726e-08 -4.685532e-07 1.190190e-05 -3.484091e-04 -1.804166e-05 -2.875343e-05
 9035.844473 -2.868320e-05 -4.007297e-07 -5.024172e-08 -4.696370e-07 2.090236e-05 -3.450366e-04 -1.679787e-05 -3.446957e-05
 9037.027890 -2.865651e-05 -4.004773e-07 -4.995482e-08 -4.709637e-07 2.918307e-05 -3.507954e-04 -1.844077e-05 -2.742906e-05
 9038.223499 -2.862915e-05 -4.000028e-07 -4.937340e-08 -4.720040e-07 2.953801e-05 -3.334544e-04 -1.816474e-05 -2.113426e-05
 9039.431300 -2.860448e-05 -4.002718e-07 -4.893526e-08 -4.733943e-07 2.988353e-05 -3.258150e-04 -2.197415e-05 -1.610286e-05
 9040.651293 -2.849606e-05 -4.028327e-07 -4.887327e-08 -4.730295e-07 2.751914e-05 -3.261560e-04 -2.074566e-05 -1.940370e-05
 9041.883478 -2.847061e-05 -4.025364e-07 -4.858323e-08 -4.743538e-07 2.326964e-05 -3.470042e-04 -1.938539e-05 -2.766536e-05
 9043.127855 -2.850455e-05 -3.999769e-07 -4.821895e-08 -4.770309e-07 1.382527e-05 -3.715284e-04 -1.162782e-05 -3.627634e-05
 9044.384423 -2.850221e-05 -3.990422e-07 -4.833545e-08 -4.786762e-07 7.283787e-06 -3.753382e-04 -1.835901e-05 -4.065357e-05
 9045.653184 -2.847663e-05 -3.987800e-07 -4.852170e-08 -4.792421e-07 1.753516e-05 -3.786197e-04 -2.281152e-05 -4.082242e-05
 9046.934136 -2.844237e-05 -3.992508e-07 -4.859348e-08 -4.795094e-07 1.519819e-05 -3.774108e-04 -2.600923e-05 -2.842834e-05
 9048.227280 -2.841581e-05 -3.991025e-07 -4.776025e-08 -4.796372e-07 1.639152e-05 -3.732138e-04 -1.870983e-05 -2.751077e-05
 9049.532617 -2.841208e-05 -3.989428e-07 -4.704369e-08 -4.796473e-07 1.797621e-05 -3.867310e-04 -1.674853e-05 -2.438123e-05
 9050.850145 -2.838969e-05 -3.991078e-07 -4.713536e-08 -4.791558e-07 1.543017e-05 -3.793896e-04 -1.682889e-05 -2.844896e-05
 9052.179865 -2.834994e-05 -4.000198e-07 -4.728428e-08 -4.785577e-07 1.913729e-05 -3.815932e-04 -1.297371e-05 -2.789161e-05
 9053.521777 -2.828651e-05 -4.015186e-07 -4.715450e-08 -4.778523e-07 1.217825e-05 -3.561555e-04 -2.759771e-05 -3.365565e-05
 9054.875881 -2.830335e-05 -4.000005e-07 -4.658173e-08 -4.788151e-07 1.395020e-05 -3.643857e-04 -2.916656e-05 -3.239382e-05
 9056.242177 -2.832236e-05 -3.992374e-07 -4.641519e-08 -4.795890e-07 1.818755e-05 -3.671306e-04 -3.403290e-05 -4.586814e-05
 9057.620664 -2.830598e-05 -3.990856e-07 -4.597444e-08 -4.797011e-07 2.534792e-05 -3.494307e-04 -2.507000e-05 -3.779374e-05
 9059.011344 -2.816190e-05 -3.977252e-07 -4.501565e-08 -4.779319e-07 2.586119e-05 -3.538463e-04 -1.641577e-05 -3.424840e-05
 9060.414215 -2.802385e-05 -3.976178e-07 -4.423816e-08 -4.760002e-07 2.904255e-05 -3.837448e-04 -6.778602e-06 -3.148204e-05
 9061.829279 -2.812044e-05 -3.991828e-07 -4.407009e-08 -4.776448e-07 2.936294e-05 -3.782753e-04 -5.092649e-06 -2.225382e-05
 9063.256534 -2.815285e-05 -3.996640e-07 -4.390899e-08 -4.786384e-07 2.367572e-05 -3.716247e-04 -1.503934e-05 -1.867686e-05
 9064.695981 -2.815423e-05 -4.001853e-07 -4.362845e-08 -4.793068e-07 2.581558e-05 -3.651754e-04 -3.258682e-05 -2.560291e-05
 9066.147620 -2.817365e-05 -3.998212e-07 -4.279931e-08 -4.803269e-07 3.641008e-05 -3.593392e-04 -3.735215e-05 -3.350563e-05
 9067.611452 -2.811524e-05 -4.014400e-07 -4.248127e-08 -4.796923e-07 3.864178e-05 -3.462768e-04 -2.566164e-05 -2.726927e-05
 9069.087475 -2.809834e-05 -4.015790e-07 -4.186901e-08 -4.800485e-07 4.089788e-05 -3.512327e-04 -2.125315e-05 -3.038100e-05
 9070.575689 -2.809894e-05 -3.996303e-07 -4.111686e-08 -4.808753e-07 2.902535e-05 -3.447612e-04 -2.172555e-05 -2.543580e-05
 9072.076096 -2.805587e-05 -4.000073e-07 -4.109627e-08 -4.807004e-07 2.931033e-05 -3.500230e-04 -1.868462e-05 -9.499450e-06
 9073.588695 -2.806077e-05 -3.987283e-07 -4.133988e-08 -4.817303e-07 2.056449e-05 -3.297050e-04 -2.021051e-05 -2.091635e-05
 9075.113485 -2.804806e-05 -3.979177e-07 -4.217783e-08 -4.820356e-07 2.853608e-05 -3.232260e-04 -7.300296e-06 -1.337523e-05
 9076.650468 -2.801019e-05 -3.985128e-07 -4.311263e-08 -4.815811e-07 3.267433e-05 -3.253164e-04 -1.628209e-05 -1.693946e-05
 9078.199642 -2.795717e-05 -3.989134e-07 -4.419940e-08 -4.811311e-07 3.470376e-05 -3.296660e-04 -6.298174e-06 -2.520995e-05
 9079.761009 -2.790981e-05 -3.997969e-07 -4.516827e-08 -4.807883e-07 4.458155e-05 -3.151056e-04 -9.534345e-06 -1.732445e-05
 9081.334567 -2.789691e-05 -3.982913e-07 -4.614971e-08 -4.810824e-07 4.143471e-05 -2.998564e-04 -1.486279e-05 -2.242664e-05
 9082.920317 -2.783005e-05 -3.971464e-07 -4.711974e-08 -4.803331e-07 3.766221e-05 -2.989784e-04 -4.085386e-06 -1.023256e-05
 9084.518259 -2.771930e-05 -3.998785e-07 -4.838920e-08 -4.777458e-07 4.043225e-05 -3.048982e-04 -5.118835e-06 -1.290103e-05
 9086.128393 -2.767575e-05 -4.021435e-07 -4.908988e-08 -4.772392e-07 4.826142e-05 -3.146511e-04 -2.045825e-05 -2.002890e-05
 9087.750719 -2.774246e-05 -3.982354e-07 -4.859558e-08 -4.795774e-07 4.522360e-05 -3.164174e-04 -2.612585e-05 -1.978938e-05
 9089.385237 -2.779311e-05 -3.969688e-07 -4.891358e-08 -4.805740e-07 4.731336e-05 -3.100211e-04 -3.544803e-05 -2.445752e-05
 9091.031946 -2.780912e-05 -3.970381e-07 -4.971161e-08 -4.809744e-07 5.249855e-05 -2.945008e-04 -3.499652e-05 -1.925658e-05
 9092.690848 -2.778721e-05 -3.961302e-07 -5.077897e-08 -4.807092e-07 5.162551e-05 -3.044813e-04 -3.718317e-05 -2.436625e-05
 9094.361942 -2.778547e-05 -3.968550e-07 -5.200167e-08 -4.803918e-07 4.069513e-05 -2.772076e-04 -2.520842e-05 -1.712540e-05
 9096.045227 -2.775401e-05 -3.955225e-07 -5.247474e-08 -4.797671e-07 3.639263e-05 -2.904420e-04 -4.198309e-05 -2.239810e-05
 9097.740704 -2.773516e-05 -3.970187e-07 -5.294636e-08 -4.791568e-07 3.716192e-05 -2.835631e-04 -2.783207e-05 -1.980324e-05
 9099.448374 -2.770706e-05 -3.965458e-07 -5.268218e-08 -4.787347e-07 4.313736e-05 -3.049372e-04 -2.663985e-05 -2.285177e-05
 9101.168235 -2.768510e-05 -3.957040e-07 -5.202666e-08 -4.786232e-07 3.918394e-05 -3.091880e-04 -3.304212e-05 -2.703164e-05
 9102.900288 -2.766375e-05 -3.959531e-07 -5.128878e-08 -4.785418e-07 3.978611e-05 -3.201077e-04 -2.158229e-05 -2.423108e-05
 9104.644533 -2.766387e-05 -3.947414e-07 -5.035311e-08 -4.790594e-07 4.694939e-05 -3.302536e-04 -2.728063e-05 -2.236145e-05
 9106.400970 -2.764809e-05 -3.946300e-07 -4.943324e-08 -4.796406e-07 4.103882e-05 -3.279624e-04 -1.912023e-05 -1.259875e-05
 9108.169598 -2.763691e-05 -3.943821e-07 -4.843132e-08 -4.802699e-07 4.186724e-05 -3.278453e-04 -3.144735e-05 -1.195225e-05
 9109.950419 -2.759479e-05 -3.940618e-07 -4.761244e-08 -4.804889e-07 3.395671e-05 -3.181469e-04 -3.735836e-05 -2.395207e-05
 9111.743432 -2.755836e-05 -3.945208e-07 -4.698926e-08 -4.806296e-07 3.617894e-05 -3.137091e-04 -3.630607e-05 -1.626266e-05
 9113.548636 -2.753290e-05 -3.944600e-07 -4.687390e-08 -4.814281e-07 3.355757e-05 -3.284786e-04 -2.972483e-05 -1.073252e-05
 9115.366032 -2.752995e-05 -3.949331e-07 -4.715620e-08 -4.824611e-07 2.948881e-05 -3.237433e-04 -3.499408e-05 1.378472e-05
 9117.195621 -2.753414e-05 -3.950802e-07 -4.727180e-08 -4.834186e-07 2.472449e-05 -3.005849e-04 -3.114927e-05 1.693476e-05
 9119.037401 -2.748823e-05 -3.955414e-07 -4.701464e-08 -4.831385e-07 1.942153e-05 -3.268963e-04 -3.073787e-05 1.571591e-05
 9120.891373 -2.748482e-05 -3.952810e-07 -4.610516e-08 -4.839215e-07 1.337478e-05 -3.267692e-04 -2.222564e-05 2.044784e-05
 9122.757537 -2.734489e-05 -3.998479e-07 -4.549154e-08 -4.814555e-07 2.156333e-05 -3.227528e-04 -3.279744e-05 1.953935e-05
 9124.635893 -2.732559e-05 -3.997964e-07 -4.429699e-08 -4.815706e-07 2.140394e-05 -3.210203e-04 -2.654783e-05 2.551119e-05
 9126.526441 -2.743072e-05 -3.953206e-07 -4.244995e-08 -4.853671e-07 3.053233e-05 -3.184861e-04 -2.864710e-05 2.783106e-05
 9128.429181 -2.741650e-05 -3.929628e-07 -4.129760e-08 -4.860616e-07 2.817005e-05 -3.444871e-04 -2.461204e-05 2.889200e-05
 9130.344112 -2.733126e-05 -3.911720e-07 -4.046650e-08 -4.856107e-07 2.760288e-05 -3.553132e-04 -2.915065e-05 2.308506e-05
 9132.271236 -2.739385e-05 -3.925803e-07 -4.055678e-08 -4.873004e-07 2.607969e-05 -3.342367e-04 -3.336444e-05 2.426736e-05
 9134.210552 -2.740771e-05 -3.921766e-07 -4.074723e-08 -4.885203e-07 1.700222e-05 -3.363768e-04 -2.777047e-05 2.118959e-05
 9136.162059 -2.738609e-05 -3.928521e-07 -4.122960e-08 -4.889744e-07 1.694232e-05 -3.575774e-04 -2.484989e-05 2.003241e-05
 9138.125758 -2.734483e-05 -3.924172e-07 -4.195336e-08 -4.890080e-07 1.438617e-05 -3.482451e-04 -1.823613e-05 2.743925e-05
 9140.101649 -2.737789e-05 -3.927255e-07 -4.290998e-08 -4.904959e-07 1.897814e-05 -3.566029e-04 -2.422373e-05 2.792736e-05
 9142.089733 -2.739257e-05 -3.942550e-07 -4.403867e-08 -4.915173e-07 1.991833e-05 -3.442807e-04 -1.803231e-05 2.193758e-05
 9144.090008 -2.737726e-05 -3.940603e-07 -4.530793e-08 -4.919377e-07 2.279213e-05 -3.627522e-04 -1.951634e-05 1.391108e-05
 9146.102475 -2.733922e-05 -3.945608e-07 -4.666497e-08 -4.919283e-07 1.588979e-05 -3.695263e-04 -2.677506e-05 1.826111e-05
 9148.127133 -2.735578e-05 -3.933281e-07 -4.808524e-08 -4.929894e-07 1.296894e-05 -3.793325e-04 -2.723079e-05 2.977905e-05
 9150.163984 -2.735588e-05 -3.933793e-07 -4.996134e-08 -4.934582e-07 5.444757e-06 -3.911896e-04 -3.468414e-05 3.001645e-05
 9152.213027 -2.732207e-05 -3.932548e-07 -5.175916e-08 -4.933797e-07 1.554113e-05 -3.881496e-04 -2.682537e-05 2.800091e-05
 9154.274261 -2.708343e-05 -3.903294e-07 -5.322630e-08 -4.900023e-07 1.502714e-05 -3.870736e-04 -2.562885e-05 1.758542e-05
 9156.347688 -2.693178e-05 -3.877615e-07 -5.389706e-08 -4.880271e-07 1.119441e-05 -3.716366e-04 -2.766518e-05 1.249229e-05
 9158.433306 -2.736020e-05 -3.947226e-07 -5.533337e-08 -4.961829e-07 1.059544e-05 -3.777115e-04 -2.459833e-05 1.810952e-05
 9160.531117 -2.736378e-05 -3.960276e-07 -5.537967e-08 -4.965272e-07 1.797228e-05 -3.672587e-04 -2.029660e-05 1.493014e-05
 9162.641119 -2.736772e-05 -3.945592e-07 -5.425977e-08 -4.971468e-07 2.357339e-05 -3.535343e-04 -2.057528e-05 1.754771e-05
 9164.763313 -2.734513e-05 -3.952178e-07 -5.333409e-08 -4.977286e-07 1.641393e-05 -3.746793e-04 -1.812344e-05 7.058218e-06
 9166.897699 -2.727685e-05 -3.960129e-07 -5.193113e-08 -4.970990e-07 2.226465e-05 -3.543300e-04 -2.641586e-05 1.601080e-05
 9169.044277 -2.703387e-05 -3.916870e-07 -5.003820e-08 -4.938465e-07 3.601489e-05 -3.231174e-04 -2.663423e-05 1.504198e-05
 9171.203047 -2.699830e-05 -3.950375e-07 -4.923649e-08 -4.932120e-07 2.531846e-05 -3.307111e-04 -2.312649e-05 1.496050e-05
 9173.374008 -2.720636e-05 -3.970056e-07 -4.873295e-08 -4.979861e-07 2.436838e-05 -3.492068e-04 -1.456381e-05 2.096367e-05
 9175.557162 -2.730319e-05 -3.967979e-07 -4.848279e-08 -5.006750e-07 1.954414e-05 -3.448801e-04 -2.069678e-05 2.806330e-05
 9177.752508 -2.734148e-05 -3.938406e-07 -4.828835e-08 -5.022544e-07 2.446747e-05 -3.565468e-04 -2.043489e-05 2.668728e-05
 9179.960045 -2.734659e-05 -3.957403e-07 -4.872510e-08 -5.032509e-07 2.759317e-05 -3.649090e-04 -2.475863e-05 1.771513e-05
 9182.179775 -2.734453e-05 -3.949906e-07 -4.873267e-08 -5.039208e-07 3.588627e-05 -3.645706e-04 -2.068000e-05 2.029399e-05
 9184.411696 -2.733691e-05 -3.947367e-07 -4.854527e-08 -5.042444e-07 3.899768e-05 -3.444204e-04 -2.280826e-05 1.716126e-05
 9186.655809 -2.732907e-05 -3.955828e-07 -4.858155e-08 -5.049950e-07 3.143969e-05 -3.762168e-04 -2.373845e-05 1.263019e-05
 9188.912114 -2.733623e-05 -3.949879e-07 -4.885647e-08 -5.059946e-07 3.788269e-05 -3.774153e-04 -3.727704e-05 1.928220e-05
 9191.180611 -2.731411e-05 -3.962217e-07 -4.932558e-08 -5.058501e-07 4.163609e-05 -3.701048e-04 -2.497487e-05 1.976450e-05
 9193.461300 -2.734901e-05 -3.968496e-07 -4.981972e-08 -5.071763e-07 3.626377e-05 -3.723893e-04 -2.168024e-05 2.425441e-05
 9195.754181 -2.732575e-05 -3.981714e-07 -5.015118e-08 -5.073357e-07 2.786943e-05 -3.655622e-04 -2.330630e-05 3.159937e-05
 9198.059254 -2.737301e-05 -3.964667e-07 -4.976484e-08 -5.091930e-07 1.765222e-05 -3.598015e-04 -3.163153e-05 2.706950e-05
 9200.376518 -2.739919e-05 -3.973065e-07 -4.916689e-08 -5.105143e-07 2.093322e-05 -3.607646e-04 -2.739514e-05 3.593983e-05
 9202.705975 -2.737098e-05 -4.005374e-07 -4.868812e-08 -5.102999e-07 2.791126e-05 -3.375728e-04 -2.455882e-05 4.226820e-05
 9205.047623 -2.732042e-05 -4.018615e-07 -4.811149e-08 -5.095219e-07 1.956126e-05 -3.403801e-04 -3.051753e-05 3.627685e-05
 9207.401464 -2.728729e-05 -4.074507e-07 -4.803724e-08 -5.090160e-07 2.874472e-05 -3.724530e-04 -2.799383e-05 2.757587e-05
 9209.767496 -2.738303e-05 -4.032535e-07 -4.730488e-08 -5.125709e-07 2.714195e-05 -3.660239e-04 -2.633576e-05 2.161198e-05
 9212.145720 -2.746866e-05 -4.017574e-07 -4.704907e-08 -5.154974e-07 2.671774e-05 -3.668874e-04 -2.995277e-05 1.386999e-05
 9214.536136 -2.749317e-05 -4.006527e-07 -4.687977e-08 -5.169729e-07 3.208379e-05 -3.712706e-04 -3.073903e-05 1.690860e-05
 9216.938744 -2.751570e-05 -3.996084e-07 -4.725163e-08 -5.178301e-07 3.547875e-05 -3.802438e-04 -3.138751e-05 1.535025e-05
 9219.353544 -2.753317e-05 -4.013103e-07 -4.820645e-08 -5.186450e-07 3.123119e-05 -3.703196e-04 -2.880815e-05 6.372291e-06
 9221.780536 -2.755277e-05 -4.022756e-07 -4.925856e-08 -5.201368e-07 1.868540e-05 -3.725716e-04 -2.830451e-05 1.082650e-05
 9224.219720 -2.756151e-05 -4.030324e-07 -5.034553e-08 -5.208907e-07 1.824366e-05 -3.707766e-04 -3.386448e-05 1.715667e-05
 9226.671096 -2.758319e-05 -4.045979e-07 -5.148512e-08 -5.219303e-07 2.281626e-05 -3.696082e-04 -2.841641e-05 1.115344e-05
 9229.134663 -2.761645e-05 -4.044672e-07 -5.262666e-08 -5.229716e-07 1.989782e-05 -3.809301e-04 -2.075169e-05 1.169174e-05
 9231.610423 -2.766746e-05 -4.026578e-07 -5.341016e-08 -5.253333e-07 2.824986e-05 -3.670954e-04 -1.864199e-05 5.825987e-06
 9234.098374 -2.767603e-05 -4.051878e-07 -5.485290e-08 -5.261067e-07 2.398492e-05 -3.666862e-04 -2.530999e-05 5.242309e-06
 9236.598517 -2.770449e-05 -4.063954e-07 -5.574277e-08 -5.275406e-07 2.675480e-05 -3.751106e-04 -2.997395e-05 -3.173325e-06
 9239.110852 -2.777902e-05 -4.054517e-07 -5.590210e-08 -5.301708e-07 3.028031e-05 -3.827632e-04 -3.764792e-05 -7.819345e-07
 9241.635380 -2.783555e-05 -4.053713e-07 -5.568432e-08 -5.321940e-07 2.778839e-05 -3.608569e-04 -4.665695e-05 7.224570e-06
 9244.172099 -2.784038e-05 -4.058376e-07 -5.541666e-08 -5.332715e-07 2.323539e-05 -3.501181e-04 -3.158603e-05 5.594923e-06
 9246.721009 -2.783817e-05 -4.064002e-07 -5.537575e-08 -5.342892e-07 2.824069e-05 -3.511867e-04 -3.007812e-05 3.161750e-06
 9249.282112 -2.782652e-05 -4.073806e-07 -5.561066e-08 -5.351564e-07 3.544466e-05 -3.600702e-04 -1.808660e-05 2.549094e-06
 9251.855407 -2.788503e-05 -4.063900e-07 -5.545130e-08 -5.375344e-07 4.124441e-05 -3.937579e-04 -1.380556e-05 9.411494e-06
 9254.440894 -2.791909e-05 -4.074907e-07 -5.543577e-08 -5.390629e-07 4.899861e-05 -3.948338e-04 -1.875173e-05 6.009031e-06
 9257.038572 -2.793035e-05 -4.108622e-07 -5.544057e-08 -5.399328e-07 4.185364e-05 -3.675934e-04 -2.561742e-05 2.315644e-06
 9259.648443 -2.796911e-05 -4.102779e-07 -5.532083e-08 -5.417332e-07 3.282163e-05 -3.663563e-04 -3.530592e-05 1.143606e-06
 9262.270505 -2.801600e-05 -4.100369e-07 -5.517116e-08 -5.436833e-07 3.082278e-05 -3.749507e-04 -3.551115e-05 1.261850e-05
 9264.904759 -2.804552e-05 -4.102063e-07 -5.515172e-08 -5.452878e-07 3.183639e-05 -3.897547e-04 -2.984640e-05 7.945582e-06
 9267.551205 -2.804496e-05 -4.109550e-07 -5.504157e-08 -5.460759e-07 3.274422e-05 -3.972119e-04 -1.980098e-05 9.770036e-06
 9270.209844 -2.809461e-05 -4.116729e-07 -5.476328e-08 -5.480357e-07 3.041333e-05 -3.689586e-04 -2.116784e-05 6.225975e-06
 9272.880674 -2.813517e-05 -4.123857e-07 -5.475699e-08 -5.496805e-07 2.863019e-05 -3.749467e-04 -2.663644e-05 1.395040e-05
 9275.563696 -2.818018e-05 -4.136088e-07 -5.493796e-08 -5.512507e-07 3.216784e-05 -3.838643e-04 -2.446151e-05 1.948391e-05
 9278.258909 -2.820972e-05 -4.140874e-07 -5.501154e-08 -5.526908e-07 3.434085e-05 -3.707867e-04 -1.674257e-05 2.539501e-05
 9280.966315 -2.824898e-05 -4.150410e-07 -5.489706e-08 -5.549693e-07 3.161897e-05 -3.638507e-04 -2.366401e-05 2.683906e-05
 9283.685913 -2.829155e-05 -4.149072e-07 -5.445641e-08 -5.571025e-07 3.787413e-05 -3.716018e-04 -2.143314e-05 2.542184e-05
 9286.417702 -2.829870e-05 -4.149067e-07 -5.415556e-08 -5.581636e-07 4.064643e-05 -3.822961e-04 -2.763924e-05 1.127756e-05
 9289.161684 -2.823079e-05 -4.158519e-07 -5.434355e-08 -5.573067e-07 3.737315e-05 -3.789545e-04 -3.221585e-05 7.753034e-06
 9291.917857 -2.829220e-05 -4.205056e-07 -5.487079e-08 -5.593716e-07 3.520768e-05 -3.758639e-04 -1.870465e-05 2.100543e-05
 9294.686222 -2.843359e-05 -4.216258e-07 -5.504143e-08 -5.634287e-07 3.165519e-05 -3.729650e-04 -3.141840e-05 1.986973e-05
 9297.466780 -2.843384e-05 -4.192669e-07 -5.478185e-08 -5.644045e-07 3.243710e-05 -3.657604e-04 -3.326486e-05 1.982925e-05
 9300.259529 -2.832969e-05 -4.190457e-07 -5.496851e-08 -5.629955e-07 4.139148e-05 -3.420809e-04 -4.001141e-05 1.089067e-05
 9303.064470 -2.850390e-05 -4.227921e-07 -5.584644e-08 -5.669580e-07 3.219066e-05 -3.601645e-04 -3.862556e-05 7.155556e-06
 9305.881602 -2.853554e-05 -4.217671e-07 -5.622843e-08 -5.686144e-07 3.340319e-05 -3.517390e-04 -4.641765e-05 -1.629236e-06
 9308.710927 -2.853854e-05 -4.231759e-07 -5.723815e-08 -5.696876e-07 4.445375e-05 -3.688844e-04 -3.791026e-05 4.585008e-06
 9311.552444 -2.854949e-05 -4.270142e-07 -5.822653e-08 -5.705903e-07 4.445183e-05 -3.578414e-04 -3.393318e-05 3.989337e-06
 9314.406153 -2.859722e-05 -4.285753e-07 -5.876684e-08 -5.724250e-07 4.360168e-05 -3.637552e-04 -3.132544e-05 6.707932e-06
 9317.272053 -2.869882e-05 -4.268907e-07 -5.875640e-08 -5.758107e-07 4.309625e-05 -3.652041e-04 -2.975326e-05 2.080616e-05
 9320.150146 -2.873138e-05 -4.277105e-07 -5.933740e-08 -5.774971e-07 3.768016e-05 -3.571685e-04 -3.053799e-05 1.866441e-05
 9323.040430 -2.865482e-05 -4.315892e-07 -6.011132e-08 -5.761115e-07 4.164874e-05 -3.306433e-04 -3.599217e-05 1.015136e-05
 9325.942906 -2.859006e-05 -4.288631e-07 -5.988641e-08 -5.757596e-07 3.836575e-05 -3.035718e-04 -3.443600e-05 2.130539e-05
 9328.857574 -2.881111e-05 -4.312832e-07 -6.011233e-08 -5.813230e-07 3.066255e-05 -3.051760e-04 -3.611035e-05 2.801308e-05
 9331.784435 -2.875780e-05 -4.366654e-07 -6.080245e-08 -5.803627e-07 2.510597e-05 -3.102620e-04 -3.880200e-05 3.808232e-05
 9334.723487 -2.880337e-05 -4.382023e-07 -6.161384e-08 -5.824834e-07 2.465124e-05 -3.211967e-04 -2.792830e-05 2.787612e-05
 9337.674730 -2.900329e-05 -4.355693e-07 -6.211235e-08 -5.878384e-07 3.264792e-05 -3.076376e-04 -2.918926e-05 2.038846e-05
 9340.638166 -2.907905e-05 -4.362946e-07 -6.287266e-08 -5.904613e-07 4.122308e-05 -3.241253e-04 -3.015078e-05 2.448503e-05
 9343.613794 -2.913669e-05 -4.361730e-07 -6.284404e-08 -5.928799e-07 3.494931e-05 -3.173278e-04 -3.083980e-05 1.920253e-05
 9346.601614 -2.915042e-05 -4.386580e-07 -6.334612e-08 -5.937799e-07 2.635893e-05 -3.151346e-04 -3.107549e-05 1.390040e-05
 9349.601625 -2.921709e-05 -4.410389e-07 -6.377661e-08 -5.958673e-07 2.493439e-05 -3.003175e-04 -3.884512e-05 9.569115e-06
 9352.613829 -2.928078e-05 -4.411606e-07 -6.372299e-08 -5.985897e-07 2.537778e-05 -3.032688e-04 -3.727713e-05 1.282874e-05
 9355.638224 -2.931030e-05 -4.442793e-07 -6.409027e-08 -6.002290e-07 2.335116e-05 -3.410305e-04 -4.172090e-05 1.615972e-05
 9358.674811 -2.935204e-05 -4.460251e-07 -6.418160e-08 -6.019935e-07 1.811194e-05 -3.468024e-04 -4.169084e-05 2.027018e-05
 9361.723590 -2.943396e-05 -4.458240e-07 -6.403766e-08 -6.047102e-07 1.437586e-05 -3.340589e-04 -3.599955e-05 1.406575e-05
 9364.784561 -2.949830e-05 -4.467477e-07 -6.422652e-08 -6.071169e-07 1.803966e-05 -3.263575e-04 -2.858546e-05 1.455143e-05
 9367.857724 -2.953567e-05 -4.490085e-07 -6.455051e-08 -6.094962e-07 2.592836e-05 -3.292359e-04 -2.396881e-05 2.280721e-05
 9370.943079 -2.951211e-05 -4.519458e-07 -6.495944e-08 -6.098894e-07 2.823908e-05 -3.104483e-04 -2.795138e-05 1.745354e-05
 9374.040626 -2.957023e-05 -4.551605e-07 -6.528026e-08 -6.114713e-07 2.780426e-05 -3.137116e-04 -2.182683e-05 1.828416e-05
 9377.150365 -2.967832e-05 -4.558371e-07 -6.533407e-08 -6.148121e-07 3.527945e-05 -3.353156e-04 -2.116917e-05 2.197102e-05
 9380.272295 -2.976983e-05 -4.561860e-07 -6.554496e-08 -6.179151e-07 3.104285e-05 -3.316223e-04 -2.855802e-05 2.326056e-05
 9383.406418 -2.978570e-05 -4.582405e-07 -6.597474e-08 -6.190892e-07 2.682036e-05 -2.990871e-04 -2.369090e-05 2.177180e-05
 9386.552732 -2.981607e-05 -4.586029e-07 -6.581996e-08 -6.207684e-07 3.234175e-05 -2.873838e-04 -2.633742e-05 2.187960e-05
 9389.711239 -2.981661e-05 -4.631068e-07 -6.621621e-08 -6.217804e-07 3.438572e-05 -2.921428e-04 -2.452475e-05 1.883304e-05
 9392.881937 -2.979253e-05 -4.700712e-07 -6.723917e-08 -6.214170e-07 3.144073e-05 -2.995262e-04 -3.329602e-05 1.594667e-05
 9396.064827 -2.994099e-05 -4.683611e-07 -6.729191e-08 -6.263659e-07 3.644457e-05 -2.967426e-04 -3.136793e-05 2.788907e-05
 9399.259909 -3.003736e-05 -4.668771e-07 -6.702848e-08 -6.300596e-07 3.097138e-05 -3.003505e-04 -3.628924e-05 3.720452e-05
 9402.467183 -3.005023e-05 -4.699643e-07 -6.739891e-08 -6.314355e-07 2.601639e-05 -2.879293e-04 -3.406473e-05 3.173761e-05
 9405.686649 -3.008347e-05 -4.698298e-07 -6.780966e-08 -6.333381e-07 1.848123e-05 -2.984126e-04 -2.942473e-05 2.834414e-05
 9408.918307 -3.016374e-05 -4.717432e-07 -6.883328e-08 -6.361045e-07 2.686784e-05 -3.046913e-04 -2.726958e-05 1.696753e-05
 9412.162157 -3.018880e-05 -4.725679e-07 -6.946528e-08 -6.378481e-07 2.527830e-05 -3.143003e-04 -2.223211e-05 2.478940e-05
 9415.418198 -3.023328e-05 -4.739330e-07 -6.959301e-08 -6.401397e-07 2.052629e-05 -3.349542e-04 -6.156931e-06 3.135119e-05
 9418.686432 -3.024352e-05 -4.764384e-07 -7.041670e-08 -6.411886e-07 2.219765e-05 -3.313201e-04 -7.534879e-06 3.124875e-05
 9421.966857 -3.019778e-05 -4.752379e-07 -7.090241e-08 -6.416802e-07 1.917863e-05 -3.269928e-04 -1.848911e-05 2.242414e-05
 9425.259474 -3.028263e-05 -4.773798e-07 -7.139659e-08 -6.447021e-07 1.745988e-05 -3.353778e-04 -1.949374e-05 2.107879e-05
 9428.564284 -3.038364e-05 -4.820117e-07 -7.169313e-08 -6.475366e-07 1.860017e-05 -3.164563e-04 -1.980611e-05 2.413252e-05
 9431.881285 -3.039772e-05 -4.838552e-07 -7.227608e-08 -6.487679e-07 1.743201e-05 -3.624385e-04 -2.175155e-05 1.831185e-05
 9435.210478 -3.036375e-05 -4.873582e-07 -7.319793e-08 -6.486571e-07 1.474030e-05 -3.678974e-04 -2.834110e-05 2.048550e-05
 9438.551863 -3.038441e-05 -4.887467e-07 -7.358548e-08 -6.505843e-07 2.195259e-05 -3.717182e-04 -3.813742e-05 2.526686e-05
 9441.905440 -3.040276e-05 -4.926132e-07 -7.420996e-08 -6.519210e-07 2.586450e-05 -3.593939e-04 -4.994141e-05 2.559884e-05
 9445.271209 -3.056682e-05 -4.897594e-07 -7.425413e-08 -6.573054e-07 2.219108e-05 -3.795749e-04 -4.736579e-05 3.136397e-05
 9448.649169 -3.060405e-05 -4.918113e-07 -7.500100e-08 -6.593412e-07 1.427951e-05 -3.811782e-04 -4.126007e-05 3.206485e-05
 9452.039322 -3.056620e-05 -4.958007e-07 -7.586839e-08 -6.592371e-07 5.595204e-06 -3.742817e-04 -4.500515e-05 3.411513e-05
 9455.441666 -3.057592e-05 -4.976657e-07 -7.648147e-08 -6.605347e-07 5.552652e-06 -3.882714e-04 -3.127792e-05 4.023444e-05
 9458.856203 -3.066653e-05 -4.970521e-07 -7.643954e-08 -6.644304e-07 9.940610e-06 -3.692705e-04 -3.220352e-05 3.699770e-05
 9462.282931 -3.072669e-05 -4.992534e-07 -7.681938e-08 -6.669163e-07 1.597205e-05 -3.569658e-04 -2.399694e-05 3.526959e-05
 9465.721851 -3.073601e-05 -5.013816e-07 -7.734484e-08 -6.682264e-07 1.737150e-05 -3.615757e-04 -1.984617e-05 3.166424e-05
 9469.172964 -3.077166e-05 -5.025190e-07 -7.780138e-08 -6.701504e-07 1.725421e-05 -3.664335e-04 -2.450247e-05 2.439550e-05
 9472.636268 -3.069914e-05 -5.067408e-07 -7.832231e-08 -6.691176e-07 1.055440e-05 -3.842252e-04 -2.365607e-05 2.658778e-05
 9476.111764 -3.064469e-05 -5.123909e-07 -7.925842e-08 -6.684889e-07 2.012179e-05 -3.864925e-04 -1.510263e-05 3.043595e-05
 9479.599451 -3.077083e-05 -5.123547e-07 -7.967298e-08 -6.728081e-07 1.837322e-05 -3.755743e-04 -2.246462e-05 2.179565e-05
 9483.099331 -3.079765e-05 -5.140311e-07 -7.989431e-08 -6.750153e-07 1.798226e-05 -3.494897e-04 -2.201977e-05 2.831159e-05
 9486.611403 -3.075624e-05 -5.181491e-07 -8.015647e-08 -6.750385e-07 2.381547e-05 -3.555473e-04 -2.029132e-05 3.060556e-05
 9490.135666 -3.090626e-05 -5.173066e-07 -8.017788e-08 -6.800802e-07 2.075715e-05 -3.645791e-04 -2.242151e-05 2.659330e-05
 9493.672122 -3.101285e-05 -5.176958e-07 -8.056764e-08 -6.841833e-07 2.444083e-05 -3.530227e-04 -2.696357e-05 6.589071e-06
 9497.220769 -3.102909e-05 -5.188269e-07 -8.044651e-08 -6.861946e-07 2.217084e-05 -3.532461e-04 -2.979049e-05 1.181046e-05
 9500.781609 -3.090664e-05 -5.208963e-07 -8.055783e-08 -6.846120e-07 2.312998e-05 -3.651280e-04 -2.692603e-05 1.551372e-05
 9504.354640 -3.092304e-05 -5.202818e-07 -8.083033e-08 -6.872540e-07 2.700339e-05 -4.056675e-04 -1.842904e-05 3.147988e-05
 9507.939863 -3.114925e-05 -5.241372e-07 -8.152503e-08 -6.934120e-07 2.679497e-05 -4.123775e-04 -9.315472e-06 3.860415e-05
 9511.537278 -3.114676e-05 -5.261786e-07 -8.182325e-08 -6.940127e-07 2.509383e-05 -3.758666e-04 -9.669630e-06 2.940006e-05
 9515.146885 -3.120041e-05 -5.284664e-07 -8.238978e-08 -6.962465e-07 2.986989e-05 -3.863864e-04 -1.371045e-05 2.256060e-05
 9518.768684 -3.123726e-05 -5.313987e-07 -8.337780e-08 -6.981349e-07 2.679165e-05 -4.156860e-04 -1.722388e-05 3.185207e-05
 9522.402675 -3.125917e-05 -5.316287e-07 -8.392955e-08 -6.997657e-07 3.363436e-05 -4.169901e-04 -1.565970e-05 3.067066e-05
 9526.048857 -3.125339e-05 -5.340272e-07 -8.448868e-08 -7.004442e-07 3.132515e-05 -4.083490e-04 -2.443294e-05 2.303288e-05
 9529.707232 -3.127559e-05 -5.376406e-07 -8.542656e-08 -7.023972e-07 2.983980e-05 -4.228332e-04 -3.136028e-05 1.373417e-05
 9533.377799 -3.135421e-05 -5.386969e-07 -8.597178e-08 -7.055644e-07 2.784214e-05 -4.184691e-04 -2.749135e-05 2.021068e-05
 9537.060557 -3.135384e-05 -5.397035e-07 -8.635603e-08 -7.069579e-07 2.937601e-05 -3.941804e-04 -1.882150e-05 3.194040e-05
 9540.755507 -3.119256e-05 -5.414513e-07 -8.674224e-08 -7.047269e-07 2.554184e-05 -4.044421e-04 -1.968673e-05 3.226887e-05
 9544.462650 -3.146560e-05 -5.468904e-07 -8.783551e-08 -7.123711e-07 2.027312e-05 -3.949232e-04 -2.047302e-05 2.271319e-05
 9548.181984 -3.150200e-05 -5.502495e-07 -8.876578e-08 -7.147270e-07 2.247758e-05 -3.896968e-04 -9.565919e-06 2.230963e-05
 9551.913510 -3.144031e-05 -5.534411e-07 -8.945602e-08 -7.147458e-07 1.887745e-05 -4.046058e-04 -2.941422e-06 1.757325e-05
 9555.657228 -3.152929e-05 -5.542700e-07 -8.959651e-08 -7.189942e-07 1.945484e-05 -4.292281e-04 -1.102928e-05 1.255364e-05
 9559.413138 -3.153229e-05 -5.581282e-07 -9.072112e-08 -7.212161e-07 2.115234e-05 -4.364270e-04 -2.405992e-05 7.575853e-06
 9563.181239 -3.160374e-05 -5.579842e-07 -9.094978e-08 -7.247999e-07 2.338772e-05 -4.168870e-04 -1.956833e-05 1.776373e-05
 9566.961533 -3.163946e-05 -5.604964e-07 -9.129697e-08 -7.260580e-07 1.964201e-05 -4.271937e-04 -2.377188e-05 1.512008e-05
 9570.754019 -3.164099e-05 -5.618610e-07 -9.156263e-08 -7.271048e-07 1.804159e-05 -4.179426e-04 -2.218815e-05 1.210140e-05
 9574.558696 -3.171802e-05 -5.654646e-07 -9.255845e-08 -7.304347e-07 1.406255e-05 -4.278652e-04 -2.152963e-05 9.542248e-06
 9578.375565 -3.168779e-05 -5.704863e-07 -9.362480e-08 -7.306200e-07 1.609166e-05 -4.332920e-04 -1.464541e-05 2.551865e-05
 9582.204627 -3.170186e-05 -5.717529e-07 -9.390390e-08 -7.320818e-07 2.090988e-05 -4.314207e-04 -1.303830e-05 3.519561e-05
 9586.045880 -3.178382e-05 -5.717932e-07 -9.446357e-08 -7.359058e-07 2.240265e-05 -4.430041e-04 -1.727054e-05 4.046524e-05
 9589.899325 -3.183412e-05 -5.721606e-07 -9.495939e-08 -7.389718e-07 2.335388e-05 -4.111745e-04 -1.223684e-05 4.413098e-05
 9593.764962 -3.184123e-05 -5.735342e-07 -9.516943e-08 -7.404732e-07 2.005775e-05 -4.064369e-04 -1.997520e-05 3.062561e-05
 9597.642791 -3.184859e-05 -5.753346e-07 -9.558983e-08 -7.422256e-07 1.743289e-05 -3.925033e-04 -2.423895e-05 2.064297e-05
 9601.532812 -3.186160e-05 -5.778039e-07 -9.636100e-08 -7.439909e-07 2.012531e-05 -4.048268e-04 -2.193189e-05 1.630869e-05
 9605.435025 -3.167968e-05 -5.865334e-07 -9.768410e-08 -7.401951e-07 1.028093e-05 -4.138533e-04 -2.098537e-05 1.610749e-05
 9609.349429 -3.165844e-05 -5.899200e-07 -9.819481e-08 -7.410699e-07 1.044459e-05 -4.145192e-04 -2.111548e-05 1.613685e-05
 9613.276026 -3.186079e-05 -5.878289e-07 -9.835969e-08 -7.481338e-07 1.642837e-05 -3.952073e-04 -2.683868e-05 2.083403e-05
 9617.214814 -3.189644e-05 -5.886539e-07 -9.866051e-08 -7.506789e-07 1.732329e-05 -4.015805e-04 -1.741656e-05 2.848623e-05
 9621.165795 -3.186778e-05 -5.917403e-07 -9.921778e-08 -7.509971e-07 1.593852e-05 -3.961310e-04 -1.543608e-05 3.487194e-05
 9625.128967 -3.187568e-05 -5.940672e-07 -1.001485e-07 -7.526031e-07 1.319364e-05 -4.211840e-04 -8.612743e-06 2.623936e-05
 9629.104331 -3.171705e-05 -6.004100e-07 -1.011250e-07 -7.497720e-07 2.793803e-06 -4.228572e-04 -9.128489e-06 1.266403e-05
 9633.091888 -3.173271e-05 -6.002421e-07 -1.010287e-07 -7.519532e-07 4.932683e-06 -4.182051e-04 -1.744388e-05 5.937316e-06
 9637.091636 -3.185427e-05 -5.999526e-07 -1.013670e-07 -7.569433e-07 9.141882e-06 -4.006039e-04 -1.986099e-05 1.445591e-05
 9641.103575 -3.169741e-05 -6.056274e-07 -1.024435e-07 -7.540814e-07 7.300618e-06 -4.256573e-04 -2.037287e-05 1.298439e-05
 9645.127707 -3.171264e-05 -6.075076e-07 -1.030608e-07 -7.558988e-07 1.737531e-05 -4.096176e-04 -3.356541e-05 7.003498e-06
 9649.164031 -3.186045e-05 -6.073487e-07 -1.034626e-07 -7.616292e-07 1.883950e-05 -3.983807e-04 -2.370234e-05 4.816581e-06
 9653.212547 -3.185856e-05 -6.101130e-07 -1.044400e-07 -7.633147e-07 1.613782e-05 -3.757334e-04 -1.424874e-05 1.203811e-05
 9657.273254 -3.186855e-05 -6.111443e-07 -1.046800e-07 -7.652326e-07 6.202403e-06 -3.551881e-04 -1.556203e-05 7.759206e-06
 9661.346154 -3.196132e-05 -6.089929e-07 -1.044006e-07 -7.706080e-07 9.298642e-07 -3.607667e-04 -1.074985e-05 1.129452e-05
 9665.431245 -3.193958e-05 -6.076389e-07 -1.045449e-07 -7.728812e-07 1.806679e-06 -3.537858e-04 -3.575720e-06 1.935517e-05
 9669.528529 -3.203226e-05 -6.102955e-07 -1.047849e-07 -7.767920e-07 1.412104e-06 -3.692967e-04 -1.897369e-05 2.572600e-05
 9673.638004 -3.205008e-05 -6.125614e-07 -1.055947e-07 -7.784295e-07 1.147907e-05 -3.838790e-04 -1.586095e-05 2.726084e-05
 9677.759671 -3.202793e-05 -6.153337e-07 -1.066996e-07 -7.792780e-07 1.358072e-05 -3.956295e-04 -1.910076e-05 2.113932e-05
 9681.893530 -3.201860e-05 -6.180346e-07 -1.070740e-07 -7.805901e-07 1.631510e-05 -3.876906e-04 -2.602608e-05 2.223059e-05
 9686.039581 -3.205108e-05 -6.199759e-07 -1.079979e-07 -7.830681e-07 2.193146e-05 -3.644346e-04 -2.112147e-05 2.173454e-05
 9690.197824 -3.204675e-05 -6.222051e-07 -1.084506e-07 -7.848476e-07 8.948497e-06 -3.549574e-04 -2.224993e-05 2.753318e-05
 9694.368258 -3.202807e-05 -6.243087e-07 -1.089705e-07 -7.857492e-07 1.031712e-05 -3.717213e-04 -1.432910e-05 3.077102e-05
 9698.550885 -3.202371e-05 -6.274128e-07 -1.100140e-07 -7.869629e-07 1.302701e-05 -3.739096e-04 -1.200604e-05 2.744902e-05
 9702.745704 -3.205123e-05 -6.285310e-07 -1.102892e-07 -7.895169e-07 1.120612e-05 -3.595842e-04 -1.498466e-05 3.029646e-05
 9706.952714 -3.203781e-05 -6.301130e-07 -1.112377e-07 -7.910550e-07 1.639770e-05 -3.595762e-04 -5.064911e-06 3.163640e-05
 9711.171916 -3.200477e-05 -6.313061e-07 -1.117838e-07 -7.919366e-07 1.416770e-05 -3.616728e-04 -1.166563e-05 2.689264e-05
 9715.403311 -3.206959e-05 -6.341837e-07 -1.123433e-07 -7.953273e-07 1.275782e-05 -3.311503e-04 -1.322247e-05 2.673337e-05
 9719.646897 -3.207926e-05 -6.368655e-07 -1.131492e-07 -7.975332e-07 1.078946e-05 -3.518147e-04 -1.719190e-05 3.215578e-05
 9723.902675 -3.208893e-05 -6.384785e-07 -1.133702e-07 -8.000771e-07 2.475704e-06 -3.419128e-04 -2.463468e-05 2.423083e-05
 9728.170645 -3.206528e-05 -6.409347e-07 -1.141024e-07 -8.012648e-07 -4.149566e-08 -3.505283e-04 -3.156287e-05 2.345469e-05
 9732.450807 -3.205235e-05 -6.444375e-07 -1.151148e-07 -8.027321e-07 1.141415e-05 -3.454366e-04 -1.971606e-05 2.752440e-05
 9736.743161 -3.205976e-05 -6.452787e-07 -1.155184e-07 -8.048718e-07 1.315858e-05 -3.484608e-04 -1.381196e-05 2.468010e-05
 9741.047707 -3.206739e-05 -6.464646e-07 -1.161434e-07 -8.066626e-07 9.743691e-06 -3.496508e-04 -1.347331e-05 2.827243e-05
 9745.364444 -3.203443e-05 -6.490206e-07 -1.166554e-07 -8.072542e-07 1.629996e-05 -3.544001e-04 -1.368923e-05 2.928543e-05
 9749.693374 -3.203655e-05 -6.502457e-07 -1.168379e-07 -8.089123e-07 9.085700e-06 -3.568612e-04 -1.232783e-05 2.112074e-05
 9754.034495 -3.198802e-05 -6.528221e-07 -1.176844e-07 -8.094363e-07 1.178100e-05 -3.635326e-04 -1.941378e-05 2.828971e-05
 9758.387809 -3.199703e-05 -6.537221e-07 -1.179832e-07 -8.114262e-07 1.602822e-05 -3.775141e-04 -1.694578e-05 1.903033e-05
 9762.753314 -3.191268e-05 -6.583549e-07 -1.193744e-07 -8.105356e-07 2.140786e-05 -4.014757e-04 -2.276713e-05 1.786954e-05
 9767.131011 -3.192560e-05 -6.587244e-07 -1.197348e-07 -8.131301e-07 1.592416e-05 -4.057006e-04 -2.668849e-05 2.335652e-05
 9771.520900 -3.196602e-05 -6.575848e-07 -1.196981e-07 -8.166973e-07 1.409704e-05 -3.956302e-04 -1.962731e-05 2.636690e-05
 9775.922981 -3.193207e-05 -6.599917e-07 -1.201536e-07 -8.175094e-07 8.152293e-06 -3.676731e-04 -2.180330e-05 2.588063e-05
 9780.337254 -3.183673e-05 -6.578754e-07 -1.200194e-07 -8.173098e-07 1.587433e-05 -3.742756e-04 -2.884464e-05 2.792014e-05
 9784.763719 -3.184843e-05 -6.617393e-07 -1.211776e-07 -8.191902e-07 2.181759e-05 -3.592356e-04 -3.204643e-05 2.403172e-05
 9789.202376 -3.189725e-05 -6.645676e-07 -1.221908e-07 -8.223634e-07 2.124388e-05 -3.758942e-04 -3.555221e-05 2.700543e-05
 9793.653224 -3.177165e-05 -6.647860e-07 -1.225384e-07 -8.214003e-07 2.560667e-05 -3.951824e-04 -2.369267e-05 2.831977e-05
 9798.116265 -3.180509e-05 -6.726223e-07 -1.240532e-07 -8.230041e-07 2.255482e-05 -3.973582e-04 -2.313214e-05 3.123408e-05
 9802.591497 -3.179429e-05 -6.747395e-07 -1.245728e-07 -8.247922e-07 2.426136e-05 -3.917933e-04 -1.930500e-05 2.929822e-05
 9807.078922 -3.185844e-05 -6.736848e-07 -1.247249e-07 -8.289640e-07 2.078011e-05 -3.916984e-04 -1.972968e-05 3.601861e-05
 9811.578538 -3.183891e-05 -6.760716e-07 -1.255962e-07 -8.300007e-07 1.735178e-05 -3.941066e-04 -2.115633e-05 2.092478e-05
 9816.090346 -3.184760e-05 -6.760001e-07 -1.258150e-07 -8.323172e-07 2.285977e-05 -4.068484e-04 -1.904217e-05 2.024456e-05
 9820.614346 -3.181209e-05 -6.770654e-07 -1.260572e-07 -8.335780e-07 2.050494e-05 -4.226205e-04 -2.441161e-05 1.446416e-05
 9825.150538 -3.174088e-05 -6.776859e-07 -1.264925e-07 -8.337280e-07 2.565280e-05 -4.425332e-04 -2.447620e-05 1.858539e-05
 9829.698922 -3.147611e-05 -6.757951e-07 -1.268075e-07 -8.290190e-07 2.823907e-05 -4.498988e-04 -2.266188e-05 1.191849e-05
 9834.259498 -3.152523e-05 -6.797962e-07 -1.280135e-07 -8.319743e-07 2.650005e-05 -4.410675e-04 -2.302694e-05 8.127114e-06
 9838.832266 -3.159929e-05 -6.823812e-07 -1.285370e-07 -8.357042e-07 1.905042e-05 -4.341697e-04 -3.167697e-05 8.555616e-06
 9843.417226 -3.168987e-05 -6.860730e-07 -1.294296e-07 -8.400943e-07 8.981975e-06 -4.327887e-04 -2.253727e-05 1.555329e-05
 9848.014377 -3.159623e-05 -6.901962e-07 -1.306446e-07 -8.390991e-07 1.488167e-05 -4.525947e-04 -1.627480e-05 2.023119e-05
 9852.623721 -3.161926e-05 -6.930895e-07 -1.315456e-07 -8.418894e-07 1.724178e-05 -4.442237e-04 -1.903213e-05 1.610928e-05
 9857.245256 -3.158377e-05 -6.957082e-07 -1.322073e-07 -8.427137e-07 2.515265e-05 -4.330361e-04 -2.304594e-05 1.698410e-05
 9861.878983 -3.162994e-05 -6.949415e-07 -1.322562e-07 -8.468625e-07 1.926977e-05 -4.408901e-04 -1.551185e-05 1.078834e-05
 9866.524902 -3.159413e-05 -6.973398e-07 -1.331911e-07 -8.472665e-07 1.180467e-05 -4.568391e-04 -1.315562e-05 8.537787e-06
 9871.183013 -3.155238e-05 -6.985712e-07 -1.337851e-07 -8.484531e-07 9.597836e-06 -4.633028e-04 -1.134622e-05 1.267005e-05
 9875.853316 -3.145006e-05 -7.027877e-07 -1.349598e-07 -8.469947e-07 7.145154e-06 -4.653855e-04 -1.092799e-05 2.018756e-05
 9880.535811 -3.142704e-05 -7.067212e-07 -1.359743e-07 -8.480061e-07 1.286449e-05 -4.904494e-04 -1.414456e-05 1.400886e-05
 9885.230498 -3.138798e-05 -7.095591e-07 -1.365646e-07 -8.488470e-07 2.051693e-05 -5.140541e-04 -2.527394e-05 8.703916e-06
 9889.937377 -3.147093e-05 -7.082203e-07 -1.366695e-07 -8.545218e-07 2.398155e-05 -5.212166e-04 -2.204633e-05 6.590984e-06
 9894.656448 -3.137820e-05 -7.124028e-07 -1.379223e-07 -8.536994e-07 1.859210e-05 -5.174605e-04 -2.803045e-05 4.760004e-06
 9899.387710 -3.138354e-05 -7.138222e-07 -1.385035e-07 -8.562763e-07 1.908843e-05 -5.511502e-04 -3.571835e-05 8.598391e-06
 9904.131165 -3.140632e-05 -7.140133e-07 -1.388461e-07 -8.594948e-07 2.355223e-05 -5.391886e-04 -3.008812e-05 1.686741e-05
 9908.886811 -3.137486e-05 -7.145620e-07 -1.391488e-07 -8.610737e-07 3.053132e-05 -5.189937e-04 -1.731204e-05 1.861926e-05
 9913.654649 -3.125907e-05 -7.169931e-07 -1.400517e-07 -8.600392e-07 3.372073e-05 -5.101601e-04 -2.547530e-05 1.197557e-05
 9918.434679 -3.124433e-05 -7.182339e-07 -1.405424e-07 -8.624444e-07 3.560441e-05 -5.018139e-04 -2.041993e-05 6.497745e-06
 9923.226901 -3.125275e-05 -7.212455e-07 -1.413745e-07 -8.645636e-07 3.331487e-05 -5.009297e-04 -1.479047e-05 8.524631e-06
 9928.031315 -3.127488e-05 -7.226788e-07 -1.419766e-07 -8.669737e-07 3.185417e-05 -4.843174e-04 -8.323506e-06 8.848305e-06
 9932.847921 -3.123683e-05 -7.283751e-07 -1.435596e-07 -8.667755e-07 3.207435e-05 -4.339395e-04 -9.651797e-06 8.368970e-06
 9937.676719 -3.107479e-05 -7.280857e-07 -1.437872e-07 -8.644043e-07 2.548102e-05 -4.157673e-04 -2.419875e-05 2.056546e-05
 9942.517709 -3.097276e-05 -7.257976e-07 -1.435370e-07 -8.641028e-07 1.806285e-05 -4.272703e-04 -4.099925e-05 1.460157e-05
 9947.370891 -3.101337e-05 -7.298336e-07 -1.446855e-07 -8.677131e-07 1.965373e-05 -4.499617e-04 -4.530095e-05 1.532463e-05
 9952.236264 -3.106778e-05 -7.361894e-07 -1.461835e-07 -8.704888e-07 2.059852e-05 -4.750960e-04 -3.740666e-05 1.365535e-05
