# Facility.name: NSLS-II
# Facility.mode: Beam available
# Facility.current: 401.07961258246496
# Facility.current: 3 GeV
# Facility.year: 2023
# Facility.cycle: 2
# Facility.GUP: 312970
# Facility.SAF: 311402
# Experimenter.name: Esteban Fornero
# Beamline.name: ISS (8-ID)
# Beamline.x-ray_source: damping wiggler
# Beamline.collimation_mirror1.material: Si
# Beamline.collimation_mirror2.material: Pt
# Beamline.collimation_mirror2.bender_loading: -349.0
# Beamline.focusing: toroidal mirror
# Beamline.focusing.material: Pt
# Beamline.focusing.bender_loading: -418.0
# Beamline.harmonic_rejection: Si
# Mono.scan_mode: Si(111)
# Mono.d_spacing: 3.1354951
# Mono.scan_mode: pseudo-channel cut
# Mono.scan_type: fly_scan
# Mono.trajectory_name: f950a534-6fd5.txt
# Mono.direction: None
# Mono.angle_offset: 0.69366577
# Mono.angle_offset: 39.744 deg
# Mono.encoder_resolution: 48.0 nrad
# Detector.I0: ion chamber
# Detector.I1: ion chamber
# Detector.I2: ion chamber
# Detector.IF: PIPS
# Detector.I0.length: 15 cm
# Detector.I1.length: 28 cm
# Detector.I2.length: 15 cm
# Detector.IF.thickness: 300 um
# Detector.I0.gas.N2: 38.0%
# Detector.I1.gas.N2: 38.0%
# Detector.I2.gas.N2: 38.0%
# Detector.I0.gas.He: 62.0%
# Detector.I1.gas.He: 62.0%
# Detector.I2.gas.He: 62.0%
# Detector.I0.voltage: -1649.999878
# Detector.I1.voltage: -1650.001343
# Detector.I2.voltage: -1650.001953
# Detector.I0.gain: 4
# Detector.I1.gain: 6
# Detector.I2.gain: 6
# Detector.IF.gain: 6
# Detector.aux: {}
# Element.symbol: Cu
# Element.edge: K
# Element.line: None
# Scan.transient_id: 370641
# Scan.uid: dfabcade-ec5b-4d5f-966d-7705c59e49f5
# Scan.edge_energy: 8979.0
# Scan.start_time: 06/22/2023  17:05:21.029983
# Scan.end_time: 06/22/2023  17:05:55.535280
# Scan.name: CuGaO2-2nd H2 ramp (pos 001) Cu-K 0001
# Scan.comment: 
# Sample.name: CuGaO2-2nd
# Sample.comment: 
# Sample.position.x: -66.493997553
# Sample.position.y: 31.589988464
# Sample.position.z: -10.184937499999995
# Sample.position.theta: 845.5790000000001
# SampleHeater.temperature1.setpoint: 300.0
# SampleHeater.temperature1.readback: 1372.0
# SampleHeater.current.setpoint: 0.0
# SampleHeater.current.readback: 0.0
# SampleHeater.temperature2.setpoint: 124.39419734477997
# SampleHeater.temperature2.readback: 124.60000000000001
# SampleHeater.voltage.setpoint: 0.4029612210690537
# SampleHeater.voltage.readback: 0.41100000000000003
# SampleHeater.PID.P: 0.025
# SampleHeater.PID.I: 0.07
# SampleHeater.PID.D: 0.0
# SampleGasCart.MFC.CH4.setpoint: 0.0
# SampleGasCart.MFC.CH4.readback: 0.0
# SampleGasCart.MFC.CO.setpoint: 0.0
# SampleGasCart.MFC.CO.readback: 0.0
# SampleGasCart.MFC.H2.setpoint: 10.0
# SampleGasCart.MFC.H2.readback: 10.012
# SampleGasCart.MFC.exhaust.setpoint: 100.0
# SampleGasCart.MFC.exhaust.readback: 10.46
# SampleGasHandlingSystem.gas_a.name: None
# SampleGasHandlingSystem.gas_b.name: None
# SampleGasHandlingSystem.gas_c.name: None
# SampleGasHandlingSystem.gas_d.name: None
# SampleGasHandlingSystem.gas_e.name: He
# SampleGasHandlingSystem.MFC1.setpoint: 0.0
# SampleGasHandlingSystem.MFC1.readback: -0.1383463591337204
# SampleGasHandlingSystem.MFC2.setpoint: 0.0
# SampleGasHandlingSystem.MFC2.readback: -0.048828125
# SampleGasHandlingSystem.MFC3.setpoint: 0.0
# SampleGasHandlingSystem.MFC3.readback: 0.0244140625
# SampleGasHandlingSystem.MFC4.setpoint: 0.0
# SampleGasHandlingSystem.MFC4.readback: -0.06103515625
# SampleGasHandlingSystem.MFC5.setpoint: 0.0
# SampleGasHandlingSystem.MFC5.readback: -0.0040690102614462376
# SampleGasHandlingSystem.MFC6.setpoint: 0.0
# SampleGasHandlingSystem.MFC6.readback: -0.03662109375
# SampleGasHandlingSystem.MFC7.setpoint: 0.0
# SampleGasHandlingSystem.MFC7.readback: -0.02848307229578495
# SampleGasHandlingSystem.MFC8.setpoint: 0.0
# SampleGasHandlingSystem.MFC8.readback: -0.0813802108168602
# SampleGasHandlingSystem.MFC9.setpoint: 0.0
# SampleGasHandlingSystem.MFC9.readback: -0.0651041641831398
# SampleGasHandlingSystem.MFC10.setpoint: 0.0
# SampleGasHandlingSystem.MFC10.readback: 0.01220703125
# SampleGasHandlingSystem.MFC11.setpoint: 0.0
# SampleGasHandlingSystem.MFC11.readback: -0.1017252579331398
# SampleGasHandlingSystem.MFC12.setpoint: 0.0
# SampleGasHandlingSystem.MFC12.readback: -0.048828125
# SampleGasHandlingSystem.MFC13.setpoint: 0.0
# SampleGasHandlingSystem.MFC13.readback: -0.0569661445915699
# SampleGasHandlingSystem.MFC14.setpoint: 0.0
# SampleGasHandlingSystem.MFC14.readback: -0.0691731795668602
# SampleGasHandlingSystem.MFC15.setpoint: 0.0
# SampleGasHandlingSystem.MFC15.readback: -0.1139322891831398
# SampleGasHandlingSystem.MFC16.setpoint: 0.0
# SampleGasHandlingSystem.MFC16.readback: -0.03662109375
# SampleGasHandlingSystem.RGA.ch1.mass: 2
# SampleGasHandlingSystem.RGA.ch1.readback: 7.72022e-07
# SampleGasHandlingSystem.RGA.ch2.mass: 4
# SampleGasHandlingSystem.RGA.ch2.readback: 4.69624e-11
# SampleGasHandlingSystem.RGA.ch3.mass: 12
# SampleGasHandlingSystem.RGA.ch3.readback: 1.59286e-12
# SampleGasHandlingSystem.RGA.ch4.mass: 16
# SampleGasHandlingSystem.RGA.ch4.readback: 4.59058e-10
# SampleGasHandlingSystem.RGA.ch5.mass: 18
# SampleGasHandlingSystem.RGA.ch5.readback: 3.63014e-09
# SampleGasHandlingSystem.RGA.ch6.mass: 28
# SampleGasHandlingSystem.RGA.ch6.readback: 1.0578e-08
# SampleGasHandlingSystem.RGA.ch7.mass: 32
# SampleGasHandlingSystem.RGA.ch7.readback: 1.34845e-09
# SampleGasHandlingSystem.RGA.ch8.mass: 40
# SampleGasHandlingSystem.RGA.ch8.readback: 1.11477e-11
# SampleGasHandlingSystem.RGA.ch9.mass: 44
# SampleGasHandlingSystem.RGA.ch9.readback: 6.94958e-12
# energy  i0  it  ir  iff  aux1  aux2  aux3  aux4
 8779.000000 -3.462721e-05 -4.829877e-07 -3.202343e-07 -2.721960e-07 -1.131415e-05 -7.539503e-04 -2.700440e-05 5.220214e-06
 8784.000000 -3.470444e-05 -4.799833e-07 -3.184188e-07 -2.731854e-07 -1.137698e-05 -7.359934e-04 -2.046962e-05 -1.780521e-05
 8789.000000 -3.467293e-05 -4.745789e-07 -3.150199e-07 -2.738750e-07 1.096915e-06 -7.263151e-04 -1.669380e-05 -1.405074e-05
 8794.000000 -3.449558e-05 -4.711112e-07 -3.126690e-07 -2.732389e-07 2.914637e-06 -7.245861e-04 -2.887665e-05 -1.267520e-05
 8799.000000 -3.406078e-05 -4.656727e-07 -3.094779e-07 -2.705410e-07 1.005778e-05 -7.135641e-04 -2.591554e-05 -1.358530e-05
 8804.000000 -3.429727e-05 -4.692553e-07 -3.121007e-07 -2.730517e-07 1.440920e-05 -6.892886e-04 -2.117707e-05 -2.015362e-05
 8809.000000 -3.427974e-05 -4.710351e-07 -3.134918e-07 -2.734344e-07 3.943278e-06 -6.995300e-04 -2.266922e-05 -2.656652e-05
 8814.000000 -3.412718e-05 -4.711897e-07 -3.137291e-07 -2.725598e-07 5.268743e-06 -7.021041e-04 -1.019786e-05 -1.839322e-05
 8819.000000 -3.409178e-05 -4.732130e-07 -3.154677e-07 -2.727894e-07 8.563412e-06 -7.089500e-04 -1.340801e-05 -2.009266e-05
 8824.000000 -3.410261e-05 -4.753335e-07 -3.171383e-07 -2.736709e-07 9.789535e-06 -7.191035e-04 -1.863993e-05 -2.304580e-05
 8829.000000 -3.396714e-05 -4.753821e-07 -3.173129e-07 -2.736300e-07 1.060087e-05 -7.100050e-04 -3.296433e-05 -2.438517e-05
 8834.000000 -3.389325e-05 -4.761215e-07 -3.178851e-07 -2.738064e-07 -4.822183e-08 -6.951552e-04 -2.819246e-05 -2.281154e-05
 8839.000000 -3.378005e-05 -4.766106e-07 -3.183046e-07 -2.740308e-07 6.200961e-06 -6.840948e-04 -3.412342e-05 -2.800367e-05
 8844.000000 -3.368345e-05 -4.772967e-07 -3.187875e-07 -2.744982e-07 7.859071e-06 -7.168240e-04 -3.926435e-05 -3.269833e-05
 8849.000000 -3.354387e-05 -4.774758e-07 -3.193809e-07 -2.745881e-07 1.384930e-05 -7.078602e-04 -2.814183e-05 -2.618763e-05
 8854.000000 -3.337499e-05 -4.779423e-07 -3.199566e-07 -2.743648e-07 1.211806e-05 -7.156741e-04 -3.384535e-05 -2.521608e-05
 8859.000000 -3.314303e-05 -4.784432e-07 -3.205107e-07 -2.733625e-07 6.656432e-06 -7.191603e-04 -3.788128e-05 -1.988102e-05
 8864.000000 -3.318595e-05 -4.809641e-07 -3.223962e-07 -2.747860e-07 7.218707e-06 -7.171617e-04 -4.015978e-05 -2.148040e-05
 8869.000000 -3.308560e-05 -4.826121e-07 -3.237321e-07 -2.743987e-07 2.397622e-06 -7.207869e-04 -4.318649e-05 -2.468113e-05
 8874.000000 -3.298414e-05 -4.842897e-07 -3.250752e-07 -2.740802e-07 4.863154e-06 -7.060699e-04 -3.729560e-05 -2.247722e-05
 8879.000000 -3.287021e-05 -4.850781e-07 -3.259797e-07 -2.741723e-07 1.596805e-05 -6.772284e-04 -2.654162e-05 -2.680429e-05
 8884.000000 -3.265349e-05 -4.847194e-07 -3.259306e-07 -2.735591e-07 1.955252e-05 -6.666895e-04 -3.834484e-05 -2.675311e-05
 8889.000000 -3.241426e-05 -4.853074e-07 -3.263791e-07 -2.727393e-07 2.395850e-05 -6.714611e-04 -3.295357e-05 -2.330779e-05
 8894.000000 -3.258924e-05 -4.914120e-07 -3.304540e-07 -2.744026e-07 1.102649e-05 -6.706140e-04 -2.992169e-05 -2.299691e-05
 8899.000000 -3.248087e-05 -4.929874e-07 -3.318918e-07 -2.740865e-07 1.092921e-05 -6.478239e-04 -2.242623e-05 -1.865769e-05
 8904.000000 -3.234069e-05 -4.940583e-07 -3.326553e-07 -2.735366e-07 8.865831e-06 -6.473814e-04 -1.040418e-05 -2.149960e-05
 8909.000000 -3.222333e-05 -4.948081e-07 -3.333539e-07 -2.729330e-07 5.712772e-07 -6.951507e-04 -1.562108e-05 -2.203699e-05
 8914.000000 -3.196560e-05 -4.936798e-07 -3.327446e-07 -2.712934e-07 -4.158822e-06 -7.226674e-04 -1.223793e-05 -1.894165e-05
 8919.000000 -3.183672e-05 -4.946906e-07 -3.336930e-07 -2.710444e-07 3.113591e-06 -7.448379e-04 -1.718049e-05 -2.008449e-05
 8924.000000 -3.171161e-05 -4.960172e-07 -3.345961e-07 -2.711266e-07 1.027519e-05 -7.315898e-04 -2.445610e-05 -1.198283e-05
 8929.000000 -3.170329e-05 -4.998895e-07 -3.373165e-07 -2.722827e-07 9.202788e-06 -7.348074e-04 -3.190017e-05 2.241517e-05
 8934.000000 -3.160833e-05 -5.022887e-07 -3.388817e-07 -2.727235e-07 8.461548e-06 -7.150695e-04 -3.332096e-05 1.420711e-05
 8939.000000 -3.148917e-05 -5.036715e-07 -3.396612e-07 -2.724708e-07 8.241033e-06 -7.159665e-04 -2.624857e-05 1.337098e-05
 8944.000000 -3.135144e-05 -5.044270e-07 -3.402163e-07 -2.724277e-07 9.661826e-06 -6.946065e-04 -1.804151e-05 1.598745e-05
 8949.000000 -3.124040e-05 -5.040428e-07 -3.397667e-07 -2.727631e-07 4.772093e-06 -6.912486e-04 -1.646912e-05 -5.944654e-06
 8953.000000 -3.115622e-05 -5.045763e-07 -3.399434e-07 -2.728015e-07 1.102285e-05 -6.955266e-04 -2.124827e-05 -1.436453e-05
 8956.000000 -3.109726e-05 -5.055492e-07 -3.401516e-07 -2.727728e-07 7.576214e-06 -6.744292e-04 -2.748180e-05 -3.591029e-05
 8958.000000 -3.106258e-05 -5.066872e-07 -3.408674e-07 -2.729078e-07 2.234455e-06 -6.711701e-04 -1.537509e-05 -3.158278e-05
 8959.000000 -3.102506e-05 -5.072593e-07 -3.408543e-07 -2.730753e-07 -2.948513e-06 -6.740338e-04 -1.347893e-05 4.249757e-06
 8959.200000 -3.098881e-05 -5.062456e-07 -3.399378e-07 -2.729126e-07 4.419230e-06 -6.767270e-04 -9.055891e-06 1.165806e-05
 8959.400000 -3.101672e-05 -5.061732e-07 -3.399938e-07 -2.731530e-07 -1.118497e-06 -6.766944e-04 -5.013405e-06 8.473418e-06
 8959.600000 -3.101997e-05 -5.072812e-07 -3.409236e-07 -2.733007e-07 -3.273328e-06 -6.481324e-04 -7.904449e-06 3.414267e-06
 8959.800000 -3.099714e-05 -5.075165e-07 -3.409441e-07 -2.733198e-07 -1.684696e-06 -6.554551e-04 -8.230901e-06 -3.987137e-05
 8960.000000 -3.102598e-05 -5.074762e-07 -3.411421e-07 -2.732699e-07 2.659990e-06 -6.581882e-04 -2.439485e-05 -5.163875e-05
 8960.200000 -3.102345e-05 -5.073562e-07 -3.410344e-07 -2.733961e-07 -2.950418e-06 -6.756012e-04 -2.462769e-05 -4.755211e-05
 8960.400000 -3.102608e-05 -5.083499e-07 -3.412157e-07 -2.734363e-07 -1.134665e-05 -6.719933e-04 -1.725032e-05 -4.512522e-05
 8960.600000 -3.103388e-05 -5.070317e-07 -3.402372e-07 -2.736528e-07 -4.991556e-06 -6.815110e-04 -1.094700e-05 -4.313168e-05
 8960.800000 -3.102474e-05 -5.079553e-07 -3.404688e-07 -2.738484e-07 -6.077319e-06 -6.628775e-04 -2.412526e-05 -4.984902e-05
 8961.000000 -3.102931e-05 -5.075805e-07 -3.401491e-07 -2.738936e-07 -1.923486e-06 -6.671932e-04 -1.593692e-05 -5.772859e-05
 8961.200000 -3.102403e-05 -5.073664e-07 -3.404498e-07 -2.736311e-07 1.426291e-05 -6.955600e-04 -1.813575e-05 -5.289021e-05
 8961.400000 -3.097517e-05 -5.081051e-07 -3.413235e-07 -2.732405e-07 1.783148e-05 -6.754953e-04 -2.073864e-05 -5.796124e-05
 8961.600000 -3.090872e-05 -5.051103e-07 -3.392218e-07 -2.724833e-07 1.921246e-05 -6.571904e-04 -2.766707e-05 -6.521714e-05
 8961.800000 -3.094950e-05 -5.081785e-07 -3.409220e-07 -2.730020e-07 1.355233e-05 -6.386179e-04 -1.785156e-05 -5.397540e-05
 8962.000000 -3.099686e-05 -5.072957e-07 -3.402273e-07 -2.734345e-07 6.628961e-06 -6.632329e-04 -3.812345e-05 -5.765319e-05
 8962.200000 -3.102061e-05 -5.076526e-07 -3.402475e-07 -2.738995e-07 -5.239806e-06 -6.516992e-04 -3.682932e-05 -5.707610e-05
 8962.400000 -3.102877e-05 -5.084592e-07 -3.407933e-07 -2.740029e-07 -5.472598e-06 -6.771372e-04 -1.916833e-05 -5.436702e-05
 8962.600000 -3.101072e-05 -5.077849e-07 -3.401451e-07 -2.739167e-07 -2.903836e-06 -6.768356e-04 -3.156122e-05 -4.849993e-05
 8962.800000 -3.100912e-05 -5.087849e-07 -3.412891e-07 -2.738384e-07 -7.918101e-06 -6.801334e-04 -4.302944e-05 -5.290883e-05
 8963.000000 -3.098672e-05 -5.078969e-07 -3.407487e-07 -2.736627e-07 5.670250e-07 -6.689694e-04 -4.195305e-05 -3.864705e-05
 8963.200000 -3.096877e-05 -5.088978e-07 -3.410288e-07 -2.737369e-07 -8.895776e-06 -6.676813e-04 -3.515694e-05 -3.027124e-05
 8963.400000 -3.096820e-05 -5.082674e-07 -3.408097e-07 -2.736808e-07 -1.838981e-06 -6.363426e-04 -3.750945e-05 -3.797710e-05
 8963.600000 -3.094846e-05 -5.078318e-07 -3.400844e-07 -2.738877e-07 -3.302165e-06 -6.465252e-04 -4.774582e-05 -4.516326e-05
 8963.800000 -3.095752e-05 -5.084417e-07 -3.406849e-07 -2.740360e-07 -3.336748e-06 -6.674056e-04 -3.500596e-05 -4.296542e-05
 8964.000000 -3.094341e-05 -5.069573e-07 -3.393977e-07 -2.740216e-07 -2.262130e-06 -6.638650e-04 -4.217274e-05 -4.768237e-05
 8964.200000 -3.095938e-05 -5.089618e-07 -3.405867e-07 -2.743197e-07 -7.555212e-06 -6.483902e-04 -3.849237e-05 -4.868009e-05
 8964.400000 -3.096714e-05 -5.074845e-07 -3.393696e-07 -2.743979e-07 -6.209846e-06 -6.434448e-04 -3.550792e-05 -4.932246e-05
 8964.600000 -3.096184e-05 -5.079562e-07 -3.394311e-07 -2.745120e-07 -5.935968e-06 -6.568199e-04 -3.222312e-05 -4.350558e-05
 8964.800000 -3.094320e-05 -5.073542e-07 -3.389826e-07 -2.744039e-07 -4.878316e-06 -6.647298e-04 -3.214912e-05 -3.210889e-05
 8965.000000 -3.091758e-05 -5.074210e-07 -3.390316e-07 -2.742849e-07 3.470431e-06 -6.623400e-04 -3.524775e-05 -2.780218e-05
 8965.200000 -3.091643e-05 -5.071038e-07 -3.387220e-07 -2.746083e-07 1.391479e-05 -6.701827e-04 -2.321235e-05 -3.576472e-05
 8965.400000 -3.089641e-05 -5.058077e-07 -3.378271e-07 -2.745653e-07 9.532796e-06 -6.511578e-04 -2.376682e-05 -3.960666e-05
 8965.600000 -3.088372e-05 -5.066802e-07 -3.383936e-07 -2.744347e-07 7.044265e-06 -6.411401e-04 -3.661123e-05 -3.962038e-05
 8965.800000 -3.089950e-05 -5.071475e-07 -3.384780e-07 -2.746163e-07 5.924808e-06 -6.544183e-04 -3.331102e-05 -4.168035e-05
 8966.000000 -3.089895e-05 -5.074978e-07 -3.383624e-07 -2.746414e-07 9.420634e-06 -6.570321e-04 -2.795212e-05 -3.770513e-05
 8966.200000 -3.089205e-05 -5.069378e-07 -3.378719e-07 -2.747252e-07 4.723802e-06 -6.728929e-04 -2.932419e-05 -4.181921e-05
 8966.400000 -3.083446e-05 -5.059043e-07 -3.371983e-07 -2.744966e-07 -3.537112e-07 -6.684379e-04 -4.054692e-05 -4.470277e-05
 8966.600000 -3.079179e-05 -5.050709e-07 -3.369518e-07 -2.740696e-07 7.832108e-06 -6.532307e-04 -3.921095e-05 -5.045401e-05
 8966.800000 -3.076508e-05 -5.047005e-07 -3.365993e-07 -2.737992e-07 5.962773e-06 -6.538538e-04 -2.351632e-05 -4.521402e-05
 8967.000000 -3.080627e-05 -5.062638e-07 -3.376197e-07 -2.743776e-07 1.722391e-06 -6.492100e-04 -3.668228e-05 -4.451115e-05
 8967.200000 -3.082450e-05 -5.064484e-07 -3.374176e-07 -2.745665e-07 2.396968e-06 -6.388704e-04 -3.123147e-05 -3.654330e-05
 8967.400000 -3.082206e-05 -5.062835e-07 -3.371303e-07 -2.747213e-07 -8.314175e-06 -6.617119e-04 -4.422604e-05 -3.534048e-05
 8967.600000 -3.085166e-05 -5.064074e-07 -3.369650e-07 -2.750145e-07 -1.452537e-05 -6.836281e-04 -4.700120e-05 -3.917480e-05
 8967.800000 -3.085129e-05 -5.068345e-07 -3.371422e-07 -2.751798e-07 -5.267388e-06 -6.763786e-04 -4.980761e-05 -4.835373e-05
 8968.000000 -3.084659e-05 -5.069916e-07 -3.370302e-07 -2.755263e-07 2.992249e-06 -6.775371e-04 -4.668013e-05 -5.352967e-05
 8968.200000 -3.082011e-05 -5.059627e-07 -3.360690e-07 -2.755230e-07 -9.953803e-07 -6.746924e-04 -4.853872e-05 -4.940201e-05
 8968.400000 -3.084040e-05 -5.062532e-07 -3.363745e-07 -2.756426e-07 6.656647e-07 -6.900106e-04 -3.796356e-05 -3.846640e-05
 8968.600000 -3.084629e-05 -5.058313e-07 -3.357442e-07 -2.755871e-07 3.097979e-06 -6.864377e-04 -2.676465e-05 -3.153576e-05
 8968.800000 -3.084070e-05 -5.069744e-07 -3.366061e-07 -2.758347e-07 1.129978e-05 -6.930696e-04 -1.620301e-05 -3.519768e-05
 8969.000000 -3.082581e-05 -5.066758e-07 -3.360088e-07 -2.756453e-07 1.390453e-06 -6.955579e-04 -1.250834e-05 -2.720292e-05
 8969.200000 -3.082618e-05 -5.062633e-07 -3.356293e-07 -2.761795e-07 -7.245865e-06 -6.917402e-04 -2.585119e-05 -3.503917e-05
 8969.400000 -3.082767e-05 -5.059628e-07 -3.349552e-07 -2.764879e-07 -1.084796e-05 -6.922005e-04 -2.816326e-05 -3.582221e-05
 8969.600000 -3.081306e-05 -5.049664e-07 -3.342150e-07 -2.765365e-07 -8.004803e-06 -7.059952e-04 -1.279046e-05 -1.918282e-05
 8969.800000 -3.077093e-05 -5.049710e-07 -3.340819e-07 -2.763404e-07 -5.411078e-06 -6.981799e-04 1.321976e-05 -2.044148e-05
 8970.000000 -3.070187e-05 -5.036083e-07 -3.329511e-07 -2.755024e-07 -7.509112e-06 -7.036104e-04 -2.640171e-06 -2.338079e-05
 8970.200000 -3.070884e-05 -5.045231e-07 -3.333791e-07 -2.757241e-07 -5.920081e-06 -7.109748e-04 -1.130281e-05 -3.439502e-05
 8970.400000 -3.072400e-05 -5.060316e-07 -3.344297e-07 -2.760301e-07 3.627318e-06 -7.205431e-04 -1.832316e-05 -3.273665e-05
 8970.600000 -3.071929e-05 -5.062928e-07 -3.342814e-07 -2.765067e-07 -3.767457e-06 -7.220528e-04 -2.252652e-05 -3.520937e-05
 8970.800000 -3.071736e-05 -5.052591e-07 -3.331626e-07 -2.768449e-07 -1.045144e-05 -7.312393e-04 -1.637724e-05 -3.440390e-05
 8971.000000 -3.074254e-05 -5.054948e-07 -3.326832e-07 -2.770836e-07 2.424362e-08 -7.183560e-04 -3.135838e-05 -3.773191e-05
 8971.200000 -3.076449e-05 -5.063650e-07 -3.330554e-07 -2.775089e-07 2.067615e-06 -7.087377e-04 -2.607455e-05 -3.106846e-05
 8971.400000 -3.074571e-05 -5.075415e-07 -3.337559e-07 -2.772518e-07 4.948796e-06 -7.222831e-04 -2.891031e-05 -1.658684e-05
 8971.600000 -3.070949e-05 -5.068377e-07 -3.327352e-07 -2.769575e-07 1.322123e-05 -6.892298e-04 -2.463227e-05 -2.312443e-05
 8971.800000 -3.073966e-05 -5.055571e-07 -3.319751e-07 -2.775816e-07 1.228287e-05 -6.841353e-04 -2.172638e-05 -3.137613e-05
 8972.000000 -3.077650e-05 -5.075933e-07 -3.330792e-07 -2.780473e-07 3.494995e-06 -6.973412e-04 -2.324652e-05 -3.146730e-05
 8972.200000 -3.076886e-05 -5.085320e-07 -3.331482e-07 -2.784548e-07 3.444834e-06 -7.120659e-04 -4.204733e-05 -2.895467e-05
 8972.400000 -3.076116e-05 -5.074898e-07 -3.321386e-07 -2.785021e-07 1.011679e-05 -7.211674e-04 -3.836659e-05 -2.545593e-05
 8972.600000 -3.076715e-05 -5.092895e-07 -3.326327e-07 -2.787024e-07 1.152438e-05 -6.943549e-04 -3.756948e-05 -7.692757e-06
 8972.800000 -3.078260e-05 -5.073640e-07 -3.307104e-07 -2.789826e-07 -5.401652e-07 -6.901066e-04 -5.014576e-05 -8.352963e-06
 8973.000000 -3.077831e-05 -5.076100e-07 -3.304081e-07 -2.791042e-07 -1.277995e-05 -6.991520e-04 -4.426709e-05 -6.517190e-06
 8973.200000 -3.075239e-05 -5.077479e-07 -3.299975e-07 -2.791583e-07 -1.119971e-05 -6.945992e-04 -3.836009e-05 -9.314224e-06
 8973.400000 -3.075412e-05 -5.076225e-07 -3.293691e-07 -2.795491e-07 -5.755073e-06 -6.970402e-04 -2.541223e-05 -8.996982e-06
 8973.600000 -3.077609e-05 -5.085765e-07 -3.298080e-07 -2.801508e-07 2.202545e-06 -7.054441e-04 -3.420696e-05 -1.610620e-05
 8973.800000 -3.075654e-05 -5.081568e-07 -3.285893e-07 -2.805158e-07 7.740581e-06 -7.380758e-04 -2.875685e-05 -1.317797e-05
 8974.000000 -3.075369e-05 -5.078495e-07 -3.276992e-07 -2.807389e-07 5.411496e-06 -7.278785e-04 -2.614569e-05 -1.965773e-05
 8974.200000 -3.074197e-05 -5.083485e-07 -3.272197e-07 -2.807910e-07 6.269877e-06 -7.072120e-04 -4.035029e-05 -1.758019e-05
 8974.400000 -3.073454e-05 -5.084014e-07 -3.261703e-07 -2.811412e-07 5.952733e-06 -7.054616e-04 -3.829888e-05 -1.507302e-05
 8974.600000 -3.075292e-05 -5.078937e-07 -3.252420e-07 -2.817351e-07 -2.899198e-06 -6.988074e-04 -4.167616e-05 -2.365915e-05
 8974.800000 -3.075143e-05 -5.082525e-07 -3.244187e-07 -2.822590e-07 3.648803e-06 -6.812803e-04 -4.189045e-05 -2.381931e-05
 8975.000000 -3.072884e-05 -5.087997e-07 -3.235995e-07 -2.827229e-07 3.895448e-06 -7.003424e-04 -3.726637e-05 -2.206490e-05
 8975.200000 -3.072762e-05 -5.079021e-07 -3.218922e-07 -2.829757e-07 2.302367e-06 -7.126488e-04 -4.067792e-05 -3.236012e-05
 8975.400000 -3.072089e-05 -5.085319e-07 -3.206275e-07 -2.832212e-07 8.717645e-06 -7.378313e-04 -3.367800e-05 -2.805444e-05
 8975.600000 -3.068103e-05 -5.075767e-07 -3.180605e-07 -2.834197e-07 1.068703e-05 -7.197245e-04 -4.388678e-05 -2.218353e-05
 8975.800000 -3.064330e-05 -5.080003e-07 -3.165458e-07 -2.838993e-07 1.225714e-05 -7.213126e-04 -3.721515e-05 -8.738213e-06
 8976.000000 -3.064006e-05 -5.079074e-07 -3.140150e-07 -2.846534e-07 8.765164e-06 -7.391042e-04 -4.292343e-05 -2.703237e-05
 8976.200000 -3.065033e-05 -5.076374e-07 -3.113539e-07 -2.858794e-07 -2.019935e-06 -7.405341e-04 -4.437577e-05 -2.830316e-05
 8976.400000 -3.063349e-05 -5.066073e-07 -3.075773e-07 -2.867131e-07 -7.085908e-06 -7.528805e-04 -4.348348e-05 -1.732308e-05
 8976.600000 -3.064804e-05 -5.068117e-07 -3.040183e-07 -2.881863e-07 -6.029850e-06 -7.435432e-04 -4.939391e-05 -2.452673e-05
 8976.800000 -3.066177e-05 -5.064085e-07 -2.995921e-07 -2.896301e-07 5.720697e-06 -7.420944e-04 -4.006882e-05 -1.370382e-05
 8977.000000 -3.063925e-05 -5.067254e-07 -2.946970e-07 -2.911699e-07 9.429566e-06 -7.504171e-04 -4.827724e-05 -1.636653e-05
 8977.200000 -3.064481e-05 -5.055337e-07 -2.880958e-07 -2.932303e-07 6.950090e-06 -7.361484e-04 -3.407176e-05 -8.986987e-06
 8977.400000 -3.062069e-05 -5.035956e-07 -2.793986e-07 -2.951898e-07 3.466013e-07 -7.290787e-04 -3.925399e-05 -1.195086e-05
 8977.600000 -3.055554e-05 -5.036796e-07 -2.713688e-07 -2.977064e-07 -8.007148e-06 -7.296014e-04 -3.408162e-05 -9.614238e-06
 8977.800000 -3.052872e-05 -4.998067e-07 -2.598781e-07 -3.008559e-07 -5.105541e-06 -7.452433e-04 -4.912408e-05 -1.968415e-05
 8978.000000 -3.056654e-05 -5.032958e-07 -2.513003e-07 -3.055824e-07 4.312748e-06 -7.684838e-04 -3.862493e-05 -1.843566e-05
 8978.200000 -3.057083e-05 -5.018979e-07 -2.395573e-07 -3.105929e-07 4.286259e-07 -7.700934e-04 -3.813406e-05 -2.423173e-05
 8978.400000 -3.058782e-05 -5.005715e-07 -2.281102e-07 -3.160009e-07 1.154746e-07 -7.720105e-04 -4.434979e-05 -1.264578e-05
 8978.600000 -3.057355e-05 -5.002540e-07 -2.166871e-07 -3.221532e-07 -1.532557e-06 -7.816504e-04 -3.645181e-05 -8.226284e-06
 8978.800000 -3.055640e-05 -4.973073e-07 -2.037978e-07 -3.292556e-07 2.918056e-06 -7.650915e-04 -3.959135e-05 -1.174709e-05
 8979.000000 -3.053392e-05 -4.965798e-07 -1.920522e-07 -3.366602e-07 -6.475773e-06 -7.563721e-04 -4.347299e-05 -1.851967e-05
 8979.200000 -3.052761e-05 -4.957357e-07 -1.815741e-07 -3.447616e-07 -1.826876e-05 -7.476297e-04 -4.223727e-05 -1.448144e-05
 8979.400000 -3.047757e-05 -4.949285e-07 -1.718870e-07 -3.528970e-07 -1.527065e-05 -7.462039e-04 -3.927252e-05 -4.506740e-06
 8979.600000 -3.046492e-05 -4.944346e-07 -1.634063e-07 -3.627153e-07 -8.397159e-06 -7.327256e-04 -3.193088e-05 -1.406630e-05
 8979.800000 -3.045288e-05 -4.917527e-07 -1.557747e-07 -3.728258e-07 -1.095722e-05 -7.464917e-04 -4.258742e-05 -1.692956e-05
 8980.000000 -3.042313e-05 -4.912478e-07 -1.507106e-07 -3.834605e-07 -1.150311e-05 -7.701553e-04 -5.161073e-05 -1.973478e-05
 8980.200000 -3.037812e-05 -4.858139e-07 -1.447867e-07 -3.937455e-07 -5.515930e-06 -7.621512e-04 -5.941563e-05 -1.682768e-05
 8980.400000 -3.040849e-05 -4.873938e-07 -1.427718e-07 -4.062137e-07 -7.197324e-07 -7.540144e-04 -5.047018e-05 -1.936571e-05
 8980.600000 -3.043554e-05 -4.856048e-07 -1.403663e-07 -4.185921e-07 -1.584829e-06 -7.441966e-04 -4.671964e-05 -2.522663e-05
 8980.800000 -3.041113e-05 -4.850575e-07 -1.386079e-07 -4.280959e-07 -9.610796e-07 -7.444395e-04 -2.697575e-05 -2.164909e-05
 8981.000000 -3.037669e-05 -4.839359e-07 -1.373856e-07 -4.352541e-07 -1.192373e-05 -7.429247e-04 -2.858385e-05 -1.909528e-05
 8981.200000 -3.033592e-05 -4.813339e-07 -1.369677e-07 -4.391922e-07 -6.874420e-06 -7.302207e-04 -1.899721e-05 -1.369343e-05
 8981.400000 -3.032033e-05 -4.812193e-07 -1.374935e-07 -4.408962e-07 -5.291548e-06 -7.548386e-04 -5.959964e-06 -3.892189e-06
 8981.600000 -3.033223e-05 -4.818836e-07 -1.384251e-07 -4.399861e-07 -1.588805e-05 -7.595598e-04 -3.134020e-05 -1.520629e-05
 8981.800000 -3.034877e-05 -4.828480e-07 -1.394273e-07 -4.369369e-07 -1.101154e-05 -7.317992e-04 -3.363110e-05 -1.732220e-05
 8982.000000 -3.033362e-05 -4.821782e-07 -1.397653e-07 -4.311602e-07 3.550463e-06 -7.325331e-04 -3.544681e-05 -1.538326e-05
 8982.200000 -3.030750e-05 -4.843355e-07 -1.406171e-07 -4.235196e-07 3.378849e-06 -7.456316e-04 -3.279544e-05 -1.379253e-05
 8982.400000 -3.030440e-05 -4.842077e-07 -1.407154e-07 -4.161705e-07 -2.129939e-06 -7.579651e-04 -2.843829e-05 -1.100031e-05
 8982.600000 -3.030770e-05 -4.831084e-07 -1.409592e-07 -4.100696e-07 -5.965950e-06 -7.585063e-04 -3.649172e-05 -1.879202e-05
 8982.800000 -3.029567e-05 -4.853522e-07 -1.416804e-07 -4.043641e-07 -2.947596e-06 -7.300939e-04 -3.153181e-05 -1.211663e-05
 8983.000000 -3.031212e-05 -4.840181e-07 -1.409153e-07 -4.007369e-07 -2.720993e-06 -7.306421e-04 -3.412893e-05 -2.844705e-05
 8983.200000 -3.031962e-05 -4.874747e-07 -1.410061e-07 -3.982635e-07 -3.292833e-06 -7.569037e-04 -3.999167e-05 -3.157275e-05
 8983.400000 -3.031546e-05 -4.843010e-07 -1.391888e-07 -3.967237e-07 -2.847218e-06 -7.664181e-04 -3.603194e-05 -2.600022e-05
 8983.600000 -3.029832e-05 -4.859101e-07 -1.383710e-07 -3.962025e-07 -7.725830e-06 -7.708788e-04 -3.115431e-05 -2.501235e-05
 8983.800000 -3.027499e-05 -4.859803e-07 -1.366853e-07 -3.958303e-07 -8.638248e-06 -7.417508e-04 -3.680399e-05 -2.016987e-05
 8984.000000 -3.022128e-05 -4.837053e-07 -1.346778e-07 -3.959780e-07 -1.183296e-06 -7.287018e-04 -5.645042e-05 -1.730560e-05
 8984.200000 -3.018067e-05 -4.821084e-07 -1.320879e-07 -3.976897e-07 -1.850126e-07 -7.296757e-04 -4.862593e-05 -1.013828e-05
 8984.400000 -3.020725e-05 -4.804076e-07 -1.299691e-07 -4.008249e-07 -6.688909e-06 -7.201947e-04 -4.299162e-05 -1.264019e-05
 8984.600000 -3.020893e-05 -4.837948e-07 -1.290333e-07 -4.034490e-07 -8.107116e-07 -7.544346e-04 -4.871097e-05 -1.800635e-05
 8984.800000 -3.021460e-05 -4.814080e-07 -1.267036e-07 -4.063769e-07 -3.836864e-06 -7.617355e-04 -4.535619e-05 -2.374130e-05
 8985.000000 -3.026533e-05 -4.823538e-07 -1.248601e-07 -4.104398e-07 -1.420847e-05 -7.555975e-04 -3.163631e-05 -1.012877e-05
 8985.200000 -3.027192e-05 -4.826016e-07 -1.233377e-07 -4.132477e-07 -4.780476e-06 -7.566367e-04 -2.608664e-05 -4.074695e-06
 8985.400000 -3.027052e-05 -4.824080e-07 -1.218378e-07 -4.154194e-07 -4.525404e-06 -7.510450e-04 -4.045506e-05 -1.262468e-05
 8985.600000 -3.025480e-05 -4.828852e-07 -1.198423e-07 -4.176213e-07 -7.215401e-06 -7.537895e-04 -3.064884e-05 -8.133586e-06
 8985.800000 -3.024166e-05 -4.813588e-07 -1.180025e-07 -4.194128e-07 -5.058900e-06 -7.508592e-04 -2.618062e-05 -5.647786e-06
 8986.000000 -3.020457e-05 -4.798567e-07 -1.154879e-07 -4.207410e-07 -1.098174e-05 -7.532900e-04 -3.621072e-05 -1.217837e-05
 8986.200000 -3.020535e-05 -4.799029e-07 -1.137907e-07 -4.227473e-07 -1.227667e-05 -7.520399e-04 -4.398726e-05 1.733528e-06
 8986.400000 -3.023045e-05 -4.801683e-07 -1.120768e-07 -4.254536e-07 -2.739902e-06 -7.501777e-04 -4.778772e-05 -9.610564e-06
 8986.600000 -3.022525e-05 -4.808496e-07 -1.107162e-07 -4.274455e-07 -9.224022e-06 -7.566663e-04 -4.461198e-05 -1.369831e-05
 8986.800000 -3.022692e-05 -4.803668e-07 -1.087870e-07 -4.303049e-07 -1.599298e-06 -7.531807e-04 -3.904245e-05 -1.212244e-05
 8987.000000 -3.021675e-05 -4.809279e-07 -1.067375e-07 -4.332054e-07 1.381382e-06 -7.469992e-04 -4.174583e-05 -6.776060e-06
 8987.200000 -3.019985e-05 -4.795873e-07 -1.041931e-07 -4.364412e-07 -2.459552e-06 -7.354818e-04 -4.998514e-05 -1.220551e-05
 8987.400000 -3.019013e-05 -4.789869e-07 -1.014256e-07 -4.398151e-07 -3.279680e-06 -7.373606e-04 -5.266170e-05 -2.144012e-05
 8987.600000 -3.016499e-05 -4.778266e-07 -9.875559e-08 -4.433762e-07 -7.668797e-06 -7.424158e-04 -3.096319e-05 -2.027015e-05
 8987.800000 -3.018329e-05 -4.786521e-07 -9.670377e-08 -4.481098e-07 -7.283619e-06 -7.549955e-04 -2.003019e-05 -1.483475e-05
 8988.000000 -3.015257e-05 -4.759325e-07 -9.424811e-08 -4.520642e-07 -2.136289e-06 -7.679251e-04 -3.003983e-05 -1.946588e-05
 8988.200000 -3.016463e-05 -4.768447e-07 -9.205608e-08 -4.571101e-07 2.312733e-06 -7.598878e-04 -2.118631e-05 -2.176638e-05
 8988.400000 -3.015605e-05 -4.763555e-07 -8.948788e-08 -4.620426e-07 -1.913133e-06 -7.418970e-04 -2.200782e-05 -1.765089e-05
 8988.600000 -3.011269e-05 -4.747311e-07 -8.657097e-08 -4.659951e-07 2.421017e-06 -7.369550e-04 -3.415646e-05 -1.050449e-05
 8988.800000 -3.011775e-05 -4.766844e-07 -8.415687e-08 -4.718651e-07 -3.463885e-06 -7.407129e-04 -3.981451e-05 -7.499736e-06
 8989.000000 -3.013063e-05 -4.733490e-07 -8.093855e-08 -4.774186e-07 -3.055630e-06 -7.436673e-04 -4.039153e-05 -7.882715e-06
 8989.200000 -3.011196e-05 -4.731631e-07 -7.845373e-08 -4.821860e-07 -5.630598e-07 -7.470852e-04 -3.468944e-05 -2.653717e-06
 8989.400000 -3.011387e-05 -4.726372e-07 -7.589149e-08 -4.870223e-07 -9.838087e-08 -7.731141e-04 -3.045069e-05 -6.613173e-06
 8989.600000 -3.011764e-05 -4.722234e-07 -7.374315e-08 -4.925241e-07 -2.313776e-06 -7.750453e-04 -3.506197e-05 -1.848697e-05
 8989.800000 -3.009811e-05 -4.715124e-07 -7.148939e-08 -4.965447e-07 -2.937282e-06 -7.726185e-04 -2.519871e-05 -1.337716e-05
 8990.000000 -3.007918e-05 -4.707751e-07 -6.910778e-08 -5.009430e-07 -6.061328e-06 -7.808816e-04 -3.627615e-05 -1.426517e-05
 8990.200000 -3.005950e-05 -4.718105e-07 -6.702561e-08 -5.051133e-07 -7.573509e-08 -7.710526e-04 -4.264550e-05 -6.875473e-06
 8990.400000 -3.003128e-05 -4.689587e-07 -6.413879e-08 -5.086962e-07 3.572304e-06 -7.545588e-04 -2.976683e-05 -2.960542e-06
 8990.600000 -3.000904e-05 -4.693126e-07 -6.240110e-08 -5.120571e-07 8.611582e-06 -7.543731e-04 -4.533241e-05 -1.129058e-05
 8990.800000 -3.003387e-05 -4.689109e-07 -6.065213e-08 -5.164753e-07 3.811999e-06 -7.678285e-04 -5.504749e-05 -1.354765e-05
 8991.000000 -3.001242e-05 -4.678203e-07 -5.908340e-08 -5.188176e-07 1.070391e-05 -7.629616e-04 -3.940369e-05 -1.368639e-05
 8991.200000 -3.000011e-05 -4.675733e-07 -5.784739e-08 -5.211996e-07 2.533011e-05 -7.381574e-04 -3.413433e-05 -1.284333e-05
 8991.400000 -3.001378e-05 -4.673563e-07 -5.619190e-08 -5.243576e-07 2.503171e-05 -7.344643e-04 -3.234283e-05 -9.731639e-06
 8991.600000 -3.001923e-05 -4.670274e-07 -5.465784e-08 -5.262088e-07 2.077067e-05 -7.444350e-04 -2.835425e-05 -8.089813e-07
 8991.800000 -3.000508e-05 -4.672879e-07 -5.345245e-08 -5.268734e-07 1.803157e-05 -7.695539e-04 -2.290634e-05 -6.256567e-07
 8992.000000 -2.999683e-05 -4.667237e-07 -5.253961e-08 -5.271371e-07 1.595210e-05 -7.989860e-04 -2.461728e-05 -6.931741e-06
 8992.200000 -2.996034e-05 -4.661302e-07 -5.174288e-08 -5.259050e-07 1.597207e-05 -7.882748e-04 -2.179212e-05 -5.605872e-06
 8992.400000 -2.991915e-05 -4.654674e-07 -5.061018e-08 -5.246606e-07 1.907595e-05 -7.732906e-04 -1.280550e-05 9.411025e-06
 8992.600000 -2.992769e-05 -4.642658e-07 -4.994200e-08 -5.249233e-07 2.012654e-05 -7.539393e-04 -2.910412e-05 6.029011e-06
 8992.800000 -2.991147e-05 -4.657638e-07 -4.939675e-08 -5.243591e-07 2.095515e-05 -7.364394e-04 -3.958675e-05 4.087934e-06
 8993.000000 -2.987934e-05 -4.636620e-07 -4.916852e-08 -5.234402e-07 2.101644e-05 -7.529257e-04 -4.448580e-05 -6.957997e-06
 8993.200000 -2.977993e-05 -4.611151e-07 -4.897838e-08 -5.194778e-07 1.613081e-05 -7.586611e-04 -4.810210e-05 -1.669901e-05
 8993.400000 -2.978571e-05 -4.638418e-07 -4.923315e-08 -5.194583e-07 1.661935e-05 -7.601987e-04 -4.881999e-05 -2.092935e-05
 8993.600000 -2.983697e-05 -4.628709e-07 -4.894938e-08 -5.206700e-07 2.058745e-05 -7.630478e-04 -3.830671e-05 -2.997385e-05
 8993.800000 -2.987366e-05 -4.663685e-07 -4.964524e-08 -5.216898e-07 2.279417e-05 -7.646791e-04 -3.463441e-05 -3.049632e-05
 8994.000000 -2.986652e-05 -4.648895e-07 -4.929043e-08 -5.219830e-07 1.978296e-05 -7.542348e-04 -3.017768e-05 -2.562745e-05
 8994.200000 -2.983947e-05 -4.652150e-07 -4.963007e-08 -5.216498e-07 1.934358e-05 -7.421126e-04 -4.303687e-05 -2.561551e-05
 8994.400000 -2.983440e-05 -4.652281e-07 -5.012997e-08 -5.229641e-07 1.816851e-05 -7.362401e-04 -5.182723e-05 -2.684594e-05
 8994.600000 -2.982048e-05 -4.645548e-07 -5.078822e-08 -5.235029e-07 1.800935e-05 -7.464145e-04 -4.814444e-05 -2.342086e-05
 8994.800000 -2.983394e-05 -4.653514e-07 -5.183095e-08 -5.259160e-07 2.752016e-05 -7.369011e-04 -3.432477e-05 -2.218630e-05
 8995.000000 -2.979419e-05 -4.631112e-07 -5.191037e-08 -5.261479e-07 2.688669e-05 -7.088567e-04 -4.741886e-05 -2.316109e-05
 8995.200000 -2.979540e-05 -4.654591e-07 -5.274430e-08 -5.283728e-07 2.028143e-05 -7.054455e-04 -4.033216e-05 -2.182731e-05
 8995.400000 -2.984736e-05 -4.640149e-07 -5.333205e-08 -5.324982e-07 1.353926e-05 -6.996266e-04 -3.451637e-05 -2.549452e-05
 8995.600000 -2.984875e-05 -4.646510e-07 -5.374849e-08 -5.350575e-07 1.222659e-05 -7.055151e-04 -3.663597e-05 -3.648238e-05
 8995.800000 -2.988057e-05 -4.639624e-07 -5.388728e-08 -5.387415e-07 7.961532e-06 -7.153152e-04 -3.631140e-05 -4.269316e-05
 8996.000000 -2.987977e-05 -4.631666e-07 -5.428744e-08 -5.408995e-07 8.546069e-06 -6.984250e-04 -4.098178e-05 -4.481288e-05
 8996.200000 -2.987500e-05 -4.643858e-07 -5.527250e-08 -5.430984e-07 1.522220e-05 -7.032410e-04 -4.246529e-05 -3.495709e-05
 8996.400000 -2.987237e-05 -4.609651e-07 -5.580985e-08 -5.447365e-07 1.809766e-05 -7.069425e-04 -3.632225e-05 -2.191805e-05
 8996.600000 -2.987119e-05 -4.635258e-07 -5.692297e-08 -5.465055e-07 1.906289e-05 -7.215739e-04 -4.158956e-05 -2.657315e-05
 8996.800000 -2.985713e-05 -4.614576e-07 -5.696948e-08 -5.471742e-07 2.392162e-05 -7.337541e-04 -5.699654e-05 -4.538003e-05
 8997.000000 -2.985124e-05 -4.621604e-07 -5.726090e-08 -5.478801e-07 1.264764e-05 -7.317839e-04 -5.505085e-05 -4.308602e-05
 8997.200000 -2.983440e-05 -4.617533e-07 -5.746603e-08 -5.478070e-07 9.219851e-06 -7.327361e-04 -4.559009e-05 -2.377836e-05
 8997.400000 -2.982518e-05 -4.605420e-07 -5.735831e-08 -5.475785e-07 7.723619e-06 -7.289557e-04 -6.328405e-05 -2.809468e-05
 8997.600000 -2.983359e-05 -4.626219e-07 -5.765181e-08 -5.481410e-07 1.472334e-05 -7.330508e-04 -5.454119e-05 -2.484456e-05
 8997.800000 -2.983935e-05 -4.623855e-07 -5.773692e-08 -5.469375e-07 1.571663e-05 -7.143262e-04 -4.342383e-05 -2.907353e-05
 8998.000000 -2.983897e-05 -4.639750e-07 -5.791340e-08 -5.461612e-07 1.611032e-05 -7.067613e-04 -4.636162e-05 -3.117981e-05
 8998.200000 -2.982175e-05 -4.616471e-07 -5.777120e-08 -5.434064e-07 1.546070e-05 -7.010120e-04 -5.162636e-05 -2.826392e-05
 8998.400000 -2.982037e-05 -4.632236e-07 -5.748251e-08 -5.417689e-07 7.837693e-06 -6.809326e-04 -3.913650e-05 -1.179450e-05
 8998.600000 -2.983378e-05 -4.626495e-07 -5.744157e-08 -5.393418e-07 5.593171e-06 -6.649380e-04 -4.066136e-05 -2.779741e-05
 8998.800000 -2.981636e-05 -4.618774e-07 -5.727454e-08 -5.367535e-07 5.278416e-07 -6.638058e-04 -3.235933e-05 -1.977690e-05
 8999.000000 -2.979572e-05 -4.631010e-07 -5.690849e-08 -5.341236e-07 1.128609e-05 -6.738316e-04 -5.576923e-05 -1.854872e-05
 8999.200000 -2.980953e-05 -4.624040e-07 -5.612665e-08 -5.321454e-07 6.973035e-06 -6.935257e-04 -3.898665e-05 -2.196473e-05
 8999.400000 -2.979724e-05 -4.642030e-07 -5.563498e-08 -5.297548e-07 5.410207e-06 -6.953431e-04 -4.229178e-05 -2.154380e-05
 8999.600000 -2.975720e-05 -4.631285e-07 -5.516909e-08 -5.263612e-07 1.291792e-05 -6.936468e-04 -4.597472e-05 -1.925737e-05
 8999.800000 -2.973662e-05 -4.629625e-07 -5.411543e-08 -5.242579e-07 9.910601e-06 -6.745050e-04 -4.019300e-05 -2.001599e-05
 9000.000000 -2.971602e-05 -4.622955e-07 -5.367126e-08 -5.217184e-07 2.255431e-05 -6.584128e-04 -3.730882e-05 -2.299138e-05
 9000.200000 -2.966439e-05 -4.606442e-07 -5.265731e-08 -5.193665e-07 2.214699e-05 -6.418708e-04 -4.609651e-05 -3.388941e-05
 9000.400000 -2.967273e-05 -4.623051e-07 -5.221553e-08 -5.193035e-07 1.744969e-05 -6.431613e-04 -1.811951e-05 -2.423159e-05
 9000.600000 -2.967665e-05 -4.613108e-07 -5.166617e-08 -5.190270e-07 1.767519e-05 -6.400714e-04 -2.934240e-05 -3.427340e-05
 9000.800000 -2.970264e-05 -4.628285e-07 -5.147787e-08 -5.199315e-07 2.331385e-05 -6.544755e-04 -3.591210e-05 -4.092913e-05
 9001.000000 -2.966835e-05 -4.629827e-07 -5.085119e-08 -5.183370e-07 2.478057e-05 -6.583620e-04 -3.575470e-05 -3.862297e-05
 9001.200000 -2.959119e-05 -4.602264e-07 -4.961904e-08 -5.169347e-07 2.583304e-05 -6.517788e-04 -3.485193e-05 -3.491059e-05
 9001.400000 -2.948391e-05 -4.600887e-07 -4.892226e-08 -5.147317e-07 1.900409e-05 -6.223289e-04 -3.015577e-05 -3.240752e-05
 9001.600000 -2.937355e-05 -4.577403e-07 -4.843184e-08 -5.136371e-07 1.855138e-05 -6.308178e-04 -3.468219e-05 -4.240446e-05
 9001.800000 -2.922223e-05 -4.567615e-07 -4.777768e-08 -5.113186e-07 1.386102e-05 -6.225467e-04 -3.200790e-05 -3.859538e-05
 9002.000000 -2.910222e-05 -4.555343e-07 -4.758674e-08 -5.092303e-07 1.634822e-05 -6.431667e-04 -2.859014e-05 -3.196088e-05
 9002.200000 -2.911444e-05 -4.556523e-07 -4.729638e-08 -5.097146e-07 1.056683e-05 -6.467357e-04 -1.912092e-05 -2.535333e-05
 9002.400000 -2.918777e-05 -4.561178e-07 -4.699126e-08 -5.106377e-07 9.911296e-06 -6.685541e-04 -2.619783e-05 -3.652773e-05
 9002.600000 -2.925816e-05 -4.565325e-07 -4.699918e-08 -5.115939e-07 1.272234e-05 -6.610727e-04 -3.275662e-05 -2.746690e-05
 9002.800000 -2.935018e-05 -4.596407e-07 -4.749251e-08 -5.119103e-07 7.656274e-06 -6.419515e-04 -3.446278e-05 -1.589646e-05
 9003.000000 -2.947374e-05 -4.605772e-07 -4.756797e-08 -5.137932e-07 6.268285e-06 -6.403565e-04 -4.318600e-05 -1.932223e-05
 9003.200000 -2.965844e-05 -4.645345e-07 -4.834788e-08 -5.181217e-07 8.883446e-07 -6.331245e-04 -4.187314e-05 -1.652586e-05
 9003.400000 -2.974719e-05 -4.669058e-07 -4.901333e-08 -5.201343e-07 1.154100e-05 -6.342316e-04 -4.278305e-05 -2.377974e-05
 9003.600000 -2.975351e-05 -4.655885e-07 -4.924142e-08 -5.194745e-07 1.972999e-05 -6.438716e-04 -4.062125e-05 -3.104245e-05
 9003.800000 -2.975432e-05 -4.669663e-07 -5.003483e-08 -5.186685e-07 1.549544e-05 -6.379888e-04 -3.618524e-05 -2.449224e-05
 9004.000000 -2.974505e-05 -4.661359e-07 -5.052833e-08 -5.181756e-07 2.103267e-05 -6.396926e-04 -4.105186e-05 -2.184981e-05
 9004.200000 -2.975195e-05 -4.645285e-07 -5.101226e-08 -5.177252e-07 1.845876e-05 -6.422463e-04 -3.598516e-05 -2.643190e-05
 9004.400000 -2.972247e-05 -4.661330e-07 -5.202297e-08 -5.164261e-07 1.704148e-05 -6.438368e-04 -3.484486e-05 -2.598810e-05
 9004.600000 -2.972729e-05 -4.651959e-07 -5.220199e-08 -5.161248e-07 1.594595e-05 -6.767585e-04 -3.984853e-05 -2.906326e-05
 9004.800000 -2.971343e-05 -4.653656e-07 -5.267960e-08 -5.151367e-07 1.710510e-05 -6.838177e-04 -3.086434e-05 -3.300789e-05
 9005.000000 -2.970435e-05 -4.652059e-07 -5.308259e-08 -5.145700e-07 9.938817e-06 -6.675164e-04 -3.657918e-05 -3.613527e-05
 9005.200000 -2.965496e-05 -4.638950e-07 -5.369945e-08 -5.119295e-07 1.534100e-05 -6.767248e-04 -2.367600e-05 -3.154298e-05
 9005.400000 -2.962599e-05 -4.652151e-07 -5.480697e-08 -5.105418e-07 2.476974e-05 -6.848172e-04 -1.986147e-05 -2.570281e-05
 9005.600000 -2.964309e-05 -4.639218e-07 -5.518243e-08 -5.108355e-07 2.872740e-05 -6.764149e-04 -3.044603e-05 -1.987246e-05
 9005.800000 -2.960599e-05 -4.631776e-07 -5.540342e-08 -5.092493e-07 2.423459e-05 -6.919108e-04 -2.875930e-05 -1.629107e-05
 9006.000000 -2.956128e-05 -4.622116e-07 -5.550097e-08 -5.076351e-07 2.998480e-05 -6.840578e-04 -2.163620e-05 -1.054539e-05
 9006.200000 -2.956681e-05 -4.618753e-07 -5.576147e-08 -5.068859e-07 1.420581e-05 -6.740124e-04 -4.078163e-05 -2.281008e-05
 9006.400000 -2.961539e-05 -4.652784e-07 -5.633868e-08 -5.083569e-07 7.535896e-06 -6.626414e-04 -5.184138e-05 -2.282872e-05
 9006.600000 -2.961762e-05 -4.650091e-07 -5.662014e-08 -5.077790e-07 4.897797e-06 -6.601701e-04 -5.345052e-05 -1.621536e-05
 9006.800000 -2.963725e-05 -4.643380e-07 -5.696789e-08 -5.080466e-07 1.909855e-05 -6.550090e-04 -4.045174e-05 -1.089412e-05
 9007.000000 -2.964192e-05 -4.656722e-07 -5.776384e-08 -5.080243e-07 2.242953e-05 -6.636833e-04 -4.233006e-05 -9.825907e-06
 9007.200000 -2.960788e-05 -4.656148e-07 -5.828392e-08 -5.068278e-07 1.866423e-05 -6.504360e-04 -3.782272e-05 -1.071687e-05
 9007.400000 -2.960732e-05 -4.662948e-07 -5.846620e-08 -5.066449e-07 1.086408e-05 -6.479062e-04 -4.511163e-05 -1.950510e-05
 9007.600000 -2.956235e-05 -4.644256e-07 -5.848409e-08 -5.042997e-07 1.535144e-05 -6.487531e-04 -3.948605e-05 -1.382624e-05
 9007.800000 -2.948591e-05 -4.614160e-07 -5.805180e-08 -5.016927e-07 1.132736e-05 -6.538382e-04 -3.691448e-05 -2.279289e-05
 9008.000000 -2.949535e-05 -4.600245e-07 -5.873910e-08 -5.013904e-07 -1.762961e-06 -6.659319e-04 -3.142601e-05 -2.374031e-05
 9008.200000 -2.955013e-05 -4.652471e-07 -5.987824e-08 -5.022136e-07 4.554789e-06 -6.875880e-04 -3.719789e-05 -2.549769e-05
 9008.400000 -2.958800e-05 -4.646646e-07 -6.053556e-08 -5.037437e-07 8.652638e-06 -6.792500e-04 -4.631055e-05 -2.610205e-05
 9008.600000 -2.959821e-05 -4.649895e-07 -6.102569e-08 -5.036886e-07 1.204628e-05 -6.946207e-04 -3.400409e-05 -2.712216e-05
 9008.800000 -2.961709e-05 -4.652107e-07 -6.143089e-08 -5.038632e-07 1.831364e-05 -6.832281e-04 -3.524011e-05 -3.078281e-05
 9009.000000 -2.963275e-05 -4.659876e-07 -6.179017e-08 -5.045965e-07 2.063749e-05 -6.665286e-04 -2.923691e-05 -2.672900e-05
 9009.227860 -2.961649e-05 -4.657593e-07 -6.195034e-08 -5.040061e-07 1.246530e-05 -6.846729e-04 -3.613021e-05 -2.147418e-05
 9009.483581 -2.960093e-05 -4.650824e-07 -6.224709e-08 -5.032733e-07 1.812245e-05 -6.949694e-04 -3.767546e-05 -1.261788e-05
 9009.767162 -2.957292e-05 -4.644611e-07 -6.232403e-08 -5.021974e-07 1.825626e-05 -7.088442e-04 -3.835421e-05 -1.583108e-05
 9010.078604 -2.956885e-05 -4.640057e-07 -6.263671e-08 -5.022585e-07 1.211472e-05 -7.009167e-04 -4.590021e-05 -2.103486e-05
 9010.417905 -2.955564e-05 -4.629447e-07 -6.305424e-08 -5.023729e-07 1.408138e-05 -7.066890e-04 -4.007662e-05 -1.703581e-05
 9010.785067 -2.951346e-05 -4.612457e-07 -6.286314e-08 -5.020994e-07 1.912841e-05 -7.198381e-04 -2.548932e-05 -2.199636e-06
 9011.180090 -2.941084e-05 -4.605076e-07 -6.300211e-08 -5.008104e-07 9.734806e-06 -7.191605e-04 -3.685760e-05 -1.135305e-05
 9011.602973 -2.930493e-05 -4.590044e-07 -6.212897e-08 -4.997424e-07 2.614533e-06 -7.212234e-04 -3.962917e-05 -1.800379e-05
 9012.053716 -2.933165e-05 -4.610897e-07 -6.207029e-08 -5.031200e-07 6.493340e-06 -7.223826e-04 -3.263534e-05 -1.629511e-05
 9012.532319 -2.934362e-05 -4.620366e-07 -6.229735e-08 -5.058640e-07 1.118935e-05 -7.192562e-04 -3.686410e-05 -9.093456e-06
 9013.038783 -2.939680e-05 -4.619313e-07 -6.223993e-08 -5.104458e-07 1.992887e-05 -7.422046e-04 -3.814529e-05 -7.515106e-06
 9013.573107 -2.944450e-05 -4.603388e-07 -6.161612e-08 -5.154779e-07 1.400174e-05 -7.405471e-04 -4.303533e-05 -5.468233e-06
 9014.135292 -2.955322e-05 -4.600673e-07 -6.068060e-08 -5.228128e-07 6.840754e-06 -7.557819e-04 -4.184078e-05 -2.270957e-06
 9014.725337 -2.966159e-05 -4.619421e-07 -6.044499e-08 -5.293003e-07 1.559466e-06 -7.442542e-04 -4.003827e-05 -1.406508e-05
 9015.343242 -2.968728e-05 -4.623193e-07 -6.002948e-08 -5.333773e-07 7.477847e-06 -7.401889e-04 -4.424494e-05 -1.274810e-05
 9015.989008 -2.968084e-05 -4.622044e-07 -5.883298e-08 -5.355003e-07 5.005838e-06 -7.251926e-04 -3.898834e-05 -1.093376e-05
 9016.662634 -2.967402e-05 -4.616130e-07 -5.759221e-08 -5.359147e-07 1.284066e-05 -7.180305e-04 -4.711011e-05 -2.573135e-05
 9017.364120 -2.965246e-05 -4.615129e-07 -5.643899e-08 -5.349405e-07 2.145859e-06 -7.110580e-04 -4.494454e-05 -3.441067e-05
 9018.093467 -2.962817e-05 -4.614710e-07 -5.509697e-08 -5.322968e-07 -1.984023e-06 -7.150156e-04 -4.178364e-05 -2.708588e-05
 9018.850674 -2.964240e-05 -4.615499e-07 -5.390486e-08 -5.300152e-07 5.287634e-06 -7.239472e-04 -4.100905e-05 -1.983486e-05
 9019.635741 -2.961515e-05 -4.614032e-07 -5.300913e-08 -5.262201e-07 -3.903809e-08 -7.182218e-04 -3.159580e-05 -1.990876e-05
 9020.448669 -2.959475e-05 -4.617194e-07 -5.205289e-08 -5.223395e-07 1.747063e-07 -7.252131e-04 -3.294543e-05 -1.943774e-05
 9021.289457 -2.956471e-05 -4.610386e-07 -5.071216e-08 -5.185748e-07 -5.281160e-06 -7.204712e-04 -3.721499e-05 -1.868328e-05
 9022.158106 -2.954335e-05 -4.604853e-07 -4.964779e-08 -5.154024e-07 -5.505639e-06 -7.203035e-04 -3.013315e-05 -1.388204e-05
 9023.054614 -2.956910e-05 -4.611143e-07 -4.880913e-08 -5.145694e-07 -6.417908e-06 -7.178624e-04 -2.469901e-05 -1.966956e-05
 9023.978983 -2.955020e-05 -4.615965e-07 -4.797235e-08 -5.131940e-07 -8.742237e-06 -7.049703e-04 -3.266729e-05 -2.871614e-05
 9024.931213 -2.953892e-05 -4.611336e-07 -4.744224e-08 -5.122425e-07 -2.587650e-06 -7.117126e-04 -3.406152e-05 -2.369633e-05
 9025.911303 -2.953533e-05 -4.607725e-07 -4.783527e-08 -5.120060e-07 5.580234e-06 -7.134264e-04 -2.776228e-05 -1.374401e-05
 9026.919253 -2.951313e-05 -4.609426e-07 -4.901597e-08 -5.116660e-07 1.074074e-05 -7.059778e-04 -2.692402e-05 -2.438118e-05
 9027.955064 -2.948361e-05 -4.605703e-07 -5.013223e-08 -5.109470e-07 1.318822e-05 -7.313704e-04 -2.054597e-05 -1.947425e-05
 9029.018734 -2.948196e-05 -4.605019e-07 -5.161402e-08 -5.111812e-07 7.236285e-06 -7.397812e-04 -1.802224e-05 -1.992724e-05
 9030.110266 -2.944601e-05 -4.598117e-07 -5.337114e-08 -5.103643e-07 1.016456e-05 -7.515593e-04 -1.730946e-05 -2.857758e-05
 9031.232723 -2.942155e-05 -4.585846e-07 -5.490448e-08 -5.098518e-07 6.101397e-06 -7.619774e-04 -2.398105e-05 -2.834536e-05
 9032.367373 -2.941652e-05 -4.589288e-07 -5.615278e-08 -5.102044e-07 8.481794e-06 -7.768833e-04 -2.509814e-05 -2.921476e-05
 9033.514214 -2.942116e-05 -4.592329e-07 -5.711120e-08 -5.115891e-07 2.923774e-06 -7.620258e-04 -2.525341e-05 -2.132211e-05
 9034.673248 -2.939154e-05 -4.582808e-07 -5.756394e-08 -5.127180e-07 4.977838e-06 -7.254327e-04 -2.710379e-05 -1.801907e-05
 9035.844473 -2.937615e-05 -4.571048e-07 -5.793629e-08 -5.149347e-07 1.825119e-06 -7.198935e-04 -3.023623e-05 -2.609204e-05
 9037.027890 -2.936522e-05 -4.566835e-07 -5.791934e-08 -5.174480e-07 9.989443e-06 -7.298219e-04 -2.710577e-05 -2.597719e-05
 9038.223499 -2.935729e-05 -4.558738e-07 -5.732826e-08 -5.204176e-07 1.506623e-05 -7.479936e-04 -3.918149e-05 -3.259382e-05
 9039.431300 -2.933880e-05 -4.551102e-07 -5.664214e-08 -5.228504e-07 9.787457e-06 -7.430319e-04 -4.072508e-05 -2.892404e-05
 9040.651293 -2.930244e-05 -4.540796e-07 -5.637007e-08 -5.233669e-07 1.291551e-05 -7.460080e-04 -2.953484e-05 -2.842274e-05
 9041.883478 -2.928775e-05 -4.533455e-07 -5.613705e-08 -5.247255e-07 1.544805e-05 -7.255272e-04 -2.830779e-05 -3.583978e-05
 9043.127855 -2.925891e-05 -4.527107e-07 -5.560311e-08 -5.251938e-07 2.176308e-05 -7.142075e-04 -4.024554e-05 -3.738574e-05
 9044.384423 -2.925927e-05 -4.527930e-07 -5.563116e-08 -5.261975e-07 1.810302e-05 -7.053894e-04 -4.246867e-05 -3.072030e-05
 9045.653184 -2.922908e-05 -4.524556e-07 -5.590772e-08 -5.265092e-07 1.542605e-05 -7.452019e-04 -3.435278e-05 -2.994502e-05
 9046.934136 -2.918602e-05 -4.515018e-07 -5.541561e-08 -5.268865e-07 1.231102e-05 -7.420723e-04 -3.563590e-05 -3.169010e-05
 9048.227280 -2.913592e-05 -4.497527e-07 -5.432607e-08 -5.269764e-07 5.696169e-06 -7.329484e-04 -3.922932e-05 -3.746520e-05
 9049.532617 -2.910051e-05 -4.490544e-07 -5.361393e-08 -5.274087e-07 5.589824e-07 -7.645862e-04 -3.822770e-05 -2.692240e-05
 9050.850145 -2.915720e-05 -4.506807e-07 -5.398985e-08 -5.316106e-07 1.000438e-05 -7.556246e-04 -5.440853e-05 -3.828577e-05
 9052.179865 -2.912891e-05 -4.498993e-07 -5.362316e-08 -5.323392e-07 1.212282e-05 -7.731826e-04 -3.682395e-05 -3.080052e-05
 9053.521777 -2.910572e-05 -4.487470e-07 -5.321428e-08 -5.322069e-07 1.268392e-05 -7.794478e-04 -3.728703e-05 -2.591191e-05
 9054.875881 -2.909661e-05 -4.483195e-07 -5.299689e-08 -5.322580e-07 6.155302e-06 -7.439174e-04 -5.483416e-05 -3.434606e-05
 9056.242177 -2.907620e-05 -4.481778e-07 -5.264287e-08 -5.322280e-07 -5.617822e-06 -7.529800e-04 -5.832800e-05 -1.996537e-05
 9057.620664 -2.906652e-05 -4.485897e-07 -5.186235e-08 -5.321606e-07 4.401978e-07 -7.771658e-04 -4.217693e-05 -1.257472e-05
 9059.011344 -2.890586e-05 -4.453704e-07 -5.061005e-08 -5.287895e-07 7.108802e-06 -7.510968e-04 -3.241142e-05 -1.361073e-05
 9060.414215 -2.881586e-05 -4.451604e-07 -5.004073e-08 -5.275540e-07 5.114172e-06 -7.757463e-04 -4.655058e-05 -2.803728e-05
 9061.829279 -2.897626e-05 -4.459033e-07 -4.960478e-08 -5.321729e-07 1.161024e-05 -7.451403e-04 -6.291520e-05 -3.148851e-05
 9063.256534 -2.902052e-05 -4.471076e-07 -4.943948e-08 -5.328020e-07 1.374358e-05 -7.586001e-04 -6.991901e-05 -3.812914e-05
 9064.695981 -2.894082e-05 -4.449618e-07 -4.870891e-08 -5.302460e-07 8.623892e-06 -7.608847e-04 -6.371771e-05 -3.404644e-05
 9066.147620 -2.894057e-05 -4.446317e-07 -4.814620e-08 -5.306629e-07 2.401682e-07 -7.659644e-04 -6.565941e-05 -3.615600e-05
 9067.611452 -2.901095e-05 -4.464163e-07 -4.760112e-08 -5.345920e-07 5.636906e-07 -7.541879e-04 -6.272828e-05 -3.762906e-05
 9069.087475 -2.901645e-05 -4.470091e-07 -4.688826e-08 -5.362705e-07 -2.013580e-06 -7.614327e-04 -6.469264e-05 -3.476198e-05
 9070.575689 -2.897451e-05 -4.470580e-07 -4.655814e-08 -5.358353e-07 6.390615e-06 -7.608416e-04 -5.411669e-05 -3.254344e-05
 9072.076096 -2.897213e-05 -4.461558e-07 -4.668446e-08 -5.374651e-07 1.694171e-05 -7.501207e-04 -5.218948e-05 -3.570159e-05
 9073.588695 -2.897485e-05 -4.461989e-07 -4.735096e-08 -5.388528e-07 1.640370e-05 -7.431763e-04 -5.307085e-05 -4.155137e-05
 9075.113485 -2.895790e-05 -4.460823e-07 -4.773694e-08 -5.392301e-07 1.520149e-05 -7.507244e-04 -5.498546e-05 -2.880394e-05
 9076.650468 -2.895673e-05 -4.459277e-07 -4.828543e-08 -5.394101e-07 5.048977e-06 -7.785167e-04 -5.751556e-05 -2.936528e-05
 9078.199642 -2.892673e-05 -4.457978e-07 -4.946172e-08 -5.381500e-07 1.113416e-05 -7.683452e-04 -5.610934e-05 -3.091214e-05
 9079.761009 -2.886530e-05 -4.444294e-07 -5.071216e-08 -5.349788e-07 1.693310e-05 -7.581291e-04 -6.200469e-05 -2.869342e-05
 9081.334567 -2.885923e-05 -4.436161e-07 -5.208919e-08 -5.344303e-07 2.076383e-05 -7.588745e-04 -6.965840e-05 -4.369467e-05
 9082.920317 -2.883198e-05 -4.443347e-07 -5.319537e-08 -5.350400e-07 1.957382e-05 -7.612153e-04 -6.855364e-05 -4.843259e-05
 9084.518259 -2.880767e-05 -4.456186e-07 -5.432323e-08 -5.348498e-07 1.456358e-05 -7.631378e-04 -5.019249e-05 -3.925593e-05
 9086.128393 -2.880270e-05 -4.453793e-07 -5.440523e-08 -5.354194e-07 1.508139e-05 -7.804556e-04 -4.892237e-05 -3.872547e-05
 9087.750719 -2.882774e-05 -4.451236e-07 -5.500073e-08 -5.365270e-07 1.095034e-05 -7.740741e-04 -4.214681e-05 -3.646907e-05
 9089.385237 -2.885656e-05 -4.455258e-07 -5.583002e-08 -5.372255e-07 1.755998e-05 -7.744635e-04 -4.556309e-05 -3.815893e-05
 9091.031946 -2.883368e-05 -4.454950e-07 -5.675164e-08 -5.371279e-07 1.372483e-05 -7.796402e-04 -5.423269e-05 -3.714831e-05
 9092.690848 -2.879981e-05 -4.442492e-07 -5.753624e-08 -5.359753e-07 4.292742e-06 -7.928322e-04 -4.853297e-05 -3.672091e-05
 9094.361942 -2.880635e-05 -4.448738e-07 -5.878922e-08 -5.361240e-07 9.657379e-06 -7.772588e-04 -5.729347e-05 -3.408347e-05
 9096.045227 -2.875613e-05 -4.443480e-07 -5.963806e-08 -5.341693e-07 1.235317e-05 -7.832210e-04 -5.280827e-05 -2.712606e-05
 9097.740704 -2.872778e-05 -4.438584e-07 -5.986342e-08 -5.326358e-07 7.665147e-06 -7.891107e-04 -5.831963e-05 -4.355119e-05
 9099.448374 -2.873817e-05 -4.443784e-07 -5.986544e-08 -5.328600e-07 5.516219e-06 -7.651773e-04 -7.278881e-05 -4.142443e-05
 9101.168235 -2.877379e-05 -4.454457e-07 -5.978215e-08 -5.345085e-07 2.646641e-06 -7.587680e-04 -5.336497e-05 -2.918881e-05
 9102.900288 -2.871858e-05 -4.446386e-07 -5.876017e-08 -5.327924e-07 8.347763e-06 -7.838130e-04 -4.870019e-05 -1.778773e-05
 9104.644533 -2.870002e-05 -4.447324e-07 -5.741084e-08 -5.320756e-07 1.087676e-05 -7.840413e-04 -5.076889e-05 -3.149671e-05
 9106.400970 -2.873856e-05 -4.457088e-07 -5.635638e-08 -5.343069e-07 3.272464e-06 -7.526618e-04 -5.520204e-05 -3.388319e-05
 9108.169598 -2.875656e-05 -4.459720e-07 -5.513127e-08 -5.358162e-07 -1.499054e-06 -7.333502e-04 -6.259811e-05 -3.786098e-05
 9109.950419 -2.875044e-05 -4.454037e-07 -5.428828e-08 -5.369405e-07 -1.582447e-06 -7.232165e-04 -5.448480e-05 -4.110346e-05
 9111.743432 -2.876707e-05 -4.451749e-07 -5.388340e-08 -5.383807e-07 -3.111756e-06 -7.518891e-04 -5.414942e-05 -3.382604e-05
 9113.548636 -2.877905e-05 -4.466159e-07 -5.399522e-08 -5.397599e-07 -1.704130e-06 -7.516722e-04 -5.802483e-05 -3.661780e-05
 9115.366032 -2.877943e-05 -4.461508e-07 -5.411751e-08 -5.405812e-07 5.004281e-06 -7.456893e-04 -4.398683e-05 -2.455967e-05
 9117.195621 -2.876051e-05 -4.461422e-07 -5.404004e-08 -5.416092e-07 1.090571e-05 -7.726041e-04 -3.465046e-05 -1.786048e-05
 9119.037401 -2.872237e-05 -4.448834e-07 -5.326790e-08 -5.419454e-07 1.267553e-05 -7.676386e-04 -4.295801e-05 -1.967480e-05
 9120.891373 -2.867337e-05 -4.420858e-07 -5.229659e-08 -5.421328e-07 1.108286e-05 -7.563923e-04 -3.708157e-05 -1.369367e-05
 9122.757537 -2.867562e-05 -4.416534e-07 -5.121192e-08 -5.441162e-07 1.128149e-05 -7.684644e-04 -4.699540e-05 -2.317675e-05
 9124.635893 -2.867676e-05 -4.412690e-07 -4.981762e-08 -5.465717e-07 1.718774e-05 -7.588848e-04 -3.444499e-05 -2.238624e-05
 9126.526441 -2.868610e-05 -4.418452e-07 -4.864152e-08 -5.490114e-07 1.439971e-05 -7.617895e-04 -4.483596e-05 -2.362897e-05
 9128.429181 -2.863520e-05 -4.411841e-07 -4.730196e-08 -5.499587e-07 9.632376e-06 -7.558018e-04 -6.299595e-05 -2.757217e-05
 9130.344112 -2.853709e-05 -4.404832e-07 -4.646981e-08 -5.498974e-07 1.824224e-06 -7.796600e-04 -4.796726e-05 -3.240886e-05
 9132.271236 -2.861869e-05 -4.412635e-07 -4.622935e-08 -5.535795e-07 1.976568e-06 -7.598728e-04 -5.809686e-05 -3.407369e-05
 9134.210552 -2.864447e-05 -4.409534e-07 -4.627913e-08 -5.555242e-07 6.196044e-06 -7.476903e-04 -4.721125e-05 -2.471002e-05
 9136.162059 -2.861449e-05 -4.404874e-07 -4.690021e-08 -5.557268e-07 4.593666e-06 -7.553938e-04 -5.084573e-05 -3.353675e-05
 9138.125758 -2.853733e-05 -4.388202e-07 -4.747188e-08 -5.536470e-07 8.819530e-06 -7.785965e-04 -5.921558e-05 -3.591387e-05
 9140.101649 -2.851919e-05 -4.385003e-07 -4.822622e-08 -5.522700e-07 6.331833e-06 -7.823428e-04 -5.125076e-05 -4.286469e-05
 9142.089733 -2.856519e-05 -4.399659e-07 -4.947339e-08 -5.541860e-07 6.959485e-06 -7.687030e-04 -4.404263e-05 -2.738376e-05
 9144.090008 -2.854159e-05 -4.412033e-07 -5.085245e-08 -5.528556e-07 9.227040e-06 -7.631790e-04 -4.454873e-05 -2.627045e-05
 9146.102475 -2.855232e-05 -4.403922e-07 -5.241959e-08 -5.535190e-07 3.721904e-06 -7.506906e-04 -3.924235e-05 -2.588668e-05
 9148.127133 -2.862024e-05 -4.427034e-07 -5.447697e-08 -5.555415e-07 2.538165e-06 -7.461096e-04 -5.309008e-05 -2.556767e-05
 9150.163984 -2.861540e-05 -4.421383e-07 -5.649033e-08 -5.550208e-07 1.061898e-05 -7.810098e-04 -5.505253e-05 -2.862577e-05
 9152.213027 -2.859461e-05 -4.423285e-07 -5.875794e-08 -5.543829e-07 9.555280e-06 -7.651014e-04 -5.000125e-05 -1.995164e-05
 9154.274261 -2.836119e-05 -4.389518e-07 -6.021072e-08 -5.499175e-07 2.135459e-06 -7.799444e-04 -4.474280e-05 -2.916147e-05
 9156.347688 -2.812229e-05 -4.355469e-07 -6.112808e-08 -5.446256e-07 1.230496e-05 -7.732626e-04 -3.581142e-05 -2.593932e-05
 9158.433306 -2.862213e-05 -4.444363e-07 -6.305865e-08 -5.546503e-07 1.837283e-05 -7.688938e-04 -3.683458e-05 -1.863698e-05
 9160.531117 -2.862675e-05 -4.452556e-07 -6.278402e-08 -5.556699e-07 2.252065e-05 -7.675662e-04 -4.275960e-05 -1.444861e-05
 9162.641119 -2.861821e-05 -4.454206e-07 -6.213638e-08 -5.566785e-07 2.367650e-05 -7.841120e-04 -4.975831e-05 -2.159219e-05
 9164.763313 -2.856818e-05 -4.442941e-07 -6.057258e-08 -5.555605e-07 1.893555e-05 -7.735393e-04 -3.891546e-05 -1.777611e-05
 9166.897699 -2.848240e-05 -4.419614e-07 -5.857592e-08 -5.543575e-07 9.320140e-06 -7.773388e-04 -4.360304e-05 -9.997700e-06
 9169.044277 -2.821715e-05 -4.377912e-07 -5.630690e-08 -5.497028e-07 6.457131e-06 -7.819343e-04 -4.957015e-05 -9.737953e-06
 9171.203047 -2.813316e-05 -4.393040e-07 -5.513817e-08 -5.483719e-07 1.407748e-06 -7.746779e-04 -4.308141e-05 -1.814625e-05
 9173.374008 -2.845381e-05 -4.440349e-07 -5.482085e-08 -5.569360e-07 5.697731e-06 -7.727878e-04 -4.033380e-05 -1.970407e-05
 9175.557162 -2.855917e-05 -4.467324e-07 -5.476954e-08 -5.608207e-07 1.162023e-05 -7.896213e-04 -3.960254e-05 -1.863099e-05
 9177.752508 -2.862065e-05 -4.485394e-07 -5.517004e-08 -5.638075e-07 1.228137e-05 -7.869270e-04 -5.057210e-05 -1.848522e-05
 9179.960045 -2.861963e-05 -4.485449e-07 -5.548884e-08 -5.646411e-07 1.548525e-05 -7.793619e-04 -4.818733e-05 -1.741333e-05
 9182.179775 -2.862276e-05 -4.491055e-07 -5.582983e-08 -5.655138e-07 1.810010e-05 -7.820743e-04 -5.489856e-05 -2.462340e-05
 9184.411696 -2.864073e-05 -4.492872e-07 -5.600010e-08 -5.669424e-07 1.817538e-05 -7.839161e-04 -4.882021e-05 -1.582539e-05
 9186.655809 -2.860736e-05 -4.496204e-07 -5.619069e-08 -5.667487e-07 1.545758e-05 -7.475225e-04 -4.952072e-05 -2.095976e-05
 9188.912114 -2.859228e-05 -4.495226e-07 -5.628322e-08 -5.672412e-07 1.675497e-05 -7.240566e-04 -3.909978e-05 -1.525355e-05
 9191.180611 -2.860656e-05 -4.496854e-07 -5.651270e-08 -5.687881e-07 -9.243539e-07 -7.476081e-04 -3.275671e-05 -6.699367e-06
 9193.461300 -2.863528e-05 -4.502920e-07 -5.691676e-08 -5.707685e-07 7.049768e-06 -7.631820e-04 -2.743634e-05 -1.287440e-05
 9195.754181 -2.863364e-05 -4.498853e-07 -5.735942e-08 -5.720147e-07 1.645590e-05 -7.709079e-04 -3.520036e-05 -1.733702e-05
 9198.059254 -2.862014e-05 -4.494208e-07 -5.742547e-08 -5.727697e-07 1.050680e-05 -7.687688e-04 -3.511546e-05 -1.961640e-05
 9200.376518 -2.853771e-05 -4.470649e-07 -5.648644e-08 -5.707575e-07 1.425507e-05 -7.870987e-04 -3.270565e-05 -1.924306e-05
 9202.705975 -2.847283e-05 -4.456797e-07 -5.504762e-08 -5.696670e-07 7.436508e-06 -7.866158e-04 -1.264442e-05 -1.914307e-05
 9205.047623 -2.854893e-05 -4.469353e-07 -5.385382e-08 -5.736793e-07 7.609038e-06 -7.651687e-04 -2.355164e-05 -1.299333e-05
 9207.401464 -2.862779e-05 -4.493825e-07 -5.325272e-08 -5.778237e-07 1.527398e-05 -7.732796e-04 -3.281423e-05 -5.791687e-06
 9209.767496 -2.863281e-05 -4.487390e-07 -5.320567e-08 -5.785467e-07 1.094826e-05 -7.843198e-04 -4.111286e-05 -1.926268e-05
 9212.145720 -2.864734e-05 -4.498569e-07 -5.351733e-08 -5.797059e-07 1.101462e-05 -7.667814e-04 -1.704589e-05 -1.055079e-05
 9214.536136 -2.864496e-05 -4.506539e-07 -5.379988e-08 -5.805661e-07 1.488524e-05 -7.748046e-04 -1.012772e-05 -1.740046e-06
 9216.938744 -2.866039e-05 -4.508709e-07 -5.397138e-08 -5.817246e-07 2.051210e-05 -7.819520e-04 -3.302659e-05 -1.710360e-05
 9219.353544 -2.859635e-05 -4.491134e-07 -5.424731e-08 -5.795125e-07 1.111992e-05 -7.923564e-04 -3.045951e-05 -1.384984e-05
 9221.780536 -2.861745e-05 -4.503032e-07 -5.543348e-08 -5.799475e-07 7.671027e-06 -8.069970e-04 -3.887649e-05 -2.131159e-05
 9224.219720 -2.866247e-05 -4.520495e-07 -5.705631e-08 -5.815249e-07 1.170655e-05 -7.760832e-04 -3.393303e-05 -1.413330e-05
 9226.671096 -2.866253e-05 -4.534257e-07 -5.858949e-08 -5.812620e-07 6.713893e-06 -7.828392e-04 -3.052360e-05 -1.553157e-05
 9229.134663 -2.864141e-05 -4.526914e-07 -5.968544e-08 -5.805409e-07 1.167909e-06 -7.868091e-04 -4.159054e-05 -2.259529e-05
 9231.610423 -2.867414e-05 -4.544303e-07 -6.129605e-08 -5.819511e-07 -5.814469e-06 -7.906235e-04 -2.914960e-05 -1.976934e-05
 9234.098374 -2.871803e-05 -4.555672e-07 -6.266947e-08 -5.842515e-07 -7.797013e-06 -7.903657e-04 -3.828672e-05 -1.489606e-05
 9236.598517 -2.869772e-05 -4.559429e-07 -6.318802e-08 -5.839541e-07 -3.621214e-06 -7.922007e-04 -3.615878e-05 -1.357561e-05
 9239.110852 -2.872652e-05 -4.578967e-07 -6.353598e-08 -5.857132e-07 4.579892e-06 -7.979396e-04 -1.089046e-05 -1.156503e-05
 9241.635380 -2.877787e-05 -4.590303e-07 -6.335499e-08 -5.883083e-07 1.604492e-06 -7.981914e-04 -2.226480e-05 -1.831838e-05
 9244.172099 -2.876802e-05 -4.597956e-07 -6.332864e-08 -5.894986e-07 5.454187e-07 -8.012094e-04 -2.548135e-05 -1.823262e-05
 9246.721009 -2.876964e-05 -4.593038e-07 -6.334420e-08 -5.901558e-07 9.754380e-06 -8.251977e-04 -2.974654e-05 -5.857775e-06
 9249.282112 -2.876077e-05 -4.597916e-07 -6.347774e-08 -5.909166e-07 8.856965e-06 -8.395970e-04 -4.811722e-05 -2.106996e-05
 9251.855407 -2.877926e-05 -4.612470e-07 -6.364579e-08 -5.925353e-07 -5.371049e-06 -8.242140e-04 -3.939598e-05 -1.804345e-05
 9254.440894 -2.876488e-05 -4.604365e-07 -6.291176e-08 -5.929514e-07 7.395305e-07 -8.368810e-04 -3.314209e-05 -1.854353e-05
 9257.038572 -2.878976e-05 -4.622312e-07 -6.298166e-08 -5.950970e-07 -1.839922e-07 -8.378628e-04 -3.386246e-05 -1.454961e-05
 9259.648443 -2.884035e-05 -4.635717e-07 -6.311793e-08 -5.979524e-07 -6.141929e-06 -8.358753e-04 -2.292260e-05 -8.654280e-06
 9262.270505 -2.884186e-05 -4.639471e-07 -6.314232e-08 -5.986808e-07 -1.685312e-06 -8.476613e-04 -2.239502e-05 -1.046893e-05
 9264.904759 -2.871279e-05 -4.608613e-07 -6.250180e-08 -5.945422e-07 4.824896e-06 -8.237526e-04 -1.784264e-05 -1.453499e-05
 9267.551205 -2.863123e-05 -4.576816e-07 -6.164871e-08 -5.924922e-07 1.483028e-06 -8.435747e-04 -2.450377e-05 -1.746059e-05
 9270.209844 -2.867561e-05 -4.589345e-07 -6.163451e-08 -5.955765e-07 2.217603e-06 -8.485822e-04 -2.943280e-05 -2.111638e-05
 9272.880674 -2.874277e-05 -4.604189e-07 -6.147606e-08 -5.992908e-07 -1.641382e-06 -8.112020e-04 -3.024283e-05 -3.224510e-05
 9275.563696 -2.882169e-05 -4.627371e-07 -6.177391e-08 -6.029217e-07 1.089316e-06 -7.954075e-04 -3.076060e-05 -2.575971e-05
 9278.258909 -2.890154e-05 -4.650954e-07 -6.203674e-08 -6.071823e-07 1.218767e-05 -8.094847e-04 -3.499902e-05 -3.664162e-05
 9280.966315 -2.889716e-05 -4.652980e-07 -6.218728e-08 -6.073978e-07 1.566237e-05 -8.060548e-04 -2.787469e-05 -3.599779e-05
 9283.685913 -2.885187e-05 -4.636377e-07 -6.145230e-08 -6.059348e-07 1.338895e-05 -8.105066e-04 -2.720653e-05 -2.676165e-05
 9286.417702 -2.889447e-05 -4.657519e-07 -6.144060e-08 -6.083135e-07 2.400554e-06 -8.034339e-04 -4.729469e-05 -2.774213e-05
 9289.161684 -2.884176e-05 -4.656618e-07 -6.126995e-08 -6.083407e-07 2.046343e-06 -8.245223e-04 -4.885279e-05 -3.065249e-05
 9291.917857 -2.895808e-05 -4.683573e-07 -6.138802e-08 -6.127292e-07 -7.129645e-06 -8.385225e-04 -3.653740e-05 -1.519030e-05
 9294.686222 -2.904334e-05 -4.709649e-07 -6.214773e-08 -6.163547e-07 -1.146529e-05 -8.399563e-04 -3.314937e-05 -1.934320e-05
 9297.466780 -2.896579e-05 -4.693611e-07 -6.202568e-08 -6.146396e-07 -2.301690e-06 -8.442804e-04 -3.711072e-05 -2.787662e-05
 9300.259529 -2.885197e-05 -4.682742e-07 -6.202857e-08 -6.137728e-07 3.808363e-06 -8.288384e-04 -3.464193e-05 -2.622357e-05
 9303.064470 -2.903535e-05 -4.711451e-07 -6.287026e-08 -6.185612e-07 1.963120e-06 -8.430472e-04 -2.760070e-05 -1.490606e-05
 9305.881602 -2.904024e-05 -4.713305e-07 -6.347047e-08 -6.188015e-07 2.774033e-06 -8.186336e-04 -1.417284e-05 -7.423153e-06
 9308.710927 -2.903352e-05 -4.728951e-07 -6.420173e-08 -6.204044e-07 1.935382e-06 -7.973884e-04 -2.845215e-05 -2.088714e-05
 9311.552444 -2.909630e-05 -4.735317e-07 -6.515313e-08 -6.226751e-07 3.220085e-06 -8.051159e-04 -8.180724e-06 -1.323628e-05
 9314.406153 -2.916103e-05 -4.752238e-07 -6.601483e-08 -6.253114e-07 1.447548e-06 -8.259787e-04 -1.724251e-05 -2.268116e-05
 9317.272053 -2.920454e-05 -4.779750e-07 -6.672654e-08 -6.276161e-07 2.366302e-06 -8.351596e-04 -2.869342e-05 -2.582783e-05
 9320.150146 -2.921147e-05 -4.793644e-07 -6.727675e-08 -6.286165e-07 5.492085e-06 -8.287540e-04 -3.789501e-05 -3.393288e-05
 9323.040430 -2.920501e-05 -4.794856e-07 -6.717642e-08 -6.296592e-07 -2.219221e-06 -8.343887e-04 -3.887008e-05 -2.765276e-05
 9325.942906 -2.909065e-05 -4.783122e-07 -6.721882e-08 -6.279312e-07 3.758848e-06 -8.280112e-04 -3.946099e-05 -2.629453e-05
 9328.857574 -2.925584e-05 -4.811933e-07 -6.797991e-08 -6.316607e-07 6.830266e-06 -8.306953e-04 -4.127184e-05 -1.965019e-05
 9331.784435 -2.924250e-05 -4.817971e-07 -6.843012e-08 -6.311036e-07 1.534267e-06 -8.310088e-04 -3.548240e-05 -1.250069e-05
 9334.723487 -2.924845e-05 -4.810148e-07 -6.860268e-08 -6.320204e-07 -1.638102e-06 -8.084613e-04 -2.461167e-05 -1.196956e-05
 9337.674730 -2.932621e-05 -4.830790e-07 -6.941041e-08 -6.350076e-07 -2.776069e-06 -8.226097e-04 -2.652830e-05 -1.744730e-05
 9340.638166 -2.942003e-05 -4.865192e-07 -7.048608e-08 -6.392681e-07 1.986424e-06 -8.195612e-04 -2.164645e-05 -2.438874e-05
 9343.613794 -2.948083e-05 -4.884670e-07 -7.144623e-08 -6.422996e-07 1.008008e-06 -7.904433e-04 -3.085833e-05 -2.767414e-05
 9346.601614 -2.945046e-05 -4.879337e-07 -7.160741e-08 -6.414714e-07 -2.427696e-07 -7.933986e-04 -2.944261e-05 -2.701535e-05
 9349.601625 -2.945320e-05 -4.887528e-07 -7.139835e-08 -6.420523e-07 9.520852e-07 -8.214937e-04 -2.786660e-05 -1.882567e-05
 9352.613829 -2.953494e-05 -4.917760e-07 -7.146845e-08 -6.462172e-07 3.385437e-06 -8.244042e-04 -1.604315e-05 -1.619895e-05
 9355.638224 -2.955379e-05 -4.923995e-07 -7.169451e-08 -6.479076e-07 6.478474e-06 -8.108573e-04 -2.304099e-05 -1.213246e-05
 9358.674811 -2.960966e-05 -4.948118e-07 -7.239141e-08 -6.503289e-07 -2.833379e-06 -7.960466e-04 -2.137847e-05 -1.297897e-05
 9361.723590 -2.964843e-05 -4.961042e-07 -7.250222e-08 -6.524981e-07 -8.242275e-06 -7.792305e-04 -2.185321e-05 -6.674316e-06
 9364.784561 -2.968610e-05 -4.977566e-07 -7.233040e-08 -6.547527e-07 -3.450812e-06 -7.899427e-04 -1.679632e-05 -5.279539e-06
 9367.857724 -2.968354e-05 -4.983165e-07 -7.217542e-08 -6.558564e-07 4.354581e-06 -7.596552e-04 -1.998565e-05 -1.067103e-05
 9370.943079 -2.968739e-05 -4.984943e-07 -7.229801e-08 -6.566027e-07 7.495820e-06 -7.844231e-04 -1.037137e-05 -6.168561e-06
 9374.040626 -2.971006e-05 -4.979984e-07 -7.231938e-08 -6.579691e-07 1.983489e-06 -7.749134e-04 -7.188276e-06 -1.128529e-05
 9377.150365 -2.974307e-05 -4.992339e-07 -7.240366e-08 -6.596438e-07 1.897941e-06 -7.816349e-04 1.571605e-06 -1.298654e-05
 9380.272295 -2.975755e-05 -5.003200e-07 -7.257601e-08 -6.601916e-07 5.155676e-06 -8.066584e-04 -1.136903e-05 -2.464182e-05
 9383.406418 -2.980707e-05 -5.023819e-07 -7.267702e-08 -6.632501e-07 3.921066e-06 -8.272232e-04 -2.665174e-05 4.060680e-06
 9386.552732 -2.981090e-05 -5.024581e-07 -7.266514e-08 -6.647679e-07 -2.853085e-06 -8.183499e-04 -2.046082e-05 3.577928e-05
 9389.711239 -2.987741e-05 -5.040544e-07 -7.289007e-08 -6.686473e-07 -3.853085e-06 -8.171141e-04 -2.623056e-05 2.972312e-05
 9392.881937 -2.992079e-05 -5.057892e-07 -7.332725e-08 -6.713671e-07 3.509030e-06 -8.288850e-04 -3.226623e-05 3.521182e-05
 9396.064827 -2.996615e-05 -5.076537e-07 -7.385987e-08 -6.738083e-07 -4.352428e-07 -8.158279e-04 -2.138967e-05 3.995604e-05
 9399.259909 -3.000134e-05 -5.091113e-07 -7.426193e-08 -6.751236e-07 -1.085205e-05 -8.194527e-04 -2.754443e-05 3.955272e-05
 9402.467183 -2.999848e-05 -5.094747e-07 -7.437141e-08 -6.756769e-07 -4.348828e-06 -7.942990e-04 -2.323216e-05 4.513014e-05
 9405.686649 -3.004970e-05 -5.121393e-07 -7.534481e-08 -6.785731e-07 -6.747756e-06 -8.099029e-04 -2.858647e-05 4.050817e-05
 9408.918307 -3.007497e-05 -5.134906e-07 -7.576881e-08 -6.808912e-07 -6.973990e-06 -8.177049e-04 -2.177221e-05 2.151567e-05
 9412.162157 -3.012738e-05 -5.152087e-07 -7.630951e-08 -6.845853e-07 1.289499e-06 -8.121849e-04 -2.011317e-05 -1.156961e-05
 9415.418198 -3.017754e-05 -5.167590e-07 -7.696304e-08 -6.870113e-07 5.366482e-06 -8.089391e-04 -1.290933e-05 -1.994061e-05
 9418.686432 -3.020797e-05 -5.191311e-07 -7.784131e-08 -6.885636e-07 8.091700e-06 -7.964003e-04 -1.215432e-05 -2.015435e-05
 9421.966857 -3.014156e-05 -5.199074e-07 -7.827875e-08 -6.881009e-07 4.897783e-06 -7.778231e-04 -9.175340e-06 -1.270908e-05
 9425.259474 -3.024060e-05 -5.230299e-07 -7.891583e-08 -6.921606e-07 -6.523750e-06 -7.786126e-04 -1.521450e-05 -1.889989e-05
 9428.564284 -3.038382e-05 -5.264800e-07 -7.926281e-08 -6.957278e-07 -1.376088e-05 -7.669820e-04 -3.514493e-05 -2.550173e-05
 9431.881285 -3.040294e-05 -5.272806e-07 -7.940314e-08 -6.963045e-07 5.781434e-07 -7.830894e-04 -2.638362e-05 -2.659653e-05
 9435.210478 -3.045875e-05 -5.303480e-07 -8.021585e-08 -6.998597e-07 -1.795538e-06 -7.929449e-04 -1.482361e-05 -2.894433e-05
 9438.551863 -3.050226e-05 -5.328400e-07 -8.104975e-08 -7.018006e-07 -4.212207e-06 -8.092289e-04 -1.804411e-05 -3.042126e-05
 9441.905440 -3.055555e-05 -5.347290e-07 -8.155529e-08 -7.042255e-07 -5.495072e-06 -8.127564e-04 -7.790972e-06 -2.661870e-05
 9445.271209 -3.060572e-05 -5.359922e-07 -8.193963e-08 -7.066407e-07 2.194433e-06 -8.248552e-04 -3.421035e-07 -1.862828e-05
 9448.649169 -3.062901e-05 -5.375254e-07 -8.241114e-08 -7.084734e-07 2.294246e-06 -8.112472e-04 -6.022305e-06 -2.283983e-05
 9452.039322 -3.068207e-05 -5.405801e-07 -8.332592e-08 -7.106938e-07 5.435680e-06 -8.194080e-04 -9.418203e-06 -3.140276e-05
 9455.441666 -3.074129e-05 -5.431740e-07 -8.425058e-08 -7.135285e-07 7.199979e-06 -8.225228e-04 -1.419448e-05 -2.285324e-05
 9458.856203 -3.073456e-05 -5.437570e-07 -8.467606e-08 -7.133399e-07 4.556114e-06 -8.075610e-04 -1.592149e-05 -1.776393e-05
 9462.282931 -3.067628e-05 -5.428617e-07 -8.456513e-08 -7.109303e-07 5.817580e-06 -8.133881e-04 -1.006126e-05 -3.340286e-05
 9465.721851 -3.060213e-05 -5.407045e-07 -8.435021e-08 -7.086170e-07 1.011419e-05 -8.074457e-04 -7.415100e-06 -2.981009e-05
 9469.172964 -3.073796e-05 -5.464220e-07 -8.543368e-08 -7.151995e-07 6.545143e-06 -7.843606e-04 -1.476206e-05 -3.301290e-05
 9472.636268 -3.082628e-05 -5.501885e-07 -8.634910e-08 -7.193446e-07 3.595228e-06 -7.736277e-04 -2.793770e-05 -2.617110e-05
 9476.111764 -3.093455e-05 -5.542403e-07 -8.675642e-08 -7.250427e-07 7.943461e-06 -7.736314e-04 -3.252482e-05 -2.679139e-05
 9479.599451 -3.098107e-05 -5.562959e-07 -8.720086e-08 -7.284669e-07 1.785348e-05 -7.755920e-04 -1.086293e-05 -2.132655e-05
 9483.099331 -3.093612e-05 -5.555115e-07 -8.733244e-08 -7.273243e-07 1.311581e-05 -7.890104e-04 -8.337837e-06 -1.869968e-05
 9486.611403 -3.101250e-05 -5.585833e-07 -8.777990e-08 -7.315852e-07 7.380398e-06 -7.860077e-04 -1.086177e-05 -2.560513e-05
 9490.135666 -3.108314e-05 -5.621828e-07 -8.806976e-08 -7.351527e-07 3.264552e-06 -7.828898e-04 -9.922491e-06 -2.931576e-05
 9493.672122 -3.109508e-05 -5.634421e-07 -8.827034e-08 -7.363469e-07 3.426070e-06 -8.067240e-04 -1.901419e-05 -2.668107e-05
 9497.220769 -3.108312e-05 -5.635244e-07 -8.838385e-08 -7.370375e-07 1.237674e-05 -8.066078e-04 -6.004981e-06 -1.458480e-05
 9500.781609 -3.094265e-05 -5.601890e-07 -8.793227e-08 -7.335543e-07 1.259477e-05 -8.119150e-04 -9.993623e-06 -1.231770e-05
 9504.354640 -3.098717e-05 -5.637752e-07 -8.873367e-08 -7.376569e-07 1.680066e-05 -8.094411e-04 -2.317603e-05 -2.025432e-05
 9507.939863 -3.113675e-05 -5.667967e-07 -8.905637e-08 -7.413885e-07 2.206473e-05 -7.856711e-04 -3.010211e-05 -2.921064e-05
 9511.537278 -3.106747e-05 -5.655072e-07 -8.863101e-08 -7.391935e-07 1.556822e-05 -7.761512e-04 -2.309605e-05 -1.717384e-05
 9515.146885 -3.107468e-05 -5.664583e-07 -8.919595e-08 -7.403149e-07 1.568688e-05 -7.937636e-04 -1.919144e-05 -2.559157e-05
 9518.768684 -3.119899e-05 -5.722998e-07 -9.064837e-08 -7.466667e-07 1.148511e-05 -8.071214e-04 -1.154571e-05 -2.605072e-05
 9522.402675 -3.129508e-05 -5.768977e-07 -9.169092e-08 -7.517341e-07 1.483703e-05 -7.899000e-04 -1.332891e-05 -1.483228e-05
 9526.048857 -3.132118e-05 -5.789377e-07 -9.232589e-08 -7.543265e-07 3.985805e-06 -7.858857e-04 -1.591034e-05 -2.004707e-05
 9529.707232 -3.136426e-05 -5.820239e-07 -9.331113e-08 -7.571860e-07 -5.566483e-06 -8.016592e-04 -8.025821e-06 -1.225637e-05
 9533.377799 -3.144019e-05 -5.857318e-07 -9.412372e-08 -7.616814e-07 1.461382e-06 -7.967774e-04 -1.568720e-05 -1.711746e-05
 9537.060557 -3.141903e-05 -5.864772e-07 -9.444531e-08 -7.620862e-07 1.305814e-06 -7.896915e-04 -1.288656e-05 -1.417207e-05
 9540.755507 -3.130924e-05 -5.858103e-07 -9.466861e-08 -7.612583e-07 2.450154e-06 -7.877757e-04 -1.693895e-05 -1.895488e-05
 9544.462650 -3.158920e-05 -5.928271e-07 -9.609478e-08 -7.698863e-07 2.698003e-06 -7.853826e-04 -1.720924e-05 -1.520614e-05
 9548.181984 -3.152839e-05 -5.921116e-07 -9.614622e-08 -7.677104e-07 1.220950e-05 -7.786139e-04 -2.837919e-05 -2.656783e-05
 9551.913510 -3.151848e-05 -5.937395e-07 -9.680740e-08 -7.680873e-07 1.085845e-05 -7.938687e-04 -2.389575e-05 -1.925262e-05
 9555.657228 -3.153732e-05 -5.961007e-07 -9.763109e-08 -7.704020e-07 1.448615e-05 -7.919400e-04 -1.764749e-05 -2.021924e-05
 9559.413138 -3.156868e-05 -5.990657e-07 -9.828370e-08 -7.732905e-07 1.754447e-05 -7.769792e-04 -2.661763e-05 -2.177383e-05
 9563.181239 -3.164982e-05 -6.030485e-07 -9.946934e-08 -7.785395e-07 1.927891e-05 -8.043692e-04 -2.015375e-05 -2.127005e-05
 9566.961533 -3.171707e-05 -6.060114e-07 -1.000839e-07 -7.817083e-07 2.185092e-05 -7.929648e-04 -1.706110e-05 -1.797197e-05
 9570.754019 -3.169408e-05 -6.075032e-07 -1.003564e-07 -7.831210e-07 2.529608e-05 -7.823070e-04 -1.187205e-05 -9.396277e-07
 9574.558696 -3.172296e-05 -6.087478e-07 -1.006498e-07 -7.850652e-07 1.909983e-05 -7.688659e-04 -1.498949e-05 -1.830250e-05
 9578.375565 -3.169439e-05 -6.090621e-07 -1.008787e-07 -7.836333e-07 7.393014e-06 -7.512543e-04 -2.214671e-05 -2.557372e-05
 9582.204627 -3.180805e-05 -6.149521e-07 -1.020761e-07 -7.901723e-07 1.246083e-05 -7.571847e-04 -1.707211e-05 -2.821061e-05
 9586.045880 -3.185415e-05 -6.180752e-07 -1.031901e-07 -7.933594e-07 2.344129e-05 -7.613216e-04 -1.705594e-05 -3.330815e-05
 9589.899325 -3.185915e-05 -6.188405e-07 -1.036335e-07 -7.955340e-07 2.470116e-05 -7.488436e-04 -2.615763e-05 -3.285469e-05
 9593.764962 -3.182156e-05 -6.195898e-07 -1.038454e-07 -7.952871e-07 2.559116e-05 -7.441453e-04 -1.668870e-05 -2.859515e-05
 9597.642791 -3.184549e-05 -6.229405e-07 -1.043663e-07 -7.975832e-07 2.703937e-05 -7.532303e-04 -1.690494e-05 9.630577e-06
 9601.532812 -3.192087e-05 -6.268646e-07 -1.051343e-07 -8.026749e-07 2.493711e-05 -7.432522e-04 -3.409621e-05 2.571701e-05
 9605.435025 -3.194268e-05 -6.287999e-07 -1.055171e-07 -8.047992e-07 2.123113e-05 -7.529099e-04 -3.209778e-05 3.155401e-05
 9609.349429 -3.190479e-05 -6.294014e-07 -1.061827e-07 -8.041157e-07 2.077002e-05 -7.398109e-04 -3.035888e-05 2.844191e-05
 9613.276026 -3.198722e-05 -6.340568e-07 -1.073101e-07 -8.088439e-07 1.673462e-05 -7.384446e-04 -2.497694e-05 1.599957e-05
 9617.214814 -3.200450e-05 -6.365648e-07 -1.078062e-07 -8.111897e-07 2.000949e-05 -7.280167e-04 -1.849934e-05 2.017730e-05
 9621.165795 -3.203315e-05 -6.398000e-07 -1.087609e-07 -8.140849e-07 2.704008e-05 -7.341304e-04 -1.133194e-05 6.058778e-07
 9625.128967 -3.206543e-05 -6.420891e-07 -1.091742e-07 -8.164893e-07 1.816061e-05 -7.298796e-04 -1.622718e-05 -1.846148e-05
 9629.104331 -3.203893e-05 -6.435797e-07 -1.095078e-07 -8.164320e-07 1.748593e-05 -7.508506e-04 -1.864008e-05 -2.883499e-05
 9633.091888 -3.203932e-05 -6.466092e-07 -1.104777e-07 -8.180540e-07 1.810610e-05 -7.377675e-04 -2.449693e-05 -2.436956e-05
 9637.091636 -3.212288e-05 -6.512701e-07 -1.111307e-07 -8.221486e-07 6.663524e-06 -7.179932e-04 -2.661287e-05 -3.129595e-05
 9641.103575 -3.202962e-05 -6.492105e-07 -1.107727e-07 -8.189734e-07 4.583726e-06 -7.285833e-04 -3.754172e-05 -2.094428e-05
 9645.127707 -3.206161e-05 -6.519230e-07 -1.114419e-07 -8.220365e-07 8.716842e-06 -7.360986e-04 -2.932727e-05 -1.830298e-05
 9649.164031 -3.217917e-05 -6.582098e-07 -1.129959e-07 -8.293230e-07 6.930773e-06 -7.290106e-04 -3.256326e-05 -2.821756e-05
 9653.212547 -3.217848e-05 -6.597502e-07 -1.138999e-07 -8.306724e-07 9.059630e-06 -7.185790e-04 -2.362073e-05 -2.140849e-05
 9657.273254 -3.213241e-05 -6.595258e-07 -1.140404e-07 -8.295807e-07 1.028146e-05 -7.162114e-04 -1.532031e-05 -1.270299e-05
 9661.346154 -3.218652e-05 -6.638819e-07 -1.147913e-07 -8.345079e-07 1.069167e-05 -6.671504e-04 -1.125351e-05 -1.167960e-05
 9665.431245 -3.204163e-05 -6.623331e-07 -1.150965e-07 -8.310212e-07 6.544886e-06 -7.007497e-04 -1.687573e-05 -1.597066e-05
 9669.528529 -3.213572e-05 -6.663991e-07 -1.159214e-07 -8.359762e-07 4.244257e-08 -7.146470e-04 -2.180984e-05 -1.675048e-05
 9673.638004 -3.207108e-05 -6.655344e-07 -1.157277e-07 -8.342376e-07 1.711128e-06 -7.018831e-04 -1.868197e-05 -2.078210e-05
 9677.759671 -3.207373e-05 -6.680364e-07 -1.165305e-07 -8.357526e-07 8.111220e-06 -6.870341e-04 -1.384945e-05 -2.836736e-05
 9681.893530 -3.212291e-05 -6.725677e-07 -1.178173e-07 -8.400743e-07 1.147542e-05 -7.064767e-04 6.650385e-07 -2.766213e-05
 9686.039581 -3.215096e-05 -6.759472e-07 -1.186532e-07 -8.428119e-07 1.298251e-05 -7.145690e-04 -7.748264e-06 -2.720147e-05
 9690.197824 -3.219486e-05 -6.789685e-07 -1.194137e-07 -8.468304e-07 8.576355e-06 -7.186596e-04 -1.489868e-05 -2.560605e-05
 9694.368258 -3.218578e-05 -6.808900e-07 -1.202695e-07 -8.484288e-07 5.753552e-06 -6.987802e-04 -1.454808e-05 -2.258667e-05
 9698.550885 -3.221911e-05 -6.841869e-07 -1.211875e-07 -8.518436e-07 5.239302e-06 -6.861409e-04 -1.066169e-05 -2.301287e-05
 9702.745704 -3.225533e-05 -6.867538e-07 -1.217258e-07 -8.563118e-07 1.171320e-05 -7.237239e-04 -1.272513e-05 -1.664802e-05
 9706.952714 -3.224671e-05 -6.887645e-07 -1.225556e-07 -8.585353e-07 1.301592e-05 -7.541535e-04 -1.736560e-05 -9.870831e-06
 9711.171916 -3.219383e-05 -6.898929e-07 -1.231481e-07 -8.581935e-07 1.343883e-05 -7.303952e-04 -1.530933e-05 -1.383354e-05
 9715.403311 -3.224901e-05 -6.929639e-07 -1.234134e-07 -8.621339e-07 1.049590e-05 -7.320282e-04 -1.576881e-05 -1.040248e-05
 9719.646897 -3.223055e-05 -6.947582e-07 -1.242530e-07 -8.631507e-07 7.608900e-06 -7.260715e-04 -1.231570e-05 -1.003561e-05
 9723.902675 -3.220009e-05 -6.958578e-07 -1.247194e-07 -8.631647e-07 5.022091e-06 -7.284839e-04 -1.788183e-05 -1.320063e-05
 9728.170645 -3.222004e-05 -6.988693e-07 -1.254791e-07 -8.665616e-07 8.174226e-06 -7.284152e-04 -2.839939e-05 -2.282945e-05
 9732.450807 -3.215451e-05 -6.992641e-07 -1.261697e-07 -8.649921e-07 1.225960e-05 -7.272753e-04 -1.583698e-05 -1.504921e-05
 9736.743161 -3.207557e-05 -6.983713e-07 -1.262440e-07 -8.626505e-07 9.008584e-06 -7.030700e-04 -1.824978e-05 -2.357756e-05
 9741.047707 -3.218046e-05 -7.039963e-07 -1.273411e-07 -8.698151e-07 1.131379e-05 -6.831744e-04 -1.021812e-05 -1.705817e-05
 9745.364444 -3.222189e-05 -7.067402e-07 -1.281376e-07 -8.747298e-07 2.844082e-05 -7.376753e-04 -8.091511e-06 -1.872873e-05
 9749.693374 -3.211137e-05 -7.049434e-07 -1.281959e-07 -8.703595e-07 1.773808e-05 -7.444577e-04 -1.073440e-05 -2.463970e-05
 9754.034495 -3.209882e-05 -7.074420e-07 -1.285446e-07 -8.718841e-07 1.550851e-05 -7.215164e-04 -2.626145e-05 -2.772718e-05
 9758.387809 -3.208895e-05 -7.090883e-07 -1.290071e-07 -8.737973e-07 1.550263e-05 -7.218401e-04 -3.633084e-05 -2.879008e-05
 9762.753314 -3.188019e-05 -7.033380e-07 -1.282479e-07 -8.656391e-07 1.487228e-05 -7.429467e-04 -2.394687e-05 -2.237491e-05
 9767.131011 -3.206608e-05 -7.137603e-07 -1.309139e-07 -8.768026e-07 1.653041e-05 -7.490496e-04 -1.835331e-05 -2.188739e-05
 9771.520900 -3.211751e-05 -7.180615e-07 -1.318636e-07 -8.822380e-07 2.184264e-05 -7.431139e-04 -1.593902e-05 -2.434728e-05
 9775.922981 -3.191403e-05 -7.129265e-07 -1.308548e-07 -8.741984e-07 1.016515e-05 -7.292478e-04 -2.083114e-05 -3.218204e-05
 9780.337254 -3.180766e-05 -7.130106e-07 -1.313415e-07 -8.737122e-07 1.665968e-05 -7.273225e-04 -1.525502e-05 -2.938443e-05
 9784.763719 -3.200721e-05 -7.233794e-07 -1.333876e-07 -8.864063e-07 2.375378e-05 -7.231159e-04 -1.377292e-05 -2.412050e-05
 9789.202376 -3.206276e-05 -7.271115e-07 -1.345737e-07 -8.897085e-07 1.716751e-05 -7.142456e-04 -1.151573e-05 -2.253169e-05
 9793.653224 -3.191264e-05 -7.273307e-07 -1.349361e-07 -8.872789e-07 1.301664e-05 -7.077424e-04 -9.080210e-06 4.214794e-06
 9798.116265 -3.203840e-05 -7.321616e-07 -1.361417e-07 -8.928463e-07 1.369630e-05 -6.848604e-04 -8.231151e-06 1.831125e-05
 9802.591497 -3.203770e-05 -7.346224e-07 -1.370121e-07 -8.950717e-07 4.465351e-06 -6.816423e-04 -1.745680e-05 -1.271508e-05
 9807.078922 -3.204612e-05 -7.379827e-07 -1.377798e-07 -8.977358e-07 -3.699256e-06 -6.785113e-04 -1.400294e-05 -2.076302e-05
 9811.578538 -3.203771e-05 -7.400446e-07 -1.384089e-07 -8.997968e-07 -3.975635e-06 -6.822824e-04 -2.476009e-05 -2.335012e-05
 9816.090346 -3.198866e-05 -7.415893e-07 -1.391322e-07 -8.997566e-07 -1.319308e-06 -6.694319e-04 -1.442742e-05 -2.882555e-05
 9820.614346 -3.195976e-05 -7.441237e-07 -1.397896e-07 -9.012154e-07 2.096215e-07 -6.675771e-04 -1.311422e-05 -2.855618e-05
 9825.150538 -3.185690e-05 -7.440238e-07 -1.402252e-07 -9.002134e-07 8.936728e-06 -6.439766e-04 -1.487986e-05 -2.423828e-05
 9829.698922 -3.157218e-05 -7.382162e-07 -1.393131e-07 -8.938092e-07 5.871837e-06 -6.427579e-04 -9.877097e-06 -2.983332e-05
 9834.259498 -3.159644e-05 -7.400726e-07 -1.399334e-07 -8.954702e-07 3.222065e-06 -6.766691e-04 -2.002429e-05 -3.322872e-05
 9838.832266 -3.170360e-05 -7.459009e-07 -1.412572e-07 -9.017211e-07 8.495695e-06 -6.672919e-04 -1.233041e-05 -2.542355e-05
 9843.417226 -3.181054e-05 -7.513022e-07 -1.428912e-07 -9.075175e-07 1.039844e-05 -6.550771e-04 -1.184790e-05 1.156572e-05
 9848.014377 -3.179056e-05 -7.540945e-07 -1.436582e-07 -9.084399e-07 1.669819e-05 -6.596299e-04 -1.205168e-05 9.739081e-06
 9852.623721 -3.185134e-05 -7.594148e-07 -1.452281e-07 -9.145880e-07 1.704537e-05 -6.692810e-04 -1.747405e-05 1.293968e-05
 9857.245256 -3.178823e-05 -7.602196e-07 -1.453674e-07 -9.140796e-07 1.036870e-05 -6.780939e-04 -2.016110e-05 1.264330e-05
 9861.878983 -3.171731e-05 -7.613075e-07 -1.459196e-07 -9.131936e-07 8.194328e-06 -7.011547e-04 -2.887840e-05 9.849251e-06
 9866.524902 -3.176941e-05 -7.673903e-07 -1.476982e-07 -9.191456e-07 1.289568e-05 -7.094216e-04 -3.256481e-05 1.764315e-05
 9871.183013 -3.172657e-05 -7.688413e-07 -1.485516e-07 -9.197148e-07 1.336169e-05 -7.260210e-04 -3.426157e-05 2.423304e-05
 9875.853316 -3.167909e-05 -7.708723e-07 -1.489559e-07 -9.197177e-07 1.175894e-05 -7.288614e-04 -2.929031e-05 3.060072e-05
 9880.535811 -3.164845e-05 -7.727731e-07 -1.496676e-07 -9.208823e-07 2.090836e-05 -7.258376e-04 -2.862305e-05 3.227610e-05
 9885.230498 -3.163962e-05 -7.758492e-07 -1.509192e-07 -9.228927e-07 2.405462e-05 -7.297084e-04 -2.521888e-05 6.962572e-06
 9889.937377 -3.153800e-05 -7.746311e-07 -1.508785e-07 -9.200107e-07 2.911891e-05 -7.300817e-04 -1.833639e-05 -1.055612e-05
 9894.656448 -3.155851e-05 -7.777616e-07 -1.516664e-07 -9.244321e-07 3.616044e-05 -7.444564e-04 -2.382550e-05 -1.868294e-05
 9899.387710 -3.162399e-05 -7.829358e-07 -1.532588e-07 -9.320267e-07 2.963056e-05 -7.724624e-04 -3.066971e-05 -2.314340e-05
 9904.131165 -3.156732e-05 -7.841287e-07 -1.537221e-07 -9.310597e-07 2.228781e-05 -7.664732e-04 -2.484290e-05 -2.909422e-05
 9908.886811 -3.150589e-05 -7.864393e-07 -1.543606e-07 -9.300795e-07 1.748599e-05 -7.330034e-04 -2.225376e-05 -3.464730e-05
 9913.654649 -3.143233e-05 -7.869323e-07 -1.547948e-07 -9.291685e-07 1.920261e-05 -7.232629e-04 -2.114548e-05 -3.241243e-05
 9918.434679 -3.146065e-05 -7.926547e-07 -1.562216e-07 -9.343503e-07 2.133308e-05 -7.327237e-04 -2.224735e-05 -2.660289e-05
 9923.226901 -3.143839e-05 -7.955088e-07 -1.572068e-07 -9.359136e-07 1.959186e-05 -7.575968e-04 -2.959497e-05 -3.786221e-05
 9928.031315 -3.143070e-05 -7.981382e-07 -1.581991e-07 -9.384218e-07 2.730126e-05 -7.359194e-04 -2.979889e-05 -3.170932e-05
 9932.847921 -3.137049e-05 -7.984964e-07 -1.584808e-07 -9.378439e-07 2.280875e-05 -7.299077e-04 -2.809761e-05 -2.126975e-05
 9937.676719 -3.127961e-05 -7.980303e-07 -1.588968e-07 -9.397076e-07 2.655150e-05 -7.379294e-04 -2.281983e-05 -1.593075e-05
 9942.517709 -3.112277e-05 -7.975593e-07 -1.590810e-07 -9.372269e-07 2.729825e-05 -7.413462e-04 -1.786021e-05 -2.883631e-05
 9947.370891 -3.113502e-05 -8.008979e-07 -1.599465e-07 -9.393798e-07 1.669018e-05 -7.160628e-04 -2.519621e-05 -3.379349e-05
 9952.236264 -3.124054e-05 -8.083197e-07 -1.618263e-07 -9.449365e-07 2.356726e-05 -6.866946e-04 -2.681031e-05 -2.243191e-05
