# Facility.name: NSLS-II
# Facility.mode: Beam available
# Facility.current: 400.3052880205169
# Facility.current: 3 GeV
# Facility.year: 2023
# Facility.cycle: 2
# Facility.GUP: 312970
# Facility.SAF: 311402
# Experimenter.name: Esteban Fornero
# Beamline.name: ISS (8-ID)
# Beamline.x-ray_source: damping wiggler
# Beamline.collimation_mirror1.material: Si
# Beamline.collimation_mirror2.material: Pt
# Beamline.collimation_mirror2.bender_loading: -349.0
# Beamline.focusing: toroidal mirror
# Beamline.focusing.material: Pt
# Beamline.focusing.bender_loading: -418.0
# Beamline.harmonic_rejection: Si
# Mono.scan_mode: Si(111)
# Mono.d_spacing: 3.1354951
# Mono.scan_mode: pseudo-channel cut
# Mono.scan_type: fly_scan
# Mono.trajectory_name: 0f397ba2-1519.txt
# Mono.direction: None
# Mono.angle_offset: 0.69366577
# Mono.angle_offset: 39.744 deg
# Mono.encoder_resolution: 48.0 nrad
# Detector.I0: ion chamber
# Detector.I1: ion chamber
# Detector.I2: ion chamber
# Detector.IF: PIPS
# Detector.I0.length: 15 cm
# Detector.I1.length: 28 cm
# Detector.I2.length: 15 cm
# Detector.IF.thickness: 300 um
# Detector.I0.gas.N2: 38.0%
# Detector.I1.gas.N2: 38.0%
# Detector.I2.gas.N2: 38.0%
# Detector.I0.gas.He: 62.0%
# Detector.I1.gas.He: 62.0%
# Detector.I2.gas.He: 62.0%
# Detector.I0.voltage: -1649.999878
# Detector.I1.voltage: -1649.999268
# Detector.I2.voltage: -1649.999512
# Detector.I0.gain: 4
# Detector.I1.gain: 6
# Detector.I2.gain: 6
# Detector.IF.gain: 6
# Detector.aux: {}
# Element.symbol: Ga
# Element.edge: K
# Element.line: None
# Scan.transient_id: 370612
# Scan.uid: 5f74e0d1-2fc8-4827-99c3-b77cce867b3c
# Scan.edge_energy: 10367.0
# Scan.start_time: 06/22/2023  16:36:26.012264
# Scan.end_time: 06/22/2023  16:37:01.429284
# Scan.name: CuGaO2-2nd H2 ramp (pos 001) Ga-K 0001
# Scan.comment: 
# Sample.name: CuGaO2-2nd
# Sample.comment: 
# Sample.position.x: -66.493997553
# Sample.position.y: 31.5900075375
# Sample.position.z: -10.184937499999995
# Sample.position.theta: 845.5790000000001
# SampleHeater.temperature1.setpoint: 300.0
# SampleHeater.temperature1.readback: 1372.0
# SampleHeater.current.setpoint: 0.0
# SampleHeater.current.readback: 0.0
# SampleHeater.temperature2.setpoint: 319.8203025756807
# SampleHeater.temperature2.readback: 319.20000000000005
# SampleHeater.voltage.setpoint: 0.8085477468392465
# SampleHeater.voltage.readback: 0.8150000000000001
# SampleHeater.PID.P: 0.025
# SampleHeater.PID.I: 0.07
# SampleHeater.PID.D: 0.0
# SampleGasCart.MFC.CH4.setpoint: 0.0
# SampleGasCart.MFC.CH4.readback: 0.0
# SampleGasCart.MFC.CO.setpoint: 0.0
# SampleGasCart.MFC.CO.readback: 0.0
# SampleGasCart.MFC.H2.setpoint: 10.0
# SampleGasCart.MFC.H2.readback: 10.012
# SampleGasCart.MFC.exhaust.setpoint: 100.0
# SampleGasCart.MFC.exhaust.readback: 10.06
# SampleGasHandlingSystem.gas_a.name: None
# SampleGasHandlingSystem.gas_b.name: None
# SampleGasHandlingSystem.gas_c.name: None
# SampleGasHandlingSystem.gas_d.name: None
# SampleGasHandlingSystem.gas_e.name: He
# SampleGasHandlingSystem.MFC1.setpoint: 0.0
# SampleGasHandlingSystem.MFC1.readback: -0.1383463591337204
# SampleGasHandlingSystem.MFC2.setpoint: 0.0
# SampleGasHandlingSystem.MFC2.readback: -0.048828125
# SampleGasHandlingSystem.MFC3.setpoint: 0.0
# SampleGasHandlingSystem.MFC3.readback: 0.0244140625
# SampleGasHandlingSystem.MFC4.setpoint: 0.0
# SampleGasHandlingSystem.MFC4.readback: -0.0569661445915699
# SampleGasHandlingSystem.MFC5.setpoint: 0.0
# SampleGasHandlingSystem.MFC5.readback: -0.0040690102614462376
# SampleGasHandlingSystem.MFC6.setpoint: 0.0
# SampleGasHandlingSystem.MFC6.readback: -0.0325520820915699
# SampleGasHandlingSystem.MFC7.setpoint: 0.0
# SampleGasHandlingSystem.MFC7.readback: -0.0244140625
# SampleGasHandlingSystem.MFC8.setpoint: 0.0
# SampleGasHandlingSystem.MFC8.readback: -0.0773111954331398
# SampleGasHandlingSystem.MFC9.setpoint: 0.0
# SampleGasHandlingSystem.MFC9.readback: -0.048828125
# SampleGasHandlingSystem.MFC10.setpoint: 0.0
# SampleGasHandlingSystem.MFC10.readback: 0.01627604104578495
# SampleGasHandlingSystem.MFC11.setpoint: 0.0
# SampleGasHandlingSystem.MFC11.readback: -0.09765625
# SampleGasHandlingSystem.MFC12.setpoint: 0.0
# SampleGasHandlingSystem.MFC12.readback: -0.0447591133415699
# SampleGasHandlingSystem.MFC13.setpoint: 0.0
# SampleGasHandlingSystem.MFC13.readback: -0.0528971366584301
# SampleGasHandlingSystem.MFC14.setpoint: 0.0
# SampleGasHandlingSystem.MFC14.readback: -0.0651041641831398
# SampleGasHandlingSystem.MFC15.setpoint: 0.0
# SampleGasHandlingSystem.MFC15.readback: -0.1180013045668602
# SampleGasHandlingSystem.MFC16.setpoint: 0.0
# SampleGasHandlingSystem.MFC16.readback: -0.0325520820915699
# SampleGasHandlingSystem.RGA.ch1.mass: 2
# SampleGasHandlingSystem.RGA.ch1.readback: 7.36117e-07
# SampleGasHandlingSystem.RGA.ch2.mass: 4
# SampleGasHandlingSystem.RGA.ch2.readback: 3.57448e-11
# SampleGasHandlingSystem.RGA.ch3.mass: 12
# SampleGasHandlingSystem.RGA.ch3.readback: 1.81428e-12
# SampleGasHandlingSystem.RGA.ch4.mass: 16
# SampleGasHandlingSystem.RGA.ch4.readback: 4.88856e-10
# SampleGasHandlingSystem.RGA.ch5.mass: 18
# SampleGasHandlingSystem.RGA.ch5.readback: 3.79676e-09
# SampleGasHandlingSystem.RGA.ch6.mass: 28
# SampleGasHandlingSystem.RGA.ch6.readback: 1.0707e-08
# SampleGasHandlingSystem.RGA.ch7.mass: 32
# SampleGasHandlingSystem.RGA.ch7.readback: 1.34844e-09
# SampleGasHandlingSystem.RGA.ch8.mass: 40
# SampleGasHandlingSystem.RGA.ch8.readback: 1.11477e-11
# SampleGasHandlingSystem.RGA.ch9.mass: 44
# SampleGasHandlingSystem.RGA.ch9.readback: 7.88539e-12
# energy  i0  it  ir  iff  aux1  aux2  aux3  aux4
10167.000000 -2.963951e-05 -8.465220e-07 -2.460302e-07 -1.007279e-06 5.609793e-05 -4.603370e-04 -1.560260e-05 3.278563e-05
10172.000000 -2.955940e-05 -8.447355e-07 -2.444242e-07 -1.007715e-06 6.709012e-05 -4.765007e-04 -2.175948e-05 3.088673e-05
10177.000000 -2.949002e-05 -8.474284e-07 -2.427908e-07 -1.007652e-06 6.089899e-05 -4.927554e-04 -2.842971e-05 3.179738e-05
10182.000000 -2.939915e-05 -8.453406e-07 -2.377443e-07 -1.005518e-06 6.570506e-05 -5.312274e-04 -1.922050e-05 3.150451e-05
10187.000000 -2.945036e-05 -8.480217e-07 -2.297679e-07 -1.013132e-06 6.987105e-05 -4.922006e-04 -2.150942e-05 2.523400e-05
10192.000000 -2.949983e-05 -8.504071e-07 -2.111359e-07 -1.017429e-06 7.287868e-05 -5.007023e-04 -3.126321e-05 3.124185e-05
10197.000000 -2.944915e-05 -8.511910e-07 -1.567953e-07 -1.016567e-06 6.884837e-05 -5.073826e-04 -4.159573e-05 2.682281e-05
10202.000000 -2.942615e-05 -8.546427e-07 -5.261637e-08 -1.018472e-06 5.909221e-05 -4.789926e-04 -4.414665e-05 1.453163e-05
10207.000000 -2.939676e-05 -8.567497e-07 -2.099303e-08 -1.019306e-06 6.066250e-05 -4.685670e-04 -3.719993e-05 1.328417e-05
10212.000000 -2.932932e-05 -8.551967e-07 -4.249783e-08 -1.017597e-06 6.134403e-05 -4.568740e-04 -4.381238e-05 1.679725e-05
10217.000000 -2.925661e-05 -8.546586e-07 -5.483278e-08 -1.015398e-06 6.317531e-05 -4.488521e-04 -4.194918e-05 2.131385e-05
10222.000000 -2.920798e-05 -8.546630e-07 -6.427791e-08 -1.015171e-06 7.135360e-05 -4.728571e-04 -3.628435e-05 1.638965e-05
10227.000000 -2.920707e-05 -8.581003e-07 -7.134851e-08 -1.020071e-06 7.018048e-05 -4.783490e-04 -4.006762e-05 1.920644e-05
10232.000000 -2.915973e-05 -8.610731e-07 -7.409233e-08 -1.022331e-06 7.919273e-05 -5.241721e-04 -4.277544e-05 1.343480e-05
10237.000000 -2.913627e-05 -8.617389e-07 -7.581955e-08 -1.023443e-06 7.159816e-05 -5.213348e-04 -4.310041e-05 2.071635e-05
10242.000000 -2.912861e-05 -8.654462e-07 -7.731940e-08 -1.027308e-06 6.248965e-05 -5.201580e-04 -4.524908e-05 2.238593e-05
10247.000000 -2.905767e-05 -8.661954e-07 -8.072137e-08 -1.026192e-06 6.013547e-05 -5.018365e-04 -4.199593e-05 2.189647e-05
10252.000000 -2.905537e-05 -8.700296e-07 -8.082079e-08 -1.029030e-06 7.145696e-05 -4.669668e-04 -4.582181e-05 1.046063e-05
10257.000000 -2.903365e-05 -8.730323e-07 -7.778185e-08 -1.031752e-06 6.870738e-05 -4.415088e-04 -4.939226e-05 1.372977e-05
10262.000000 -2.895814e-05 -8.738764e-07 -7.703066e-08 -1.032419e-06 6.052822e-05 -4.384429e-04 -4.842868e-05 1.759189e-05
10267.000000 -2.901349e-05 -8.794393e-07 -7.890523e-08 -1.038095e-06 5.624722e-05 -4.458036e-04 -4.643157e-05 1.377158e-05
10272.000000 -2.901660e-05 -8.826886e-07 -8.008212e-08 -1.041623e-06 5.540172e-05 -4.248853e-04 -3.649327e-05 1.859959e-05
10277.000000 -2.895434e-05 -8.845167e-07 -7.934220e-08 -1.041918e-06 6.051398e-05 -4.375220e-04 -3.438128e-05 2.717097e-05
10282.000000 -2.881981e-05 -8.848816e-07 -7.808140e-08 -1.040013e-06 5.614406e-05 -4.398446e-04 -3.238889e-05 2.884836e-05
10287.000000 -2.887134e-05 -8.895932e-07 -7.912275e-08 -1.044600e-06 5.543653e-05 -4.475159e-04 -2.616704e-05 2.745327e-05
10292.000000 -2.879189e-05 -8.887360e-07 -8.137504e-08 -1.042251e-06 5.939667e-05 -4.484697e-04 -2.506626e-05 3.086667e-05
10297.000000 -2.879026e-05 -8.929044e-07 -8.282557e-08 -1.046144e-06 6.100514e-05 -4.287003e-04 -3.902234e-05 2.405415e-05
10302.000000 -2.880204e-05 -8.972304e-07 -8.276832e-08 -1.049739e-06 6.004845e-05 -4.050770e-04 -3.620280e-05 2.677534e-05
10307.000000 -2.876745e-05 -8.998947e-07 -8.298814e-08 -1.051292e-06 6.481945e-05 -4.229336e-04 -3.456294e-05 2.718440e-05
10312.000000 -2.872129e-05 -9.024629e-07 -8.328807e-08 -1.052716e-06 5.328767e-05 -4.388308e-04 -2.925286e-05 2.924076e-05
10317.000000 -2.868857e-05 -9.037886e-07 -8.249209e-08 -1.054480e-06 4.166464e-05 -4.384530e-04 -2.922116e-05 1.978315e-05
10322.000000 -2.864807e-05 -9.051755e-07 -8.196638e-08 -1.055915e-06 4.161788e-05 -4.247462e-04 -2.765599e-05 1.931361e-05
10327.000000 -2.860577e-05 -9.069149e-07 -8.139007e-08 -1.058000e-06 5.136137e-05 -4.227718e-04 -2.808006e-05 2.480353e-05
10332.000000 -2.850495e-05 -9.066741e-07 -8.052120e-08 -1.059429e-06 6.196982e-05 -4.356669e-04 -2.460852e-05 2.687260e-05
10337.000000 -2.858138e-05 -9.113239e-07 -8.077629e-08 -1.065863e-06 5.722689e-05 -4.218829e-04 -3.470851e-05 2.083112e-05
10341.000000 -2.854921e-05 -9.122899e-07 -8.126235e-08 -1.069036e-06 5.152859e-05 -4.030007e-04 -3.738999e-05 2.998170e-05
10344.000000 -2.851822e-05 -9.127274e-07 -8.210095e-08 -1.071668e-06 6.016860e-05 -3.706611e-04 -3.139791e-05 3.249905e-05
10346.000000 -2.849437e-05 -9.129032e-07 -8.301857e-08 -1.073085e-06 6.126897e-05 -3.776081e-04 -2.980179e-05 3.018004e-05
10347.000000 -2.847800e-05 -9.126655e-07 -8.332443e-08 -1.073640e-06 5.433558e-05 -3.818353e-04 -3.576207e-05 3.721252e-05
10347.200000 -2.846911e-05 -9.114580e-07 -8.337689e-08 -1.073479e-06 4.611196e-05 -4.019082e-04 -3.223378e-05 3.433899e-05
10347.400000 -2.848384e-05 -9.127100e-07 -8.354478e-08 -1.074221e-06 4.906610e-05 -3.668443e-04 -3.167107e-05 3.460942e-05
10347.600000 -2.847014e-05 -9.131815e-07 -8.379784e-08 -1.073617e-06 5.690079e-05 -3.629811e-04 -2.450587e-05 3.657854e-05
10347.800000 -2.847155e-05 -9.113596e-07 -8.373773e-08 -1.074319e-06 5.404948e-05 -3.574417e-04 -2.701938e-05 4.275111e-05
10348.000000 -2.847470e-05 -9.135696e-07 -8.418691e-08 -1.075686e-06 5.858055e-05 -3.426760e-04 -3.147742e-05 4.861351e-05
10348.200000 -2.846732e-05 -9.126596e-07 -8.417713e-08 -1.075828e-06 6.315872e-05 -3.324546e-04 -3.298320e-05 4.667273e-05
10348.400000 -2.848265e-05 -9.139540e-07 -8.436573e-08 -1.077240e-06 5.969197e-05 -3.548709e-04 -3.612011e-05 4.967945e-05
10348.600000 -2.846619e-05 -9.137882e-07 -8.431257e-08 -1.075087e-06 6.145036e-05 -3.630579e-04 -3.568468e-05 5.127553e-05
10348.800000 -2.846290e-05 -9.117624e-07 -8.417439e-08 -1.075077e-06 6.218314e-05 -3.592996e-04 -3.937432e-05 4.824008e-05
10349.000000 -2.845634e-05 -9.116220e-07 -8.431742e-08 -1.076357e-06 5.630418e-05 -3.972431e-04 -3.433793e-05 4.441077e-05
10349.200000 -2.845635e-05 -9.115595e-07 -8.420826e-08 -1.075931e-06 5.163798e-05 -4.040009e-04 -2.827896e-05 4.093391e-05
10349.400000 -2.847042e-05 -9.135427e-07 -8.445120e-08 -1.077653e-06 5.188834e-05 -4.119402e-04 -3.809578e-05 3.421302e-05
10349.600000 -2.846935e-05 -9.119787e-07 -8.459957e-08 -1.077684e-06 5.115977e-05 -3.879339e-04 -2.802774e-05 3.908841e-05
10349.800000 -2.844852e-05 -9.118489e-07 -8.448717e-08 -1.075732e-06 6.025962e-05 -3.926742e-04 -1.565534e-05 4.557217e-05
10350.000000 -2.837430e-05 -9.082380e-07 -8.403887e-08 -1.070004e-06 6.348591e-05 -4.113843e-04 -8.371341e-06 4.885309e-05
10350.200000 -2.834809e-05 -9.048323e-07 -8.396482e-08 -1.069081e-06 6.150941e-05 -4.261839e-04 -2.493681e-05 4.433651e-05
10350.400000 -2.839415e-05 -9.084127e-07 -8.444914e-08 -1.072216e-06 6.550546e-05 -4.410676e-04 -2.786798e-05 3.865755e-05
10350.600000 -2.842900e-05 -9.109620e-07 -8.471562e-08 -1.076358e-06 5.673114e-05 -4.352391e-04 -1.900781e-05 3.470261e-05
10350.800000 -2.842219e-05 -9.100983e-07 -8.498537e-08 -1.077148e-06 5.142945e-05 -4.359497e-04 -2.987012e-05 3.987011e-05
10351.000000 -2.836863e-05 -9.054250e-07 -8.472746e-08 -1.072847e-06 5.968689e-05 -4.539210e-04 -2.929743e-05 3.576079e-05
10351.200000 -2.837898e-05 -9.088373e-07 -8.511354e-08 -1.072485e-06 5.834062e-05 -4.401313e-04 -3.938072e-05 3.295007e-05
10351.400000 -2.842422e-05 -9.105708e-07 -8.530075e-08 -1.077533e-06 6.477004e-05 -4.219881e-04 -4.098006e-05 2.426047e-05
10351.600000 -2.842940e-05 -9.124162e-07 -8.551927e-08 -1.079059e-06 6.515521e-05 -4.324427e-04 -4.738737e-05 2.220182e-05
10351.800000 -2.841214e-05 -9.094669e-07 -8.497693e-08 -1.077625e-06 5.953867e-05 -4.230429e-04 -2.919374e-05 3.468082e-05
10352.000000 -2.840591e-05 -9.107526e-07 -8.505047e-08 -1.077415e-06 4.945235e-05 -4.383533e-04 -3.809228e-05 2.819757e-05
10352.200000 -2.844139e-05 -9.136164e-07 -8.557795e-08 -1.081548e-06 4.359475e-05 -4.517364e-04 -3.229776e-05 3.251334e-05
10352.400000 -2.843947e-05 -9.127201e-07 -8.541339e-08 -1.082009e-06 5.071519e-05 -4.237847e-04 -3.175726e-05 2.373782e-05
10352.600000 -2.844227e-05 -9.144686e-07 -8.565226e-08 -1.083032e-06 4.918751e-05 -3.980487e-04 -2.990795e-05 2.180855e-05
10352.800000 -2.844200e-05 -9.135840e-07 -8.576915e-08 -1.083050e-06 4.468671e-05 -4.187201e-04 -3.214747e-05 2.593330e-05
10353.000000 -2.842527e-05 -9.139223e-07 -8.582754e-08 -1.081673e-06 4.270025e-05 -4.064047e-04 -3.830986e-05 2.619891e-05
10353.200000 -2.838218e-05 -9.105210e-07 -8.552503e-08 -1.078577e-06 5.052843e-05 -3.931453e-04 -3.520296e-05 3.360400e-05
10353.400000 -2.836570e-05 -9.076229e-07 -8.533811e-08 -1.077688e-06 4.734293e-05 -3.762912e-04 -2.231248e-05 3.898369e-05
10353.600000 -2.838313e-05 -9.109099e-07 -8.586997e-08 -1.080144e-06 4.316660e-05 -3.861398e-04 -1.922106e-05 4.060412e-05
10353.800000 -2.839438e-05 -9.110374e-07 -8.607965e-08 -1.081632e-06 4.737066e-05 -3.767176e-04 -1.449683e-05 2.353661e-05
10354.000000 -2.841472e-05 -9.130655e-07 -8.638242e-08 -1.083951e-06 5.805453e-05 -3.846317e-04 -1.846279e-05 2.898349e-05
10354.200000 -2.840555e-05 -9.117502e-07 -8.646238e-08 -1.083960e-06 6.056085e-05 -3.693363e-04 -2.045999e-05 4.248324e-05
10354.400000 -2.840716e-05 -9.122197e-07 -8.640837e-08 -1.084623e-06 5.325670e-05 -4.020777e-04 -2.661799e-05 3.716911e-05
10354.600000 -2.840725e-05 -9.142503e-07 -8.646324e-08 -1.085249e-06 4.918947e-05 -4.368831e-04 -2.021045e-05 4.394234e-05
10354.800000 -2.836941e-05 -9.102175e-07 -8.602075e-08 -1.082330e-06 4.714328e-05 -4.203221e-04 -3.879289e-05 4.524439e-05
10355.000000 -2.832191e-05 -9.074444e-07 -8.572769e-08 -1.078530e-06 5.133801e-05 -4.137604e-04 -2.117167e-05 4.834523e-05
10355.200000 -2.830403e-05 -9.048325e-07 -8.556442e-08 -1.077817e-06 5.439924e-05 -4.155096e-04 -1.369849e-05 4.688996e-05
10355.400000 -2.832821e-05 -9.064913e-07 -8.564169e-08 -1.080483e-06 4.562373e-05 -4.155849e-04 -2.324398e-05 4.832475e-05
10355.600000 -2.839750e-05 -9.132602e-07 -8.624150e-08 -1.086620e-06 4.034762e-05 -4.052457e-04 -1.663262e-05 4.290608e-05
10355.800000 -2.839735e-05 -9.129732e-07 -8.627193e-08 -1.088373e-06 4.923867e-05 -3.872284e-04 -1.764092e-05 4.315820e-05
10356.000000 -2.838184e-05 -9.141677e-07 -8.622687e-08 -1.087459e-06 5.048000e-05 -3.971560e-04 -1.912034e-05 3.641666e-05
10356.200000 -2.837228e-05 -9.120067e-07 -8.610191e-08 -1.087627e-06 5.395423e-05 -3.938021e-04 -2.127852e-05 3.104961e-05
10356.400000 -2.838454e-05 -9.140540e-07 -8.648013e-08 -1.089557e-06 5.377790e-05 -4.019462e-04 -1.500094e-05 3.958240e-05
10356.600000 -2.838432e-05 -9.129011e-07 -8.634689e-08 -1.089805e-06 4.638309e-05 -4.171382e-04 -1.298524e-05 4.435402e-05
10356.800000 -2.839855e-05 -9.143354e-07 -8.669524e-08 -1.092421e-06 4.791195e-05 -4.123340e-04 -9.887265e-06 4.504755e-05
10357.000000 -2.839448e-05 -9.134117e-07 -8.686731e-08 -1.092199e-06 4.124720e-05 -3.980767e-04 -1.367401e-05 4.026666e-05
10357.200000 -2.838486e-05 -9.128282e-07 -8.669943e-08 -1.092160e-06 5.111963e-05 -3.872637e-04 -1.629637e-05 3.998011e-05
10357.400000 -2.839545e-05 -9.139313e-07 -8.656972e-08 -1.093607e-06 4.935823e-05 -3.800664e-04 -2.800505e-05 3.452791e-05
10357.600000 -2.836473e-05 -9.116097e-07 -8.650705e-08 -1.093225e-06 5.702514e-05 -3.682935e-04 -2.807089e-05 3.642430e-05
10357.800000 -2.832550e-05 -9.098850e-07 -8.627940e-08 -1.090333e-06 6.311974e-05 -3.988248e-04 -2.411902e-05 3.628539e-05
10358.000000 -2.830791e-05 -9.075492e-07 -8.603453e-08 -1.089562e-06 5.409314e-05 -4.138943e-04 -1.770103e-05 3.081450e-05
10358.200000 -2.834295e-05 -9.110200e-07 -8.644906e-08 -1.094078e-06 4.991632e-05 -4.050869e-04 -1.719066e-05 2.164681e-05
10358.400000 -2.837116e-05 -9.119365e-07 -8.641413e-08 -1.096625e-06 4.920875e-05 -3.799223e-04 -2.574095e-05 2.159264e-05
10358.600000 -2.836378e-05 -9.124686e-07 -8.634557e-08 -1.097317e-06 5.087584e-05 -4.092307e-04 -2.958839e-05 2.320236e-05
10358.800000 -2.836558e-05 -9.112744e-07 -8.614994e-08 -1.097900e-06 5.372059e-05 -3.986402e-04 -3.914544e-05 1.270517e-05
10359.000000 -2.836160e-05 -9.125346e-07 -8.659618e-08 -1.099060e-06 5.946346e-05 -4.040506e-04 -2.996353e-05 1.217823e-05
10359.200000 -2.832602e-05 -9.101243e-07 -8.633379e-08 -1.097772e-06 6.051624e-05 -4.149677e-04 -1.855090e-05 1.735372e-05
10359.400000 -2.831898e-05 -9.090367e-07 -8.640719e-08 -1.098171e-06 5.774337e-05 -4.204541e-04 -2.294520e-05 2.432169e-05
10359.600000 -2.833531e-05 -9.115755e-07 -8.671664e-08 -1.100722e-06 5.240899e-05 -4.367115e-04 -2.645425e-05 1.842476e-05
10359.800000 -2.834446e-05 -9.107704e-07 -8.679915e-08 -1.102554e-06 5.238969e-05 -4.390976e-04 -3.423256e-05 1.970154e-05
10360.000000 -2.835377e-05 -9.127759e-07 -8.697868e-08 -1.104632e-06 5.181072e-05 -4.353931e-04 -8.667469e-06 2.974221e-05
10360.200000 -2.834270e-05 -9.105625e-07 -8.681865e-08 -1.104802e-06 4.810626e-05 -4.333557e-04 -8.962599e-06 2.685897e-05
10360.400000 -2.832603e-05 -9.108181e-07 -8.681183e-08 -1.104689e-06 5.401651e-05 -4.202059e-04 -1.786507e-05 2.657169e-05
10360.600000 -2.831271e-05 -9.107586e-07 -8.687687e-08 -1.104728e-06 5.280566e-05 -4.192586e-04 -1.478924e-05 2.094231e-05
10360.800000 -2.830731e-05 -9.095477e-07 -8.688325e-08 -1.105190e-06 5.748275e-05 -4.119595e-04 -9.626237e-06 1.918360e-05
10361.000000 -2.829067e-05 -9.099646e-07 -8.701631e-08 -1.105588e-06 6.086137e-05 -4.161639e-04 -1.365071e-05 2.241714e-05
10361.200000 -2.827497e-05 -9.071636e-07 -8.648256e-08 -1.105312e-06 6.243231e-05 -4.275488e-04 -1.078528e-05 1.903425e-05
10361.400000 -2.830296e-05 -9.101822e-07 -8.656999e-08 -1.109511e-06 5.433355e-05 -4.539573e-04 -2.285857e-05 1.234504e-05
10361.600000 -2.831502e-05 -9.097918e-07 -8.664742e-08 -1.112305e-06 5.156665e-05 -4.336386e-04 -2.460646e-05 7.244451e-06
10361.800000 -2.832576e-05 -9.112470e-07 -8.668615e-08 -1.114764e-06 4.227782e-05 -3.943229e-04 -3.927971e-05 8.896898e-06
10362.000000 -2.832727e-05 -9.116432e-07 -8.658971e-08 -1.116707e-06 4.023652e-05 -4.025463e-04 -3.483506e-05 2.152084e-05
10362.200000 -2.831565e-05 -9.105338e-07 -8.632867e-08 -1.116676e-06 4.374047e-05 -4.070374e-04 -3.242752e-05 2.195780e-05
10362.400000 -2.822866e-05 -9.051908e-07 -8.582225e-08 -1.111629e-06 3.935545e-05 -4.330462e-04 -3.029355e-05 1.799739e-05
10362.600000 -2.816945e-05 -8.994744e-07 -8.510799e-08 -1.108461e-06 5.453206e-05 -4.279578e-04 -2.882482e-05 1.799794e-05
10362.800000 -2.820993e-05 -9.039533e-07 -8.559137e-08 -1.113295e-06 5.005393e-05 -4.248584e-04 -2.115987e-05 2.425447e-05
10363.000000 -2.820632e-05 -9.023914e-07 -8.556041e-08 -1.115277e-06 4.850174e-05 -4.341186e-04 -2.694786e-05 3.050973e-05
10363.200000 -2.824856e-05 -9.060539e-07 -8.618335e-08 -1.121637e-06 4.216743e-05 -4.369409e-04 -2.327790e-05 3.087283e-05
10363.400000 -2.827846e-05 -9.083612e-07 -8.638987e-08 -1.125967e-06 5.460626e-05 -4.092997e-04 -2.562161e-05 2.815037e-05
10363.600000 -2.829508e-05 -9.083252e-07 -8.635773e-08 -1.129746e-06 5.289020e-05 -3.930339e-04 -2.681437e-05 2.604275e-05
10363.800000 -2.830642e-05 -9.103405e-07 -8.653787e-08 -1.134017e-06 4.417883e-05 -4.022649e-04 -3.158326e-05 2.523701e-05
10364.000000 -2.830602e-05 -9.078400e-07 -8.614865e-08 -1.136358e-06 4.475885e-05 -3.963301e-04 -3.127880e-05 2.561156e-05
10364.200000 -2.828721e-05 -9.081409e-07 -8.605047e-08 -1.137596e-06 5.538103e-05 -3.642442e-04 -2.222357e-05 2.295501e-05
10364.400000 -2.827800e-05 -9.057613e-07 -8.571572e-08 -1.139498e-06 4.640831e-05 -3.765539e-04 -2.239552e-05 1.910786e-05
10364.600000 -2.828786e-05 -9.063423e-07 -8.586809e-08 -1.144895e-06 4.856448e-05 -4.092311e-04 -2.407235e-05 2.419233e-05
10364.800000 -2.828482e-05 -9.062155e-07 -8.569592e-08 -1.147108e-06 5.340425e-05 -4.322584e-04 -1.985928e-05 2.034412e-05
10365.000000 -2.828278e-05 -9.044595e-07 -8.560175e-08 -1.149479e-06 4.588494e-05 -4.158909e-04 -1.890139e-05 2.228962e-05
10365.200000 -2.828175e-05 -9.047259e-07 -8.563061e-08 -1.154667e-06 5.314463e-05 -4.198468e-04 -1.804717e-05 2.047495e-05
10365.400000 -2.826904e-05 -9.022202e-07 -8.539222e-08 -1.157594e-06 4.770520e-05 -4.150121e-04 -2.980689e-05 7.322463e-06
10365.600000 -2.828554e-05 -9.047324e-07 -8.589414e-08 -1.164080e-06 4.914829e-05 -4.302612e-04 -3.499939e-05 -8.658416e-07
10365.800000 -2.828741e-05 -9.034917e-07 -8.603844e-08 -1.168797e-06 4.714163e-05 -4.148626e-04 -2.942651e-05 -7.790337e-06
10366.000000 -2.827523e-05 -9.023691e-07 -8.588226e-08 -1.173059e-06 4.844643e-05 -4.038934e-04 -1.872063e-05 -5.896717e-07
10366.200000 -2.827217e-05 -9.007317e-07 -8.580503e-08 -1.178504e-06 4.954137e-05 -3.990927e-04 -2.546749e-05 6.315374e-06
10366.400000 -2.826471e-05 -9.002419e-07 -8.568441e-08 -1.184733e-06 5.199228e-05 -4.060193e-04 -4.544401e-05 1.288399e-06
10366.600000 -2.823209e-05 -8.960958e-07 -8.502799e-08 -1.188145e-06 5.203456e-05 -3.706151e-04 -4.134320e-05 1.172275e-05
10366.800000 -2.825605e-05 -8.962431e-07 -8.501924e-08 -1.198795e-06 4.463561e-05 -3.807827e-04 -4.135322e-05 1.286443e-05
10367.000000 -2.823761e-05 -8.932212e-07 -8.487921e-08 -1.204932e-06 5.285139e-05 -4.015008e-04 -3.739106e-05 1.724724e-05
10367.200000 -2.824851e-05 -8.922365e-07 -8.468855e-08 -1.215542e-06 5.017072e-05 -3.959242e-04 -3.419374e-05 4.340083e-06
10367.400000 -2.825034e-05 -8.919548e-07 -8.465682e-08 -1.226602e-06 5.798241e-05 -3.741305e-04 -1.777824e-05 8.143758e-06
10367.600000 -2.824168e-05 -8.873947e-07 -8.429408e-08 -1.237093e-06 6.439829e-05 -3.805272e-04 -1.087844e-05 1.186274e-05
10367.800000 -2.824022e-05 -8.870960e-07 -8.430099e-08 -1.249936e-06 5.017851e-05 -3.856698e-04 -2.479212e-05 4.529756e-06
10368.000000 -2.820753e-05 -8.808309e-07 -8.352012e-08 -1.261794e-06 4.547733e-05 -3.779587e-04 -1.586190e-05 -3.026717e-06
10368.200000 -2.820413e-05 -8.797767e-07 -8.318862e-08 -1.277671e-06 4.513722e-05 -3.918144e-04 -7.092221e-06 2.283276e-06
10368.400000 -2.819105e-05 -8.739534e-07 -8.275787e-08 -1.293952e-06 4.497128e-05 -3.982022e-04 -1.575064e-05 8.038825e-06
10368.600000 -2.819629e-05 -8.698792e-07 -8.250275e-08 -1.316117e-06 4.776260e-05 -3.995791e-04 -1.923461e-05 1.521329e-05
10368.800000 -2.824189e-05 -8.700122e-07 -8.262669e-08 -1.343825e-06 5.154367e-05 -3.902968e-04 -2.281113e-05 5.995539e-06
10369.000000 -2.819103e-05 -8.599634e-07 -8.166675e-08 -1.363238e-06 5.134565e-05 -3.637736e-04 -1.856810e-05 2.970314e-06
10369.200000 -2.817560e-05 -8.556890e-07 -8.130703e-08 -1.387887e-06 5.339661e-05 -3.403988e-04 -2.802924e-05 2.315913e-07
10369.400000 -2.819100e-05 -8.518901e-07 -8.078423e-08 -1.417989e-06 5.483195e-05 -3.528052e-04 -1.610628e-05 1.545002e-06
10369.600000 -2.822569e-05 -8.479870e-07 -8.048687e-08 -1.456714e-06 4.821797e-05 -3.564547e-04 -1.934288e-05 -9.605293e-06
10369.800000 -2.824858e-05 -8.444148e-07 -8.040658e-08 -1.495085e-06 4.572803e-05 -3.658038e-04 -3.169460e-05 -1.373074e-05
10370.000000 -2.825623e-05 -8.395311e-07 -7.978896e-08 -1.534916e-06 4.618837e-05 -3.738233e-04 -2.591560e-05 -2.266191e-06
10370.200000 -2.822192e-05 -8.294041e-07 -7.876329e-08 -1.572602e-06 5.257279e-05 -3.795250e-04 -2.209177e-05 -1.603742e-06
10370.400000 -2.820366e-05 -8.226935e-07 -7.793929e-08 -1.613817e-06 5.410878e-05 -3.970614e-04 -1.876281e-05 1.571555e-06
10370.600000 -2.821552e-05 -8.165373e-07 -7.715008e-08 -1.663393e-06 4.471464e-05 -4.101206e-04 -1.633672e-05 -6.190681e-07
10370.800000 -2.822017e-05 -8.086389e-07 -7.635079e-08 -1.716530e-06 4.752482e-05 -4.051499e-04 -1.720366e-05 -1.045664e-07
10371.000000 -2.822080e-05 -8.005803e-07 -7.569516e-08 -1.769884e-06 5.660346e-05 -3.987418e-04 -4.532164e-05 -3.977321e-06
10371.200000 -2.820409e-05 -7.924642e-07 -7.510146e-08 -1.826422e-06 5.976422e-05 -3.862569e-04 -4.313600e-05 -3.150346e-06
10371.400000 -2.818620e-05 -7.823017e-07 -7.420194e-08 -1.886497e-06 5.493580e-05 -3.598495e-04 -3.274292e-05 1.388622e-05
10371.600000 -2.819154e-05 -7.746062e-07 -7.350528e-08 -1.952346e-06 5.532449e-05 -3.725136e-04 -2.506965e-05 2.813581e-05
10371.800000 -2.818771e-05 -7.652117e-07 -7.258153e-08 -2.020356e-06 5.433287e-05 -3.935640e-04 -3.115657e-05 2.992962e-05
10372.000000 -2.816593e-05 -7.542648e-07 -7.168276e-08 -2.089897e-06 5.021980e-05 -3.686219e-04 -2.991889e-05 2.761929e-05
10372.200000 -2.813941e-05 -7.439772e-07 -7.077764e-08 -2.161034e-06 5.185804e-05 -3.800193e-04 -2.841945e-05 3.439168e-05
10372.400000 -2.813113e-05 -7.339524e-07 -6.977250e-08 -2.234125e-06 5.811643e-05 -3.651649e-04 -1.754615e-05 3.551520e-05
10372.600000 -2.815613e-05 -7.262155e-07 -6.915965e-08 -2.314687e-06 5.645497e-05 -3.932737e-04 -3.560479e-05 2.696462e-05
10372.800000 -2.816241e-05 -7.176379e-07 -6.827608e-08 -2.389720e-06 5.821413e-05 -4.104740e-04 -3.647884e-05 2.234330e-05
10373.000000 -2.815349e-05 -7.089383e-07 -6.711524e-08 -2.461095e-06 5.047709e-05 -3.999147e-04 -3.331979e-05 2.296860e-05
10373.200000 -2.813801e-05 -6.996686e-07 -6.604454e-08 -2.527202e-06 4.061421e-05 -4.130846e-04 -3.779421e-05 2.645669e-05
10373.400000 -2.814071e-05 -6.928868e-07 -6.542930e-08 -2.592792e-06 4.082841e-05 -4.209480e-04 -4.358786e-05 2.488925e-05
10373.600000 -2.816496e-05 -6.874228e-07 -6.480958e-08 -2.653629e-06 4.810172e-05 -3.918045e-04 -4.036955e-05 2.584064e-05
10373.800000 -2.818156e-05 -6.830228e-07 -6.436941e-08 -2.709687e-06 4.460063e-05 -3.899220e-04 -3.791414e-05 3.091736e-05
10374.000000 -2.819358e-05 -6.785489e-07 -6.423612e-08 -2.757696e-06 3.782177e-05 -3.925453e-04 -3.260297e-05 3.346124e-05
10374.200000 -2.821686e-05 -6.744967e-07 -6.384640e-08 -2.798408e-06 3.751869e-05 -3.585442e-04 -4.309383e-05 2.490668e-05
10374.400000 -2.821129e-05 -6.712039e-07 -6.346875e-08 -2.832053e-06 4.634937e-05 -3.527888e-04 -3.665846e-05 2.676808e-05
10374.600000 -2.821251e-05 -6.680514e-07 -6.323912e-08 -2.860212e-06 3.781776e-05 -3.703269e-04 -3.249908e-05 1.671209e-05
10374.800000 -2.823578e-05 -6.681797e-07 -6.334986e-08 -2.890008e-06 4.307856e-05 -3.905389e-04 -5.040585e-05 1.087419e-05
10375.000000 -2.823317e-05 -6.644498e-07 -6.300887e-08 -2.908541e-06 4.761976e-05 -3.817823e-04 -3.898635e-05 1.975303e-05
10375.200000 -2.822281e-05 -6.641551e-07 -6.306764e-08 -2.922510e-06 4.877078e-05 -3.723674e-04 -4.360604e-05 1.138568e-05
10375.400000 -2.822778e-05 -6.621358e-07 -6.288090e-08 -2.939036e-06 4.212044e-05 -3.910238e-04 -2.818715e-05 1.686323e-05
10375.600000 -2.821812e-05 -6.597251e-07 -6.255816e-08 -2.951297e-06 3.969450e-05 -3.782546e-04 -1.450106e-05 1.922275e-05
10375.800000 -2.821105e-05 -6.577464e-07 -6.228960e-08 -2.961802e-06 4.177785e-05 -3.762999e-04 -1.785990e-05 1.579210e-05
10376.000000 -2.822937e-05 -6.591839e-07 -6.214381e-08 -2.975560e-06 4.481904e-05 -3.666126e-04 -3.972341e-05 1.210719e-05
10376.200000 -2.822435e-05 -6.573869e-07 -6.194375e-08 -2.982506e-06 4.649201e-05 -3.946335e-04 -3.259703e-05 1.860695e-05
10376.400000 -2.818246e-05 -6.536495e-07 -6.154517e-08 -2.982000e-06 6.060380e-05 -3.948188e-04 -2.338501e-05 2.538671e-05
10376.600000 -2.821690e-05 -6.573189e-07 -6.183616e-08 -2.988686e-06 5.735244e-05 -3.920428e-04 -3.195707e-05 2.439804e-05
10376.800000 -2.818934e-05 -6.549290e-07 -6.145784e-08 -2.985055e-06 4.943470e-05 -3.974554e-04 -2.150975e-05 2.556312e-05
10377.000000 -2.822139e-05 -6.576172e-07 -6.198123e-08 -2.988455e-06 4.767427e-05 -3.820556e-04 -3.146534e-05 1.771513e-05
10377.200000 -2.825762e-05 -6.617222e-07 -6.243068e-08 -2.989048e-06 4.804171e-05 -3.984369e-04 -3.566672e-05 1.772584e-05
10377.400000 -2.826338e-05 -6.626466e-07 -6.248020e-08 -2.981775e-06 5.828256e-05 -4.172808e-04 -3.820167e-05 2.838280e-05
10377.600000 -2.825428e-05 -6.634007e-07 -6.246519e-08 -2.966828e-06 5.862175e-05 -4.228457e-04 -3.740712e-05 2.044057e-05
10377.800000 -2.825379e-05 -6.643710e-07 -6.267010e-08 -2.949727e-06 6.243977e-05 -4.251599e-04 -3.232357e-05 1.396094e-05
10378.000000 -2.823915e-05 -6.658287e-07 -6.291746e-08 -2.926424e-06 6.140075e-05 -4.117959e-04 -2.719361e-05 2.130189e-05
10378.200000 -2.822340e-05 -6.670484e-07 -6.292943e-08 -2.902814e-06 5.845984e-05 -3.985650e-04 -2.682426e-05 2.150057e-05
10378.400000 -2.819323e-05 -6.680637e-07 -6.303541e-08 -2.868737e-06 5.344289e-05 -4.115683e-04 -3.064436e-05 1.305723e-05
10378.600000 -2.813990e-05 -6.657996e-07 -6.294687e-08 -2.832073e-06 5.908065e-05 -4.407194e-04 -2.248225e-05 1.650448e-05
10378.800000 -2.810092e-05 -6.646889e-07 -6.258653e-08 -2.795766e-06 6.687452e-05 -4.372035e-04 -2.467315e-05 2.063970e-05
10379.000000 -2.817151e-05 -6.742349e-07 -6.319524e-08 -2.780309e-06 6.660140e-05 -4.530739e-04 -3.421843e-05 1.208134e-05
10379.200000 -2.819999e-05 -6.766575e-07 -6.357520e-08 -2.758242e-06 5.374270e-05 -4.113689e-04 -2.852349e-05 8.896326e-06
10379.400000 -2.820761e-05 -6.812876e-07 -6.400838e-08 -2.728389e-06 5.480019e-05 -3.785075e-04 -2.683378e-05 3.101008e-06
10379.600000 -2.820434e-05 -6.857079e-07 -6.440579e-08 -2.696487e-06 5.683173e-05 -4.058204e-04 -2.719067e-05 6.774719e-06
10379.800000 -2.819802e-05 -6.856357e-07 -6.441620e-08 -2.662478e-06 6.327540e-05 -4.093295e-04 -2.719550e-05 1.415880e-05
10380.000000 -2.821174e-05 -6.930207e-07 -6.515744e-08 -2.633440e-06 5.762918e-05 -4.125987e-04 -2.380034e-05 2.751929e-05
10380.200000 -2.823370e-05 -6.956070e-07 -6.569063e-08 -2.604710e-06 5.895613e-05 -4.312748e-04 -2.626437e-05 3.090825e-05
10380.400000 -2.823109e-05 -7.000978e-07 -6.618022e-08 -2.570770e-06 5.805767e-05 -4.222514e-04 -3.535973e-05 2.222282e-05
10380.600000 -2.821327e-05 -7.017335e-07 -6.666027e-08 -2.533350e-06 5.856735e-05 -4.186161e-04 -2.718419e-05 1.117560e-05
10380.800000 -2.824282e-05 -7.087546e-07 -6.731450e-08 -2.503922e-06 6.216840e-05 -4.108604e-04 -2.718699e-05 6.089214e-06
10381.000000 -2.825280e-05 -7.148711e-07 -6.797865e-08 -2.472241e-06 5.538212e-05 -4.139335e-04 -2.228192e-05 7.583842e-06
10381.200000 -2.823833e-05 -7.143788e-07 -6.774349e-08 -2.436111e-06 4.826309e-05 -4.357184e-04 -3.499237e-05 4.236857e-07
10381.400000 -2.824789e-05 -7.226576e-07 -6.849667e-08 -2.403808e-06 5.720935e-05 -4.452804e-04 -3.924110e-05 -1.187116e-06
10381.600000 -2.824251e-05 -7.240115e-07 -6.845985e-08 -2.370002e-06 6.169067e-05 -4.114361e-04 -3.046266e-05 -7.145811e-06
10381.800000 -2.822957e-05 -7.273980e-07 -6.873004e-08 -2.336365e-06 6.613076e-05 -4.235931e-04 -2.987752e-05 -5.260110e-06
10382.000000 -2.824411e-05 -7.327870e-07 -6.913231e-08 -2.307225e-06 6.121355e-05 -4.352104e-04 -3.200999e-05 -2.227396e-06
10382.200000 -2.824329e-05 -7.358391e-07 -6.931546e-08 -2.279072e-06 6.792310e-05 -4.359698e-04 -2.071036e-05 9.712638e-06
10382.400000 -2.825256e-05 -7.409330e-07 -6.988991e-08 -2.252186e-06 7.196608e-05 -4.160353e-04 -2.298289e-05 1.275292e-05
10382.600000 -2.823417e-05 -7.407386e-07 -6.992244e-08 -2.224008e-06 7.302447e-05 -4.258658e-04 -2.231000e-05 9.141126e-06
10382.800000 -2.821728e-05 -7.458003e-07 -7.040258e-08 -2.196809e-06 7.099259e-05 -4.047312e-04 -2.927461e-05 1.881869e-05
10383.000000 -2.818935e-05 -7.444706e-07 -7.019528e-08 -2.168609e-06 7.336007e-05 -4.234672e-04 -4.860082e-05 1.214735e-05
10383.200000 -2.818442e-05 -7.492013e-07 -7.073877e-08 -2.147600e-06 8.677298e-05 -4.103839e-04 -3.428139e-05 9.864437e-06
10383.400000 -2.813368e-05 -7.460153e-07 -7.048383e-08 -2.119857e-06 7.519124e-05 -4.023621e-04 -2.441842e-05 1.760154e-05
10383.600000 -2.819442e-05 -7.534135e-07 -7.121130e-08 -2.112364e-06 7.003081e-05 -4.147086e-04 -2.809410e-05 1.823587e-05
10383.800000 -2.822175e-05 -7.580448e-07 -7.158611e-08 -2.102659e-06 6.602891e-05 -4.146078e-04 -4.675448e-05 1.037383e-05
10384.000000 -2.821338e-05 -7.576619e-07 -7.159115e-08 -2.088677e-06 6.331869e-05 -3.844046e-04 -4.431439e-05 9.230997e-06
10384.200000 -2.821918e-05 -7.619326e-07 -7.164201e-08 -2.077725e-06 6.186971e-05 -3.859308e-04 -4.785277e-05 1.995190e-05
10384.400000 -2.823059e-05 -7.616402e-07 -7.149152e-08 -2.068252e-06 6.070297e-05 -3.825689e-04 -3.666904e-05 1.794189e-05
10384.600000 -2.824099e-05 -7.658984e-07 -7.205530e-08 -2.062229e-06 6.430359e-05 -3.768325e-04 -4.271423e-05 2.164796e-05
10384.800000 -2.823691e-05 -7.651036e-07 -7.194563e-08 -2.052773e-06 6.270118e-05 -3.901168e-04 -3.512122e-05 1.391379e-05
10385.000000 -2.823841e-05 -7.669338e-07 -7.223918e-08 -2.046237e-06 6.628195e-05 -4.019942e-04 -3.962491e-05 1.561632e-05
10385.200000 -2.824167e-05 -7.690720e-07 -7.253882e-08 -2.041424e-06 5.241614e-05 -4.435231e-04 -4.728394e-05 8.390260e-06
10385.400000 -2.822798e-05 -7.674574e-07 -7.231453e-08 -2.034082e-06 5.537939e-05 -4.449278e-04 -3.522505e-05 1.055342e-05
10385.600000 -2.821656e-05 -7.692727e-07 -7.239993e-08 -2.028890e-06 6.448762e-05 -4.302047e-04 -3.672852e-05 2.406606e-06
10385.800000 -2.820337e-05 -7.662833e-07 -7.220964e-08 -2.022716e-06 6.865828e-05 -4.313270e-04 -3.496747e-05 4.875422e-06
10386.000000 -2.820542e-05 -7.691687e-07 -7.263873e-08 -2.020977e-06 7.247853e-05 -4.169044e-04 -3.995579e-05 5.656519e-06
10386.200000 -2.821554e-05 -7.688455e-07 -7.268681e-08 -2.018559e-06 6.936704e-05 -4.130555e-04 -3.198928e-05 1.791880e-05
10386.400000 -2.819875e-05 -7.694325e-07 -7.268289e-08 -2.013968e-06 6.676928e-05 -4.032192e-04 -4.426057e-05 2.020443e-05
10386.600000 -2.815580e-05 -7.676477e-07 -7.212780e-08 -2.004566e-06 6.858137e-05 -4.015778e-04 -4.916946e-05 2.408023e-05
10386.800000 -2.813101e-05 -7.650912e-07 -7.166672e-08 -2.000421e-06 6.424082e-05 -3.724596e-04 -4.109439e-05 1.648089e-05
10387.000000 -2.816309e-05 -7.686517e-07 -7.170383e-08 -2.004782e-06 5.673743e-05 -3.895301e-04 -4.305128e-05 3.374119e-06
10387.200000 -2.816568e-05 -7.661324e-07 -7.166095e-08 -2.005826e-06 5.387158e-05 -3.834521e-04 -4.870843e-05 1.209399e-06
10387.400000 -2.816771e-05 -7.696881e-07 -7.207740e-08 -2.007753e-06 4.649683e-05 -3.931839e-04 -3.673794e-05 1.333078e-05
10387.600000 -2.817806e-05 -7.686707e-07 -7.204777e-08 -2.010556e-06 4.519793e-05 -3.821006e-04 -3.443996e-05 1.343616e-05
10387.800000 -2.815956e-05 -7.694614e-07 -7.196022e-08 -2.008825e-06 5.626404e-05 -3.869371e-04 -3.159036e-05 1.589334e-05
10388.000000 -2.812222e-05 -7.655833e-07 -7.158293e-08 -2.005632e-06 6.125569e-05 -3.736508e-04 -2.169725e-05 2.433922e-05
10388.200000 -2.810160e-05 -7.643620e-07 -7.145263e-08 -2.005279e-06 6.267563e-05 -3.597261e-04 -2.681225e-05 1.722380e-05
10388.400000 -2.811469e-05 -7.662679e-07 -7.150520e-08 -2.009489e-06 5.693817e-05 -3.679472e-04 -3.028353e-05 1.215010e-05
10388.600000 -2.817186e-05 -7.680427e-07 -7.187079e-08 -2.022734e-06 5.681202e-05 -3.779079e-04 -4.104601e-05 1.650884e-05
10388.800000 -2.821928e-05 -7.731763e-07 -7.239897e-08 -2.033998e-06 4.707521e-05 -3.868205e-04 -1.924591e-05 2.698031e-05
10389.000000 -2.819848e-05 -7.684944e-07 -7.166070e-08 -2.035208e-06 5.190123e-05 -3.829220e-04 -1.885164e-05 2.735570e-05
10389.200000 -2.819130e-05 -7.713122e-07 -7.170327e-08 -2.037610e-06 5.935799e-05 -3.749889e-04 -2.558915e-05 2.663276e-05
10389.400000 -2.815227e-05 -7.653098e-07 -7.096622e-08 -2.035279e-06 6.085731e-05 -3.769907e-04 -2.806882e-05 1.960011e-05
10389.600000 -2.816448e-05 -7.669358e-07 -7.093564e-08 -2.040211e-06 6.831485e-05 -3.992736e-04 -2.652148e-05 1.383789e-05
10389.800000 -2.818677e-05 -7.692944e-07 -7.081678e-08 -2.050211e-06 6.675250e-05 -3.905109e-04 -2.341963e-05 1.201439e-05
10390.000000 -2.821685e-05 -7.689175e-07 -7.085319e-08 -2.056892e-06 5.596935e-05 -3.886672e-04 -2.830905e-05 7.786449e-06
10390.200000 -2.821137e-05 -7.703277e-07 -7.103567e-08 -2.061222e-06 6.766075e-05 -4.364672e-04 -2.559669e-05 2.155684e-05
10390.400000 -2.819876e-05 -7.670179e-07 -7.118110e-08 -2.063450e-06 6.957091e-05 -4.118889e-04 -1.901511e-05 2.024277e-05
10390.600000 -2.821369e-05 -7.687051e-07 -7.148595e-08 -2.071805e-06 7.112144e-05 -3.935620e-04 -9.419073e-06 2.000834e-05
10390.800000 -2.820758e-05 -7.667082e-07 -7.106495e-08 -2.075862e-06 7.209621e-05 -4.243894e-04 -5.598919e-06 2.257871e-05
10391.000000 -2.820392e-05 -7.662492e-07 -7.069870e-08 -2.080342e-06 6.964813e-05 -4.201582e-04 -2.355757e-05 1.233716e-05
10391.200000 -2.817797e-05 -7.633271e-07 -7.013886e-08 -2.081149e-06 7.201073e-05 -4.362224e-04 -2.254574e-05 1.923082e-05
10391.400000 -2.818650e-05 -7.646156e-07 -7.006979e-08 -2.086914e-06 6.919850e-05 -4.421871e-04 -2.149805e-05 1.731139e-05
10391.600000 -2.819558e-05 -7.643705e-07 -7.022524e-08 -2.093097e-06 6.729469e-05 -4.333505e-04 -2.686985e-05 1.802235e-05
10391.800000 -2.817870e-05 -7.628869e-07 -7.012573e-08 -2.095514e-06 6.517899e-05 -4.189080e-04 -2.417328e-05 2.514295e-05
10392.000000 -2.817249e-05 -7.616759e-07 -6.999606e-08 -2.096099e-06 6.454275e-05 -4.038474e-04 -3.343957e-05 2.572557e-05
10392.200000 -2.811993e-05 -7.591367e-07 -6.963624e-08 -2.091825e-06 6.930455e-05 -4.070219e-04 -1.950256e-05 2.051132e-05
10392.400000 -2.812220e-05 -7.583169e-07 -6.936020e-08 -2.094124e-06 6.432910e-05 -4.011939e-04 -2.228968e-05 1.275870e-05
10392.600000 -2.813219e-05 -7.585855e-07 -6.953126e-08 -2.100354e-06 5.742875e-05 -3.916484e-04 -2.517861e-05 1.814870e-05
10392.800000 -2.813317e-05 -7.599119e-07 -6.958022e-08 -2.102738e-06 5.279751e-05 -3.775609e-04 -2.250020e-05 2.497492e-05
10393.000000 -2.815753e-05 -7.600885e-07 -6.948086e-08 -2.109221e-06 5.192660e-05 -3.743036e-04 -2.833283e-05 2.409208e-05
10393.200000 -2.817603e-05 -7.629112e-07 -6.932019e-08 -2.113668e-06 5.573448e-05 -3.721571e-04 -2.871222e-05 2.653440e-05
10393.400000 -2.818054e-05 -7.623107e-07 -6.914450e-08 -2.114920e-06 5.463774e-05 -3.836541e-04 -2.671796e-05 2.071603e-05
10393.600000 -2.816371e-05 -7.619111e-07 -6.891847e-08 -2.115025e-06 5.009118e-05 -3.675694e-04 -2.373303e-05 1.506147e-05
10393.800000 -2.818671e-05 -7.633076e-07 -6.888694e-08 -2.117451e-06 4.467210e-05 -3.545509e-04 -1.923924e-05 2.298003e-05
10394.000000 -2.818712e-05 -7.623154e-07 -6.877365e-08 -2.118418e-06 4.627545e-05 -3.722346e-04 -1.087148e-05 2.057234e-05
10394.200000 -2.817310e-05 -7.625165e-07 -6.873960e-08 -2.115761e-06 5.384298e-05 -3.698419e-04 -1.491528e-05 1.918762e-05
10394.400000 -2.815800e-05 -7.613011e-07 -6.844990e-08 -2.115285e-06 4.774725e-05 -3.474077e-04 -1.360611e-05 2.255675e-05
10394.600000 -2.813722e-05 -7.610093e-07 -6.854603e-08 -2.111434e-06 3.981908e-05 -3.654548e-04 -1.269925e-05 2.011533e-05
10394.800000 -2.812256e-05 -7.598947e-07 -6.845730e-08 -2.109899e-06 4.461826e-05 -3.793714e-04 -1.967881e-05 1.679714e-05
10395.000000 -2.813757e-05 -7.607477e-07 -6.826718e-08 -2.110560e-06 3.773599e-05 -3.729479e-04 -1.977648e-05 2.066627e-05
10395.200000 -2.812558e-05 -7.605004e-07 -6.805859e-08 -2.109724e-06 4.291320e-05 -3.852752e-04 -2.699487e-05 2.314192e-05
10395.400000 -2.814077e-05 -7.616309e-07 -6.833369e-08 -2.110203e-06 4.731157e-05 -3.823600e-04 -3.900639e-05 2.213355e-05
10395.600000 -2.812025e-05 -7.604899e-07 -6.821524e-08 -2.106018e-06 3.755934e-05 -3.832548e-04 -4.947632e-05 1.509464e-05
10395.800000 -2.810436e-05 -7.600889e-07 -6.795148e-08 -2.100138e-06 3.936416e-05 -3.904296e-04 -4.238429e-05 1.188849e-05
10396.000000 -2.808318e-05 -7.598100e-07 -6.781536e-08 -2.093890e-06 4.735857e-05 -4.062429e-04 -3.607483e-05 2.271027e-05
10396.200000 -2.809503e-05 -7.615342e-07 -6.793909e-08 -2.093658e-06 4.866508e-05 -4.028198e-04 -4.014278e-05 2.319311e-05
10396.400000 -2.815064e-05 -7.654785e-07 -6.819616e-08 -2.097500e-06 5.194010e-05 -3.957368e-04 -3.069198e-05 2.228682e-05
10396.600000 -2.813976e-05 -7.658956e-07 -6.825582e-08 -2.094100e-06 4.390241e-05 -3.931758e-04 -3.244261e-05 2.807169e-05
10396.800000 -2.815025e-05 -7.673693e-07 -6.832737e-08 -2.091082e-06 4.126692e-05 -3.768698e-04 -2.855369e-05 2.826371e-05
10397.000000 -2.814548e-05 -7.682010e-07 -6.835283e-08 -2.084478e-06 4.116922e-05 -4.053477e-04 -3.176871e-05 2.009184e-05
10397.227860 -2.812545e-05 -7.676917e-07 -6.820571e-08 -2.073364e-06 4.577386e-05 -4.075775e-04 -2.368315e-05 1.102116e-05
10397.483581 -2.812289e-05 -7.681261e-07 -6.810634e-08 -2.067005e-06 4.756658e-05 -3.919982e-04 -2.932966e-05 -2.891378e-06
10397.767162 -2.812022e-05 -7.694967e-07 -6.809466e-08 -2.057299e-06 5.448191e-05 -3.861266e-04 -3.678303e-05 -2.210046e-06
10398.078604 -2.815086e-05 -7.731257e-07 -6.857036e-08 -2.052655e-06 5.973098e-05 -3.905174e-04 -3.686449e-05 9.647135e-06
10398.417905 -2.814873e-05 -7.750841e-07 -6.878819e-08 -2.039947e-06 5.093522e-05 -3.896608e-04 -2.847468e-05 5.681668e-06
10398.785067 -2.812827e-05 -7.752364e-07 -6.874302e-08 -2.023561e-06 4.694847e-05 -3.845012e-04 -3.414342e-05 1.778436e-05
10399.180090 -2.812221e-05 -7.772724e-07 -6.860729e-08 -2.008354e-06 5.404233e-05 -4.012962e-04 -2.534855e-05 2.105055e-05
10399.602973 -2.808342e-05 -7.770922e-07 -6.837019e-08 -1.989107e-06 4.909165e-05 -3.924974e-04 -2.082820e-05 9.207420e-06
10400.053716 -2.809734e-05 -7.805095e-07 -6.864125e-08 -1.975369e-06 4.994975e-05 -4.091071e-04 -2.570044e-05 7.712746e-06
10400.532319 -2.813851e-05 -7.860005e-07 -6.914367e-08 -1.965544e-06 5.501688e-05 -4.023610e-04 -3.236991e-05 9.981345e-06
10401.038783 -2.815000e-05 -7.894166e-07 -6.965852e-08 -1.952355e-06 4.967359e-05 -4.140004e-04 -3.398382e-05 1.328174e-05
10401.573107 -2.814772e-05 -7.921064e-07 -6.989413e-08 -1.938007e-06 3.730871e-05 -4.055227e-04 -3.580527e-05 4.680901e-06
10402.135292 -2.813416e-05 -7.927505e-07 -6.976457e-08 -1.924802e-06 4.236371e-05 -4.534743e-04 -3.866809e-05 1.044726e-05
10402.725337 -2.811633e-05 -7.932164e-07 -6.982785e-08 -1.914204e-06 5.245415e-05 -4.500844e-04 -3.837875e-05 7.337814e-06
10403.343242 -2.810392e-05 -7.929626e-07 -6.999643e-08 -1.907885e-06 4.990712e-05 -4.472652e-04 -3.580741e-05 8.866785e-06
10403.989008 -2.810878e-05 -7.939377e-07 -7.051055e-08 -1.908869e-06 4.484963e-05 -4.383020e-04 -3.866938e-05 2.983119e-05
10404.662634 -2.809296e-05 -7.937033e-07 -7.081954e-08 -1.911199e-06 4.285400e-05 -4.296941e-04 -2.783103e-05 3.252941e-05
10405.364120 -2.808248e-05 -7.936047e-07 -7.108490e-08 -1.917057e-06 4.664581e-05 -4.384989e-04 -3.135787e-05 2.306330e-05
10406.093467 -2.806311e-05 -7.910440e-07 -7.106486e-08 -1.923394e-06 4.384168e-05 -4.477080e-04 -2.709287e-05 1.525867e-05
10406.850674 -2.806943e-05 -7.909366e-07 -7.148920e-08 -1.935186e-06 3.835562e-05 -4.515616e-04 -3.341046e-05 1.707271e-05
10407.635741 -2.804923e-05 -7.883838e-07 -7.194004e-08 -1.943353e-06 4.103760e-05 -4.445128e-04 -2.390066e-05 1.558541e-05
10408.448669 -2.803296e-05 -7.864821e-07 -7.188340e-08 -1.952957e-06 3.993793e-05 -4.583757e-04 -2.363739e-05 1.283937e-05
10409.289457 -2.804687e-05 -7.856485e-07 -7.266437e-08 -1.968300e-06 4.277829e-05 -4.403520e-04 -3.042185e-05 1.581943e-05
10410.158106 -2.804180e-05 -7.835475e-07 -7.350161e-08 -1.982436e-06 4.325682e-05 -4.338773e-04 -1.705007e-05 2.982642e-05
10411.054614 -2.802818e-05 -7.813980e-07 -7.388028e-08 -1.998589e-06 5.248396e-05 -4.526691e-04 -5.763919e-06 3.804283e-05
10411.978983 -2.801353e-05 -7.782283e-07 -7.394096e-08 -2.018249e-06 4.174235e-05 -4.350231e-04 -1.461489e-05 3.578961e-05
10412.931213 -2.801529e-05 -7.756410e-07 -7.441443e-08 -2.043986e-06 4.524048e-05 -4.281441e-04 -1.464154e-05 3.010169e-05
10413.911303 -2.801379e-05 -7.724847e-07 -7.491861e-08 -2.071335e-06 4.789074e-05 -4.297578e-04 -1.224778e-05 3.683769e-05
10414.919253 -2.796733e-05 -7.656896e-07 -7.473658e-08 -2.093412e-06 5.452725e-05 -4.427329e-04 -2.638140e-05 3.525605e-05
10415.955064 -2.794528e-05 -7.615220e-07 -7.462591e-08 -2.117245e-06 4.895978e-05 -4.216955e-04 -1.843558e-05 3.026728e-05
10417.018734 -2.783569e-05 -7.514530e-07 -7.355315e-08 -2.123035e-06 5.078941e-05 -4.358410e-04 -1.038584e-05 2.258225e-05
10418.110266 -2.780266e-05 -7.468980e-07 -7.318999e-08 -2.138624e-06 4.389188e-05 -4.181921e-04 -8.701112e-06 2.735024e-05
10419.232723 -2.786456e-05 -7.501157e-07 -7.371483e-08 -2.168847e-06 5.318526e-05 -4.128468e-04 -1.539108e-05 2.972705e-05
10420.367373 -2.787156e-05 -7.500449e-07 -7.378259e-08 -2.187135e-06 5.603945e-05 -4.133172e-04 -2.133713e-05 3.127271e-05
10421.514214 -2.787699e-05 -7.497753e-07 -7.387207e-08 -2.202683e-06 5.385744e-05 -4.116373e-04 -2.066123e-05 3.309940e-05
10422.673248 -2.781805e-05 -7.450461e-07 -7.308496e-08 -2.203610e-06 6.087817e-05 -3.972333e-04 -1.413668e-05 2.722399e-05
10423.844473 -2.780758e-05 -7.439432e-07 -7.298474e-08 -2.211125e-06 6.396289e-05 -4.152011e-04 -4.433069e-06 3.088346e-05
10425.027890 -2.783581e-05 -7.457489e-07 -7.325904e-08 -2.223065e-06 6.047971e-05 -4.039008e-04 -2.057263e-05 3.596312e-05
10426.223499 -2.786041e-05 -7.488497e-07 -7.322154e-08 -2.231631e-06 5.736736e-05 -3.951170e-04 -1.887613e-05 3.664623e-05
10427.431300 -2.782307e-05 -7.469696e-07 -7.267631e-08 -2.229632e-06 4.907946e-05 -3.958307e-04 -6.817998e-06 4.089327e-05
10428.651293 -2.784234e-05 -7.486955e-07 -7.304265e-08 -2.236177e-06 4.810197e-05 -3.654281e-04 -9.172305e-06 4.220023e-05
10429.883478 -2.784371e-05 -7.492487e-07 -7.303720e-08 -2.238968e-06 5.219366e-05 -3.540471e-04 -1.681177e-05 3.077846e-05
10431.127855 -2.783305e-05 -7.493803e-07 -7.292569e-08 -2.237387e-06 4.600116e-05 -3.508419e-04 -1.718767e-05 2.859847e-05
10432.384423 -2.781135e-05 -7.495728e-07 -7.282952e-08 -2.230311e-06 4.649461e-05 -3.515176e-04 -1.999394e-05 3.010475e-05
10433.653184 -2.777683e-05 -7.487542e-07 -7.248329e-08 -2.220213e-06 4.613259e-05 -3.435649e-04 -2.314715e-05 2.551771e-05
10434.934136 -2.778378e-05 -7.515437e-07 -7.273355e-08 -2.214930e-06 4.433143e-05 -3.430079e-04 -1.881302e-05 2.509875e-05
10436.227280 -2.776619e-05 -7.519738e-07 -7.320569e-08 -2.206168e-06 4.428176e-05 -3.344692e-04 -1.546984e-05 3.707599e-05
10437.532617 -2.776084e-05 -7.538303e-07 -7.353050e-08 -2.199924e-06 4.568145e-05 -3.402856e-04 -2.451667e-05 4.394124e-05
10438.850145 -2.773193e-05 -7.533733e-07 -7.339696e-08 -2.191923e-06 3.970189e-05 -3.618970e-04 -2.459745e-05 4.112248e-05
10440.179865 -2.769131e-05 -7.519909e-07 -7.285803e-08 -2.179691e-06 4.034765e-05 -3.585054e-04 -3.087591e-05 3.451649e-05
10441.521777 -2.768925e-05 -7.535298e-07 -7.296834e-08 -2.174588e-06 4.467908e-05 -3.716498e-04 -1.679877e-05 3.678424e-05
10442.875881 -2.767113e-05 -7.536389e-07 -7.284090e-08 -2.168233e-06 4.364901e-05 -3.699082e-04 -1.775786e-05 3.706307e-05
10444.242177 -2.761239e-05 -7.511848e-07 -7.223882e-08 -2.155435e-06 4.765283e-05 -3.668317e-04 -8.220159e-06 4.102469e-05
10445.620664 -2.756855e-05 -7.492811e-07 -7.163977e-08 -2.147819e-06 4.470573e-05 -3.634340e-04 -1.261911e-05 4.629057e-05
10447.011344 -2.756650e-05 -7.504030e-07 -7.156564e-08 -2.146271e-06 2.960550e-05 -3.364571e-04 -1.731967e-05 4.112651e-05
10448.414215 -2.753758e-05 -7.500394e-07 -7.160315e-08 -2.139458e-06 2.797673e-05 -3.372548e-04 -2.800731e-05 3.230040e-05
10449.829279 -2.761113e-05 -7.577613e-07 -7.230440e-08 -2.149461e-06 3.751941e-05 -3.640199e-04 -1.847644e-05 3.129256e-05
10451.256534 -2.760321e-05 -7.597748e-07 -7.255353e-08 -2.145600e-06 4.476091e-05 -3.412822e-04 -2.034536e-05 3.388810e-05
10452.695981 -2.758730e-05 -7.607492e-07 -7.290286e-08 -2.139418e-06 3.961717e-05 -3.447211e-04 -2.241034e-05 3.818914e-05
10454.147620 -2.756112e-05 -7.607669e-07 -7.289003e-08 -2.132246e-06 4.502682e-05 -3.238286e-04 -3.010551e-05 4.934645e-05
10455.611452 -2.754158e-05 -7.612415e-07 -7.265782e-08 -2.127955e-06 4.583474e-05 -2.961626e-04 -2.372813e-05 4.590437e-05
10457.087475 -2.750988e-05 -7.608464e-07 -7.245558e-08 -2.122816e-06 4.705966e-05 -2.958875e-04 -3.241126e-05 4.029507e-05
10458.575689 -2.747708e-05 -7.598939e-07 -7.254088e-08 -2.117555e-06 4.808681e-05 -3.212660e-04 -2.639107e-05 4.220161e-05
10460.076096 -2.746449e-05 -7.603815e-07 -7.272842e-08 -2.115801e-06 3.970823e-05 -3.069632e-04 -3.821106e-05 3.294681e-05
10461.588695 -2.747788e-05 -7.632279e-07 -7.300496e-08 -2.119511e-06 4.224969e-05 -2.958750e-04 -1.650617e-05 3.777808e-05
10463.113485 -2.747167e-05 -7.643757e-07 -7.303059e-08 -2.119554e-06 4.512223e-05 -3.139822e-04 -2.219079e-05 2.832639e-05
10464.650468 -2.746614e-05 -7.661755e-07 -7.291725e-08 -2.119426e-06 5.107067e-05 -3.249894e-04 -2.066138e-05 3.543974e-05
10466.199642 -2.744711e-05 -7.662333e-07 -7.260065e-08 -2.118112e-06 4.795738e-05 -3.146946e-04 -1.962377e-05 4.239478e-05
10467.761009 -2.739991e-05 -7.645613e-07 -7.224824e-08 -2.110755e-06 4.311175e-05 -3.177693e-04 -2.970919e-05 3.268570e-05
10469.334567 -2.739127e-05 -7.654217e-07 -7.231521e-08 -2.113394e-06 4.360096e-05 -3.403861e-04 -2.231363e-05 3.122935e-05
10470.920317 -2.738175e-05 -7.654579e-07 -7.244610e-08 -2.114641e-06 4.850080e-05 -3.450443e-04 -2.669428e-05 3.083898e-05
10472.518259 -2.739618e-05 -7.674809e-07 -7.291078e-08 -2.119948e-06 5.418812e-05 -3.328347e-04 -1.580684e-05 3.185136e-05
10474.128393 -2.737482e-05 -7.662351e-07 -7.281079e-08 -2.120690e-06 5.049928e-05 -3.517465e-04 -1.659466e-05 3.308993e-05
10475.750719 -2.734203e-05 -7.658338e-07 -7.260720e-08 -2.120581e-06 4.468665e-05 -3.719991e-04 -1.664113e-05 3.842712e-05
10477.385237 -2.726497e-05 -7.602198e-07 -7.200184e-08 -2.112542e-06 4.622794e-05 -3.635427e-04 -3.275837e-05 3.268299e-05
10479.031946 -2.728296e-05 -7.624859e-07 -7.260361e-08 -2.120690e-06 5.058414e-05 -3.612358e-04 -4.143541e-05 3.466591e-05
10480.690848 -2.727853e-05 -7.639061e-07 -7.327213e-08 -2.124988e-06 5.568443e-05 -3.323141e-04 -3.113846e-05 4.009510e-05
10482.361942 -2.725598e-05 -7.633030e-07 -7.366730e-08 -2.125994e-06 5.967874e-05 -3.359365e-04 -3.272014e-05 3.904702e-05
10484.045227 -2.720823e-05 -7.625964e-07 -7.400039e-08 -2.124078e-06 5.753023e-05 -3.343581e-04 -2.729228e-05 4.479776e-05
10485.740704 -2.719898e-05 -7.625046e-07 -7.421538e-08 -2.124065e-06 5.528868e-05 -3.403705e-04 -3.386571e-05 4.380985e-05
10487.448374 -2.717913e-05 -7.618679e-07 -7.423276e-08 -2.124148e-06 4.903482e-05 -3.475649e-04 -2.480507e-05 3.838855e-05
10489.168235 -2.717128e-05 -7.630939e-07 -7.500937e-08 -2.127048e-06 5.071910e-05 -3.524037e-04 -2.992306e-05 4.070777e-05
10490.900288 -2.716285e-05 -7.637102e-07 -7.540725e-08 -2.130469e-06 5.575016e-05 -3.491208e-04 -3.541293e-05 4.463878e-05
10492.644533 -2.714684e-05 -7.640003e-07 -7.590374e-08 -2.132902e-06 4.949302e-05 -3.725280e-04 -4.560856e-05 4.331753e-05
10494.400970 -2.712529e-05 -7.644454e-07 -7.619196e-08 -2.136421e-06 4.625073e-05 -3.413826e-04 -3.759501e-05 2.869884e-05
10496.169598 -2.707894e-05 -7.614358e-07 -7.595077e-08 -2.136601e-06 4.710266e-05 -3.022627e-04 -2.651219e-05 3.101495e-05
10497.950419 -2.706087e-05 -7.606729e-07 -7.607090e-08 -2.142604e-06 5.136842e-05 -3.043083e-04 -2.758102e-05 2.965453e-05
10499.743432 -2.700579e-05 -7.567545e-07 -7.585680e-08 -2.143478e-06 3.697449e-05 -3.237386e-04 -2.262243e-05 3.139897e-05
10501.548636 -2.700504e-05 -7.578047e-07 -7.613411e-08 -2.154555e-06 3.772641e-05 -3.489591e-04 -2.253523e-05 4.019584e-05
10503.366032 -2.699030e-05 -7.578578e-07 -7.627294e-08 -2.162270e-06 4.552010e-05 -3.680834e-04 -1.469769e-05 4.049416e-05
10505.195621 -2.693961e-05 -7.558903e-07 -7.616410e-08 -2.162624e-06 4.163437e-05 -3.538295e-04 -8.423378e-06 3.027629e-05
10507.037401 -2.688260e-05 -7.519811e-07 -7.591402e-08 -2.158408e-06 3.952775e-05 -3.552683e-04 -2.827091e-05 2.347260e-05
10508.891373 -2.685054e-05 -7.513101e-07 -7.586640e-08 -2.157080e-06 3.290275e-05 -3.543869e-04 -3.024549e-05 3.093795e-05
10510.757537 -2.685153e-05 -7.535462e-07 -7.608203e-08 -2.163197e-06 3.322271e-05 -3.458581e-04 -1.954236e-05 3.646543e-05
10512.635893 -2.678086e-05 -7.520295e-07 -7.560270e-08 -2.159420e-06 3.802288e-05 -3.435040e-04 -3.190024e-05 2.027567e-05
10514.526441 -2.670344e-05 -7.492379e-07 -7.505085e-08 -2.154457e-06 3.814964e-05 -3.385936e-04 -4.262332e-05 1.840752e-05
10516.429181 -2.675616e-05 -7.534678e-07 -7.528491e-08 -2.165465e-06 4.199343e-05 -3.382946e-04 -2.962902e-05 3.039233e-05
10518.344112 -2.675815e-05 -7.559509e-07 -7.539122e-08 -2.169810e-06 5.202750e-05 -3.156205e-04 -3.642780e-05 2.637104e-05
10520.271236 -2.664878e-05 -7.542988e-07 -7.519447e-08 -2.161699e-06 5.652399e-05 -3.306315e-04 -2.515442e-05 3.103365e-05
10522.210552 -2.671009e-05 -7.570734e-07 -7.548760e-08 -2.166928e-06 5.667445e-05 -3.413671e-04 -2.141767e-05 3.477989e-05
10524.162059 -2.664947e-05 -7.535861e-07 -7.495749e-08 -2.156975e-06 6.174744e-05 -3.302876e-04 -2.611270e-05 3.277898e-05
10526.125758 -2.656426e-05 -7.535583e-07 -7.501706e-08 -2.149108e-06 5.837779e-05 -3.095456e-04 -2.813074e-05 2.634314e-05
10528.101649 -2.649747e-05 -7.545470e-07 -7.502897e-08 -2.141787e-06 5.501878e-05 -3.052215e-04 -2.960695e-05 3.497384e-05
10530.089733 -2.649067e-05 -7.557002e-07 -7.523557e-08 -2.138457e-06 5.092624e-05 -2.862612e-04 -2.568405e-05 3.249468e-05
10532.090008 -2.654506e-05 -7.576233e-07 -7.523738e-08 -2.137398e-06 4.273036e-05 -2.813160e-04 -2.341873e-05 2.573366e-05
10534.102475 -2.653005e-05 -7.617634e-07 -7.524678e-08 -2.135503e-06 4.279656e-05 -2.746465e-04 -2.050382e-05 2.856722e-05
10536.127133 -2.647910e-05 -7.616963e-07 -7.498007e-08 -2.127957e-06 4.101468e-05 -2.712330e-04 -3.786763e-05 3.189382e-05
10538.163984 -2.648044e-05 -7.619894e-07 -7.499843e-08 -2.125220e-06 4.175796e-05 -3.061882e-04 -3.446792e-05 4.214653e-05
10540.213027 -2.645057e-05 -7.617213e-07 -7.486186e-08 -2.120069e-06 4.812115e-05 -3.003746e-04 -4.054672e-05 3.338830e-05
10542.274261 -2.644887e-05 -7.648921e-07 -7.531951e-08 -2.122967e-06 5.543714e-05 -3.135659e-04 -3.502487e-05 2.061009e-05
10544.347688 -2.640926e-05 -7.641081e-07 -7.535364e-08 -2.118875e-06 4.511229e-05 -2.999759e-04 -3.479851e-05 1.090809e-05
10546.433306 -2.639137e-05 -7.654405e-07 -7.575043e-08 -2.118221e-06 4.321570e-05 -2.628475e-04 -2.553513e-05 1.375933e-05
10548.531117 -2.637418e-05 -7.669733e-07 -7.635221e-08 -2.118972e-06 3.807815e-05 -2.860167e-04 -3.349985e-05 1.305688e-05
10550.641119 -2.633502e-05 -7.674173e-07 -7.660763e-08 -2.117984e-06 3.817134e-05 -2.733140e-04 -2.763941e-05 1.549480e-05
10552.763313 -2.627678e-05 -7.663618e-07 -7.681284e-08 -2.114651e-06 3.468799e-05 -2.768864e-04 -1.725112e-05 2.595712e-05
10554.897699 -2.623895e-05 -7.671976e-07 -7.727689e-08 -2.115876e-06 3.872137e-05 -2.735205e-04 -3.546266e-05 1.523035e-05
10557.044277 -2.624499e-05 -7.697900e-07 -7.785679e-08 -2.121798e-06 4.665680e-05 -2.647716e-04 -3.709768e-05 1.994259e-05
10559.203047 -2.622956e-05 -7.711619e-07 -7.824984e-08 -2.124937e-06 5.312964e-05 -2.774352e-04 -4.498854e-05 3.373018e-05
10561.374008 -2.619120e-05 -7.703445e-07 -7.826575e-08 -2.125002e-06 4.739328e-05 -2.660448e-04 -4.070861e-05 4.077435e-05
10563.557162 -2.613925e-05 -7.675600e-07 -7.810470e-08 -2.123636e-06 4.358621e-05 -2.637681e-04 -3.468758e-05 3.954775e-05
10565.752508 -2.612717e-05 -7.687771e-07 -7.831116e-08 -2.126156e-06 3.184511e-05 -2.654352e-04 -2.456630e-05 4.376280e-05
10567.960045 -2.607908e-05 -7.674128e-07 -7.822263e-08 -2.124749e-06 2.351110e-05 -2.713402e-04 -3.677635e-05 4.198662e-05
10570.179775 -2.605934e-05 -7.697367e-07 -7.879408e-08 -2.128589e-06 2.156378e-05 -2.275530e-04 -4.892735e-05 3.224595e-05
10572.411696 -2.601879e-05 -7.688100e-07 -7.901249e-08 -2.128331e-06 2.427010e-05 -2.394397e-04 -4.977702e-05 3.559017e-05
10574.655809 -2.594623e-05 -7.664007e-07 -7.902820e-08 -2.123562e-06 2.891480e-05 -2.540247e-04 -4.780506e-05 4.537540e-05
10576.912114 -2.589491e-05 -7.659008e-07 -7.941866e-08 -2.122038e-06 2.977956e-05 -2.150673e-04 -3.231591e-05 5.046347e-05
10579.180611 -2.585666e-05 -7.658977e-07 -7.961359e-08 -2.121493e-06 2.855596e-05 -2.203414e-04 -3.121330e-05 4.896953e-05
10581.461300 -2.582801e-05 -7.673335e-07 -8.009986e-08 -2.122017e-06 3.432160e-05 -2.505111e-04 -3.200288e-05 3.672385e-05
10583.754181 -2.577833e-05 -7.658943e-07 -8.005547e-08 -2.117223e-06 3.752321e-05 -2.648319e-04 -2.984981e-05 4.328927e-05
10586.059254 -2.572990e-05 -7.666098e-07 -8.015586e-08 -2.116035e-06 3.757632e-05 -2.679145e-04 -4.108380e-05 4.898313e-05
10588.376518 -2.566089e-05 -7.656988e-07 -7.971004e-08 -2.111015e-06 3.701119e-05 -2.626209e-04 -3.843878e-05 4.724742e-05
10590.705975 -2.557696e-05 -7.662701e-07 -7.944539e-08 -2.105803e-06 3.441550e-05 -2.854740e-04 -3.117540e-05 4.999993e-05
10593.047623 -2.548279e-05 -7.651526e-07 -7.917942e-08 -2.098810e-06 3.112621e-05 -2.685003e-04 -2.927596e-05 4.467814e-05
10595.401464 -2.545252e-05 -7.660489e-07 -7.924924e-08 -2.096708e-06 2.418346e-05 -2.759461e-04 -3.789016e-05 4.083769e-05
10597.767496 -2.544874e-05 -7.670028e-07 -7.954156e-08 -2.095327e-06 3.305423e-05 -2.564017e-04 -4.177669e-05 4.159490e-05
10600.145720 -2.542330e-05 -7.668320e-07 -7.964104e-08 -2.091084e-06 2.879603e-05 -2.350541e-04 -4.428731e-05 4.136174e-05
10602.536136 -2.536426e-05 -7.674470e-07 -7.961828e-08 -2.085260e-06 2.831071e-05 -2.317328e-04 -3.339943e-05 4.967629e-05
10604.938744 -2.528601e-05 -7.666915e-07 -7.953411e-08 -2.077121e-06 3.579969e-05 -2.681022e-04 -3.068893e-05 4.428816e-05
10607.353544 -2.522375e-05 -7.681869e-07 -7.988381e-08 -2.076192e-06 3.632362e-05 -3.068226e-04 -2.027401e-05 4.208150e-05
10609.780536 -2.517805e-05 -7.672380e-07 -7.971056e-08 -2.074727e-06 3.487033e-05 -2.730441e-04 -2.610909e-05 3.664654e-05
10612.219720 -2.512536e-05 -7.663472e-07 -7.934419e-08 -2.073412e-06 3.114379e-05 -2.729917e-04 -3.081530e-05 3.777245e-05
10614.671096 -2.509629e-05 -7.641299e-07 -7.884148e-08 -2.071289e-06 3.464161e-05 -2.934517e-04 -3.113242e-05 3.616606e-05
10617.134663 -2.514360e-05 -7.689661e-07 -7.971174e-08 -2.082383e-06 3.554674e-05 -3.008459e-04 -4.014072e-05 3.541445e-05
10619.610423 -2.515339e-05 -7.727173e-07 -8.036429e-08 -2.088471e-06 3.294262e-05 -2.909508e-04 -3.069107e-05 4.208895e-05
10622.098374 -2.511667e-05 -7.722528e-07 -8.054270e-08 -2.085918e-06 3.171959e-05 -3.077182e-04 -3.241134e-05 4.525627e-05
10624.598517 -2.501738e-05 -7.667793e-07 -8.005134e-08 -2.073383e-06 3.112935e-05 -2.976257e-04 -2.604718e-05 4.219407e-05
10627.110852 -2.489471e-05 -7.593937e-07 -7.914755e-08 -2.059898e-06 2.845515e-05 -2.870077e-04 -4.544757e-05 3.501597e-05
10629.635380 -2.492462e-05 -7.671224e-07 -8.040977e-08 -2.072598e-06 4.128266e-05 -2.760670e-04 -4.786961e-05 4.218170e-05
10632.172099 -2.490576e-05 -7.702888e-07 -8.092493e-08 -2.078094e-06 4.480774e-05 -2.765849e-04 -3.646801e-05 4.929101e-05
10634.721009 -2.486051e-05 -7.710900e-07 -8.100600e-08 -2.078946e-06 4.465135e-05 -2.805811e-04 -3.943017e-05 5.422839e-05
10637.282112 -2.479141e-05 -7.702893e-07 -8.075175e-08 -2.074327e-06 4.620581e-05 -2.805426e-04 -3.799993e-05 5.355991e-05
10639.855407 -2.472423e-05 -7.688443e-07 -8.050279e-08 -2.068665e-06 6.265079e-05 -3.049518e-04 -2.536329e-05 4.544137e-05
10642.440894 -2.463284e-05 -7.648368e-07 -8.015427e-08 -2.059647e-06 5.864270e-05 -3.151988e-04 -3.269265e-05 4.958332e-05
10645.038572 -2.455639e-05 -7.650677e-07 -8.033440e-08 -2.055110e-06 5.467807e-05 -2.903048e-04 -3.279157e-05 5.535181e-05
10647.648443 -2.452970e-05 -7.675945e-07 -8.087602e-08 -2.058995e-06 4.989638e-05 -2.958833e-04 -3.989780e-05 5.936111e-05
10650.270505 -2.448000e-05 -7.676773e-07 -8.112819e-08 -2.056044e-06 4.281563e-05 -3.099954e-04 -3.642615e-05 4.847674e-05
10652.904759 -2.439278e-05 -7.663548e-07 -8.133743e-08 -2.047772e-06 3.532730e-05 -2.908351e-04 -4.463709e-05 4.610019e-05
10655.551205 -2.432616e-05 -7.659403e-07 -8.164500e-08 -2.041797e-06 3.336540e-05 -3.017630e-04 -3.094232e-05 3.462749e-05
10658.209844 -2.418872e-05 -7.626999e-07 -8.162849e-08 -2.029964e-06 4.471277e-05 -3.134691e-04 -3.525137e-05 3.209539e-05
10660.880674 -2.418877e-05 -7.647406e-07 -8.198227e-08 -2.032696e-06 5.761065e-05 -2.933442e-04 -3.553164e-05 2.750234e-05
10663.563696 -2.419305e-05 -7.669997e-07 -8.225222e-08 -2.033245e-06 5.931131e-05 -2.435571e-04 -2.465730e-05 2.563352e-05
10666.258909 -2.407540e-05 -7.622333e-07 -8.175977e-08 -2.018589e-06 5.099094e-05 -2.571008e-04 -3.785386e-05 3.852738e-05
10668.966315 -2.397024e-05 -7.585226e-07 -8.144276e-08 -2.006572e-06 4.076289e-05 -2.675477e-04 -4.493773e-05 4.146642e-05
10671.685913 -2.394433e-05 -7.627218e-07 -8.222910e-08 -2.008043e-06 3.516060e-05 -2.823468e-04 -5.114836e-05 3.265422e-05
10674.417702 -2.386713e-05 -7.619053e-07 -8.248380e-08 -2.000025e-06 3.558268e-05 -2.674431e-04 -3.168785e-05 3.304288e-05
10677.161684 -2.378729e-05 -7.618182e-07 -8.265521e-08 -1.994174e-06 3.973455e-05 -2.566086e-04 -3.641334e-05 2.723487e-05
10679.917857 -2.369625e-05 -7.643736e-07 -8.329903e-08 -1.991099e-06 3.557670e-05 -2.522566e-04 -2.751630e-05 2.789435e-05
10682.686222 -2.361198e-05 -7.644942e-07 -8.327009e-08 -1.985520e-06 3.540491e-05 -2.797851e-04 -2.167417e-05 3.853061e-05
10685.466780 -2.352548e-05 -7.635990e-07 -8.304165e-08 -1.980170e-06 2.864049e-05 -2.699086e-04 -2.887523e-05 3.800908e-05
10688.259529 -2.339939e-05 -7.601346e-07 -8.285336e-08 -1.969447e-06 2.734110e-05 -2.730631e-04 -2.615935e-05 3.097014e-05
10691.064470 -2.331374e-05 -7.590459e-07 -8.321932e-08 -1.965978e-06 3.531701e-05 -2.621450e-04 -3.415451e-05 2.798313e-05
10693.881602 -2.332127e-05 -7.597436e-07 -8.362589e-08 -1.968891e-06 4.609191e-05 -2.794911e-04 -2.516958e-05 3.056690e-05
10696.710927 -2.329072e-05 -7.594179e-07 -8.366049e-08 -1.967186e-06 3.413801e-05 -2.993793e-04 -2.204013e-05 3.012770e-05
10699.552444 -2.321722e-05 -7.591896e-07 -8.345789e-08 -1.962977e-06 2.518499e-05 -3.166775e-04 -1.228628e-05 2.854112e-05
10702.406153 -2.310869e-05 -7.590524e-07 -8.325324e-08 -1.956470e-06 2.859042e-05 -2.624255e-04 -2.044577e-05 2.704425e-05
10705.272053 -2.300204e-05 -7.573216e-07 -8.302996e-08 -1.948259e-06 3.074598e-05 -2.790200e-04 -2.200208e-05 2.177042e-05
10708.150146 -2.299555e-05 -7.582526e-07 -8.296149e-08 -1.949333e-06 3.195518e-05 -2.788232e-04 -1.857356e-05 3.185370e-05
10711.040430 -2.299283e-05 -7.600799e-07 -8.302592e-08 -1.952864e-06 3.985635e-05 -2.691258e-04 -2.462807e-05 3.389626e-05
10713.942906 -2.298036e-05 -7.643568e-07 -8.353753e-08 -1.956813e-06 4.260262e-05 -2.770950e-04 -4.106408e-05 3.007933e-05
10716.857574 -2.292557e-05 -7.653863e-07 -8.397190e-08 -1.955097e-06 3.727700e-05 -2.803807e-04 -4.021713e-05 3.332132e-05
10719.784435 -2.285392e-05 -7.646316e-07 -8.394152e-08 -1.949701e-06 4.811746e-05 -2.886438e-04 -3.748681e-05 3.510211e-05
10722.723487 -2.278083e-05 -7.644367e-07 -8.411346e-08 -1.944521e-06 4.979467e-05 -2.675174e-04 -2.741340e-05 5.076341e-05
10725.674730 -2.270060e-05 -7.635253e-07 -8.396615e-08 -1.940139e-06 4.017528e-05 -2.658963e-04 -3.307265e-05 3.983770e-05
10728.638166 -2.262156e-05 -7.639088e-07 -8.418320e-08 -1.936290e-06 4.096693e-05 -2.518347e-04 -3.907752e-05 3.997393e-05
10731.613794 -2.254020e-05 -7.638850e-07 -8.429993e-08 -1.931533e-06 3.820749e-05 -2.713877e-04 -2.769831e-05 4.089370e-05
10734.601614 -2.251086e-05 -7.649324e-07 -8.456399e-08 -1.929199e-06 5.436736e-05 -2.546448e-04 -2.290521e-05 3.630579e-05
10737.601625 -2.241546e-05 -7.630536e-07 -8.440954e-08 -1.921227e-06 5.004119e-05 -2.564730e-04 -3.728411e-05 2.736590e-05
10740.613829 -2.234156e-05 -7.625066e-07 -8.467345e-08 -1.915540e-06 4.604689e-05 -2.700859e-04 -3.567236e-05 2.858020e-05
10743.638224 -2.227709e-05 -7.643282e-07 -8.505697e-08 -1.912758e-06 3.819111e-05 -2.756361e-04 -2.935647e-05 3.100964e-05
10746.674811 -2.218975e-05 -7.641089e-07 -8.501296e-08 -1.906503e-06 4.432594e-05 -2.554579e-04 -2.655516e-05 3.453902e-05
10749.723590 -2.210604e-05 -7.638192e-07 -8.501727e-08 -1.900191e-06 4.164147e-05 -2.774545e-04 -3.429573e-05 3.989199e-05
10752.784561 -2.197504e-05 -7.596143e-07 -8.472499e-08 -1.888161e-06 4.393631e-05 -3.039908e-04 -4.282465e-05 4.030437e-05
10755.857724 -2.181623e-05 -7.554905e-07 -8.436584e-08 -1.873750e-06 4.640603e-05 -2.780004e-04 -2.667370e-05 4.531192e-05
10758.943079 -2.174507e-05 -7.540186e-07 -8.463592e-08 -1.868384e-06 5.568866e-05 -2.656004e-04 -2.116571e-05 4.774311e-05
10762.040626 -2.168984e-05 -7.527498e-07 -8.460206e-08 -1.862397e-06 5.380103e-05 -2.924469e-04 -1.628404e-05 4.146776e-05
10765.150365 -2.159952e-05 -7.533133e-07 -8.454914e-08 -1.858318e-06 4.221267e-05 -2.942941e-04 -3.410387e-05 3.112808e-05
10768.272295 -2.152035e-05 -7.530054e-07 -8.418033e-08 -1.852386e-06 4.482264e-05 -2.911871e-04 -4.214836e-05 3.230193e-05
10771.406418 -2.140201e-05 -7.495022e-07 -8.367565e-08 -1.842539e-06 5.248149e-05 -2.844125e-04 -3.041843e-05 3.450358e-05
10774.552732 -2.135932e-05 -7.536763e-07 -8.430462e-08 -1.844606e-06 4.715969e-05 -2.868524e-04 -3.948855e-05 3.291751e-05
10777.711239 -2.125343e-05 -7.512308e-07 -8.445113e-08 -1.835381e-06 5.182675e-05 -2.850844e-04 -3.630911e-05 3.554106e-05
10780.881937 -2.113380e-05 -7.474670e-07 -8.469375e-08 -1.823192e-06 4.521820e-05 -2.882605e-04 -2.633671e-05 2.728199e-05
10784.064827 -2.106000e-05 -7.491291e-07 -8.545225e-08 -1.821948e-06 4.242954e-05 -3.037283e-04 -3.126674e-05 2.807839e-05
10787.259909 -2.096740e-05 -7.492992e-07 -8.590281e-08 -1.815938e-06 4.570608e-05 -2.603154e-04 -3.429226e-05 3.406566e-05
10790.467183 -2.083417e-05 -7.453310e-07 -8.575012e-08 -1.802383e-06 4.249927e-05 -2.398656e-04 -3.330863e-05 4.256920e-05
10793.686649 -2.070242e-05 -7.412034e-07 -8.568090e-08 -1.790412e-06 4.197055e-05 -2.463610e-04 -2.737264e-05 4.103553e-05
10796.918307 -2.059264e-05 -7.400828e-07 -8.601574e-08 -1.783188e-06 3.728317e-05 -2.236550e-04 -3.167964e-05 3.058223e-05
10800.162157 -2.052720e-05 -7.422274e-07 -8.664282e-08 -1.782178e-06 3.700671e-05 -2.437573e-04 -4.074536e-05 3.701693e-05
10803.418198 -2.044827e-05 -7.432406e-07 -8.710149e-08 -1.778793e-06 4.179695e-05 -2.365602e-04 -3.978690e-05 4.445314e-05
10806.686432 -2.025133e-05 -7.382687e-07 -8.669179e-08 -1.760000e-06 3.621650e-05 -2.599724e-04 -3.876809e-05 3.282292e-05
10809.966857 -2.019521e-05 -7.379470e-07 -8.643896e-08 -1.756754e-06 3.402287e-05 -2.563052e-04 -3.085531e-05 3.169791e-05
10813.259474 -2.012907e-05 -7.370007e-07 -8.603767e-08 -1.751010e-06 3.999562e-05 -2.432378e-04 -4.756363e-05 3.417489e-05
10816.564284 -2.002778e-05 -7.366045e-07 -8.601348e-08 -1.744297e-06 3.168018e-05 -2.502952e-04 -6.194417e-05 3.599913e-05
10819.881285 -1.996104e-05 -7.376096e-07 -8.607034e-08 -1.741575e-06 2.534584e-05 -2.657222e-04 -6.284107e-05 2.886033e-05
10823.210478 -1.985488e-05 -7.367672e-07 -8.595653e-08 -1.734358e-06 3.199980e-05 -2.798859e-04 -5.959931e-05 2.284564e-05
10826.551863 -1.975241e-05 -7.370184e-07 -8.624796e-08 -1.727976e-06 2.779273e-05 -2.791554e-04 -5.653814e-05 1.890760e-05
10829.905440 -1.961922e-05 -7.335489e-07 -8.583716e-08 -1.717046e-06 2.454251e-05 -2.772681e-04 -4.566402e-05 2.964784e-05
10833.271209 -1.950017e-05 -7.312799e-07 -8.514872e-08 -1.707500e-06 2.653713e-05 -2.682375e-04 -5.584662e-05 4.013967e-05
10836.649169 -1.938285e-05 -7.293837e-07 -8.457206e-08 -1.697722e-06 2.103886e-05 -2.606333e-04 -6.493213e-05 4.639422e-05
10840.039322 -1.926940e-05 -7.280886e-07 -8.444995e-08 -1.688123e-06 1.957762e-05 -2.745519e-04 -6.670215e-05 4.318253e-05
10843.441666 -1.915237e-05 -7.255654e-07 -8.446697e-08 -1.676753e-06 3.448369e-05 -2.712034e-04 -6.333307e-05 3.320051e-05
10846.856203 -1.902319e-05 -7.219964e-07 -8.410990e-08 -1.664796e-06 3.113738e-05 -2.674182e-04 -5.327942e-05 4.357126e-05
10850.282931 -1.889743e-05 -7.197472e-07 -8.415154e-08 -1.655116e-06 3.755271e-05 -2.701459e-04 -5.289946e-05 4.645502e-05
10853.721851 -1.872808e-05 -7.147235e-07 -8.372680e-08 -1.639494e-06 4.150283e-05 -2.394868e-04 -4.738157e-05 4.233655e-05
10857.172964 -1.866035e-05 -7.163681e-07 -8.395643e-08 -1.636119e-06 4.737146e-05 -2.279604e-04 -5.484824e-05 3.386963e-05
10860.636268 -1.851558e-05 -7.138458e-07 -8.372737e-08 -1.624226e-06 4.446796e-05 -2.462249e-04 -5.115166e-05 3.977756e-05
10864.111764 -1.842176e-05 -7.129929e-07 -8.410754e-08 -1.618209e-06 3.916215e-05 -2.652351e-04 -5.223404e-05 4.559488e-05
10867.599451 -1.830023e-05 -7.099618e-07 -8.413220e-08 -1.607506e-06 3.958779e-05 -2.578417e-04 -5.630710e-05 4.280728e-05
10871.099331 -1.816738e-05 -7.081005e-07 -8.411511e-08 -1.598212e-06 3.547909e-05 -3.046715e-04 -4.645739e-05 3.436029e-05
10874.611403 -1.802355e-05 -7.052331e-07 -8.389609e-08 -1.586959e-06 3.593166e-05 -3.308515e-04 -5.120510e-05 2.638276e-05
10878.135666 -1.784357e-05 -6.984334e-07 -8.303531e-08 -1.570447e-06 3.655010e-05 -3.044536e-04 -5.349415e-05 3.375412e-05
10881.672122 -1.772695e-05 -6.940620e-07 -8.243147e-08 -1.560166e-06 3.829501e-05 -3.076633e-04 -6.292758e-05 3.115199e-05
10885.220769 -1.763342e-05 -6.938773e-07 -8.242850e-08 -1.555068e-06 4.556773e-05 -2.903100e-04 -5.749212e-05 2.510684e-05
10888.781609 -1.745942e-05 -6.866942e-07 -8.188169e-08 -1.536633e-06 4.054149e-05 -2.797585e-04 -6.001626e-05 2.868190e-05
10892.354640 -1.723255e-05 -6.748065e-07 -8.065077e-08 -1.509586e-06 3.373859e-05 -2.651116e-04 -5.389638e-05 2.100353e-05
10895.939863 -1.709124e-05 -6.714446e-07 -8.060952e-08 -1.498091e-06 3.540334e-05 -2.911466e-04 -5.175918e-05 2.489965e-05
10899.537278 -1.697661e-05 -6.706312e-07 -8.117030e-08 -1.490408e-06 4.172439e-05 -2.907598e-04 -5.642638e-05 3.242802e-05
10903.146885 -1.682828e-05 -6.677165e-07 -8.126149e-08 -1.477957e-06 4.477135e-05 -3.101668e-04 -5.830499e-05 3.659971e-05
10906.768684 -1.661785e-05 -6.571029e-07 -8.017642e-08 -1.454532e-06 4.413426e-05 -3.158879e-04 -4.369968e-05 3.300704e-05
10910.402675 -1.658858e-05 -6.622707e-07 -8.105294e-08 -1.458578e-06 4.395865e-05 -3.110342e-04 -4.653696e-05 2.847648e-05
10914.048857 -1.650645e-05 -6.635817e-07 -8.168848e-08 -1.455376e-06 3.761888e-05 -3.203342e-04 -4.331468e-05 2.944337e-05
10917.707232 -1.637286e-05 -6.605816e-07 -8.159304e-08 -1.445051e-06 3.766970e-05 -3.337922e-04 -4.798026e-05 2.309704e-05
10921.377799 -1.626388e-05 -6.605868e-07 -8.181458e-08 -1.440459e-06 3.580027e-05 -3.452565e-04 -5.217981e-05 2.796395e-05
10925.060557 -1.616564e-05 -6.611098e-07 -8.228537e-08 -1.435729e-06 3.520570e-05 -3.306602e-04 -5.752550e-05 2.268787e-05
10928.755507 -1.602805e-05 -6.577589e-07 -8.194492e-08 -1.423953e-06 2.921804e-05 -3.264800e-04 -4.485243e-05 3.170027e-05
10932.462650 -1.584042e-05 -6.492350e-07 -8.057709e-08 -1.403322e-06 3.463930e-05 -3.270422e-04 -3.479492e-05 3.106768e-05
10936.181984 -1.567732e-05 -6.442480e-07 -7.998045e-08 -1.388499e-06 3.172827e-05 -3.148815e-04 -4.338675e-05 2.555917e-05
10939.913510 -1.555719e-05 -6.427340e-07 -8.001001e-08 -1.380404e-06 2.479821e-05 -3.323464e-04 -3.339475e-05 2.514908e-05
10943.657228 -1.546721e-05 -6.418155e-07 -8.018621e-08 -1.375266e-06 3.055105e-05 -3.574859e-04 -2.626670e-05 2.218996e-05
10947.413138 -1.535322e-05 -6.401068e-07 -8.030396e-08 -1.367680e-06 3.643595e-05 -3.378620e-04 -3.060306e-05 2.498538e-05
10951.181239 -1.517454e-05 -6.357119e-07 -7.976065e-08 -1.352227e-06 3.453681e-05 -3.416910e-04 -3.147438e-05 3.051913e-05
10954.961533 -1.502744e-05 -6.304980e-07 -7.894290e-08 -1.337821e-06 3.076383e-05 -3.335137e-04 -3.210212e-05 2.132884e-05
10958.754019 -1.495354e-05 -6.311887e-07 -7.894599e-08 -1.334713e-06 4.132440e-05 -3.254624e-04 -3.339005e-05 3.151670e-05
10962.558696 -1.482828e-05 -6.291213e-07 -7.856737e-08 -1.326678e-06 4.842221e-05 -3.424064e-04 -3.504311e-05 4.544898e-05
10966.375565 -1.474377e-05 -6.278251e-07 -7.824545e-08 -1.321240e-06 3.741097e-05 -3.578704e-04 -3.731616e-05 4.520169e-05
10970.204627 -1.463777e-05 -6.247350e-07 -7.769440e-08 -1.311908e-06 3.699168e-05 -3.507697e-04 -4.565103e-05 4.189574e-05
10974.045880 -1.450144e-05 -6.209817e-07 -7.736387e-08 -1.300135e-06 4.103057e-05 -3.550597e-04 -3.988750e-05 3.595319e-05
10977.899325 -1.435951e-05 -6.176093e-07 -7.694425e-08 -1.288913e-06 4.897825e-05 -3.782763e-04 -4.516792e-05 3.361005e-05
10981.764962 -1.424297e-05 -6.147023e-07 -7.668194e-08 -1.278617e-06 4.718953e-05 -3.885439e-04 -4.151668e-05 4.702662e-05
10985.642791 -1.407581e-05 -6.083878e-07 -7.584523e-08 -1.262450e-06 4.791577e-05 -3.665575e-04 -3.729933e-05 4.358413e-05
10989.532812 -1.398750e-05 -6.074429e-07 -7.575923e-08 -1.258397e-06 4.528569e-05 -3.858046e-04 -2.401202e-05 3.925613e-05
10993.435025 -1.388110e-05 -6.054533e-07 -7.574399e-08 -1.250526e-06 3.690915e-05 -3.886871e-04 -2.574540e-05 3.158920e-05
10997.349429 -1.375416e-05 -6.023299e-07 -7.602115e-08 -1.240159e-06 3.544516e-05 -4.016230e-04 -3.588786e-05 2.913495e-05
11001.276026 -1.362082e-05 -5.979374e-07 -7.592433e-08 -1.227972e-06 3.837860e-05 -3.768040e-04 -4.810260e-05 3.027921e-05
11005.214814 -1.349338e-05 -5.935666e-07 -7.574380e-08 -1.216803e-06 3.966159e-05 -3.809188e-04 -3.966758e-05 2.780150e-05
11009.165795 -1.336275e-05 -5.895052e-07 -7.541589e-08 -1.205929e-06 4.230080e-05 -3.848375e-04 -3.364648e-05 2.571827e-05
11013.128967 -1.324807e-05 -5.872379e-07 -7.514727e-08 -1.197567e-06 3.297556e-05 -3.926259e-04 -3.864519e-05 2.755945e-05
11017.104331 -1.311106e-05 -5.824782e-07 -7.470301e-08 -1.185244e-06 2.541657e-05 -3.925120e-04 -3.731786e-05 2.830198e-05
11021.091888 -1.298131e-05 -5.779718e-07 -7.452825e-08 -1.173363e-06 3.475670e-05 -3.875948e-04 -4.412999e-05 3.206623e-05
11025.091636 -1.287863e-05 -5.759742e-07 -7.448734e-08 -1.167170e-06 2.938328e-05 -3.861134e-04 -4.009984e-05 3.258906e-05
11029.103575 -1.274591e-05 -5.710252e-07 -7.405874e-08 -1.154412e-06 2.345250e-05 -3.832079e-04 -4.285136e-05 3.436492e-05
11033.127707 -1.262376e-05 -5.673876e-07 -7.393167e-08 -1.144323e-06 3.531886e-05 -3.713270e-04 -4.758810e-05 2.635372e-05
11037.164031 -1.253750e-05 -5.665818e-07 -7.407736e-08 -1.139795e-06 4.223290e-05 -3.884937e-04 -4.043698e-05 2.694209e-05
11041.212547 -1.242603e-05 -5.635352e-07 -7.407236e-08 -1.131082e-06 3.594389e-05 -3.902465e-04 -4.229371e-05 3.233664e-05
11045.273254 -1.231054e-05 -5.600734e-07 -7.395492e-08 -1.120904e-06 3.712484e-05 -3.995385e-04 -3.481422e-05 3.136304e-05
11049.346154 -1.219098e-05 -5.565791e-07 -7.380998e-08 -1.111114e-06 4.508689e-05 -3.999486e-04 -2.722508e-05 2.589443e-05
11053.431245 -1.207697e-05 -5.535228e-07 -7.361635e-08 -1.102778e-06 5.116179e-05 -3.935757e-04 -2.538241e-05 2.160378e-05
11057.528529 -1.196680e-05 -5.503198e-07 -7.309385e-08 -1.094403e-06 4.666690e-05 -4.013206e-04 -2.185400e-05 2.164073e-05
11061.638004 -1.185056e-05 -5.469403e-07 -7.268450e-08 -1.085295e-06 3.910406e-05 -4.237373e-04 -2.347434e-05 1.880296e-05
11065.759671 -1.173366e-05 -5.423742e-07 -7.236136e-08 -1.074152e-06 4.274489e-05 -4.076730e-04 -1.562255e-05 2.657544e-05
11069.893530 -1.163233e-05 -5.394634e-07 -7.219563e-08 -1.066220e-06 4.497200e-05 -3.895248e-04 -1.813861e-05 2.386698e-05
11074.039581 -1.152036e-05 -5.364707e-07 -7.184462e-08 -1.058435e-06 3.073295e-05 -4.015106e-04 -2.488841e-05 2.919978e-05
11078.197824 -1.139726e-05 -5.318384e-07 -7.072791e-08 -1.047214e-06 2.570328e-05 -3.806205e-04 -2.250054e-05 2.986615e-05
11082.368258 -1.127629e-05 -5.267451e-07 -7.006790e-08 -1.035808e-06 2.858253e-05 -4.107137e-04 -3.395139e-05 3.488328e-05
11086.550885 -1.120147e-05 -5.257367e-07 -7.000614e-08 -1.032511e-06 2.961170e-05 -4.324936e-04 -3.341688e-05 3.940307e-05
11090.745704 -1.107886e-05 -5.216542e-07 -6.916841e-08 -1.021591e-06 2.975706e-05 -4.513104e-04 -3.975970e-05 3.508909e-05
11094.952714 -1.096264e-05 -5.177499e-07 -6.854584e-08 -1.010934e-06 2.746167e-05 -4.550281e-04 -4.015431e-05 3.717319e-05
11099.171916 -1.085237e-05 -5.140964e-07 -6.816125e-08 -1.001512e-06 3.144758e-05 -4.354875e-04 -4.556075e-05 3.281857e-05
11103.403311 -1.074535e-05 -5.105078e-07 -6.809616e-08 -9.927697e-07 3.630434e-05 -4.256863e-04 -4.591773e-05 3.754654e-05
11107.646897 -1.066637e-05 -5.093666e-07 -6.827319e-08 -9.888040e-07 3.450869e-05 -4.190678e-04 -5.073729e-05 3.284571e-05
11111.902675 -1.055114e-05 -5.048356e-07 -6.776092e-08 -9.781423e-07 4.508117e-05 -4.182994e-04 -5.164953e-05 3.415483e-05
11116.170645 -1.044472e-05 -5.007647e-07 -6.726747e-08 -9.688652e-07 3.750880e-05 -4.300394e-04 -4.297930e-05 3.424287e-05
11120.450807 -1.036071e-05 -4.990564e-07 -6.711391e-08 -9.643416e-07 3.619583e-05 -4.022090e-04 -3.866966e-05 3.680958e-05
11124.743161 -1.024712e-05 -4.943963e-07 -6.688002e-08 -9.542299e-07 4.272818e-05 -3.952102e-04 -3.921900e-05 3.313979e-05
11129.047707 -1.014260e-05 -4.905055e-07 -6.658367e-08 -9.448833e-07 3.733028e-05 -4.002837e-04 -3.366227e-05 3.584986e-05
11133.364444 -1.006936e-05 -4.897749e-07 -6.661682e-08 -9.418020e-07 3.484091e-05 -3.985032e-04 -3.263662e-05 3.384803e-05
11137.693374 -9.975419e-06 -4.872603e-07 -6.622956e-08 -9.342209e-07 3.807224e-05 -4.056136e-04 -2.598920e-05 2.935202e-05
11142.034495 -9.879064e-06 -4.841151e-07 -6.634855e-08 -9.260710e-07 4.565481e-05 -4.078989e-04 -2.987079e-05 2.120812e-05
11146.387809 -9.781438e-06 -4.807930e-07 -6.589252e-08 -9.180839e-07 3.620358e-05 -4.288067e-04 -3.959722e-05 1.479792e-05
11150.753314 -9.673569e-06 -4.765442e-07 -6.538084e-08 -9.082067e-07 3.456100e-05 -4.290032e-04 -3.433979e-05 2.758328e-05
11155.131011 -9.564319e-06 -4.725484e-07 -6.517188e-08 -9.001708e-07 3.087369e-05 -4.307532e-04 -3.191303e-05 2.261565e-05
11159.520900 -9.376005e-06 -4.654682e-07 -6.458177e-08 -8.849983e-07 3.147075e-05 -4.301719e-04 -3.050641e-05 2.499969e-05
11163.922981 -9.290116e-06 -4.651803e-07 -6.434005e-08 -8.763038e-07 4.385150e-05 -4.035998e-04 -3.145432e-05 2.281550e-05
11168.337254 -9.215459e-06 -4.590076e-07 -6.357257e-08 -8.711805e-07 4.571289e-05 -4.115489e-04 -3.167699e-05 1.883571e-05
11172.763719 -9.190552e-06 -4.589022e-07 -6.376251e-08 -8.692133e-07 3.854406e-05 -4.124403e-04 -2.820904e-05 1.558596e-05
11177.202376 -9.084858e-06 -4.539762e-07 -6.359173e-08 -8.583820e-07 4.847580e-05 -3.932604e-04 -2.520069e-05 1.037254e-05
11181.653224 -8.991812e-06 -4.508018e-07 -6.331598e-08 -8.511340e-07 5.794240e-05 -3.863011e-04 -2.329724e-05 1.562315e-05
11186.116265 -8.934606e-06 -4.506313e-07 -6.350759e-08 -8.493033e-07 6.608980e-05 -3.719178e-04 -2.844251e-05 8.954134e-06
11190.591497 -8.818085e-06 -4.453930e-07 -6.328721e-08 -8.377713e-07 4.992402e-05 -3.819787e-04 -3.095047e-05 1.266728e-05
11195.078922 -8.726837e-06 -4.423073e-07 -6.300088e-08 -8.305511e-07 4.021955e-05 -4.046665e-04 -3.541615e-05 1.641323e-05
11199.578538 -8.656725e-06 -4.409750e-07 -6.270887e-08 -8.270986e-07 3.970824e-05 -4.163048e-04 -3.997312e-05 2.253272e-05
11204.090346 -8.569373e-06 -4.379118e-07 -6.251878e-08 -8.207783e-07 4.066946e-05 -4.178622e-04 -4.662486e-05 2.076129e-05
11208.614346 -8.456352e-06 -4.323835e-07 -6.184288e-08 -8.101966e-07 4.400164e-05 -3.849130e-04 -4.673302e-05 2.895600e-05
11213.150538 -8.391711e-06 -4.313012e-07 -6.144942e-08 -8.071491e-07 4.909388e-05 -3.877065e-04 -4.628372e-05 2.788565e-05
11217.698922 -8.301758e-06 -4.273012e-07 -6.096879e-08 -7.995194e-07 3.828846e-05 -4.169594e-04 -4.566447e-05 2.982938e-05
11222.259498 -8.210743e-06 -4.241778e-07 -6.085295e-08 -7.926740e-07 2.574767e-05 -4.128418e-04 -4.199921e-05 2.855022e-05
11226.832266 -8.115033e-06 -4.200777e-07 -6.020749e-08 -7.845624e-07 2.376148e-05 -4.137298e-04 -2.631380e-05 3.822527e-05
11231.417226 -8.030060e-06 -4.172649e-07 -5.972385e-08 -7.784252e-07 2.578510e-05 -4.343625e-04 -2.944493e-05 3.727557e-05
11236.014377 -7.924130e-06 -4.120645e-07 -5.897720e-08 -7.672018e-07 3.080857e-05 -4.247206e-04 -3.332724e-05 2.276584e-05
11240.623721 -7.843295e-06 -4.088251e-07 -5.835262e-08 -7.607902e-07 3.155329e-05 -4.226221e-04 -3.173816e-05 2.031799e-05
11245.245256 -7.786429e-06 -4.079959e-07 -5.864019e-08 -7.584883e-07 4.037982e-05 -4.274108e-04 -3.057438e-05 2.255646e-05
11249.878983 -7.701036e-06 -4.043590e-07 -5.801887e-08 -7.514349e-07 4.423918e-05 -4.247505e-04 -3.352829e-05 1.083767e-05
11254.524902 -7.618670e-06 -4.010568e-07 -5.760042e-08 -7.449174e-07 3.883302e-05 -4.456997e-04 -2.622888e-05 8.613136e-06
11259.183013 -7.530231e-06 -3.975728e-07 -5.704848e-08 -7.376583e-07 3.202728e-05 -4.361552e-04 -2.487075e-05 1.328859e-05
11263.853316 -7.435989e-06 -3.933178e-07 -5.660742e-08 -7.292903e-07 2.915267e-05 -4.437751e-04 -3.698337e-05 8.176359e-06
11268.535811 -7.349333e-06 -3.894981e-07 -5.616329e-08 -7.217766e-07 2.786252e-05 -4.634358e-04 -4.370823e-05 9.199835e-06
11273.230498 -7.283873e-06 -3.871938e-07 -5.638949e-08 -7.169161e-07 3.031475e-05 -4.877575e-04 -4.168481e-05 1.433940e-05
11277.937377 -7.211507e-06 -3.843951e-07 -5.607803e-08 -7.114014e-07 2.748196e-05 -4.859203e-04 -4.158599e-05 1.389884e-05
11282.656448 -7.122313e-06 -3.804286e-07 -5.575053e-08 -7.031414e-07 3.681923e-05 -4.997973e-04 -4.077729e-05 9.198298e-06
11287.387710 -7.041072e-06 -3.771842e-07 -5.537879e-08 -6.962150e-07 3.613460e-05 -5.026529e-04 -3.925890e-05 4.664533e-06
11292.131165 -6.962739e-06 -3.743677e-07 -5.524969e-08 -6.902487e-07 3.261576e-05 -5.171852e-04 -3.828454e-05 1.255313e-05
11296.886811 -6.894991e-06 -3.718047e-07 -5.495064e-08 -6.849736e-07 3.338703e-05 -5.231917e-04 -3.252794e-05 2.171177e-05
11301.654649 -6.791451e-06 -3.659650e-07 -5.406670e-08 -6.750800e-07 3.300525e-05 -5.254529e-04 -2.756598e-05 2.588241e-05
11306.434679 -6.727366e-06 -3.647556e-07 -5.401887e-08 -6.716231e-07 3.548401e-05 -5.112923e-04 -3.669109e-05 2.146910e-05
11311.226901 -6.625855e-06 -3.598738e-07 -5.358844e-08 -6.615781e-07 3.780741e-05 -5.340444e-04 -4.011973e-05 1.404147e-05
11316.031315 -6.572672e-06 -3.568014e-07 -5.306951e-08 -6.591975e-07 3.464542e-05 -5.504570e-04 -3.390516e-05 9.041985e-06
11320.847921 -6.534468e-06 -3.562575e-07 -5.328928e-08 -6.565728e-07 2.998355e-05 -5.130139e-04 -3.776009e-05 1.745889e-05
11325.676719 -6.457743e-06 -3.527153e-07 -5.285126e-08 -6.500108e-07 3.217799e-05 -5.033715e-04 -3.692598e-05 2.173385e-05
11330.517709 -6.369823e-06 -3.491815e-07 -5.250532e-08 -6.425052e-07 3.498417e-05 -4.921868e-04 -3.434666e-05 1.443479e-05
11335.370891 -6.258593e-06 -3.433229e-07 -5.161731e-08 -6.328368e-07 3.929794e-05 -4.609250e-04 -3.567926e-05 1.962253e-05
11340.236264 -6.255676e-06 -3.434090e-07 -5.174403e-08 -6.330500e-07 3.693401e-05 -4.436156e-04 -3.870011e-05 3.035840e-05
