# Facility.name: NSLS-II
# Facility.mode: Beam available
# Facility.current: 399.69846363030655
# Facility.current: 3 GeV
# Facility.year: 2023
# Facility.cycle: 2
# Facility.GUP: 312970
# Facility.SAF: 311402
# Experimenter.name: Esteban Fornero
# Beamline.name: ISS (8-ID)
# Beamline.x-ray_source: damping wiggler
# Beamline.collimation_mirror1.material: Si
# Beamline.collimation_mirror2.material: Pt
# Beamline.collimation_mirror2.bender_loading: -348.0
# Beamline.focusing: toroidal mirror
# Beamline.focusing.material: Pt
# Beamline.focusing.bender_loading: -418.0
# Beamline.harmonic_rejection: Si
# Mono.scan_mode: Si(111)
# Mono.d_spacing: 3.1354951
# Mono.scan_mode: pseudo-channel cut
# Mono.scan_type: fly_scan
# Mono.trajectory_name: f950a534-6fd5.txt
# Mono.direction: None
# Mono.angle_offset: 0.69366577
# Mono.angle_offset: 39.744 deg
# Mono.encoder_resolution: 48.0 nrad
# Detector.I0: ion chamber
# Detector.I1: ion chamber
# Detector.I2: ion chamber
# Detector.IF: PIPS
# Detector.I0.length: 15 cm
# Detector.I1.length: 28 cm
# Detector.I2.length: 15 cm
# Detector.IF.thickness: 300 um
# Detector.I0.gas.N2: 38.0%
# Detector.I1.gas.N2: 38.0%
# Detector.I2.gas.N2: 38.0%
# Detector.I0.gas.He: 62.0%
# Detector.I1.gas.He: 62.0%
# Detector.I2.gas.He: 62.0%
# Detector.I0.voltage: -1649.997314
# Detector.I1.voltage: -1650.000732
# Detector.I2.voltage: -1650.003174
# Detector.I0.gain: 4
# Detector.I1.gain: 6
# Detector.I2.gain: 6
# Detector.IF.gain: 6
# Detector.aux: {}
# Element.symbol: Cu
# Element.edge: K
# Element.line: None
# Scan.transient_id: 370677
# Scan.uid: 84f2170f-1ed9-4d0d-aab4-63b5901fbcc7
# Scan.edge_energy: 8979.0
# Scan.start_time: 06/22/2023  18:02:35.520989
# Scan.end_time: 06/22/2023  18:03:10.805740
# Scan.name: CuGaO2-2nd O2-ramp  (pos 001) Cu-K 0001
# Scan.comment: 
# Sample.name: CuGaO2-2nd
# Sample.comment: 
# Sample.position.x: -66.493997553
# Sample.position.y: 31.5900075375
# Sample.position.z: -10.184937499999995
# Sample.position.theta: 845.5790000000001
# SampleHeater.temperature1.setpoint: 300.0
# SampleHeater.temperature1.readback: 1372.0
# SampleHeater.current.setpoint: 0.0
# SampleHeater.current.readback: 0.0
# SampleHeater.temperature2.setpoint: 225.90206209001963
# SampleHeater.temperature2.readback: 225.8
# SampleHeater.voltage.setpoint: 0.6103239933617336
# SampleHeater.voltage.readback: 0.611
# SampleHeater.PID.P: 0.025
# SampleHeater.PID.I: 0.07
# SampleHeater.PID.D: 0.0
# SampleGasCart.MFC.CH4.setpoint: 0.0
# SampleGasCart.MFC.CH4.readback: 0.0
# SampleGasCart.MFC.CO.setpoint: 0.0
# SampleGasCart.MFC.CO.readback: 0.0
# SampleGasCart.MFC.H2.setpoint: 0.0
# SampleGasCart.MFC.H2.readback: 0.0
# SampleGasCart.MFC.exhaust.setpoint: 100.0
# SampleGasCart.MFC.exhaust.readback: 8.35
# SampleGasHandlingSystem.gas_a.name: None
# SampleGasHandlingSystem.gas_b.name: None
# SampleGasHandlingSystem.gas_c.name: None
# SampleGasHandlingSystem.gas_d.name: None
# SampleGasHandlingSystem.gas_e.name: He
# SampleGasHandlingSystem.MFC1.setpoint: 8.0
# SampleGasHandlingSystem.MFC1.readback: 7.999674320220947
# SampleGasHandlingSystem.MFC2.setpoint: 0.0
# SampleGasHandlingSystem.MFC2.readback: -0.06103515625
# SampleGasHandlingSystem.MFC3.setpoint: 0.0
# SampleGasHandlingSystem.MFC3.readback: 0.02034505270421505
# SampleGasHandlingSystem.MFC4.setpoint: 0.0
# SampleGasHandlingSystem.MFC4.readback: -0.0651041641831398
# SampleGasHandlingSystem.MFC5.setpoint: 0.0
# SampleGasHandlingSystem.MFC5.readback: -0.008138020522892475
# SampleGasHandlingSystem.MFC6.setpoint: 2.0
# SampleGasHandlingSystem.MFC6.readback: 2.001953125
# SampleGasHandlingSystem.MFC7.setpoint: 0.0
# SampleGasHandlingSystem.MFC7.readback: -0.0406901054084301
# SampleGasHandlingSystem.MFC8.setpoint: 0.0
# SampleGasHandlingSystem.MFC8.readback: -0.0813802108168602
# SampleGasHandlingSystem.MFC9.setpoint: 0.0
# SampleGasHandlingSystem.MFC9.readback: -0.0651041641831398
# SampleGasHandlingSystem.MFC10.setpoint: 0.0
# SampleGasHandlingSystem.MFC10.readback: 0.01220703125
# SampleGasHandlingSystem.MFC11.setpoint: 0.0
# SampleGasHandlingSystem.MFC11.readback: -0.1017252579331398
# SampleGasHandlingSystem.MFC12.setpoint: 0.0
# SampleGasHandlingSystem.MFC12.readback: -0.0528971366584301
# SampleGasHandlingSystem.MFC13.setpoint: 0.0
# SampleGasHandlingSystem.MFC13.readback: -0.06103515625
# SampleGasHandlingSystem.MFC14.setpoint: 0.0
# SampleGasHandlingSystem.MFC14.readback: -0.0691731795668602
# SampleGasHandlingSystem.MFC15.setpoint: 0.0
# SampleGasHandlingSystem.MFC15.readback: -0.1139322891831398
# SampleGasHandlingSystem.MFC16.setpoint: 0.0
# SampleGasHandlingSystem.MFC16.readback: -0.0406901054084301
# SampleGasHandlingSystem.RGA.ch1.mass: 2
# SampleGasHandlingSystem.RGA.ch1.readback: 2.76638e-10
# SampleGasHandlingSystem.RGA.ch2.mass: 4
# SampleGasHandlingSystem.RGA.ch2.readback: 2.28201e-07
# SampleGasHandlingSystem.RGA.ch3.mass: 12
# SampleGasHandlingSystem.RGA.ch3.readback: 5.75673e-13
# SampleGasHandlingSystem.RGA.ch4.mass: 16
# SampleGasHandlingSystem.RGA.ch4.readback: 2.99522e-09
# SampleGasHandlingSystem.RGA.ch5.mass: 18
# SampleGasHandlingSystem.RGA.ch5.readback: 2.94872e-10
# SampleGasHandlingSystem.RGA.ch6.mass: 28
# SampleGasHandlingSystem.RGA.ch6.readback: 6.05021e-11
# SampleGasHandlingSystem.RGA.ch7.mass: 32
# SampleGasHandlingSystem.RGA.ch7.readback: 1.6684e-08
# SampleGasHandlingSystem.RGA.ch8.mass: 40
# SampleGasHandlingSystem.RGA.ch8.readback: 1.11477e-11
# SampleGasHandlingSystem.RGA.ch9.mass: 44
# SampleGasHandlingSystem.RGA.ch9.readback: 1.82684e-12
# energy  i0  it  ir  iff  aux1  aux2  aux3  aux4
 8779.000000 -3.434533e-05 -4.563593e-07 -3.026609e-07 -2.707659e-07 2.079089e-05 -7.081050e-04 -7.125701e-05 -1.958011e-06
 8784.000000 -3.444765e-05 -4.558932e-07 -3.023408e-07 -2.720988e-07 2.258926e-05 -7.271804e-04 -6.752981e-05 -3.530187e-06
 8789.000000 -3.444585e-05 -4.555435e-07 -3.023549e-07 -2.728267e-07 2.427461e-05 -7.373022e-04 -7.334609e-05 -9.961277e-07
 8794.000000 -3.419381e-05 -4.534351e-07 -3.011631e-07 -2.715678e-07 1.180095e-05 -7.284495e-04 -7.625722e-05 -1.589186e-06
 8799.000000 -3.369970e-05 -4.486510e-07 -2.984908e-07 -2.683775e-07 1.369410e-05 -7.065967e-04 -7.147059e-05 -8.700102e-06
 8804.000000 -3.417568e-05 -4.566823e-07 -3.039350e-07 -2.726738e-07 2.096265e-05 -6.935474e-04 -7.220823e-05 -9.340371e-06
 8809.000000 -3.407005e-05 -4.576511e-07 -3.045547e-07 -2.723171e-07 1.655446e-05 -7.091659e-04 -7.199527e-05 -7.041039e-06
 8814.000000 -3.381217e-05 -4.562161e-07 -3.038382e-07 -2.704258e-07 1.534253e-05 -7.140808e-04 -6.432893e-05 -1.918624e-06
 8819.000000 -3.386459e-05 -4.594781e-07 -3.062751e-07 -2.714597e-07 9.898933e-06 -7.364286e-04 -6.314474e-05 -5.475263e-06
 8824.000000 -3.379719e-05 -4.610554e-07 -3.072695e-07 -2.716615e-07 1.146705e-05 -7.388072e-04 -7.609019e-05 -2.048691e-05
 8829.000000 -3.378751e-05 -4.632298e-07 -3.090350e-07 -2.724683e-07 1.125689e-05 -7.422442e-04 -7.653731e-05 -1.480493e-05
 8834.000000 -3.365463e-05 -4.636749e-07 -3.095081e-07 -2.724937e-07 1.564564e-05 -7.457589e-04 -6.820579e-05 -1.832447e-05
 8839.000000 -3.350184e-05 -4.637925e-07 -3.102419e-07 -2.722913e-07 1.705081e-05 -7.588181e-04 -7.015442e-05 -1.573164e-05
 8844.000000 -3.339149e-05 -4.646510e-07 -3.111070e-07 -2.724383e-07 9.178175e-06 -7.691357e-04 -6.925968e-05 -8.743007e-06
 8849.000000 -3.322121e-05 -4.641689e-07 -3.107405e-07 -2.721429e-07 1.368659e-05 -7.422210e-04 -6.185741e-05 -2.631225e-06
 8854.000000 -3.316792e-05 -4.652975e-07 -3.114744e-07 -2.729945e-07 1.649341e-05 -7.349594e-04 -5.079495e-05 -6.477869e-06
 8859.000000 -3.309406e-05 -4.663689e-07 -3.125418e-07 -2.733770e-07 1.019511e-05 -7.209736e-04 -6.932835e-05 -1.322468e-05
 8864.000000 -3.301484e-05 -4.680433e-07 -3.138258e-07 -2.735868e-07 7.992200e-06 -7.162747e-04 -7.605841e-05 -1.763521e-05
 8869.000000 -3.288819e-05 -4.688014e-07 -3.142367e-07 -2.733025e-07 3.451827e-06 -7.459443e-04 -6.960780e-05 -1.466543e-05
 8874.000000 -3.279175e-05 -4.701679e-07 -3.154531e-07 -2.730596e-07 1.006448e-05 -7.344504e-04 -7.497448e-05 -6.969592e-06
 8879.000000 -3.268365e-05 -4.715774e-07 -3.168073e-07 -2.726188e-07 1.195498e-05 -7.679485e-04 -7.011333e-05 -8.421117e-06
 8884.000000 -3.244085e-05 -4.700976e-07 -3.161306e-07 -2.717582e-07 9.641875e-06 -7.550582e-04 -7.565495e-05 -1.823842e-05
 8889.000000 -3.209527e-05 -4.691984e-07 -3.154982e-07 -2.699574e-07 1.577856e-05 -7.518319e-04 -8.026270e-05 -1.276961e-05
 8894.000000 -3.229597e-05 -4.746195e-07 -3.197360e-07 -2.717387e-07 1.459980e-05 -7.582053e-04 -8.300304e-05 -1.227823e-05
 8899.000000 -3.221898e-05 -4.770919e-07 -3.214554e-07 -2.719020e-07 1.598999e-05 -7.568154e-04 -8.154816e-05 -1.055956e-05
 8904.000000 -3.207062e-05 -4.779719e-07 -3.220049e-07 -2.714763e-07 2.572778e-05 -7.309010e-04 -8.283633e-05 -1.806185e-05
 8909.000000 -3.196866e-05 -4.789274e-07 -3.226984e-07 -2.713258e-07 1.787521e-05 -7.221711e-04 -6.828649e-05 -1.866601e-05
 8914.000000 -3.170251e-05 -4.783710e-07 -3.225736e-07 -2.696566e-07 9.938563e-06 -7.117772e-04 -6.696128e-05 -1.330577e-05
 8919.000000 -3.157567e-05 -4.795326e-07 -3.234328e-07 -2.697074e-07 1.121421e-05 -7.069952e-04 -7.060301e-05 -1.619801e-05
 8924.000000 -3.141779e-05 -4.807310e-07 -3.244153e-07 -2.693717e-07 1.175585e-05 -7.044815e-04 -7.319587e-05 -1.196817e-05
 8929.000000 -3.138186e-05 -4.836271e-07 -3.262906e-07 -2.701304e-07 9.270409e-06 -7.011240e-04 -7.189583e-05 -7.212659e-06
 8934.000000 -3.129991e-05 -4.857784e-07 -3.277340e-07 -2.702168e-07 1.351428e-05 -7.184310e-04 -6.439146e-05 -1.217074e-05
 8939.000000 -3.123920e-05 -4.885301e-07 -3.297285e-07 -2.706239e-07 2.203353e-05 -7.231741e-04 -6.327472e-05 -6.577960e-06
 8944.000000 -3.105581e-05 -4.878867e-07 -3.290514e-07 -2.703295e-07 2.299295e-05 -7.156404e-04 -6.953103e-05 -1.134702e-05
 8949.000000 -3.100621e-05 -4.902724e-07 -3.305574e-07 -2.709577e-07 2.296440e-05 -7.324384e-04 -7.568427e-05 -8.419656e-06
 8953.000000 -3.092646e-05 -4.887973e-07 -3.291738e-07 -2.711948e-07 2.392588e-05 -7.445733e-04 -6.797479e-05 -5.275029e-06
 8956.000000 -3.088104e-05 -4.870979e-07 -3.275762e-07 -2.715471e-07 2.284236e-05 -7.602562e-04 -5.788653e-05 -8.607997e-06
 8958.000000 -3.083943e-05 -4.858439e-07 -3.267068e-07 -2.715090e-07 2.501507e-05 -7.905332e-04 -5.505000e-05 -5.960544e-06
 8959.000000 -3.082391e-05 -4.852608e-07 -3.263257e-07 -2.715889e-07 2.930256e-05 -7.763767e-04 -5.121494e-05 -3.421368e-07
 8959.200000 -3.080553e-05 -4.842872e-07 -3.257321e-07 -2.714678e-07 3.330916e-05 -7.657653e-04 -4.552561e-05 5.393996e-06
 8959.400000 -3.080427e-05 -4.855852e-07 -3.263545e-07 -2.720160e-07 3.006054e-05 -7.628415e-04 -4.905849e-05 6.432086e-06
 8959.600000 -3.081538e-05 -4.863102e-07 -3.268975e-07 -2.718186e-07 2.466368e-05 -7.626508e-04 -4.946134e-05 -5.058351e-06
 8959.800000 -3.080274e-05 -4.847510e-07 -3.258619e-07 -2.716903e-07 2.868797e-05 -7.539210e-04 -4.614909e-05 -4.045996e-06
 8960.000000 -3.080747e-05 -4.847704e-07 -3.255841e-07 -2.719867e-07 1.743479e-05 -7.517978e-04 -5.522646e-05 -2.011164e-06
 8960.200000 -3.081181e-05 -4.858326e-07 -3.263102e-07 -2.718874e-07 1.310035e-05 -7.551700e-04 -5.200036e-05 3.274463e-06
 8960.400000 -3.081168e-05 -4.857446e-07 -3.261541e-07 -2.718107e-07 1.948286e-05 -7.539063e-04 -4.536116e-05 2.278993e-06
 8960.600000 -3.080166e-05 -4.847753e-07 -3.253644e-07 -2.719409e-07 1.783400e-05 -7.674926e-04 -5.363442e-05 5.589112e-07
 8960.800000 -3.079654e-05 -4.856549e-07 -3.258061e-07 -2.720782e-07 1.913528e-05 -7.637437e-04 -4.711474e-05 3.530368e-07
 8961.000000 -3.079821e-05 -4.846639e-07 -3.250931e-07 -2.721734e-07 1.131621e-05 -7.684505e-04 -5.042739e-05 -6.346307e-06
 8961.200000 -3.076757e-05 -4.840931e-07 -3.244984e-07 -2.720458e-07 -4.616565e-07 -7.762499e-04 -4.913784e-05 -4.086463e-06
 8961.400000 -3.072277e-05 -4.823828e-07 -3.232528e-07 -2.715849e-07 4.130815e-06 -7.591755e-04 -4.063360e-05 -3.964377e-06
 8961.600000 -3.074449e-05 -4.834537e-07 -3.242014e-07 -2.718499e-07 1.349615e-05 -7.412546e-04 -5.586120e-05 2.335859e-06
 8961.800000 -3.077060e-05 -4.852127e-07 -3.253081e-07 -2.720877e-07 1.855176e-05 -7.340089e-04 -5.285640e-05 -5.994168e-06
 8962.000000 -3.077335e-05 -4.846142e-07 -3.248874e-07 -2.722377e-07 1.433979e-05 -7.467930e-04 -4.183968e-05 -6.016746e-06
 8962.200000 -3.075948e-05 -4.859840e-07 -3.257266e-07 -2.720428e-07 1.496651e-05 -7.480209e-04 -5.159107e-05 -3.920568e-06
 8962.400000 -3.070952e-05 -4.842415e-07 -3.244019e-07 -2.718288e-07 1.227320e-05 -7.365175e-04 -5.670060e-05 -2.869497e-06
 8962.600000 -3.070249e-05 -4.846396e-07 -3.245280e-07 -2.721740e-07 1.585180e-05 -7.232620e-04 -5.217958e-05 1.137720e-07
 8962.800000 -3.070563e-05 -4.832509e-07 -3.237489e-07 -2.725180e-07 8.378569e-06 -7.243548e-04 -6.299558e-05 -3.243943e-06
 8963.000000 -3.068604e-05 -4.830570e-07 -3.236889e-07 -2.724682e-07 6.776034e-06 -7.487740e-04 -6.535661e-05 -1.900107e-05
 8963.200000 -3.070044e-05 -4.850319e-07 -3.251183e-07 -2.728760e-07 -7.083975e-06 -7.326772e-04 -3.617057e-05 -2.741457e-06
 8963.400000 -3.067848e-05 -4.833256e-07 -3.239068e-07 -2.728525e-07 1.759610e-06 -7.113186e-04 -4.428609e-05 -5.540390e-06
 8963.600000 -3.066123e-05 -4.867915e-07 -3.261562e-07 -2.726816e-07 1.736347e-06 -7.373464e-04 -3.957024e-05 -6.395471e-06
 8963.800000 -3.064131e-05 -4.838222e-07 -3.237135e-07 -2.724117e-07 -4.751487e-06 -7.407114e-04 -3.565572e-05 -3.958855e-06
 8964.000000 -3.057259e-05 -4.832895e-07 -3.230751e-07 -2.719558e-07 -8.115809e-06 -7.239109e-04 -5.401351e-05 -7.007393e-06
 8964.200000 -3.057523e-05 -4.839664e-07 -3.232978e-07 -2.721355e-07 -5.044432e-06 -7.271344e-04 -4.743096e-05 5.664467e-06
 8964.400000 -3.059839e-05 -4.827337e-07 -3.226060e-07 -2.722787e-07 -7.145010e-06 -7.358996e-04 -4.620314e-05 7.775164e-06
 8964.600000 -3.064726e-05 -4.853493e-07 -3.243350e-07 -2.729760e-07 5.130264e-06 -7.350221e-04 -4.778404e-05 2.110084e-06
 8964.800000 -3.066854e-05 -4.835558e-07 -3.234093e-07 -2.728268e-07 9.387049e-06 -7.253987e-04 -5.949809e-05 1.165759e-06
 8965.000000 -3.061640e-05 -4.840952e-07 -3.235489e-07 -2.725253e-07 1.076491e-05 -7.275130e-04 -4.234507e-05 1.144615e-05
 8965.200000 -3.062330e-05 -4.837139e-07 -3.233342e-07 -2.725949e-07 1.966669e-05 -7.350228e-04 -6.458032e-05 6.062351e-06
 8965.400000 -3.064000e-05 -4.854820e-07 -3.243230e-07 -2.729661e-07 2.002375e-05 -7.197223e-04 -4.498277e-05 2.746690e-07
 8965.600000 -3.069813e-05 -4.854187e-07 -3.243008e-07 -2.735190e-07 1.732846e-05 -7.239047e-04 -4.272656e-05 6.367236e-06
 8965.800000 -3.068529e-05 -4.853847e-07 -3.242837e-07 -2.732840e-07 1.808181e-05 -7.199698e-04 -5.834161e-05 4.093238e-06
 8966.000000 -3.063332e-05 -4.844997e-07 -3.234171e-07 -2.730380e-07 1.809515e-05 -7.218207e-04 -5.183624e-05 8.634433e-06
 8966.200000 -3.064904e-05 -4.846050e-07 -3.233437e-07 -2.732634e-07 2.011429e-05 -7.504762e-04 -5.616496e-05 -5.735578e-06
 8966.400000 -3.066987e-05 -4.855755e-07 -3.237730e-07 -2.733503e-07 1.316680e-05 -7.324168e-04 -5.602577e-05 -3.119165e-06
 8966.600000 -3.064606e-05 -4.848167e-07 -3.228409e-07 -2.733832e-07 1.101924e-05 -7.329163e-04 -4.872490e-05 8.766770e-07
 8966.800000 -3.061908e-05 -4.847911e-07 -3.227458e-07 -2.729615e-07 1.407295e-05 -7.110403e-04 -4.907500e-05 4.976900e-06
 8967.000000 -3.062679e-05 -4.857963e-07 -3.234127e-07 -2.729014e-07 8.981319e-06 -7.052933e-04 -5.265901e-05 5.314333e-07
 8967.200000 -3.061201e-05 -4.852236e-07 -3.229249e-07 -2.726827e-07 5.211338e-06 -7.170881e-04 -5.562768e-05 7.745259e-06
 8967.400000 -3.060471e-05 -4.845356e-07 -3.225901e-07 -2.728893e-07 9.804757e-06 -7.478223e-04 -4.783827e-05 1.309991e-05
 8967.600000 -3.059295e-05 -4.840122e-07 -3.221662e-07 -2.729116e-07 1.512855e-05 -7.555063e-04 -5.476063e-05 1.842115e-05
 8967.800000 -3.058585e-05 -4.836787e-07 -3.216120e-07 -2.731192e-07 8.630385e-06 -7.478413e-04 -5.344783e-05 1.075151e-05
 8968.000000 -3.058666e-05 -4.843687e-07 -3.218449e-07 -2.732640e-07 7.580082e-06 -7.587246e-04 -5.508071e-05 5.912214e-07
 8968.200000 -3.058055e-05 -4.850023e-07 -3.222430e-07 -2.730642e-07 4.273000e-06 -7.620734e-04 -5.629609e-05 -3.232460e-06
 8968.400000 -3.057377e-05 -4.848117e-07 -3.220569e-07 -2.731100e-07 1.306858e-05 -7.774140e-04 -6.097529e-05 -1.370600e-06
 8968.600000 -3.058559e-05 -4.842551e-07 -3.215157e-07 -2.734708e-07 1.474004e-05 -7.860134e-04 -4.951473e-05 -2.031499e-06
 8968.800000 -3.060414e-05 -4.841832e-07 -3.213302e-07 -2.735157e-07 3.069137e-05 -7.970212e-04 -5.230291e-05 5.146255e-07
 8969.000000 -3.060711e-05 -4.846209e-07 -3.214887e-07 -2.738071e-07 2.403245e-05 -7.979922e-04 -5.869142e-05 -6.549875e-06
 8969.200000 -3.058534e-05 -4.844764e-07 -3.208615e-07 -2.738567e-07 1.560801e-05 -8.031818e-04 -5.320285e-05 5.377722e-06
 8969.400000 -3.058810e-05 -4.832906e-07 -3.197425e-07 -2.741684e-07 6.460984e-06 -8.110905e-04 -5.238195e-05 6.203092e-06
 8969.600000 -3.059746e-05 -4.849562e-07 -3.208586e-07 -2.745221e-07 1.584148e-05 -8.278976e-04 -5.105644e-05 -9.787927e-07
 8969.800000 -3.060725e-05 -4.835880e-07 -3.200999e-07 -2.747577e-07 1.252556e-05 -8.371344e-04 -5.181295e-05 4.664372e-06
 8970.000000 -3.059702e-05 -4.847515e-07 -3.205745e-07 -2.748389e-07 8.347181e-06 -8.140698e-04 -4.088099e-05 1.310576e-06
 8970.200000 -3.057181e-05 -4.846848e-07 -3.203953e-07 -2.747075e-07 2.712159e-06 -8.238172e-04 -4.447302e-05 -8.247075e-06
 8970.400000 -3.058010e-05 -4.846241e-07 -3.202040e-07 -2.748634e-07 6.784340e-06 -8.085322e-04 -4.322686e-05 4.773691e-06
 8970.600000 -3.057811e-05 -4.844836e-07 -3.199331e-07 -2.749678e-07 1.503123e-05 -8.047140e-04 -4.254391e-05 1.771003e-05
 8970.800000 -3.056053e-05 -4.830443e-07 -3.186475e-07 -2.748725e-07 1.225609e-05 -8.185599e-04 -5.419024e-05 5.658129e-06
 8971.000000 -3.056862e-05 -4.864379e-07 -3.208583e-07 -2.754253e-07 5.360828e-06 -8.313079e-04 -4.028521e-05 1.312447e-05
 8971.200000 -3.056101e-05 -4.842708e-07 -3.188881e-07 -2.753073e-07 8.428170e-06 -8.074526e-04 -5.753255e-05 2.422393e-06
 8971.400000 -3.049961e-05 -4.848160e-07 -3.189765e-07 -2.751184e-07 1.716227e-06 -7.890061e-04 -6.397721e-05 -7.217605e-07
 8971.600000 -3.048603e-05 -4.835549e-07 -3.176835e-07 -2.748882e-07 6.479519e-07 -7.942445e-04 -6.731636e-05 -7.204696e-06
 8971.800000 -3.052558e-05 -4.847646e-07 -3.180613e-07 -2.753604e-07 -2.183000e-06 -8.000944e-04 -6.110120e-05 -6.682769e-06
 8972.000000 -3.048355e-05 -4.836758e-07 -3.171041e-07 -2.749831e-07 1.092738e-06 -7.909816e-04 -5.548203e-05 -1.007795e-05
 8972.200000 -3.052310e-05 -4.842922e-07 -3.172668e-07 -2.753582e-07 7.100509e-07 -8.084763e-04 -4.556687e-05 -9.971655e-06
 8972.400000 -3.057007e-05 -4.862138e-07 -3.183718e-07 -2.760391e-07 -9.734109e-06 -8.052225e-04 -5.240717e-05 -7.358971e-06
 8972.600000 -3.057162e-05 -4.847327e-07 -3.168603e-07 -2.764886e-07 -8.095097e-06 -8.271059e-04 -5.347227e-05 3.675773e-06
 8972.800000 -3.055147e-05 -4.866877e-07 -3.177156e-07 -2.765812e-07 5.454221e-06 -8.183702e-04 -5.142482e-05 5.293509e-06
 8973.000000 -3.052328e-05 -4.853894e-07 -3.161519e-07 -2.766849e-07 8.312989e-06 -8.059175e-04 -6.601994e-05 -2.430219e-06
 8973.200000 -3.055179e-05 -4.851114e-07 -3.153855e-07 -2.771209e-07 -2.739266e-06 -7.969699e-04 -6.223851e-05 -3.939277e-06
 8973.400000 -3.052930e-05 -4.840540e-07 -3.137612e-07 -2.769486e-07 8.265062e-07 -8.030019e-04 -7.548010e-05 -5.788963e-06
 8973.600000 -3.054982e-05 -4.847055e-07 -3.136854e-07 -2.774350e-07 1.095400e-06 -8.116285e-04 -7.416187e-05 -4.199626e-07
 8973.800000 -3.055357e-05 -4.845618e-07 -3.132235e-07 -2.775700e-07 3.615267e-06 -8.183871e-04 -6.200180e-05 -5.340366e-06
 8974.000000 -3.054123e-05 -4.847104e-07 -3.126827e-07 -2.777266e-07 1.557766e-06 -8.297808e-04 -5.613493e-05 6.037499e-06
 8974.200000 -3.055247e-05 -4.848618e-07 -3.121868e-07 -2.781505e-07 3.002760e-06 -8.283180e-04 -7.071922e-05 8.610583e-06
 8974.400000 -3.050080e-05 -4.854533e-07 -3.118605e-07 -2.780030e-07 3.873466e-06 -8.158760e-04 -7.282517e-05 1.353095e-06
 8974.600000 -3.046783e-05 -4.843993e-07 -3.102907e-07 -2.782545e-07 -1.070157e-05 -8.363593e-04 -7.233287e-05 -2.969411e-06
 8974.800000 -3.045671e-05 -4.821520e-07 -3.077241e-07 -2.787929e-07 -7.740797e-06 -8.384783e-04 -5.496491e-05 5.297474e-06
 8975.000000 -3.048239e-05 -4.857631e-07 -3.090145e-07 -2.795337e-07 5.171710e-06 -8.498273e-04 -6.783073e-05 2.493796e-07
 8975.200000 -3.050995e-05 -4.840421e-07 -3.066572e-07 -2.802008e-07 1.085897e-05 -8.231712e-04 -5.642028e-05 -3.856776e-06
 8975.400000 -3.051889e-05 -4.846890e-07 -3.055547e-07 -2.805237e-07 4.383605e-06 -8.457755e-04 -5.040799e-05 5.648924e-06
 8975.600000 -3.051911e-05 -4.839671e-07 -3.034487e-07 -2.810629e-07 1.953534e-06 -8.586127e-04 -5.170492e-05 -5.630980e-06
 8975.800000 -3.050328e-05 -4.840394e-07 -3.017423e-07 -2.815072e-07 3.741067e-06 -8.457416e-04 -5.343790e-05 -4.271065e-06
 8976.000000 -3.043012e-05 -4.835659e-07 -2.992882e-07 -2.815234e-07 -5.812158e-06 -8.278571e-04 -5.195139e-05 -8.600880e-06
 8976.200000 -3.042305e-05 -4.820587e-07 -2.958115e-07 -2.822461e-07 7.603987e-06 -8.266765e-04 -5.936743e-05 -1.001990e-05
 8976.400000 -3.045224e-05 -4.834205e-07 -2.937328e-07 -2.834009e-07 8.411310e-06 -8.300823e-04 -5.012871e-05 -5.771218e-06
 8976.600000 -3.047852e-05 -4.840785e-07 -2.906541e-07 -2.845964e-07 6.375815e-06 -8.217561e-04 -5.005870e-05 1.069624e-06
 8976.800000 -3.047724e-05 -4.839499e-07 -2.865681e-07 -2.856469e-07 -9.353585e-07 -8.292453e-04 -4.161450e-05 7.353655e-06
 8977.000000 -3.046860e-05 -4.836953e-07 -2.813066e-07 -2.867109e-07 -1.608055e-06 -8.507666e-04 -4.102544e-05 1.964978e-05
 8977.200000 -3.041795e-05 -4.829594e-07 -2.748843e-07 -2.875335e-07 7.582010e-06 -8.280236e-04 -5.000311e-05 6.555149e-06
 8977.400000 -3.036798e-05 -4.828085e-07 -2.678067e-07 -2.884673e-07 1.154401e-05 -8.084500e-04 -5.567451e-05 3.356007e-06
 8977.600000 -3.032322e-05 -4.792113e-07 -2.578989e-07 -2.894886e-07 2.950067e-06 -7.926122e-04 -6.566763e-05 -1.474184e-05
 8977.800000 -3.031750e-05 -4.806138e-07 -2.496198e-07 -2.915150e-07 2.929872e-06 -8.034645e-04 -5.330443e-05 -8.619591e-06
 8978.000000 -3.034991e-05 -4.799586e-07 -2.392932e-07 -2.943036e-07 1.024619e-05 -8.160243e-04 -5.750702e-05 -1.343461e-05
 8978.200000 -3.035606e-05 -4.788053e-07 -2.283772e-07 -2.972983e-07 9.438980e-06 -7.996987e-04 -4.742467e-05 -1.299261e-05
 8978.400000 -3.030627e-05 -4.782180e-07 -2.171742e-07 -2.999750e-07 8.262279e-06 -7.867933e-04 -4.780105e-05 -2.180525e-05
 8978.600000 -3.029051e-05 -4.778240e-07 -2.062000e-07 -3.035819e-07 3.269387e-06 -8.116022e-04 -7.408397e-05 -2.630397e-05
 8978.800000 -3.027998e-05 -4.766318e-07 -1.948035e-07 -3.078317e-07 -8.502761e-07 -8.325792e-04 -5.519394e-05 -2.079585e-05
 8979.000000 -3.029159e-05 -4.761389e-07 -1.843025e-07 -3.129618e-07 -3.781058e-06 -8.242625e-04 -5.628814e-05 -2.536648e-05
 8979.200000 -3.028328e-05 -4.759724e-07 -1.746288e-07 -3.189457e-07 -7.364752e-06 -8.205138e-04 -4.576092e-05 -3.215240e-05
 8979.400000 -3.029881e-05 -4.741936e-07 -1.650073e-07 -3.264652e-07 7.699217e-06 -8.187588e-04 -5.096774e-05 -2.203872e-05
 8979.600000 -3.029121e-05 -4.743814e-07 -1.570539e-07 -3.348306e-07 -4.842527e-07 -8.218597e-04 -6.872906e-05 -1.977258e-05
 8979.800000 -3.027325e-05 -4.727927e-07 -1.499249e-07 -3.442362e-07 -1.762749e-06 -8.220478e-04 -7.158021e-05 -2.098258e-05
 8980.000000 -3.025127e-05 -4.704316e-07 -1.438493e-07 -3.549746e-07 6.602265e-06 -8.051879e-04 -7.411344e-05 -2.451264e-05
 8980.200000 -3.020344e-05 -4.683917e-07 -1.393610e-07 -3.657176e-07 1.596393e-05 -8.127256e-04 -6.371920e-05 -1.219632e-05
 8980.400000 -3.017600e-05 -4.668363e-07 -1.362437e-07 -3.774168e-07 5.344229e-06 -8.188398e-04 -5.699959e-05 -1.574180e-05
 8980.600000 -3.020501e-05 -4.661593e-07 -1.343842e-07 -3.892950e-07 3.165803e-07 -8.225923e-04 -6.992227e-05 -2.896832e-05
 8980.800000 -3.017957e-05 -4.642614e-07 -1.329496e-07 -3.991974e-07 1.951095e-05 -8.291648e-04 -5.105963e-05 -2.176413e-05
 8981.000000 -3.016684e-05 -4.629560e-07 -1.321100e-07 -4.074734e-07 2.897186e-05 -8.405907e-04 -5.865675e-05 -1.981847e-05
 8981.200000 -3.016696e-05 -4.620849e-07 -1.319693e-07 -4.132412e-07 2.661579e-05 -8.555419e-04 -6.657609e-05 -8.068983e-06
 8981.400000 -3.014159e-05 -4.610505e-07 -1.321752e-07 -4.157367e-07 2.126260e-05 -8.693796e-04 -6.911964e-05 -6.833211e-06
 8981.600000 -3.012201e-05 -4.617664e-07 -1.326409e-07 -4.151426e-07 2.323884e-05 -8.608517e-04 -6.051224e-05 -1.772314e-05
 8981.800000 -3.010721e-05 -4.617514e-07 -1.332657e-07 -4.118196e-07 2.751766e-05 -8.528551e-04 -4.950855e-05 -3.517009e-06
 8982.000000 -3.009584e-05 -4.617348e-07 -1.338476e-07 -4.068587e-07 2.499046e-05 -8.389636e-04 -4.613978e-05 -6.825441e-06
 8982.200000 -3.011931e-05 -4.647314e-07 -1.351413e-07 -4.012198e-07 1.346124e-05 -8.508416e-04 -5.445749e-05 -1.507296e-05
 8982.400000 -3.012302e-05 -4.644111e-07 -1.355417e-07 -3.952984e-07 1.044180e-05 -8.535397e-04 -5.162800e-05 -1.839045e-05
 8982.600000 -3.011199e-05 -4.657923e-07 -1.361115e-07 -3.893572e-07 1.072321e-05 -8.535974e-04 -4.452834e-05 -1.795754e-05
 8982.800000 -3.009198e-05 -4.663483e-07 -1.360642e-07 -3.842210e-07 1.472065e-05 -8.467309e-04 -5.944365e-05 -1.242967e-05
 8983.000000 -3.010773e-05 -4.665939e-07 -1.358345e-07 -3.813837e-07 1.953021e-05 -8.507043e-04 -4.589053e-05 4.221139e-06
 8983.200000 -3.005137e-05 -4.659348e-07 -1.350737e-07 -3.781287e-07 2.168325e-05 -8.347538e-04 -4.187596e-05 1.138231e-06
 8983.400000 -3.006267e-05 -4.666842e-07 -1.343620e-07 -3.779637e-07 1.976662e-05 -7.961212e-04 -4.471135e-05 -2.498400e-07
 8983.600000 -3.007932e-05 -4.669739e-07 -1.332600e-07 -3.790241e-07 2.639190e-05 -7.820652e-04 -4.802877e-05 -2.232643e-06
 8983.800000 -3.006771e-05 -4.658900e-07 -1.313137e-07 -3.802898e-07 1.762043e-05 -8.012447e-04 -5.425420e-05 -1.041492e-05
 8984.000000 -3.007876e-05 -4.662215e-07 -1.297046e-07 -3.826742e-07 1.266455e-05 -7.951202e-04 -5.772156e-05 -1.136718e-05
 8984.200000 -3.007963e-05 -4.659857e-07 -1.277978e-07 -3.852244e-07 5.536153e-06 -7.871835e-04 -6.816950e-05 -1.338300e-05
 8984.400000 -3.006077e-05 -4.649178e-07 -1.259795e-07 -3.873487e-07 7.991010e-06 -7.816472e-04 -6.141712e-05 -7.927596e-06
 8984.600000 -3.001453e-05 -4.632524e-07 -1.236903e-07 -3.895644e-07 1.365563e-05 -8.000730e-04 -4.384685e-05 -1.247134e-05
 8984.800000 -3.000457e-05 -4.635048e-07 -1.219737e-07 -3.926306e-07 1.706596e-05 -7.862142e-04 -5.459996e-05 -2.163891e-05
 8985.000000 -2.998986e-05 -4.615650e-07 -1.196480e-07 -3.957566e-07 8.488812e-06 -8.053386e-04 -6.398292e-05 -2.174644e-05
 8985.200000 -3.002618e-05 -4.625640e-07 -1.182548e-07 -3.991459e-07 7.979819e-06 -8.040375e-04 -3.491651e-05 -6.463656e-06
 8985.400000 -3.005225e-05 -4.634113e-07 -1.168688e-07 -4.024206e-07 1.175228e-05 -7.841476e-04 -3.605278e-05 -7.883982e-06
 8985.600000 -3.006424e-05 -4.626315e-07 -1.152053e-07 -4.049230e-07 9.478070e-07 -8.072660e-04 -3.991767e-05 -8.473959e-06
 8985.800000 -3.003805e-05 -4.624508e-07 -1.136093e-07 -4.063261e-07 4.274834e-06 -7.983660e-04 -3.309387e-05 1.879259e-06
 8986.000000 -3.001943e-05 -4.611402e-07 -1.117933e-07 -4.080170e-07 5.630990e-06 -7.979230e-04 -3.759117e-05 -7.360772e-06
 8986.200000 -3.002243e-05 -4.619047e-07 -1.101447e-07 -4.102581e-07 -6.659235e-07 -8.164240e-04 -4.537275e-05 -1.786466e-05
 8986.400000 -3.001988e-05 -4.612253e-07 -1.080238e-07 -4.126892e-07 6.196665e-06 -8.189112e-04 -4.408498e-05 -8.161126e-06
 8986.600000 -3.002497e-05 -4.614471e-07 -1.061530e-07 -4.151180e-07 2.056919e-05 -8.166157e-04 -4.222467e-05 -4.050007e-06
 8986.800000 -3.002513e-05 -4.615580e-07 -1.040657e-07 -4.180048e-07 7.310991e-06 -8.175840e-04 -5.366462e-05 -6.556247e-06
 8987.000000 -3.001610e-05 -4.605853e-07 -1.019489e-07 -4.209705e-07 3.343754e-06 -8.220716e-04 -6.191091e-05 -1.130856e-05
 8987.200000 -2.999472e-05 -4.595485e-07 -9.977880e-08 -4.239455e-07 7.823630e-06 -7.997129e-04 -7.824539e-05 -1.454919e-05
 8987.400000 -2.997632e-05 -4.576145e-07 -9.720651e-08 -4.274793e-07 1.157833e-05 -8.190262e-04 -6.335620e-05 -3.214457e-06
 8987.600000 -2.996740e-05 -4.593908e-07 -9.554259e-08 -4.314944e-07 1.837080e-05 -8.301442e-04 -5.233373e-05 -1.736202e-06
 8987.800000 -2.996787e-05 -4.589394e-07 -9.322190e-08 -4.356736e-07 1.263652e-05 -8.475598e-04 -5.358575e-05 -8.603428e-06
 8988.000000 -2.995048e-05 -4.572048e-07 -9.057702e-08 -4.404334e-07 5.575312e-06 -8.326555e-04 -4.300274e-05 -9.056953e-06
 8988.200000 -2.993988e-05 -4.576395e-07 -8.791528e-08 -4.456080e-07 -3.481453e-06 -8.391615e-04 -4.455818e-05 4.679337e-06
 8988.400000 -2.992211e-05 -4.566847e-07 -8.518341e-08 -4.505330e-07 1.045428e-05 -8.450916e-04 -5.441070e-05 6.105413e-06
 8988.600000 -2.987096e-05 -4.551136e-07 -8.234032e-08 -4.547627e-07 1.047528e-05 -8.282827e-04 -4.760447e-05 1.442120e-05
 8988.800000 -2.986629e-05 -4.547312e-07 -7.987199e-08 -4.601105e-07 4.520235e-06 -8.550540e-04 -3.900189e-05 8.469731e-06
 8989.000000 -2.986961e-05 -4.538805e-07 -7.750575e-08 -4.657697e-07 -3.944973e-06 -8.393444e-04 -4.613793e-05 8.793207e-06
 8989.200000 -2.986086e-05 -4.527821e-07 -7.496478e-08 -4.712866e-07 -1.572690e-06 -8.409686e-04 -4.704386e-05 6.533537e-06
 8989.400000 -2.985525e-05 -4.524665e-07 -7.266690e-08 -4.765444e-07 -8.023476e-06 -8.383126e-04 -4.925181e-05 -6.816968e-07
 8989.600000 -2.987281e-05 -4.522012e-07 -7.051070e-08 -4.828847e-07 -1.319001e-05 -8.478243e-04 -4.958920e-05 1.121259e-05
 8989.800000 -2.989510e-05 -4.518491e-07 -6.844940e-08 -4.893196e-07 -3.456283e-06 -8.517401e-04 -4.652837e-05 3.893997e-06
 8990.000000 -2.989868e-05 -4.510354e-07 -6.623939e-08 -4.948207e-07 1.271535e-06 -8.562460e-04 -4.935367e-05 -5.925893e-06
 8990.200000 -2.988645e-05 -4.511473e-07 -6.411270e-08 -5.001149e-07 -4.305055e-06 -8.370170e-04 -6.136858e-05 -7.196918e-06
 8990.400000 -2.985231e-05 -4.495276e-07 -6.173200e-08 -5.040757e-07 -6.735858e-06 -8.325261e-04 -5.560712e-05 -7.341775e-06
 8990.600000 -2.982890e-05 -4.492581e-07 -5.985305e-08 -5.084981e-07 -4.413490e-06 -8.250708e-04 -5.332475e-05 -2.258731e-06
 8990.800000 -2.984128e-05 -4.486208e-07 -5.804623e-08 -5.129631e-07 -2.796554e-06 -8.231198e-04 -4.421989e-05 -7.981115e-06
 8991.000000 -2.983411e-05 -4.481234e-07 -5.644104e-08 -5.168517e-07 -4.460714e-06 -8.294469e-04 -4.284306e-05 -9.553615e-06
 8991.200000 -2.980411e-05 -4.480573e-07 -5.520435e-08 -5.196744e-07 4.186485e-06 -8.297138e-04 -4.184005e-05 -7.756796e-06
 8991.400000 -2.981254e-05 -4.466474e-07 -5.373756e-08 -5.230079e-07 7.738713e-06 -8.326163e-04 -3.604005e-05 -4.037444e-06
 8991.600000 -2.982161e-05 -4.485530e-07 -5.267557e-08 -5.258203e-07 -4.650315e-06 -8.353937e-04 -4.369849e-05 1.031081e-05
 8991.800000 -2.981005e-05 -4.475572e-07 -5.147965e-08 -5.271073e-07 -9.414402e-06 -8.343814e-04 -3.281008e-05 1.907373e-05
 8992.000000 -2.979971e-05 -4.480986e-07 -5.050237e-08 -5.283892e-07 -4.429551e-06 -8.214400e-04 -2.595124e-05 2.298247e-05
 8992.200000 -2.979465e-05 -4.469924e-07 -4.933268e-08 -5.293072e-07 -3.787067e-06 -8.292877e-04 -4.454394e-05 1.588297e-05
 8992.400000 -2.977911e-05 -4.470251e-07 -4.868935e-08 -5.292590e-07 -4.975384e-06 -8.390894e-04 -5.010694e-05 2.553311e-05
 8992.600000 -2.977849e-05 -4.479133e-07 -4.816325e-08 -5.298766e-07 -6.202308e-07 -8.299280e-04 -5.434479e-05 2.141504e-05
 8992.800000 -2.976570e-05 -4.467383e-07 -4.752687e-08 -5.301679e-07 -4.716243e-06 -8.225709e-04 -4.514398e-05 2.301450e-05
 8993.000000 -2.974286e-05 -4.471452e-07 -4.724374e-08 -5.296998e-07 -1.570694e-06 -8.144690e-04 -4.067346e-05 1.188262e-05
 8993.200000 -2.974499e-05 -4.460333e-07 -4.697054e-08 -5.308844e-07 9.664608e-07 -8.115838e-04 -3.931406e-05 1.198368e-05
 8993.400000 -2.975596e-05 -4.464159e-07 -4.696835e-08 -5.311673e-07 -1.640721e-06 -8.256571e-04 -4.087933e-05 1.312143e-05
 8993.600000 -2.972779e-05 -4.456147e-07 -4.679178e-08 -5.314260e-07 -3.560724e-06 -8.268139e-04 -4.543528e-05 1.417182e-05
 8993.800000 -2.969783e-05 -4.453719e-07 -4.711433e-08 -5.312214e-07 -9.868994e-06 -8.092010e-04 -5.161458e-05 1.303687e-05
 8994.000000 -2.968986e-05 -4.448768e-07 -4.743676e-08 -5.320438e-07 -9.116039e-06 -7.993175e-04 -5.417881e-05 1.599078e-05
 8994.200000 -2.970944e-05 -4.458615e-07 -4.806010e-08 -5.342199e-07 -2.368755e-07 -7.861811e-04 -5.275737e-05 1.380530e-05
 8994.400000 -2.972130e-05 -4.457973e-07 -4.865896e-08 -5.367192e-07 -1.069054e-06 -7.899165e-04 -5.309990e-05 1.285593e-05
 8994.600000 -2.971660e-05 -4.449600e-07 -4.916847e-08 -5.387981e-07 -6.050212e-06 -8.114680e-04 -4.971492e-05 5.465447e-06
 8994.800000 -2.971587e-05 -4.433469e-07 -4.926968e-08 -5.415418e-07 7.668797e-06 -8.359651e-04 -4.493978e-05 1.233965e-05
 8995.000000 -2.969507e-05 -4.426494e-07 -4.987413e-08 -5.434075e-07 4.839752e-06 -8.261987e-04 -4.823714e-05 1.442449e-05
 8995.200000 -2.965330e-05 -4.415494e-07 -5.050803e-08 -5.447861e-07 3.326872e-06 -7.992252e-04 -5.592152e-05 1.429333e-05
 8995.400000 -2.962272e-05 -4.402286e-07 -5.081557e-08 -5.471192e-07 1.410222e-07 -8.050618e-04 -6.711814e-05 1.793944e-05
 8995.600000 -2.955910e-05 -4.388881e-07 -5.118858e-08 -5.479245e-07 7.492108e-06 -8.042802e-04 -6.830605e-05 1.596628e-05
 8995.800000 -2.956076e-05 -4.386931e-07 -5.156951e-08 -5.506603e-07 2.028954e-06 -7.740331e-04 -8.148156e-05 1.189686e-05
 8996.000000 -2.959375e-05 -4.405531e-07 -5.231572e-08 -5.548473e-07 5.955074e-06 -7.896416e-04 -7.153881e-05 1.845731e-05
 8996.200000 -2.964399e-05 -4.396390e-07 -5.255434e-08 -5.594593e-07 5.652365e-06 -7.959194e-04 -6.174899e-05 2.077591e-05
 8996.400000 -2.967342e-05 -4.402905e-07 -5.300740e-08 -5.626666e-07 2.160690e-06 -7.965339e-04 -6.872317e-05 8.927654e-06
 8996.600000 -2.964746e-05 -4.397559e-07 -5.346086e-08 -5.633831e-07 -1.794670e-06 -8.045150e-04 -6.829814e-05 2.745231e-06
 8996.800000 -2.961038e-05 -4.395099e-07 -5.392271e-08 -5.631320e-07 -1.036100e-06 -8.102506e-04 -6.703986e-05 7.900212e-06
 8997.000000 -2.957616e-05 -4.401047e-07 -5.439399e-08 -5.628290e-07 8.264675e-06 -8.180985e-04 -6.390603e-05 1.812964e-06
 8997.200000 -2.957836e-05 -4.380593e-07 -5.458082e-08 -5.633136e-07 1.014362e-05 -8.185493e-04 -5.580183e-05 6.841126e-07
 8997.400000 -2.955818e-05 -4.391436e-07 -5.497538e-08 -5.626856e-07 6.816310e-06 -8.137484e-04 -4.198685e-05 1.272677e-05
 8997.600000 -2.956100e-05 -4.369591e-07 -5.492849e-08 -5.621167e-07 1.266780e-06 -8.179712e-04 -5.425997e-05 9.160892e-06
 8997.800000 -2.962537e-05 -4.392030e-07 -5.522702e-08 -5.634020e-07 5.277994e-07 -8.272761e-04 -5.759459e-05 1.324737e-05
 8998.000000 -2.962841e-05 -4.404040e-07 -5.552951e-08 -5.628108e-07 4.606778e-06 -8.103754e-04 -4.921324e-05 9.287336e-06
 8998.200000 -2.965603e-05 -4.401131e-07 -5.528682e-08 -5.618463e-07 7.601983e-06 -7.971544e-04 -3.553120e-05 8.596694e-06
 8998.400000 -2.964366e-05 -4.414793e-07 -5.522331e-08 -5.596962e-07 8.178828e-06 -8.043867e-04 -4.388089e-05 3.360015e-05
 8998.600000 -2.961626e-05 -4.404762e-07 -5.476283e-08 -5.558752e-07 9.777174e-06 -8.074107e-04 -6.480607e-05 4.698734e-05
 8998.800000 -2.952267e-05 -4.406316e-07 -5.422883e-08 -5.497129e-07 1.459360e-05 -8.078629e-04 -6.312454e-05 4.292796e-05
 8999.000000 -2.945699e-05 -4.396226e-07 -5.357777e-08 -5.450065e-07 1.403892e-05 -7.958344e-04 -5.627337e-05 4.441580e-05
 8999.200000 -2.945673e-05 -4.399647e-07 -5.331994e-08 -5.421863e-07 7.179159e-06 -7.898194e-04 -5.275631e-05 3.510330e-05
 8999.400000 -2.950916e-05 -4.406701e-07 -5.314454e-08 -5.417938e-07 1.513845e-05 -7.927729e-04 -5.281132e-05 4.393349e-05
 8999.600000 -2.954766e-05 -4.410459e-07 -5.273668e-08 -5.406947e-07 1.558683e-05 -7.985387e-04 -5.986025e-05 4.352145e-05
 8999.800000 -2.956816e-05 -4.429339e-07 -5.227582e-08 -5.394958e-07 1.686481e-05 -7.963249e-04 -5.623447e-05 4.271105e-05
 9000.000000 -2.955500e-05 -4.419757e-07 -5.151275e-08 -5.370515e-07 1.820446e-05 -8.030251e-04 -6.465996e-05 4.171311e-05
 9000.200000 -2.951386e-05 -4.429921e-07 -5.064616e-08 -5.339721e-07 8.768751e-06 -7.985325e-04 -7.072987e-05 4.366815e-05
 9000.400000 -2.947791e-05 -4.420697e-07 -4.957375e-08 -5.312086e-07 8.123989e-06 -8.002121e-04 -6.139673e-05 4.979982e-05
 9000.600000 -2.946315e-05 -4.411450e-07 -4.908698e-08 -5.298149e-07 1.314653e-05 -8.069608e-04 -6.592651e-05 5.277818e-05
 9000.800000 -2.942662e-05 -4.427297e-07 -4.866238e-08 -5.271602e-07 1.580838e-05 -8.354071e-04 -4.763694e-05 4.754637e-05
 9001.000000 -2.936485e-05 -4.400745e-07 -4.771692e-08 -5.243261e-07 1.070375e-05 -8.285350e-04 -6.052807e-05 4.019900e-05
 9001.200000 -2.924104e-05 -4.382238e-07 -4.696669e-08 -5.204563e-07 3.173608e-06 -8.093893e-04 -6.455652e-05 3.697746e-05
 9001.400000 -2.908703e-05 -4.335923e-07 -4.591952e-08 -5.162972e-07 -6.646935e-07 -8.250569e-04 -5.502685e-05 4.855660e-05
 9001.600000 -2.895055e-05 -4.307197e-07 -4.509241e-08 -5.133659e-07 1.314853e-05 -8.341947e-04 -6.150871e-05 4.468884e-05
 9001.800000 -2.884698e-05 -4.291517e-07 -4.440398e-08 -5.122307e-07 4.331551e-06 -8.284206e-04 -5.589840e-05 4.600313e-05
 9002.000000 -2.882069e-05 -4.334355e-07 -4.500688e-08 -5.118850e-07 2.896125e-06 -8.396724e-04 -4.999231e-05 4.058554e-05
 9002.200000 -2.883857e-05 -4.334548e-07 -4.492688e-08 -5.117025e-07 9.197184e-06 -8.172686e-04 -5.870190e-05 4.643330e-05
 9002.400000 -2.891448e-05 -4.335934e-07 -4.504948e-08 -5.126727e-07 6.795842e-06 -8.275799e-04 -6.285414e-05 4.475592e-05
 9002.600000 -2.907855e-05 -4.372824e-07 -4.543995e-08 -5.156378e-07 7.372659e-06 -8.107329e-04 -7.017888e-05 4.069565e-05
 9002.800000 -2.924205e-05 -4.399377e-07 -4.600095e-08 -5.184018e-07 1.495661e-05 -8.185096e-04 -5.522198e-05 5.318640e-05
 9003.000000 -2.940188e-05 -4.420456e-07 -4.617708e-08 -5.212680e-07 1.424913e-05 -8.118547e-04 -6.212591e-05 5.300172e-05
 9003.200000 -2.950147e-05 -4.441620e-07 -4.659159e-08 -5.226832e-07 1.068630e-05 -8.181981e-04 -4.724516e-05 4.648016e-05
 9003.400000 -2.955243e-05 -4.444198e-07 -4.697801e-08 -5.225379e-07 1.476668e-05 -8.086783e-04 -5.373361e-05 1.128574e-05
 9003.600000 -2.954581e-05 -4.451573e-07 -4.723168e-08 -5.218426e-07 8.840891e-06 -8.113182e-04 -6.841750e-05 1.350116e-05
 9003.800000 -2.956389e-05 -4.442131e-07 -4.762263e-08 -5.214530e-07 1.654831e-05 -8.317404e-04 -6.432620e-05 2.373784e-05
 9004.000000 -2.957623e-05 -4.439132e-07 -4.803670e-08 -5.213572e-07 6.599985e-06 -8.075216e-04 -5.686541e-05 7.951268e-06
 9004.200000 -2.956493e-05 -4.444822e-07 -4.857798e-08 -5.199151e-07 1.000182e-05 -8.071808e-04 -6.735192e-05 1.701642e-06
 9004.400000 -2.955161e-05 -4.432721e-07 -4.897146e-08 -5.189333e-07 1.392070e-05 -8.046184e-04 -5.804941e-05 1.236018e-05
 9004.600000 -2.952770e-05 -4.451442e-07 -4.987246e-08 -5.176869e-07 1.975454e-05 -8.006423e-04 -5.468787e-05 1.628206e-05
 9004.800000 -2.952388e-05 -4.435327e-07 -5.022997e-08 -5.170243e-07 2.065365e-05 -8.028485e-04 -6.669611e-05 2.919981e-06
 9005.000000 -2.951882e-05 -4.443241e-07 -5.091753e-08 -5.165189e-07 1.887435e-05 -8.098476e-04 -6.365012e-05 9.165151e-06
 9005.200000 -2.952071e-05 -4.437375e-07 -5.138836e-08 -5.163505e-07 1.114453e-05 -8.065400e-04 -5.920244e-05 1.797650e-05
 9005.400000 -2.953817e-05 -4.447011e-07 -5.199058e-08 -5.163689e-07 2.087956e-05 -8.075426e-04 -6.849158e-05 8.846721e-06
 9005.600000 -2.951469e-05 -4.447267e-07 -5.232048e-08 -5.153292e-07 1.688540e-05 -8.097406e-04 -5.671988e-05 2.120756e-05
 9005.800000 -2.945843e-05 -4.427113e-07 -5.227372e-08 -5.132495e-07 3.034905e-06 -8.242382e-04 -6.025828e-05 1.765375e-05
 9006.000000 -2.938464e-05 -4.418759e-07 -5.283646e-08 -5.099419e-07 6.535943e-06 -8.046177e-04 -5.470400e-05 1.654484e-05
 9006.200000 -2.941173e-05 -4.425454e-07 -5.339527e-08 -5.105663e-07 4.827290e-06 -8.102070e-04 -4.285732e-05 2.430898e-05
 9006.400000 -2.945573e-05 -4.454603e-07 -5.424620e-08 -5.117770e-07 5.537528e-06 -8.025127e-04 -4.769144e-05 2.457181e-05
 9006.600000 -2.949146e-05 -4.449920e-07 -5.481821e-08 -5.125970e-07 6.027417e-06 -8.253777e-04 -5.376306e-05 1.634587e-05
 9006.800000 -2.949411e-05 -4.457464e-07 -5.541292e-08 -5.122474e-07 1.667265e-05 -8.066505e-04 -7.678667e-05 7.473635e-06
 9007.000000 -2.947810e-05 -4.457692e-07 -5.549064e-08 -5.113095e-07 2.324419e-05 -8.262029e-04 -5.829583e-05 1.418931e-05
 9007.200000 -2.946256e-05 -4.447556e-07 -5.544387e-08 -5.106770e-07 1.558375e-05 -8.223433e-04 -6.926310e-05 7.054972e-06
 9007.400000 -2.946230e-05 -4.453097e-07 -5.599827e-08 -5.100022e-07 7.994385e-06 -8.286205e-04 -7.143037e-05 1.008245e-05
 9007.600000 -2.942124e-05 -4.437882e-07 -5.613373e-08 -5.083547e-07 6.830905e-06 -8.050957e-04 -7.019707e-05 7.508894e-06
 9007.800000 -2.943303e-05 -4.451502e-07 -5.671354e-08 -5.082410e-07 1.116286e-05 -8.122810e-04 -7.470130e-05 1.424963e-05
 9008.000000 -2.944398e-05 -4.452723e-07 -5.690196e-08 -5.079151e-07 8.949007e-06 -8.069503e-04 -7.496194e-05 1.623380e-05
 9008.200000 -2.943039e-05 -4.453114e-07 -5.719078e-08 -5.074467e-07 9.466159e-06 -7.942552e-04 -7.303286e-05 7.330933e-06
 9008.400000 -2.942790e-05 -4.448256e-07 -5.737921e-08 -5.069308e-07 1.933994e-05 -7.798874e-04 -7.795249e-05 8.099272e-07
 9008.600000 -2.943858e-05 -4.448763e-07 -5.765380e-08 -5.070122e-07 1.702475e-05 -7.674073e-04 -6.481526e-05 2.893273e-06
 9008.800000 -2.945914e-05 -4.459515e-07 -5.832307e-08 -5.071595e-07 2.096063e-05 -7.718378e-04 -6.120081e-05 1.700531e-05
 9009.000000 -2.941926e-05 -4.443683e-07 -5.851511e-08 -5.057665e-07 2.399217e-05 -7.755907e-04 -6.690459e-05 1.451975e-05
 9009.227860 -2.936609e-05 -4.437607e-07 -5.878304e-08 -5.041142e-07 2.920585e-05 -7.626218e-04 -5.952316e-05 8.451834e-06
 9009.483581 -2.935382e-05 -4.431569e-07 -5.913246e-08 -5.036398e-07 1.603135e-05 -7.583270e-04 -6.293379e-05 4.217524e-06
 9009.767162 -2.934134e-05 -4.424995e-07 -5.926246e-08 -5.031166e-07 1.557662e-05 -7.632451e-04 -7.047846e-05 -1.089395e-05
 9010.078604 -2.939247e-05 -4.439321e-07 -6.002208e-08 -5.051108e-07 1.085980e-05 -7.530534e-04 -7.407003e-05 -4.666464e-06
 9010.417905 -2.939897e-05 -4.439060e-07 -6.054757e-08 -5.057143e-07 1.731072e-05 -7.636662e-04 -6.800100e-05 1.197594e-05
 9010.785067 -2.933243e-05 -4.421863e-07 -6.058326e-08 -5.046953e-07 1.911039e-05 -7.634040e-04 -6.511508e-05 7.771667e-06
 9011.180090 -2.921940e-05 -4.399903e-07 -6.014322e-08 -5.026279e-07 1.503360e-05 -7.578702e-04 -6.786926e-05 8.012720e-06
 9011.602973 -2.912481e-05 -4.397280e-07 -6.006860e-08 -5.016660e-07 1.208929e-05 -7.652237e-04 -6.890726e-05 3.945522e-06
 9012.053716 -2.913226e-05 -4.421035e-07 -6.024523e-08 -5.038020e-07 1.229918e-05 -7.650329e-04 -5.794081e-05 3.063905e-06
 9012.532319 -2.912931e-05 -4.425667e-07 -5.981820e-08 -5.056717e-07 1.199883e-05 -7.558561e-04 -5.855222e-05 8.999592e-06
 9013.038783 -2.911341e-05 -4.407653e-07 -5.915093e-08 -5.077489e-07 3.330315e-06 -7.467342e-04 -6.880154e-05 1.642960e-06
 9013.573107 -2.926600e-05 -4.412823e-07 -5.881201e-08 -5.159190e-07 -1.206595e-05 -7.635592e-04 -7.684173e-05 -3.843332e-06
 9014.135292 -2.935787e-05 -4.416753e-07 -5.821697e-08 -5.215882e-07 -7.728278e-06 -7.675088e-04 -6.588537e-05 1.178417e-05
 9014.725337 -2.947034e-05 -4.436222e-07 -5.794589e-08 -5.274234e-07 1.435596e-06 -7.538101e-04 -6.593164e-05 1.341410e-05
 9015.343242 -2.948674e-05 -4.432953e-07 -5.707189e-08 -5.300623e-07 9.176100e-06 -7.439726e-04 -7.129104e-05 1.374809e-05
 9015.989008 -2.947153e-05 -4.427336e-07 -5.630467e-08 -5.305780e-07 5.092182e-06 -7.488206e-04 -7.116198e-05 5.748335e-06
 9016.662634 -2.947081e-05 -4.433556e-07 -5.534028e-08 -5.304471e-07 4.117701e-06 -7.528349e-04 -7.015221e-05 8.631755e-06
 9017.364120 -2.945295e-05 -4.431213e-07 -5.403159e-08 -5.282192e-07 1.255202e-05 -7.565749e-04 -7.332354e-05 8.452101e-06
 9018.093467 -2.945829e-05 -4.437519e-07 -5.302718e-08 -5.257390e-07 1.335891e-05 -7.342140e-04 -7.186587e-05 8.715239e-06
 9018.850674 -2.940053e-05 -4.429463e-07 -5.196881e-08 -5.205491e-07 1.451387e-05 -7.463103e-04 -7.309295e-05 9.894410e-06
 9019.635741 -2.938321e-05 -4.437743e-07 -5.104789e-08 -5.161800e-07 2.026186e-05 -7.622238e-04 -6.735640e-05 3.315141e-06
 9020.448669 -2.941987e-05 -4.443389e-07 -4.982362e-08 -5.137486e-07 2.095393e-05 -7.605984e-04 -5.768993e-05 2.787437e-06
 9021.289457 -2.937943e-05 -4.446609e-07 -4.871484e-08 -5.088502e-07 2.582617e-06 -7.527826e-04 -5.815928e-05 2.622084e-07
 9022.158106 -2.936765e-05 -4.453359e-07 -4.777589e-08 -5.051507e-07 7.788412e-07 -7.715276e-04 -5.358137e-05 -1.366862e-06
 9023.054614 -2.934201e-05 -4.449875e-07 -4.685854e-08 -5.018082e-07 8.847797e-06 -7.801861e-04 -5.409453e-05 -7.890354e-07
 9023.978983 -2.937023e-05 -4.467483e-07 -4.608315e-08 -5.011821e-07 4.960539e-06 -7.749114e-04 -5.455251e-05 -1.403733e-05
 9024.931213 -2.936496e-05 -4.460526e-07 -4.615010e-08 -5.004344e-07 3.331895e-07 -7.526708e-04 -6.232649e-05 -1.511800e-05
 9025.911303 -2.934889e-05 -4.449157e-07 -4.644831e-08 -5.004475e-07 7.702404e-06 -7.554763e-04 -5.564688e-05 -1.357121e-06
 9026.919253 -2.934054e-05 -4.444861e-07 -4.700828e-08 -5.011694e-07 -1.756836e-06 -8.016366e-04 -5.295051e-05 -1.816280e-06
 9027.955064 -2.932112e-05 -4.434224e-07 -4.814730e-08 -5.013845e-07 -7.298033e-06 -8.057101e-04 -5.798462e-05 -6.020194e-06
 9029.018734 -2.930047e-05 -4.424772e-07 -4.969424e-08 -5.022970e-07 -4.498314e-06 -7.862443e-04 -6.503628e-05 -4.162560e-06
 9030.110266 -2.929059e-05 -4.415307e-07 -5.135693e-08 -5.041532e-07 -5.377255e-06 -7.754090e-04 -6.459318e-05 -3.423100e-06
 9031.232723 -2.926141e-05 -4.408312e-07 -5.278254e-08 -5.049159e-07 -4.151532e-06 -7.914334e-04 -6.277124e-05 5.792986e-07
 9032.367373 -2.927076e-05 -4.411615e-07 -5.400546e-08 -5.070811e-07 -4.292740e-06 -7.831093e-04 -7.056683e-05 -1.404008e-06
 9033.514214 -2.925675e-05 -4.404734e-07 -5.480063e-08 -5.089704e-07 5.499438e-06 -7.620936e-04 -7.667764e-05 1.422483e-06
 9034.673248 -2.923289e-05 -4.398183e-07 -5.527225e-08 -5.113403e-07 3.371110e-06 -7.627096e-04 -8.118297e-05 9.906925e-06
 9035.844473 -2.922751e-05 -4.393585e-07 -5.559675e-08 -5.142574e-07 6.018104e-06 -7.638914e-04 -7.221733e-05 1.023217e-05
 9037.027890 -2.920516e-05 -4.387620e-07 -5.548615e-08 -5.167988e-07 1.321082e-05 -7.385032e-04 -5.469081e-05 2.801570e-06
 9038.223499 -2.915919e-05 -4.368829e-07 -5.470866e-08 -5.189939e-07 6.709396e-06 -7.432658e-04 -6.308238e-05 -3.641978e-06
 9039.431300 -2.915450e-05 -4.363439e-07 -5.412746e-08 -5.222176e-07 9.274353e-06 -7.404375e-04 -5.656921e-05 -2.614088e-06
 9040.651293 -2.910065e-05 -4.349154e-07 -5.346588e-08 -5.228531e-07 -8.285894e-07 -7.523285e-04 -5.692581e-05 -2.774066e-06
 9041.883478 -2.912102e-05 -4.347366e-07 -5.317489e-08 -5.257116e-07 -4.585763e-07 -7.594385e-04 -6.038919e-05 -1.146902e-05
 9043.127855 -2.912063e-05 -4.348629e-07 -5.333538e-08 -5.278934e-07 -1.108786e-05 -7.340389e-04 -6.498927e-05 -1.885348e-05
 9044.384423 -2.905075e-05 -4.326979e-07 -5.340995e-08 -5.268357e-07 -1.291388e-06 -7.190233e-04 -6.090005e-05 -1.070640e-05
 9045.653184 -2.902483e-05 -4.323715e-07 -5.353704e-08 -5.275829e-07 -6.745776e-06 -7.250094e-04 -6.158429e-05 -1.001482e-05
 9046.934136 -2.904299e-05 -4.327352e-07 -5.325756e-08 -5.301393e-07 -9.734835e-06 -7.464063e-04 -5.776991e-05 -2.078500e-06
 9048.227280 -2.903673e-05 -4.325822e-07 -5.282098e-08 -5.316191e-07 -1.799313e-06 -7.710129e-04 -5.603541e-05 5.359880e-07
 9049.532617 -2.901500e-05 -4.318957e-07 -5.202926e-08 -5.326939e-07 -1.144472e-05 -7.522838e-04 -5.852315e-05 -9.727739e-06
 9050.850145 -2.898911e-05 -4.321389e-07 -5.145772e-08 -5.337206e-07 -1.218339e-05 -7.508601e-04 -6.715784e-05 -1.421141e-05
 9052.179865 -2.899294e-05 -4.315753e-07 -5.105995e-08 -5.351179e-07 -1.862310e-05 -7.648935e-04 -7.332917e-05 -1.279890e-05
 9053.521777 -2.899376e-05 -4.311931e-07 -5.114579e-08 -5.358100e-07 -1.145789e-05 -7.649723e-04 -6.478249e-05 -1.101545e-05
 9054.875881 -2.898686e-05 -4.307698e-07 -5.098114e-08 -5.358877e-07 -5.588396e-06 -7.609686e-04 -5.543252e-05 -1.990629e-05
 9056.242177 -2.897039e-05 -4.302676e-07 -5.055251e-08 -5.355262e-07 4.677085e-06 -7.535987e-04 -6.402253e-05 -2.260361e-05
 9057.620664 -2.896235e-05 -4.303879e-07 -4.971963e-08 -5.356947e-07 2.194743e-07 -7.686233e-04 -6.798439e-05 -1.646408e-05
 9059.011344 -2.884828e-05 -4.291214e-07 -4.878347e-08 -5.332200e-07 -3.876164e-06 -7.601185e-04 -6.168024e-05 -1.298814e-05
 9060.414215 -2.868835e-05 -4.270148e-07 -4.787312e-08 -5.290394e-07 -6.877376e-06 -7.315307e-04 -6.068643e-05 -1.283074e-05
 9061.829279 -2.876948e-05 -4.264231e-07 -4.733725e-08 -5.293255e-07 -4.748024e-06 -7.282135e-04 -4.875703e-05 -1.610243e-05
 9063.256534 -2.885604e-05 -4.279912e-07 -4.714832e-08 -5.315453e-07 -3.568065e-06 -7.383285e-04 -5.418498e-05 -1.536111e-05
 9064.695981 -2.887048e-05 -4.281838e-07 -4.689793e-08 -5.321788e-07 9.181956e-06 -7.549209e-04 -5.834210e-05 -1.295854e-05
 9066.147620 -2.887707e-05 -4.280549e-07 -4.640882e-08 -5.326140e-07 2.024040e-05 -7.408461e-04 -6.509053e-05 -1.767287e-05
 9067.611452 -2.885211e-05 -4.273432e-07 -4.572339e-08 -5.319028e-07 2.368722e-05 -7.510518e-04 -7.146557e-05 -2.196418e-05
 9069.087475 -2.880447e-05 -4.263245e-07 -4.484083e-08 -5.301644e-07 2.574562e-05 -7.759795e-04 -5.754385e-05 -8.114182e-06
 9070.575689 -2.879716e-05 -4.267363e-07 -4.463746e-08 -5.311947e-07 1.481450e-05 -7.536643e-04 -6.167620e-05 -1.378681e-05
 9072.076096 -2.884464e-05 -4.287189e-07 -4.464696e-08 -5.339716e-07 1.605917e-05 -7.442768e-04 -5.945735e-05 -1.798410e-05
 9073.588695 -2.883927e-05 -4.285021e-07 -4.481837e-08 -5.349251e-07 8.492269e-06 -7.467474e-04 -4.922327e-05 -1.523438e-05
 9075.113485 -2.880462e-05 -4.282398e-07 -4.537209e-08 -5.342687e-07 8.432038e-06 -7.617880e-04 -4.103272e-05 -1.275542e-05
 9076.650468 -2.879178e-05 -4.278490e-07 -4.638503e-08 -5.345013e-07 4.094153e-06 -7.460571e-04 -4.967661e-05 -2.531267e-05
 9078.199642 -2.877508e-05 -4.277895e-07 -4.778100e-08 -5.342694e-07 3.096040e-06 -7.327695e-04 -5.048818e-05 -2.096282e-05
 9079.761009 -2.871208e-05 -4.254570e-07 -4.870068e-08 -5.317325e-07 3.543227e-06 -7.279184e-04 -4.963779e-05 -2.046417e-05
 9081.334567 -2.869316e-05 -4.249093e-07 -4.972440e-08 -5.315669e-07 2.188682e-06 -7.584922e-04 -5.992373e-05 -1.284054e-05
 9082.920317 -2.868377e-05 -4.263276e-07 -5.066809e-08 -5.327729e-07 -4.096770e-06 -7.791214e-04 -4.307384e-05 -7.995765e-06
 9084.518259 -2.866466e-05 -4.273390e-07 -5.168656e-08 -5.329082e-07 -5.180859e-06 -7.924083e-04 -4.505705e-05 -8.673084e-06
 9086.128393 -2.865921e-05 -4.267740e-07 -5.215599e-08 -5.335115e-07 -4.206648e-06 -7.776528e-04 -5.020863e-05 -5.925484e-06
 9087.750719 -2.868188e-05 -4.256552e-07 -5.227657e-08 -5.349567e-07 -8.631592e-07 -7.836394e-04 -3.827986e-05 4.874708e-06
 9089.385237 -2.869598e-05 -4.264343e-07 -5.271476e-08 -5.355243e-07 2.077335e-06 -8.099511e-04 -5.062166e-05 7.004874e-06
 9091.031946 -2.866665e-05 -4.261493e-07 -5.357774e-08 -5.346149e-07 -1.217710e-06 -8.164368e-04 -5.447150e-05 -7.581146e-06
 9092.690848 -2.862774e-05 -4.254682e-07 -5.490427e-08 -5.334895e-07 -1.057127e-07 -8.101417e-04 -6.297047e-05 -7.227988e-06
 9094.361942 -2.859193e-05 -4.247938e-07 -5.605870e-08 -5.322814e-07 5.503213e-07 -8.007185e-04 -5.986470e-05 -1.087301e-06
 9096.045227 -2.861579e-05 -4.267920e-07 -5.738994e-08 -5.336068e-07 1.076210e-05 -8.029704e-04 -5.809419e-05 6.040891e-07
 9097.740704 -2.867767e-05 -4.285271e-07 -5.796652e-08 -5.363641e-07 -8.262879e-07 -8.041476e-04 -5.059809e-05 -1.683900e-06
 9099.448374 -2.857886e-05 -4.257379e-07 -5.749502e-08 -5.328360e-07 2.645529e-06 -8.062295e-04 -6.104901e-05 -9.729683e-06
 9101.168235 -2.847632e-05 -4.228693e-07 -5.659041e-08 -5.295509e-07 9.209999e-06 -8.090750e-04 -6.284979e-05 -7.767742e-06
 9102.900288 -2.843799e-05 -4.218510e-07 -5.550792e-08 -5.284916e-07 1.107702e-05 -7.848778e-04 -5.535829e-05 -8.550322e-06
 9104.644533 -2.856839e-05 -4.270656e-07 -5.492063e-08 -5.330285e-07 7.592000e-06 -7.949103e-04 -6.701508e-05 -2.744391e-06
 9106.400970 -2.859683e-05 -4.271281e-07 -5.361504e-08 -5.343878e-07 5.728388e-06 -7.968137e-04 -6.624407e-05 2.653675e-06
 9108.169598 -2.855451e-05 -4.258464e-07 -5.256523e-08 -5.331757e-07 -4.340496e-06 -7.971893e-04 -6.647854e-05 1.291784e-06
 9109.950419 -2.858333e-05 -4.271153e-07 -5.219137e-08 -5.352741e-07 -2.563270e-06 -8.008713e-04 -6.547604e-05 -5.077506e-06
 9111.743432 -2.854835e-05 -4.255152e-07 -5.160546e-08 -5.354308e-07 9.754928e-06 -8.106400e-04 -6.821432e-05 -1.110564e-05
 9113.548636 -2.860532e-05 -4.278668e-07 -5.161179e-08 -5.380870e-07 1.072630e-05 -8.112316e-04 -6.804645e-05 -1.179562e-05
 9115.366032 -2.865558e-05 -4.286516e-07 -5.160923e-08 -5.409317e-07 6.561702e-06 -8.243714e-04 -6.651196e-05 -1.499768e-05
 9117.195621 -2.865848e-05 -4.296221e-07 -5.160034e-08 -5.423405e-07 1.458905e-05 -7.944463e-04 -6.927314e-05 -1.082061e-05
 9119.037401 -2.863738e-05 -4.285462e-07 -5.128291e-08 -5.425258e-07 8.470852e-06 -7.957930e-04 -5.863732e-05 -6.705861e-06
 9120.891373 -2.860769e-05 -4.282265e-07 -5.077859e-08 -5.428137e-07 -4.588763e-06 -8.048698e-04 -6.635550e-05 -5.385401e-06
 9122.757537 -2.863104e-05 -4.287414e-07 -4.985592e-08 -5.448638e-07 7.707771e-07 -8.104142e-04 -5.263462e-05 -1.567621e-05
 9124.635893 -2.864005e-05 -4.291706e-07 -4.833824e-08 -5.464198e-07 7.848983e-06 -7.985199e-04 -5.048082e-05 -6.913553e-06
 9126.526441 -2.860128e-05 -4.286945e-07 -4.681534e-08 -5.468169e-07 4.213671e-06 -7.986004e-04 -6.099441e-05 -1.485000e-05
 9128.429181 -2.846891e-05 -4.256463e-07 -4.544314e-08 -5.438211e-07 1.039721e-05 -7.847952e-04 -5.812811e-05 -1.513613e-05
 9130.344112 -2.841624e-05 -4.257779e-07 -4.477138e-08 -5.449139e-07 8.327449e-06 -7.761005e-04 -6.025036e-05 -1.236161e-05
 9132.271236 -2.852164e-05 -4.276962e-07 -4.476342e-08 -5.492223e-07 -2.233993e-06 -7.864455e-04 -6.506441e-05 -1.752641e-05
 9134.210552 -2.855089e-05 -4.283765e-07 -4.476280e-08 -5.513945e-07 1.798890e-06 -7.847695e-04 -6.897223e-05 -8.814896e-06
 9136.162059 -2.845870e-05 -4.261634e-07 -4.487741e-08 -5.494206e-07 7.895083e-06 -7.838011e-04 -6.742404e-05 -5.271534e-06
 9138.125758 -2.843438e-05 -4.251271e-07 -4.559165e-08 -5.501058e-07 -1.919359e-06 -7.633215e-04 -7.121676e-05 -7.351768e-06
 9140.101649 -2.853460e-05 -4.279928e-07 -4.677162e-08 -5.538219e-07 -8.772628e-06 -7.720439e-04 -7.019102e-05 -1.081440e-05
 9142.089733 -2.853653e-05 -4.267449e-07 -4.769764e-08 -5.543222e-07 -8.465920e-06 -8.034919e-04 -6.388288e-05 -6.941599e-06
 9144.090008 -2.854834e-05 -4.280607e-07 -4.934045e-08 -5.558665e-07 -7.218512e-06 -7.908681e-04 -7.937795e-05 -9.340436e-06
 9146.102475 -2.855263e-05 -4.277393e-07 -5.100278e-08 -5.565976e-07 -3.295009e-06 -7.713895e-04 -7.357149e-05 -4.558852e-06
 9148.127133 -2.852609e-05 -4.274442e-07 -5.303628e-08 -5.563558e-07 -2.870820e-06 -7.863024e-04 -6.767527e-05 6.967481e-06
 9150.163984 -2.850496e-05 -4.272503e-07 -5.519668e-08 -5.562534e-07 4.234263e-06 -7.701923e-04 -6.068294e-05 7.974240e-06
 9152.213027 -2.849171e-05 -4.272600e-07 -5.720076e-08 -5.561304e-07 8.485497e-06 -7.784796e-04 -7.173917e-05 -1.145479e-05
 9154.274261 -2.827545e-05 -4.251116e-07 -5.873970e-08 -5.527080e-07 7.397085e-06 -7.639614e-04 -5.772855e-05 -6.341376e-06
 9156.347688 -2.808709e-05 -4.219195e-07 -5.945350e-08 -5.501480e-07 3.207866e-06 -7.541280e-04 -5.320733e-05 -7.331439e-06
 9158.433306 -2.854080e-05 -4.293981e-07 -6.113034e-08 -5.588038e-07 1.090547e-05 -7.506367e-04 -5.172222e-05 -1.349742e-05
 9160.531117 -2.855089e-05 -4.298517e-07 -6.105457e-08 -5.599701e-07 1.273398e-05 -7.595285e-04 -4.520988e-05 -5.902381e-06
 9162.641119 -2.850901e-05 -4.285931e-07 -5.986838e-08 -5.592233e-07 2.240829e-06 -7.621300e-04 -4.131544e-05 2.571923e-06
 9164.763313 -2.849284e-05 -4.285102e-07 -5.818620e-08 -5.588606e-07 1.676909e-05 -7.615612e-04 -4.325054e-05 6.335368e-06
 9166.897699 -2.839308e-05 -4.258740e-07 -5.579208e-08 -5.561450e-07 8.947717e-06 -7.652449e-04 -3.840782e-05 -1.300878e-06
 9169.044277 -2.812324e-05 -4.208775e-07 -5.362083e-08 -5.509236e-07 1.169504e-05 -7.689437e-04 -4.833084e-05 -7.260556e-06
 9171.203047 -2.808969e-05 -4.239098e-07 -5.313472e-08 -5.511455e-07 6.507507e-06 -7.676433e-04 -4.593703e-05 -7.005899e-06
 9173.374008 -2.840740e-05 -4.282119e-07 -5.302753e-08 -5.595616e-07 -5.199730e-06 -7.376483e-04 -4.436048e-05 -3.749784e-06
 9175.557162 -2.849179e-05 -4.296962e-07 -5.292603e-08 -5.623461e-07 -1.481330e-07 -7.253091e-04 -5.447511e-05 -3.670589e-06
 9177.752508 -2.846594e-05 -4.291983e-07 -5.280659e-08 -5.618439e-07 3.660052e-06 -7.332548e-04 -5.592874e-05 -1.055259e-06
 9179.960045 -2.846869e-05 -4.293725e-07 -5.303046e-08 -5.626700e-07 6.209192e-06 -7.141079e-04 -5.963730e-05 -8.477098e-06
 9182.179775 -2.848241e-05 -4.293423e-07 -5.343898e-08 -5.639081e-07 -3.420800e-06 -7.108965e-04 -5.600823e-05 -1.103145e-05
 9184.411696 -2.851130e-05 -4.305862e-07 -5.378012e-08 -5.657619e-07 -4.416855e-06 -7.082557e-04 -6.227610e-05 -1.074123e-05
 9186.655809 -2.850223e-05 -4.300725e-07 -5.355848e-08 -5.670411e-07 1.175671e-06 -7.167772e-04 -5.635475e-05 -1.736556e-05
 9188.912114 -2.846949e-05 -4.293485e-07 -5.336418e-08 -5.671383e-07 5.886732e-06 -7.198627e-04 -7.005410e-05 -1.002034e-05
 9191.180611 -2.847359e-05 -4.289787e-07 -5.368758e-08 -5.676868e-07 1.621074e-05 -7.310020e-04 -6.690312e-05 -4.761992e-06
 9193.461300 -2.847531e-05 -4.303727e-07 -5.456739e-08 -5.687560e-07 1.473709e-05 -7.329233e-04 -6.397313e-05 8.891792e-08
 9195.754181 -2.846480e-05 -4.299707e-07 -5.492654e-08 -5.686599e-07 1.920592e-05 -7.325372e-04 -6.603701e-05 -5.342611e-06
 9198.059254 -2.847195e-05 -4.313324e-07 -5.483400e-08 -5.701533e-07 1.244799e-05 -7.349576e-04 -6.267180e-05 -6.403461e-06
 9200.376518 -2.850184e-05 -4.321107e-07 -5.396734e-08 -5.722421e-07 1.462448e-05 -7.309117e-04 -6.404849e-05 -2.008259e-06
 9202.705975 -2.847934e-05 -4.310705e-07 -5.264163e-08 -5.720956e-07 5.860191e-06 -6.930701e-04 -7.171941e-05 -1.675866e-06
 9205.047623 -2.847207e-05 -4.312791e-07 -5.184591e-08 -5.727019e-07 3.588140e-06 -6.915659e-04 -7.493526e-05 -3.966995e-06
 9207.401464 -2.845769e-05 -4.303919e-07 -5.118398e-08 -5.728087e-07 6.290312e-06 -7.090380e-04 -5.832976e-05 1.008895e-06
 9209.767496 -2.852473e-05 -4.327291e-07 -5.127115e-08 -5.762292e-07 1.821535e-05 -7.332407e-04 -4.754844e-05 2.097098e-06
 9212.145720 -2.854031e-05 -4.327293e-07 -5.143290e-08 -5.774975e-07 2.173078e-05 -7.322380e-04 -4.865130e-05 4.548584e-06
 9214.536136 -2.852214e-05 -4.335834e-07 -5.172163e-08 -5.774226e-07 1.341620e-05 -7.196434e-04 -4.480513e-05 5.970461e-06
 9216.938744 -2.848344e-05 -4.325401e-07 -5.197101e-08 -5.766980e-07 1.153239e-05 -7.276901e-04 -4.071145e-05 7.550075e-06
 9219.353544 -2.842557e-05 -4.311670e-07 -5.237682e-08 -5.753665e-07 9.528348e-06 -7.416847e-04 -4.860677e-05 1.784978e-05
 9221.780536 -2.850618e-05 -4.338014e-07 -5.338225e-08 -5.791931e-07 8.196885e-06 -7.479066e-04 -4.937738e-05 1.122451e-05
 9224.219720 -2.853815e-05 -4.346077e-07 -5.437947e-08 -5.810560e-07 6.466642e-06 -7.370765e-04 -5.132846e-05 -5.139625e-06
 9226.671096 -2.853789e-05 -4.351731e-07 -5.570370e-08 -5.820414e-07 4.005969e-07 -7.468837e-04 -7.458215e-05 -1.755615e-05
 9229.134663 -2.856205e-05 -4.355124e-07 -5.717756e-08 -5.833720e-07 1.149421e-05 -7.728991e-04 -7.472902e-05 -5.467027e-07
 9231.610423 -2.858029e-05 -4.354522e-07 -5.830949e-08 -5.845215e-07 1.468338e-05 -7.684610e-04 -6.970006e-05 -3.349333e-06
 9234.098374 -2.859944e-05 -4.369954e-07 -5.940063e-08 -5.861280e-07 1.869062e-05 -7.736780e-04 -7.364122e-05 -4.807935e-06
 9236.598517 -2.861271e-05 -4.372203e-07 -6.005721e-08 -5.872821e-07 2.315332e-05 -7.820453e-04 -7.589179e-05 -2.633112e-06
 9239.110852 -2.861391e-05 -4.382376e-07 -6.054634e-08 -5.880798e-07 2.477282e-05 -7.824576e-04 -6.663801e-05 -4.036514e-06
 9241.635380 -2.859134e-05 -4.373696e-07 -6.049360e-08 -5.884548e-07 2.134134e-05 -7.528788e-04 -5.755816e-05 -1.328902e-05
 9244.172099 -2.855676e-05 -4.364565e-07 -6.017332e-08 -5.882293e-07 1.886989e-05 -7.551941e-04 -6.356018e-05 -1.526875e-05
 9246.721009 -2.855021e-05 -4.371658e-07 -6.029491e-08 -5.891249e-07 1.657201e-05 -7.608794e-04 -6.217609e-05 -1.430401e-05
 9249.282112 -2.860486e-05 -4.398743e-07 -6.049855e-08 -5.921959e-07 7.028315e-06 -7.589342e-04 -6.398517e-05 -4.309039e-06
 9251.855407 -2.862207e-05 -4.413302e-07 -6.088686e-08 -5.934771e-07 1.177573e-05 -7.729974e-04 -6.080438e-05 -9.200932e-06
 9254.440894 -2.861950e-05 -4.415805e-07 -6.102565e-08 -5.938154e-07 1.894851e-05 -7.621784e-04 -6.571532e-05 -4.651730e-06
 9257.038572 -2.864454e-05 -4.418589e-07 -6.079524e-08 -5.947765e-07 1.371451e-05 -7.790683e-04 -5.652725e-05 1.602671e-06
 9259.648443 -2.863935e-05 -4.420724e-07 -6.059516e-08 -5.955694e-07 1.027925e-05 -7.797137e-04 -5.041272e-05 -3.818166e-06
 9262.270505 -2.864013e-05 -4.422589e-07 -6.035279e-08 -5.961576e-07 1.210427e-05 -7.908712e-04 -5.280358e-05 2.690536e-06
 9264.904759 -2.860667e-05 -4.418110e-07 -5.992999e-08 -5.956745e-07 5.050399e-06 -7.749892e-04 -5.516723e-05 5.999868e-06
 9267.551205 -2.858944e-05 -4.418142e-07 -5.965499e-08 -5.960092e-07 1.076338e-05 -7.634653e-04 -6.124533e-05 6.317791e-06
 9270.209844 -2.854742e-05 -4.396102e-07 -5.876794e-08 -5.948419e-07 5.640717e-06 -7.803775e-04 -5.415587e-05 -3.323240e-06
 9272.880674 -2.865731e-05 -4.442911e-07 -5.906941e-08 -5.999406e-07 2.946291e-06 -7.839509e-04 -5.803230e-05 -6.162475e-06
 9275.563696 -2.874508e-05 -4.479610e-07 -5.933745e-08 -6.041874e-07 2.116826e-06 -7.958702e-04 -5.977460e-05 -1.012029e-06
 9278.258909 -2.870849e-05 -4.458145e-07 -5.920231e-08 -6.031189e-07 1.224198e-06 -7.943174e-04 -6.711543e-05 -7.636834e-06
 9280.966315 -2.864303e-05 -4.443714e-07 -5.899836e-08 -6.009383e-07 -7.794194e-07 -8.042319e-04 -5.988336e-05 -6.115940e-06
 9283.685913 -2.870584e-05 -4.466961e-07 -5.926406e-08 -6.038655e-07 -4.788649e-06 -7.865828e-04 -6.018380e-05 -2.193397e-05
 9286.417702 -2.865443e-05 -4.449730e-07 -5.890298e-08 -6.026120e-07 1.060813e-05 -7.886461e-04 -6.733894e-05 -2.243306e-05
 9289.161684 -2.865460e-05 -4.470372e-07 -5.916362e-08 -6.044861e-07 1.294208e-05 -7.895669e-04 -6.594747e-05 -1.318935e-05
 9291.917857 -2.877918e-05 -4.507791e-07 -5.965720e-08 -6.095910e-07 1.827184e-05 -7.858988e-04 -5.540062e-05 -1.361519e-05
 9294.686222 -2.885970e-05 -4.528400e-07 -5.997521e-08 -6.125023e-07 2.090670e-05 -7.718668e-04 -5.770089e-05 -1.424982e-05
 9297.466780 -2.876992e-05 -4.509956e-07 -5.983776e-08 -6.109669e-07 2.330740e-05 -7.704254e-04 -5.007244e-05 -1.063749e-05
 9300.259529 -2.864419e-05 -4.497184e-07 -5.985663e-08 -6.087646e-07 2.826616e-05 -7.946529e-04 -5.010558e-05 -1.409938e-05
 9303.064470 -2.884855e-05 -4.527003e-07 -6.083528e-08 -6.145776e-07 1.629742e-05 -8.126112e-04 -4.691193e-05 -1.219146e-05
 9305.881602 -2.892280e-05 -4.556618e-07 -6.181233e-08 -6.187983e-07 1.259182e-05 -7.974010e-04 -5.103629e-05 -9.024205e-06
 9308.710927 -2.891708e-05 -4.572693e-07 -6.242552e-08 -6.205841e-07 1.311352e-05 -7.738474e-04 -4.714639e-05 -7.181329e-06
 9311.552444 -2.893134e-05 -4.559080e-07 -6.273866e-08 -6.209323e-07 2.251976e-05 -7.808055e-04 -3.718461e-05 -2.692832e-06
 9314.406153 -2.898532e-05 -4.580639e-07 -6.350484e-08 -6.232530e-07 2.452100e-05 -8.050708e-04 -3.740998e-05 -1.270886e-05
 9317.272053 -2.903344e-05 -4.606282e-07 -6.429607e-08 -6.257645e-07 6.934447e-06 -8.087044e-04 -4.927397e-05 -8.681812e-07
 9320.150146 -2.906508e-05 -4.614766e-07 -6.485096e-08 -6.276841e-07 1.032033e-06 -7.900273e-04 -5.207494e-05 -1.023494e-05
 9323.040430 -2.905608e-05 -4.622030e-07 -6.514071e-08 -6.289222e-07 -7.052877e-06 -7.926785e-04 -5.269696e-05 -5.853053e-06
 9325.942906 -2.892618e-05 -4.604313e-07 -6.490004e-08 -6.271267e-07 3.002431e-07 -7.826006e-04 -6.194717e-05 -1.677721e-06
 9328.857574 -2.913026e-05 -4.639562e-07 -6.565512e-08 -6.324339e-07 9.266109e-06 -7.722070e-04 -6.705126e-05 -2.195357e-07
 9331.784435 -2.911669e-05 -4.646705e-07 -6.596414e-08 -6.326925e-07 1.052679e-05 -7.607732e-04 -7.014256e-05 2.060851e-06
 9334.723487 -2.913716e-05 -4.647713e-07 -6.639609e-08 -6.336795e-07 1.330116e-05 -7.487765e-04 -6.164714e-05 -3.962933e-06
 9337.674730 -2.917537e-05 -4.655240e-07 -6.683025e-08 -6.343793e-07 1.356256e-05 -7.550484e-04 -5.563752e-05 -1.029768e-05
 9340.638166 -2.925011e-05 -4.691091e-07 -6.806964e-08 -6.382944e-07 1.242372e-05 -7.620356e-04 -4.826005e-05 -1.699190e-05
 9343.613794 -2.929004e-05 -4.708780e-07 -6.885446e-08 -6.406665e-07 1.608495e-05 -7.374645e-04 -5.878528e-05 -1.536613e-05
 9346.601614 -2.932346e-05 -4.722263e-07 -6.912610e-08 -6.418866e-07 2.052886e-05 -7.444258e-04 -5.367484e-05 -1.320959e-05
 9349.601625 -2.938706e-05 -4.742777e-07 -6.933741e-08 -6.450484e-07 1.609128e-05 -7.588331e-04 -5.118207e-05 -3.230930e-06
 9352.613829 -2.939556e-05 -4.756479e-07 -6.936526e-08 -6.468485e-07 2.545001e-05 -7.642385e-04 -4.693164e-05 -3.595417e-06
 9355.638224 -2.943000e-05 -4.772462e-07 -6.957359e-08 -6.486327e-07 2.913602e-05 -7.707066e-04 -5.470782e-05 -1.182314e-05
 9358.674811 -2.946571e-05 -4.786066e-07 -6.963871e-08 -6.504783e-07 1.770026e-05 -7.684054e-04 -5.692319e-05 -3.564988e-06
 9361.723590 -2.950709e-05 -4.803800e-07 -6.959584e-08 -6.522818e-07 1.281405e-05 -7.916225e-04 -5.828165e-05 -2.008886e-06
 9364.784561 -2.951875e-05 -4.813865e-07 -6.966659e-08 -6.533846e-07 9.340750e-06 -7.966883e-04 -4.420411e-05 -6.615731e-06
 9367.857724 -2.953670e-05 -4.821877e-07 -6.986442e-08 -6.550142e-07 1.580652e-05 -7.998001e-04 -3.602217e-05 -1.031738e-05
 9370.943079 -2.956585e-05 -4.828139e-07 -6.994695e-08 -6.567837e-07 1.727091e-05 -7.884100e-04 -4.350263e-05 -8.838934e-06
 9374.040626 -2.960787e-05 -4.839070e-07 -6.979122e-08 -6.582943e-07 1.414567e-05 -8.029026e-04 -5.445798e-05 -1.631219e-05
 9377.150365 -2.962505e-05 -4.847705e-07 -6.998733e-08 -6.586512e-07 3.758929e-06 -7.893854e-04 -5.197529e-05 -2.594206e-05
 9380.272295 -2.967260e-05 -4.868685e-07 -7.034024e-08 -6.612824e-07 1.043420e-05 -7.692186e-04 -5.826149e-05 -2.208382e-05
 9383.406418 -2.974227e-05 -4.896275e-07 -7.077311e-08 -6.656151e-07 1.303783e-05 -7.878696e-04 -5.405525e-05 -1.748759e-05
 9386.552732 -2.972823e-05 -4.898874e-07 -7.046289e-08 -6.664541e-07 1.033885e-05 -7.916718e-04 -5.034487e-05 -1.742089e-05
 9389.711239 -2.972878e-05 -4.899809e-07 -7.068401e-08 -6.661528e-07 7.340475e-06 -7.737242e-04 -5.150568e-05 -1.502079e-05
 9392.881937 -2.977606e-05 -4.912973e-07 -7.097257e-08 -6.678184e-07 1.279278e-05 -7.582022e-04 -4.129707e-05 -3.656775e-06
 9396.064827 -2.976229e-05 -4.905975e-07 -7.090377e-08 -6.674070e-07 1.972391e-05 -7.646373e-04 -5.950329e-05 -3.143753e-06
 9399.259909 -2.987810e-05 -4.961312e-07 -7.189248e-08 -6.735018e-07 1.569757e-05 -7.748591e-04 -6.165012e-05 -1.947147e-05
 9402.467183 -2.994400e-05 -4.991100e-07 -7.297005e-08 -6.771972e-07 1.715105e-05 -7.526210e-04 -4.381371e-05 -1.874423e-05
 9405.686649 -2.997954e-05 -5.003407e-07 -7.348437e-08 -6.791564e-07 1.664015e-05 -7.537028e-04 -3.321307e-05 -1.865024e-05
 9408.918307 -3.002232e-05 -5.025292e-07 -7.400766e-08 -6.817269e-07 1.581518e-05 -7.543449e-04 -3.788095e-05 -3.224428e-05
 9412.162157 -3.008275e-05 -5.048723e-07 -7.460569e-08 -6.844861e-07 2.139019e-05 -7.681151e-04 -4.426485e-05 -3.898197e-05
 9415.418198 -3.012124e-05 -5.065781e-07 -7.535887e-08 -6.868019e-07 1.765651e-05 -7.726068e-04 -4.861038e-05 -2.357304e-05
 9418.686432 -3.013068e-05 -5.070811e-07 -7.584216e-08 -6.876356e-07 1.396932e-05 -7.783399e-04 -4.618594e-05 -2.180434e-06
 9421.966857 -2.991494e-05 -5.020140e-07 -7.532970e-08 -6.810834e-07 1.129775e-05 -7.685101e-04 -5.070434e-05 -1.330823e-05
 9425.259474 -3.006549e-05 -5.078183e-07 -7.680544e-08 -6.871717e-07 8.299459e-06 -7.578162e-04 -4.574630e-05 -1.446993e-05
 9428.564284 -3.027537e-05 -5.132787e-07 -7.781411e-08 -6.945862e-07 1.025972e-05 -7.411665e-04 -5.059628e-05 -8.614561e-06
 9431.881285 -3.029778e-05 -5.145049e-07 -7.782140e-08 -6.951756e-07 1.363163e-05 -7.447215e-04 -5.604285e-05 -7.517609e-06
 9435.210478 -3.033755e-05 -5.168182e-07 -7.794850e-08 -6.979711e-07 1.441941e-05 -7.317748e-04 -5.664258e-05 -7.217924e-06
 9438.551863 -3.041172e-05 -5.196019e-07 -7.887544e-08 -7.016800e-07 8.943905e-06 -7.335581e-04 -4.992269e-05 -1.131039e-05
 9441.905440 -3.040450e-05 -5.191697e-07 -7.938202e-08 -7.012517e-07 1.915783e-05 -7.409280e-04 -6.186562e-05 -1.955283e-05
 9445.271209 -3.044931e-05 -5.215260e-07 -7.991827e-08 -7.032583e-07 1.987637e-05 -7.606153e-04 -5.518956e-05 -1.869591e-05
 9448.649169 -3.046852e-05 -5.229542e-07 -8.027833e-08 -7.051730e-07 1.863731e-05 -7.651995e-04 -6.069250e-05 -2.554014e-05
 9452.039322 -3.055983e-05 -5.269572e-07 -8.134210e-08 -7.101199e-07 2.265417e-05 -7.512344e-04 -6.059423e-05 -1.588673e-05
 9455.441666 -3.061181e-05 -5.290883e-07 -8.200908e-08 -7.131454e-07 1.226645e-05 -7.426759e-04 -6.398711e-05 -1.613211e-05
 9458.856203 -3.063868e-05 -5.300842e-07 -8.239044e-08 -7.146619e-07 7.702854e-06 -7.520696e-04 -5.690864e-05 -1.326034e-05
 9462.282931 -3.061941e-05 -5.305110e-07 -8.278988e-08 -7.144990e-07 1.084998e-05 -7.770853e-04 -5.244376e-05 -1.245056e-05
 9465.721851 -3.061501e-05 -5.314068e-07 -8.315546e-08 -7.154079e-07 1.649046e-05 -7.852818e-04 -5.067970e-05 -1.081153e-05
 9469.172964 -3.067765e-05 -5.339789e-07 -8.341615e-08 -7.190254e-07 2.462873e-05 -7.798958e-04 -5.686209e-05 -9.332910e-06
 9472.636268 -3.073690e-05 -5.364109e-07 -8.369905e-08 -7.218651e-07 2.336901e-05 -7.677834e-04 -5.837040e-05 -1.126792e-05
 9476.111764 -3.074122e-05 -5.365465e-07 -8.396521e-08 -7.221026e-07 6.116570e-06 -7.590745e-04 -4.884040e-05 -9.451508e-06
 9479.599451 -3.075833e-05 -5.383182e-07 -8.441439e-08 -7.236927e-07 5.319694e-06 -7.457286e-04 -4.833649e-05 -1.663052e-05
 9483.099331 -3.081309e-05 -5.416055e-07 -8.490841e-08 -7.278466e-07 1.067156e-05 -7.630441e-04 -5.442259e-05 -2.043936e-05
 9486.611403 -3.087577e-05 -5.444509e-07 -8.539068e-08 -7.314736e-07 1.641673e-05 -7.435657e-04 -5.204188e-05 -1.186635e-05
 9490.135666 -3.089156e-05 -5.458591e-07 -8.563803e-08 -7.326753e-07 7.335981e-06 -7.568482e-04 -5.493188e-05 -7.378151e-06
 9493.672122 -3.091695e-05 -5.472166e-07 -8.579961e-08 -7.347803e-07 6.463828e-06 -7.648322e-04 -5.804915e-05 -8.953373e-06
 9497.220769 -3.090762e-05 -5.475763e-07 -8.608278e-08 -7.356968e-07 3.106730e-06 -7.842880e-04 -6.366455e-05 -6.345173e-06
 9500.781609 -3.088403e-05 -5.492924e-07 -8.660962e-08 -7.372132e-07 7.273209e-06 -7.931526e-04 -6.001271e-05 -3.724221e-06
 9504.354640 -3.082492e-05 -5.490319e-07 -8.641643e-08 -7.361993e-07 1.415307e-05 -7.854705e-04 -6.167928e-05 -7.443775e-06
 9507.939863 -3.100154e-05 -5.536353e-07 -8.693112e-08 -7.413268e-07 4.277460e-06 -7.791500e-04 -5.883051e-05 -1.002191e-05
 9511.537278 -3.108940e-05 -5.581251e-07 -8.789440e-08 -7.465306e-07 5.294158e-06 -7.836394e-04 -5.244307e-05 -6.311441e-06
 9515.146885 -3.114236e-05 -5.605359e-07 -8.873122e-08 -7.498481e-07 9.202726e-06 -7.639162e-04 -6.115594e-05 -9.795987e-06
 9518.768684 -3.116324e-05 -5.620643e-07 -8.914177e-08 -7.514380e-07 -1.077958e-06 -7.647031e-04 -6.112904e-05 -4.238684e-06
 9522.402675 -3.118108e-05 -5.638296e-07 -8.960392e-08 -7.528560e-07 -3.062729e-06 -7.769720e-04 -6.098209e-05 6.843364e-06
 9526.048857 -3.125108e-05 -5.674764e-07 -9.041935e-08 -7.569566e-07 -3.774254e-06 -7.704343e-04 -6.218891e-05 -2.998870e-06
 9529.707232 -3.127671e-05 -5.701831e-07 -9.134707e-08 -7.589575e-07 3.555296e-06 -7.627875e-04 -6.137831e-05 -4.493811e-06
 9533.377799 -3.127538e-05 -5.710974e-07 -9.202262e-08 -7.594700e-07 2.366843e-06 -7.775527e-04 -5.311093e-05 -3.376500e-06
 9537.060557 -3.124567e-05 -5.715550e-07 -9.250107e-08 -7.597742e-07 4.434740e-06 -7.759958e-04 -4.239972e-05 -1.443274e-06
 9540.755507 -3.105430e-05 -5.683377e-07 -9.199891e-08 -7.539871e-07 3.019795e-06 -7.885433e-04 -4.144102e-05 -4.203049e-06
 9544.462650 -3.138815e-05 -5.774516e-07 -9.356334e-08 -7.649329e-07 1.265028e-05 -8.019751e-04 -5.440666e-05 -1.072803e-05
 9548.181984 -3.150887e-05 -5.833014e-07 -9.487912e-08 -7.712634e-07 8.979095e-06 -7.908902e-04 -5.544044e-05 -5.586264e-06
 9551.913510 -3.149682e-05 -5.848643e-07 -9.547999e-08 -7.712979e-07 1.654654e-05 -7.664629e-04 -5.639551e-05 -5.846235e-06
 9555.657228 -3.152596e-05 -5.878700e-07 -9.605052e-08 -7.738144e-07 1.389611e-05 -7.715293e-04 -6.052588e-05 -2.486406e-06
 9559.413138 -3.151097e-05 -5.896132e-07 -9.648379e-08 -7.747026e-07 1.110597e-05 -7.627463e-04 -7.100775e-05 -8.513066e-07
 9563.181239 -3.154710e-05 -5.926344e-07 -9.707193e-08 -7.784133e-07 5.253994e-06 -7.560804e-04 -5.796485e-05 -6.164873e-07
 9566.961533 -3.159936e-05 -5.953939e-07 -9.779661e-08 -7.809677e-07 2.852870e-06 -7.500305e-04 -7.363423e-05 -1.006225e-05
 9570.754019 -3.162606e-05 -5.986359e-07 -9.886350e-08 -7.839773e-07 1.002373e-05 -7.587871e-04 -7.221213e-05 -5.422151e-06
 9574.558696 -3.158943e-05 -5.965466e-07 -9.870818e-08 -7.823429e-07 1.176705e-05 -7.692924e-04 -6.391947e-05 -2.384203e-06
 9578.375565 -3.163220e-05 -5.986358e-07 -9.900188e-08 -7.850533e-07 -1.446902e-06 -7.573951e-04 -6.951765e-05 3.960158e-06
 9582.204627 -3.176403e-05 -6.055160e-07 -1.003426e-07 -7.927992e-07 2.174835e-06 -7.588345e-04 -6.943197e-05 -2.358759e-06
 9586.045880 -3.181789e-05 -6.085362e-07 -1.014568e-07 -7.966071e-07 -7.533799e-07 -7.979184e-04 -6.330361e-05 -1.092835e-05
 9589.899325 -3.179057e-05 -6.097589e-07 -1.020567e-07 -7.961131e-07 7.703526e-06 -7.889318e-04 -5.026567e-05 -6.166481e-06
 9593.764962 -3.175387e-05 -6.101440e-07 -1.021930e-07 -7.958955e-07 7.589052e-06 -7.881524e-04 -3.676545e-05 3.613312e-07
 9597.642791 -3.179197e-05 -6.133798e-07 -1.028034e-07 -7.989212e-07 8.400806e-06 -8.036062e-04 -2.966598e-05 9.568807e-06
 9601.532812 -3.184492e-05 -6.165574e-07 -1.034445e-07 -8.025072e-07 6.899634e-06 -8.148879e-04 -4.074541e-05 -2.657565e-07
 9605.435025 -3.179194e-05 -6.159906e-07 -1.036635e-07 -8.008812e-07 7.376750e-06 -8.042993e-04 -4.037689e-05 -8.041157e-06
 9609.349429 -3.176897e-05 -6.166524e-07 -1.039688e-07 -8.011647e-07 3.059968e-07 -7.833516e-04 -4.555830e-05 -3.797281e-06
 9613.276026 -3.185706e-05 -6.214082e-07 -1.046862e-07 -8.066730e-07 9.211205e-06 -7.864086e-04 -5.288877e-05 -9.092709e-07
 9617.214814 -3.191915e-05 -6.258688e-07 -1.055722e-07 -8.113932e-07 -6.586892e-07 -7.763092e-04 -4.636252e-05 -8.338656e-07
 9621.165795 -3.192871e-05 -6.284898e-07 -1.063278e-07 -8.126389e-07 -3.744856e-06 -7.970146e-04 -4.474826e-05 1.909380e-06
 9625.128967 -3.192609e-05 -6.296589e-07 -1.067737e-07 -8.134131e-07 -2.162311e-06 -7.931369e-04 -4.815404e-05 6.098939e-06
 9629.104331 -3.192543e-05 -6.312004e-07 -1.074973e-07 -8.153636e-07 -4.196807e-06 -7.974336e-04 -4.625646e-05 -2.286757e-06
 9633.091888 -3.196960e-05 -6.351810e-07 -1.083837e-07 -8.195418e-07 7.651547e-07 -7.690289e-04 -5.990906e-05 -3.763432e-06
 9637.091636 -3.200450e-05 -6.371696e-07 -1.086524e-07 -8.224973e-07 1.446067e-05 -7.699863e-04 -5.600098e-05 1.900476e-06
 9641.103575 -3.197781e-05 -6.381048e-07 -1.089888e-07 -8.221278e-07 1.567197e-05 -7.758910e-04 -5.477538e-05 1.022727e-05
 9645.127707 -3.201149e-05 -6.414368e-07 -1.098743e-07 -8.246683e-07 1.858343e-05 -7.623791e-04 -4.834003e-05 2.483667e-05
 9649.164031 -3.202539e-05 -6.442898e-07 -1.104512e-07 -8.269966e-07 1.150533e-05 -7.600536e-04 -4.393380e-05 1.724092e-05
 9653.212547 -3.205710e-05 -6.470535e-07 -1.111159e-07 -8.309555e-07 1.023719e-05 -7.582237e-04 -3.538347e-05 1.550855e-05
 9657.273254 -3.205922e-05 -6.493040e-07 -1.116239e-07 -8.322402e-07 1.372377e-05 -7.581264e-04 -3.651079e-05 1.266390e-05
 9661.346154 -3.203889e-05 -6.514208e-07 -1.126647e-07 -8.331695e-07 1.183736e-05 -7.720003e-04 -5.001943e-05 1.104773e-05
 9665.431245 -3.197111e-05 -6.524725e-07 -1.133853e-07 -8.336289e-07 2.377801e-05 -7.778642e-04 -4.389340e-05 1.376442e-05
 9669.528529 -3.204233e-05 -6.561791e-07 -1.141825e-07 -8.369395e-07 1.502725e-05 -7.870822e-04 -4.994004e-05 2.087851e-05
 9673.638004 -3.201586e-05 -6.575750e-07 -1.147336e-07 -8.369402e-07 1.110152e-05 -7.753800e-04 -5.586509e-05 2.806949e-05
 9677.759671 -3.193208e-05 -6.564970e-07 -1.146071e-07 -8.347124e-07 1.285069e-05 -7.688536e-04 -5.071959e-05 2.686146e-05
 9681.893530 -3.194359e-05 -6.594098e-07 -1.153915e-07 -8.368361e-07 1.211194e-05 -7.445085e-04 -4.934432e-05 2.562429e-05
 9686.039581 -3.200177e-05 -6.647533e-07 -1.167991e-07 -8.413737e-07 3.144178e-06 -7.195701e-04 -4.485110e-05 2.085558e-05
 9690.197824 -3.212019e-05 -6.717904e-07 -1.183615e-07 -8.489292e-07 2.214883e-06 -7.194831e-04 -4.194194e-05 1.482564e-05
 9694.368258 -3.215162e-05 -6.747956e-07 -1.191533e-07 -8.525234e-07 5.057382e-06 -7.166156e-04 -4.705148e-05 1.988055e-05
 9698.550885 -3.216490e-05 -6.773026e-07 -1.197231e-07 -8.555166e-07 7.494593e-06 -7.208606e-04 -4.823204e-05 1.825917e-05
 9702.745704 -3.216410e-05 -6.793481e-07 -1.205212e-07 -8.573066e-07 2.063651e-06 -7.056225e-04 -5.119580e-05 -3.394399e-06
 9706.952714 -3.213800e-05 -6.809030e-07 -1.211255e-07 -8.581635e-07 1.923972e-06 -7.014912e-04 -5.196533e-05 -4.946409e-06
 9711.171916 -3.208591e-05 -6.815891e-07 -1.212383e-07 -8.584684e-07 -6.701237e-06 -7.429348e-04 -5.012335e-05 -9.497652e-06
 9715.403311 -3.206107e-05 -6.808034e-07 -1.216994e-07 -8.566579e-07 1.177262e-05 -7.344595e-04 -5.074715e-05 -3.854869e-06
 9719.646897 -3.213520e-05 -6.858594e-07 -1.230169e-07 -8.627226e-07 1.236946e-05 -7.408640e-04 -5.073501e-05 7.906408e-06
 9723.902675 -3.214033e-05 -6.885535e-07 -1.236759e-07 -8.652205e-07 1.177992e-05 -7.553944e-04 -6.070285e-05 1.486003e-05
 9728.170645 -3.212432e-05 -6.895732e-07 -1.238914e-07 -8.665348e-07 5.946246e-06 -7.456757e-04 -5.763048e-05 1.047606e-05
 9732.450807 -3.205083e-05 -6.886250e-07 -1.241256e-07 -8.651287e-07 3.471995e-06 -7.527463e-04 -4.832375e-05 2.741461e-05
 9736.743161 -3.205770e-05 -6.904907e-07 -1.245926e-07 -8.673830e-07 7.883620e-06 -7.316424e-04 -5.425804e-05 3.941412e-05
 9741.047707 -3.207991e-05 -6.927734e-07 -1.251784e-07 -8.703823e-07 7.938691e-06 -7.197424e-04 -5.710327e-05 4.884213e-05
 9745.364444 -3.193671e-05 -6.893043e-07 -1.251244e-07 -8.647056e-07 1.130040e-05 -7.325677e-04 -4.657561e-05 3.725394e-05
 9749.693374 -3.202731e-05 -6.957795e-07 -1.265521e-07 -8.710764e-07 1.096873e-05 -7.278842e-04 -4.627504e-05 1.578598e-05
 9754.034495 -3.205068e-05 -6.996078e-07 -1.274762e-07 -8.746984e-07 6.237521e-06 -7.087493e-04 -5.540654e-05 8.091191e-06
 9758.387809 -3.206541e-05 -7.020946e-07 -1.281495e-07 -8.781195e-07 7.972329e-06 -7.213001e-04 -5.761298e-05 -6.586907e-07
 9762.753314 -3.208531e-05 -7.050799e-07 -1.289595e-07 -8.821709e-07 1.355653e-05 -7.255082e-04 -5.276265e-05 -1.044989e-06
 9767.131011 -3.208210e-05 -7.064879e-07 -1.290863e-07 -8.843312e-07 1.027263e-05 -7.460789e-04 -4.439605e-05 1.288910e-06
 9771.520900 -3.201201e-05 -7.053961e-07 -1.295009e-07 -8.824448e-07 1.320978e-05 -7.533955e-04 -4.787281e-05 2.575511e-06
 9775.922981 -3.178947e-05 -6.987220e-07 -1.284910e-07 -8.736770e-07 1.614007e-05 -7.620440e-04 -4.247393e-05 1.076603e-05
 9780.337254 -3.172509e-05 -7.001813e-07 -1.290303e-07 -8.748810e-07 1.003349e-05 -7.774899e-04 -3.769972e-05 7.044121e-06
 9784.763719 -3.177839e-05 -7.053389e-07 -1.305067e-07 -8.790865e-07 1.857943e-05 -7.699862e-04 -4.151750e-05 9.366001e-06
 9789.202376 -3.188042e-05 -7.106581e-07 -1.315638e-07 -8.850814e-07 2.211619e-05 -7.818458e-04 -4.820009e-05 9.144164e-06
 9793.653224 -3.178766e-05 -7.112760e-07 -1.318892e-07 -8.863030e-07 2.509133e-05 -7.870090e-04 -4.078997e-05 9.063969e-06
 9798.116265 -3.193345e-05 -7.162886e-07 -1.333243e-07 -8.934052e-07 1.530475e-05 -7.813488e-04 -4.482846e-05 5.946959e-06
 9802.591497 -3.186269e-05 -7.160690e-07 -1.333290e-07 -8.913949e-07 5.204976e-06 -7.855929e-04 -5.948729e-05 1.397377e-06
 9807.078922 -3.190034e-05 -7.208747e-07 -1.346485e-07 -8.960299e-07 -1.826045e-07 -7.855477e-04 -5.510993e-05 -7.552057e-06
 9811.578538 -3.184737e-05 -7.204316e-07 -1.348740e-07 -8.953557e-07 -4.836154e-07 -7.982025e-04 -5.906960e-05 -6.222625e-06
 9816.090346 -3.175352e-05 -7.194971e-07 -1.347399e-07 -8.933421e-07 2.953734e-06 -8.131233e-04 -5.707105e-05 1.062535e-06
 9820.614346 -3.179632e-05 -7.242408e-07 -1.362345e-07 -8.987722e-07 6.337474e-06 -8.055174e-04 -5.203961e-05 9.967493e-06
 9825.150538 -3.176629e-05 -7.271088e-07 -1.367782e-07 -9.015928e-07 1.074427e-05 -7.904628e-04 -4.685708e-05 1.573674e-05
 9829.698922 -3.151759e-05 -7.231708e-07 -1.363150e-07 -8.976202e-07 1.668039e-05 -7.751620e-04 -3.895222e-05 1.925715e-05
 9834.259498 -3.155284e-05 -7.266090e-07 -1.376699e-07 -8.994534e-07 2.102856e-05 -7.767652e-04 -4.081535e-05 6.697801e-06
 9838.832266 -3.163741e-05 -7.317301e-07 -1.390347e-07 -9.037985e-07 1.283979e-05 -7.768103e-04 -3.184189e-05 -4.219104e-06
 9843.417226 -3.161098e-05 -7.315766e-07 -1.390853e-07 -9.013051e-07 1.205496e-05 -7.901229e-04 -4.287362e-05 1.182783e-06
 9848.014377 -3.164426e-05 -7.361580e-07 -1.404100e-07 -9.051282e-07 1.188148e-05 -7.642512e-04 -4.581316e-05 1.300377e-05
 9852.623721 -3.168314e-05 -7.399581e-07 -1.417004e-07 -9.098695e-07 1.189989e-05 -7.652767e-04 -4.158247e-05 1.940931e-05
 9857.245256 -3.169846e-05 -7.432448e-07 -1.424864e-07 -9.139055e-07 1.537460e-05 -7.682743e-04 -3.885114e-05 1.226763e-05
 9861.878983 -3.160962e-05 -7.435168e-07 -1.427879e-07 -9.121107e-07 9.185113e-06 -7.790846e-04 -4.194195e-05 1.035595e-05
 9866.524902 -3.163881e-05 -7.482290e-07 -1.441287e-07 -9.171462e-07 6.315242e-06 -7.605598e-04 -3.042896e-05 1.297926e-05
 9871.183013 -3.161387e-05 -7.507690e-07 -1.450782e-07 -9.189472e-07 9.101428e-06 -7.360724e-04 -3.404981e-05 6.823158e-06
 9875.853316 -3.155833e-05 -7.522060e-07 -1.453464e-07 -9.187407e-07 8.424716e-06 -7.456869e-04 -3.507656e-05 3.783392e-06
 9880.535811 -3.158391e-05 -7.576466e-07 -1.468253e-07 -9.222340e-07 1.410171e-05 -7.508574e-04 -3.692266e-05 2.193331e-06
 9885.230498 -3.158154e-05 -7.610944e-07 -1.477689e-07 -9.245508e-07 1.129309e-05 -7.395322e-04 -3.807281e-05 4.493793e-06
 9889.937377 -3.154383e-05 -7.626539e-07 -1.485810e-07 -9.253995e-07 1.286965e-05 -7.130213e-04 -3.614540e-05 1.495600e-06
 9894.656448 -3.146528e-05 -7.615092e-07 -1.485220e-07 -9.236964e-07 1.201032e-05 -7.169944e-04 -3.113285e-05 4.080277e-06
 9899.387710 -3.149522e-05 -7.659767e-07 -1.496116e-07 -9.281785e-07 7.860986e-06 -7.318949e-04 -3.839401e-05 -2.333378e-06
 9904.131165 -3.147253e-05 -7.684406e-07 -1.504825e-07 -9.295207e-07 1.676456e-05 -7.582495e-04 -2.843975e-05 -3.979177e-07
 9908.886811 -3.143179e-05 -7.693714e-07 -1.510117e-07 -9.304977e-07 1.999151e-05 -7.497074e-04 -3.293980e-05 -6.609777e-06
 9913.654649 -3.130735e-05 -7.664392e-07 -1.506331e-07 -9.272868e-07 2.009640e-05 -7.439995e-04 -3.693172e-05 -1.348178e-06
 9918.434679 -3.130309e-05 -7.685091e-07 -1.516218e-07 -9.310896e-07 1.499763e-05 -7.389786e-04 -3.262577e-05 1.749902e-06
 9923.226901 -3.128586e-05 -7.713058e-07 -1.525447e-07 -9.339735e-07 8.256470e-06 -7.267872e-04 -2.934559e-05 -3.064309e-06
 9928.031315 -3.130397e-05 -7.755455e-07 -1.537563e-07 -9.375352e-07 7.350295e-06 -7.066417e-04 -3.582768e-05 -1.238457e-06
 9932.847921 -3.129566e-05 -7.776383e-07 -1.545447e-07 -9.392277e-07 1.577553e-05 -6.932289e-04 -3.541506e-05 -4.775372e-06
 9937.676719 -3.115486e-05 -7.760309e-07 -1.544872e-07 -9.367659e-07 9.799955e-06 -6.727932e-04 -4.445217e-05 -1.376888e-05
 9942.517709 -3.098534e-05 -7.773282e-07 -1.549512e-07 -9.332640e-07 6.600947e-06 -7.068714e-04 -4.941690e-05 -1.260820e-05
 9947.370891 -3.100364e-05 -7.798371e-07 -1.557264e-07 -9.351774e-07 1.369402e-05 -6.910934e-04 -4.403313e-05 -8.304669e-06
 9952.236264 -3.110578e-05 -7.868175e-07 -1.573910e-07 -9.403075e-07 2.249017e-05 -6.783545e-04 -4.728866e-05 -6.784294e-06
