# Facility.name: NSLS-II
# Facility.mode: Beam available
# Facility.current: 400.2015455579859
# Facility.current: 3 GeV
# Facility.year: 2023
# Facility.cycle: 2
# Facility.GUP: 312970
# Facility.SAF: 311402
# Experimenter.name: Esteban Fornero
# Beamline.name: ISS (8-ID)
# Beamline.x-ray_source: damping wiggler
# Beamline.collimation_mirror1.material: Si
# Beamline.collimation_mirror2.material: Pt
# Beamline.collimation_mirror2.bender_loading: -348.0
# Beamline.focusing: toroidal mirror
# Beamline.focusing.material: Pt
# Beamline.focusing.bender_loading: -418.0
# Beamline.harmonic_rejection: Si
# Mono.scan_mode: Si(111)
# Mono.d_spacing: 3.1354951
# Mono.scan_mode: pseudo-channel cut
# Mono.scan_type: fly_scan
# Mono.trajectory_name: f950a534-6fd5.txt
# Mono.direction: None
# Mono.angle_offset: 0.69366577
# Mono.angle_offset: 39.744 deg
# Mono.encoder_resolution: 48.0 nrad
# Detector.I0: ion chamber
# Detector.I1: ion chamber
# Detector.I2: ion chamber
# Detector.IF: PIPS
# Detector.I0.length: 15 cm
# Detector.I1.length: 28 cm
# Detector.I2.length: 15 cm
# Detector.IF.thickness: 300 um
# Detector.I0.gas.N2: 38.0%
# Detector.I1.gas.N2: 38.0%
# Detector.I2.gas.N2: 38.0%
# Detector.I0.gas.He: 62.0%
# Detector.I1.gas.He: 62.0%
# Detector.I2.gas.He: 62.0%
# Detector.I0.voltage: -1649.99939
# Detector.I1.voltage: -1649.999878
# Detector.I2.voltage: -1650.000488
# Detector.I0.gain: 4
# Detector.I1.gain: 6
# Detector.I2.gain: 6
# Detector.IF.gain: 6
# Detector.aux: {}
# Element.symbol: Cu
# Element.edge: K
# Element.line: None
# Scan.transient_id: 370839
# Scan.uid: e2ff4f6c-8ced-4710-9a14-ed02e38595f4
# Scan.edge_energy: 8979.0
# Scan.start_time: 06/23/2023  01:02:21.518536
# Scan.end_time: 06/23/2023  01:02:57.351527
# Scan.name: Cu2O+Ga2O3-1st H2-ramp (pos 001) Cu-K 0001
# Scan.comment: 
# Sample.name: Cu2O+Ga2O3-1st
# Sample.comment: 
# Sample.position.x: -66.61000258
# Sample.position.y: 30.049994074
# Sample.position.z: -10.184937499999995
# Sample.position.theta: 845.5790000000001
# SampleHeater.temperature1.setpoint: 300.0
# SampleHeater.temperature1.readback: 1372.0
# SampleHeater.current.setpoint: 0.0
# SampleHeater.current.readback: 0.0
# SampleHeater.temperature2.setpoint: 380.0
# SampleHeater.temperature2.readback: 380.0
# SampleHeater.voltage.setpoint: 0.8574843734098421
# SampleHeater.voltage.readback: 0.8290000000000001
# SampleHeater.PID.P: 0.025
# SampleHeater.PID.I: 0.07
# SampleHeater.PID.D: 0.0
# SampleGasCart.MFC.CH4.setpoint: 0.0
# SampleGasCart.MFC.CH4.readback: 0.0
# SampleGasCart.MFC.CO.setpoint: 0.0
# SampleGasCart.MFC.CO.readback: 0.0
# SampleGasCart.MFC.H2.setpoint: 10.0
# SampleGasCart.MFC.H2.readback: 10.012
# SampleGasCart.MFC.exhaust.setpoint: 100.0
# SampleGasCart.MFC.exhaust.readback: 10.19
# SampleGasHandlingSystem.gas_a.name: None
# SampleGasHandlingSystem.gas_b.name: None
# SampleGasHandlingSystem.gas_c.name: None
# SampleGasHandlingSystem.gas_d.name: None
# SampleGasHandlingSystem.gas_e.name: He
# SampleGasHandlingSystem.MFC1.setpoint: 0.0
# SampleGasHandlingSystem.MFC1.readback: -0.1139322891831398
# SampleGasHandlingSystem.MFC2.setpoint: 0.0
# SampleGasHandlingSystem.MFC2.readback: -0.0773111954331398
# SampleGasHandlingSystem.MFC3.setpoint: 0.0
# SampleGasHandlingSystem.MFC3.readback: 0.0244140625
# SampleGasHandlingSystem.MFC4.setpoint: 0.0
# SampleGasHandlingSystem.MFC4.readback: -0.0732421875
# SampleGasHandlingSystem.MFC5.setpoint: 0.0
# SampleGasHandlingSystem.MFC5.readback: -0.0040690102614462376
# SampleGasHandlingSystem.MFC6.setpoint: 0.0
# SampleGasHandlingSystem.MFC6.readback: -0.0244140625
# SampleGasHandlingSystem.MFC7.setpoint: 0.0
# SampleGasHandlingSystem.MFC7.readback: -0.008138020522892475
# SampleGasHandlingSystem.MFC8.setpoint: 0.0
# SampleGasHandlingSystem.MFC8.readback: -0.048828125
# SampleGasHandlingSystem.MFC9.setpoint: 0.0
# SampleGasHandlingSystem.MFC9.readback: -0.0325520820915699
# SampleGasHandlingSystem.MFC10.setpoint: 0.0
# SampleGasHandlingSystem.MFC10.readback: 0.01220703125
# SampleGasHandlingSystem.MFC11.setpoint: 0.0
# SampleGasHandlingSystem.MFC11.readback: -0.0773111954331398
# SampleGasHandlingSystem.MFC12.setpoint: 0.0
# SampleGasHandlingSystem.MFC12.readback: -0.03662109375
# SampleGasHandlingSystem.MFC13.setpoint: 0.0
# SampleGasHandlingSystem.MFC13.readback: -0.03662109375
# SampleGasHandlingSystem.MFC14.setpoint: 0.0
# SampleGasHandlingSystem.MFC14.readback: -0.0528971366584301
# SampleGasHandlingSystem.MFC15.setpoint: 0.0
# SampleGasHandlingSystem.MFC15.readback: -0.08544921875
# SampleGasHandlingSystem.MFC16.setpoint: 0.0
# SampleGasHandlingSystem.MFC16.readback: -0.0244140625
# SampleGasHandlingSystem.RGA.ch1.mass: 2
# SampleGasHandlingSystem.RGA.ch1.readback: 7.97134e-07
# SampleGasHandlingSystem.RGA.ch2.mass: 4
# SampleGasHandlingSystem.RGA.ch2.readback: 3.73616e-11
# SampleGasHandlingSystem.RGA.ch3.mass: 5
# SampleGasHandlingSystem.RGA.ch3.readback: 7.81276e-12
# SampleGasHandlingSystem.RGA.ch4.mass: 5
# SampleGasHandlingSystem.RGA.ch4.readback: 4.78717e-10
# SampleGasHandlingSystem.RGA.ch5.mass: 18
# SampleGasHandlingSystem.RGA.ch5.readback: 2.77887e-09
# SampleGasHandlingSystem.RGA.ch6.mass: 28
# SampleGasHandlingSystem.RGA.ch6.readback: 1.1653e-08
# SampleGasHandlingSystem.RGA.ch7.mass: 32
# SampleGasHandlingSystem.RGA.ch7.readback: 1.71261e-09
# SampleGasHandlingSystem.RGA.ch8.mass: 41
# SampleGasHandlingSystem.RGA.ch8.readback: 1.11477e-11
# SampleGasHandlingSystem.RGA.ch9.mass: 44
# SampleGasHandlingSystem.RGA.ch9.readback: 2.36973e-11
# energy  i0  it  ir  iff  aux1  aux2  aux3  aux4
 8779.000000 -3.502100e-05 -3.959632e-07 -2.621020e-07 -2.947154e-07 6.127005e-05 2.726712e-04 -2.928832e-05 3.384429e-05
 8784.000000 -3.503221e-05 -3.955051e-07 -2.618803e-07 -2.957526e-07 6.534056e-05 2.463386e-04 -3.398194e-05 3.434710e-05
 8789.000000 -3.492661e-05 -3.946775e-07 -2.615080e-07 -2.955682e-07 6.131459e-05 2.613080e-04 -4.557050e-05 3.906881e-05
 8794.000000 -3.481576e-05 -3.957081e-07 -2.623485e-07 -2.954131e-07 5.490570e-05 2.530455e-04 -4.048365e-05 3.116336e-05
 8799.000000 -3.430805e-05 -3.906601e-07 -2.592267e-07 -2.920902e-07 5.031953e-05 2.691387e-04 -5.228178e-05 3.055000e-05
 8804.000000 -3.472351e-05 -3.985107e-07 -2.646258e-07 -2.958493e-07 6.161115e-05 2.701979e-04 -5.498885e-05 3.069448e-05
 8809.000000 -3.466632e-05 -3.998619e-07 -2.656345e-07 -2.961893e-07 6.899062e-05 2.746683e-04 -4.289656e-05 2.899620e-05
 8814.000000 -3.447373e-05 -3.993074e-07 -2.654192e-07 -2.950507e-07 6.522979e-05 2.691172e-04 -4.464632e-05 2.971075e-05
 8819.000000 -3.449832e-05 -4.017578e-07 -2.674938e-07 -2.954343e-07 6.846705e-05 2.666189e-04 -4.068125e-05 3.825860e-05
 8824.000000 -3.440564e-05 -4.025052e-07 -2.681440e-07 -2.952018e-07 6.166794e-05 2.659651e-04 -5.164655e-05 2.542009e-05
 8829.000000 -3.426243e-05 -4.024548e-07 -2.684893e-07 -2.949055e-07 6.636250e-05 2.770047e-04 -4.394618e-05 1.841420e-05
 8834.000000 -3.426742e-05 -4.060852e-07 -2.708252e-07 -2.957244e-07 6.457449e-05 2.945542e-04 -3.480760e-05 2.086012e-05
 8839.000000 -3.426769e-05 -4.098212e-07 -2.736224e-07 -2.964792e-07 6.332544e-05 2.878769e-04 -4.726214e-05 1.183327e-05
 8844.000000 -3.408594e-05 -4.089763e-07 -2.728735e-07 -2.963778e-07 6.155135e-05 3.032702e-04 -4.350321e-05 1.762523e-05
 8849.000000 -3.388782e-05 -4.075145e-07 -2.723978e-07 -2.957535e-07 6.454368e-05 2.882809e-04 -4.242432e-05 2.542548e-05
 8854.000000 -3.384255e-05 -4.102086e-07 -2.741274e-07 -2.963311e-07 6.729258e-05 2.954381e-04 -5.265462e-05 3.138573e-05
 8859.000000 -3.383495e-05 -4.135866e-07 -2.767380e-07 -2.972711e-07 7.072400e-05 3.326999e-04 -3.660298e-05 3.803666e-05
 8864.000000 -3.357700e-05 -4.103859e-07 -2.747461e-07 -2.961347e-07 7.047453e-05 3.176027e-04 -2.619954e-05 3.684812e-05
 8869.000000 -3.342055e-05 -4.103560e-07 -2.746236e-07 -2.957485e-07 6.277918e-05 3.007382e-04 -3.747584e-05 2.627964e-05
 8874.000000 -3.343620e-05 -4.144620e-07 -2.777861e-07 -2.966313e-07 5.784728e-05 3.267579e-04 -3.799305e-05 1.605794e-05
 8879.000000 -3.338920e-05 -4.171568e-07 -2.797684e-07 -2.971379e-07 5.724551e-05 3.146608e-04 -3.292185e-05 1.705767e-05
 8884.000000 -3.317031e-05 -4.169804e-07 -2.798841e-07 -2.966034e-07 5.547203e-05 3.035959e-04 -3.720921e-05 2.285878e-05
 8889.000000 -3.295415e-05 -4.177921e-07 -2.806371e-07 -2.958485e-07 5.407240e-05 3.067242e-04 -3.173479e-05 1.739030e-05
 8894.000000 -3.308267e-05 -4.207557e-07 -2.826837e-07 -2.975809e-07 5.358012e-05 3.086030e-04 -3.834107e-05 1.504020e-05
 8899.000000 -3.291302e-05 -4.205213e-07 -2.825810e-07 -2.967019e-07 4.797181e-05 3.144058e-04 -3.480316e-05 1.478967e-05
 8904.000000 -3.279015e-05 -4.217104e-07 -2.836704e-07 -2.957221e-07 4.304952e-05 3.163069e-04 -2.881275e-05 1.541010e-05
 8909.000000 -3.271970e-05 -4.238535e-07 -2.852466e-07 -2.957717e-07 5.727638e-05 3.341575e-04 -2.671990e-05 2.085068e-05
 8914.000000 -3.247823e-05 -4.231201e-07 -2.848727e-07 -2.945852e-07 5.734885e-05 3.359004e-04 -2.702716e-05 1.901765e-05
 8919.000000 -3.236726e-05 -4.241089e-07 -2.854400e-07 -2.944312e-07 5.531211e-05 3.238011e-04 -3.338875e-05 2.872995e-05
 8924.000000 -3.214898e-05 -4.230520e-07 -2.849092e-07 -2.932760e-07 5.131161e-05 3.429195e-04 -3.391353e-05 3.032654e-05
 8929.000000 -3.208271e-05 -4.233975e-07 -2.852516e-07 -2.943684e-07 5.028007e-05 3.520417e-04 -3.689280e-05 2.478519e-05
 8934.000000 -3.204405e-05 -4.261007e-07 -2.870131e-07 -2.949760e-07 4.652915e-05 3.345115e-04 -4.153241e-05 1.791595e-05
 8939.000000 -3.199453e-05 -4.296575e-07 -2.895048e-07 -2.952703e-07 4.534945e-05 3.294730e-04 -3.277965e-05 2.700353e-05
 8944.000000 -3.183855e-05 -4.299221e-07 -2.894883e-07 -2.948590e-07 4.987010e-05 3.362875e-04 -2.413712e-05 3.694743e-05
 8949.000000 -3.170233e-05 -4.308952e-07 -2.899627e-07 -2.945097e-07 5.657944e-05 3.136631e-04 -2.679725e-05 3.432394e-05
 8953.000000 -3.159923e-05 -4.317047e-07 -2.903408e-07 -2.947755e-07 5.984130e-05 3.066538e-04 -2.092009e-05 3.749261e-05
 8956.000000 -3.156277e-05 -4.325427e-07 -2.905032e-07 -2.953619e-07 5.618981e-05 3.208177e-04 -1.909141e-05 3.452477e-05
 8958.000000 -3.149975e-05 -4.318026e-07 -2.897199e-07 -2.951931e-07 6.117607e-05 3.017663e-04 -1.791616e-05 3.936089e-05
 8959.000000 -3.146719e-05 -4.317290e-07 -2.895480e-07 -2.955933e-07 6.359539e-05 3.076872e-04 -2.556027e-05 3.649877e-05
 8959.200000 -3.142353e-05 -4.304536e-07 -2.886551e-07 -2.954329e-07 5.373324e-05 3.106478e-04 -3.705254e-05 3.139661e-05
 8959.400000 -3.138303e-05 -4.291040e-07 -2.874355e-07 -2.950657e-07 4.876540e-05 3.006719e-04 -1.968085e-05 3.413101e-05
 8959.600000 -3.140246e-05 -4.296887e-07 -2.876672e-07 -2.951713e-07 5.446782e-05 2.857133e-04 -1.967089e-05 3.998341e-05
 8959.800000 -3.139499e-05 -4.300327e-07 -2.879237e-07 -2.951468e-07 5.779847e-05 2.923295e-04 -3.383109e-05 3.533032e-05
 8960.000000 -3.135823e-05 -4.290460e-07 -2.872426e-07 -2.949001e-07 5.431851e-05 2.953763e-04 -4.484394e-05 3.578206e-05
 8960.200000 -3.142830e-05 -4.315479e-07 -2.892498e-07 -2.953496e-07 5.165324e-05 3.031695e-04 -3.907789e-05 2.436776e-05
 8960.400000 -3.147677e-05 -4.325732e-07 -2.900344e-07 -2.958468e-07 5.596696e-05 3.003595e-04 -3.551929e-05 3.474827e-05
 8960.600000 -3.146228e-05 -4.328673e-07 -2.902797e-07 -2.957502e-07 5.526955e-05 3.263701e-04 -4.009527e-05 3.783418e-05
 8960.800000 -3.146623e-05 -4.329431e-07 -2.900899e-07 -2.959183e-07 5.545711e-05 3.348813e-04 -3.551765e-05 3.127212e-05
 8961.000000 -3.139767e-05 -4.312375e-07 -2.886450e-07 -2.952254e-07 7.337537e-05 3.138596e-04 -3.507272e-05 3.505778e-05
 8961.200000 -3.133069e-05 -4.290205e-07 -2.871773e-07 -2.949329e-07 6.925334e-05 2.861468e-04 -3.939946e-05 3.847503e-05
 8961.400000 -3.136610e-05 -4.299032e-07 -2.878924e-07 -2.953047e-07 6.537247e-05 2.951796e-04 -4.245856e-05 3.830187e-05
 8961.600000 -3.143484e-05 -4.326227e-07 -2.897511e-07 -2.953523e-07 6.506189e-05 2.647192e-04 -4.485919e-05 3.865499e-05
 8961.800000 -3.145163e-05 -4.327764e-07 -2.901173e-07 -2.957891e-07 5.947946e-05 2.832944e-04 -4.455958e-05 3.330562e-05
 8962.000000 -3.143765e-05 -4.330754e-07 -2.899752e-07 -2.958406e-07 6.601509e-05 2.903576e-04 -4.665795e-05 3.846120e-05
 8962.200000 -3.143860e-05 -4.330291e-07 -2.896926e-07 -2.960741e-07 5.891240e-05 2.858590e-04 -3.387784e-05 3.784281e-05
 8962.400000 -3.145889e-05 -4.339643e-07 -2.902455e-07 -2.963277e-07 4.999488e-05 2.581809e-04 -3.767693e-05 2.692370e-05
 8962.600000 -3.146501e-05 -4.344471e-07 -2.904074e-07 -2.963771e-07 5.017995e-05 2.843320e-04 -2.921056e-05 2.695652e-05
 8962.800000 -3.143305e-05 -4.336218e-07 -2.898378e-07 -2.961585e-07 4.950185e-05 2.861620e-04 -1.396245e-05 3.316961e-05
 8963.000000 -3.142492e-05 -4.328361e-07 -2.893204e-07 -2.962246e-07 5.002762e-05 2.881015e-04 -4.021204e-05 3.074445e-05
 8963.200000 -3.143642e-05 -4.337767e-07 -2.899321e-07 -2.962437e-07 5.239995e-05 2.880220e-04 -1.832436e-05 4.060889e-05
 8963.400000 -3.142048e-05 -4.330410e-07 -2.895851e-07 -2.962488e-07 4.725173e-05 2.671179e-04 -1.886532e-05 3.010085e-05
 8963.600000 -3.142183e-05 -4.337022e-07 -2.896690e-07 -2.965621e-07 5.119304e-05 2.602074e-04 -2.527422e-05 2.833340e-05
 8963.800000 -3.138310e-05 -4.322673e-07 -2.888420e-07 -2.963988e-07 5.474548e-05 2.663759e-04 -1.459770e-05 3.138802e-05
 8964.000000 -3.141735e-05 -4.339838e-07 -2.897934e-07 -2.967802e-07 5.004588e-05 2.567462e-04 -1.300051e-05 3.198495e-05
 8964.200000 -3.141389e-05 -4.338143e-07 -2.895843e-07 -2.967049e-07 4.241341e-05 2.686862e-04 -1.669739e-05 2.351157e-05
 8964.400000 -3.136477e-05 -4.324889e-07 -2.885131e-07 -2.962045e-07 4.803003e-05 2.599141e-04 -1.620724e-05 2.561207e-05
 8964.600000 -3.139830e-05 -4.334278e-07 -2.891159e-07 -2.962606e-07 6.014229e-05 2.915423e-04 -7.256092e-06 3.108069e-05
 8964.800000 -3.141157e-05 -4.337569e-07 -2.893172e-07 -2.963154e-07 4.923806e-05 3.209852e-04 -1.381142e-05 2.211435e-05
 8965.000000 -3.140436e-05 -4.340250e-07 -2.895706e-07 -2.965434e-07 5.533789e-05 3.330253e-04 -1.238891e-05 2.936718e-05
 8965.200000 -3.140299e-05 -4.340725e-07 -2.898523e-07 -2.964704e-07 5.503234e-05 3.311531e-04 -1.720717e-05 3.861424e-05
 8965.400000 -3.139810e-05 -4.343983e-07 -2.902663e-07 -2.966016e-07 4.791065e-05 3.073762e-04 -2.541302e-05 2.185448e-05
 8965.600000 -3.138439e-05 -4.343997e-07 -2.899970e-07 -2.967003e-07 5.002619e-05 3.117357e-04 -3.134750e-05 1.833463e-05
 8965.800000 -3.136002e-05 -4.333758e-07 -2.889490e-07 -2.964615e-07 5.369430e-05 3.379142e-04 -2.012223e-05 2.313366e-05
 8966.000000 -3.135604e-05 -4.335440e-07 -2.888062e-07 -2.967644e-07 5.911852e-05 3.316279e-04 -1.248467e-05 2.239378e-05
 8966.200000 -3.135759e-05 -4.337515e-07 -2.887045e-07 -2.966469e-07 5.260891e-05 3.163531e-04 -2.047346e-05 2.446120e-05
 8966.400000 -3.134565e-05 -4.335134e-07 -2.887072e-07 -2.969366e-07 5.512915e-05 3.094671e-04 -2.432975e-05 2.255702e-05
 8966.600000 -3.132916e-05 -4.341416e-07 -2.890243e-07 -2.968651e-07 5.206037e-05 3.203214e-04 -1.125363e-05 2.977598e-05
 8966.800000 -3.130085e-05 -4.330911e-07 -2.882132e-07 -2.967847e-07 5.037556e-05 2.964841e-04 -2.909087e-05 9.339149e-06
 8967.000000 -3.124553e-05 -4.309363e-07 -2.867368e-07 -2.963246e-07 5.744950e-05 2.754516e-04 -3.188140e-05 7.076970e-06
 8967.200000 -3.120223e-05 -4.299990e-07 -2.856946e-07 -2.962232e-07 5.870395e-05 2.722062e-04 -1.634505e-05 1.955734e-05
 8967.400000 -3.113982e-05 -4.285831e-07 -2.847018e-07 -2.960536e-07 5.450068e-05 2.996010e-04 -1.567402e-05 3.129724e-05
 8967.600000 -3.104394e-05 -4.259541e-07 -2.825199e-07 -2.952198e-07 5.273565e-05 2.790031e-04 -8.565469e-06 3.796782e-05
 8967.800000 -3.111704e-05 -4.271679e-07 -2.833829e-07 -2.958113e-07 5.758608e-05 2.691790e-04 -1.009141e-05 2.951607e-05
 8968.000000 -3.117129e-05 -4.293786e-07 -2.849485e-07 -2.961753e-07 4.681584e-05 2.658425e-04 -2.181943e-05 4.099389e-05
 8968.200000 -3.119982e-05 -4.306392e-07 -2.857538e-07 -2.963614e-07 5.480299e-05 2.838173e-04 -2.899387e-05 3.535612e-05
 8968.400000 -3.116913e-05 -4.297572e-07 -2.852247e-07 -2.964132e-07 4.810820e-05 2.920687e-04 -2.448486e-05 3.106981e-05
 8968.600000 -3.113182e-05 -4.288993e-07 -2.844156e-07 -2.962840e-07 5.404147e-05 3.013466e-04 -2.591020e-05 3.494783e-05
 8968.800000 -3.105778e-05 -4.265444e-07 -2.824763e-07 -2.957699e-07 5.571017e-05 3.003516e-04 -3.065859e-05 3.045268e-05
 8969.000000 -3.104826e-05 -4.270617e-07 -2.824340e-07 -2.958059e-07 4.838771e-05 2.944947e-04 -1.756789e-05 3.692243e-05
 8969.200000 -3.116365e-05 -4.301743e-07 -2.844573e-07 -2.967879e-07 4.726661e-05 3.020159e-04 -3.654730e-05 3.331287e-05
 8969.400000 -3.116945e-05 -4.300816e-07 -2.843016e-07 -2.967478e-07 5.688395e-05 2.984573e-04 -1.734203e-05 4.084520e-05
 8969.600000 -3.121518e-05 -4.318417e-07 -2.856006e-07 -2.971887e-07 5.083261e-05 3.131578e-04 -1.244881e-05 4.006352e-05
 8969.800000 -3.125914e-05 -4.343152e-07 -2.873369e-07 -2.977481e-07 4.787071e-05 3.214197e-04 -1.090051e-05 3.546251e-05
 8970.000000 -3.127166e-05 -4.350927e-07 -2.874378e-07 -2.980847e-07 5.060611e-05 3.052670e-04 -1.582655e-05 4.244519e-05
 8970.200000 -3.125563e-05 -4.344499e-07 -2.863722e-07 -2.982906e-07 4.499337e-05 3.046268e-04 -1.530336e-05 4.073651e-05
 8970.400000 -3.121716e-05 -4.324764e-07 -2.846684e-07 -2.980370e-07 5.137970e-05 3.234989e-04 -1.981490e-05 3.877905e-05
 8970.600000 -3.115207e-05 -4.303784e-07 -2.830740e-07 -2.976010e-07 5.182854e-05 3.157729e-04 -3.675419e-05 3.793040e-05
 8970.800000 -3.117545e-05 -4.311312e-07 -2.834854e-07 -2.980724e-07 4.582201e-05 3.115918e-04 -3.570894e-05 2.505731e-05
 8971.000000 -3.119371e-05 -4.322836e-07 -2.839677e-07 -2.981862e-07 4.584278e-05 2.993461e-04 -2.637478e-05 3.732817e-05
 8971.200000 -3.118081e-05 -4.319359e-07 -2.835690e-07 -2.982362e-07 4.336081e-05 2.802524e-04 -2.326519e-05 4.744125e-05
 8971.400000 -3.119263e-05 -4.330438e-07 -2.841725e-07 -2.983452e-07 4.288005e-05 2.604123e-04 -1.973735e-05 4.459134e-05
 8971.600000 -3.120154e-05 -4.331272e-07 -2.837497e-07 -2.987719e-07 5.443322e-05 2.724030e-04 -3.489801e-05 3.650031e-05
 8971.800000 -3.120739e-05 -4.334837e-07 -2.835884e-07 -2.990038e-07 5.689583e-05 2.807690e-04 -2.066380e-05 4.559979e-05
 8972.000000 -3.122099e-05 -4.339314e-07 -2.837592e-07 -2.992341e-07 5.544156e-05 2.842305e-04 -4.089583e-05 3.688677e-05
 8972.200000 -3.121659e-05 -4.337732e-07 -2.833750e-07 -2.991624e-07 5.987961e-05 2.894252e-04 -1.542199e-05 4.562350e-05
 8972.400000 -3.119740e-05 -4.337039e-07 -2.830339e-07 -2.992147e-07 5.970739e-05 2.937212e-04 -1.027695e-05 4.433017e-05
 8972.600000 -3.118691e-05 -4.330047e-07 -2.823432e-07 -2.993817e-07 6.474954e-05 2.825165e-04 -2.133015e-05 3.844232e-05
 8972.800000 -3.117432e-05 -4.334674e-07 -2.823110e-07 -2.993388e-07 6.580386e-05 2.639921e-04 -1.575347e-05 4.658471e-05
 8973.000000 -3.115283e-05 -4.322112e-07 -2.809521e-07 -2.992036e-07 5.814482e-05 2.684571e-04 -1.876532e-05 4.498850e-05
 8973.200000 -3.106616e-05 -4.292581e-07 -2.786936e-07 -2.986600e-07 5.470632e-05 2.800203e-04 -2.193018e-05 5.035923e-05
 8973.400000 -3.103793e-05 -4.279495e-07 -2.773819e-07 -2.986637e-07 6.480206e-05 2.915341e-04 -1.527233e-05 5.265634e-05
 8973.600000 -3.107895e-05 -4.294303e-07 -2.777720e-07 -2.991120e-07 5.143383e-05 2.946553e-04 -1.724796e-05 4.761931e-05
 8973.800000 -3.110584e-05 -4.310545e-07 -2.782867e-07 -2.995420e-07 5.659278e-05 2.991694e-04 -1.119511e-05 4.665931e-05
 8974.000000 -3.114013e-05 -4.319742e-07 -2.782268e-07 -3.000432e-07 6.607969e-05 2.921993e-04 -2.492663e-05 4.368717e-05
 8974.200000 -3.114520e-05 -4.329605e-07 -2.781545e-07 -3.004116e-07 6.571611e-05 2.993540e-04 -3.063016e-05 4.440122e-05
 8974.400000 -3.110150e-05 -4.312745e-07 -2.763128e-07 -3.003609e-07 5.825697e-05 3.064949e-04 -2.580152e-05 4.082204e-05
 8974.600000 -3.102586e-05 -4.286275e-07 -2.740336e-07 -3.005814e-07 5.575936e-05 3.124868e-04 -2.378720e-05 3.742274e-05
 8974.800000 -3.097253e-05 -4.270095e-07 -2.720087e-07 -3.003769e-07 5.498971e-05 3.136763e-04 -3.635493e-05 4.297547e-05
 8975.000000 -3.096680e-05 -4.255414e-07 -2.700114e-07 -3.004979e-07 4.916409e-05 3.090070e-04 -2.638271e-05 4.098108e-05
 8975.200000 -3.094845e-05 -4.257156e-07 -2.689509e-07 -3.007017e-07 4.565873e-05 3.049347e-04 -2.126050e-05 4.052084e-05
 8975.400000 -3.094415e-05 -4.248569e-07 -2.671739e-07 -3.010577e-07 5.212624e-05 3.181074e-04 -2.546524e-05 3.017067e-05
 8975.600000 -3.101555e-05 -4.273162e-07 -2.672170e-07 -3.021199e-07 5.864557e-05 3.061614e-04 -2.749522e-05 2.650845e-05
 8975.800000 -3.105514e-05 -4.296770e-07 -2.674700e-07 -3.030313e-07 5.886707e-05 2.875550e-04 -2.705640e-05 2.798700e-05
 8976.000000 -3.104568e-05 -4.295824e-07 -2.657332e-07 -3.033926e-07 5.060600e-05 2.882618e-04 -1.871392e-05 3.303501e-05
 8976.200000 -3.106673e-05 -4.301986e-07 -2.642559e-07 -3.043611e-07 5.072101e-05 2.903829e-04 -2.220192e-05 3.177089e-05
 8976.400000 -3.101117e-05 -4.276959e-07 -2.604840e-07 -3.047237e-07 6.324973e-05 3.140732e-04 -1.551200e-05 3.482550e-05
 8976.600000 -3.099348e-05 -4.264265e-07 -2.565400e-07 -3.056392e-07 4.975646e-05 3.180069e-04 -1.805354e-05 3.533461e-05
 8976.800000 -3.097311e-05 -4.258187e-07 -2.527677e-07 -3.067857e-07 5.068902e-05 3.303718e-04 -3.758753e-05 2.757717e-05
 8977.000000 -3.103936e-05 -4.276495e-07 -2.496256e-07 -3.088604e-07 5.617634e-05 3.227610e-04 -2.749650e-05 2.868934e-05
 8977.200000 -3.107339e-05 -4.290111e-07 -2.459816e-07 -3.108942e-07 5.653535e-05 3.129480e-04 -2.055735e-05 3.253557e-05
 8977.400000 -3.107795e-05 -4.287391e-07 -2.403873e-07 -3.132631e-07 5.165890e-05 3.237980e-04 -1.839222e-05 3.379462e-05
 8977.600000 -3.104765e-05 -4.269880e-07 -2.326503e-07 -3.160814e-07 5.688469e-05 3.242340e-04 -1.468323e-05 3.225083e-05
 8977.800000 -3.097236e-05 -4.234385e-07 -2.225973e-07 -3.187621e-07 6.193696e-05 3.265272e-04 -1.230475e-05 3.058441e-05
 8978.000000 -3.090199e-05 -4.201456e-07 -2.114244e-07 -3.226251e-07 6.593150e-05 3.430334e-04 -9.879734e-06 3.031129e-05
 8978.200000 -3.080803e-05 -4.159232e-07 -1.986556e-07 -3.265532e-07 6.053521e-05 3.575015e-04 -1.156142e-05 2.365309e-05
 8978.400000 -3.086342e-05 -4.155589e-07 -1.874504e-07 -3.321855e-07 5.462465e-05 3.673537e-04 -1.213405e-05 3.093555e-05
 8978.600000 -3.086001e-05 -4.140072e-07 -1.754650e-07 -3.377737e-07 5.350773e-05 3.430376e-04 -2.453343e-05 3.551511e-05
 8978.800000 -3.089643e-05 -4.134099e-07 -1.643620e-07 -3.435178e-07 6.927353e-05 3.240474e-04 -1.914458e-05 4.087747e-05
 8979.000000 -3.094651e-05 -4.139710e-07 -1.543167e-07 -3.493240e-07 6.556956e-05 3.081572e-04 -2.866346e-05 3.075780e-05
 8979.200000 -3.093180e-05 -4.123137e-07 -1.445179e-07 -3.543554e-07 6.986656e-05 3.158566e-04 -2.138558e-05 2.983528e-05
 8979.400000 -3.092123e-05 -4.111912e-07 -1.364683e-07 -3.584057e-07 6.588609e-05 3.023045e-04 -1.653307e-05 3.378872e-05
 8979.600000 -3.090392e-05 -4.092419e-07 -1.292584e-07 -3.620402e-07 6.281863e-05 3.067857e-04 -2.171819e-05 3.449820e-05
 8979.800000 -3.087120e-05 -4.079052e-07 -1.238346e-07 -3.646116e-07 5.881794e-05 3.244952e-04 -1.638167e-05 2.721746e-05
 8980.000000 -3.086122e-05 -4.068470e-07 -1.200012e-07 -3.668280e-07 4.931506e-05 3.353001e-04 -2.894503e-05 3.354172e-05
 8980.200000 -3.082329e-05 -4.058024e-07 -1.170341e-07 -3.681245e-07 5.719481e-05 3.530692e-04 -3.672728e-05 3.097826e-05
 8980.400000 -3.077408e-05 -4.029916e-07 -1.145498e-07 -3.689647e-07 6.555800e-05 3.440170e-04 -4.181421e-05 3.720808e-05
 8980.600000 -3.076607e-05 -4.035033e-07 -1.137001e-07 -3.696730e-07 6.387395e-05 3.213388e-04 -4.735103e-05 2.580629e-05
 8980.800000 -3.076684e-05 -4.038527e-07 -1.133295e-07 -3.702925e-07 7.072111e-05 3.266443e-04 -3.995142e-05 2.115487e-05
 8981.000000 -3.072959e-05 -4.026740e-07 -1.128174e-07 -3.705409e-07 6.861505e-05 3.131662e-04 -4.110872e-05 2.204340e-05
 8981.200000 -3.075648e-05 -4.043493e-07 -1.137684e-07 -3.707033e-07 5.867881e-05 3.226668e-04 -3.838485e-05 3.122355e-05
 8981.400000 -3.077853e-05 -4.057920e-07 -1.146960e-07 -3.706560e-07 5.345430e-05 3.104598e-04 -3.740499e-05 3.454736e-05
 8981.600000 -3.075533e-05 -4.052780e-07 -1.153127e-07 -3.701478e-07 5.931149e-05 3.152510e-04 -2.874161e-05 3.703107e-05
 8981.800000 -3.071367e-05 -4.039547e-07 -1.156273e-07 -3.697194e-07 5.676787e-05 3.035153e-04 -3.806072e-05 2.872894e-05
 8982.000000 -3.072837e-05 -4.050919e-07 -1.168264e-07 -3.690892e-07 5.752117e-05 2.879478e-04 -3.390404e-05 2.958687e-05
 8982.200000 -3.074090e-05 -4.049862e-07 -1.177249e-07 -3.690446e-07 6.196305e-05 2.931855e-04 -2.828065e-05 2.930056e-05
 8982.400000 -3.073968e-05 -4.062430e-07 -1.186060e-07 -3.692043e-07 5.708123e-05 3.036430e-04 -4.436009e-05 2.397520e-05
 8982.600000 -3.072147e-05 -4.050969e-07 -1.186733e-07 -3.688536e-07 5.299097e-05 2.998234e-04 -2.849245e-05 3.920834e-05
 8982.800000 -3.068983e-05 -4.042645e-07 -1.183242e-07 -3.690320e-07 4.779577e-05 2.913414e-04 -3.995479e-05 3.700981e-05
 8983.000000 -3.067518e-05 -4.040448e-07 -1.178963e-07 -3.692084e-07 4.785266e-05 3.057744e-04 -4.789582e-05 3.055357e-05
 8983.200000 -3.069573e-05 -4.041580e-07 -1.170462e-07 -3.699071e-07 4.999568e-05 3.108860e-04 -3.205615e-05 3.251028e-05
 8983.400000 -3.058312e-05 -4.013962e-07 -1.150443e-07 -3.698454e-07 5.161373e-05 3.237028e-04 -3.326415e-05 3.177868e-05
 8983.600000 -3.042745e-05 -3.957387e-07 -1.118713e-07 -3.698032e-07 4.910119e-05 3.173335e-04 -3.255390e-05 2.213780e-05
 8983.800000 -3.027843e-05 -3.913056e-07 -1.090973e-07 -3.693235e-07 5.032321e-05 3.178296e-04 -2.965043e-05 1.732472e-05
 8984.000000 -3.014550e-05 -3.871458e-07 -1.067014e-07 -3.690714e-07 6.088410e-05 3.323620e-04 -3.290177e-05 1.807732e-05
 8984.200000 -3.027119e-05 -3.911348e-07 -1.063919e-07 -3.714209e-07 6.174622e-05 3.498680e-04 -4.433831e-05 1.766677e-05
 8984.400000 -3.041858e-05 -3.947705e-07 -1.057021e-07 -3.736120e-07 6.060397e-05 3.426688e-04 -4.294297e-05 1.367366e-05
 8984.600000 -3.052979e-05 -3.982896e-07 -1.050649e-07 -3.753366e-07 6.470526e-05 3.336816e-04 -4.211229e-05 2.100116e-05
 8984.800000 -3.053540e-05 -3.986502e-07 -1.038334e-07 -3.765650e-07 5.965991e-05 3.282109e-04 -3.917730e-05 2.490423e-05
 8985.000000 -3.052721e-05 -3.980149e-07 -1.018059e-07 -3.774718e-07 5.405113e-05 3.252068e-04 -6.098502e-05 2.534657e-05
 8985.200000 -3.055484e-05 -3.984600e-07 -1.007328e-07 -3.786364e-07 5.632950e-05 3.018483e-04 -4.352221e-05 4.501396e-05
 8985.400000 -3.046217e-05 -3.962309e-07 -9.922179e-08 -3.790606e-07 4.343054e-05 3.285393e-04 -5.361849e-05 3.921659e-05
 8985.600000 -3.049252e-05 -3.955899e-07 -9.780618e-08 -3.804340e-07 5.183391e-05 3.121958e-04 -4.435320e-05 4.185748e-05
 8985.800000 -3.057777e-05 -3.991765e-07 -9.724842e-08 -3.822208e-07 5.983812e-05 3.091381e-04 -3.969717e-05 4.457823e-05
 8986.000000 -3.058572e-05 -3.998455e-07 -9.601037e-08 -3.829895e-07 5.525275e-05 3.219102e-04 -4.170537e-05 4.627356e-05
 8986.200000 -3.057364e-05 -3.994584e-07 -9.418594e-08 -3.842054e-07 4.449348e-05 3.279228e-04 -4.523121e-05 4.696209e-05
 8986.400000 -3.058090e-05 -3.999152e-07 -9.241016e-08 -3.855127e-07 5.390649e-05 3.163077e-04 -4.414665e-05 3.938673e-05
 8986.600000 -3.058803e-05 -3.987116e-07 -9.073966e-08 -3.869573e-07 5.057575e-05 3.133014e-04 -3.358994e-05 3.618220e-05
 8986.800000 -3.058352e-05 -3.989234e-07 -8.934791e-08 -3.883179e-07 4.626249e-05 3.240770e-04 -3.301371e-05 3.603486e-05
 8987.000000 -3.056968e-05 -3.988592e-07 -8.775843e-08 -3.897386e-07 4.863760e-05 3.373019e-04 -4.649210e-05 3.826521e-05
 8987.200000 -3.053948e-05 -3.964406e-07 -8.525508e-08 -3.911335e-07 4.437144e-05 3.353289e-04 -4.304477e-05 3.591707e-05
 8987.400000 -3.050996e-05 -3.951134e-07 -8.289086e-08 -3.923416e-07 4.765627e-05 3.164842e-04 -3.585852e-05 4.294562e-05
 8987.600000 -3.052260e-05 -3.962038e-07 -8.088824e-08 -3.942671e-07 4.956657e-05 3.089656e-04 -3.687206e-05 3.897328e-05
 8987.800000 -3.047596e-05 -3.938529e-07 -7.822338e-08 -3.959079e-07 4.459793e-05 3.270915e-04 -4.440835e-05 4.046376e-05
 8988.000000 -3.040632e-05 -3.915665e-07 -7.611820e-08 -3.970609e-07 4.326670e-05 3.328219e-04 -5.724220e-05 3.395344e-05
 8988.200000 -3.037737e-05 -3.893269e-07 -7.381578e-08 -3.982890e-07 4.844861e-05 3.304785e-04 -3.813277e-05 4.699947e-05
 8988.400000 -3.042760e-05 -3.913360e-07 -7.223650e-08 -4.003898e-07 6.111710e-05 3.250942e-04 -3.705160e-05 4.435405e-05
 8988.600000 -3.045833e-05 -3.918526e-07 -7.042804e-08 -4.027510e-07 5.871865e-05 3.142817e-04 -3.975008e-05 3.966914e-05
 8988.800000 -3.044595e-05 -3.900253e-07 -6.782873e-08 -4.046420e-07 5.584494e-05 3.224666e-04 -3.327471e-05 3.739120e-05
 8989.000000 -3.041262e-05 -3.895007e-07 -6.541980e-08 -4.064949e-07 5.697578e-05 3.373098e-04 -3.366205e-05 3.822632e-05
 8989.200000 -3.041935e-05 -3.890787e-07 -6.318683e-08 -4.085139e-07 5.134307e-05 3.386340e-04 -3.637663e-05 4.205403e-05
 8989.400000 -3.043717e-05 -3.894651e-07 -6.135306e-08 -4.103543e-07 5.041638e-05 3.342160e-04 -3.438891e-05 3.931470e-05
 8989.600000 -3.044569e-05 -3.888096e-07 -5.954525e-08 -4.119066e-07 4.440312e-05 3.219932e-04 -3.672277e-05 3.608238e-05
 8989.800000 -3.040948e-05 -3.875043e-07 -5.746459e-08 -4.138647e-07 4.685668e-05 3.386653e-04 -3.975413e-05 4.134201e-05
 8990.000000 -3.036600e-05 -3.864784e-07 -5.539460e-08 -4.155011e-07 4.951543e-05 3.420076e-04 -3.900957e-05 3.216893e-05
 8990.200000 -3.035807e-05 -3.852867e-07 -5.321128e-08 -4.170221e-07 4.852240e-05 3.309289e-04 -4.015420e-05 3.417518e-05
 8990.400000 -3.037454e-05 -3.862179e-07 -5.136113e-08 -4.188306e-07 3.770281e-05 3.356996e-04 -3.942720e-05 4.353790e-05
 8990.600000 -3.036676e-05 -3.855779e-07 -5.000595e-08 -4.200553e-07 3.848820e-05 3.367073e-04 -4.518802e-05 3.115537e-05
 8990.800000 -3.039269e-05 -3.861318e-07 -4.858796e-08 -4.218157e-07 4.999764e-05 3.493589e-04 -4.677755e-05 4.226869e-05
 8991.000000 -3.039927e-05 -3.867733e-07 -4.749334e-08 -4.233728e-07 5.303354e-05 3.470979e-04 -3.819559e-05 4.964073e-05
 8991.200000 -3.038781e-05 -3.867257e-07 -4.627505e-08 -4.246074e-07 4.869981e-05 3.592784e-04 -3.800182e-05 5.368986e-05
 8991.400000 -3.037524e-05 -3.862582e-07 -4.513701e-08 -4.257957e-07 5.384269e-05 3.673814e-04 -3.913661e-05 4.544237e-05
 8991.600000 -3.034777e-05 -3.854651e-07 -4.402182e-08 -4.265664e-07 5.446933e-05 3.463623e-04 -4.379721e-05 2.863111e-05
 8991.800000 -3.035876e-05 -3.853557e-07 -4.291643e-08 -4.276001e-07 5.125164e-05 3.354008e-04 -3.690201e-05 3.967242e-05
 8992.000000 -3.034425e-05 -3.855784e-07 -4.222381e-08 -4.282335e-07 5.744025e-05 3.372558e-04 -2.978382e-05 4.459267e-05
 8992.200000 -3.032816e-05 -3.851423e-07 -4.139342e-08 -4.286755e-07 5.345131e-05 3.525818e-04 -5.217108e-05 3.444564e-05
 8992.400000 -3.029493e-05 -3.839276e-07 -4.068769e-08 -4.292839e-07 4.719153e-05 3.624008e-04 -4.837724e-05 2.556270e-05
 8992.600000 -3.027407e-05 -3.832131e-07 -4.021398e-08 -4.296952e-07 4.987344e-05 3.474350e-04 -5.169061e-05 2.405775e-05
 8992.800000 -3.022639e-05 -3.818190e-07 -3.975130e-08 -4.298901e-07 4.799547e-05 3.405525e-04 -4.005689e-05 2.947478e-05
 8993.000000 -3.024768e-05 -3.828567e-07 -3.957208e-08 -4.299316e-07 4.676806e-05 3.403763e-04 -3.702037e-05 3.457901e-05
 8993.200000 -3.027762e-05 -3.836286e-07 -3.980037e-08 -4.301702e-07 5.043788e-05 3.650784e-04 -3.605690e-05 3.910531e-05
 8993.400000 -3.026565e-05 -3.838470e-07 -4.013546e-08 -4.301341e-07 4.673984e-05 3.730171e-04 -4.579750e-05 3.570765e-05
 8993.600000 -3.027871e-05 -3.846984e-07 -4.010101e-08 -4.301780e-07 4.421807e-05 3.687627e-04 -4.738728e-05 3.676320e-05
 8993.800000 -3.028548e-05 -3.851697e-07 -4.033678e-08 -4.298334e-07 4.290813e-05 3.716528e-04 -5.261978e-05 3.148994e-05
 8994.000000 -3.026263e-05 -3.850775e-07 -4.039858e-08 -4.294745e-07 4.639933e-05 3.574396e-04 -4.151714e-05 3.648742e-05
 8994.200000 -3.023422e-05 -3.843375e-07 -4.048772e-08 -4.288677e-07 5.114168e-05 3.503378e-04 -5.798635e-05 2.736575e-05
 8994.400000 -3.017029e-05 -3.829935e-07 -4.041056e-08 -4.281738e-07 5.488727e-05 3.568273e-04 -5.211613e-05 3.667501e-05
 8994.600000 -3.013077e-05 -3.811249e-07 -4.097386e-08 -4.274876e-07 5.246091e-05 3.794803e-04 -4.954697e-05 4.972173e-05
 8994.800000 -3.018657e-05 -3.838177e-07 -4.186802e-08 -4.268964e-07 5.620633e-05 3.714735e-04 -5.225118e-05 4.502638e-05
 8995.000000 -3.021845e-05 -3.861997e-07 -4.275563e-08 -4.262976e-07 5.512507e-05 3.708367e-04 -6.253518e-05 3.440132e-05
 8995.200000 -3.022428e-05 -3.862401e-07 -4.335987e-08 -4.260212e-07 5.635625e-05 3.630062e-04 -5.937365e-05 3.653640e-05
 8995.400000 -3.021868e-05 -3.869889e-07 -4.373518e-08 -4.252374e-07 5.626463e-05 3.764995e-04 -4.163502e-05 4.322787e-05
 8995.600000 -3.021779e-05 -3.867273e-07 -4.404777e-08 -4.246625e-07 5.596867e-05 3.751036e-04 -3.690419e-05 3.889566e-05
 8995.800000 -3.020021e-05 -3.869320e-07 -4.429957e-08 -4.241278e-07 5.329618e-05 3.714009e-04 -3.736629e-05 3.442520e-05
 8996.000000 -3.019603e-05 -3.871501e-07 -4.525062e-08 -4.235496e-07 5.539202e-05 3.605337e-04 -2.754308e-05 3.632626e-05
 8996.200000 -3.018678e-05 -3.866657e-07 -4.594358e-08 -4.229768e-07 4.721643e-05 3.567486e-04 -3.537935e-05 3.666416e-05
 8996.400000 -3.017937e-05 -3.872913e-07 -4.652793e-08 -4.223371e-07 4.946311e-05 3.423435e-04 -3.840443e-05 3.503308e-05
 8996.600000 -3.018217e-05 -3.871682e-07 -4.698361e-08 -4.222868e-07 6.060969e-05 3.691735e-04 -2.848897e-05 4.132360e-05
 8996.800000 -3.018294e-05 -3.875363e-07 -4.721850e-08 -4.218908e-07 5.996551e-05 3.726363e-04 -4.548017e-05 3.775578e-05
 8997.000000 -3.018250e-05 -3.872828e-07 -4.736237e-08 -4.216553e-07 6.419412e-05 3.647099e-04 -4.372703e-05 2.375759e-05
 8997.200000 -3.014823e-05 -3.864538e-07 -4.745808e-08 -4.215653e-07 6.842605e-05 3.857888e-04 -4.857154e-05 2.166965e-05
 8997.400000 -3.011699e-05 -3.847541e-07 -4.758849e-08 -4.212272e-07 6.578827e-05 4.013507e-04 -4.328130e-05 3.211918e-05
 8997.600000 -3.001717e-05 -3.818905e-07 -4.751084e-08 -4.207025e-07 5.823885e-05 4.018711e-04 -5.579696e-05 2.633502e-05
 8997.800000 -2.998197e-05 -3.812772e-07 -4.768665e-08 -4.204880e-07 6.465092e-05 4.035422e-04 -5.593559e-05 2.919254e-05
 8998.000000 -3.006443e-05 -3.844275e-07 -4.805737e-08 -4.209735e-07 5.764012e-05 3.938994e-04 -5.739000e-05 2.453283e-05
 8998.200000 -3.008787e-05 -3.853986e-07 -4.778782e-08 -4.213714e-07 6.187368e-05 3.740829e-04 -5.049311e-05 3.370228e-05
 8998.400000 -3.012418e-05 -3.865340e-07 -4.756844e-08 -4.215922e-07 5.923837e-05 3.859211e-04 -4.937683e-05 3.577732e-05
 8998.600000 -3.011096e-05 -3.872792e-07 -4.762824e-08 -4.216466e-07 5.506484e-05 3.874648e-04 -5.175815e-05 3.884281e-05
 8998.800000 -3.008355e-05 -3.859210e-07 -4.734961e-08 -4.218398e-07 5.348307e-05 3.725051e-04 -3.734294e-05 4.509243e-05
 8999.000000 -3.008332e-05 -3.857537e-07 -4.710306e-08 -4.222502e-07 6.437925e-05 3.521972e-04 -4.066139e-05 3.542972e-05
 8999.200000 -3.010931e-05 -3.866141e-07 -4.673873e-08 -4.226345e-07 6.858344e-05 3.782037e-04 -3.977531e-05 3.502739e-05
 8999.400000 -3.010362e-05 -3.866202e-07 -4.632081e-08 -4.231481e-07 6.220289e-05 3.805470e-04 -4.321742e-05 3.656736e-05
 8999.600000 -3.008857e-05 -3.866071e-07 -4.556695e-08 -4.237534e-07 6.264779e-05 3.749114e-04 -3.498809e-05 3.810194e-05
 8999.800000 -3.008987e-05 -3.862786e-07 -4.462745e-08 -4.242645e-07 6.755447e-05 3.786160e-04 -3.979268e-05 4.084208e-05
 9000.000000 -3.009999e-05 -3.860022e-07 -4.427368e-08 -4.249998e-07 5.823859e-05 3.808843e-04 -5.523942e-05 3.707415e-05
 9000.200000 -3.006521e-05 -3.853470e-07 -4.378488e-08 -4.257431e-07 6.612146e-05 3.800454e-04 -6.130725e-05 3.507222e-05
 9000.400000 -3.005255e-05 -3.845262e-07 -4.314541e-08 -4.264425e-07 5.750953e-05 3.842189e-04 -7.418965e-05 2.430157e-05
 9000.600000 -3.005698e-05 -3.848208e-07 -4.266137e-08 -4.269819e-07 5.532455e-05 3.701822e-04 -4.290133e-05 3.619533e-05
 9000.800000 -3.002614e-05 -3.839763e-07 -4.190599e-08 -4.271248e-07 5.797664e-05 3.628627e-04 -4.619817e-05 3.605823e-05
 9001.000000 -2.999534e-05 -3.837949e-07 -4.104203e-08 -4.273744e-07 6.201996e-05 3.667855e-04 -5.358977e-05 3.463889e-05
 9001.200000 -2.992564e-05 -3.828409e-07 -4.023125e-08 -4.267348e-07 6.466336e-05 3.552557e-04 -5.044056e-05 2.858883e-05
 9001.400000 -2.981564e-05 -3.808504e-07 -3.965492e-08 -4.259482e-07 5.961355e-05 3.491202e-04 -5.102832e-05 2.528262e-05
 9001.600000 -2.961544e-05 -3.791440e-07 -3.915950e-08 -4.234052e-07 5.656570e-05 3.522266e-04 -4.168324e-05 2.850119e-05
 9001.800000 -2.942721e-05 -3.765360e-07 -3.861750e-08 -4.211307e-07 5.276164e-05 3.653090e-04 -4.654819e-05 2.534984e-05
 9002.000000 -2.936772e-05 -3.754453e-07 -3.827932e-08 -4.209635e-07 6.703758e-05 3.768945e-04 -5.123501e-05 3.139564e-05
 9002.200000 -2.942439e-05 -3.759279e-07 -3.800594e-08 -4.216620e-07 7.152825e-05 3.577337e-04 -5.182610e-05 3.355289e-05
 9002.400000 -2.953098e-05 -3.770964e-07 -3.804345e-08 -4.231479e-07 7.750876e-05 3.709773e-04 -5.249857e-05 3.660426e-05
 9002.600000 -2.964227e-05 -3.784219e-07 -3.817358e-08 -4.245658e-07 7.496891e-05 3.847145e-04 -4.721626e-05 3.407475e-05
 9002.800000 -2.977656e-05 -3.793179e-07 -3.839008e-08 -4.259964e-07 7.005081e-05 4.042481e-04 -5.014399e-05 4.170339e-05
 9003.000000 -2.993845e-05 -3.822330e-07 -3.880471e-08 -4.277616e-07 7.189927e-05 3.646314e-04 -4.209832e-05 3.552605e-05
 9003.200000 -3.003288e-05 -3.847320e-07 -3.953724e-08 -4.286868e-07 6.704115e-05 3.662832e-04 -4.687300e-05 2.710969e-05
 9003.400000 -3.006249e-05 -3.851543e-07 -3.992671e-08 -4.286709e-07 6.047059e-05 3.520917e-04 -5.462748e-05 2.781464e-05
 9003.600000 -3.005807e-05 -3.852235e-07 -4.038169e-08 -4.283225e-07 6.277748e-05 3.510413e-04 -5.234969e-05 3.122312e-05
 9003.800000 -3.004022e-05 -3.849624e-07 -4.064956e-08 -4.277378e-07 7.475704e-05 3.707803e-04 -3.255952e-05 2.997114e-05
 9004.000000 -3.000928e-05 -3.837472e-07 -4.118792e-08 -4.270946e-07 6.718685e-05 3.738230e-04 -3.230717e-05 2.788592e-05
 9004.200000 -3.002693e-05 -3.848828e-07 -4.177075e-08 -4.265503e-07 6.105085e-05 3.502767e-04 -3.484499e-05 1.862056e-05
 9004.400000 -3.003336e-05 -3.855138e-07 -4.222661e-08 -4.261238e-07 6.525150e-05 3.694052e-04 -3.541581e-05 1.877838e-05
 9004.600000 -2.996949e-05 -3.836501e-07 -4.240008e-08 -4.254610e-07 6.533048e-05 3.707887e-04 -2.533265e-05 3.981376e-05
 9004.800000 -2.995377e-05 -3.824413e-07 -4.261571e-08 -4.246648e-07 6.320275e-05 3.621931e-04 -3.568798e-05 4.131067e-05
 9005.000000 -2.996678e-05 -3.835449e-07 -4.322250e-08 -4.244212e-07 5.255748e-05 3.553886e-04 -2.849211e-05 4.391590e-05
 9005.200000 -2.992395e-05 -3.827958e-07 -4.352079e-08 -4.239838e-07 4.871740e-05 3.797807e-04 -2.891024e-05 4.975057e-05
 9005.400000 -2.995979e-05 -3.841737e-07 -4.438523e-08 -4.234969e-07 4.850525e-05 3.983133e-04 -3.595657e-05 4.219120e-05
 9005.600000 -2.997469e-05 -3.855871e-07 -4.504544e-08 -4.229927e-07 4.793291e-05 3.939510e-04 -4.077367e-05 4.079885e-05
 9005.800000 -2.997146e-05 -3.854964e-07 -4.549943e-08 -4.224049e-07 5.395583e-05 3.776574e-04 -3.442154e-05 4.242565e-05
 9006.000000 -2.992415e-05 -3.841005e-07 -4.580423e-08 -4.218877e-07 6.529486e-05 3.989541e-04 -3.296608e-05 4.666847e-05
 9006.200000 -2.988238e-05 -3.828490e-07 -4.591169e-08 -4.211631e-07 6.481258e-05 4.142323e-04 -2.629513e-05 3.407318e-05
 9006.400000 -2.985066e-05 -3.822599e-07 -4.607515e-08 -4.207072e-07 6.458755e-05 4.103904e-04 -2.984221e-05 3.135237e-05
 9006.600000 -2.989141e-05 -3.837124e-07 -4.640609e-08 -4.208656e-07 6.103700e-05 4.098556e-04 -2.591021e-05 3.631536e-05
 9006.800000 -2.991602e-05 -3.860205e-07 -4.706106e-08 -4.206143e-07 5.160409e-05 4.117461e-04 -2.906362e-05 3.774330e-05
 9007.000000 -2.992563e-05 -3.860894e-07 -4.732596e-08 -4.205022e-07 5.433325e-05 4.287492e-04 -1.858424e-05 3.904564e-05
 9007.200000 -2.990700e-05 -3.853798e-07 -4.745812e-08 -4.198711e-07 6.421306e-05 4.318844e-04 -3.639871e-05 3.176892e-05
 9007.400000 -2.986506e-05 -3.848512e-07 -4.760634e-08 -4.192913e-07 6.573347e-05 4.203329e-04 -2.512248e-05 2.571206e-05
 9007.600000 -2.988071e-05 -3.855024e-07 -4.806743e-08 -4.189899e-07 5.658809e-05 3.967363e-04 -2.294810e-05 3.255228e-05
 9007.800000 -2.987854e-05 -3.855864e-07 -4.840807e-08 -4.188434e-07 4.533885e-05 3.991713e-04 -2.501658e-05 3.403750e-05
 9008.000000 -2.986048e-05 -3.844537e-07 -4.856044e-08 -4.183981e-07 4.698940e-05 3.941232e-04 -1.627170e-05 2.931651e-05
 9008.200000 -2.988836e-05 -3.863545e-07 -4.928658e-08 -4.184444e-07 5.238755e-05 4.053451e-04 -3.043695e-05 3.560057e-05
 9008.400000 -2.991317e-05 -3.879811e-07 -4.994326e-08 -4.180527e-07 6.824293e-05 4.262819e-04 -3.764199e-05 4.102540e-05
 9008.600000 -2.990296e-05 -3.874623e-07 -5.008728e-08 -4.176475e-07 7.649077e-05 4.285734e-04 -3.449543e-05 4.399097e-05
 9008.800000 -2.989945e-05 -3.878223e-07 -5.032741e-08 -4.171560e-07 7.094739e-05 4.561270e-04 -2.006177e-05 4.818056e-05
 9009.000000 -2.990412e-05 -3.885879e-07 -5.079339e-08 -4.170016e-07 7.228132e-05 4.350170e-04 -1.728337e-05 4.726627e-05
 9009.227860 -2.990065e-05 -3.885065e-07 -5.098697e-08 -4.168061e-07 6.632119e-05 4.402024e-04 -2.749083e-05 3.773064e-05
 9009.483581 -2.986963e-05 -3.877205e-07 -5.123849e-08 -4.165046e-07 6.426567e-05 4.384967e-04 -2.253801e-05 3.467452e-05
 9009.767162 -2.981675e-05 -3.860543e-07 -5.135269e-08 -4.163528e-07 6.588189e-05 4.081822e-04 -2.282658e-05 3.578678e-05
 9010.078604 -2.979439e-05 -3.854207e-07 -5.147168e-08 -4.159716e-07 6.534364e-05 4.152309e-04 -1.297030e-05 3.258121e-05
 9010.417905 -2.975010e-05 -3.846560e-07 -5.139838e-08 -4.155782e-07 7.163192e-05 4.005342e-04 -2.532905e-05 1.524457e-05
 9010.785067 -2.974378e-05 -3.864296e-07 -5.174959e-08 -4.152274e-07 7.188115e-05 3.941658e-04 -3.114635e-05 1.712906e-05
 9011.180090 -2.968024e-05 -3.861192e-07 -5.177033e-08 -4.142743e-07 6.492117e-05 3.917475e-04 -3.705528e-05 3.021733e-05
 9011.602973 -2.955656e-05 -3.827684e-07 -5.138403e-08 -4.135262e-07 6.651370e-05 4.078537e-04 -3.739424e-05 2.775004e-05
 9012.053716 -2.951042e-05 -3.813715e-07 -5.103632e-08 -4.133034e-07 7.514400e-05 4.235134e-04 -3.806772e-05 2.454121e-05
 9012.532319 -2.955963e-05 -3.830850e-07 -5.114447e-08 -4.140138e-07 8.181605e-05 4.079444e-04 -3.532340e-05 2.643229e-05
 9013.038783 -2.960548e-05 -3.840382e-07 -5.089073e-08 -4.150490e-07 7.223232e-05 4.044605e-04 -3.757823e-05 2.694166e-05
 9013.573107 -2.959385e-05 -3.827312e-07 -5.019087e-08 -4.160683e-07 7.466360e-05 4.383224e-04 -4.168742e-05 2.863196e-05
 9014.135292 -2.976503e-05 -3.866653e-07 -5.042312e-08 -4.186809e-07 6.363529e-05 4.315074e-04 -3.449184e-05 2.540439e-05
 9014.725337 -2.990461e-05 -3.893779e-07 -5.037325e-08 -4.209509e-07 6.265783e-05 4.051708e-04 -4.575345e-05 2.475471e-05
 9015.343242 -2.993242e-05 -3.893607e-07 -4.969484e-08 -4.224310e-07 6.399867e-05 4.014739e-04 -5.128542e-05 1.870769e-05
 9015.989008 -2.990453e-05 -3.884646e-07 -4.869887e-08 -4.233061e-07 4.916091e-05 3.939530e-04 -4.494954e-05 1.635950e-05
 9016.662634 -2.989449e-05 -3.886559e-07 -4.795050e-08 -4.241481e-07 4.930659e-05 3.946971e-04 -5.516631e-05 1.644808e-05
 9017.364120 -2.987928e-05 -3.887101e-07 -4.714244e-08 -4.250605e-07 4.800036e-05 3.752811e-04 -5.006711e-05 1.914983e-05
 9018.093467 -2.984691e-05 -3.878097e-07 -4.591613e-08 -4.261989e-07 4.401745e-05 3.627690e-04 -4.649941e-05 1.581732e-05
 9018.850674 -2.981907e-05 -3.867719e-07 -4.469215e-08 -4.274892e-07 3.953233e-05 3.723731e-04 -5.361023e-05 2.527671e-05
 9019.635741 -2.981959e-05 -3.871564e-07 -4.376177e-08 -4.285727e-07 3.815547e-05 3.602909e-04 -4.762095e-05 2.674908e-05
 9020.448669 -2.979109e-05 -3.864117e-07 -4.297035e-08 -4.294157e-07 3.984203e-05 3.603045e-04 -5.667556e-05 3.051123e-05
 9021.289457 -2.981035e-05 -3.879497e-07 -4.206329e-08 -4.303700e-07 4.347874e-05 3.642138e-04 -4.870598e-05 2.934932e-05
 9022.158106 -2.976008e-05 -3.859589e-07 -4.103651e-08 -4.312107e-07 5.486804e-05 3.618676e-04 -5.258001e-05 2.085367e-05
 9023.054614 -2.973986e-05 -3.860864e-07 -4.006797e-08 -4.317564e-07 5.571333e-05 3.797811e-04 -5.002550e-05 3.893283e-05
 9023.978983 -2.974169e-05 -3.874253e-07 -3.961016e-08 -4.321665e-07 5.151728e-05 4.183978e-04 -4.899418e-05 4.693017e-05
 9024.931213 -2.969972e-05 -3.861696e-07 -3.910436e-08 -4.323331e-07 5.277836e-05 3.956479e-04 -5.515642e-05 4.008682e-05
 9025.911303 -2.963712e-05 -3.848052e-07 -3.933115e-08 -4.315093e-07 5.438403e-05 3.763857e-04 -6.172201e-05 3.285765e-05
 9026.919253 -2.967863e-05 -3.879588e-07 -4.066869e-08 -4.308695e-07 4.892766e-05 3.975488e-04 -4.990704e-05 3.168629e-05
 9027.955064 -2.968493e-05 -3.894592e-07 -4.191375e-08 -4.299648e-07 5.438200e-05 4.090091e-04 -4.838575e-05 3.213143e-05
 9029.018734 -2.963214e-05 -3.887228e-07 -4.318079e-08 -4.287074e-07 5.803743e-05 3.952555e-04 -5.862552e-05 3.013691e-05
 9030.110266 -2.959347e-05 -3.886906e-07 -4.436627e-08 -4.271687e-07 5.263250e-05 3.896460e-04 -5.573307e-05 3.019653e-05
 9031.232723 -2.960301e-05 -3.897883e-07 -4.603633e-08 -4.264917e-07 4.993797e-05 3.923818e-04 -5.241566e-05 2.297276e-05
 9032.367373 -2.960277e-05 -3.909595e-07 -4.753714e-08 -4.259783e-07 5.929089e-05 3.798978e-04 -6.659480e-05 7.102117e-06
 9033.514214 -2.957484e-05 -3.914764e-07 -4.811559e-08 -4.253396e-07 6.332339e-05 3.849928e-04 -6.423933e-05 1.367531e-05
 9034.673248 -2.952868e-05 -3.903405e-07 -4.858201e-08 -4.245742e-07 5.781331e-05 3.957606e-04 -4.729963e-05 2.497252e-05
 9035.844473 -2.952385e-05 -3.914071e-07 -4.892728e-08 -4.246135e-07 6.343866e-05 3.713373e-04 -3.744892e-05 2.015419e-05
 9037.027890 -2.949782e-05 -3.914292e-07 -4.877055e-08 -4.244175e-07 6.048134e-05 3.678031e-04 -3.747129e-05 1.925082e-05
 9038.223499 -2.948377e-05 -3.917221e-07 -4.849999e-08 -4.247310e-07 6.221608e-05 3.843771e-04 -4.275880e-05 1.897979e-05
 9039.431300 -2.944741e-05 -3.913341e-07 -4.787747e-08 -4.250534e-07 5.749535e-05 3.952473e-04 -4.266304e-05 3.090591e-05
 9040.651293 -2.940033e-05 -3.904129e-07 -4.723860e-08 -4.252126e-07 5.505313e-05 4.053604e-04 -4.929783e-05 2.832581e-05
 9041.883478 -2.934591e-05 -3.889295e-07 -4.709489e-08 -4.251401e-07 5.799703e-05 3.807746e-04 -4.618441e-05 2.830248e-05
 9043.127855 -2.931053e-05 -3.886285e-07 -4.718568e-08 -4.251466e-07 5.700380e-05 3.831483e-04 -3.548071e-05 2.688831e-05
 9044.384423 -2.929874e-05 -3.893526e-07 -4.746605e-08 -4.250354e-07 5.920049e-05 3.880365e-04 -3.864117e-05 1.804251e-05
 9045.653184 -2.928897e-05 -3.906330e-07 -4.784585e-08 -4.250488e-07 6.088316e-05 3.946835e-04 -3.711464e-05 3.042161e-05
 9046.934136 -2.924104e-05 -3.896340e-07 -4.745189e-08 -4.252497e-07 6.243790e-05 3.924865e-04 -4.454406e-05 3.401448e-05
 9048.227280 -2.923300e-05 -3.899714e-07 -4.677204e-08 -4.257721e-07 6.166536e-05 3.904133e-04 -5.466652e-05 2.276784e-05
 9049.532617 -2.922409e-05 -3.897235e-07 -4.600794e-08 -4.261063e-07 6.538717e-05 4.180233e-04 -4.460557e-05 1.804845e-05
 9050.850145 -2.923231e-05 -3.912240e-07 -4.587001e-08 -4.266309e-07 6.618009e-05 4.126429e-04 -4.204821e-05 2.615654e-05
 9052.179865 -2.922316e-05 -3.920569e-07 -4.595276e-08 -4.267939e-07 6.126595e-05 4.263433e-04 -4.792835e-05 2.559944e-05
 9053.521777 -2.916037e-05 -3.899909e-07 -4.571394e-08 -4.268646e-07 5.043341e-05 4.306888e-04 -5.130071e-05 3.109395e-05
 9054.875881 -2.905387e-05 -3.866840e-07 -4.517621e-08 -4.269064e-07 5.684612e-05 3.941278e-04 -4.919964e-05 1.884319e-05
 9056.242177 -2.898175e-05 -3.846220e-07 -4.451309e-08 -4.271651e-07 6.499057e-05 3.918745e-04 -4.465769e-05 2.344334e-05
 9057.620664 -2.905674e-05 -3.881305e-07 -4.420257e-08 -4.281584e-07 5.809168e-05 3.849452e-04 -4.328723e-05 3.130613e-05
 9059.011344 -2.898397e-05 -3.895605e-07 -4.395150e-08 -4.276540e-07 5.904263e-05 3.856575e-04 -4.648364e-05 2.577974e-05
 9060.414215 -2.888731e-05 -3.884051e-07 -4.338646e-08 -4.268759e-07 6.313460e-05 3.661234e-04 -5.288700e-05 2.433078e-05
 9061.829279 -2.895870e-05 -3.885685e-07 -4.320410e-08 -4.291562e-07 6.664184e-05 3.663762e-04 -5.100922e-05 2.950024e-05
 9063.256534 -2.901716e-05 -3.900057e-07 -4.290548e-08 -4.307779e-07 6.240895e-05 3.697138e-04 -5.312538e-05 4.351220e-05
 9064.695981 -2.902040e-05 -3.909392e-07 -4.255064e-08 -4.316532e-07 5.844943e-05 3.643225e-04 -6.659183e-05 4.041254e-05
 9066.147620 -2.904110e-05 -3.927217e-07 -4.211053e-08 -4.325452e-07 6.264213e-05 3.900318e-04 -6.305884e-05 3.444593e-05
 9067.611452 -2.902568e-05 -3.928521e-07 -4.144064e-08 -4.331294e-07 5.061428e-05 3.647767e-04 -4.786346e-05 4.120970e-05
 9069.087475 -2.901053e-05 -3.929703e-07 -4.089518e-08 -4.337020e-07 4.330683e-05 3.679632e-04 -5.433127e-05 4.166076e-05
 9070.575689 -2.896246e-05 -3.919934e-07 -4.047842e-08 -4.339335e-07 4.416463e-05 3.556700e-04 -4.483608e-05 4.015548e-05
 9072.076096 -2.895263e-05 -3.930767e-07 -4.047315e-08 -4.339336e-07 5.082757e-05 3.390248e-04 -4.653249e-05 4.379258e-05
 9073.588695 -2.893930e-05 -3.936613e-07 -4.073393e-08 -4.338610e-07 4.513080e-05 3.318049e-04 -6.729006e-05 3.090289e-05
 9075.113485 -2.891531e-05 -3.939314e-07 -4.136763e-08 -4.335958e-07 5.298131e-05 3.467701e-04 -6.765649e-05 2.661955e-05
 9076.650468 -2.888022e-05 -3.929884e-07 -4.220615e-08 -4.328835e-07 5.840819e-05 3.693733e-04 -4.251297e-05 3.213259e-05
 9078.199642 -2.883227e-05 -3.923475e-07 -4.324358e-08 -4.318946e-07 5.483298e-05 3.747866e-04 -4.993499e-05 3.552763e-05
 9079.761009 -2.879323e-05 -3.918152e-07 -4.448635e-08 -4.314164e-07 5.006506e-05 3.775527e-04 -4.919814e-05 2.997889e-05
 9081.334567 -2.860835e-05 -3.857933e-07 -4.490852e-08 -4.294036e-07 4.665420e-05 3.669049e-04 -2.959249e-05 4.051206e-05
 9082.920317 -2.853851e-05 -3.852779e-07 -4.544973e-08 -4.282324e-07 3.906640e-05 3.571046e-04 -4.815300e-05 2.983309e-05
 9084.518259 -2.860339e-05 -3.895981e-07 -4.675406e-08 -4.279510e-07 3.960295e-05 3.389161e-04 -4.643100e-05 2.999988e-05
 9086.128393 -2.869386e-05 -3.948630e-07 -4.792653e-08 -4.285346e-07 3.886762e-05 3.450037e-04 -4.061699e-05 3.052127e-05
 9087.750719 -2.869685e-05 -3.951821e-07 -4.862654e-08 -4.290303e-07 3.635978e-05 3.325194e-04 -4.851725e-05 2.186299e-05
 9089.385237 -2.868919e-05 -3.947024e-07 -4.897674e-08 -4.289236e-07 4.514788e-05 3.126017e-04 -5.023041e-05 2.926778e-05
 9091.031946 -2.857940e-05 -3.912574e-07 -4.909158e-08 -4.280645e-07 5.209859e-05 3.089735e-04 -5.129266e-05 3.555079e-05
 9092.690848 -2.856171e-05 -3.911766e-07 -5.002825e-08 -4.276519e-07 5.114502e-05 3.220404e-04 -4.529613e-05 2.857664e-05
 9094.361942 -2.857517e-05 -3.932031e-07 -5.109866e-08 -4.275351e-07 4.530204e-05 3.241570e-04 -5.464804e-05 2.754511e-05
 9096.045227 -2.859623e-05 -3.955814e-07 -5.239814e-08 -4.276235e-07 5.352273e-05 3.170263e-04 -4.394753e-05 3.505045e-05
 9097.740704 -2.862916e-05 -3.979949e-07 -5.328876e-08 -4.279777e-07 5.080862e-05 3.233891e-04 -4.001341e-05 3.966517e-05
 9099.448374 -2.855118e-05 -3.959019e-07 -5.313410e-08 -4.279810e-07 4.279730e-05 3.212100e-04 -3.695494e-05 3.532727e-05
 9101.168235 -2.845880e-05 -3.920478e-07 -5.199306e-08 -4.280672e-07 4.597476e-05 3.207121e-04 -4.308576e-05 1.204383e-05
 9102.900288 -2.841450e-05 -3.919872e-07 -5.095649e-08 -4.286512e-07 4.555976e-05 3.325773e-04 -3.860558e-05 1.518255e-05
 9104.644533 -2.852151e-05 -3.969543e-07 -5.055533e-08 -4.304338e-07 4.490603e-05 3.453148e-04 -5.120993e-05 2.036618e-05
 9106.400970 -2.848714e-05 -3.964059e-07 -4.942899e-08 -4.308295e-07 4.965810e-05 3.386917e-04 -5.387876e-05 1.500393e-05
 9108.169598 -2.845513e-05 -3.964717e-07 -4.842585e-08 -4.311337e-07 5.507218e-05 3.210903e-04 -4.803807e-05 1.997622e-05
 9109.950419 -2.845047e-05 -3.968828e-07 -4.788239e-08 -4.321073e-07 4.674860e-05 3.132795e-04 -3.809023e-05 2.202226e-05
 9111.743432 -2.849774e-05 -3.997824e-07 -4.761878e-08 -4.328943e-07 5.615344e-05 3.208729e-04 -1.944576e-05 2.659566e-05
 9113.548636 -2.851087e-05 -4.012213e-07 -4.784376e-08 -4.340703e-07 5.354662e-05 3.153203e-04 -1.836937e-05 3.298152e-05
 9115.366032 -2.846098e-05 -3.998450e-07 -4.782618e-08 -4.343637e-07 4.967908e-05 3.015567e-04 -3.343827e-05 2.407072e-05
 9117.195621 -2.846527e-05 -4.007189e-07 -4.810921e-08 -4.356004e-07 5.072061e-05 3.093861e-04 -2.672241e-05 2.854002e-05
 9119.037401 -2.845937e-05 -4.017017e-07 -4.808151e-08 -4.362976e-07 5.180709e-05 3.123049e-04 -1.998970e-05 2.858888e-05
 9120.891373 -2.844211e-05 -4.018712e-07 -4.732639e-08 -4.372545e-07 4.876336e-05 3.014497e-04 -1.198100e-05 2.804766e-05
 9122.757537 -2.839447e-05 -4.007666e-07 -4.622071e-08 -4.380242e-07 4.737603e-05 2.985919e-04 -2.615348e-05 1.713868e-05
 9124.635893 -2.834278e-05 -3.990549e-07 -4.469701e-08 -4.388278e-07 5.087188e-05 3.030808e-04 -2.734025e-05 1.667454e-05
 9126.526441 -2.833036e-05 -3.994303e-07 -4.326754e-08 -4.399233e-07 5.268741e-05 2.775129e-04 -2.895532e-05 2.596973e-05
 9128.429181 -2.829949e-05 -4.001614e-07 -4.215800e-08 -4.401638e-07 4.864229e-05 3.014728e-04 -2.958062e-05 3.543419e-05
 9130.344112 -2.822936e-05 -4.010104e-07 -4.160006e-08 -4.396713e-07 5.066044e-05 3.106507e-04 -4.683711e-05 3.187093e-05
 9132.271236 -2.832655e-05 -4.033985e-07 -4.182337e-08 -4.416179e-07 5.074580e-05 2.973423e-04 -5.142650e-05 2.410078e-05
 9134.210552 -2.832129e-05 -4.037558e-07 -4.218053e-08 -4.416884e-07 5.525673e-05 3.150730e-04 -4.220911e-05 2.499066e-05
 9136.162059 -2.824183e-05 -4.022716e-07 -4.238865e-08 -4.409206e-07 4.919342e-05 3.232468e-04 -4.504673e-05 2.656063e-05
 9138.125758 -2.820418e-05 -4.025738e-07 -4.289859e-08 -4.407118e-07 4.026553e-05 3.104140e-04 -3.662152e-05 2.639935e-05
 9140.101649 -2.826209e-05 -4.050678e-07 -4.365848e-08 -4.416635e-07 3.915729e-05 3.101739e-04 -4.480485e-05 2.412586e-05
 9142.089733 -2.827152e-05 -4.066114e-07 -4.488154e-08 -4.415161e-07 4.307762e-05 3.179632e-04 -3.081748e-05 2.930122e-05
 9144.090008 -2.823365e-05 -4.062322e-07 -4.623228e-08 -4.408459e-07 6.384110e-05 3.270553e-04 -2.888876e-05 2.895813e-05
 9146.102475 -2.822003e-05 -4.076150e-07 -4.816038e-08 -4.403061e-07 6.836006e-05 3.478159e-04 -3.992569e-05 1.724561e-05
 9148.127133 -2.820554e-05 -4.087029e-07 -5.020303e-08 -4.395554e-07 6.165477e-05 3.586476e-04 -4.499893e-05 2.545551e-05
 9150.163984 -2.816549e-05 -4.083629e-07 -5.204743e-08 -4.393645e-07 6.288778e-05 3.499335e-04 -3.288764e-05 3.311272e-05
 9152.213027 -2.809800e-05 -4.070270e-07 -5.374170e-08 -4.383133e-07 5.609944e-05 3.484304e-04 -3.038067e-05 3.439460e-05
 9154.274261 -2.789491e-05 -4.055001e-07 -5.528847e-08 -4.352250e-07 5.210701e-05 3.489879e-04 -4.526602e-05 3.552935e-05
 9156.347688 -2.774306e-05 -4.048003e-07 -5.646365e-08 -4.330943e-07 5.518282e-05 3.393925e-04 -4.056096e-05 3.561102e-05
 9158.433306 -2.820641e-05 -4.136250e-07 -5.832150e-08 -4.401431e-07 5.146492e-05 3.224618e-04 -3.969960e-05 4.337250e-05
 9160.531117 -2.821592e-05 -4.150429e-07 -5.826940e-08 -4.413884e-07 5.800882e-05 3.359235e-04 -3.560508e-05 3.601438e-05
 9162.641119 -2.819006e-05 -4.147789e-07 -5.722485e-08 -4.419075e-07 6.376452e-05 3.299426e-04 -3.687872e-05 4.032132e-05
 9164.763313 -2.817370e-05 -4.147119e-07 -5.597638e-08 -4.425935e-07 4.903070e-05 3.477856e-04 -2.529949e-05 3.458876e-05
 9166.897699 -2.813399e-05 -4.153342e-07 -5.459831e-08 -4.430930e-07 5.024136e-05 3.358145e-04 -1.879143e-05 3.880255e-05
 9169.044277 -2.784902e-05 -4.101851e-07 -5.247738e-08 -4.401209e-07 4.387177e-05 3.374430e-04 -1.721809e-05 3.623958e-05
 9171.203047 -2.784149e-05 -4.125772e-07 -5.156474e-08 -4.401464e-07 4.617716e-05 3.360967e-04 -3.300404e-05 2.888463e-05
 9173.374008 -2.813620e-05 -4.199608e-07 -5.160253e-08 -4.454555e-07 4.570074e-05 3.323596e-04 -3.868524e-05 3.158899e-05
 9175.557162 -2.820998e-05 -4.212374e-07 -5.139848e-08 -4.469244e-07 5.482501e-05 3.479835e-04 -2.738204e-05 3.234897e-05
 9177.752508 -2.820713e-05 -4.218575e-07 -5.154315e-08 -4.478129e-07 6.207255e-05 3.505895e-04 -2.526525e-05 3.566087e-05
 9179.960045 -2.818003e-05 -4.210151e-07 -5.167907e-08 -4.481291e-07 5.392437e-05 3.283302e-04 -2.318862e-05 3.557825e-05
 9182.179775 -2.818721e-05 -4.223161e-07 -5.190856e-08 -4.489070e-07 5.544490e-05 3.260561e-04 -2.994119e-05 3.654292e-05
 9184.411696 -2.819387e-05 -4.238333e-07 -5.220143e-08 -4.499779e-07 4.658007e-05 3.333138e-04 -3.316767e-05 3.375330e-05
 9186.655809 -2.818552e-05 -4.245406e-07 -5.268297e-08 -4.504883e-07 4.611558e-05 3.353460e-04 -3.141932e-05 3.373235e-05
 9188.912114 -2.819611e-05 -4.261299e-07 -5.315904e-08 -4.510320e-07 4.515192e-05 3.242620e-04 -4.528399e-05 3.583273e-05
 9191.180611 -2.820188e-05 -4.270725e-07 -5.348267e-08 -4.520331e-07 5.368915e-05 3.185226e-04 -3.511310e-05 3.976525e-05
 9193.461300 -2.819314e-05 -4.270691e-07 -5.374101e-08 -4.527371e-07 5.638406e-05 3.119546e-04 -3.210699e-05 3.262673e-05
 9195.754181 -2.817693e-05 -4.272806e-07 -5.380858e-08 -4.533902e-07 6.031969e-05 3.228121e-04 -2.613844e-05 4.940991e-05
 9198.059254 -2.817580e-05 -4.274087e-07 -5.362001e-08 -4.543134e-07 5.989671e-05 3.333740e-04 -3.194069e-05 4.732389e-05
 9200.376518 -2.818326e-05 -4.285174e-07 -5.324114e-08 -4.558249e-07 6.744998e-05 3.040884e-04 -3.364564e-05 4.356745e-05
 9202.705975 -2.816874e-05 -4.275814e-07 -5.211434e-08 -4.572550e-07 6.660678e-05 2.914285e-04 -4.136745e-05 4.392451e-05
 9205.047623 -2.819139e-05 -4.289535e-07 -5.111860e-08 -4.582171e-07 6.019458e-05 2.950144e-04 -3.888345e-05 4.199217e-05
 9207.401464 -2.821108e-05 -4.302958e-07 -5.057264e-08 -4.594298e-07 5.609276e-05 3.038046e-04 -3.328931e-05 4.011231e-05
 9209.767496 -2.823642e-05 -4.324416e-07 -5.100899e-08 -4.605832e-07 6.128673e-05 3.245681e-04 -3.692922e-05 4.044745e-05
 9212.145720 -2.823062e-05 -4.325115e-07 -5.113653e-08 -4.610636e-07 6.657850e-05 3.013441e-04 -4.788840e-05 4.286560e-05
 9214.536136 -2.826851e-05 -4.357131e-07 -5.174311e-08 -4.619556e-07 6.360844e-05 2.842391e-04 -3.870272e-05 3.435150e-05
 9216.938744 -2.828605e-05 -4.375289e-07 -5.230141e-08 -4.625387e-07 6.182233e-05 2.828963e-04 -3.583131e-05 2.635469e-05
 9219.353544 -2.828915e-05 -4.382734e-07 -5.287414e-08 -4.628943e-07 6.081913e-05 2.865783e-04 -3.327064e-05 3.191104e-05
 9221.780536 -2.829959e-05 -4.390630e-07 -5.383948e-08 -4.636900e-07 6.743124e-05 3.346706e-04 -3.225149e-05 3.512990e-05
 9224.219720 -2.829351e-05 -4.390440e-07 -5.493213e-08 -4.640063e-07 6.547380e-05 3.286120e-04 -1.658446e-05 3.733751e-05
 9226.671096 -2.830569e-05 -4.405603e-07 -5.645549e-08 -4.645332e-07 6.560361e-05 2.987425e-04 -1.993348e-05 3.032225e-05
 9229.134663 -2.830393e-05 -4.410414e-07 -5.777519e-08 -4.652088e-07 6.660270e-05 3.107514e-04 -6.957710e-06 3.371588e-05
 9231.610423 -2.835373e-05 -4.438131e-07 -5.913997e-08 -4.661483e-07 5.198902e-05 2.923523e-04 -1.608807e-05 3.199359e-05
 9234.098374 -2.836678e-05 -4.447670e-07 -6.039976e-08 -4.672342e-07 4.412647e-05 2.985102e-04 -2.368191e-05 3.136190e-05
 9236.598517 -2.839305e-05 -4.466363e-07 -6.114370e-08 -4.682467e-07 4.411929e-05 3.176768e-04 -2.720727e-05 2.890858e-05
 9239.110852 -2.841198e-05 -4.478600e-07 -6.141633e-08 -4.691845e-07 5.268699e-05 3.207240e-04 -2.642185e-05 3.147922e-05
 9241.635380 -2.840480e-05 -4.479105e-07 -6.111738e-08 -4.697469e-07 6.328966e-05 3.134214e-04 -2.426047e-05 4.130830e-05
 9244.172099 -2.842413e-05 -4.494216e-07 -6.105301e-08 -4.705370e-07 6.482750e-05 3.079098e-04 -2.057211e-05 3.631752e-05
 9246.721009 -2.844847e-05 -4.514189e-07 -6.159072e-08 -4.714904e-07 6.198080e-05 3.203297e-04 -3.042786e-05 3.408343e-05
 9249.282112 -2.846895e-05 -4.533376e-07 -6.187114e-08 -4.724842e-07 5.527387e-05 3.182513e-04 -3.237648e-05 4.064783e-05
 9251.855407 -2.850398e-05 -4.551073e-07 -6.214719e-08 -4.736983e-07 5.528069e-05 2.895509e-04 -3.269477e-05 3.445291e-05
 9254.440894 -2.854144e-05 -4.573492e-07 -6.249931e-08 -4.752161e-07 5.143923e-05 3.039557e-04 -2.408045e-05 3.337044e-05
 9257.038572 -2.855398e-05 -4.578210e-07 -6.241037e-08 -4.765349e-07 5.966201e-05 3.097139e-04 -2.803612e-05 3.406584e-05
 9259.648443 -2.857059e-05 -4.594092e-07 -6.268645e-08 -4.776797e-07 7.546687e-05 3.251943e-04 -3.317227e-05 3.250940e-05
 9262.270505 -2.860249e-05 -4.611965e-07 -6.264374e-08 -4.790741e-07 8.158112e-05 3.229223e-04 -4.270313e-05 2.645537e-05
 9264.904759 -2.862261e-05 -4.621268e-07 -6.225406e-08 -4.804077e-07 7.515778e-05 3.145491e-04 -3.906678e-05 3.140892e-05
 9267.551205 -2.866259e-05 -4.647394e-07 -6.209984e-08 -4.823605e-07 6.599939e-05 2.857065e-04 -2.180276e-05 3.592198e-05
 9270.209844 -2.867795e-05 -4.655394e-07 -6.183599e-08 -4.834269e-07 6.472098e-05 2.981231e-04 -3.070186e-05 3.653956e-05
 9272.880674 -2.872679e-05 -4.679688e-07 -6.200103e-08 -4.850611e-07 4.830192e-05 3.189879e-04 -2.001812e-05 3.377022e-05
 9275.563696 -2.877514e-05 -4.704904e-07 -6.205409e-08 -4.865813e-07 4.193668e-05 3.458952e-04 -1.947656e-05 3.440038e-05
 9278.258909 -2.880101e-05 -4.720671e-07 -6.222286e-08 -4.877444e-07 4.125679e-05 3.455556e-04 -2.422801e-05 2.572795e-05
 9280.966315 -2.882958e-05 -4.734979e-07 -6.227561e-08 -4.893912e-07 4.392079e-05 3.713418e-04 -1.740917e-05 2.460578e-05
 9283.685913 -2.884441e-05 -4.742363e-07 -6.247914e-08 -4.907404e-07 5.046323e-05 3.687589e-04 -1.658950e-05 2.321297e-05
 9286.417702 -2.888120e-05 -4.765806e-07 -6.289130e-08 -4.922457e-07 3.942508e-05 3.819167e-04 -2.805035e-05 2.210742e-05
 9289.161684 -2.882749e-05 -4.767191e-07 -6.284459e-08 -4.923421e-07 4.539040e-05 3.819790e-04 -2.180084e-05 2.845640e-05
 9291.917857 -2.887181e-05 -4.776042e-07 -6.265738e-08 -4.944240e-07 5.147101e-05 3.614236e-04 -1.242797e-05 3.958189e-05
 9294.686222 -2.886704e-05 -4.762766e-07 -6.225002e-08 -4.959071e-07 5.073980e-05 3.740806e-04 -2.455208e-05 4.178261e-05
 9297.466780 -2.879195e-05 -4.755931e-07 -6.226174e-08 -4.953244e-07 5.066783e-05 3.929316e-04 -2.385496e-05 4.082990e-05
 9300.259529 -2.876389e-05 -4.776612e-07 -6.266120e-08 -4.951774e-07 4.486160e-05 3.922939e-04 -1.806268e-05 4.290471e-05
 9303.064470 -2.900240e-05 -4.836321e-07 -6.379782e-08 -4.996645e-07 4.587449e-05 3.924618e-04 -2.655612e-05 4.930298e-05
 9305.881602 -2.906129e-05 -4.871484e-07 -6.476221e-08 -5.010162e-07 4.834991e-05 3.966864e-04 -3.135516e-05 4.173333e-05
 9308.710927 -2.906515e-05 -4.894469e-07 -6.579490e-08 -5.014184e-07 6.091599e-05 3.808543e-04 -3.564744e-05 3.340277e-05
 9311.552444 -2.909959e-05 -4.905251e-07 -6.666837e-08 -5.029444e-07 5.866116e-05 3.813063e-04 -4.448320e-05 3.082329e-05
 9314.406153 -2.912411e-05 -4.911118e-07 -6.751156e-08 -5.044500e-07 5.919472e-05 3.844650e-04 -3.552707e-05 3.640304e-05
 9317.272053 -2.920690e-05 -4.951528e-07 -6.858634e-08 -5.064010e-07 6.375827e-05 3.811337e-04 -3.201752e-05 4.211031e-05
 9320.150146 -2.928855e-05 -4.993313e-07 -6.959458e-08 -5.082480e-07 6.216492e-05 3.680618e-04 -2.484434e-05 3.847716e-05
 9323.040430 -2.925963e-05 -4.994366e-07 -6.979429e-08 -5.087643e-07 6.721144e-05 3.645008e-04 -2.281668e-05 3.980693e-05
 9325.942906 -2.917270e-05 -4.995534e-07 -6.987397e-08 -5.078700e-07 6.542251e-05 3.529769e-04 -3.030318e-05 4.173789e-05
 9328.857574 -2.940498e-05 -5.056496e-07 -7.075000e-08 -5.125971e-07 6.643154e-05 3.805606e-04 -3.019429e-05 4.473104e-05
 9331.784435 -2.944763e-05 -5.077625e-07 -7.146443e-08 -5.141436e-07 6.364393e-05 4.095234e-04 -2.919238e-05 4.522657e-05
 9334.723487 -2.946547e-05 -5.092082e-07 -7.223439e-08 -5.154731e-07 6.350674e-05 4.007620e-04 -1.052776e-05 4.722713e-05
 9337.674730 -2.954611e-05 -5.127311e-07 -7.325207e-08 -5.176869e-07 6.261721e-05 4.112653e-04 -8.759983e-06 4.828107e-05
 9340.638166 -2.958177e-05 -5.144917e-07 -7.408945e-08 -5.193656e-07 5.258520e-05 3.995708e-04 -3.132667e-05 4.373174e-05
 9343.613794 -2.958586e-05 -5.152993e-07 -7.429321e-08 -5.204448e-07 4.924907e-05 3.903654e-04 -2.754060e-05 4.424092e-05
 9346.601614 -2.964384e-05 -5.184064e-07 -7.467113e-08 -5.219210e-07 5.981136e-05 3.945452e-04 -2.450761e-05 5.025005e-05
 9349.601625 -2.974819e-05 -5.237120e-07 -7.534953e-08 -5.244534e-07 6.480166e-05 3.794960e-04 -2.536102e-05 5.334595e-05
 9352.613829 -2.975408e-05 -5.240154e-07 -7.551029e-08 -5.259715e-07 6.056165e-05 3.667748e-04 -3.067221e-05 5.599746e-05
 9355.638224 -2.978354e-05 -5.262625e-07 -7.596735e-08 -5.276321e-07 6.098933e-05 3.893020e-04 -2.498571e-05 5.050777e-05
 9358.674811 -2.982391e-05 -5.281653e-07 -7.622791e-08 -5.292510e-07 5.895220e-05 3.886383e-04 -1.839938e-05 4.474439e-05
 9361.723590 -2.986714e-05 -5.308373e-07 -7.653147e-08 -5.307860e-07 4.918090e-05 3.957495e-04 -2.778105e-05 4.002616e-05
 9364.784561 -2.992370e-05 -5.339510e-07 -7.686905e-08 -5.326335e-07 4.727983e-05 4.014371e-04 -2.330439e-05 4.666085e-05
 9367.857724 -2.994937e-05 -5.358455e-07 -7.719185e-08 -5.340600e-07 4.689333e-05 4.039474e-04 -2.922703e-05 4.064931e-05
 9370.943079 -3.003234e-05 -5.404732e-07 -7.784793e-08 -5.358853e-07 5.051124e-05 4.178967e-04 -1.970928e-05 4.617510e-05
 9374.040626 -3.006004e-05 -5.414220e-07 -7.787267e-08 -5.375673e-07 5.284079e-05 4.225551e-04 -2.370931e-05 4.472756e-05
 9377.150365 -3.004530e-05 -5.405050e-07 -7.735019e-08 -5.386405e-07 4.834224e-05 4.226920e-04 -3.224069e-05 4.802509e-05
 9380.272295 -3.007299e-05 -5.421215e-07 -7.738000e-08 -5.402855e-07 4.971678e-05 4.156773e-04 -3.536399e-05 4.845118e-05
 9383.406418 -3.018337e-05 -5.480058e-07 -7.840829e-08 -5.428261e-07 5.591197e-05 4.043197e-04 -4.880721e-05 4.885763e-05
 9386.552732 -3.018306e-05 -5.488772e-07 -7.854441e-08 -5.439215e-07 5.298498e-05 3.745222e-04 -3.984073e-05 4.521553e-05
 9389.711239 -3.023705e-05 -5.514592e-07 -7.864675e-08 -5.459399e-07 5.650649e-05 3.760238e-04 -3.341277e-05 3.811070e-05
 9392.881937 -3.037166e-05 -5.581674e-07 -7.963255e-08 -5.487649e-07 5.593385e-05 3.816022e-04 -3.984954e-05 3.458552e-05
 9396.064827 -3.039574e-05 -5.596398e-07 -8.033512e-08 -5.504540e-07 5.838535e-05 3.939618e-04 -3.010092e-05 4.405714e-05
 9399.259909 -3.041373e-05 -5.611568e-07 -8.096910e-08 -5.520506e-07 6.362309e-05 3.965035e-04 -3.709290e-05 4.673289e-05
 9402.467183 -3.049067e-05 -5.657258e-07 -8.163763e-08 -5.542458e-07 5.918123e-05 4.083209e-04 -3.935681e-05 3.962995e-05
 9405.686649 -3.053913e-05 -5.688481e-07 -8.230272e-08 -5.559755e-07 6.157312e-05 3.919769e-04 -3.650844e-05 4.461534e-05
 9408.918307 -3.054263e-05 -5.695354e-07 -8.298554e-08 -5.573500e-07 5.306021e-05 4.208793e-04 -4.597267e-05 5.078803e-05
 9412.162157 -3.053531e-05 -5.698302e-07 -8.361429e-08 -5.585063e-07 5.843273e-05 4.223410e-04 -3.230562e-05 6.012497e-05
 9415.418198 -3.056635e-05 -5.717279e-07 -8.430534e-08 -5.603449e-07 5.142826e-05 4.234977e-04 -4.229835e-05 4.650123e-05
 9418.686432 -3.064987e-05 -5.767983e-07 -8.555519e-08 -5.629408e-07 5.975990e-05 4.277229e-04 -4.126380e-05 5.787726e-05
 9421.966857 -3.059741e-05 -5.793103e-07 -8.609117e-08 -5.626892e-07 5.749995e-05 4.260601e-04 -4.838352e-05 4.567967e-05
 9425.259474 -3.063777e-05 -5.799470e-07 -8.625358e-08 -5.645915e-07 5.196944e-05 4.357165e-04 -5.106636e-05 4.465780e-05
 9428.564284 -3.068776e-05 -5.795900e-07 -8.641146e-08 -5.670486e-07 4.446639e-05 4.310017e-04 -5.090582e-05 4.606020e-05
 9431.881285 -3.070374e-05 -5.814030e-07 -8.704172e-08 -5.683286e-07 4.621000e-05 4.259738e-04 -4.735552e-05 4.459318e-05
 9435.210478 -3.091013e-05 -5.927751e-07 -8.895831e-08 -5.720553e-07 5.546962e-05 4.207747e-04 -5.025498e-05 3.629252e-05
 9438.551863 -3.097704e-05 -5.965727e-07 -8.972723e-08 -5.740407e-07 6.038613e-05 4.298082e-04 -5.657920e-05 3.653598e-05
 9441.905440 -3.102176e-05 -5.989868e-07 -9.048161e-08 -5.759175e-07 5.509926e-05 4.252746e-04 -4.998009e-05 4.446091e-05
 9445.271209 -3.110229e-05 -6.037611e-07 -9.176818e-08 -5.784553e-07 5.176638e-05 4.321193e-04 -3.880938e-05 5.092373e-05
 9448.649169 -3.110542e-05 -6.051465e-07 -9.217441e-08 -5.797591e-07 4.805133e-05 4.310602e-04 -4.124123e-05 4.308165e-05
 9452.039322 -3.110364e-05 -6.054520e-07 -9.231517e-08 -5.811055e-07 4.819580e-05 4.058230e-04 -5.144260e-05 3.263890e-05
 9455.441666 -3.106945e-05 -6.042160e-07 -9.259254e-08 -5.822096e-07 5.133687e-05 4.008497e-04 -5.945809e-05 2.134504e-05
 9458.856203 -3.115965e-05 -6.089193e-07 -9.378754e-08 -5.848420e-07 5.041826e-05 4.141443e-04 -4.764877e-05 3.131728e-05
 9462.282931 -3.118077e-05 -6.108881e-07 -9.393397e-08 -5.863452e-07 5.386159e-05 4.057750e-04 -4.905597e-05 2.601985e-05
 9465.721851 -3.121765e-05 -6.145345e-07 -9.438966e-08 -5.877126e-07 5.367398e-05 3.875996e-04 -5.786207e-05 2.291701e-05
 9469.172964 -3.128665e-05 -6.186793e-07 -9.575936e-08 -5.898926e-07 5.783840e-05 3.919942e-04 -5.045980e-05 2.781198e-05
 9472.636268 -3.135415e-05 -6.228542e-07 -9.686325e-08 -5.920055e-07 6.359337e-05 4.177912e-04 -4.410546e-05 2.669831e-05
 9476.111764 -3.145130e-05 -6.286377e-07 -9.756185e-08 -5.944546e-07 6.153995e-05 4.276696e-04 -4.854092e-05 2.951686e-05
 9479.599451 -3.145477e-05 -6.296063e-07 -9.779833e-08 -5.956308e-07 5.982485e-05 4.278097e-04 -4.802726e-05 3.183804e-05
 9483.099331 -3.149613e-05 -6.327590e-07 -9.852630e-08 -5.973744e-07 5.635118e-05 4.256518e-04 -5.695927e-05 2.565703e-05
 9486.611403 -3.154636e-05 -6.365189e-07 -9.910846e-08 -5.995731e-07 4.981007e-05 4.155265e-04 -4.693036e-05 2.201587e-05
 9490.135666 -3.159583e-05 -6.403673e-07 -9.955011e-08 -6.017891e-07 5.216871e-05 4.186273e-04 -5.294193e-05 2.322611e-05
 9493.672122 -3.161050e-05 -6.417931e-07 -9.980381e-08 -6.029750e-07 5.514264e-05 4.180319e-04 -4.664114e-05 3.469736e-05
 9497.220769 -3.162236e-05 -6.438112e-07 -1.000021e-07 -6.046470e-07 5.291973e-05 4.119989e-04 -3.757752e-05 2.889233e-05
 9500.781609 -3.158332e-05 -6.454031e-07 -1.001102e-07 -6.053660e-07 4.125259e-05 3.968471e-04 -3.912184e-05 2.648318e-05
 9504.354640 -3.153268e-05 -6.456182e-07 -1.003966e-07 -6.059644e-07 4.507541e-05 3.965117e-04 -3.522220e-05 3.780531e-05
 9507.939863 -3.170471e-05 -6.510029e-07 -1.013299e-07 -6.100059e-07 5.928346e-05 3.971574e-04 -3.292638e-05 3.336922e-05
 9511.537278 -3.172409e-05 -6.533155e-07 -1.016383e-07 -6.114003e-07 6.160151e-05 3.907655e-04 -4.496636e-05 2.924421e-05
 9515.146885 -3.182047e-05 -6.591965e-07 -1.028932e-07 -6.142249e-07 5.834319e-05 3.852950e-04 -5.272375e-05 4.542024e-05
 9518.768684 -3.179511e-05 -6.586720e-07 -1.034204e-07 -6.154258e-07 5.637990e-05 3.721629e-04 -4.539113e-05 4.695393e-05
 9522.402675 -3.182713e-05 -6.613761e-07 -1.042281e-07 -6.175119e-07 5.672640e-05 3.678013e-04 -4.007655e-05 2.863754e-05
 9526.048857 -3.185692e-05 -6.643318e-07 -1.048420e-07 -6.195491e-07 6.522895e-05 3.505082e-04 -4.543383e-05 2.798514e-05
 9529.707232 -3.191238e-05 -6.687927e-07 -1.060749e-07 -6.216411e-07 6.436579e-05 3.550484e-04 -5.418499e-05 2.442143e-05
 9533.377799 -3.192888e-05 -6.710390e-07 -1.068348e-07 -6.232709e-07 6.447120e-05 3.501865e-04 -4.072979e-05 2.496898e-05
 9537.060557 -3.185067e-05 -6.695782e-07 -1.067039e-07 -6.235473e-07 5.307339e-05 3.458673e-04 -3.386534e-05 2.665923e-05
 9540.755507 -3.172794e-05 -6.695330e-07 -1.069854e-07 -6.225660e-07 5.430302e-05 3.428813e-04 -4.068520e-05 3.061642e-05
 9544.462650 -3.195294e-05 -6.754097e-07 -1.084926e-07 -6.279935e-07 5.879678e-05 3.544121e-04 -4.220302e-05 2.460962e-05
 9548.181984 -3.202451e-05 -6.802352e-07 -1.096518e-07 -6.304569e-07 6.185518e-05 3.740475e-04 -3.823199e-05 1.944679e-05
 9551.913510 -3.208276e-05 -6.853621e-07 -1.106146e-07 -6.326125e-07 5.978825e-05 3.630620e-04 -3.371283e-05 2.949206e-05
 9555.657228 -3.214993e-05 -6.910732e-07 -1.118974e-07 -6.348875e-07 6.305309e-05 3.480673e-04 -3.731842e-05 3.557638e-05
 9559.413138 -3.220922e-05 -6.959661e-07 -1.130518e-07 -6.377957e-07 6.936142e-05 3.409027e-04 -4.084072e-05 4.110528e-05
 9563.181239 -3.220925e-05 -6.982610e-07 -1.135083e-07 -6.392738e-07 6.930711e-05 3.479205e-04 -4.376163e-05 4.085234e-05
 9566.961533 -3.226002e-05 -7.010770e-07 -1.142222e-07 -6.410062e-07 6.862125e-05 3.531877e-04 -4.001301e-05 3.299492e-05
 9570.754019 -3.225927e-05 -7.041008e-07 -1.151588e-07 -6.423934e-07 7.130948e-05 3.640593e-04 -4.760508e-05 3.018620e-05
 9574.558696 -3.232797e-05 -7.081779e-07 -1.160888e-07 -6.452199e-07 6.683704e-05 3.799879e-04 -5.155450e-05 3.180604e-05
 9578.375565 -3.234357e-05 -7.084367e-07 -1.164982e-07 -6.473134e-07 6.813285e-05 3.970675e-04 -5.355071e-05 3.192911e-05
 9582.204627 -3.232047e-05 -7.090583e-07 -1.169465e-07 -6.485665e-07 6.149141e-05 3.808873e-04 -6.148862e-05 2.592625e-05
 9586.045880 -3.225996e-05 -7.078792e-07 -1.169211e-07 -6.492349e-07 6.038462e-05 3.777044e-04 -4.539045e-05 3.424315e-05
 9589.899325 -3.223366e-05 -7.082209e-07 -1.171345e-07 -6.500375e-07 6.297339e-05 3.959456e-04 -4.680828e-05 2.621846e-05
 9593.764962 -3.238964e-05 -7.192471e-07 -1.191716e-07 -6.534521e-07 5.667723e-05 3.626831e-04 -4.374044e-05 1.506294e-05
 9597.642791 -3.239090e-05 -7.216483e-07 -1.198256e-07 -6.549402e-07 5.968179e-05 3.576488e-04 -3.393163e-05 2.546722e-05
 9601.532812 -3.239172e-05 -7.230079e-07 -1.201818e-07 -6.567798e-07 6.299182e-05 3.684591e-04 -4.182924e-05 3.698184e-05
 9605.435025 -3.240577e-05 -7.252212e-07 -1.207573e-07 -6.587922e-07 5.633843e-05 3.786070e-04 -3.647834e-05 4.407221e-05
 9609.349429 -3.251351e-05 -7.332780e-07 -1.225650e-07 -6.617920e-07 6.312247e-05 3.662647e-04 -3.050682e-05 3.876540e-05
 9613.276026 -3.253863e-05 -7.370254e-07 -1.233871e-07 -6.635334e-07 6.530983e-05 3.504123e-04 -3.726698e-05 3.211340e-05
 9617.214814 -3.258176e-05 -7.423051e-07 -1.242450e-07 -6.652092e-07 5.683486e-05 3.455865e-04 -4.272514e-05 3.160827e-05
 9621.165795 -3.255107e-05 -7.428367e-07 -1.246632e-07 -6.666092e-07 6.369414e-05 3.393774e-04 -1.854732e-05 4.119706e-05
 9625.128967 -3.260792e-05 -7.475085e-07 -1.255289e-07 -6.692009e-07 6.048829e-05 3.583095e-04 -2.450424e-05 4.274844e-05
 9629.104331 -3.261378e-05 -7.496373e-07 -1.258005e-07 -6.708144e-07 4.741152e-05 3.617944e-04 -2.662842e-05 3.702847e-05
 9633.091888 -3.254193e-05 -7.484004e-07 -1.260490e-07 -6.709640e-07 4.814011e-05 3.488661e-04 -3.721745e-05 3.286953e-05
 9637.091636 -3.266780e-05 -7.574030e-07 -1.279224e-07 -6.747420e-07 5.067476e-05 3.520670e-04 -2.680239e-05 3.060117e-05
 9641.103575 -3.266480e-05 -7.597061e-07 -1.284347e-07 -6.762599e-07 6.259248e-05 3.509598e-04 -1.590251e-05 4.170059e-05
 9645.127707 -3.262596e-05 -7.590096e-07 -1.289181e-07 -6.775669e-07 7.837076e-05 3.454667e-04 -2.049219e-05 3.808745e-05
 9649.164031 -3.258555e-05 -7.586881e-07 -1.291726e-07 -6.787598e-07 7.459448e-05 3.812607e-04 -2.076933e-05 3.792866e-05
 9653.212547 -3.264271e-05 -7.647187e-07 -1.302144e-07 -6.813478e-07 6.179112e-05 3.510967e-04 -2.296452e-05 4.264578e-05
 9657.273254 -3.265927e-05 -7.670946e-07 -1.311423e-07 -6.835358e-07 4.992592e-05 3.305282e-04 -2.310127e-05 5.443630e-05
 9661.346154 -3.273416e-05 -7.746976e-07 -1.326982e-07 -6.861498e-07 5.266290e-05 3.349225e-04 -2.052377e-05 5.669893e-05
 9665.431245 -3.265791e-05 -7.753707e-07 -1.331650e-07 -6.862388e-07 6.675467e-05 3.421754e-04 -2.860741e-05 4.340154e-05
 9669.528529 -3.274768e-05 -7.807599e-07 -1.344353e-07 -6.896204e-07 5.720506e-05 3.427576e-04 -3.417436e-05 4.175577e-05
 9673.638004 -3.273312e-05 -7.820988e-07 -1.350893e-07 -6.906461e-07 6.891059e-05 3.412210e-04 -4.592819e-05 4.111783e-05
 9677.759671 -3.272371e-05 -7.841914e-07 -1.358139e-07 -6.918480e-07 6.781552e-05 3.418023e-04 -5.317403e-05 4.666776e-05
 9681.893530 -3.273094e-05 -7.873993e-07 -1.366396e-07 -6.936093e-07 6.237651e-05 3.301781e-04 -4.637540e-05 5.181924e-05
 9686.039581 -3.267358e-05 -7.866725e-07 -1.370742e-07 -6.947488e-07 6.634237e-05 3.269650e-04 -4.385852e-05 4.797629e-05
 9690.197824 -3.268915e-05 -7.902336e-07 -1.378649e-07 -6.968057e-07 6.121375e-05 3.186491e-04 -5.456252e-05 4.604071e-05
 9694.368258 -3.271387e-05 -7.943389e-07 -1.387021e-07 -6.986219e-07 5.644618e-05 2.798070e-04 -5.919216e-05 4.381036e-05
 9698.550885 -3.269454e-05 -7.955356e-07 -1.395653e-07 -6.994804e-07 5.538585e-05 2.848124e-04 -6.774030e-05 3.546647e-05
 9702.745704 -3.279490e-05 -8.055945e-07 -1.412678e-07 -7.019250e-07 5.968149e-05 2.951944e-04 -5.885793e-05 4.385548e-05
 9706.952714 -3.276130e-05 -8.072513e-07 -1.421880e-07 -7.027466e-07 6.379849e-05 2.869775e-04 -5.153484e-05 3.927865e-05
 9711.171916 -3.275766e-05 -8.112882e-07 -1.433629e-07 -7.042885e-07 6.104956e-05 3.041961e-04 -5.082104e-05 4.432355e-05
 9715.403311 -3.280941e-05 -8.149721e-07 -1.440678e-07 -7.069470e-07 5.006329e-05 2.949775e-04 -5.840670e-05 5.143808e-05
 9719.646897 -3.275365e-05 -8.149685e-07 -1.446763e-07 -7.072845e-07 5.481281e-05 2.960773e-04 -5.948133e-05 5.316857e-05
 9723.902675 -3.275437e-05 -8.178815e-07 -1.455552e-07 -7.088083e-07 5.952363e-05 3.295277e-04 -4.884431e-05 3.776085e-05
 9728.170645 -3.270440e-05 -8.178069e-07 -1.458096e-07 -7.098195e-07 6.309355e-05 3.325479e-04 -4.937523e-05 3.932143e-05
 9732.450807 -3.271254e-05 -8.209445e-07 -1.462878e-07 -7.117301e-07 6.323730e-05 3.236580e-04 -4.650200e-05 3.913108e-05
 9736.743161 -3.263946e-05 -8.184173e-07 -1.462339e-07 -7.122919e-07 5.792434e-05 3.429000e-04 -4.388387e-05 3.989915e-05
 9741.047707 -3.259803e-05 -8.190971e-07 -1.467398e-07 -7.133288e-07 5.353238e-05 3.493420e-04 -4.163217e-05 4.810877e-05
 9745.364444 -3.269813e-05 -8.283608e-07 -1.485951e-07 -7.165006e-07 4.582960e-05 3.489876e-04 -4.502699e-05 5.118461e-05
 9749.693374 -3.271674e-05 -8.330039e-07 -1.496779e-07 -7.184892e-07 5.166854e-05 3.285922e-04 -4.389066e-05 5.011461e-05
 9754.034495 -3.272861e-05 -8.369039e-07 -1.509120e-07 -7.204502e-07 4.470857e-05 3.237743e-04 -5.358799e-05 5.580183e-05
 9758.387809 -3.272395e-05 -8.405863e-07 -1.519866e-07 -7.220843e-07 4.471207e-05 3.303335e-04 -4.881005e-05 5.251292e-05
 9762.753314 -3.267657e-05 -8.414350e-07 -1.520840e-07 -7.236021e-07 4.856990e-05 3.268614e-04 -6.306273e-05 5.269415e-05
 9767.131011 -3.266792e-05 -8.440590e-07 -1.528046e-07 -7.249169e-07 5.641609e-05 3.207365e-04 -5.557726e-05 6.212090e-05
 9771.520900 -3.262084e-05 -8.447058e-07 -1.534068e-07 -7.257176e-07 6.152377e-05 3.056823e-04 -5.557917e-05 5.704872e-05
 9775.922981 -3.251169e-05 -8.411960e-07 -1.531453e-07 -7.255561e-07 5.747224e-05 3.164672e-04 -6.486983e-05 5.504047e-05
 9780.337254 -3.248817e-05 -8.469474e-07 -1.545301e-07 -7.265685e-07 5.756750e-05 3.282689e-04 -5.725812e-05 5.293369e-05
 9784.763719 -3.254917e-05 -8.537664e-07 -1.562415e-07 -7.290500e-07 5.686696e-05 3.283316e-04 -5.108645e-05 4.370253e-05
 9789.202376 -3.262440e-05 -8.604202e-07 -1.578506e-07 -7.321279e-07 5.850798e-05 3.485997e-04 -5.425799e-05 4.461040e-05
 9793.653224 -3.246638e-05 -8.591774e-07 -1.578851e-07 -7.301066e-07 5.543078e-05 3.492785e-04 -5.334901e-05 4.594562e-05
 9798.116265 -3.250024e-05 -8.604176e-07 -1.582942e-07 -7.332006e-07 5.289333e-05 3.535172e-04 -4.771906e-05 4.449415e-05
 9802.591497 -3.257694e-05 -8.693917e-07 -1.604576e-07 -7.357745e-07 6.343994e-05 3.435712e-04 -5.078006e-05 4.024494e-05
 9807.078922 -3.253943e-05 -8.699701e-07 -1.609684e-07 -7.366698e-07 6.215990e-05 3.512786e-04 -5.577396e-05 3.510013e-05
 9811.578538 -3.252293e-05 -8.713622e-07 -1.614020e-07 -7.382032e-07 6.420471e-05 3.594393e-04 -5.101972e-05 4.166562e-05
 9816.090346 -3.249048e-05 -8.725561e-07 -1.622505e-07 -7.399486e-07 6.273251e-05 3.657953e-04 -5.458912e-05 4.140101e-05
 9820.614346 -3.245489e-05 -8.737359e-07 -1.629112e-07 -7.412195e-07 6.162711e-05 3.642695e-04 -6.129998e-05 4.488354e-05
 9825.150538 -3.241021e-05 -8.764829e-07 -1.638132e-07 -7.412774e-07 7.350055e-05 3.587775e-04 -5.243829e-05 4.047182e-05
 9829.698922 -3.216040e-05 -8.738602e-07 -1.639116e-07 -7.374750e-07 8.256779e-05 3.685409e-04 -5.713780e-05 3.547867e-05
 9834.259498 -3.220887e-05 -8.762062e-07 -1.643834e-07 -7.402917e-07 8.365155e-05 3.647008e-04 -6.214792e-05 4.060464e-05
 9838.832266 -3.227318e-05 -8.827433e-07 -1.661139e-07 -7.428465e-07 7.929717e-05 3.685550e-04 -7.055700e-05 3.682026e-05
 9843.417226 -3.237954e-05 -8.895560e-07 -1.678674e-07 -7.473034e-07 7.536520e-05 3.591934e-04 -6.348156e-05 4.716829e-05
 9848.014377 -3.236786e-05 -8.929033e-07 -1.687488e-07 -7.492421e-07 7.613154e-05 3.635827e-04 -5.004868e-05 4.747777e-05
 9852.623721 -3.236756e-05 -8.970508e-07 -1.699951e-07 -7.506900e-07 7.738535e-05 3.862215e-04 -4.750467e-05 4.949994e-05
 9857.245256 -3.235201e-05 -9.001479e-07 -1.711930e-07 -7.522522e-07 6.851939e-05 3.724885e-04 -4.240600e-05 4.858705e-05
 9861.878983 -3.232802e-05 -9.037717e-07 -1.719319e-07 -7.532294e-07 7.502344e-05 3.644758e-04 -5.068745e-05 4.000058e-05
 9866.524902 -3.230357e-05 -9.070649e-07 -1.730371e-07 -7.545099e-07 6.893638e-05 3.706357e-04 -5.870749e-05 4.714464e-05
 9871.183013 -3.222040e-05 -9.058483e-07 -1.731129e-07 -7.549853e-07 6.857483e-05 3.612319e-04 -5.995035e-05 4.308354e-05
 9875.853316 -3.221536e-05 -9.096557e-07 -1.743035e-07 -7.568272e-07 7.556361e-05 3.418863e-04 -6.062186e-05 4.686255e-05
 9880.535811 -3.222808e-05 -9.146898e-07 -1.759105e-07 -7.591801e-07 7.238611e-05 3.089755e-04 -5.638956e-05 5.122807e-05
 9885.230498 -3.212187e-05 -9.113755e-07 -1.753751e-07 -7.589389e-07 6.230009e-05 3.181085e-04 -5.821111e-05 4.740311e-05
 9889.937377 -3.209022e-05 -9.127433e-07 -1.759662e-07 -7.606221e-07 5.336973e-05 3.204623e-04 -5.917597e-05 4.108572e-05
 9894.656448 -3.206343e-05 -9.150451e-07 -1.768368e-07 -7.627737e-07 5.655148e-05 3.264764e-04 -4.922783e-05 3.809177e-05
 9899.387710 -3.207026e-05 -9.210148e-07 -1.783828e-07 -7.645704e-07 5.587104e-05 3.601428e-04 -3.788345e-05 4.244851e-05
 9904.131165 -3.205367e-05 -9.256624e-07 -1.797247e-07 -7.653641e-07 5.092580e-05 3.372480e-04 -3.980929e-05 4.546682e-05
 9908.886811 -3.207918e-05 -9.333866e-07 -1.815406e-07 -7.670359e-07 6.066073e-05 3.440164e-04 -5.491999e-05 4.079214e-05
 9913.654649 -3.200068e-05 -9.323995e-07 -1.818094e-07 -7.675770e-07 6.848884e-05 3.487441e-04 -6.009417e-05 4.999166e-05
 9918.434679 -3.201105e-05 -9.387467e-07 -1.835067e-07 -7.693317e-07 7.627174e-05 3.541716e-04 -5.777827e-05 4.064655e-05
 9923.226901 -3.195667e-05 -9.393382e-07 -1.838541e-07 -7.706106e-07 6.948186e-05 3.515196e-04 -5.391835e-05 4.469188e-05
 9928.031315 -3.194131e-05 -9.433868e-07 -1.850437e-07 -7.723231e-07 5.786950e-05 3.755337e-04 -5.593209e-05 3.506061e-05
 9932.847921 -3.195885e-05 -9.509206e-07 -1.870841e-07 -7.744169e-07 6.686000e-05 3.774280e-04 -6.094306e-05 3.837228e-05
 9937.676719 -3.183504e-05 -9.521452e-07 -1.876119e-07 -7.738653e-07 6.246562e-05 3.648669e-04 -6.359696e-05 3.490166e-05
 9942.517709 -3.165057e-05 -9.464766e-07 -1.869681e-07 -7.715155e-07 6.250848e-05 3.709082e-04 -6.168367e-05 4.237817e-05
 9947.370891 -3.164672e-05 -9.467276e-07 -1.874546e-07 -7.738852e-07 6.662568e-05 3.632982e-04 -6.005133e-05 3.280720e-05
 9952.236264 -3.176208e-05 -9.544914e-07 -1.894507e-07 -7.776762e-07 5.807226e-05 3.867460e-04 -5.273124e-05 2.414248e-05
