# Facility.name: NSLS-II
# Facility.mode: Beam available
# Facility.current: 399.9591046668577
# Facility.current: 3 GeV
# Facility.year: 2023
# Facility.cycle: 2
# Facility.GUP: 312970
# Facility.SAF: 311402
# Experimenter.name: Esteban Fornero
# Beamline.name: ISS (8-ID)
# Beamline.x-ray_source: damping wiggler
# Beamline.collimation_mirror1.material: Si
# Beamline.collimation_mirror2.material: Pt
# Beamline.collimation_mirror2.bender_loading: -348.0
# Beamline.focusing: toroidal mirror
# Beamline.focusing.material: Pt
# Beamline.focusing.bender_loading: -418.0
# Beamline.harmonic_rejection: Si
# Mono.scan_mode: Si(111)
# Mono.d_spacing: 3.1354951
# Mono.scan_mode: pseudo-channel cut
# Mono.scan_type: fly_scan
# Mono.trajectory_name: 0f397ba2-1519.txt
# Mono.direction: None
# Mono.angle_offset: 0.69366577
# Mono.angle_offset: 39.744 deg
# Mono.encoder_resolution: 48.0 nrad
# Detector.I0: ion chamber
# Detector.I1: ion chamber
# Detector.I2: ion chamber
# Detector.IF: PIPS
# Detector.I0.length: 15 cm
# Detector.I1.length: 28 cm
# Detector.I2.length: 15 cm
# Detector.IF.thickness: 300 um
# Detector.I0.gas.N2: 38.0%
# Detector.I1.gas.N2: 38.0%
# Detector.I2.gas.N2: 38.0%
# Detector.I0.gas.He: 62.0%
# Detector.I1.gas.He: 62.0%
# Detector.I2.gas.He: 62.0%
# Detector.I0.voltage: -1650.00293
# Detector.I1.voltage: -1650.000977
# Detector.I2.voltage: -1650.002563
# Detector.I0.gain: 4
# Detector.I1.gain: 6
# Detector.I2.gain: 6
# Detector.IF.gain: 6
# Detector.aux: {}
# Element.symbol: Ga
# Element.edge: K
# Element.line: None
# Scan.transient_id: 370842
# Scan.uid: ca7f340d-21ca-45d0-8337-df7259369ed7
# Scan.edge_energy: 10367.0
# Scan.start_time: 06/23/2023  01:05:22.526590
# Scan.end_time: 06/23/2023  01:05:56.882003
# Scan.name: Cu2O+Ga2O3-1st H2-ramp (pos 001) Ga-K 0001
# Scan.comment: 
# Sample.name: Cu2O+Ga2O3-1st
# Sample.comment: 
# Sample.position.x: -66.61000258
# Sample.position.y: 30.049994074
# Sample.position.z: -10.184937499999995
# Sample.position.theta: 845.5790000000001
# SampleHeater.temperature1.setpoint: 300.0
# SampleHeater.temperature1.readback: 1372.0
# SampleHeater.current.setpoint: 0.0
# SampleHeater.current.readback: 0.0
# SampleHeater.temperature2.setpoint: 380.0
# SampleHeater.temperature2.readback: 383.1
# SampleHeater.voltage.setpoint: 0.8224591857659097
# SampleHeater.voltage.readback: 0.857
# SampleHeater.PID.P: 0.025
# SampleHeater.PID.I: 0.07
# SampleHeater.PID.D: 0.0
# SampleGasCart.MFC.CH4.setpoint: 0.0
# SampleGasCart.MFC.CH4.readback: 0.0
# SampleGasCart.MFC.CO.setpoint: 0.0
# SampleGasCart.MFC.CO.readback: 0.0
# SampleGasCart.MFC.H2.setpoint: 10.0
# SampleGasCart.MFC.H2.readback: 10.012
# SampleGasCart.MFC.exhaust.setpoint: 100.0
# SampleGasCart.MFC.exhaust.readback: 10.200000000000001
# SampleGasHandlingSystem.gas_a.name: None
# SampleGasHandlingSystem.gas_b.name: None
# SampleGasHandlingSystem.gas_c.name: None
# SampleGasHandlingSystem.gas_d.name: None
# SampleGasHandlingSystem.gas_e.name: He
# SampleGasHandlingSystem.MFC1.setpoint: 0.0
# SampleGasHandlingSystem.MFC1.readback: -0.1139322891831398
# SampleGasHandlingSystem.MFC2.setpoint: 0.0
# SampleGasHandlingSystem.MFC2.readback: -0.0773111954331398
# SampleGasHandlingSystem.MFC3.setpoint: 0.0
# SampleGasHandlingSystem.MFC3.readback: 0.0244140625
# SampleGasHandlingSystem.MFC4.setpoint: 0.0
# SampleGasHandlingSystem.MFC4.readback: -0.0732421875
# SampleGasHandlingSystem.MFC5.setpoint: 0.0
# SampleGasHandlingSystem.MFC5.readback: -0.0040690102614462376
# SampleGasHandlingSystem.MFC6.setpoint: 0.0
# SampleGasHandlingSystem.MFC6.readback: -0.0244140625
# SampleGasHandlingSystem.MFC7.setpoint: 0.0
# SampleGasHandlingSystem.MFC7.readback: -0.01220703125
# SampleGasHandlingSystem.MFC8.setpoint: 0.0
# SampleGasHandlingSystem.MFC8.readback: -0.048828125
# SampleGasHandlingSystem.MFC9.setpoint: 0.0
# SampleGasHandlingSystem.MFC9.readback: -0.0325520820915699
# SampleGasHandlingSystem.MFC10.setpoint: 0.0
# SampleGasHandlingSystem.MFC10.readback: 0.01220703125
# SampleGasHandlingSystem.MFC11.setpoint: 0.0
# SampleGasHandlingSystem.MFC11.readback: -0.0773111954331398
# SampleGasHandlingSystem.MFC12.setpoint: 0.0
# SampleGasHandlingSystem.MFC12.readback: -0.03662109375
# SampleGasHandlingSystem.MFC13.setpoint: 0.0
# SampleGasHandlingSystem.MFC13.readback: -0.0406901054084301
# SampleGasHandlingSystem.MFC14.setpoint: 0.0
# SampleGasHandlingSystem.MFC14.readback: -0.0528971366584301
# SampleGasHandlingSystem.MFC15.setpoint: 0.0
# SampleGasHandlingSystem.MFC15.readback: -0.0895182266831398
# SampleGasHandlingSystem.MFC16.setpoint: 0.0
# SampleGasHandlingSystem.MFC16.readback: -0.0244140625
# SampleGasHandlingSystem.RGA.ch1.mass: 2
# SampleGasHandlingSystem.RGA.ch1.readback: 7.96489e-07
# SampleGasHandlingSystem.RGA.ch2.mass: 4
# SampleGasHandlingSystem.RGA.ch2.readback: 3.20221e-11
# SampleGasHandlingSystem.RGA.ch3.mass: 5
# SampleGasHandlingSystem.RGA.ch3.readback: 7.81276e-12
# SampleGasHandlingSystem.RGA.ch4.mass: 5
# SampleGasHandlingSystem.RGA.ch4.readback: 4.78717e-10
# SampleGasHandlingSystem.RGA.ch5.mass: 18
# SampleGasHandlingSystem.RGA.ch5.readback: 2.84673e-09
# SampleGasHandlingSystem.RGA.ch6.mass: 28
# SampleGasHandlingSystem.RGA.ch6.readback: 1.1309e-08
# SampleGasHandlingSystem.RGA.ch7.mass: 32
# SampleGasHandlingSystem.RGA.ch7.readback: 1.59033e-09
# SampleGasHandlingSystem.RGA.ch8.mass: 41
# SampleGasHandlingSystem.RGA.ch8.readback: 1.11477e-11
# SampleGasHandlingSystem.RGA.ch9.mass: 44
# SampleGasHandlingSystem.RGA.ch9.readback: 2.25782e-11
# energy  i0  it  ir  iff  aux1  aux2  aux3  aux4
10167.000000 -3.010879e-05 -1.068289e-06 -3.114056e-07 -8.283520e-07 5.754721e-05 1.853413e-04 -2.020232e-05 3.086857e-05
10172.000000 -2.997312e-05 -1.062335e-06 -3.082499e-07 -8.267886e-07 5.982488e-05 1.927651e-04 -2.027683e-05 2.995312e-05
10177.000000 -2.992655e-05 -1.061999e-06 -3.047124e-07 -8.274059e-07 6.525050e-05 1.879935e-04 -1.446096e-05 2.065062e-05
10182.000000 -2.985536e-05 -1.059698e-06 -2.987084e-07 -8.280668e-07 6.173187e-05 2.055142e-04 -1.423461e-05 2.953563e-05
10187.000000 -2.983677e-05 -1.061081e-06 -2.882891e-07 -8.303123e-07 5.739833e-05 1.820196e-04 -2.129087e-05 3.291288e-05
10192.000000 -2.979887e-05 -1.056383e-06 -2.627827e-07 -8.318440e-07 5.615386e-05 1.826521e-04 -1.367484e-05 2.788679e-05
10197.000000 -2.979961e-05 -1.060703e-06 -1.948190e-07 -8.339474e-07 5.512218e-05 1.881467e-04 -1.705315e-05 1.778590e-05
10202.000000 -2.979407e-05 -1.067989e-06 -6.246634e-08 -8.358737e-07 5.234626e-05 2.114135e-04 -8.763983e-06 2.106140e-05
10207.000000 -2.983682e-05 -1.079746e-06 -2.521010e-08 -8.389703e-07 5.165148e-05 2.376461e-04 -1.007657e-05 2.730730e-05
10212.000000 -2.984250e-05 -1.086904e-06 -5.340940e-08 -8.407301e-07 5.140035e-05 2.402412e-04 -1.394550e-05 2.481052e-05
10217.000000 -2.980530e-05 -1.089739e-06 -6.910993e-08 -8.416781e-07 4.995964e-05 2.361519e-04 -8.517439e-06 2.575442e-05
10222.000000 -2.973589e-05 -1.088468e-06 -8.108057e-08 -8.418566e-07 5.096576e-05 2.280061e-04 -1.015881e-05 2.304094e-05
10227.000000 -2.969368e-05 -1.091610e-06 -8.976598e-08 -8.427862e-07 5.154160e-05 2.184090e-04 -1.650757e-05 2.302094e-05
10232.000000 -2.964258e-05 -1.094263e-06 -9.327542e-08 -8.433612e-07 5.807361e-05 2.269992e-04 -1.471228e-05 3.307927e-05
10237.000000 -2.962072e-05 -1.096353e-06 -9.570954e-08 -8.453318e-07 5.209551e-05 2.328207e-04 -9.719373e-06 3.739497e-05
10242.000000 -2.959801e-05 -1.100972e-06 -9.734786e-08 -8.470819e-07 4.232501e-05 2.565317e-04 -1.149783e-05 3.563730e-05
10247.000000 -2.953690e-05 -1.103829e-06 -1.015844e-07 -8.475022e-07 4.834263e-05 2.534144e-04 -7.129942e-06 2.856806e-05
10252.000000 -2.948837e-05 -1.106783e-06 -1.011994e-07 -8.484132e-07 4.926415e-05 2.547851e-04 -9.733966e-06 3.661357e-05
10257.000000 -2.943931e-05 -1.109175e-06 -9.753300e-08 -8.489845e-07 5.369665e-05 2.526564e-04 -5.428884e-06 2.680517e-05
10262.000000 -2.933774e-05 -1.108708e-06 -9.661823e-08 -8.482433e-07 5.259441e-05 2.552336e-04 -9.598702e-06 2.674063e-05
10267.000000 -2.938788e-05 -1.117034e-06 -9.883497e-08 -8.519191e-07 5.608733e-05 2.611925e-04 -5.459825e-06 2.452218e-05
10272.000000 -2.940052e-05 -1.125622e-06 -1.005192e-07 -8.540936e-07 5.094397e-05 2.537230e-04 -4.653060e-06 2.930860e-05
10277.000000 -2.934345e-05 -1.131416e-06 -1.005135e-07 -8.543748e-07 4.671747e-05 2.489822e-04 -7.098628e-06 3.211929e-05
10282.000000 -2.914203e-05 -1.124835e-06 -9.855603e-08 -8.513094e-07 5.686749e-05 2.364073e-04 -5.476206e-06 3.344331e-05
10287.000000 -2.921737e-05 -1.135397e-06 -9.993660e-08 -8.559213e-07 4.946175e-05 2.077308e-04 -2.012228e-05 2.045096e-05
10292.000000 -2.920521e-05 -1.142893e-06 -1.033700e-07 -8.576033e-07 5.354086e-05 2.126243e-04 -2.055947e-05 1.830161e-05
10297.000000 -2.916471e-05 -1.146544e-06 -1.053532e-07 -8.588718e-07 6.537660e-05 2.243350e-04 -1.963616e-05 2.434680e-05
10302.000000 -2.912081e-05 -1.147203e-06 -1.046424e-07 -8.602220e-07 6.038448e-05 2.228993e-04 -2.171504e-05 3.220250e-05
10307.000000 -2.910609e-05 -1.155158e-06 -1.052253e-07 -8.613980e-07 6.117463e-05 2.152475e-04 -2.594743e-05 2.090070e-05
10312.000000 -2.907306e-05 -1.160513e-06 -1.057717e-07 -8.623548e-07 5.995516e-05 2.087952e-04 -1.969868e-05 2.422906e-05
10317.000000 -2.902315e-05 -1.162985e-06 -1.054488e-07 -8.636363e-07 5.415256e-05 2.140742e-04 -2.059052e-05 3.201289e-05
10322.000000 -2.899959e-05 -1.169193e-06 -1.049208e-07 -8.657086e-07 5.520537e-05 2.200818e-04 -1.549932e-05 3.592495e-05
10327.000000 -2.893324e-05 -1.169260e-06 -1.038436e-07 -8.671802e-07 5.531595e-05 2.014174e-04 -1.939536e-05 3.691499e-05
10332.000000 -2.882208e-05 -1.169584e-06 -1.027485e-07 -8.675190e-07 6.149547e-05 1.958915e-04 -1.587037e-05 3.130828e-05
10337.000000 -2.889751e-05 -1.177061e-06 -1.032290e-07 -8.726646e-07 6.594177e-05 2.106953e-04 -8.834994e-06 1.985201e-05
10341.000000 -2.887220e-05 -1.181383e-06 -1.042451e-07 -8.745786e-07 7.546066e-05 2.104184e-04 -7.537756e-06 2.293051e-05
10344.000000 -2.884878e-05 -1.184016e-06 -1.056288e-07 -8.773301e-07 7.594349e-05 2.200755e-04 -9.370103e-06 2.928251e-05
10346.000000 -2.884290e-05 -1.187169e-06 -1.067835e-07 -8.787628e-07 7.113648e-05 2.087691e-04 -5.728406e-06 3.190541e-05
10347.000000 -2.881866e-05 -1.185829e-06 -1.075702e-07 -8.791363e-07 6.872774e-05 2.349892e-04 -1.322684e-06 3.911721e-05
10347.200000 -2.880122e-05 -1.183375e-06 -1.073439e-07 -8.790237e-07 6.528316e-05 2.368562e-04 5.510490e-06 3.513762e-05
10347.400000 -2.879013e-05 -1.182360e-06 -1.073329e-07 -8.793318e-07 6.167345e-05 2.398821e-04 6.719873e-06 3.234412e-05
10347.600000 -2.879533e-05 -1.183465e-06 -1.076135e-07 -8.794692e-07 6.625293e-05 2.239531e-04 -2.665442e-06 3.618665e-05
10347.800000 -2.881079e-05 -1.186207e-06 -1.080816e-07 -8.798421e-07 6.630877e-05 2.158176e-04 -1.637943e-05 3.711931e-05
10348.000000 -2.881544e-05 -1.187664e-06 -1.084268e-07 -8.802182e-07 6.744050e-05 2.195312e-04 -1.237858e-05 3.829127e-05
10348.200000 -2.882761e-05 -1.190122e-06 -1.087987e-07 -8.806284e-07 6.931086e-05 2.003724e-04 -2.729794e-06 3.257717e-05
10348.400000 -2.881077e-05 -1.185811e-06 -1.082225e-07 -8.806706e-07 6.726245e-05 1.901295e-04 -5.465156e-06 3.405811e-05
10348.600000 -2.881088e-05 -1.187947e-06 -1.083805e-07 -8.808682e-07 6.179303e-05 1.920242e-04 -1.539490e-05 3.579883e-05
10348.800000 -2.881255e-05 -1.189465e-06 -1.083232e-07 -8.808571e-07 6.742297e-05 1.951156e-04 -2.047088e-05 3.035604e-05
10349.000000 -2.880642e-05 -1.186876e-06 -1.083657e-07 -8.810599e-07 6.406148e-05 2.237444e-04 -1.788506e-05 4.682634e-05
10349.200000 -2.879129e-05 -1.184700e-06 -1.085411e-07 -8.810116e-07 6.353925e-05 2.256545e-04 -1.346884e-05 4.613401e-05
10349.400000 -2.876064e-05 -1.180972e-06 -1.085360e-07 -8.814851e-07 7.349386e-05 2.186804e-04 -3.609463e-06 4.624406e-05
10349.600000 -2.876703e-05 -1.183619e-06 -1.087410e-07 -8.817215e-07 7.951915e-05 2.108363e-04 -2.423806e-05 3.552177e-05
10349.800000 -2.878487e-05 -1.185685e-06 -1.089911e-07 -8.818230e-07 7.524183e-05 2.199661e-04 -2.939492e-05 2.731848e-05
10350.000000 -2.879392e-05 -1.186651e-06 -1.090033e-07 -8.819844e-07 7.769834e-05 2.430122e-04 -1.869554e-05 3.667576e-05
10350.200000 -2.879369e-05 -1.188693e-06 -1.091026e-07 -8.819992e-07 7.465299e-05 2.229612e-04 -1.530136e-05 4.133309e-05
10350.400000 -2.877155e-05 -1.184008e-06 -1.090081e-07 -8.818337e-07 6.400884e-05 2.002067e-04 -2.289868e-05 3.602693e-05
10350.600000 -2.867678e-05 -1.168861e-06 -1.079686e-07 -8.803135e-07 6.378794e-05 1.938424e-04 -2.505809e-05 3.696672e-05
10350.800000 -2.863063e-05 -1.164675e-06 -1.079232e-07 -8.797743e-07 6.815536e-05 1.981423e-04 -3.222749e-05 3.497316e-05
10351.000000 -2.870692e-05 -1.176132e-06 -1.090947e-07 -8.820603e-07 6.975609e-05 1.863926e-04 -3.957196e-05 3.031817e-05
10351.200000 -2.876394e-05 -1.183882e-06 -1.095274e-07 -8.833961e-07 6.721721e-05 1.952518e-04 -3.923544e-05 3.286613e-05
10351.400000 -2.875655e-05 -1.183451e-06 -1.094958e-07 -8.836625e-07 6.727363e-05 2.054931e-04 -3.283510e-05 3.180589e-05
10351.600000 -2.876499e-05 -1.184569e-06 -1.096532e-07 -8.834404e-07 6.729367e-05 2.137419e-04 -2.816342e-05 2.801310e-05
10351.800000 -2.878154e-05 -1.189225e-06 -1.102626e-07 -8.840856e-07 6.893537e-05 1.999173e-04 -1.942605e-05 2.241158e-05
10352.000000 -2.876121e-05 -1.185103e-06 -1.100104e-07 -8.843844e-07 7.173809e-05 1.987063e-04 -1.830592e-05 1.954691e-05
10352.200000 -2.876286e-05 -1.185321e-06 -1.101230e-07 -8.848001e-07 7.188947e-05 1.924152e-04 -2.980375e-05 1.783805e-05
10352.400000 -2.879303e-05 -1.189194e-06 -1.105284e-07 -8.851387e-07 6.726901e-05 1.830808e-04 -3.011945e-05 1.727515e-05
10352.600000 -2.878879e-05 -1.189724e-06 -1.105378e-07 -8.850755e-07 6.603102e-05 2.274521e-04 -1.769896e-05 2.890692e-05
10352.800000 -2.877177e-05 -1.188609e-06 -1.103217e-07 -8.855189e-07 5.663082e-05 2.612487e-04 -2.169463e-05 2.657000e-05
10353.000000 -2.872800e-05 -1.180959e-06 -1.097697e-07 -8.851419e-07 5.725618e-05 2.572732e-04 -1.685865e-05 3.023474e-05
10353.200000 -2.868326e-05 -1.178245e-06 -1.100410e-07 -8.844125e-07 5.998727e-05 2.178302e-04 -1.531670e-05 2.804968e-05
10353.400000 -2.865984e-05 -1.173486e-06 -1.096962e-07 -8.844423e-07 6.018040e-05 2.072202e-04 -2.072342e-05 2.854223e-05
10353.600000 -2.867559e-05 -1.175411e-06 -1.101401e-07 -8.852839e-07 6.574854e-05 2.330615e-04 -1.579866e-05 3.038037e-05
10353.800000 -2.866057e-05 -1.174765e-06 -1.101896e-07 -8.854384e-07 6.546188e-05 2.325248e-04 -2.278968e-05 2.330066e-05
10354.000000 -2.866525e-05 -1.175156e-06 -1.101164e-07 -8.858017e-07 6.130992e-05 2.376385e-04 -1.662664e-05 1.858500e-05
10354.200000 -2.866645e-05 -1.175481e-06 -1.097949e-07 -8.861364e-07 5.302117e-05 2.324319e-04 -1.250043e-05 1.607413e-05
10354.400000 -2.866819e-05 -1.176922e-06 -1.100447e-07 -8.864997e-07 5.239916e-05 2.196437e-04 -3.361448e-07 2.531541e-05
10354.600000 -2.868088e-05 -1.179400e-06 -1.103070e-07 -8.868201e-07 6.198745e-05 2.129844e-04 -3.030966e-06 3.509449e-05
10354.800000 -2.867288e-05 -1.177698e-06 -1.106161e-07 -8.870179e-07 6.451803e-05 2.396460e-04 -2.493826e-05 3.571825e-05
10355.000000 -2.866766e-05 -1.176515e-06 -1.103575e-07 -8.870506e-07 5.468258e-05 2.485373e-04 -2.625085e-05 2.454238e-05
10355.200000 -2.865326e-05 -1.176827e-06 -1.103798e-07 -8.871469e-07 6.261173e-05 2.723856e-04 -1.119637e-05 2.372179e-05
10355.400000 -2.865515e-05 -1.176255e-06 -1.102086e-07 -8.878488e-07 6.361843e-05 2.519241e-04 -1.255694e-05 1.842700e-05
10355.600000 -2.867033e-05 -1.175538e-06 -1.097772e-07 -8.885289e-07 4.787648e-05 2.463619e-04 -1.604040e-05 1.540423e-05
10355.800000 -2.869717e-05 -1.180690e-06 -1.104431e-07 -8.897337e-07 4.244120e-05 2.267807e-04 -1.914221e-05 2.736454e-06
10356.000000 -2.871245e-05 -1.184553e-06 -1.107201e-07 -8.906720e-07 4.626616e-05 2.430802e-04 -1.116139e-05 1.003916e-05
10356.200000 -2.871174e-05 -1.184005e-06 -1.107635e-07 -8.905650e-07 5.441198e-05 2.559195e-04 -1.627613e-05 2.239871e-05
10356.400000 -2.869154e-05 -1.181390e-06 -1.105917e-07 -8.909936e-07 5.042167e-05 2.426755e-04 -1.531694e-05 2.073341e-05
10356.600000 -2.862218e-05 -1.172001e-06 -1.098215e-07 -8.903958e-07 4.493118e-05 2.209968e-04 -2.390515e-05 2.089933e-05
10356.800000 -2.863327e-05 -1.174051e-06 -1.097122e-07 -8.917759e-07 4.370165e-05 2.388344e-04 -1.271365e-05 3.058822e-05
10357.000000 -2.865714e-05 -1.178891e-06 -1.102598e-07 -8.924176e-07 5.036026e-05 2.315809e-04 -1.645717e-05 2.344751e-05
10357.200000 -2.866527e-05 -1.178470e-06 -1.102432e-07 -8.926759e-07 5.830795e-05 2.385347e-04 -1.546857e-05 2.188475e-05
10357.400000 -2.867574e-05 -1.180873e-06 -1.107198e-07 -8.932630e-07 6.163573e-05 2.171045e-04 -1.769752e-05 3.834075e-05
10357.600000 -2.864457e-05 -1.175905e-06 -1.105222e-07 -8.927733e-07 6.030522e-05 2.232183e-04 -1.980745e-05 4.250822e-05
10357.800000 -2.864376e-05 -1.179304e-06 -1.109337e-07 -8.932816e-07 6.303896e-05 2.237692e-04 -9.989794e-06 3.405917e-05
10358.000000 -2.858072e-05 -1.167249e-06 -1.097528e-07 -8.922832e-07 6.637069e-05 2.442123e-04 -8.072335e-06 3.918345e-05
10358.200000 -2.854108e-05 -1.169574e-06 -1.102276e-07 -8.916949e-07 5.011556e-05 2.374827e-04 -1.843254e-05 3.361765e-05
10358.400000 -2.841110e-05 -1.147102e-06 -1.082386e-07 -8.889201e-07 4.429876e-05 2.462168e-04 -2.248958e-05 3.511738e-05
10358.600000 -2.847535e-05 -1.149912e-06 -1.081923e-07 -8.917760e-07 5.501133e-05 2.482971e-04 -1.975360e-05 3.766600e-05
10358.800000 -2.864854e-05 -1.183017e-06 -1.113689e-07 -8.971742e-07 5.792769e-05 2.390679e-04 -1.593853e-05 3.027811e-05
10359.000000 -2.865972e-05 -1.181846e-06 -1.110327e-07 -8.979688e-07 5.870479e-05 2.134010e-04 -2.926135e-05 1.988275e-05
10359.200000 -2.867031e-05 -1.184822e-06 -1.112231e-07 -8.989626e-07 5.445306e-05 1.949363e-04 -2.558643e-05 3.017919e-05
10359.400000 -2.862979e-05 -1.179310e-06 -1.107073e-07 -8.992566e-07 5.742132e-05 1.974376e-04 -1.367954e-05 4.480838e-05
10359.600000 -2.859645e-05 -1.175202e-06 -1.103400e-07 -8.998521e-07 6.692912e-05 2.094527e-04 -7.193089e-06 3.978914e-05
10359.800000 -2.860369e-05 -1.175065e-06 -1.103298e-07 -9.008090e-07 5.937017e-05 2.000546e-04 -1.126229e-05 2.933389e-05
10360.000000 -2.864292e-05 -1.181115e-06 -1.108382e-07 -9.024766e-07 6.355852e-05 2.047134e-04 -1.328904e-05 2.814402e-05
10360.200000 -2.864290e-05 -1.181540e-06 -1.107551e-07 -9.029357e-07 6.117802e-05 2.264164e-04 -2.708932e-05 1.741446e-05
10360.400000 -2.864859e-05 -1.182976e-06 -1.106786e-07 -9.039998e-07 6.306597e-05 2.267833e-04 -2.141606e-05 2.320853e-05
10360.600000 -2.866533e-05 -1.186773e-06 -1.113050e-07 -9.050134e-07 6.145433e-05 2.285227e-04 -1.677784e-05 1.435235e-05
10360.800000 -2.866003e-05 -1.186905e-06 -1.113451e-07 -9.058773e-07 7.874976e-05 2.393010e-04 -1.335457e-05 1.639630e-05
10361.000000 -2.865286e-05 -1.186698e-06 -1.113268e-07 -9.062744e-07 7.113819e-05 2.207335e-04 -1.082602e-05 2.928542e-05
10361.200000 -2.865043e-05 -1.186919e-06 -1.114523e-07 -9.072674e-07 5.871132e-05 2.001444e-04 -2.283566e-05 2.094075e-05
10361.400000 -2.864478e-05 -1.184817e-06 -1.112299e-07 -9.080757e-07 5.097825e-05 1.768665e-04 -2.746366e-05 2.228909e-05
10361.600000 -2.866205e-05 -1.188373e-06 -1.114888e-07 -9.091586e-07 5.414760e-05 1.715074e-04 -3.631391e-05 1.800633e-05
10361.800000 -2.864537e-05 -1.186238e-06 -1.114626e-07 -9.096972e-07 5.876937e-05 1.976573e-04 -3.113272e-05 2.248844e-05
10362.000000 -2.862839e-05 -1.181509e-06 -1.111262e-07 -9.109835e-07 5.936662e-05 2.025985e-04 -3.304588e-05 2.204822e-05
10362.200000 -2.862354e-05 -1.180400e-06 -1.108627e-07 -9.126763e-07 6.472557e-05 2.026623e-04 -3.112373e-05 2.782615e-05
10362.400000 -2.859239e-05 -1.175834e-06 -1.104022e-07 -9.140413e-07 5.794595e-05 1.849824e-04 -2.129601e-05 2.239967e-05
10362.600000 -2.861568e-05 -1.179528e-06 -1.107667e-07 -9.164211e-07 6.551104e-05 1.825928e-04 -2.265345e-05 3.136477e-05
10362.800000 -2.863008e-05 -1.180232e-06 -1.105451e-07 -9.183985e-07 6.348280e-05 1.923968e-04 -1.731984e-05 3.473132e-05
10363.000000 -2.862662e-05 -1.180727e-06 -1.105687e-07 -9.196904e-07 5.915945e-05 1.961508e-04 -1.528050e-05 3.546200e-05
10363.200000 -2.861452e-05 -1.178247e-06 -1.106684e-07 -9.215672e-07 5.311107e-05 2.168848e-04 -2.377270e-05 3.491506e-05
10363.400000 -2.861859e-05 -1.178711e-06 -1.106443e-07 -9.233068e-07 5.494839e-05 2.019552e-04 -1.707383e-05 3.343426e-05
10363.600000 -2.860230e-05 -1.176660e-06 -1.103507e-07 -9.247353e-07 6.254306e-05 1.836033e-04 -7.016812e-06 1.706592e-05
10363.800000 -2.859787e-05 -1.175569e-06 -1.101912e-07 -9.262543e-07 4.538898e-05 1.935549e-04 -9.503476e-06 1.466426e-05
10364.000000 -2.860586e-05 -1.176876e-06 -1.101230e-07 -9.283532e-07 5.093707e-05 1.835762e-04 -1.301749e-05 2.777891e-05
10364.200000 -2.861195e-05 -1.177666e-06 -1.103896e-07 -9.308420e-07 4.835810e-05 1.992531e-04 -2.195400e-05 3.281101e-05
10364.400000 -2.859502e-05 -1.174063e-06 -1.102700e-07 -9.324419e-07 4.728617e-05 2.085157e-04 -1.744967e-05 4.252660e-05
10364.600000 -2.859611e-05 -1.173562e-06 -1.102860e-07 -9.348441e-07 5.064550e-05 2.282784e-04 -1.368396e-05 4.461262e-05
10364.800000 -2.861778e-05 -1.177546e-06 -1.105732e-07 -9.382198e-07 4.674397e-05 2.156469e-04 -1.751555e-05 4.132193e-05
10365.000000 -2.859987e-05 -1.174559e-06 -1.102595e-07 -9.404618e-07 3.732586e-05 2.145485e-04 -2.482419e-05 4.882125e-05
10365.200000 -2.857017e-05 -1.169548e-06 -1.097824e-07 -9.428574e-07 4.609710e-05 2.034547e-04 -2.097075e-05 4.635085e-05
10365.400000 -2.858280e-05 -1.171183e-06 -1.098048e-07 -9.459675e-07 4.734428e-05 1.960250e-04 -1.710480e-05 4.296034e-05
10365.600000 -2.857086e-05 -1.169609e-06 -1.096745e-07 -9.493267e-07 4.037292e-05 1.885052e-04 -2.964983e-06 4.542570e-05
10365.800000 -2.853405e-05 -1.162764e-06 -1.091349e-07 -9.523449e-07 4.542628e-05 1.855515e-04 -2.178672e-05 3.635094e-05
10366.000000 -2.854881e-05 -1.165849e-06 -1.093878e-07 -9.573427e-07 5.517185e-05 1.800146e-04 -2.541982e-05 2.858481e-05
10366.200000 -2.856735e-05 -1.167160e-06 -1.091780e-07 -9.620354e-07 4.630931e-05 1.787873e-04 -2.162073e-05 3.406707e-05
10366.400000 -2.856655e-05 -1.164732e-06 -1.089857e-07 -9.669892e-07 4.660455e-05 1.717547e-04 -2.295323e-05 3.329449e-05
10366.600000 -2.856011e-05 -1.162806e-06 -1.086772e-07 -9.724566e-07 5.157050e-05 1.660070e-04 -2.570285e-05 3.034695e-05
10366.800000 -2.854423e-05 -1.158753e-06 -1.083312e-07 -9.785091e-07 5.900480e-05 1.676286e-04 -2.667705e-05 3.910619e-05
10367.000000 -2.853659e-05 -1.157288e-06 -1.082068e-07 -9.857724e-07 5.658342e-05 1.529016e-04 -4.244632e-05 3.087677e-05
10367.200000 -2.852243e-05 -1.150698e-06 -1.078134e-07 -9.932095e-07 5.640768e-05 1.561027e-04 -3.219035e-05 3.148997e-05
10367.400000 -2.854860e-05 -1.153251e-06 -1.078078e-07 -1.002889e-06 6.359425e-05 1.485002e-04 -2.839975e-05 2.864568e-05
10367.600000 -2.856539e-05 -1.153727e-06 -1.077439e-07 -1.013317e-06 6.053732e-05 1.678723e-04 -3.051555e-05 2.541875e-05
10367.800000 -2.856532e-05 -1.148727e-06 -1.073169e-07 -1.024560e-06 6.362787e-05 1.712488e-04 -3.153622e-05 2.014197e-05
10368.000000 -2.854805e-05 -1.140681e-06 -1.066421e-07 -1.037497e-06 6.240611e-05 1.648098e-04 -2.646553e-05 1.958474e-05
10368.200000 -2.851373e-05 -1.135864e-06 -1.062398e-07 -1.050582e-06 5.735709e-05 1.613136e-04 -2.090814e-05 3.463968e-05
10368.400000 -2.845487e-05 -1.119760e-06 -1.047812e-07 -1.064652e-06 6.236341e-05 1.601413e-04 -2.855857e-05 4.194870e-05
10368.600000 -2.845828e-05 -1.116243e-06 -1.045572e-07 -1.081961e-06 4.924440e-05 1.375892e-04 -2.714240e-05 2.593569e-05
10368.800000 -2.849103e-05 -1.114817e-06 -1.043623e-07 -1.101056e-06 6.299720e-05 1.447558e-04 -2.020383e-05 2.888336e-05
10369.000000 -2.854099e-05 -1.118475e-06 -1.048177e-07 -1.122148e-06 6.699368e-05 1.537685e-04 -2.669793e-05 1.690271e-05
10369.200000 -2.852644e-05 -1.108376e-06 -1.039943e-07 -1.143922e-06 7.134488e-05 1.699973e-04 -2.411450e-05 1.535962e-05
10369.400000 -2.851890e-05 -1.101116e-06 -1.035419e-07 -1.168707e-06 8.161612e-05 1.802596e-04 -2.687101e-05 1.483307e-05
10369.600000 -2.849680e-05 -1.090321e-06 -1.024526e-07 -1.194412e-06 7.417904e-05 1.757350e-04 -4.038616e-05 1.069237e-05
10369.800000 -2.848921e-05 -1.080089e-06 -1.017297e-07 -1.222544e-06 6.613015e-05 2.014191e-04 -3.457395e-05 8.305093e-06
10370.000000 -2.843132e-05 -1.063054e-06 -1.002216e-07 -1.250422e-06 7.790355e-05 2.178707e-04 -1.923492e-05 1.026688e-05
10370.200000 -2.837957e-05 -1.048211e-06 -9.874063e-08 -1.281552e-06 8.425708e-05 2.154137e-04 -2.481265e-05 6.120372e-06
10370.400000 -2.842388e-05 -1.043649e-06 -9.821111e-08 -1.318092e-06 8.208155e-05 1.953169e-04 -3.231925e-05 1.386217e-05
10370.600000 -2.848686e-05 -1.042134e-06 -9.799519e-08 -1.356535e-06 8.086133e-05 1.846674e-04 -3.370048e-05 1.553317e-05
10370.800000 -2.853687e-05 -1.037413e-06 -9.722046e-08 -1.395773e-06 8.409985e-05 1.768484e-04 -2.350677e-05 2.516510e-05
10371.000000 -2.852061e-05 -1.025632e-06 -9.627571e-08 -1.436844e-06 7.988692e-05 1.655441e-04 -2.279617e-05 1.931709e-05
10371.200000 -2.852211e-05 -1.012881e-06 -9.503316e-08 -1.478043e-06 7.840175e-05 1.762220e-04 -6.223079e-06 1.310734e-05
10371.400000 -2.850500e-05 -1.000455e-06 -9.379241e-08 -1.519510e-06 7.980654e-05 1.601431e-04 -2.447845e-05 1.255740e-05
10371.600000 -2.848456e-05 -9.867096e-07 -9.255196e-08 -1.562830e-06 7.342036e-05 1.719404e-04 -2.047263e-05 1.138504e-05
10371.800000 -2.848257e-05 -9.743407e-07 -9.135826e-08 -1.601924e-06 7.475071e-05 1.836358e-04 -1.122237e-05 1.232031e-05
10372.000000 -2.847486e-05 -9.639271e-07 -9.036420e-08 -1.641384e-06 7.510711e-05 1.554767e-04 -7.323696e-06 1.670504e-05
10372.200000 -2.846558e-05 -9.531779e-07 -8.950816e-08 -1.677196e-06 8.288943e-05 1.598155e-04 -6.612945e-06 1.267142e-05
10372.400000 -2.847001e-05 -9.446087e-07 -8.874339e-08 -1.709369e-06 7.854631e-05 1.614292e-04 -1.926208e-05 3.811040e-06
10372.600000 -2.846877e-05 -9.358023e-07 -8.795473e-08 -1.738037e-06 7.834959e-05 1.735727e-04 -1.724394e-05 4.749422e-06
10372.800000 -2.845534e-05 -9.267852e-07 -8.705224e-08 -1.764883e-06 7.738739e-05 1.587109e-04 -1.270563e-05 1.753517e-05
10373.000000 -2.842044e-05 -9.154237e-07 -8.581202e-08 -1.788063e-06 7.445181e-05 1.581710e-04 -6.355326e-06 1.759828e-05
10373.200000 -2.839400e-05 -9.035197e-07 -8.484229e-08 -1.806111e-06 7.064273e-05 1.664058e-04 -7.928878e-06 1.049188e-05
10373.400000 -2.841804e-05 -9.046946e-07 -8.492871e-08 -1.822252e-06 7.021030e-05 1.526042e-04 -9.064567e-06 1.375065e-05
10373.600000 -2.846036e-05 -9.087264e-07 -8.530659e-08 -1.835841e-06 7.850910e-05 1.583250e-04 -1.469628e-05 2.242003e-05
10373.800000 -2.846860e-05 -9.038136e-07 -8.491240e-08 -1.845749e-06 6.975139e-05 1.739506e-04 -1.720308e-05 2.691521e-05
10374.000000 -2.851778e-05 -9.086136e-07 -8.535105e-08 -1.853911e-06 7.607507e-05 1.625994e-04 -1.258906e-05 2.027198e-05
10374.200000 -2.852840e-05 -9.079886e-07 -8.540863e-08 -1.863278e-06 6.746683e-05 1.575815e-04 -1.605345e-05 1.342619e-05
10374.400000 -2.851038e-05 -9.018535e-07 -8.495566e-08 -1.872743e-06 7.502781e-05 1.323728e-04 -2.197398e-05 1.287351e-05
10374.600000 -2.845925e-05 -8.910492e-07 -8.392233e-08 -1.879245e-06 6.742612e-05 1.317172e-04 -2.052990e-05 2.232632e-05
10374.800000 -2.844675e-05 -8.894902e-07 -8.396788e-08 -1.886055e-06 6.820178e-05 1.543776e-04 -2.010164e-05 2.788037e-05
10375.000000 -2.841863e-05 -8.793754e-07 -8.289100e-08 -1.889454e-06 6.649656e-05 1.501002e-04 -2.282745e-05 2.980306e-05
10375.200000 -2.838691e-05 -8.744548e-07 -8.267616e-08 -1.893171e-06 5.972216e-05 1.613954e-04 -2.869951e-05 3.301656e-05
10375.400000 -2.841003e-05 -8.760863e-07 -8.278860e-08 -1.899434e-06 6.059183e-05 1.607097e-04 -2.604095e-05 2.899198e-05
10375.600000 -2.841225e-05 -8.733246e-07 -8.228336e-08 -1.903250e-06 6.491287e-05 1.408844e-04 -1.878156e-05 2.527011e-05
10375.800000 -2.845117e-05 -8.786719e-07 -8.298305e-08 -1.908667e-06 7.085038e-05 1.400044e-04 -1.470856e-05 2.310815e-05
10376.000000 -2.855098e-05 -8.930760e-07 -8.432916e-08 -1.913792e-06 7.219148e-05 1.391983e-04 -1.654444e-05 1.743093e-05
10376.200000 -2.854025e-05 -8.890800e-07 -8.394721e-08 -1.916950e-06 7.560744e-05 1.532620e-04 -2.385801e-05 1.760649e-05
10376.400000 -2.847308e-05 -8.780772e-07 -8.274913e-08 -1.917727e-06 7.606338e-05 1.435381e-04 -1.907989e-05 3.278246e-05
10376.600000 -2.845878e-05 -8.793820e-07 -8.290159e-08 -1.918814e-06 7.323738e-05 1.847058e-04 -1.812910e-05 3.770873e-05
10376.800000 -2.849902e-05 -8.852444e-07 -8.323556e-08 -1.918033e-06 7.466384e-05 1.800382e-04 -1.831418e-05 3.010820e-05
10377.000000 -2.851848e-05 -8.882151e-07 -8.314773e-08 -1.914537e-06 7.219588e-05 1.479146e-04 -1.500485e-05 3.204363e-05
10377.200000 -2.854737e-05 -8.951600e-07 -8.377135e-08 -1.909485e-06 6.652524e-05 1.366317e-04 -2.088857e-05 2.646172e-05
10377.400000 -2.856223e-05 -8.998634e-07 -8.423169e-08 -1.901869e-06 7.696325e-05 1.514378e-04 -1.519375e-05 2.449980e-05
10377.600000 -2.856991e-05 -9.024927e-07 -8.448170e-08 -1.893206e-06 6.819140e-05 1.365351e-04 -1.980716e-05 2.909346e-05
10377.800000 -2.857214e-05 -9.072819e-07 -8.514457e-08 -1.884155e-06 6.911808e-05 1.325225e-04 -2.380749e-05 2.469637e-05
10378.000000 -2.855258e-05 -9.075301e-07 -8.528256e-08 -1.873119e-06 7.245090e-05 1.324920e-04 -1.901059e-05 2.352327e-05
10378.200000 -2.854097e-05 -9.090449e-07 -8.557506e-08 -1.862292e-06 8.663561e-05 1.406556e-04 -2.219224e-05 2.806816e-05
10378.400000 -2.853880e-05 -9.139339e-07 -8.572131e-08 -1.848471e-06 7.939575e-05 1.179565e-04 -1.601820e-05 3.171767e-05
10378.600000 -2.854978e-05 -9.178837e-07 -8.619121e-08 -1.835720e-06 7.741884e-05 1.030963e-04 -1.960816e-05 2.486290e-05
10378.800000 -2.854362e-05 -9.216957e-07 -8.643040e-08 -1.822817e-06 7.665264e-05 1.268873e-04 -1.227249e-05 3.272850e-05
10379.000000 -2.853603e-05 -9.215575e-07 -8.652305e-08 -1.808496e-06 7.016643e-05 1.661661e-04 -9.294991e-06 3.101885e-05
10379.200000 -2.854621e-05 -9.288321e-07 -8.711468e-08 -1.795510e-06 7.537479e-05 1.578365e-04 -2.197811e-05 2.848369e-05
10379.400000 -2.856157e-05 -9.354997e-07 -8.777175e-08 -1.782776e-06 7.104901e-05 1.681345e-04 -2.042809e-05 2.350573e-05
10379.600000 -2.855456e-05 -9.378158e-07 -8.800189e-08 -1.770544e-06 6.332118e-05 1.593899e-04 -2.744577e-05 1.299673e-05
10379.800000 -2.856842e-05 -9.443346e-07 -8.871815e-08 -1.758232e-06 5.883107e-05 1.606604e-04 -2.201993e-05 2.405943e-05
10380.000000 -2.855600e-05 -9.444870e-07 -8.871849e-08 -1.747205e-06 5.922946e-05 1.634581e-04 -2.905938e-05 1.805623e-05
10380.200000 -2.855649e-05 -9.490401e-07 -8.938309e-08 -1.737114e-06 5.524747e-05 1.821606e-04 -3.425799e-05 2.533773e-05
10380.400000 -2.855837e-05 -9.508763e-07 -8.966526e-08 -1.727885e-06 6.401549e-05 1.998413e-04 -2.864813e-05 2.769918e-05
10380.600000 -2.850905e-05 -9.463868e-07 -8.909041e-08 -1.720463e-06 6.109501e-05 1.841070e-04 -2.847967e-05 2.374488e-05
10380.800000 -2.847507e-05 -9.445750e-07 -8.887299e-08 -1.712116e-06 6.544168e-05 1.574439e-04 -2.718363e-05 1.919043e-05
10381.000000 -2.847731e-05 -9.474437e-07 -8.894587e-08 -1.704171e-06 6.621476e-05 1.912538e-04 -3.228338e-05 2.013592e-05
10381.200000 -2.851626e-05 -9.557117e-07 -8.957516e-08 -1.696530e-06 7.285404e-05 1.886873e-04 -2.791455e-05 1.789022e-05
10381.400000 -2.852160e-05 -9.598055e-07 -8.991334e-08 -1.690364e-06 7.486512e-05 2.039888e-04 -3.031655e-05 1.236983e-05
10381.600000 -2.850072e-05 -9.574904e-07 -8.975507e-08 -1.683624e-06 8.165274e-05 2.279405e-04 -3.836910e-05 1.375379e-05
10381.800000 -2.854743e-05 -9.681130e-07 -9.068609e-08 -1.676826e-06 7.724992e-05 2.398290e-04 -3.766000e-05 6.475846e-06
10382.000000 -2.852589e-05 -9.660952e-07 -9.051907e-08 -1.670926e-06 7.679289e-05 2.044161e-04 -2.649986e-05 7.577216e-06
10382.200000 -2.854261e-05 -9.712594e-07 -9.108274e-08 -1.665373e-06 7.625238e-05 2.004149e-04 -2.230580e-05 1.778610e-05
10382.400000 -2.853927e-05 -9.724935e-07 -9.123270e-08 -1.660808e-06 7.513665e-05 1.686737e-04 -1.211951e-05 3.082460e-05
10382.600000 -2.853787e-05 -9.744865e-07 -9.142921e-08 -1.654420e-06 7.415311e-05 1.731319e-04 -2.171107e-05 2.017397e-05
10382.800000 -2.855462e-05 -9.803676e-07 -9.211324e-08 -1.648149e-06 6.927039e-05 1.863733e-04 -1.859351e-05 2.484232e-05
10383.000000 -2.855503e-05 -9.816198e-07 -9.217886e-08 -1.643215e-06 6.892271e-05 1.915892e-04 -1.655457e-05 2.446861e-05
10383.200000 -2.853705e-05 -9.800087e-07 -9.189592e-08 -1.639118e-06 7.404474e-05 1.871822e-04 -1.829446e-05 1.536587e-05
10383.400000 -2.853130e-05 -9.808778e-07 -9.170133e-08 -1.634252e-06 6.664642e-05 2.082668e-04 -1.515162e-05 2.709520e-05
10383.600000 -2.855306e-05 -9.882092e-07 -9.234960e-08 -1.629210e-06 6.384925e-05 2.033856e-04 -1.619556e-05 2.794241e-05
10383.800000 -2.853755e-05 -9.848789e-07 -9.187257e-08 -1.624290e-06 7.071835e-05 1.983795e-04 -1.355773e-05 2.404294e-05
10384.000000 -2.853771e-05 -9.864880e-07 -9.195748e-08 -1.619380e-06 7.190364e-05 2.103058e-04 -2.748389e-05 3.067098e-05
10384.200000 -2.854916e-05 -9.918121e-07 -9.259784e-08 -1.614838e-06 7.281092e-05 1.981093e-04 -2.580685e-05 2.371419e-05
10384.400000 -2.851147e-05 -9.875074e-07 -9.240036e-08 -1.611293e-06 6.886068e-05 1.984133e-04 -1.667741e-05 2.440194e-05
10384.600000 -2.854466e-05 -9.928739e-07 -9.296831e-08 -1.606806e-06 6.532324e-05 2.082058e-04 -1.879262e-05 2.350646e-05
10384.800000 -2.855826e-05 -9.968086e-07 -9.339231e-08 -1.602020e-06 6.700606e-05 2.027260e-04 -2.887174e-05 2.298890e-05
10385.000000 -2.854134e-05 -9.955685e-07 -9.319739e-08 -1.598660e-06 6.030486e-05 2.057736e-04 -3.668609e-05 1.614703e-05
10385.200000 -2.852556e-05 -9.923042e-07 -9.311712e-08 -1.596052e-06 6.412739e-05 1.891708e-04 -1.869745e-05 2.267842e-05
10385.400000 -2.850994e-05 -9.915911e-07 -9.298192e-08 -1.592406e-06 6.945203e-05 1.649570e-04 -2.060729e-05 2.452099e-05
10385.600000 -2.850559e-05 -9.929103e-07 -9.324076e-08 -1.589374e-06 7.677721e-05 1.579425e-04 -1.470277e-05 2.986556e-05
10385.800000 -2.850415e-05 -9.940992e-07 -9.323191e-08 -1.585004e-06 8.008847e-05 1.526017e-04 -2.094903e-05 3.436330e-05
10386.000000 -2.850213e-05 -9.941021e-07 -9.304361e-08 -1.582434e-06 7.994508e-05 1.706561e-04 -1.451624e-05 3.171580e-05
10386.200000 -2.850448e-05 -9.973246e-07 -9.316810e-08 -1.579249e-06 7.411715e-05 1.700075e-04 -2.121112e-05 1.599593e-05
10386.400000 -2.850835e-05 -9.979322e-07 -9.290922e-08 -1.576096e-06 8.028776e-05 1.833122e-04 -2.090865e-05 1.777303e-05
10386.600000 -2.851927e-05 -1.000866e-06 -9.329171e-08 -1.573919e-06 7.644270e-05 2.070330e-04 -2.677400e-05 2.222175e-05
10386.800000 -2.851276e-05 -1.001788e-06 -9.316498e-08 -1.571372e-06 7.468946e-05 1.762273e-04 -3.105984e-05 2.861262e-05
10387.000000 -2.853931e-05 -1.004376e-06 -9.333217e-08 -1.568908e-06 7.294036e-05 1.715299e-04 -2.868178e-05 2.976988e-05
10387.200000 -2.851928e-05 -1.004533e-06 -9.316576e-08 -1.566828e-06 7.895553e-05 1.721465e-04 -2.254777e-05 3.572190e-05
10387.400000 -2.849256e-05 -9.995222e-07 -9.280435e-08 -1.566112e-06 8.529554e-05 1.827996e-04 -3.153922e-05 2.443449e-05
10387.600000 -2.843317e-05 -9.935977e-07 -9.247795e-08 -1.563945e-06 7.889111e-05 1.766624e-04 -3.062353e-05 2.166063e-05
10387.800000 -2.833432e-05 -9.783906e-07 -9.098685e-08 -1.560323e-06 7.836621e-05 1.833908e-04 -3.264133e-05 1.999790e-05
10388.000000 -2.839730e-05 -9.902572e-07 -9.229484e-08 -1.560472e-06 7.305857e-05 1.895970e-04 -3.605548e-05 3.164902e-05
10388.200000 -2.848670e-05 -1.004032e-06 -9.343999e-08 -1.561451e-06 7.417725e-05 1.799247e-04 -3.006346e-05 3.043752e-05
10388.400000 -2.848582e-05 -1.003255e-06 -9.313135e-08 -1.560124e-06 7.132087e-05 1.625634e-04 -4.084363e-05 2.631263e-05
10388.600000 -2.849662e-05 -1.006742e-06 -9.340665e-08 -1.559033e-06 6.910814e-05 1.749380e-04 -3.475272e-05 3.744351e-05
10388.800000 -2.850582e-05 -1.007464e-06 -9.332005e-08 -1.557920e-06 5.845482e-05 1.796472e-04 -2.916127e-05 3.639683e-05
10389.000000 -2.850498e-05 -1.008451e-06 -9.315229e-08 -1.556399e-06 5.997857e-05 1.837337e-04 -3.410062e-05 4.276805e-05
10389.200000 -2.850744e-05 -1.010103e-06 -9.299388e-08 -1.556332e-06 6.575018e-05 1.874106e-04 -4.133405e-05 2.971173e-05
10389.400000 -2.850937e-05 -1.009505e-06 -9.284163e-08 -1.555193e-06 6.759422e-05 1.842650e-04 -4.487493e-05 3.305765e-05
10389.600000 -2.850894e-05 -1.009676e-06 -9.271162e-08 -1.554676e-06 7.329556e-05 1.858581e-04 -4.171208e-05 3.429540e-05
10389.800000 -2.850059e-05 -1.010840e-06 -9.264252e-08 -1.554508e-06 6.708411e-05 1.815522e-04 -3.511520e-05 3.166856e-05
10390.000000 -2.849865e-05 -1.009410e-06 -9.244013e-08 -1.553830e-06 6.149333e-05 1.830358e-04 -4.508832e-05 2.195067e-05
10390.200000 -2.850368e-05 -1.010309e-06 -9.248878e-08 -1.553202e-06 6.958176e-05 2.087903e-04 -4.150842e-05 2.340024e-05
10390.400000 -2.850709e-05 -1.013266e-06 -9.243748e-08 -1.552711e-06 6.278487e-05 2.129077e-04 -5.062509e-05 1.899986e-05
10390.600000 -2.850043e-05 -1.011603e-06 -9.228383e-08 -1.553755e-06 5.381457e-05 1.976462e-04 -5.782783e-05 1.352250e-05
10390.800000 -2.849030e-05 -1.007641e-06 -9.166472e-08 -1.552620e-06 5.434239e-05 1.845524e-04 -4.748101e-05 2.373133e-05
10391.000000 -2.845534e-05 -1.001668e-06 -9.098199e-08 -1.553046e-06 6.303225e-05 2.022010e-04 -5.670268e-05 1.717405e-05
10391.200000 -2.842356e-05 -9.989681e-07 -9.084994e-08 -1.553031e-06 7.252340e-05 1.816568e-04 -4.669173e-05 2.519821e-05
10391.400000 -2.838881e-05 -9.931991e-07 -9.022053e-08 -1.551616e-06 7.152177e-05 1.969612e-04 -4.615728e-05 2.210771e-05
10391.600000 -2.844761e-05 -1.004876e-06 -9.114141e-08 -1.551016e-06 6.276303e-05 1.786089e-04 -3.729702e-05 2.597039e-05
10391.800000 -2.847354e-05 -1.008464e-06 -9.118761e-08 -1.550502e-06 6.885329e-05 1.780470e-04 -3.823885e-05 2.475548e-05
10392.000000 -2.841769e-05 -1.002682e-06 -9.120171e-08 -1.551183e-06 6.251118e-05 1.846934e-04 -4.976007e-05 1.517007e-05
10392.200000 -2.836254e-05 -9.935170e-07 -9.046578e-08 -1.549657e-06 6.720195e-05 2.091711e-04 -4.784980e-05 1.593638e-05
10392.400000 -2.827406e-05 -9.778146e-07 -8.891876e-08 -1.546223e-06 7.067170e-05 1.927959e-04 -3.919166e-05 3.036589e-05
10392.600000 -2.824038e-05 -9.784264e-07 -8.906378e-08 -1.544714e-06 5.698858e-05 1.873230e-04 -4.323721e-05 3.344328e-05
10392.800000 -2.830328e-05 -9.849251e-07 -8.911237e-08 -1.547452e-06 6.385290e-05 1.808953e-04 -4.028550e-05 2.841052e-05
10393.000000 -2.841946e-05 -1.002893e-06 -9.036975e-08 -1.549746e-06 6.489496e-05 1.763935e-04 -4.736919e-05 1.340381e-05
10393.200000 -2.846274e-05 -1.010795e-06 -9.053505e-08 -1.549444e-06 6.184119e-05 1.678628e-04 -3.300890e-05 1.995465e-05
10393.400000 -2.846269e-05 -1.011078e-06 -9.053978e-08 -1.549226e-06 6.404046e-05 1.713255e-04 -3.770975e-05 2.676307e-05
10393.600000 -2.846557e-05 -1.013635e-06 -9.080841e-08 -1.548775e-06 6.055238e-05 1.773025e-04 -3.904156e-05 2.533047e-05
10393.800000 -2.844662e-05 -1.008483e-06 -9.041166e-08 -1.548825e-06 5.754149e-05 1.885356e-04 -3.149120e-05 2.025185e-05
10394.000000 -2.842212e-05 -1.004374e-06 -9.006956e-08 -1.549892e-06 5.914507e-05 1.968339e-04 -2.950796e-05 1.403757e-05
10394.200000 -2.839762e-05 -9.995077e-07 -8.960546e-08 -1.549599e-06 5.722121e-05 1.917303e-04 -4.085888e-05 2.144947e-05
10394.400000 -2.839179e-05 -1.001852e-06 -8.974919e-08 -1.549948e-06 5.476937e-05 2.020142e-04 -4.720745e-05 1.604351e-05
10394.600000 -2.839549e-05 -1.002418e-06 -8.956351e-08 -1.549870e-06 5.355203e-05 2.110571e-04 -4.377878e-05 2.648190e-05
10394.800000 -2.835969e-05 -9.963826e-07 -8.904438e-08 -1.549203e-06 6.207890e-05 2.152806e-04 -4.797144e-05 1.831457e-05
10395.000000 -2.829269e-05 -9.904356e-07 -8.859265e-08 -1.547431e-06 6.557611e-05 1.991349e-04 -4.840871e-05 1.887975e-05
10395.200000 -2.830909e-05 -9.927913e-07 -8.851892e-08 -1.547157e-06 6.338900e-05 1.777035e-04 -5.062474e-05 2.198218e-05
10395.400000 -2.837876e-05 -1.002574e-06 -8.886963e-08 -1.547507e-06 6.040255e-05 1.688530e-04 -4.641878e-05 2.363996e-05
10395.600000 -2.841524e-05 -1.008295e-06 -8.911927e-08 -1.547300e-06 5.691015e-05 1.735640e-04 -4.708770e-05 2.922197e-05
10395.800000 -2.842566e-05 -1.011237e-06 -8.908232e-08 -1.545832e-06 5.507887e-05 1.967530e-04 -3.813305e-05 1.955404e-05
10396.000000 -2.840720e-05 -1.010192e-06 -8.886201e-08 -1.545777e-06 5.958694e-05 1.798998e-04 -3.929432e-05 1.895329e-05
10396.200000 -2.837772e-05 -1.004204e-06 -8.839928e-08 -1.544775e-06 6.230887e-05 1.611999e-04 -3.438005e-05 2.830409e-05
10396.400000 -2.836671e-05 -1.006357e-06 -8.859242e-08 -1.543261e-06 5.248149e-05 1.877526e-04 -3.876243e-05 2.921083e-05
10396.600000 -2.834732e-05 -1.002010e-06 -8.825249e-08 -1.541034e-06 5.275609e-05 1.966459e-04 -4.211575e-05 3.163161e-05
10396.800000 -2.831514e-05 -9.988069e-07 -8.792504e-08 -1.538208e-06 5.134796e-05 2.008538e-04 -3.688434e-05 2.699214e-05
10397.000000 -2.833771e-05 -1.005810e-06 -8.852822e-08 -1.536606e-06 5.972752e-05 1.964171e-04 -3.289463e-05 2.722730e-05
10397.227860 -2.835780e-05 -1.007792e-06 -8.853753e-08 -1.534901e-06 5.668647e-05 1.857086e-04 -4.632840e-05 2.602947e-05
10397.483581 -2.834826e-05 -1.007285e-06 -8.846660e-08 -1.531724e-06 5.864970e-05 1.663320e-04 -3.951504e-05 2.039621e-05
10397.767162 -2.832676e-05 -1.004316e-06 -8.824494e-08 -1.528000e-06 6.581096e-05 1.641992e-04 -3.551059e-05 2.369953e-05
10398.078604 -2.837564e-05 -1.013612e-06 -8.882428e-08 -1.524469e-06 5.719319e-05 1.787492e-04 -3.578547e-05 2.739338e-05
10398.417905 -2.839275e-05 -1.017314e-06 -8.900359e-08 -1.519698e-06 5.543612e-05 1.860831e-04 -3.305856e-05 3.716493e-05
10398.785067 -2.829316e-05 -1.005382e-06 -8.792691e-08 -1.511741e-06 6.505645e-05 1.784930e-04 -3.777549e-05 4.049334e-05
10399.180090 -2.825545e-05 -1.002168e-06 -8.756907e-08 -1.504091e-06 5.657978e-05 1.853359e-04 -3.709357e-05 3.656222e-05
10399.602973 -2.834186e-05 -1.016856e-06 -8.866112e-08 -1.499230e-06 5.564087e-05 1.674394e-04 -4.328074e-05 3.818047e-05
10400.053716 -2.840732e-05 -1.029231e-06 -8.958691e-08 -1.492281e-06 6.185884e-05 1.543672e-04 -4.711727e-05 3.520449e-05
10400.532319 -2.836424e-05 -1.025404e-06 -8.941546e-08 -1.485351e-06 6.665017e-05 1.441840e-04 -4.294129e-05 2.437528e-05
10401.038783 -2.836803e-05 -1.029637e-06 -8.963881e-08 -1.478157e-06 7.394160e-05 1.562578e-04 -3.787574e-05 3.101228e-05
10401.573107 -2.841350e-05 -1.039163e-06 -9.006123e-08 -1.471538e-06 7.056756e-05 1.463053e-04 -2.915355e-05 3.735290e-05
10402.135292 -2.836631e-05 -1.034283e-06 -8.972850e-08 -1.466245e-06 7.020782e-05 1.734661e-04 -3.292325e-05 3.460474e-05
10402.725337 -2.838453e-05 -1.040047e-06 -9.035133e-08 -1.462075e-06 6.737003e-05 1.732526e-04 -3.131880e-05 4.051261e-05
10403.343242 -2.836527e-05 -1.038794e-06 -9.069407e-08 -1.458834e-06 6.865005e-05 1.789408e-04 -3.518324e-05 4.256528e-05
10403.989008 -2.832580e-05 -1.033876e-06 -9.028736e-08 -1.457430e-06 6.929777e-05 1.713657e-04 -3.255880e-05 4.240382e-05
10404.662634 -2.836633e-05 -1.041509e-06 -9.114973e-08 -1.457220e-06 6.459124e-05 1.587441e-04 -2.226104e-05 4.473592e-05
10405.364120 -2.832157e-05 -1.035414e-06 -9.117743e-08 -1.458160e-06 6.837875e-05 1.527068e-04 -3.051569e-05 4.281496e-05
10406.093467 -2.832650e-05 -1.037629e-06 -9.216588e-08 -1.460071e-06 6.563853e-05 1.722800e-04 -2.984141e-05 3.442910e-05
10406.850674 -2.832285e-05 -1.036715e-06 -9.279391e-08 -1.462605e-06 6.721359e-05 1.475797e-04 -2.831832e-05 3.586558e-05
10407.635741 -2.828479e-05 -1.031821e-06 -9.281700e-08 -1.466304e-06 5.604979e-05 1.501893e-04 -2.573110e-05 2.575712e-05
10408.448669 -2.830947e-05 -1.036310e-06 -9.383272e-08 -1.469717e-06 5.526725e-05 1.730576e-04 -2.198182e-05 2.421875e-05
10409.289457 -2.825818e-05 -1.029106e-06 -9.400840e-08 -1.474190e-06 6.304221e-05 1.721675e-04 -2.454739e-05 2.371103e-05
10410.158106 -2.827533e-05 -1.031666e-06 -9.530783e-08 -1.479442e-06 6.747130e-05 1.910451e-04 -2.392491e-05 1.803877e-05
10411.054614 -2.827016e-05 -1.030789e-06 -9.617018e-08 -1.486241e-06 6.805825e-05 1.812104e-04 -2.615549e-05 2.073366e-05
10411.978983 -2.826464e-05 -1.028495e-06 -9.682849e-08 -1.493984e-06 6.474082e-05 1.933760e-04 -3.175811e-05 2.523044e-05
10412.931213 -2.827453e-05 -1.028908e-06 -9.740093e-08 -1.502933e-06 5.649576e-05 1.953522e-04 -2.667228e-05 2.189850e-05
10413.911303 -2.822498e-05 -1.019392e-06 -9.732216e-08 -1.513035e-06 5.391169e-05 1.983982e-04 -2.748443e-05 1.389243e-05
10414.919253 -2.817107e-05 -1.009090e-06 -9.720472e-08 -1.523245e-06 5.677161e-05 1.942135e-04 -1.517813e-05 2.397731e-05
10415.955064 -2.818418e-05 -1.009967e-06 -9.763201e-08 -1.534246e-06 5.354955e-05 2.146889e-04 -2.125535e-05 2.349730e-05
10417.018734 -2.819211e-05 -1.010470e-06 -9.788097e-08 -1.544246e-06 5.908055e-05 2.325790e-04 -2.331597e-05 2.086641e-05
10418.110266 -2.818411e-05 -1.009086e-06 -9.792902e-08 -1.553867e-06 6.453571e-05 1.982144e-04 -2.017862e-05 3.155556e-05
10419.232723 -2.817255e-05 -1.005990e-06 -9.776275e-08 -1.562289e-06 6.799397e-05 1.912825e-04 -1.873345e-05 2.957726e-05
10420.367373 -2.808984e-05 -9.936951e-07 -9.706422e-08 -1.569260e-06 6.804035e-05 1.753066e-04 -2.955708e-05 3.161499e-05
10421.514214 -2.810754e-05 -9.966373e-07 -9.716819e-08 -1.576393e-06 6.851140e-05 1.487567e-04 -4.029554e-05 2.776212e-05
10422.673248 -2.812111e-05 -9.995596e-07 -9.719892e-08 -1.581892e-06 6.365025e-05 1.456945e-04 -3.217707e-05 2.889663e-05
10423.844473 -2.810897e-05 -9.982925e-07 -9.665239e-08 -1.585658e-06 6.974840e-05 1.556883e-04 -3.323491e-05 2.819225e-05
10425.027890 -2.808971e-05 -9.966548e-07 -9.626655e-08 -1.589419e-06 7.098627e-05 1.665584e-04 -3.992508e-05 2.190882e-05
10426.223499 -2.807965e-05 -9.968998e-07 -9.630186e-08 -1.591769e-06 6.338543e-05 1.672892e-04 -4.652791e-05 1.968966e-05
10427.431300 -2.801184e-05 -9.890310e-07 -9.569723e-08 -1.591974e-06 6.224128e-05 1.700456e-04 -4.021263e-05 6.724410e-06
10428.651293 -2.801825e-05 -9.908435e-07 -9.555060e-08 -1.593287e-06 5.901312e-05 1.617066e-04 -3.464612e-05 9.829784e-06
10429.883478 -2.808212e-05 -1.000504e-06 -9.622909e-08 -1.596964e-06 5.961667e-05 1.543835e-04 -4.592465e-05 1.245877e-05
10431.127855 -2.806920e-05 -9.998625e-07 -9.611903e-08 -1.598602e-06 5.994070e-05 1.603904e-04 -3.494671e-05 1.481884e-05
10432.384423 -2.804028e-05 -9.967299e-07 -9.591490e-08 -1.600191e-06 5.277046e-05 1.670501e-04 -3.128758e-05 1.793990e-05
10433.653184 -2.803370e-05 -9.976001e-07 -9.609231e-08 -1.601326e-06 6.342764e-05 1.362133e-04 -2.262097e-05 3.315657e-05
10434.934136 -2.802564e-05 -9.989961e-07 -9.602507e-08 -1.602323e-06 6.809227e-05 1.437438e-04 -2.785065e-05 2.475043e-05
10436.227280 -2.800919e-05 -9.996375e-07 -9.581495e-08 -1.602394e-06 6.636201e-05 1.482774e-04 -1.903810e-05 2.604477e-05
10437.532617 -2.798147e-05 -9.981570e-07 -9.572126e-08 -1.601885e-06 7.238007e-05 1.263677e-04 -1.794962e-05 2.951236e-05
10438.850145 -2.794424e-05 -9.954932e-07 -9.558332e-08 -1.600784e-06 7.269951e-05 1.090439e-04 -2.296843e-05 1.748726e-05
10440.179865 -2.796262e-05 -1.000646e-06 -9.586906e-08 -1.599857e-06 8.036650e-05 1.083220e-04 -2.839431e-05 1.769407e-05
10441.521777 -2.795447e-05 -1.001263e-06 -9.549257e-08 -1.597906e-06 8.011304e-05 1.317785e-04 -2.899487e-05 2.008520e-05
10442.875881 -2.789548e-05 -9.961889e-07 -9.458160e-08 -1.595040e-06 7.582905e-05 1.648507e-04 -2.936271e-05 2.048299e-05
10444.242177 -2.788472e-05 -9.977346e-07 -9.453145e-08 -1.592835e-06 7.210512e-05 1.718339e-04 -2.310847e-05 1.428854e-05
10445.620664 -2.787560e-05 -1.000174e-06 -9.462283e-08 -1.590431e-06 6.941862e-05 1.807506e-04 -2.196096e-05 1.114794e-05
10447.011344 -2.786807e-05 -1.002456e-06 -9.487464e-08 -1.587488e-06 7.879060e-05 1.677346e-04 -2.834026e-05 1.785175e-05
10448.414215 -2.784445e-05 -1.001898e-06 -9.467604e-08 -1.585006e-06 8.773109e-05 1.634218e-04 -2.593379e-05 1.641897e-05
10449.829279 -2.782188e-05 -1.001755e-06 -9.464024e-08 -1.582264e-06 7.851913e-05 1.571064e-04 -3.481513e-05 9.680702e-06
10451.256534 -2.779291e-05 -1.001473e-06 -9.447126e-08 -1.579069e-06 7.643587e-05 1.430126e-04 -3.321291e-05 1.357413e-05
10452.695981 -2.778475e-05 -1.004703e-06 -9.492934e-08 -1.576542e-06 8.371382e-05 1.488670e-04 -3.496371e-05 1.953501e-05
10454.147620 -2.773377e-05 -1.000977e-06 -9.470054e-08 -1.573175e-06 8.713188e-05 1.576801e-04 -3.198277e-05 1.309324e-05
10455.611452 -2.770804e-05 -1.001354e-06 -9.484145e-08 -1.570510e-06 7.696666e-05 1.267756e-04 -3.775886e-05 5.331013e-06
10457.087475 -2.771517e-05 -1.006642e-06 -9.524702e-08 -1.568244e-06 8.026781e-05 1.328013e-04 -3.014456e-05 2.454580e-06
10458.575689 -2.774853e-05 -1.014662e-06 -9.569323e-08 -1.566808e-06 8.279298e-05 1.529393e-04 -2.512552e-05 1.014605e-05
10460.076096 -2.772249e-05 -1.014671e-06 -9.541763e-08 -1.564731e-06 7.915836e-05 1.457478e-04 -2.876748e-05 3.260828e-09
10461.588695 -2.770474e-05 -1.015473e-06 -9.517371e-08 -1.563196e-06 7.980497e-05 1.528350e-04 -2.428355e-05 4.876547e-06
10463.113485 -2.771052e-05 -1.020250e-06 -9.546559e-08 -1.562056e-06 7.511129e-05 1.551554e-04 -3.149723e-05 2.067456e-06
10464.650468 -2.768016e-05 -1.018851e-06 -9.524363e-08 -1.560802e-06 7.938363e-05 1.729701e-04 -3.046233e-05 3.533808e-06
10466.199642 -2.765242e-05 -1.018376e-06 -9.526197e-08 -1.559428e-06 7.661077e-05 1.805561e-04 -2.364678e-05 1.205386e-05
10467.761009 -2.761731e-05 -1.016216e-06 -9.504303e-08 -1.558824e-06 8.977009e-05 1.667286e-04 -2.940949e-05 7.181305e-06
10469.334567 -2.763956e-05 -1.022176e-06 -9.524664e-08 -1.559019e-06 8.858330e-05 1.716406e-04 -3.125669e-05 2.792352e-06
10470.920317 -2.763851e-05 -1.026082e-06 -9.533126e-08 -1.558247e-06 8.060252e-05 1.755865e-04 -2.378246e-05 7.563416e-06
10472.518259 -2.759594e-05 -1.022662e-06 -9.508171e-08 -1.557708e-06 8.305131e-05 1.818433e-04 -1.865540e-05 7.202604e-06
10474.128393 -2.749164e-05 -1.009710e-06 -9.436121e-08 -1.556471e-06 7.410619e-05 1.840944e-04 -2.328285e-05 -3.191905e-06
10475.750719 -2.750402e-05 -1.014590e-06 -9.486072e-08 -1.555526e-06 7.481438e-05 1.692138e-04 -4.461944e-05 -8.341159e-06
10477.385237 -2.752222e-05 -1.021370e-06 -9.579075e-08 -1.555269e-06 7.414055e-05 1.696684e-04 -3.349323e-05 9.551687e-06
10479.031946 -2.752217e-05 -1.024774e-06 -9.626780e-08 -1.555326e-06 8.316566e-05 1.634331e-04 -2.171040e-05 3.518508e-06
10480.690848 -2.750474e-05 -1.027254e-06 -9.693438e-08 -1.554489e-06 8.747312e-05 1.654652e-04 -2.513201e-05 1.364062e-05
10482.361942 -2.745728e-05 -1.023772e-06 -9.689360e-08 -1.553955e-06 8.757084e-05 1.659675e-04 -3.927802e-05 1.119447e-05
10484.045227 -2.744077e-05 -1.027965e-06 -9.741962e-08 -1.552789e-06 8.760939e-05 1.659457e-04 -3.509948e-05 1.265642e-05
10485.740704 -2.744313e-05 -1.030413e-06 -9.826528e-08 -1.553788e-06 9.519449e-05 1.633210e-04 -3.561761e-05 1.368491e-05
10487.448374 -2.740397e-05 -1.025820e-06 -9.837247e-08 -1.554259e-06 8.673127e-05 1.760457e-04 -3.311220e-05 1.130704e-05
10489.168235 -2.737572e-05 -1.023323e-06 -9.863020e-08 -1.556045e-06 8.437519e-05 2.032590e-04 -3.773883e-05 1.088100e-05
10490.900288 -2.738688e-05 -1.029066e-06 -9.962941e-08 -1.556772e-06 8.069984e-05 1.837777e-04 -3.548509e-05 2.229158e-05
10492.644533 -2.737578e-05 -1.030926e-06 -1.000826e-07 -1.557076e-06 7.357238e-05 1.821250e-04 -4.405297e-05 4.738784e-06
10494.400970 -2.733825e-05 -1.030085e-06 -1.005771e-07 -1.558330e-06 8.067299e-05 1.559173e-04 -3.408801e-05 6.555481e-06
10496.169598 -2.730827e-05 -1.029093e-06 -1.010024e-07 -1.560477e-06 7.121469e-05 1.798489e-04 -3.185599e-05 3.902985e-06
10497.950419 -2.730055e-05 -1.030257e-06 -1.014435e-07 -1.562718e-06 7.223200e-05 1.829720e-04 -2.613988e-05 7.105709e-06
10499.743432 -2.727432e-05 -1.030228e-06 -1.015486e-07 -1.564265e-06 7.338108e-05 1.948450e-04 -3.003059e-05 1.405058e-05
10501.548636 -2.724480e-05 -1.029218e-06 -1.016301e-07 -1.566632e-06 7.456927e-05 1.854785e-04 -2.622111e-05 2.026019e-05
10503.366032 -2.723543e-05 -1.033284e-06 -1.023031e-07 -1.568419e-06 8.274666e-05 1.818634e-04 -2.699689e-05 1.469817e-05
10505.195621 -2.721466e-05 -1.034089e-06 -1.024445e-07 -1.570544e-06 7.198481e-05 1.704719e-04 -4.034686e-05 1.611650e-05
10507.037401 -2.719797e-05 -1.035319e-06 -1.024192e-07 -1.572894e-06 7.381873e-05 1.726904e-04 -4.169752e-05 1.650140e-05
10508.891373 -2.717742e-05 -1.035363e-06 -1.021523e-07 -1.573991e-06 7.641508e-05 1.730081e-04 -3.198355e-05 1.152655e-05
10510.757537 -2.713543e-05 -1.033963e-06 -1.018832e-07 -1.574225e-06 6.446448e-05 1.664661e-04 -3.245088e-05 1.223465e-05
10512.635893 -2.706836e-05 -1.032549e-06 -1.018545e-07 -1.572985e-06 6.996427e-05 1.711667e-04 -4.130718e-05 1.866351e-05
10514.526441 -2.700047e-05 -1.028994e-06 -1.014405e-07 -1.570839e-06 7.877904e-05 1.836237e-04 -4.531896e-05 1.993229e-05
10516.429181 -2.699728e-05 -1.027292e-06 -1.013396e-07 -1.573488e-06 7.573532e-05 1.788698e-04 -4.853306e-05 1.615378e-05
10518.344112 -2.696447e-05 -1.028610e-06 -1.012428e-07 -1.572630e-06 7.564811e-05 1.857854e-04 -4.930725e-05 8.781905e-06
10520.271236 -2.684143e-05 -1.026180e-06 -1.006743e-07 -1.565520e-06 7.852088e-05 1.732201e-04 -5.002832e-05 1.647495e-05
10522.210552 -2.694984e-05 -1.035514e-06 -1.013188e-07 -1.571907e-06 8.583408e-05 1.721795e-04 -3.657790e-05 1.774589e-05
10524.162059 -2.690768e-05 -1.033207e-06 -1.009925e-07 -1.570998e-06 7.802681e-05 1.763449e-04 -4.147873e-05 1.549865e-05
10526.125758 -2.681645e-05 -1.029198e-06 -1.004095e-07 -1.566717e-06 7.582935e-05 1.878205e-04 -4.909224e-05 1.512356e-05
10528.101649 -2.673407e-05 -1.029160e-06 -1.001886e-07 -1.561433e-06 6.404431e-05 1.943932e-04 -5.410124e-05 1.189130e-05
10530.089733 -2.672919e-05 -1.032366e-06 -1.000507e-07 -1.562629e-06 6.611435e-05 1.836989e-04 -4.891098e-05 9.060370e-06
10532.090008 -2.682700e-05 -1.041284e-06 -1.006069e-07 -1.567428e-06 6.538654e-05 1.732652e-04 -3.721823e-05 1.159707e-05
10534.102475 -2.679633e-05 -1.043132e-06 -1.006384e-07 -1.565328e-06 6.537693e-05 1.818296e-04 -3.590490e-05 7.988027e-06
10536.127133 -2.675947e-05 -1.043631e-06 -1.008307e-07 -1.563532e-06 6.681901e-05 1.796840e-04 -3.132104e-05 1.267134e-05
10538.163984 -2.678593e-05 -1.046766e-06 -1.010923e-07 -1.565601e-06 7.407015e-05 1.733744e-04 -3.125841e-05 1.723579e-05
10540.213027 -2.674577e-05 -1.046672e-06 -1.008912e-07 -1.563743e-06 7.722465e-05 1.837509e-04 -3.088557e-05 1.904316e-05
10542.274261 -2.670745e-05 -1.045215e-06 -1.011572e-07 -1.561953e-06 7.028181e-05 1.924008e-04 -3.570626e-05 1.324547e-05
10544.347688 -2.665895e-05 -1.043313e-06 -1.011094e-07 -1.560421e-06 7.624163e-05 1.893514e-04 -3.333339e-05 2.089937e-05
10546.433306 -2.660924e-05 -1.039754e-06 -1.010821e-07 -1.558796e-06 6.754202e-05 1.811791e-04 -2.903481e-05 1.148253e-05
10548.531117 -2.658112e-05 -1.042975e-06 -1.015044e-07 -1.557803e-06 6.331303e-05 1.934496e-04 -1.345734e-05 2.189923e-05
10550.641119 -2.652789e-05 -1.041724e-06 -1.016710e-07 -1.556328e-06 6.123450e-05 2.023954e-04 -2.898410e-05 1.240644e-05
10552.763313 -2.646432e-05 -1.041142e-06 -1.019367e-07 -1.553562e-06 5.823330e-05 1.939568e-04 -4.072010e-05 7.378337e-06
10554.897699 -2.644058e-05 -1.043745e-06 -1.026107e-07 -1.552517e-06 4.975284e-05 1.910674e-04 -4.241644e-05 -9.143485e-09
10557.044277 -2.643429e-05 -1.047096e-06 -1.033137e-07 -1.552601e-06 5.233614e-05 2.141451e-04 -4.479801e-05 -4.935568e-06
10559.203047 -2.640609e-05 -1.047974e-06 -1.037282e-07 -1.551729e-06 5.283383e-05 2.153000e-04 -4.378724e-05 -5.288255e-06
10561.374008 -2.635335e-05 -1.045789e-06 -1.037566e-07 -1.550363e-06 6.034190e-05 2.029693e-04 -4.612059e-05 3.150036e-06
10563.557162 -2.632354e-05 -1.046800e-06 -1.041376e-07 -1.550392e-06 6.102718e-05 2.056481e-04 -4.689999e-05 5.573398e-07
10565.752508 -2.629147e-05 -1.047956e-06 -1.047776e-07 -1.549371e-06 6.155605e-05 2.078514e-04 -4.587794e-05 1.473670e-06
10567.960045 -2.625884e-05 -1.049641e-06 -1.052790e-07 -1.547809e-06 6.751278e-05 2.137838e-04 -4.384654e-05 2.202365e-07
10570.179775 -2.622263e-05 -1.051773e-06 -1.057678e-07 -1.547031e-06 7.177901e-05 2.179853e-04 -4.796416e-05 6.298536e-06
10572.411696 -2.618102e-05 -1.052403e-06 -1.059668e-07 -1.545618e-06 7.237354e-05 2.175231e-04 -4.412601e-05 7.467243e-06
10574.655809 -2.613504e-05 -1.053543e-06 -1.063216e-07 -1.543655e-06 6.341694e-05 2.364595e-04 -5.066559e-05 5.913747e-06
10576.912114 -2.609772e-05 -1.055263e-06 -1.069301e-07 -1.541803e-06 6.315203e-05 2.361773e-04 -4.635761e-05 -2.106986e-06
10579.180611 -2.605339e-05 -1.055693e-06 -1.071041e-07 -1.540045e-06 6.006372e-05 2.607848e-04 -4.423875e-05 3.136535e-06
10581.461300 -2.600627e-05 -1.054225e-06 -1.069888e-07 -1.538842e-06 6.215154e-05 2.625565e-04 -3.630015e-05 -4.531497e-06
10583.754181 -2.597026e-05 -1.057807e-06 -1.075303e-07 -1.537272e-06 6.069308e-05 2.674099e-04 -4.302817e-05 -4.769829e-06
10586.059254 -2.590038e-05 -1.056269e-06 -1.072699e-07 -1.534339e-06 6.464598e-05 2.699738e-04 -3.928471e-05 -2.092623e-06
10588.376518 -2.580751e-05 -1.053688e-06 -1.070566e-07 -1.530408e-06 6.920685e-05 2.602179e-04 -5.111155e-05 -6.265589e-06
10590.705975 -2.573338e-05 -1.055159e-06 -1.071686e-07 -1.525986e-06 7.291308e-05 2.524934e-04 -5.604780e-05 3.818565e-06
10593.047623 -2.563543e-05 -1.053055e-06 -1.068568e-07 -1.520743e-06 7.429421e-05 2.267633e-04 -6.742368e-05 2.196733e-06
10595.401464 -2.562390e-05 -1.057627e-06 -1.072593e-07 -1.520285e-06 7.287568e-05 1.955416e-04 -7.165526e-05 -9.811177e-07
10597.767496 -2.561531e-05 -1.055571e-06 -1.069650e-07 -1.521749e-06 7.529990e-05 2.047395e-04 -7.160816e-05 -2.998499e-06
10600.145720 -2.559889e-05 -1.056715e-06 -1.071923e-07 -1.521775e-06 7.328130e-05 1.977346e-04 -7.492274e-05 6.054192e-06
10602.536136 -2.555007e-05 -1.058286e-06 -1.072860e-07 -1.519747e-06 6.766264e-05 1.837347e-04 -6.176822e-05 5.889751e-06
10604.938744 -2.546407e-05 -1.057185e-06 -1.070569e-07 -1.515617e-06 7.331749e-05 1.769378e-04 -5.779436e-05 1.003726e-05
10607.353544 -2.538428e-05 -1.055756e-06 -1.068085e-07 -1.511950e-06 8.385176e-05 1.685767e-04 -5.556538e-05 -9.102622e-07
10609.780536 -2.533621e-05 -1.056678e-06 -1.069603e-07 -1.509813e-06 8.996758e-05 1.576175e-04 -4.990232e-05 3.945256e-08
10612.219720 -2.529417e-05 -1.056766e-06 -1.072374e-07 -1.508177e-06 9.236775e-05 1.672255e-04 -3.818148e-05 1.262792e-05
10614.671096 -2.532257e-05 -1.060907e-06 -1.078082e-07 -1.511485e-06 8.984805e-05 1.954528e-04 -3.237575e-05 2.164203e-05
10617.134663 -2.532420e-05 -1.061793e-06 -1.077882e-07 -1.514251e-06 8.958416e-05 1.863969e-04 -3.637966e-05 7.219915e-06
10619.610423 -2.529787e-05 -1.062643e-06 -1.079786e-07 -1.513736e-06 8.776581e-05 1.692925e-04 -2.961478e-05 -2.600550e-06
10622.098374 -2.526542e-05 -1.063979e-06 -1.082273e-07 -1.513528e-06 9.277473e-05 1.759971e-04 -3.098428e-05 -4.619346e-06
10624.598517 -2.522363e-05 -1.064816e-06 -1.086430e-07 -1.512131e-06 9.070495e-05 1.778274e-04 -4.103454e-05 -4.347878e-06
10627.110852 -2.517587e-05 -1.065879e-06 -1.089415e-07 -1.510248e-06 8.478815e-05 1.802617e-04 -3.281105e-05 -3.830435e-06
10629.635380 -2.511859e-05 -1.064877e-06 -1.090785e-07 -1.509259e-06 8.663494e-05 1.714376e-04 -4.359760e-05 6.259267e-07
10632.172099 -2.506958e-05 -1.065442e-06 -1.090263e-07 -1.507719e-06 8.792113e-05 1.642876e-04 -4.819880e-05 -2.651329e-06
10634.721009 -2.500491e-05 -1.064888e-06 -1.086720e-07 -1.504835e-06 8.153769e-05 1.881107e-04 -4.253204e-05 5.398197e-07
10637.282112 -2.493400e-05 -1.062370e-06 -1.085892e-07 -1.502518e-06 8.021647e-05 1.997447e-04 -3.905450e-05 6.221979e-06
10639.855407 -2.488636e-05 -1.062225e-06 -1.086654e-07 -1.501293e-06 7.989521e-05 1.855974e-04 -2.929319e-05 3.067236e-06
10642.440894 -2.481039e-05 -1.061703e-06 -1.087740e-07 -1.497470e-06 7.848069e-05 2.021047e-04 -4.038510e-05 7.261989e-06
10645.038572 -2.473450e-05 -1.059395e-06 -1.089335e-07 -1.493769e-06 7.969817e-05 2.000748e-04 -3.246016e-05 1.362630e-05
10647.648443 -2.470278e-05 -1.062746e-06 -1.095123e-07 -1.492603e-06 7.575528e-05 2.081474e-04 -2.997727e-05 1.457341e-05
10650.270505 -2.466197e-05 -1.065119e-06 -1.102948e-07 -1.491571e-06 8.335557e-05 2.178188e-04 -3.921516e-05 1.071190e-05
10652.904759 -2.459136e-05 -1.064277e-06 -1.103058e-07 -1.488373e-06 9.470899e-05 2.098052e-04 -3.388217e-05 6.894943e-06
10655.551205 -2.453515e-05 -1.065079e-06 -1.106650e-07 -1.485772e-06 9.313311e-05 1.909520e-04 -3.641654e-05 5.843455e-06
10658.209844 -2.442658e-05 -1.066995e-06 -1.110828e-07 -1.479952e-06 9.965384e-05 2.310710e-04 -3.487145e-05 5.381270e-06
10660.880674 -2.440213e-05 -1.066958e-06 -1.114500e-07 -1.479598e-06 9.030142e-05 2.504793e-04 -4.004591e-05 6.322715e-06
10663.563696 -2.438699e-05 -1.066134e-06 -1.118186e-07 -1.480334e-06 9.438884e-05 2.380832e-04 -3.657579e-05 2.971699e-07
10666.258909 -2.428078e-05 -1.057806e-06 -1.114380e-07 -1.476159e-06 8.993009e-05 2.079211e-04 -4.603485e-05 1.256741e-06
10668.966315 -2.421350e-05 -1.057096e-06 -1.117023e-07 -1.473098e-06 9.729749e-05 1.948760e-04 -4.320930e-05 1.446068e-05
10671.685913 -2.413856e-05 -1.054700e-06 -1.119313e-07 -1.469497e-06 9.808154e-05 1.858731e-04 -4.233009e-05 6.621590e-06
10674.417702 -2.406228e-05 -1.053201e-06 -1.121118e-07 -1.465987e-06 8.678610e-05 1.632713e-04 -4.000084e-05 5.634252e-06
10677.161684 -2.400303e-05 -1.056332e-06 -1.125390e-07 -1.462073e-06 9.618224e-05 1.576711e-04 -2.482422e-05 1.784071e-05
10679.917857 -2.393375e-05 -1.063867e-06 -1.130571e-07 -1.457169e-06 1.093746e-04 1.690897e-04 -3.438718e-05 1.449281e-06
10682.686222 -2.386915e-05 -1.067446e-06 -1.132986e-07 -1.452973e-06 1.069047e-04 1.606965e-04 -3.334104e-05 5.668387e-06
10685.466780 -2.378690e-05 -1.066316e-06 -1.133436e-07 -1.448388e-06 1.062285e-04 1.558165e-04 -4.037355e-05 -2.539809e-06
10688.259529 -2.365682e-05 -1.061239e-06 -1.128245e-07 -1.441946e-06 9.982165e-05 1.653180e-04 -4.433303e-05 3.262512e-06
10691.064470 -2.358006e-05 -1.061430e-06 -1.130953e-07 -1.438645e-06 9.643054e-05 1.505567e-04 -3.471994e-05 6.154401e-06
10693.881602 -2.359735e-05 -1.065456e-06 -1.137664e-07 -1.440666e-06 9.799640e-05 1.601866e-04 -4.002516e-05 1.251790e-06
10696.710927 -2.358279e-05 -1.066772e-06 -1.141324e-07 -1.441202e-06 1.074186e-04 1.799420e-04 -3.081205e-05 1.472332e-06
10699.552444 -2.353039e-05 -1.067669e-06 -1.143162e-07 -1.438526e-06 1.028424e-04 1.802589e-04 -3.499566e-05 -6.663762e-06
10702.406153 -2.341788e-05 -1.066561e-06 -1.143678e-07 -1.431904e-06 1.073006e-04 1.575276e-04 -3.046702e-05 -5.765265e-06
10705.272053 -2.332939e-05 -1.063870e-06 -1.138956e-07 -1.428159e-06 1.051507e-04 1.861143e-04 -2.785147e-05 -2.616471e-06
10708.150146 -2.331987e-05 -1.065467e-06 -1.138323e-07 -1.429360e-06 9.603073e-05 1.962005e-04 -4.051752e-05 -1.350564e-06
10711.040430 -2.331550e-05 -1.067929e-06 -1.139664e-07 -1.430105e-06 9.402563e-05 1.852406e-04 -3.242415e-05 -1.807913e-06
10713.942906 -2.328648e-05 -1.070247e-06 -1.142841e-07 -1.429676e-06 9.971148e-05 1.801977e-04 -2.816839e-05 -8.313358e-06
10716.857574 -2.323839e-05 -1.070706e-06 -1.143940e-07 -1.427199e-06 8.901037e-05 1.832643e-04 -3.600932e-05 -1.135869e-05
10719.784435 -2.316413e-05 -1.068982e-06 -1.142815e-07 -1.424219e-06 8.922911e-05 1.995717e-04 -3.047901e-05 -1.386685e-05
10722.723487 -2.308378e-05 -1.066980e-06 -1.145593e-07 -1.420744e-06 8.338842e-05 1.979752e-04 -2.954026e-05 -2.968692e-06
10725.674730 -2.301398e-05 -1.066501e-06 -1.148316e-07 -1.417446e-06 8.300651e-05 1.946025e-04 -3.333943e-05 5.153804e-06
10728.638166 -2.292240e-05 -1.065655e-06 -1.148502e-07 -1.412914e-06 8.528980e-05 1.868582e-04 -4.316476e-05 -6.021826e-07
10731.613794 -2.279034e-05 -1.055885e-06 -1.139069e-07 -1.406466e-06 8.630644e-05 1.685141e-04 -3.409759e-05 9.064575e-06
10734.601614 -2.272035e-05 -1.050494e-06 -1.136198e-07 -1.404367e-06 7.980823e-05 1.669392e-04 -3.759830e-05 -3.203716e-07
10737.601625 -2.267995e-05 -1.055401e-06 -1.141867e-07 -1.402519e-06 8.432427e-05 1.506731e-04 -4.267358e-05 3.922949e-06
10740.613829 -2.265113e-05 -1.063356e-06 -1.148253e-07 -1.400850e-06 9.024888e-05 1.373219e-04 -3.412344e-05 3.083390e-06
10743.638224 -2.256459e-05 -1.060779e-06 -1.147327e-07 -1.396695e-06 8.649815e-05 1.459790e-04 -3.609433e-05 3.267720e-06
10746.674811 -2.247579e-05 -1.057941e-06 -1.147244e-07 -1.392409e-06 9.328706e-05 1.557901e-04 -3.660071e-05 7.333943e-07
10749.723590 -2.238896e-05 -1.055578e-06 -1.148913e-07 -1.388604e-06 9.109687e-05 1.513056e-04 -3.216436e-05 -4.632583e-07
10752.784561 -2.231800e-05 -1.057405e-06 -1.150835e-07 -1.384751e-06 8.098945e-05 1.532268e-04 -3.472298e-05 -7.272211e-06
10755.857724 -2.217533e-05 -1.052707e-06 -1.148149e-07 -1.377001e-06 7.886711e-05 1.657683e-04 -2.536738e-05 2.801325e-06
10758.943079 -2.211282e-05 -1.052342e-06 -1.148675e-07 -1.374618e-06 7.941231e-05 1.411758e-04 -2.930895e-05 4.796675e-06
10762.040626 -2.205531e-05 -1.049370e-06 -1.146272e-07 -1.372575e-06 8.969319e-05 1.554543e-04 -4.278548e-05 -2.402965e-06
10765.150365 -2.199845e-05 -1.051673e-06 -1.145223e-07 -1.369419e-06 8.520936e-05 1.520229e-04 -3.948205e-05 6.823926e-07
10768.272295 -2.192830e-05 -1.051484e-06 -1.142829e-07 -1.365606e-06 8.562987e-05 1.473040e-04 -3.279168e-05 3.093241e-06
10771.406418 -2.183458e-05 -1.049135e-06 -1.139403e-07 -1.360989e-06 9.264266e-05 1.531156e-04 -4.059388e-05 7.447162e-06
10774.552732 -2.176113e-05 -1.050055e-06 -1.142267e-07 -1.357188e-06 9.131108e-05 1.610312e-04 -4.478245e-05 8.794872e-06
10777.711239 -2.166600e-05 -1.046982e-06 -1.142886e-07 -1.352678e-06 9.273001e-05 1.671461e-04 -3.593792e-05 6.418804e-06
10780.881937 -2.155718e-05 -1.042421e-06 -1.144863e-07 -1.347612e-06 9.244352e-05 2.055877e-04 -3.705434e-05 1.403686e-05
10784.064827 -2.145346e-05 -1.037531e-06 -1.150098e-07 -1.342162e-06 1.000131e-04 2.373454e-04 -4.040075e-05 1.858078e-05
10787.259909 -2.135817e-05 -1.035351e-06 -1.156263e-07 -1.337588e-06 8.952845e-05 2.047161e-04 -4.496247e-05 1.467513e-05
10790.467183 -2.127853e-05 -1.036084e-06 -1.163614e-07 -1.333899e-06 9.502448e-05 1.968993e-04 -3.301366e-05 1.126700e-05
10793.686649 -2.116865e-05 -1.030351e-06 -1.162223e-07 -1.328190e-06 9.777965e-05 2.056116e-04 -3.879133e-05 1.200468e-05
10796.918307 -2.105592e-05 -1.027071e-06 -1.162755e-07 -1.321859e-06 9.235248e-05 1.994394e-04 -5.456598e-05 8.450174e-06
10800.162157 -2.097679e-05 -1.027382e-06 -1.164529e-07 -1.317834e-06 9.767052e-05 1.994845e-04 -3.891871e-05 1.271149e-05
10803.418198 -2.083875e-05 -1.020096e-06 -1.158950e-07 -1.310862e-06 9.853587e-05 2.043236e-04 -3.299870e-05 1.337139e-05
10806.686432 -2.062376e-05 -1.006956e-06 -1.147408e-07 -1.299153e-06 9.988961e-05 2.186907e-04 -4.061268e-05 1.360886e-05
10809.966857 -2.056427e-05 -1.005654e-06 -1.150348e-07 -1.296892e-06 1.061239e-04 2.051104e-04 -3.313087e-05 8.813224e-06
10813.259474 -2.056137e-05 -1.011822e-06 -1.156097e-07 -1.296375e-06 1.078847e-04 2.187049e-04 -3.203105e-05 1.638207e-05
10816.564284 -2.048217e-05 -1.013367e-06 -1.154022e-07 -1.292109e-06 1.044323e-04 2.258032e-04 -4.030600e-05 6.872547e-06
10819.881285 -2.039941e-05 -1.011466e-06 -1.149338e-07 -1.288114e-06 9.986512e-05 2.151377e-04 -3.351070e-05 7.061465e-06
10823.210478 -2.029131e-05 -1.007708e-06 -1.144502e-07 -1.282198e-06 9.185753e-05 2.337865e-04 -3.463161e-05 1.413827e-05
10826.551863 -2.018653e-05 -1.005524e-06 -1.139644e-07 -1.275966e-06 9.826602e-05 2.158410e-04 -3.734538e-05 4.201829e-06
10829.905440 -2.007115e-05 -1.001731e-06 -1.133171e-07 -1.269792e-06 9.939078e-05 2.292872e-04 -4.514052e-05 1.296181e-06
10833.271209 -1.993154e-05 -9.940386e-07 -1.123686e-07 -1.262157e-06 1.019180e-04 2.371347e-04 -4.148172e-05 2.507474e-06
10836.649169 -1.981471e-05 -9.895201e-07 -1.118915e-07 -1.255390e-06 1.049045e-04 2.466783e-04 -3.785615e-05 2.623337e-06
10840.039322 -1.969515e-05 -9.852999e-07 -1.113074e-07 -1.248505e-06 9.725210e-05 2.321956e-04 -4.761665e-05 1.532424e-05
10843.441666 -1.956833e-05 -9.784179e-07 -1.102956e-07 -1.241901e-06 9.997956e-05 2.221908e-04 -4.564197e-05 1.388702e-05
10846.856203 -1.945761e-05 -9.753999e-07 -1.102039e-07 -1.235398e-06 9.399753e-05 2.478927e-04 -4.340478e-05 1.835854e-05
10850.282931 -1.931623e-05 -9.688969e-07 -1.099676e-07 -1.227988e-06 8.922750e-05 2.529364e-04 -3.926578e-05 1.732315e-05
10853.721851 -1.919984e-05 -9.674460e-07 -1.102643e-07 -1.221071e-06 8.744640e-05 2.423343e-04 -3.615068e-05 2.030308e-05
10857.172964 -1.913661e-05 -9.684265e-07 -1.106523e-07 -1.217649e-06 9.112502e-05 2.341802e-04 -4.233591e-05 1.483164e-05
10860.636268 -1.902192e-05 -9.674528e-07 -1.108698e-07 -1.211163e-06 9.069687e-05 2.421797e-04 -5.511530e-05 1.303949e-05
10864.111764 -1.888951e-05 -9.596520e-07 -1.102326e-07 -1.204066e-06 9.805020e-05 2.422399e-04 -4.305533e-05 1.847698e-05
10867.599451 -1.874425e-05 -9.518622e-07 -1.095284e-07 -1.196387e-06 9.875094e-05 2.182783e-04 -4.209597e-05 2.388473e-05
10871.099331 -1.865242e-05 -9.528579e-07 -1.097410e-07 -1.190568e-06 9.693524e-05 1.979215e-04 -4.291955e-05 2.038776e-05
10874.611403 -1.851525e-05 -9.485755e-07 -1.094485e-07 -1.182452e-06 9.000486e-05 2.044455e-04 -3.113542e-05 1.298750e-05
10878.135666 -1.840006e-05 -9.465972e-07 -1.093427e-07 -1.175696e-06 8.555963e-05 2.048910e-04 -3.697014e-05 1.087798e-05
10881.672122 -1.832523e-05 -9.459169e-07 -1.091557e-07 -1.171708e-06 8.899527e-05 2.148944e-04 -3.960768e-05 1.901701e-05
10885.220769 -1.819905e-05 -9.389661e-07 -1.085522e-07 -1.164358e-06 8.821111e-05 2.286895e-04 -4.704840e-05 1.820723e-05
10888.781609 -1.807431e-05 -9.343832e-07 -1.085558e-07 -1.156736e-06 8.506865e-05 2.405286e-04 -5.119475e-05 1.852725e-05
10892.354640 -1.794373e-05 -9.303339e-07 -1.083813e-07 -1.149039e-06 8.137295e-05 2.269660e-04 -4.821544e-05 1.243108e-05
10895.939863 -1.779132e-05 -9.234816e-07 -1.080052e-07 -1.140547e-06 8.505206e-05 1.966006e-04 -4.675111e-05 1.257028e-05
10899.537278 -1.763051e-05 -9.141799e-07 -1.074871e-07 -1.131107e-06 8.713975e-05 2.066857e-04 -4.197081e-05 1.626553e-05
10903.146885 -1.752915e-05 -9.130410e-07 -1.078471e-07 -1.124721e-06 9.095286e-05 2.055132e-04 -4.740247e-05 8.086694e-06
10906.768684 -1.739287e-05 -9.064521e-07 -1.075229e-07 -1.117311e-06 9.514764e-05 1.971894e-04 -5.874749e-05 -1.642594e-06
10910.402675 -1.729205e-05 -9.045225e-07 -1.078351e-07 -1.111451e-06 8.085969e-05 1.891337e-04 -4.768596e-05 2.147383e-06
10914.048857 -1.719160e-05 -9.029139e-07 -1.081300e-07 -1.105829e-06 8.111840e-05 2.082120e-04 -4.331336e-05 4.553869e-06
10917.707232 -1.707340e-05 -8.994741e-07 -1.082911e-07 -1.099039e-06 9.287750e-05 2.201686e-04 -4.718553e-05 -4.293363e-06
10921.377799 -1.694095e-05 -8.953092e-07 -1.079617e-07 -1.091609e-06 8.722128e-05 1.981214e-04 -4.453830e-05 -2.720169e-06
10925.060557 -1.677864e-05 -8.862139e-07 -1.071181e-07 -1.081796e-06 8.495102e-05 2.184562e-04 -4.640789e-05 1.391520e-05
10928.755507 -1.665584e-05 -8.830763e-07 -1.070187e-07 -1.074683e-06 8.105811e-05 2.234859e-04 -4.991051e-05 1.939156e-05
10932.462650 -1.653151e-05 -8.792792e-07 -1.069324e-07 -1.067509e-06 8.024757e-05 2.071643e-04 -4.192277e-05 3.031842e-05
10936.181984 -1.639543e-05 -8.745681e-07 -1.065376e-07 -1.059696e-06 7.856279e-05 1.957277e-04 -4.403936e-05 2.707411e-05
10939.913510 -1.622416e-05 -8.646132e-07 -1.053223e-07 -1.049602e-06 8.216627e-05 1.838257e-04 -3.547484e-05 2.618381e-05
10943.657228 -1.606741e-05 -8.557066e-07 -1.041924e-07 -1.040763e-06 9.559462e-05 1.749182e-04 -4.339967e-05 2.684436e-05
10947.413138 -1.598776e-05 -8.569666e-07 -1.040515e-07 -1.035805e-06 8.708125e-05 1.872719e-04 -5.620918e-05 2.525600e-05
10951.181239 -1.582210e-05 -8.517050e-07 -1.034284e-07 -1.025726e-06 8.548676e-05 1.910843e-04 -4.110813e-05 2.640487e-05
10954.961533 -1.572298e-05 -8.495623e-07 -1.032435e-07 -1.020336e-06 8.734990e-05 1.961825e-04 -4.075394e-05 3.404653e-05
10958.754019 -1.561911e-05 -8.461070e-07 -1.024762e-07 -1.014636e-06 8.942320e-05 2.034468e-04 -5.064845e-05 2.723103e-05
10962.558696 -1.548087e-05 -8.409665e-07 -1.018681e-07 -1.006346e-06 8.232239e-05 1.953761e-04 -5.724500e-05 2.029662e-05
10966.375565 -1.536975e-05 -8.352576e-07 -1.013441e-07 -1.000522e-06 8.342349e-05 1.788566e-04 -4.930621e-05 2.702583e-05
10970.204627 -1.525754e-05 -8.308191e-07 -1.005460e-07 -9.946219e-07 8.530026e-05 1.947294e-04 -4.953374e-05 2.657730e-05
10974.045880 -1.515221e-05 -8.289701e-07 -1.000333e-07 -9.886807e-07 8.517556e-05 1.811710e-04 -4.051186e-05 1.850847e-05
10977.899325 -1.502598e-05 -8.248683e-07 -9.954257e-08 -9.817957e-07 8.271810e-05 1.731011e-04 -3.423397e-05 2.531650e-05
10981.764962 -1.489693e-05 -8.196704e-07 -9.868916e-08 -9.744845e-07 8.049287e-05 1.784481e-04 -4.935961e-05 2.469210e-05
10985.642791 -1.473481e-05 -8.109177e-07 -9.791412e-08 -9.646049e-07 8.156147e-05 1.644597e-04 -4.395808e-05 2.261399e-05
10989.532812 -1.458327e-05 -8.017878e-07 -9.765107e-08 -9.560001e-07 8.465206e-05 1.814236e-04 -3.035189e-05 1.571463e-05
10993.435025 -1.442409e-05 -7.919370e-07 -9.702832e-08 -9.465552e-07 8.351124e-05 2.044066e-04 -4.062676e-05 1.071288e-05
10997.349429 -1.434947e-05 -7.933602e-07 -9.737511e-08 -9.417492e-07 8.442510e-05 1.934925e-04 -3.849551e-05 1.482880e-05
11001.276026 -1.423064e-05 -7.892529e-07 -9.774268e-08 -9.343854e-07 8.595606e-05 1.828855e-04 -4.524327e-05 1.476286e-05
11005.214814 -1.409041e-05 -7.821217e-07 -9.710736e-08 -9.262043e-07 8.746947e-05 1.740828e-04 -3.884717e-05 1.304407e-05
11009.165795 -1.393025e-05 -7.731426e-07 -9.632605e-08 -9.170669e-07 9.729535e-05 1.633597e-04 -4.944739e-05 1.258584e-05
11013.128967 -1.379979e-05 -7.681642e-07 -9.616593e-08 -9.094104e-07 9.496212e-05 1.747429e-04 -5.312096e-05 1.438464e-05
11017.104331 -1.373760e-05 -7.704402e-07 -9.624323e-08 -9.052916e-07 8.547782e-05 1.761794e-04 -5.118367e-05 1.853186e-05
11021.091888 -1.365947e-05 -7.703084e-07 -9.643449e-08 -9.006668e-07 8.658443e-05 1.864236e-04 -4.846725e-05 1.466152e-05
11025.091636 -1.352772e-05 -7.634364e-07 -9.623564e-08 -8.925751e-07 8.437935e-05 1.930600e-04 -3.907916e-05 2.582301e-05
11029.103575 -1.340109e-05 -7.578917e-07 -9.564346e-08 -8.856035e-07 8.649958e-05 1.730380e-04 -4.038996e-05 2.523573e-05
11033.127707 -1.328214e-05 -7.535564e-07 -9.570835e-08 -8.784324e-07 9.057611e-05 1.853774e-04 -4.097718e-05 1.378870e-05
11037.164031 -1.318550e-05 -7.514231e-07 -9.588792e-08 -8.728096e-07 8.608988e-05 1.565094e-04 -4.939394e-05 1.322567e-05
11041.212547 -1.307103e-05 -7.475005e-07 -9.550317e-08 -8.663989e-07 8.447993e-05 1.658627e-04 -6.545807e-05 1.167801e-05
11045.273254 -1.294172e-05 -7.409897e-07 -9.526402e-08 -8.583807e-07 9.510014e-05 1.851234e-04 -5.231452e-05 1.517063e-05
11049.346154 -1.283622e-05 -7.373516e-07 -9.485836e-08 -8.527356e-07 8.903541e-05 1.962762e-04 -4.419494e-05 1.078462e-05
11053.431245 -1.272517e-05 -7.325393e-07 -9.459503e-08 -8.465486e-07 9.232713e-05 1.764224e-04 -3.484897e-05 7.651218e-06
11057.528529 -1.260813e-05 -7.272819e-07 -9.436268e-08 -8.397842e-07 9.492594e-05 1.718078e-04 -2.647820e-05 9.037231e-06
11061.638004 -1.248640e-05 -7.218305e-07 -9.361434e-08 -8.326162e-07 9.624192e-05 1.578799e-04 -3.659855e-05 6.652361e-06
11065.759671 -1.237277e-05 -7.164690e-07 -9.295847e-08 -8.256572e-07 9.288114e-05 1.707309e-04 -3.330543e-05 1.299647e-05
11069.893530 -1.224482e-05 -7.100017e-07 -9.234903e-08 -8.178774e-07 9.923898e-05 1.948643e-04 -2.944098e-05 1.960226e-05
11074.039581 -1.212296e-05 -7.052120e-07 -9.150705e-08 -8.106788e-07 1.018576e-04 1.997930e-04 -2.296345e-05 1.752780e-05
11078.197824 -1.200706e-05 -6.998928e-07 -9.066627e-08 -8.039821e-07 1.058277e-04 1.692745e-04 -2.898060e-05 1.315324e-05
11082.368258 -1.186240e-05 -6.907659e-07 -8.962996e-08 -7.958232e-07 1.008065e-04 1.793295e-04 -3.755690e-05 1.034314e-05
11086.550885 -1.177705e-05 -6.880043e-07 -8.923269e-08 -7.908956e-07 9.735432e-05 1.906755e-04 -3.458422e-05 1.160445e-05
11090.745704 -1.166605e-05 -6.827481e-07 -8.815955e-08 -7.842757e-07 8.938364e-05 1.772848e-04 -3.334621e-05 9.569774e-06
11094.952714 -1.155700e-05 -6.778679e-07 -8.757212e-08 -7.780846e-07 9.830702e-05 1.516066e-04 -3.829256e-05 1.020923e-05
11099.171916 -1.144817e-05 -6.730319e-07 -8.726020e-08 -7.716409e-07 1.076054e-04 1.456205e-04 -4.071462e-05 1.801222e-05
11103.403311 -1.133370e-05 -6.676861e-07 -8.645546e-08 -7.649516e-07 1.055578e-04 1.254645e-04 -4.067210e-05 1.427724e-05
11107.646897 -1.123417e-05 -6.637989e-07 -8.603677e-08 -7.593373e-07 8.843354e-05 1.329876e-04 -3.308341e-05 1.171375e-05
11111.902675 -1.108500e-05 -6.545680e-07 -8.538079e-08 -7.501536e-07 8.457755e-05 1.513279e-04 -3.372954e-05 1.831318e-05
11116.170645 -1.099979e-05 -6.517974e-07 -8.538096e-08 -7.452795e-07 8.005027e-05 1.446849e-04 -3.375529e-05 1.409671e-05
11120.450807 -1.090331e-05 -6.482785e-07 -8.518128e-08 -7.399952e-07 8.145879e-05 1.376716e-04 -2.537359e-05 1.176269e-05
11124.743161 -1.075382e-05 -6.389174e-07 -8.416282e-08 -7.312332e-07 8.928801e-05 1.618120e-04 -3.927701e-05 6.612622e-06
11129.047707 -1.066232e-05 -6.353008e-07 -8.384953e-08 -7.263819e-07 1.005662e-04 1.843256e-04 -3.933505e-05 1.384828e-05
11133.364444 -1.057647e-05 -6.319513e-07 -8.370038e-08 -7.210843e-07 1.041714e-04 1.772562e-04 -4.475984e-05 1.211194e-05
11137.693374 -1.045033e-05 -6.245718e-07 -8.328384e-08 -7.134998e-07 9.394806e-05 1.720062e-04 -3.066518e-05 1.587276e-05
11142.034495 -1.029617e-05 -6.143445e-07 -8.238975e-08 -7.042297e-07 8.844622e-05 1.561006e-04 -3.021441e-05 9.295754e-06
11146.387809 -1.018119e-05 -6.082112e-07 -8.172320e-08 -6.971980e-07 9.465128e-05 1.603261e-04 -3.870869e-05 1.311137e-05
11150.753314 -1.009884e-05 -6.052673e-07 -8.111526e-08 -6.925514e-07 9.572340e-05 1.552971e-04 -3.847840e-05 1.003975e-05
11155.131011 -9.985839e-06 -6.003900e-07 -8.026352e-08 -6.862839e-07 9.799743e-05 1.672648e-04 -3.000544e-05 8.419086e-06
11159.520900 -9.791950e-06 -5.896991e-07 -7.895297e-08 -6.740603e-07 1.059611e-04 1.851560e-04 -3.634542e-05 1.063192e-05
11163.922981 -9.714282e-06 -5.865234e-07 -7.905108e-08 -6.681382e-07 9.249117e-05 1.925155e-04 -3.343006e-05 7.144981e-06
11168.337254 -9.684595e-06 -5.899239e-07 -7.974497e-08 -6.679022e-07 9.432379e-05 1.720199e-04 -3.620113e-05 6.662471e-06
11172.763719 -9.690904e-06 -5.900347e-07 -7.994240e-08 -6.687837e-07 9.715638e-05 1.696600e-04 -3.315923e-05 7.362832e-06
11177.202376 -9.602204e-06 -5.859555e-07 -7.950305e-08 -6.637278e-07 8.845856e-05 1.718391e-04 -3.507762e-05 9.434272e-06
11181.653224 -9.491294e-06 -5.801829e-07 -7.922664e-08 -6.567612e-07 9.093444e-05 1.758766e-04 -3.726914e-05 1.642583e-05
11186.116265 -9.393285e-06 -5.751798e-07 -7.909073e-08 -6.508202e-07 8.492250e-05 2.019231e-04 -3.786840e-05 1.471370e-05
11190.591497 -9.301626e-06 -5.714107e-07 -7.915661e-08 -6.453074e-07 8.608500e-05 2.081858e-04 -3.693580e-05 1.192394e-05
11195.078922 -9.194504e-06 -5.653336e-07 -7.846487e-08 -6.390078e-07 9.826693e-05 1.948109e-04 -4.670985e-05 1.111668e-05
11199.578538 -9.090202e-06 -5.593283e-07 -7.759811e-08 -6.325768e-07 9.350210e-05 1.976816e-04 -4.332162e-05 2.950637e-06
11204.090346 -9.010722e-06 -5.561714e-07 -7.710366e-08 -6.278778e-07 9.351984e-05 1.815192e-04 -5.108325e-05 3.439271e-06
11208.614346 -8.909316e-06 -5.507185e-07 -7.644525e-08 -6.217579e-07 8.581616e-05 1.740751e-04 -4.198934e-05 2.141166e-06
11213.150538 -8.811077e-06 -5.449806e-07 -7.596512e-08 -6.160081e-07 7.745707e-05 1.890543e-04 -3.576101e-05 7.196562e-06
11217.698922 -8.728404e-06 -5.413696e-07 -7.540253e-08 -6.111541e-07 8.610707e-05 1.953709e-04 -4.780513e-05 3.128528e-06
11222.259498 -8.624546e-06 -5.352772e-07 -7.432137e-08 -6.051743e-07 9.069100e-05 1.865101e-04 -4.722465e-05 2.087410e-06
11226.832266 -8.560517e-06 -5.331144e-07 -7.413782e-08 -6.015096e-07 9.652192e-05 1.966816e-04 -3.491396e-05 3.663456e-06
11231.417226 -8.466795e-06 -5.276537e-07 -7.368633e-08 -5.958145e-07 9.738614e-05 1.787988e-04 -4.349053e-05 7.988097e-06
11236.014377 -8.350349e-06 -5.202628e-07 -7.258377e-08 -5.887074e-07 1.011408e-04 1.731205e-04 -4.565467e-05 8.360559e-06
11240.623721 -8.290970e-06 -5.188307e-07 -7.214334e-08 -5.855700e-07 9.426217e-05 1.778248e-04 -3.751722e-05 9.352825e-06
11245.245256 -8.195327e-06 -5.138072e-07 -7.172102e-08 -5.797223e-07 9.025969e-05 1.940549e-04 -4.090296e-05 5.212933e-06
11249.878983 -8.107999e-06 -5.093520e-07 -7.125906e-08 -5.746225e-07 9.225030e-05 2.084713e-04 -4.586369e-05 3.278035e-06
11254.524902 -7.987645e-06 -5.010453e-07 -6.998883e-08 -5.672488e-07 9.576203e-05 2.162968e-04 -4.529772e-05 -2.671031e-06
11259.183013 -7.926024e-06 -4.987216e-07 -6.998768e-08 -5.637008e-07 9.649515e-05 2.122459e-04 -4.459471e-05 -6.474393e-06
11263.853316 -7.838365e-06 -4.940528e-07 -6.953884e-08 -5.585807e-07 7.768367e-05 2.136254e-04 -5.551077e-05 -2.716755e-06
11268.535811 -7.726993e-06 -4.867931e-07 -6.897503e-08 -5.516159e-07 8.018012e-05 2.304287e-04 -5.147431e-05 1.097437e-05
11273.230498 -7.642382e-06 -4.820788e-07 -6.843967e-08 -5.465165e-07 9.007952e-05 2.495404e-04 -5.529063e-05 8.787630e-06
11277.937377 -7.531959e-06 -4.751585e-07 -6.770948e-08 -5.395704e-07 8.088759e-05 2.185814e-04 -4.784107e-05 1.161176e-05
11282.656448 -7.484651e-06 -4.742947e-07 -6.790858e-08 -5.370244e-07 8.684652e-05 2.200104e-04 -5.204732e-05 1.545438e-05
11287.387710 -7.417096e-06 -4.710635e-07 -6.768815e-08 -5.330784e-07 9.853090e-05 2.486358e-04 -4.308105e-05 2.227346e-05
11292.131165 -7.330838e-06 -4.667357e-07 -6.716940e-08 -5.278492e-07 8.475047e-05 2.745297e-04 -4.777209e-05 1.284027e-05
11296.886811 -7.247263e-06 -4.618852e-07 -6.649679e-08 -5.228414e-07 8.266229e-05 2.450810e-04 -5.198343e-05 2.055043e-05
11301.654649 -7.156525e-06 -4.570333e-07 -6.604023e-08 -5.170174e-07 8.501753e-05 2.398334e-04 -5.374754e-05 2.946196e-05
11306.434679 -7.060002e-06 -4.517047e-07 -6.537559e-08 -5.108803e-07 9.407923e-05 2.222181e-04 -4.778217e-05 2.214271e-05
11311.226901 -6.978902e-06 -4.471685e-07 -6.465796e-08 -5.060450e-07 1.009957e-04 2.067604e-04 -4.371247e-05 2.188215e-05
11316.031315 -6.906178e-06 -4.429411e-07 -6.424169e-08 -5.029931e-07 9.470121e-05 2.043286e-04 -4.030769e-05 9.098911e-06
11320.847921 -6.857509e-06 -4.402794e-07 -6.391848e-08 -4.999676e-07 1.021789e-04 1.947491e-04 -3.687602e-05 4.162085e-06
11325.676719 -6.768709e-06 -4.348792e-07 -6.334158e-08 -4.945149e-07 1.009034e-04 2.020432e-04 -4.215260e-05 4.959275e-06
11330.517709 -6.665382e-06 -4.284483e-07 -6.260646e-08 -4.882623e-07 1.000850e-04 2.076869e-04 -5.059724e-05 9.916767e-06
11335.370891 -6.568274e-06 -4.230306e-07 -6.188410e-08 -4.827829e-07 9.869862e-05 2.472604e-04 -6.253857e-05 2.087144e-05
11340.236264 -6.556062e-06 -4.229880e-07 -6.195417e-08 -4.819738e-07 8.261660e-05 2.548951e-04 -5.020815e-05 2.161178e-05
