# Facility.name: NSLS-II
# Facility.mode: Beam available
# Facility.current: 400.60081412887337
# Facility.current: 3 GeV
# Facility.year: 2023
# Facility.cycle: 2
# Facility.GUP: 312970
# Facility.SAF: 311402
# Experimenter.name: Esteban Fornero
# Beamline.name: ISS (8-ID)
# Beamline.x-ray_source: damping wiggler
# Beamline.collimation_mirror1.material: Si
# Beamline.collimation_mirror2.material: Pt
# Beamline.collimation_mirror2.bender_loading: -347.0
# Beamline.focusing: toroidal mirror
# Beamline.focusing.material: Pt
# Beamline.focusing.bender_loading: -418.0
# Beamline.harmonic_rejection: Si
# Mono.scan_mode: Si(111)
# Mono.d_spacing: 3.1354951
# Mono.scan_mode: pseudo-channel cut
# Mono.scan_type: fly_scan
# Mono.trajectory_name: 0f397ba2-1519.txt
# Mono.direction: None
# Mono.angle_offset: 0.69366577
# Mono.angle_offset: 39.744 deg
# Mono.encoder_resolution: 48.0 nrad
# Detector.I0: ion chamber
# Detector.I1: ion chamber
# Detector.I2: ion chamber
# Detector.IF: PIPS
# Detector.I0.length: 15 cm
# Detector.I1.length: 28 cm
# Detector.I2.length: 15 cm
# Detector.IF.thickness: 300 um
# Detector.I0.gas.N2: 38.0%
# Detector.I1.gas.N2: 38.0%
# Detector.I2.gas.N2: 38.0%
# Detector.I0.gas.He: 62.0%
# Detector.I1.gas.He: 62.0%
# Detector.I2.gas.He: 62.0%
# Detector.I0.voltage: -1649.996948
# Detector.I1.voltage: -1650.000977
# Detector.I2.voltage: -1649.99939
# Detector.I0.gain: 4
# Detector.I1.gain: 6
# Detector.I2.gain: 6
# Detector.IF.gain: 6
# Detector.aux: {}
# Element.symbol: Ga
# Element.edge: K
# Element.line: None
# Scan.transient_id: 370865
# Scan.uid: 54f1421c-5066-4f69-8615-3cb802524f5b
# Scan.edge_energy: 10367.0
# Scan.start_time: 06/23/2023  01:34:47.528337
# Scan.end_time: 06/23/2023  01:35:22.520646
# Scan.name: Cu2O+Ga2O3-1st O2-RT (pos 001) Ga-K 0001
# Scan.comment: 
# Sample.name: Cu2O+Ga2O3-1st
# Sample.comment: 
# Sample.position.x: -66.61000258
# Sample.position.y: 30.049975000499998
# Sample.position.z: -10.184937499999995
# Sample.position.theta: 845.5790000000001
# SampleHeater.temperature1.setpoint: 300.0
# SampleHeater.temperature1.readback: 1372.0
# SampleHeater.current.setpoint: 0.0
# SampleHeater.current.readback: 0.0
# SampleHeater.temperature2.setpoint: 25.0
# SampleHeater.temperature2.readback: 28.400000000000002
# SampleHeater.voltage.setpoint: 0.0
# SampleHeater.voltage.readback: 0.0
# SampleHeater.PID.P: 0.025
# SampleHeater.PID.I: 0.07
# SampleHeater.PID.D: 0.0
# SampleGasCart.MFC.CH4.setpoint: 0.0
# SampleGasCart.MFC.CH4.readback: 0.0
# SampleGasCart.MFC.CO.setpoint: 0.0
# SampleGasCart.MFC.CO.readback: 0.0
# SampleGasCart.MFC.H2.setpoint: 0.0
# SampleGasCart.MFC.H2.readback: 0.0
# SampleGasCart.MFC.exhaust.setpoint: 100.0
# SampleGasCart.MFC.exhaust.readback: 8.78
# SampleGasHandlingSystem.gas_a.name: None
# SampleGasHandlingSystem.gas_b.name: None
# SampleGasHandlingSystem.gas_c.name: None
# SampleGasHandlingSystem.gas_d.name: None
# SampleGasHandlingSystem.gas_e.name: He
# SampleGasHandlingSystem.MFC1.setpoint: 8.0
# SampleGasHandlingSystem.MFC1.readback: 7.999674320220947
# SampleGasHandlingSystem.MFC2.setpoint: 0.0
# SampleGasHandlingSystem.MFC2.readback: -0.0895182266831398
# SampleGasHandlingSystem.MFC3.setpoint: 0.0
# SampleGasHandlingSystem.MFC3.readback: 0.0244140625
# SampleGasHandlingSystem.MFC4.setpoint: 0.0
# SampleGasHandlingSystem.MFC4.readback: -0.0813802108168602
# SampleGasHandlingSystem.MFC5.setpoint: 0.0
# SampleGasHandlingSystem.MFC5.readback: -0.0040690102614462376
# SampleGasHandlingSystem.MFC6.setpoint: 2.0
# SampleGasHandlingSystem.MFC6.readback: 2.001953125
# SampleGasHandlingSystem.MFC7.setpoint: 0.0
# SampleGasHandlingSystem.MFC7.readback: -0.01627604104578495
# SampleGasHandlingSystem.MFC8.setpoint: 0.0
# SampleGasHandlingSystem.MFC8.readback: -0.06103515625
# SampleGasHandlingSystem.MFC9.setpoint: 0.0
# SampleGasHandlingSystem.MFC9.readback: -0.0406901054084301
# SampleGasHandlingSystem.MFC10.setpoint: 0.0
# SampleGasHandlingSystem.MFC10.readback: 0.01627604104578495
# SampleGasHandlingSystem.MFC11.setpoint: 0.0
# SampleGasHandlingSystem.MFC11.readback: -0.08544921875
# SampleGasHandlingSystem.MFC12.setpoint: 0.0
# SampleGasHandlingSystem.MFC12.readback: -0.0406901054084301
# SampleGasHandlingSystem.MFC13.setpoint: 0.0
# SampleGasHandlingSystem.MFC13.readback: -0.0447591133415699
# SampleGasHandlingSystem.MFC14.setpoint: 0.0
# SampleGasHandlingSystem.MFC14.readback: -0.0691731795668602
# SampleGasHandlingSystem.MFC15.setpoint: 0.0
# SampleGasHandlingSystem.MFC15.readback: -0.09765625
# SampleGasHandlingSystem.MFC16.setpoint: 0.0
# SampleGasHandlingSystem.MFC16.readback: -0.02848307229578495
# SampleGasHandlingSystem.RGA.ch1.mass: 2
# SampleGasHandlingSystem.RGA.ch1.readback: 3.46956e-09
# SampleGasHandlingSystem.RGA.ch2.mass: 4
# SampleGasHandlingSystem.RGA.ch2.readback: 2.25492e-07
# SampleGasHandlingSystem.RGA.ch3.mass: 5
# SampleGasHandlingSystem.RGA.ch3.readback: 7.81276e-12
# SampleGasHandlingSystem.RGA.ch4.mass: 5
# SampleGasHandlingSystem.RGA.ch4.readback: 4.78717e-10
# SampleGasHandlingSystem.RGA.ch5.mass: 18
# SampleGasHandlingSystem.RGA.ch5.readback: 7.45104e-10
# SampleGasHandlingSystem.RGA.ch6.mass: 28
# SampleGasHandlingSystem.RGA.ch6.readback: 3.28077e-09
# SampleGasHandlingSystem.RGA.ch7.mass: 32
# SampleGasHandlingSystem.RGA.ch7.readback: 4.816e-09
# SampleGasHandlingSystem.RGA.ch8.mass: 41
# SampleGasHandlingSystem.RGA.ch8.readback: 1.11477e-11
# SampleGasHandlingSystem.RGA.ch9.mass: 44
# SampleGasHandlingSystem.RGA.ch9.readback: 2.59483e-11
# energy  i0  it  ir  iff  aux1  aux2  aux3  aux4
10167.000000 -2.984411e-05 -1.142286e-06 -3.329102e-07 -8.109330e-07 4.303229e-05 -9.673757e-05 -4.015353e-05 2.780375e-06
10172.000000 -2.979455e-05 -1.143398e-06 -3.314476e-07 -8.111639e-07 4.330764e-05 -9.848413e-05 -4.708821e-05 3.072882e-06
10177.000000 -2.976639e-05 -1.142959e-06 -3.280952e-07 -8.120225e-07 4.640447e-05 -9.826165e-05 -5.347615e-05 -2.799081e-06
10182.000000 -2.972025e-05 -1.144002e-06 -3.221475e-07 -8.129255e-07 5.105525e-05 -8.361111e-05 -5.862152e-05 -5.730001e-06
10187.000000 -2.972891e-05 -1.148310e-06 -3.115724e-07 -8.158094e-07 4.570740e-05 -8.148259e-05 -4.397929e-05 7.433628e-07
10192.000000 -2.981983e-05 -1.156518e-06 -2.867696e-07 -8.202009e-07 5.409450e-05 -5.110605e-05 -3.743889e-05 -6.699640e-06
10197.000000 -2.979576e-05 -1.159109e-06 -2.119377e-07 -8.218518e-07 5.683235e-05 -6.154313e-05 -4.376186e-05 -3.071691e-06
10202.000000 -2.974023e-05 -1.162226e-06 -6.786001e-08 -8.228049e-07 4.904820e-05 -8.064289e-05 -4.862902e-05 -6.253322e-06
10207.000000 -2.968413e-05 -1.163688e-06 -2.735758e-08 -8.238022e-07 4.266100e-05 -8.403972e-05 -4.397989e-05 -2.345767e-06
10212.000000 -2.971643e-05 -1.169917e-06 -5.751340e-08 -8.262218e-07 4.480167e-05 -6.431193e-05 -5.346853e-05 -6.013139e-06
10217.000000 -2.965433e-05 -1.172841e-06 -7.482849e-08 -8.269647e-07 4.503592e-05 -6.959907e-05 -5.097142e-05 3.784532e-06
10222.000000 -2.960539e-05 -1.176102e-06 -8.819981e-08 -8.277447e-07 3.538313e-05 -7.974955e-05 -5.729472e-05 4.749007e-06
10227.000000 -2.960530e-05 -1.180956e-06 -9.756398e-08 -8.294405e-07 3.451788e-05 -6.606997e-05 -4.940407e-05 -5.981431e-07
10232.000000 -2.952868e-05 -1.183126e-06 -1.008648e-07 -8.299586e-07 3.347786e-05 -6.561229e-05 -4.894249e-05 4.798985e-06
10237.000000 -2.950987e-05 -1.188164e-06 -1.037618e-07 -8.321921e-07 3.033363e-05 -3.418898e-05 -4.519070e-05 2.837579e-06
10242.000000 -2.949439e-05 -1.193125e-06 -1.057183e-07 -8.335917e-07 4.022249e-05 -2.877929e-05 -4.423020e-05 -4.832864e-06
10247.000000 -2.944309e-05 -1.196248e-06 -1.104554e-07 -8.341132e-07 5.001817e-05 -5.015340e-05 -3.808799e-05 -1.010963e-05
10252.000000 -2.941149e-05 -1.199688e-06 -1.099974e-07 -8.354438e-07 4.394538e-05 -4.516858e-05 -3.401880e-05 -9.647642e-06
10257.000000 -2.936408e-05 -1.203554e-06 -1.060650e-07 -8.364322e-07 3.645514e-05 -4.810845e-05 -3.274473e-05 -9.623691e-06
10262.000000 -2.923782e-05 -1.204806e-06 -1.052882e-07 -8.355208e-07 3.742076e-05 -2.899836e-05 -3.692001e-05 -9.273036e-07
10267.000000 -2.932037e-05 -1.215147e-06 -1.077392e-07 -8.400652e-07 4.750808e-05 -3.390916e-05 -3.712150e-05 4.180779e-06
10272.000000 -2.929373e-05 -1.219821e-06 -1.090202e-07 -8.420361e-07 4.703682e-05 -2.791175e-05 -4.391205e-05 4.130412e-06
10277.000000 -2.922054e-05 -1.221897e-06 -1.083718e-07 -8.420687e-07 4.424891e-05 -2.736857e-05 -3.942508e-05 4.315360e-06
10282.000000 -2.909329e-05 -1.222302e-06 -1.070851e-07 -8.404360e-07 4.190353e-05 -1.659795e-05 -3.098693e-05 1.063291e-05
10287.000000 -2.911679e-05 -1.228815e-06 -1.082301e-07 -8.435485e-07 3.896322e-05 4.500710e-07 -2.392543e-05 -8.215319e-07
10292.000000 -2.906849e-05 -1.232109e-06 -1.116222e-07 -8.440868e-07 4.806122e-05 -4.084860e-06 -2.546859e-05 -8.720249e-06
10297.000000 -2.905208e-05 -1.237984e-06 -1.135791e-07 -8.451418e-07 4.200331e-05 -1.581702e-05 -3.583944e-05 -1.203741e-05
10302.000000 -2.906451e-05 -1.244433e-06 -1.138137e-07 -8.470540e-07 4.598671e-05 -2.521532e-05 -1.829901e-05 -6.226481e-06
10307.000000 -2.897788e-05 -1.247018e-06 -1.140084e-07 -8.473199e-07 4.564566e-05 -1.230718e-05 -1.298355e-05 -8.862114e-06
10312.000000 -2.894883e-05 -1.251963e-06 -1.140425e-07 -8.485198e-07 4.849634e-05 -1.733856e-06 -1.045002e-05 -2.084840e-05
10317.000000 -2.889859e-05 -1.257008e-06 -1.136654e-07 -8.496684e-07 4.159590e-05 1.744003e-05 -1.669622e-05 -1.490269e-05
10322.000000 -2.890230e-05 -1.264982e-06 -1.134253e-07 -8.523581e-07 3.930389e-05 1.672954e-05 -2.549819e-05 1.024304e-05
10327.000000 -2.880503e-05 -1.265025e-06 -1.123002e-07 -8.534315e-07 5.041275e-05 2.607971e-05 -3.848411e-05 3.271713e-05
10332.000000 -2.873952e-05 -1.269086e-06 -1.115222e-07 -8.546608e-07 5.255394e-05 5.713082e-05 -4.927538e-05 2.678392e-05
10337.000000 -2.881971e-05 -1.278113e-06 -1.120264e-07 -8.599967e-07 4.405501e-05 2.256696e-05 -4.753419e-05 -1.270679e-06
10341.000000 -2.875275e-05 -1.277373e-06 -1.126122e-07 -8.617921e-07 4.421816e-05 4.457928e-05 -4.623618e-05 -2.618172e-06
10344.000000 -2.874999e-05 -1.280678e-06 -1.139468e-07 -8.640621e-07 3.471882e-05 4.483084e-05 -3.955219e-05 -9.953848e-06
10346.000000 -2.871039e-05 -1.279565e-06 -1.151259e-07 -8.649659e-07 3.183885e-05 3.228204e-05 -4.012024e-05 -1.356665e-05
10347.000000 -2.866762e-05 -1.277129e-06 -1.160005e-07 -8.652624e-07 2.882128e-05 6.129964e-05 -4.670246e-05 -2.652159e-05
10347.200000 -2.869159e-05 -1.278833e-06 -1.162869e-07 -8.659690e-07 2.748906e-05 8.528575e-05 -4.525191e-05 -2.404419e-05
10347.400000 -2.870148e-05 -1.280115e-06 -1.162369e-07 -8.661622e-07 3.096854e-05 7.234093e-05 -5.634670e-05 -3.301844e-05
10347.600000 -2.870804e-05 -1.281437e-06 -1.163615e-07 -8.663776e-07 3.918012e-05 6.082011e-05 -3.826185e-05 -2.143254e-05
10347.800000 -2.870662e-05 -1.281948e-06 -1.166413e-07 -8.671024e-07 3.717564e-05 2.555126e-05 -5.307752e-05 -2.046774e-05
10348.000000 -2.869491e-05 -1.281502e-06 -1.167238e-07 -8.670514e-07 4.335627e-05 3.476928e-05 -4.623440e-05 -1.397600e-05
10348.200000 -2.868207e-05 -1.282340e-06 -1.167298e-07 -8.671240e-07 4.247918e-05 3.125178e-05 -5.637015e-05 -1.501411e-05
10348.400000 -2.866241e-05 -1.279368e-06 -1.166029e-07 -8.673811e-07 4.688901e-05 3.640384e-05 -5.166586e-05 -1.545127e-05
10348.600000 -2.862659e-05 -1.275401e-06 -1.165193e-07 -8.664609e-07 4.474635e-05 5.190611e-05 -5.852908e-05 -1.348901e-05
10348.800000 -2.867061e-05 -1.278727e-06 -1.168907e-07 -8.678071e-07 5.544132e-05 5.969732e-05 -5.277173e-05 1.678667e-06
10349.000000 -2.869660e-05 -1.281818e-06 -1.172461e-07 -8.683732e-07 5.643100e-05 6.225855e-05 -5.076851e-05 7.326238e-06
10349.200000 -2.871441e-05 -1.282062e-06 -1.174457e-07 -8.680985e-07 5.362110e-05 7.767834e-05 -5.621588e-05 -8.074506e-06
10349.400000 -2.870941e-05 -1.283362e-06 -1.177339e-07 -8.687258e-07 4.991674e-05 8.890466e-05 -4.737148e-05 -1.650903e-06
10349.600000 -2.870458e-05 -1.283297e-06 -1.176030e-07 -8.685526e-07 5.239360e-05 7.210150e-05 -5.531694e-05 -2.518842e-07
10349.800000 -2.870070e-05 -1.283244e-06 -1.175693e-07 -8.691203e-07 5.725294e-05 7.893554e-05 -4.433567e-05 -4.523625e-06
10350.000000 -2.869323e-05 -1.282749e-06 -1.175980e-07 -8.691984e-07 5.495261e-05 6.340782e-05 -3.763303e-05 1.348686e-06
10350.200000 -2.868495e-05 -1.284223e-06 -1.179412e-07 -8.699076e-07 5.107921e-05 7.564543e-05 -4.792142e-05 4.171712e-06
10350.400000 -2.866755e-05 -1.283051e-06 -1.179103e-07 -8.693207e-07 5.055561e-05 6.739453e-05 -4.922036e-05 -1.679482e-08
10350.600000 -2.867908e-05 -1.283159e-06 -1.181397e-07 -8.699169e-07 4.359330e-05 7.514481e-05 -5.060385e-05 3.693426e-07
10350.800000 -2.869149e-05 -1.284011e-06 -1.184799e-07 -8.704073e-07 4.629790e-05 6.761549e-05 -5.182091e-05 -7.955720e-06
10351.000000 -2.869763e-05 -1.285712e-06 -1.188567e-07 -8.705653e-07 4.378244e-05 6.776918e-05 -4.657798e-05 8.936569e-07
10351.200000 -2.868750e-05 -1.286388e-06 -1.191889e-07 -8.707973e-07 4.804968e-05 7.382116e-05 -5.035766e-05 -6.222978e-06
10351.400000 -2.866391e-05 -1.284201e-06 -1.191055e-07 -8.708178e-07 5.430131e-05 6.397234e-05 -4.351330e-05 -1.443251e-05
10351.600000 -2.859833e-05 -1.274961e-06 -1.181978e-07 -8.696334e-07 5.298113e-05 5.941666e-05 -5.059146e-05 -1.721819e-05
10351.800000 -2.860439e-05 -1.278430e-06 -1.185932e-07 -8.697754e-07 5.499466e-05 4.550957e-05 -4.173059e-05 -1.184833e-05
10352.000000 -2.866379e-05 -1.287265e-06 -1.195521e-07 -8.717012e-07 5.355057e-05 4.791858e-05 -4.374168e-05 -1.331421e-05
10352.200000 -2.866438e-05 -1.283815e-06 -1.191693e-07 -8.714645e-07 5.165161e-05 5.334776e-05 -4.598620e-05 -3.029240e-06
10352.400000 -2.867037e-05 -1.283008e-06 -1.191286e-07 -8.721467e-07 4.772979e-05 4.750472e-05 -5.052349e-05 -4.796178e-06
10352.600000 -2.866651e-05 -1.286070e-06 -1.193501e-07 -8.718878e-07 4.566640e-05 5.100696e-05 -5.769825e-05 -3.978212e-06
10352.800000 -2.864746e-05 -1.281731e-06 -1.190233e-07 -8.720898e-07 5.221223e-05 4.368565e-05 -5.818471e-05 -9.355624e-06
10353.000000 -2.865731e-05 -1.285741e-06 -1.193675e-07 -8.725102e-07 5.350728e-05 3.286459e-05 -5.468389e-05 -2.022298e-05
10353.200000 -2.863221e-05 -1.283191e-06 -1.192876e-07 -8.726798e-07 4.969582e-05 6.613105e-05 -3.777494e-05 -1.903951e-05
10353.400000 -2.856377e-05 -1.275422e-06 -1.189827e-07 -8.715837e-07 3.857276e-05 5.181024e-05 -4.509274e-05 -1.456653e-05
10353.600000 -2.856552e-05 -1.281452e-06 -1.195053e-07 -8.721350e-07 4.204260e-05 5.570355e-05 -4.698721e-05 -1.263081e-05
10353.800000 -2.857637e-05 -1.277923e-06 -1.194152e-07 -8.729863e-07 3.999162e-05 6.294698e-05 -4.448784e-05 -5.741506e-06
10354.000000 -2.858643e-05 -1.282439e-06 -1.198485e-07 -8.735615e-07 4.893736e-05 5.835854e-05 -4.522277e-05 -7.348119e-06
10354.200000 -2.854662e-05 -1.276753e-06 -1.192885e-07 -8.731534e-07 4.868156e-05 5.217317e-05 -4.818389e-05 -8.478375e-06
10354.400000 -2.853110e-05 -1.275027e-06 -1.191100e-07 -8.728627e-07 4.740882e-05 4.347507e-05 -3.435098e-05 -4.968145e-06
10354.600000 -2.862396e-05 -1.282340e-06 -1.196876e-07 -8.750952e-07 4.304257e-05 5.114741e-05 -3.366219e-05 -8.409660e-06
10354.800000 -2.863792e-05 -1.285168e-06 -1.198611e-07 -8.751365e-07 3.704170e-05 4.958445e-05 -3.115312e-05 -1.352018e-05
10355.000000 -2.862603e-05 -1.284602e-06 -1.200632e-07 -8.761496e-07 4.544127e-05 3.816950e-05 -3.688804e-05 -1.728181e-05
10355.200000 -2.862956e-05 -1.283950e-06 -1.198626e-07 -8.759105e-07 4.703137e-05 5.582089e-05 -3.863345e-05 -6.674234e-06
10355.400000 -2.860800e-05 -1.284997e-06 -1.201064e-07 -8.764120e-07 5.439626e-05 4.897320e-05 -3.264628e-05 -6.198609e-06
10355.600000 -2.858469e-05 -1.284108e-06 -1.198861e-07 -8.768563e-07 4.898086e-05 6.703523e-05 -4.112237e-05 -1.699285e-05
10355.800000 -2.858993e-05 -1.282496e-06 -1.196304e-07 -8.773389e-07 4.766674e-05 5.462243e-05 -4.119337e-05 -1.072634e-05
10356.000000 -2.861679e-05 -1.282200e-06 -1.199214e-07 -8.782197e-07 6.055895e-05 4.120519e-05 -3.100429e-05 -1.363039e-05
10356.200000 -2.862825e-05 -1.285870e-06 -1.203885e-07 -8.783348e-07 6.166725e-05 5.056209e-05 -3.164341e-05 -1.441818e-05
10356.400000 -2.862900e-05 -1.282383e-06 -1.199595e-07 -8.791654e-07 6.582262e-05 4.227339e-05 -3.491323e-05 -1.127369e-05
10356.600000 -2.861949e-05 -1.285655e-06 -1.203347e-07 -8.795849e-07 5.604051e-05 3.301579e-05 -4.062420e-05 -1.280588e-05
10356.800000 -2.860643e-05 -1.283490e-06 -1.200654e-07 -8.797961e-07 5.369911e-05 3.068830e-05 -4.100072e-05 -1.872564e-05
10357.000000 -2.859121e-05 -1.281891e-06 -1.197693e-07 -8.803387e-07 5.649717e-05 2.231393e-05 -3.099457e-05 -1.990020e-05
10357.200000 -2.856232e-05 -1.279343e-06 -1.196810e-07 -8.799591e-07 4.941180e-05 3.031850e-05 -4.345138e-05 -1.982070e-05
10357.400000 -2.859323e-05 -1.282666e-06 -1.203288e-07 -8.814712e-07 5.440324e-05 6.665320e-06 -4.776545e-05 -1.414570e-05
10357.600000 -2.858278e-05 -1.282405e-06 -1.204581e-07 -8.815628e-07 4.385355e-05 -5.336101e-06 -4.441707e-05 5.226272e-07
10357.800000 -2.858363e-05 -1.280909e-06 -1.203941e-07 -8.819066e-07 3.847191e-05 3.588895e-07 -4.229566e-05 -4.575557e-06
10358.000000 -2.858997e-05 -1.279481e-06 -1.199044e-07 -8.822840e-07 5.367260e-05 1.005593e-05 -4.162746e-05 -9.981360e-06
10358.200000 -2.859395e-05 -1.282305e-06 -1.200655e-07 -8.830871e-07 4.411293e-05 -1.637961e-05 -4.564216e-05 -1.173115e-05
10358.400000 -2.857235e-05 -1.277981e-06 -1.194523e-07 -8.833575e-07 4.133669e-05 -2.964068e-05 -4.973762e-05 -1.607749e-05
10358.600000 -2.855590e-05 -1.284899e-06 -1.205325e-07 -8.841061e-07 4.781411e-05 -1.078668e-06 -4.937303e-05 -2.197021e-05
10358.800000 -2.850132e-05 -1.275557e-06 -1.196842e-07 -8.835015e-07 4.904201e-05 2.876163e-05 -4.230903e-05 -2.137659e-05
10359.000000 -2.849479e-05 -1.274081e-06 -1.197087e-07 -8.841291e-07 4.470363e-05 2.061206e-05 -5.773198e-05 -2.225308e-05
10359.200000 -2.854808e-05 -1.284601e-06 -1.207052e-07 -8.859848e-07 4.193016e-05 1.849675e-05 -5.440346e-05 -9.855645e-06
10359.400000 -2.856426e-05 -1.278081e-06 -1.198738e-07 -8.867650e-07 4.196686e-05 3.246062e-05 -4.656411e-05 -1.639203e-06
10359.600000 -2.855837e-05 -1.280157e-06 -1.197326e-07 -8.876109e-07 4.114552e-05 1.710058e-05 -4.928519e-05 -6.332352e-06
10359.800000 -2.856419e-05 -1.280687e-06 -1.196105e-07 -8.880801e-07 3.424653e-05 -2.068600e-06 -3.593660e-05 3.456846e-06
10360.000000 -2.856189e-05 -1.280583e-06 -1.200388e-07 -8.890027e-07 4.259475e-05 -4.149821e-06 -4.709296e-05 -8.883555e-07
10360.200000 -2.854986e-05 -1.278891e-06 -1.199874e-07 -8.896877e-07 5.131776e-05 4.605078e-06 -4.773076e-05 -9.930926e-06
10360.400000 -2.855775e-05 -1.280555e-06 -1.202352e-07 -8.906142e-07 5.052008e-05 -1.464979e-06 -3.644221e-05 -1.807852e-05
10360.600000 -2.849120e-05 -1.273622e-06 -1.198097e-07 -8.904194e-07 5.448645e-05 2.402347e-05 -3.987880e-05 -1.839054e-05
10360.800000 -2.843254e-05 -1.269462e-06 -1.196342e-07 -8.905076e-07 5.169686e-05 -1.120702e-05 -5.363766e-05 -1.843549e-05
10361.000000 -2.845454e-05 -1.272895e-06 -1.197031e-07 -8.915319e-07 5.473071e-05 -2.068148e-05 -5.230651e-05 -1.578382e-05
10361.200000 -2.847080e-05 -1.269780e-06 -1.193276e-07 -8.927702e-07 5.261335e-05 -4.086619e-05 -4.696223e-05 -1.113345e-05
10361.400000 -2.849244e-05 -1.274444e-06 -1.199876e-07 -8.945761e-07 5.535711e-05 -3.111753e-05 -4.341865e-05 -1.446379e-05
10361.600000 -2.849192e-05 -1.276590e-06 -1.202001e-07 -8.962529e-07 5.514330e-05 -3.621866e-05 -3.128043e-05 -1.631575e-05
10361.800000 -2.846250e-05 -1.271996e-06 -1.199440e-07 -8.963975e-07 6.560696e-05 -3.652379e-05 -2.873818e-05 -2.555406e-05
10362.000000 -2.843889e-05 -1.268827e-06 -1.194894e-07 -8.970922e-07 5.985009e-05 -3.869630e-05 -2.860506e-05 -1.956671e-05
10362.200000 -2.848024e-05 -1.273958e-06 -1.196120e-07 -8.991509e-07 4.871186e-05 -3.709869e-05 -3.441723e-05 -5.202659e-06
10362.400000 -2.845472e-05 -1.268839e-06 -1.188527e-07 -9.000110e-07 4.604008e-05 -1.034719e-05 -3.288569e-05 -1.228958e-06
10362.600000 -2.844652e-05 -1.272567e-06 -1.193560e-07 -9.015124e-07 4.909222e-05 -2.227785e-05 -3.023163e-05 6.076415e-06
10362.800000 -2.846625e-05 -1.271465e-06 -1.191255e-07 -9.030773e-07 5.897233e-05 -1.854779e-05 -3.139577e-05 -6.231319e-07
10363.000000 -2.840799e-05 -1.268462e-06 -1.191609e-07 -9.032205e-07 4.498810e-05 -3.678453e-05 -3.149556e-05 3.007544e-06
10363.200000 -2.840581e-05 -1.267495e-06 -1.190579e-07 -9.047488e-07 4.824320e-05 -5.290747e-05 -2.898048e-05 4.088790e-06
10363.400000 -2.842889e-05 -1.266025e-06 -1.188648e-07 -9.077100e-07 5.165491e-05 -6.487098e-05 -2.809740e-05 7.734777e-06
10363.600000 -2.849354e-05 -1.274480e-06 -1.193606e-07 -9.100468e-07 5.561731e-05 -7.787043e-05 -4.207070e-05 -4.294729e-06
10363.800000 -2.850957e-05 -1.274338e-06 -1.191113e-07 -9.118382e-07 5.921948e-05 -6.940795e-05 -4.784942e-05 9.966515e-06
10364.000000 -2.848945e-05 -1.278576e-06 -1.197896e-07 -9.142276e-07 5.112921e-05 -6.859388e-05 -3.591739e-05 1.031240e-05
10364.200000 -2.847760e-05 -1.267347e-06 -1.184351e-07 -9.157494e-07 5.362787e-05 -6.305482e-05 -4.124417e-05 2.354530e-06
10364.400000 -2.851063e-05 -1.273233e-06 -1.191741e-07 -9.182829e-07 5.162540e-05 -7.678333e-05 -5.449967e-05 -5.583295e-06
10364.600000 -2.850887e-05 -1.272763e-06 -1.191253e-07 -9.204635e-07 4.864258e-05 -7.624824e-05 -4.306692e-05 -4.639296e-06
10364.800000 -2.851608e-05 -1.274773e-06 -1.194500e-07 -9.231942e-07 4.365608e-05 -3.491557e-05 -3.442805e-05 4.565143e-07
10365.000000 -2.850545e-05 -1.269369e-06 -1.189075e-07 -9.252047e-07 4.479348e-05 -2.891218e-05 -3.797841e-05 1.957541e-06
10365.200000 -2.849303e-05 -1.268724e-06 -1.188349e-07 -9.282213e-07 3.531255e-05 -2.578550e-05 -5.607483e-05 -4.869642e-06
10365.400000 -2.848692e-05 -1.271692e-06 -1.190546e-07 -9.312732e-07 3.213819e-05 -3.348587e-05 -4.753120e-05 -2.870321e-06
10365.600000 -2.845918e-05 -1.266607e-06 -1.185684e-07 -9.344308e-07 3.470196e-05 -1.963261e-05 -4.961153e-05 -1.032405e-06
10365.800000 -2.842486e-05 -1.266095e-06 -1.186152e-07 -9.373434e-07 3.043230e-05 -2.410390e-05 -4.565391e-05 -6.014238e-06
10366.000000 -2.843391e-05 -1.259548e-06 -1.177677e-07 -9.410605e-07 3.239789e-05 -3.594641e-05 -4.345820e-05 -4.102052e-07
10366.200000 -2.842174e-05 -1.259432e-06 -1.176308e-07 -9.452511e-07 3.165117e-05 -4.122833e-05 -4.418057e-05 1.007589e-06
10366.400000 -2.841685e-05 -1.260197e-06 -1.180032e-07 -9.497915e-07 3.747900e-05 -3.589350e-05 -5.177056e-05 -4.906974e-06
10366.600000 -2.843256e-05 -1.258192e-06 -1.177286e-07 -9.546650e-07 3.588661e-05 -3.647534e-05 -4.967057e-05 2.792211e-06
10366.800000 -2.845587e-05 -1.259825e-06 -1.178647e-07 -9.609079e-07 4.595182e-05 -5.454068e-05 -4.741707e-05 1.543666e-05
10367.000000 -2.844756e-05 -1.257972e-06 -1.175551e-07 -9.668599e-07 4.938706e-05 -5.293589e-05 -4.360520e-05 7.423527e-06
10367.200000 -2.841775e-05 -1.248553e-06 -1.164371e-07 -9.731812e-07 3.385896e-05 -4.493286e-05 -4.127811e-05 2.098220e-05
10367.400000 -2.844546e-05 -1.255065e-06 -1.171561e-07 -9.817826e-07 2.814265e-05 -4.749008e-05 -4.679049e-05 9.015021e-06
10367.600000 -2.842341e-05 -1.247350e-06 -1.165100e-07 -9.898210e-07 4.238647e-05 -2.774514e-05 -3.544186e-05 6.995766e-07
10367.800000 -2.841942e-05 -1.247967e-06 -1.168473e-07 -9.994927e-07 4.596238e-05 -1.175735e-05 -4.989628e-05 7.321087e-06
10368.000000 -2.842123e-05 -1.240945e-06 -1.162121e-07 -1.010607e-06 5.193144e-05 -1.151575e-05 -5.047414e-05 5.263861e-06
10368.200000 -2.842067e-05 -1.236938e-06 -1.160316e-07 -1.023256e-06 5.182887e-05 -2.355885e-05 -5.039219e-05 1.685868e-06
10368.400000 -2.842119e-05 -1.231945e-06 -1.155681e-07 -1.036783e-06 4.962193e-05 -1.995521e-05 -5.973116e-05 -9.639889e-07
10368.600000 -2.844447e-05 -1.231400e-06 -1.153328e-07 -1.052906e-06 4.449474e-05 -2.524399e-05 -5.886472e-05 1.015533e-05
10368.800000 -2.844489e-05 -1.227338e-06 -1.148973e-07 -1.069528e-06 4.617985e-05 -1.233073e-05 -5.627450e-05 1.145801e-05
10369.000000 -2.845837e-05 -1.219442e-06 -1.141979e-07 -1.087812e-06 4.180559e-05 -2.255465e-05 -6.253745e-05 3.472645e-06
10369.200000 -2.847067e-05 -1.214526e-06 -1.137514e-07 -1.107880e-06 2.792495e-05 -3.820262e-05 -6.615140e-05 -2.409240e-06
10369.400000 -2.847328e-05 -1.208083e-06 -1.134627e-07 -1.129416e-06 2.711345e-05 -3.892465e-05 -5.396982e-05 -4.941443e-06
10369.600000 -2.847359e-05 -1.201433e-06 -1.127858e-07 -1.154159e-06 3.932878e-05 -4.988662e-05 -5.026304e-05 -1.100486e-05
10369.800000 -2.847954e-05 -1.193040e-06 -1.119978e-07 -1.180764e-06 4.202177e-05 -4.734932e-05 -5.385948e-05 -1.487976e-05
10370.000000 -2.846882e-05 -1.183757e-06 -1.110984e-07 -1.209623e-06 4.239984e-05 -4.764569e-05 -5.291934e-05 -1.907360e-05
10370.200000 -2.844686e-05 -1.171097e-06 -1.099410e-07 -1.240939e-06 3.508920e-05 -5.855221e-05 -4.443333e-05 -1.851367e-05
10370.400000 -2.845318e-05 -1.161741e-06 -1.089818e-07 -1.275070e-06 3.412574e-05 -4.597071e-05 -4.341370e-05 -1.477253e-05
10370.600000 -2.845780e-05 -1.155807e-06 -1.084012e-07 -1.311764e-06 3.119580e-05 -3.212908e-05 -4.737462e-05 -7.988881e-06
10370.800000 -2.840775e-05 -1.139428e-06 -1.070396e-07 -1.350745e-06 3.488858e-05 -8.816065e-06 -5.890179e-05 -5.395358e-06
10371.000000 -2.833947e-05 -1.118871e-06 -1.050356e-07 -1.390255e-06 3.266741e-05 -1.621541e-05 -5.119704e-05 -7.599800e-06
10371.200000 -2.838225e-05 -1.109245e-06 -1.040474e-07 -1.434308e-06 3.026223e-05 -2.264424e-05 -5.121539e-05 -2.963801e-06
10371.400000 -2.840400e-05 -1.099315e-06 -1.031049e-07 -1.477508e-06 3.035802e-05 -2.196935e-05 -5.203957e-05 -4.996242e-06
10371.600000 -2.839051e-05 -1.082191e-06 -1.015156e-07 -1.520747e-06 3.878186e-05 -3.224816e-05 -6.104846e-05 -4.410140e-06
10371.800000 -2.839197e-05 -1.071597e-06 -1.005225e-07 -1.564581e-06 3.651987e-05 2.201664e-05 -5.734904e-05 -1.234160e-05
10372.000000 -2.834748e-05 -1.054281e-06 -9.910256e-08 -1.605797e-06 4.023776e-05 2.496798e-05 -5.463383e-05 -1.031521e-05
10372.200000 -2.831365e-05 -1.037268e-06 -9.740582e-08 -1.645372e-06 4.630636e-05 1.338326e-05 -5.155113e-05 -6.399676e-06
10372.400000 -2.835278e-05 -1.038223e-06 -9.747490e-08 -1.682047e-06 3.439554e-05 -4.742216e-06 -5.754800e-05 -9.757600e-06
10372.600000 -2.832829e-05 -1.020840e-06 -9.603722e-08 -1.713746e-06 3.815746e-05 2.385519e-06 -5.915750e-05 -1.218249e-05
10372.800000 -2.836501e-05 -1.015082e-06 -9.536572e-08 -1.740908e-06 2.360085e-05 -8.303375e-06 -7.002927e-05 -1.080088e-05
10373.000000 -2.835982e-05 -1.007108e-06 -9.471376e-08 -1.765435e-06 2.975917e-05 -1.729091e-05 -6.229558e-05 -5.449359e-06
10373.200000 -2.838954e-05 -1.007339e-06 -9.492307e-08 -1.786534e-06 4.059640e-05 -1.318111e-05 -5.860810e-05 -4.633004e-06
10373.400000 -2.836320e-05 -9.982063e-07 -9.395825e-08 -1.803250e-06 3.436398e-05 -1.016272e-05 -4.981271e-05 -1.535608e-05
10373.600000 -2.833594e-05 -9.924431e-07 -9.354973e-08 -1.818304e-06 3.826664e-05 1.397432e-05 -5.025424e-05 -1.070361e-05
10373.800000 -2.834403e-05 -9.900857e-07 -9.320697e-08 -1.831312e-06 4.271758e-05 3.498946e-06 -5.498215e-05 -3.907315e-06
10374.000000 -2.838044e-05 -9.918422e-07 -9.310242e-08 -1.841977e-06 3.215822e-05 -6.176782e-06 -5.499129e-05 -1.637396e-05
10374.200000 -2.842770e-05 -9.896709e-07 -9.277409e-08 -1.850422e-06 2.989199e-05 2.055256e-06 -4.666187e-05 -1.720480e-05
10374.400000 -2.844992e-05 -9.909569e-07 -9.295698e-08 -1.859385e-06 3.484060e-05 -1.187903e-05 -4.474030e-05 -7.584611e-06
10374.600000 -2.847004e-05 -9.879202e-07 -9.269893e-08 -1.866435e-06 4.122932e-05 -2.155322e-05 -6.079210e-05 -1.701959e-05
10374.800000 -2.849166e-05 -9.880472e-07 -9.270828e-08 -1.872938e-06 4.245798e-05 -2.327837e-05 -6.317177e-05 -1.985391e-05
10375.000000 -2.848865e-05 -9.864175e-07 -9.233343e-08 -1.878558e-06 2.926162e-05 -7.266534e-06 -5.844416e-05 -1.485119e-05
10375.200000 -2.849569e-05 -9.845307e-07 -9.199757e-08 -1.885120e-06 2.741838e-05 -1.288265e-05 -6.288962e-05 -1.464038e-05
10375.400000 -2.849042e-05 -9.840176e-07 -9.196112e-08 -1.890305e-06 3.524389e-05 -3.926719e-05 -4.966400e-05 -1.163526e-05
10375.600000 -2.848719e-05 -9.825166e-07 -9.185787e-08 -1.896566e-06 3.413987e-05 -3.547512e-05 -5.299768e-05 -2.312705e-05
10375.800000 -2.846331e-05 -9.789336e-07 -9.183889e-08 -1.902211e-06 3.822930e-05 -4.200332e-05 -5.468033e-05 -1.756109e-05
10376.000000 -2.847222e-05 -9.766436e-07 -9.163144e-08 -1.905711e-06 4.115250e-05 -4.712970e-05 -6.109465e-05 -2.383288e-05
10376.200000 -2.849468e-05 -9.808950e-07 -9.199232e-08 -1.909487e-06 3.500388e-05 -5.507118e-05 -5.313823e-05 -2.051715e-05
10376.400000 -2.849000e-05 -9.770996e-07 -9.159063e-08 -1.912055e-06 3.846664e-05 -3.784808e-05 -5.471963e-05 -1.929732e-05
10376.600000 -2.848435e-05 -9.767203e-07 -9.151156e-08 -1.913590e-06 3.321898e-05 -3.698766e-05 -5.180581e-05 -5.675934e-06
10376.800000 -2.848073e-05 -9.771216e-07 -9.144376e-08 -1.913540e-06 3.617029e-05 -2.102513e-05 -5.662127e-05 -7.273456e-06
10377.000000 -2.847025e-05 -9.783271e-07 -9.166515e-08 -1.912016e-06 4.654277e-05 -2.510794e-05 -5.601318e-05 -1.675452e-05
10377.200000 -2.846763e-05 -9.791651e-07 -9.152694e-08 -1.907954e-06 5.388849e-05 -2.549188e-05 -4.924053e-05 -2.430357e-05
10377.400000 -2.846499e-05 -9.792317e-07 -9.195545e-08 -1.901791e-06 5.570274e-05 -3.162701e-05 -4.173988e-05 -1.255095e-05
10377.600000 -2.846552e-05 -9.825729e-07 -9.222589e-08 -1.892966e-06 4.920588e-05 -3.366008e-05 -4.596475e-05 -1.081357e-05
10377.800000 -2.844132e-05 -9.834673e-07 -9.237672e-08 -1.884492e-06 4.800222e-05 -2.330456e-05 -4.337974e-05 -6.556661e-06
10378.000000 -2.846699e-05 -9.918750e-07 -9.319052e-08 -1.872374e-06 5.374945e-05 -3.408845e-05 -5.308794e-05 -5.244557e-06
10378.200000 -2.842495e-05 -9.878770e-07 -9.269395e-08 -1.859657e-06 4.846327e-05 -3.948939e-05 -5.659993e-05 -1.417588e-06
10378.400000 -2.841410e-05 -9.949765e-07 -9.311345e-08 -1.846102e-06 4.305830e-05 -5.127858e-05 -4.696261e-05 -4.396309e-06
10378.600000 -2.843719e-05 -1.001261e-06 -9.365769e-08 -1.831587e-06 4.388366e-05 -4.102096e-05 -4.143320e-05 -6.738626e-06
10378.800000 -2.847197e-05 -1.008775e-06 -9.412404e-08 -1.816037e-06 3.984743e-05 -2.826027e-05 -5.154252e-05 -1.043023e-05
10379.000000 -2.847503e-05 -1.015460e-06 -9.474663e-08 -1.801548e-06 2.943889e-05 -2.155059e-05 -6.216767e-05 -2.284742e-05
10379.200000 -2.847668e-05 -1.018583e-06 -9.520684e-08 -1.787006e-06 3.390272e-05 -3.628613e-05 -4.891165e-05 -1.399997e-05
10379.400000 -2.847579e-05 -1.022350e-06 -9.555959e-08 -1.772627e-06 4.349513e-05 -4.026691e-05 -5.866321e-05 -1.420527e-05
10379.600000 -2.847364e-05 -1.026134e-06 -9.595724e-08 -1.759767e-06 3.934591e-05 -2.205380e-05 -6.072703e-05 -2.381654e-05
10379.800000 -2.846429e-05 -1.028243e-06 -9.620080e-08 -1.747562e-06 4.112909e-05 -2.616106e-05 -5.670859e-05 -1.586830e-05
10380.000000 -2.846348e-05 -1.034455e-06 -9.685859e-08 -1.736555e-06 5.395529e-05 -1.412005e-05 -6.410234e-05 -1.868530e-05
10380.200000 -2.846771e-05 -1.040847e-06 -9.762906e-08 -1.725604e-06 6.109275e-05 -2.515280e-05 -5.708343e-05 -2.484364e-06
10380.400000 -2.848067e-05 -1.044244e-06 -9.772003e-08 -1.715255e-06 5.908363e-05 -1.177197e-05 -5.970999e-05 3.951553e-07
10380.600000 -2.845861e-05 -1.045204e-06 -9.775347e-08 -1.705408e-06 5.246558e-05 1.169568e-05 -5.114357e-05 1.607989e-05
10380.800000 -2.840130e-05 -1.041571e-06 -9.768684e-08 -1.697273e-06 4.977253e-05 3.969013e-05 -4.160099e-05 1.771325e-05
10381.000000 -2.839395e-05 -1.047067e-06 -9.791245e-08 -1.689595e-06 5.121009e-05 3.884400e-05 -4.095273e-05 -2.389959e-06
10381.200000 -2.845158e-05 -1.053009e-06 -9.817028e-08 -1.682155e-06 4.425549e-05 1.854767e-05 -4.650079e-05 -1.416838e-06
10381.400000 -2.844987e-05 -1.053577e-06 -9.851251e-08 -1.674630e-06 5.337761e-05 2.059839e-05 -4.638302e-05 7.121973e-07
10381.600000 -2.845450e-05 -1.056188e-06 -9.906571e-08 -1.667929e-06 5.172341e-05 2.911951e-05 -3.840919e-05 3.441584e-07
10381.800000 -2.846003e-05 -1.056498e-06 -9.919548e-08 -1.661910e-06 4.870916e-05 1.755243e-05 -4.307685e-05 -7.189431e-06
10382.000000 -2.846940e-05 -1.062511e-06 -9.964236e-08 -1.655696e-06 4.351084e-05 3.532554e-05 -5.192448e-05 -8.502386e-06
10382.200000 -2.846085e-05 -1.062521e-06 -9.951399e-08 -1.649579e-06 4.358818e-05 3.882928e-05 -5.550855e-05 -3.781267e-06
10382.400000 -2.840856e-05 -1.058948e-06 -9.905757e-08 -1.644009e-06 5.684543e-05 3.418826e-05 -4.587374e-05 -3.864211e-08
10382.600000 -2.839372e-05 -1.059317e-06 -9.893982e-08 -1.638930e-06 5.523994e-05 4.594993e-05 -4.942037e-05 -6.310765e-06
10382.800000 -2.841786e-05 -1.063677e-06 -9.951512e-08 -1.634277e-06 5.977742e-05 4.414104e-05 -5.862977e-05 -4.506096e-06
10383.000000 -2.841987e-05 -1.063819e-06 -9.972277e-08 -1.629004e-06 5.277766e-05 5.015031e-05 -5.328960e-05 -9.385578e-06
10383.200000 -2.840930e-05 -1.065986e-06 -9.989962e-08 -1.622368e-06 5.088015e-05 5.006532e-05 -5.366339e-05 -1.615006e-05
10383.400000 -2.838513e-05 -1.062214e-06 -9.952413e-08 -1.617456e-06 5.759215e-05 3.059379e-05 -5.546779e-05 -1.422381e-05
10383.600000 -2.837912e-05 -1.066070e-06 -9.963683e-08 -1.611818e-06 5.452979e-05 4.372081e-05 -6.430514e-05 -1.678361e-05
10383.800000 -2.841324e-05 -1.066507e-06 -9.932799e-08 -1.605937e-06 5.344356e-05 3.963483e-05 -6.043330e-05 -2.319673e-05
10384.000000 -2.844331e-05 -1.073012e-06 -1.001070e-07 -1.601171e-06 6.131524e-05 2.495872e-05 -5.940112e-05 -1.315007e-05
10384.200000 -2.844574e-05 -1.075526e-06 -1.005419e-07 -1.595940e-06 6.499650e-05 2.567417e-05 -4.892640e-05 -1.094420e-05
10384.400000 -2.843686e-05 -1.074993e-06 -1.007141e-07 -1.591577e-06 6.432652e-05 1.867745e-05 -5.304681e-05 -1.172786e-05
10384.600000 -2.843633e-05 -1.076186e-06 -1.008097e-07 -1.586799e-06 6.288941e-05 3.230131e-05 -5.645277e-05 -8.611892e-06
10384.800000 -2.844910e-05 -1.081621e-06 -1.011758e-07 -1.582490e-06 6.410211e-05 4.029444e-05 -6.102288e-05 -1.459158e-05
10385.000000 -2.843772e-05 -1.083653e-06 -1.012865e-07 -1.578947e-06 5.627418e-05 4.012525e-05 -6.170419e-05 -1.635435e-05
10385.200000 -2.843223e-05 -1.081652e-06 -1.009938e-07 -1.574555e-06 4.923796e-05 6.337784e-05 -5.862699e-05 -1.630758e-05
10385.400000 -2.842125e-05 -1.082212e-06 -1.011537e-07 -1.570304e-06 5.216875e-05 8.158288e-05 -5.839063e-05 -1.836027e-05
10385.600000 -2.842881e-05 -1.085363e-06 -1.014844e-07 -1.566778e-06 5.621874e-05 7.506200e-05 -4.092755e-05 -1.974270e-05
10385.800000 -2.843122e-05 -1.087079e-06 -1.015610e-07 -1.563142e-06 4.769233e-05 5.363438e-05 -4.438203e-05 -1.640548e-05
10386.000000 -2.843283e-05 -1.087513e-06 -1.014105e-07 -1.560055e-06 5.467545e-05 4.491219e-05 -5.973066e-05 -1.820109e-05
10386.200000 -2.843201e-05 -1.088906e-06 -1.011668e-07 -1.556893e-06 4.197563e-05 1.453424e-05 -6.235896e-05 -1.929947e-05
10386.400000 -2.842780e-05 -1.091519e-06 -1.011272e-07 -1.553879e-06 4.377058e-05 2.001370e-05 -5.074949e-05 -1.422904e-05
10386.600000 -2.843210e-05 -1.090395e-06 -1.009955e-07 -1.551045e-06 5.247500e-05 2.814164e-05 -4.113835e-05 -8.302588e-06
10386.800000 -2.842032e-05 -1.092733e-06 -1.013498e-07 -1.548451e-06 5.124124e-05 3.349433e-05 -4.089785e-05 -1.861058e-05
10387.000000 -2.838559e-05 -1.086694e-06 -1.010636e-07 -1.546491e-06 5.748746e-05 4.236080e-05 -4.274378e-05 -2.212303e-05
10387.200000 -2.837985e-05 -1.088205e-06 -1.010220e-07 -1.544695e-06 6.159438e-05 3.201373e-05 -4.904869e-05 -1.326280e-05
10387.400000 -2.841522e-05 -1.093348e-06 -1.012357e-07 -1.543080e-06 5.546610e-05 2.269108e-05 -5.493374e-05 -1.130403e-05
10387.600000 -2.842096e-05 -1.096455e-06 -1.012670e-07 -1.541008e-06 5.258893e-05 3.452719e-05 -5.227234e-05 -1.436025e-05
10387.800000 -2.841634e-05 -1.095837e-06 -1.008732e-07 -1.539498e-06 5.521915e-05 4.419541e-05 -6.980518e-05 -1.804065e-05
10388.000000 -2.840794e-05 -1.096168e-06 -1.011783e-07 -1.539333e-06 5.583988e-05 5.841609e-05 -6.523134e-05 -1.509960e-05
10388.200000 -2.836458e-05 -1.095044e-06 -1.012448e-07 -1.538705e-06 6.264147e-05 6.220264e-05 -5.758141e-05 -1.317859e-05
10388.400000 -2.837878e-05 -1.100284e-06 -1.018954e-07 -1.538596e-06 5.298247e-05 4.847118e-05 -6.023750e-05 -1.406031e-05
10388.600000 -2.835188e-05 -1.090972e-06 -1.009651e-07 -1.536778e-06 5.655392e-05 4.682295e-05 -6.347447e-05 -1.561125e-05
10388.800000 -2.834148e-05 -1.092250e-06 -1.010165e-07 -1.536127e-06 5.440687e-05 4.148822e-05 -5.782367e-05 -2.337045e-05
10389.000000 -2.835974e-05 -1.095586e-06 -1.009163e-07 -1.536283e-06 4.825715e-05 6.549345e-05 -5.608031e-05 -3.366475e-05
10389.200000 -2.838793e-05 -1.099705e-06 -1.011194e-07 -1.534889e-06 4.397830e-05 5.853762e-05 -5.341467e-05 -1.635899e-05
10389.400000 -2.841790e-05 -1.104950e-06 -1.015701e-07 -1.534159e-06 4.420339e-05 4.323106e-05 -4.833769e-05 -1.745862e-05
10389.600000 -2.841007e-05 -1.100883e-06 -1.009794e-07 -1.534679e-06 3.308526e-05 3.977517e-05 -5.750861e-05 -2.652494e-05
10389.800000 -2.841736e-05 -1.105271e-06 -1.011559e-07 -1.534069e-06 4.133763e-05 2.814443e-05 -5.276664e-05 -2.436397e-05
10390.000000 -2.840965e-05 -1.099999e-06 -1.006284e-07 -1.533123e-06 4.532157e-05 2.738228e-05 -4.960379e-05 -2.088362e-05
10390.200000 -2.839694e-05 -1.099844e-06 -1.004040e-07 -1.533265e-06 5.012138e-05 3.766087e-05 -4.752512e-05 -1.932734e-05
10390.400000 -2.840282e-05 -1.100434e-06 -1.003214e-07 -1.532450e-06 3.870587e-05 5.360384e-05 -5.299423e-05 -2.893339e-05
10390.600000 -2.838921e-05 -1.098073e-06 -1.000339e-07 -1.532349e-06 4.032294e-05 6.827608e-05 -4.775473e-05 -2.261735e-05
10390.800000 -2.836952e-05 -1.097623e-06 -1.000531e-07 -1.532326e-06 3.954463e-05 6.363313e-05 -5.514075e-05 -1.256569e-05
10391.000000 -2.839693e-05 -1.103811e-06 -1.006569e-07 -1.532564e-06 4.613053e-05 8.798898e-05 -6.404728e-05 -1.951643e-05
10391.200000 -2.840394e-05 -1.104004e-06 -1.003681e-07 -1.531336e-06 4.977041e-05 9.728785e-05 -5.633247e-05 -1.382331e-05
10391.400000 -2.834850e-05 -1.095365e-06 -9.939563e-08 -1.531443e-06 4.475876e-05 6.736171e-05 -5.991559e-05 -1.958088e-05
10391.600000 -2.831276e-05 -1.098261e-06 -9.965491e-08 -1.530295e-06 4.566958e-05 6.342146e-05 -5.511186e-05 -1.759358e-05
10391.800000 -2.831398e-05 -1.095680e-06 -9.916265e-08 -1.530651e-06 4.175163e-05 7.389536e-05 -5.495986e-05 -1.727981e-05
10392.000000 -2.834579e-05 -1.099821e-06 -9.918533e-08 -1.530901e-06 3.076468e-05 5.182952e-05 -5.083712e-05 -1.864708e-05
10392.200000 -2.836114e-05 -1.099785e-06 -9.914189e-08 -1.529965e-06 3.653844e-05 6.360399e-05 -4.547562e-05 -1.671081e-05
10392.400000 -2.840269e-05 -1.105620e-06 -9.943607e-08 -1.529470e-06 3.751506e-05 6.321595e-05 -5.051281e-05 -3.057125e-05
10392.600000 -2.839861e-05 -1.103727e-06 -9.941962e-08 -1.529239e-06 4.179679e-05 8.408429e-05 -5.295658e-05 -2.293681e-05
10392.800000 -2.835161e-05 -1.100098e-06 -9.907968e-08 -1.530339e-06 3.991326e-05 4.405939e-05 -5.305543e-05 -1.374149e-05
10393.000000 -2.833206e-05 -1.097776e-06 -9.880316e-08 -1.529858e-06 4.252314e-05 3.607400e-05 -4.780430e-05 -1.523003e-05
10393.200000 -2.836545e-05 -1.100751e-06 -9.877171e-08 -1.530598e-06 4.286092e-05 3.628321e-05 -3.371379e-05 -1.220452e-05
10393.400000 -2.836570e-05 -1.100448e-06 -9.845962e-08 -1.529619e-06 4.388616e-05 2.991974e-05 -3.865253e-05 -2.418142e-05
10393.600000 -2.836726e-05 -1.099414e-06 -9.835025e-08 -1.529333e-06 4.910781e-05 2.289227e-05 -3.467313e-05 -3.281329e-05
10393.800000 -2.835963e-05 -1.100655e-06 -9.823285e-08 -1.529819e-06 4.447594e-05 2.682128e-05 -2.711575e-05 -2.261085e-05
10394.000000 -2.836879e-05 -1.104510e-06 -9.858694e-08 -1.530176e-06 5.141341e-05 4.382874e-05 -2.289937e-05 -1.151800e-05
10394.200000 -2.837690e-05 -1.105392e-06 -9.866012e-08 -1.530406e-06 4.795743e-05 4.603877e-05 -2.477788e-05 -8.885694e-06
10394.400000 -2.837125e-05 -1.104567e-06 -9.844588e-08 -1.530701e-06 5.147097e-05 2.756871e-05 -2.118705e-05 -1.670116e-05
10394.600000 -2.832215e-05 -1.100812e-06 -9.808120e-08 -1.532325e-06 5.430681e-05 1.493903e-05 -3.724248e-05 -1.550890e-05
10394.800000 -2.830821e-05 -1.102860e-06 -9.829176e-08 -1.532669e-06 5.110117e-05 5.005622e-05 -3.774531e-05 -1.743108e-05
10395.000000 -2.829650e-05 -1.096928e-06 -9.760529e-08 -1.532542e-06 4.637594e-05 5.440330e-05 -4.310307e-05 -2.156739e-05
10395.200000 -2.832815e-05 -1.100538e-06 -9.770300e-08 -1.532490e-06 4.321799e-05 3.971125e-05 -4.604585e-05 -1.683530e-05
10395.400000 -2.833142e-05 -1.101993e-06 -9.758716e-08 -1.533013e-06 3.891576e-05 3.569696e-05 -4.571921e-05 -2.139580e-05
10395.600000 -2.834455e-05 -1.105572e-06 -9.799162e-08 -1.532955e-06 3.643517e-05 8.482429e-06 -4.834403e-05 -1.992042e-05
10395.800000 -2.833694e-05 -1.102102e-06 -9.738300e-08 -1.531707e-06 4.166560e-05 2.149572e-05 -4.068392e-05 -2.223900e-05
10396.000000 -2.830829e-05 -1.102798e-06 -9.754848e-08 -1.531261e-06 4.411769e-05 2.745281e-05 -4.641498e-05 -2.301560e-05
10396.200000 -2.828333e-05 -1.097884e-06 -9.712807e-08 -1.530362e-06 3.077305e-05 3.303198e-05 -4.433642e-05 -2.692291e-05
10396.400000 -2.821312e-05 -1.095128e-06 -9.688568e-08 -1.527349e-06 3.532903e-05 2.684768e-05 -2.799049e-05 -2.418053e-05
10396.600000 -2.817525e-05 -1.089406e-06 -9.619000e-08 -1.524358e-06 3.388661e-05 4.753964e-06 -4.068937e-05 -2.483513e-05
10396.800000 -2.829116e-05 -1.102228e-06 -9.675417e-08 -1.525782e-06 3.296829e-05 2.113246e-05 -4.674715e-05 -1.661620e-05
10397.000000 -2.833054e-05 -1.103934e-06 -9.669389e-08 -1.524247e-06 3.422605e-05 2.082006e-05 -4.501796e-05 -1.993801e-05
10397.227860 -2.833666e-05 -1.106346e-06 -9.688291e-08 -1.521434e-06 3.528495e-05 1.304970e-05 -4.383643e-05 -2.127518e-05
10397.483581 -2.834017e-05 -1.108207e-06 -9.714311e-08 -1.518539e-06 3.683345e-05 6.894256e-06 -4.937295e-05 -1.946221e-05
10397.767162 -2.834124e-05 -1.110245e-06 -9.731233e-08 -1.514753e-06 4.222005e-05 2.420414e-05 -5.470433e-05 -2.270009e-05
10398.078604 -2.831582e-05 -1.109988e-06 -9.738122e-08 -1.511014e-06 4.397285e-05 3.912450e-05 -4.092705e-05 -2.153734e-05
10398.417905 -2.832085e-05 -1.113031e-06 -9.747908e-08 -1.505196e-06 3.664175e-05 2.457082e-05 -5.376223e-05 -2.782425e-05
10398.785067 -2.833895e-05 -1.117058e-06 -9.753162e-08 -1.498614e-06 3.860007e-05 1.438080e-05 -6.168826e-05 8.197658e-06
10399.180090 -2.834163e-05 -1.120596e-06 -9.777289e-08 -1.491720e-06 4.239027e-05 2.749680e-05 -6.032604e-05 1.887541e-05
10399.602973 -2.833024e-05 -1.122330e-06 -9.765092e-08 -1.483860e-06 4.187741e-05 3.038125e-05 -5.931897e-05 1.351932e-06
10400.053716 -2.830634e-05 -1.122579e-06 -9.761892e-08 -1.476105e-06 3.565405e-05 8.818065e-06 -7.174255e-05 -1.714595e-05
10400.532319 -2.832684e-05 -1.126569e-06 -9.805907e-08 -1.467446e-06 3.842402e-05 -1.160974e-05 -6.031495e-05 -1.372474e-05
10401.038783 -2.826735e-05 -1.122813e-06 -9.758549e-08 -1.459683e-06 3.852190e-05 1.015333e-06 -5.971483e-05 -1.366256e-05
10401.573107 -2.824514e-05 -1.124307e-06 -9.759229e-08 -1.452562e-06 5.124124e-05 -1.148863e-05 -5.635508e-05 -2.346359e-05
10402.135292 -2.826894e-05 -1.129664e-06 -9.853848e-08 -1.446303e-06 5.144691e-05 -2.170860e-05 -4.600700e-05 2.759626e-06
10402.725337 -2.829585e-05 -1.134080e-06 -9.880874e-08 -1.440980e-06 5.454881e-05 -3.619166e-05 -3.788395e-05 2.450733e-05
10403.343242 -2.828819e-05 -1.135331e-06 -9.901566e-08 -1.437114e-06 5.631092e-05 -3.639389e-05 -2.971262e-05 2.582753e-05
10403.989008 -2.824938e-05 -1.132021e-06 -9.923201e-08 -1.435376e-06 5.055425e-05 -2.631211e-05 -3.872559e-05 2.902372e-05
10404.662634 -2.826508e-05 -1.132311e-06 -9.963579e-08 -1.434812e-06 5.614355e-05 -1.806171e-05 -4.219689e-05 1.381220e-06
10405.364120 -2.826945e-05 -1.133730e-06 -9.990681e-08 -1.435417e-06 5.780865e-05 -5.615612e-06 -4.503763e-05 -8.673228e-06
10406.093467 -2.823050e-05 -1.130169e-06 -9.996280e-08 -1.437787e-06 4.496502e-05 1.386812e-05 -4.504330e-05 -1.008501e-05
10406.850674 -2.822999e-05 -1.130761e-06 -1.008181e-07 -1.440822e-06 5.237390e-05 1.340568e-05 -4.862372e-05 -1.240041e-05
10407.635741 -2.815502e-05 -1.124484e-06 -1.010480e-07 -1.443142e-06 6.348467e-05 1.869444e-05 -3.542709e-05 -1.524323e-05
10408.448669 -2.809646e-05 -1.118442e-06 -1.018764e-07 -1.445510e-06 5.364677e-05 3.053444e-05 -3.524609e-05 -1.842960e-05
10409.289457 -2.815617e-05 -1.122805e-06 -1.028295e-07 -1.450880e-06 5.410124e-05 2.408788e-05 -3.094477e-05 -1.907015e-05
10410.158106 -2.803298e-05 -1.113929e-06 -1.031071e-07 -1.452376e-06 5.536001e-05 2.712869e-05 -3.179987e-05 -1.638589e-05
10411.054614 -2.804197e-05 -1.113512e-06 -1.038660e-07 -1.459570e-06 6.351451e-05 3.304135e-05 -3.288955e-05 -1.216185e-05
10411.978983 -2.815723e-05 -1.121183e-06 -1.054413e-07 -1.471115e-06 6.320550e-05 4.685971e-05 -3.117147e-05 -1.861017e-05
10412.931213 -2.818134e-05 -1.122274e-06 -1.062729e-07 -1.481294e-06 5.350292e-05 5.394981e-05 -3.321385e-05 -1.394968e-05
10413.911303 -2.818786e-05 -1.120049e-06 -1.066711e-07 -1.491936e-06 4.849154e-05 7.380367e-05 -3.577864e-05 -7.060941e-06
10414.919253 -2.818260e-05 -1.116990e-06 -1.073179e-07 -1.504216e-06 4.987082e-05 5.896135e-05 -3.585583e-05 -6.155848e-06
10415.955064 -2.815218e-05 -1.113177e-06 -1.076185e-07 -1.516770e-06 5.032654e-05 5.585528e-05 -3.620990e-05 3.672702e-06
10417.018734 -2.807877e-05 -1.104415e-06 -1.071142e-07 -1.527783e-06 5.859621e-05 6.848224e-05 -3.400624e-05 6.882089e-06
10418.110266 -2.802367e-05 -1.096087e-06 -1.066952e-07 -1.537462e-06 6.597328e-05 6.297027e-05 -3.453414e-05 1.000321e-06
10419.232723 -2.806650e-05 -1.097649e-06 -1.070472e-07 -1.548200e-06 6.315231e-05 5.523358e-05 -3.549022e-05 -9.185828e-06
10420.367373 -2.805938e-05 -1.096265e-06 -1.068167e-07 -1.556223e-06 6.144531e-05 5.635036e-05 -3.607815e-05 -1.553913e-05
10421.514214 -2.809350e-05 -1.097816e-06 -1.065225e-07 -1.562021e-06 6.530326e-05 7.012907e-05 -3.168653e-05 -8.634216e-06
10422.673248 -2.807377e-05 -1.096302e-06 -1.063103e-07 -1.568741e-06 6.253635e-05 6.603433e-05 -2.851352e-05 -4.990455e-06
10423.844473 -2.806152e-05 -1.095266e-06 -1.063590e-07 -1.573408e-06 6.801199e-05 7.535451e-05 -2.833799e-05 -2.502679e-06
10425.027890 -2.805914e-05 -1.094770e-06 -1.060154e-07 -1.576238e-06 6.322328e-05 7.802895e-05 -3.195075e-05 4.143842e-06
10426.223499 -2.804980e-05 -1.094834e-06 -1.057904e-07 -1.578549e-06 6.836717e-05 7.279444e-05 -3.801102e-05 -9.411991e-06
10427.431300 -2.800336e-05 -1.092250e-06 -1.054150e-07 -1.580873e-06 5.971296e-05 6.620796e-05 -4.858496e-05 -8.412083e-06
10428.651293 -2.796223e-05 -1.087771e-06 -1.049239e-07 -1.581238e-06 5.064497e-05 7.017775e-05 -4.198997e-05 3.343463e-07
10429.883478 -2.791923e-05 -1.084373e-06 -1.049341e-07 -1.581055e-06 5.203195e-05 6.890876e-05 -3.835572e-05 3.884420e-06
10431.127855 -2.791539e-05 -1.083977e-06 -1.048395e-07 -1.583101e-06 4.816711e-05 5.965194e-05 -3.476267e-05 8.929671e-06
10432.384423 -2.796690e-05 -1.088596e-06 -1.051082e-07 -1.585942e-06 4.847855e-05 6.111495e-05 -2.582271e-05 7.775286e-06
10433.653184 -2.795976e-05 -1.088817e-06 -1.048526e-07 -1.588216e-06 6.296102e-05 7.861740e-05 -3.397610e-05 -1.458139e-06
10434.934136 -2.796347e-05 -1.089632e-06 -1.047921e-07 -1.588401e-06 6.456105e-05 8.551699e-05 -3.323953e-05 -3.951309e-06
10436.227280 -2.793817e-05 -1.090153e-06 -1.047133e-07 -1.588536e-06 5.643606e-05 7.290846e-05 -3.437728e-05 -4.349013e-06
10437.532617 -2.793477e-05 -1.091997e-06 -1.046926e-07 -1.587907e-06 6.119390e-05 7.686956e-05 -2.621999e-05 -8.121197e-06
10438.850145 -2.792926e-05 -1.093378e-06 -1.048629e-07 -1.586237e-06 6.610231e-05 6.468765e-05 -2.354460e-05 -7.371868e-06
10440.179865 -2.791078e-05 -1.093670e-06 -1.047650e-07 -1.584451e-06 6.749535e-05 6.618652e-05 -2.636636e-05 -2.080494e-05
10441.521777 -2.787722e-05 -1.093098e-06 -1.043950e-07 -1.582724e-06 6.516884e-05 8.544830e-05 -2.349392e-05 -1.421175e-05
10442.875881 -2.787439e-05 -1.095151e-06 -1.041319e-07 -1.579357e-06 6.590954e-05 8.684109e-05 -2.869899e-05 -1.516557e-05
10444.242177 -2.786607e-05 -1.096815e-06 -1.039468e-07 -1.576277e-06 5.642530e-05 9.026003e-05 -3.710708e-05 -1.170795e-05
10445.620664 -2.785803e-05 -1.096681e-06 -1.036924e-07 -1.573177e-06 6.291447e-05 9.291328e-05 -3.535678e-05 -4.418416e-06
10447.011344 -2.784093e-05 -1.098115e-06 -1.036731e-07 -1.570375e-06 6.449474e-05 1.027252e-04 -4.868510e-05 -2.305692e-06
10448.414215 -2.782214e-05 -1.098595e-06 -1.034864e-07 -1.566835e-06 7.520229e-05 8.895265e-05 -3.182216e-05 -4.628299e-06
10449.829279 -2.780769e-05 -1.100428e-06 -1.038590e-07 -1.563838e-06 6.359484e-05 5.842637e-05 -3.509141e-05 -1.119759e-05
10451.256534 -2.776967e-05 -1.099953e-06 -1.040309e-07 -1.561433e-06 5.854742e-05 5.719566e-05 -4.111987e-05 -8.440245e-06
10452.695981 -2.769826e-05 -1.097105e-06 -1.039892e-07 -1.558731e-06 5.987783e-05 6.477540e-05 -3.432848e-05 -2.848937e-06
10454.147620 -2.770180e-05 -1.100268e-06 -1.040692e-07 -1.556063e-06 4.713154e-05 8.466377e-05 -3.980087e-05 -1.831005e-06
10455.611452 -2.772396e-05 -1.103940e-06 -1.041839e-07 -1.552697e-06 4.183568e-05 9.645484e-05 -4.597003e-05 -6.407769e-06
10457.087475 -2.772741e-05 -1.106889e-06 -1.042806e-07 -1.549624e-06 3.402401e-05 8.830478e-05 -5.684489e-05 1.928212e-06
10458.575689 -2.767113e-05 -1.104490e-06 -1.041082e-07 -1.547208e-06 4.038046e-05 9.191319e-05 -5.407842e-05 1.156029e-06
10460.076096 -2.762227e-05 -1.103252e-06 -1.039789e-07 -1.545133e-06 4.490833e-05 8.691019e-05 -4.342997e-05 1.660113e-06
10461.588695 -2.762617e-05 -1.105267e-06 -1.039389e-07 -1.543917e-06 5.291579e-05 8.984415e-05 -5.757828e-05 -2.213159e-06
10463.113485 -2.762787e-05 -1.108346e-06 -1.039185e-07 -1.541934e-06 5.245619e-05 8.052232e-05 -4.859584e-05 -8.722334e-07
10464.650468 -2.763536e-05 -1.111576e-06 -1.038327e-07 -1.541060e-06 5.383254e-05 9.277856e-05 -3.591106e-05 1.616138e-06
10466.199642 -2.758859e-05 -1.109134e-06 -1.035246e-07 -1.540660e-06 5.625984e-05 9.817304e-05 -3.908256e-05 7.671719e-06
10467.761009 -2.757951e-05 -1.111300e-06 -1.035201e-07 -1.540575e-06 5.830816e-05 8.416919e-05 -3.115591e-05 1.863969e-05
10469.334567 -2.753936e-05 -1.107696e-06 -1.030854e-07 -1.541279e-06 5.362841e-05 1.015999e-04 -3.383632e-05 2.179233e-05
10470.920317 -2.747818e-05 -1.106353e-06 -1.033177e-07 -1.540344e-06 5.616093e-05 1.180560e-04 -3.434453e-05 1.769423e-05
10472.518259 -2.748671e-05 -1.109946e-06 -1.037983e-07 -1.540153e-06 5.973392e-05 1.218317e-04 -3.860458e-05 9.245758e-07
10474.128393 -2.753005e-05 -1.114954e-06 -1.040895e-07 -1.538936e-06 6.537292e-05 1.129063e-04 -4.219086e-05 7.812131e-06
10475.750719 -2.750471e-05 -1.116269e-06 -1.041184e-07 -1.538757e-06 5.848662e-05 9.191904e-05 -4.344830e-05 9.529726e-06
10477.385237 -2.748187e-05 -1.114191e-06 -1.041314e-07 -1.538143e-06 5.200353e-05 9.755498e-05 -3.657844e-05 7.230365e-06
10479.031946 -2.747547e-05 -1.117548e-06 -1.046937e-07 -1.537391e-06 5.295182e-05 9.393826e-05 -3.994500e-05 1.009044e-05
10480.690848 -2.745421e-05 -1.118374e-06 -1.051501e-07 -1.536942e-06 5.420173e-05 6.536912e-05 -4.953406e-05 4.455155e-06
10482.361942 -2.742801e-05 -1.118372e-06 -1.056688e-07 -1.536984e-06 5.174579e-05 5.740776e-05 -6.476561e-05 6.366499e-06
10484.045227 -2.739084e-05 -1.120826e-06 -1.064841e-07 -1.536141e-06 6.106700e-05 8.986561e-05 -5.614584e-05 1.280775e-05
10485.740704 -2.739944e-05 -1.121257e-06 -1.074252e-07 -1.537170e-06 6.983118e-05 1.000585e-04 -6.052347e-05 1.039552e-05
10487.448374 -2.738225e-05 -1.122230e-06 -1.082727e-07 -1.537794e-06 5.943092e-05 1.190142e-04 -5.593808e-05 7.179899e-06
10489.168235 -2.735173e-05 -1.123545e-06 -1.088196e-07 -1.539154e-06 5.434047e-05 1.013309e-04 -5.675910e-05 -1.327985e-06
10490.900288 -2.732036e-05 -1.121414e-06 -1.091040e-07 -1.540071e-06 6.161417e-05 1.052587e-04 -5.542023e-05 -1.076099e-05
10492.644533 -2.727750e-05 -1.120997e-06 -1.092853e-07 -1.541101e-06 5.829647e-05 9.182414e-05 -5.600186e-05 -4.081151e-06
10494.400970 -2.723957e-05 -1.118335e-06 -1.094775e-07 -1.541523e-06 5.828592e-05 9.177041e-05 -5.920051e-05 -3.161228e-06
10496.169598 -2.726343e-05 -1.121690e-06 -1.099542e-07 -1.543445e-06 5.223884e-05 8.528314e-05 -6.098533e-05 9.668508e-09
10497.950419 -2.725269e-05 -1.122878e-06 -1.102896e-07 -1.545890e-06 5.904286e-05 9.852162e-05 -6.125769e-05 -1.386910e-05
10499.743432 -2.722031e-05 -1.120950e-06 -1.103675e-07 -1.548156e-06 6.340370e-05 1.059353e-04 -6.168734e-05 -1.326514e-05
10501.548636 -2.719997e-05 -1.122719e-06 -1.106683e-07 -1.550309e-06 6.196796e-05 1.041099e-04 -5.748813e-05 -1.413881e-05
10503.366032 -2.715302e-05 -1.119055e-06 -1.106823e-07 -1.553631e-06 4.840588e-05 1.034293e-04 -6.905925e-05 -3.268012e-06
10505.195621 -2.710413e-05 -1.116888e-06 -1.106715e-07 -1.555187e-06 4.591603e-05 1.141430e-04 -5.928610e-05 5.603899e-08
10507.037401 -2.704858e-05 -1.115223e-06 -1.107652e-07 -1.558222e-06 4.919152e-05 1.122754e-04 -4.414268e-05 1.100519e-05
10508.891373 -2.699882e-05 -1.114251e-06 -1.104992e-07 -1.559024e-06 5.335032e-05 1.199284e-04 -4.336967e-05 -4.863923e-06
10510.757537 -2.698498e-05 -1.114802e-06 -1.101978e-07 -1.559819e-06 4.856456e-05 1.270027e-04 -4.843011e-05 -1.627618e-05
10512.635893 -2.693912e-05 -1.114829e-06 -1.101512e-07 -1.558604e-06 4.984477e-05 1.220191e-04 -4.995008e-05 -7.150528e-06
10514.526441 -2.687935e-05 -1.111703e-06 -1.095661e-07 -1.557404e-06 6.012937e-05 1.448334e-04 -4.836877e-05 -1.019820e-05
10516.429181 -2.694396e-05 -1.117309e-06 -1.097572e-07 -1.560510e-06 5.255809e-05 1.521097e-04 -4.079799e-05 -5.257502e-08
10518.344112 -2.691314e-05 -1.116914e-06 -1.093517e-07 -1.559930e-06 4.741077e-05 1.524964e-04 -3.553580e-05 -1.944324e-06
10520.271236 -2.678667e-05 -1.113704e-06 -1.086699e-07 -1.552987e-06 4.465787e-05 1.666232e-04 -4.280220e-05 -1.388729e-06
10522.210552 -2.684744e-05 -1.116100e-06 -1.087789e-07 -1.558980e-06 5.153312e-05 1.522696e-04 -4.881463e-05 1.784248e-06
10524.162059 -2.680622e-05 -1.116781e-06 -1.089087e-07 -1.558229e-06 6.402082e-05 1.528134e-04 -5.050485e-05 1.073724e-06
10526.125758 -2.670197e-05 -1.111984e-06 -1.083944e-07 -1.553953e-06 6.112341e-05 1.221452e-04 -4.915798e-05 -1.292497e-06
10528.101649 -2.661842e-05 -1.109922e-06 -1.080323e-07 -1.549008e-06 5.992244e-05 1.445645e-04 -4.361303e-05 1.168963e-05
10530.089733 -2.665549e-05 -1.115301e-06 -1.082198e-07 -1.548951e-06 5.669910e-05 1.238153e-04 -3.113877e-05 1.172488e-05
10532.090008 -2.673293e-05 -1.123885e-06 -1.089766e-07 -1.554190e-06 4.730209e-05 1.107182e-04 -4.028192e-05 8.601541e-06
10534.102475 -2.667786e-05 -1.122795e-06 -1.087159e-07 -1.552228e-06 4.202100e-05 1.079549e-04 -3.790604e-05 8.270765e-06
10536.127133 -2.661465e-05 -1.122553e-06 -1.085434e-07 -1.548996e-06 4.194558e-05 1.036140e-04 -4.452254e-05 7.241637e-06
10538.163984 -2.662219e-05 -1.122868e-06 -1.083770e-07 -1.550534e-06 3.685168e-05 1.103749e-04 -7.475500e-05 -2.872450e-06
10540.213027 -2.660076e-05 -1.126931e-06 -1.087232e-07 -1.549167e-06 5.090244e-05 9.512734e-05 -6.886004e-05 -2.360865e-06
10542.274261 -2.655035e-05 -1.122457e-06 -1.084421e-07 -1.547022e-06 4.729217e-05 8.071721e-05 -5.264851e-05 -5.000216e-06
10544.347688 -2.653213e-05 -1.124330e-06 -1.089462e-07 -1.545979e-06 5.106196e-05 1.056983e-04 -3.474628e-05 -1.947094e-06
10546.433306 -2.650201e-05 -1.126604e-06 -1.096413e-07 -1.545063e-06 3.953226e-05 1.221993e-04 -3.360218e-05 -6.791452e-06
10548.531117 -2.644150e-05 -1.123424e-06 -1.097679e-07 -1.543405e-06 3.731045e-05 1.243154e-04 -1.306743e-05 4.604482e-06
10550.641119 -2.640086e-05 -1.125044e-06 -1.101834e-07 -1.542246e-06 4.357361e-05 1.261763e-04 -3.306348e-05 8.412223e-07
10552.763313 -2.634553e-05 -1.124363e-06 -1.105039e-07 -1.539522e-06 4.278326e-05 1.308075e-04 -4.627304e-05 -2.142168e-06
10554.897699 -2.631999e-05 -1.125218e-06 -1.111336e-07 -1.538634e-06 4.411755e-05 1.163543e-04 -4.066583e-05 -1.896549e-06
10557.044277 -2.631143e-05 -1.128278e-06 -1.116900e-07 -1.538452e-06 4.853239e-05 1.115854e-04 -5.131340e-05 3.159865e-05
10559.203047 -2.626164e-05 -1.126440e-06 -1.114949e-07 -1.537099e-06 4.927245e-05 1.087556e-04 -4.207204e-05 6.119218e-05
10561.374008 -2.623621e-05 -1.128441e-06 -1.118872e-07 -1.535937e-06 4.537129e-05 1.301133e-04 -3.504869e-05 6.892951e-05
10563.557162 -2.622599e-05 -1.131548e-06 -1.122385e-07 -1.535591e-06 5.146659e-05 1.050952e-04 -4.510084e-05 6.089051e-05
10565.752508 -2.617635e-05 -1.130670e-06 -1.126049e-07 -1.534967e-06 5.123034e-05 1.025276e-04 -4.394293e-05 5.545449e-05
10567.960045 -2.609173e-05 -1.129323e-06 -1.131359e-07 -1.533035e-06 5.396871e-05 1.206544e-04 -4.599532e-05 5.135417e-05
10570.179775 -2.606133e-05 -1.129785e-06 -1.135658e-07 -1.532354e-06 4.754954e-05 1.173565e-04 -3.968563e-05 5.394123e-05
10572.411696 -2.604902e-05 -1.131808e-06 -1.139090e-07 -1.531582e-06 4.586346e-05 1.287512e-04 -3.494273e-05 5.095367e-05
10574.655809 -2.604513e-05 -1.136452e-06 -1.147159e-07 -1.530144e-06 5.547043e-05 1.374531e-04 -4.509258e-05 4.871999e-05
10576.912114 -2.598185e-05 -1.136186e-06 -1.153471e-07 -1.527793e-06 5.114910e-05 1.500645e-04 -4.057567e-05 3.898942e-05
10579.180611 -2.593206e-05 -1.134371e-06 -1.156766e-07 -1.525838e-06 4.849255e-05 1.408983e-04 -3.139290e-05 3.992505e-05
10581.461300 -2.586523e-05 -1.135015e-06 -1.159488e-07 -1.523725e-06 5.345429e-05 1.694583e-04 -3.026304e-05 4.614889e-05
10583.754181 -2.570809e-05 -1.125460e-06 -1.153815e-07 -1.518265e-06 6.427625e-05 1.478289e-04 -2.960605e-05 4.547681e-05
10586.059254 -2.565840e-05 -1.126997e-06 -1.153934e-07 -1.516061e-06 6.623851e-05 1.324624e-04 -2.839080e-05 4.592384e-05
10588.376518 -2.562584e-05 -1.128697e-06 -1.151743e-07 -1.513330e-06 6.153432e-05 1.283017e-04 -2.729167e-05 5.533551e-05
10590.705975 -2.551116e-05 -1.127132e-06 -1.148732e-07 -1.507357e-06 5.655936e-05 1.481532e-04 -2.873157e-05 5.083542e-05
10593.047623 -2.546619e-05 -1.131161e-06 -1.150259e-07 -1.504447e-06 5.415891e-05 1.451215e-04 -2.857006e-05 4.684658e-05
10595.401464 -2.545917e-05 -1.135105e-06 -1.151022e-07 -1.503910e-06 6.003461e-05 1.349221e-04 -2.684495e-05 4.730850e-05
10597.767496 -2.542894e-05 -1.134305e-06 -1.150909e-07 -1.504050e-06 4.573097e-05 1.209967e-04 -2.274173e-05 4.986523e-05
10600.145720 -2.543575e-05 -1.137067e-06 -1.154760e-07 -1.504929e-06 4.782934e-05 9.519684e-05 -3.108304e-05 5.986427e-05
10602.536136 -2.540738e-05 -1.138738e-06 -1.156184e-07 -1.502257e-06 5.482871e-05 8.734636e-05 -3.624399e-05 6.404066e-05
10604.938744 -2.534934e-05 -1.138884e-06 -1.156633e-07 -1.498560e-06 5.352042e-05 9.509288e-05 -4.164354e-05 6.344616e-05
10607.353544 -2.529854e-05 -1.141841e-06 -1.160049e-07 -1.495592e-06 6.061176e-05 9.155248e-05 -4.055094e-05 6.837960e-05
10609.780536 -2.525665e-05 -1.142925e-06 -1.160098e-07 -1.494060e-06 5.880982e-05 9.797218e-05 -3.257626e-05 6.248303e-05
10612.219720 -2.522774e-05 -1.144917e-06 -1.162999e-07 -1.492857e-06 5.862129e-05 1.167272e-04 -3.175465e-05 6.293610e-05
10614.671096 -2.523442e-05 -1.146654e-06 -1.164789e-07 -1.495983e-06 6.259961e-05 1.191141e-04 -2.905892e-05 5.786526e-05
10617.134663 -2.522942e-05 -1.148727e-06 -1.168712e-07 -1.499124e-06 5.870022e-05 1.313587e-04 -3.781171e-05 6.414481e-05
10619.610423 -2.519058e-05 -1.148656e-06 -1.169102e-07 -1.499478e-06 5.455307e-05 1.362803e-04 -3.972082e-05 6.514408e-05
10622.098374 -2.514853e-05 -1.148574e-06 -1.170158e-07 -1.498994e-06 5.708441e-05 1.171242e-04 -3.455352e-05 5.721223e-05
10624.598517 -2.510669e-05 -1.149394e-06 -1.173497e-07 -1.498444e-06 5.657616e-05 1.166832e-04 -3.130843e-05 5.246418e-05
10627.110852 -2.503346e-05 -1.148151e-06 -1.173690e-07 -1.495646e-06 5.934915e-05 1.057135e-04 -4.294593e-05 3.844802e-05
10629.635380 -2.500163e-05 -1.150053e-06 -1.174436e-07 -1.494642e-06 6.125783e-05 1.096877e-04 -6.134298e-05 -3.195466e-06
10632.172099 -2.497632e-05 -1.151623e-06 -1.175329e-07 -1.493888e-06 6.000333e-05 1.140057e-04 -4.321064e-05 -1.103317e-06
10634.721009 -2.491447e-05 -1.151321e-06 -1.174613e-07 -1.491213e-06 6.115851e-05 1.095063e-04 -2.918092e-05 -3.123849e-06
10637.282112 -2.485586e-05 -1.151986e-06 -1.177949e-07 -1.489254e-06 6.406416e-05 1.027267e-04 -3.371668e-05 -3.857753e-06
10639.855407 -2.480390e-05 -1.151739e-06 -1.181443e-07 -1.487837e-06 6.556025e-05 8.965591e-05 -3.014407e-05 5.084614e-07
10642.440894 -2.469825e-05 -1.148761e-06 -1.181925e-07 -1.484169e-06 5.393897e-05 9.179533e-05 -3.803312e-05 1.486040e-06
10645.038572 -2.461763e-05 -1.148897e-06 -1.183477e-07 -1.479703e-06 5.655279e-05 7.334127e-05 -3.690192e-05 1.575908e-07
10647.648443 -2.459203e-05 -1.149416e-06 -1.185689e-07 -1.478423e-06 5.343372e-05 8.173792e-05 -4.085559e-05 3.697420e-06
10650.270505 -2.458161e-05 -1.155433e-06 -1.195294e-07 -1.477617e-06 5.091148e-05 7.634490e-05 -4.231626e-05 7.477115e-06
10652.904759 -2.451999e-05 -1.155075e-06 -1.196172e-07 -1.473800e-06 6.179401e-05 4.507390e-05 -4.233785e-05 9.125973e-06
10655.551205 -2.445525e-05 -1.154997e-06 -1.199159e-07 -1.471123e-06 6.432655e-05 4.902081e-05 -3.484306e-05 1.870219e-05
10658.209844 -2.432305e-05 -1.153841e-06 -1.199568e-07 -1.464509e-06 5.143970e-05 6.117986e-05 -3.566134e-05 1.148965e-05
10660.880674 -2.431507e-05 -1.156176e-06 -1.205121e-07 -1.465131e-06 5.080732e-05 6.385992e-05 -3.538052e-05 9.325600e-06
10663.563696 -2.432488e-05 -1.160633e-06 -1.215268e-07 -1.465843e-06 5.394923e-05 6.800359e-05 -3.123537e-05 7.945249e-06
10666.258909 -2.426676e-05 -1.160933e-06 -1.218380e-07 -1.462623e-06 6.038858e-05 5.259987e-05 -3.525690e-05 1.502252e-05
10668.966315 -2.420240e-05 -1.161592e-06 -1.222295e-07 -1.459112e-06 5.863288e-05 6.034159e-05 -4.639384e-05 -1.051885e-06
10671.685913 -2.411060e-05 -1.159102e-06 -1.222777e-07 -1.455468e-06 6.781071e-05 6.952807e-05 -3.173299e-05 3.152662e-06
10674.417702 -2.400555e-05 -1.156366e-06 -1.224967e-07 -1.450998e-06 6.463208e-05 6.922593e-05 -2.615329e-05 -2.630140e-07
10677.161684 -2.391129e-05 -1.154208e-06 -1.223161e-07 -1.447164e-06 5.752713e-05 5.086190e-05 -2.229065e-05 6.537006e-06
10679.917857 -2.382509e-05 -1.153950e-06 -1.221508e-07 -1.441506e-06 6.988065e-05 5.144896e-05 -3.103022e-05 1.188996e-06
10682.686222 -2.377764e-05 -1.157004e-06 -1.224444e-07 -1.437245e-06 5.996244e-05 5.093786e-05 -3.987435e-05 -5.421859e-06
10685.466780 -2.369677e-05 -1.156204e-06 -1.226228e-07 -1.432460e-06 5.157634e-05 5.330870e-05 -5.549531e-05 -9.188260e-06
10688.259529 -2.356814e-05 -1.151634e-06 -1.224318e-07 -1.426673e-06 5.584974e-05 6.795755e-05 -5.331391e-05 -2.670861e-06
10691.064470 -2.348038e-05 -1.149834e-06 -1.226134e-07 -1.423450e-06 6.334752e-05 7.497863e-05 -5.346695e-05 5.894275e-07
10693.881602 -2.350457e-05 -1.153374e-06 -1.231199e-07 -1.425508e-06 6.556028e-05 8.154933e-05 -5.256941e-05 -2.222399e-06
10696.710927 -2.348004e-05 -1.152894e-06 -1.230585e-07 -1.425927e-06 6.778830e-05 6.901159e-05 -5.106997e-05 1.971469e-06
10699.552444 -2.337985e-05 -1.149736e-06 -1.230398e-07 -1.421879e-06 6.417173e-05 6.389575e-05 -4.878621e-05 2.600830e-06
10702.406153 -2.320476e-05 -1.141866e-06 -1.224324e-07 -1.413840e-06 5.523962e-05 5.583592e-05 -5.606206e-05 5.996367e-06
10705.272053 -2.311692e-05 -1.138782e-06 -1.220535e-07 -1.410365e-06 5.780793e-05 4.026989e-05 -5.117948e-05 8.497557e-06
10708.150146 -2.314523e-05 -1.143596e-06 -1.221958e-07 -1.412244e-06 4.683129e-05 6.044029e-05 -5.516644e-05 1.040276e-05
10711.040430 -2.317824e-05 -1.150135e-06 -1.227292e-07 -1.413883e-06 4.416969e-05 5.530495e-05 -5.299576e-05 1.861266e-05
10713.942906 -2.311994e-05 -1.148705e-06 -1.227318e-07 -1.411884e-06 4.303626e-05 4.556346e-05 -6.636313e-05 8.197517e-06
10716.857574 -2.302667e-05 -1.144804e-06 -1.225996e-07 -1.408661e-06 3.836585e-05 5.355847e-05 -5.420029e-05 1.700679e-05
10719.784435 -2.296623e-05 -1.145226e-06 -1.227315e-07 -1.405922e-06 4.883332e-05 4.073256e-05 -5.265902e-05 1.020137e-05
10722.723487 -2.290633e-05 -1.145498e-06 -1.229231e-07 -1.402879e-06 6.011657e-05 5.473361e-05 -4.524826e-05 -9.320671e-06
10725.674730 -2.283469e-05 -1.145268e-06 -1.231380e-07 -1.399742e-06 5.491830e-05 5.230512e-05 -1.313162e-05 -3.953006e-06
10728.638166 -2.275177e-05 -1.143202e-06 -1.230853e-07 -1.394844e-06 6.871225e-05 3.304349e-05 -1.454156e-05 5.323184e-06
10731.613794 -2.266976e-05 -1.141444e-06 -1.228975e-07 -1.391406e-06 5.341848e-05 3.748532e-05 -2.260323e-05 2.365810e-06
10734.601614 -2.263479e-05 -1.142811e-06 -1.232241e-07 -1.390523e-06 5.473590e-05 5.650503e-05 -2.209788e-05 4.247721e-06
10737.601625 -2.259171e-05 -1.145313e-06 -1.234398e-07 -1.388218e-06 5.567432e-05 6.187424e-05 -1.485407e-05 2.616077e-06
10740.613829 -2.250032e-05 -1.142096e-06 -1.231165e-07 -1.384701e-06 4.987076e-05 4.629059e-05 -1.478961e-05 -2.101610e-06
10743.638224 -2.241190e-05 -1.140139e-06 -1.228958e-07 -1.380641e-06 5.455750e-05 2.726416e-05 -1.543432e-05 -1.769203e-06
10746.674811 -2.231502e-05 -1.138291e-06 -1.230197e-07 -1.375808e-06 5.809233e-05 4.912452e-05 -2.588155e-05 -4.809774e-06
10749.723590 -2.227466e-05 -1.141180e-06 -1.238398e-07 -1.373241e-06 4.693182e-05 4.508161e-05 -4.011418e-05 -2.471985e-06
10752.784561 -2.218583e-05 -1.138629e-06 -1.239573e-07 -1.368649e-06 5.678500e-05 4.772036e-05 -3.977370e-05 -5.849488e-06
10755.857724 -2.203492e-05 -1.133509e-06 -1.237499e-07 -1.361378e-06 6.643663e-05 3.047327e-05 -3.583139e-05 -6.337013e-06
10758.943079 -2.197703e-05 -1.133723e-06 -1.237929e-07 -1.358927e-06 6.109429e-05 5.293226e-05 -3.213648e-05 -9.355456e-06
10762.040626 -2.195725e-05 -1.136982e-06 -1.241553e-07 -1.358644e-06 6.560357e-05 4.753843e-05 -3.476480e-05 -1.090692e-05
10765.150365 -2.188832e-05 -1.136463e-06 -1.238411e-07 -1.355167e-06 6.438150e-05 3.693997e-05 -3.160724e-05 -1.264235e-05
10768.272295 -2.181803e-05 -1.135827e-06 -1.235386e-07 -1.350924e-06 7.176131e-05 5.666237e-05 -3.049198e-05 -8.009727e-07
10771.406418 -2.174050e-05 -1.134836e-06 -1.233986e-07 -1.346269e-06 6.324392e-05 5.028855e-05 -3.523629e-05 5.221225e-06
10774.552732 -2.163828e-05 -1.131708e-06 -1.233525e-07 -1.340798e-06 6.158571e-05 5.265179e-05 -3.441153e-05 3.323550e-06
10777.711239 -2.152118e-05 -1.126792e-06 -1.235772e-07 -1.335038e-06 6.046936e-05 2.882158e-05 -3.969858e-05 4.580726e-06
10780.881937 -2.146190e-05 -1.127530e-06 -1.241005e-07 -1.331531e-06 5.713037e-05 4.919656e-05 -2.602286e-05 1.503107e-05
10784.064827 -2.137099e-05 -1.125118e-06 -1.246446e-07 -1.327034e-06 5.570451e-05 6.685904e-05 -1.867348e-05 1.086110e-05
10787.259909 -2.124719e-05 -1.120365e-06 -1.250989e-07 -1.321664e-06 5.312012e-05 4.366112e-05 -2.890967e-05 9.273001e-06
10790.467183 -2.112768e-05 -1.115580e-06 -1.252401e-07 -1.316063e-06 5.400197e-05 4.416438e-05 -3.451232e-05 1.013930e-05
10793.686649 -2.099308e-05 -1.108891e-06 -1.251080e-07 -1.309683e-06 5.041510e-05 5.111881e-05 -4.022046e-05 1.141737e-05
10796.918307 -2.092190e-05 -1.108577e-06 -1.253542e-07 -1.304992e-06 5.272742e-05 6.523497e-05 -4.034936e-05 5.622794e-06
10800.162157 -2.086160e-05 -1.109559e-06 -1.256538e-07 -1.301139e-06 5.505651e-05 7.586778e-05 -3.698860e-05 1.660077e-06
10803.418198 -2.074415e-05 -1.104509e-06 -1.253500e-07 -1.295315e-06 4.470727e-05 8.026640e-05 -3.197401e-05 -2.269190e-06
10806.686432 -2.055672e-05 -1.095752e-06 -1.246522e-07 -1.285009e-06 4.751440e-05 9.921212e-05 -3.423474e-05 -5.129188e-06
10809.966857 -2.050543e-05 -1.096200e-06 -1.248530e-07 -1.283055e-06 5.183707e-05 8.547513e-05 -3.491193e-05 8.890746e-06
10813.259474 -2.044097e-05 -1.094272e-06 -1.248695e-07 -1.279900e-06 5.304412e-05 8.363837e-05 -4.086702e-05 3.751462e-06
10816.564284 -2.030354e-05 -1.089356e-06 -1.244383e-07 -1.272304e-06 5.371297e-05 7.078256e-05 -3.552076e-05 -6.565419e-06
10819.881285 -2.027178e-05 -1.092965e-06 -1.244781e-07 -1.270438e-06 5.378417e-05 9.654342e-05 -3.722835e-05 -5.816215e-06
10823.210478 -2.018002e-05 -1.090853e-06 -1.240846e-07 -1.265303e-06 5.738765e-05 9.568304e-05 -4.293824e-05 -6.081672e-06
10826.551863 -2.009501e-05 -1.090763e-06 -1.239276e-07 -1.260411e-06 5.337803e-05 8.099802e-05 -3.864698e-05 -4.841795e-06
10829.905440 -1.992431e-05 -1.081417e-06 -1.227403e-07 -1.251828e-06 4.783459e-05 7.626489e-05 -3.557461e-05 -4.854163e-06
10833.271209 -1.983113e-05 -1.080073e-06 -1.223170e-07 -1.246085e-06 5.260713e-05 7.545036e-05 -3.341556e-05 -7.966739e-06
10836.649169 -1.976791e-05 -1.080235e-06 -1.221167e-07 -1.242193e-06 5.838567e-05 6.974268e-05 -3.138330e-05 -8.230212e-06
10840.039322 -1.968135e-05 -1.079202e-06 -1.218072e-07 -1.237286e-06 5.606460e-05 8.155866e-05 -3.922051e-05 -5.355821e-06
10843.441666 -1.956318e-05 -1.073742e-06 -1.211514e-07 -1.230727e-06 5.459660e-05 8.577517e-05 -4.528278e-05 -8.573217e-06
10846.856203 -1.945097e-05 -1.070310e-06 -1.209140e-07 -1.224494e-06 5.852611e-05 9.684194e-05 -3.715810e-05 -1.637900e-05
10850.282931 -1.931003e-05 -1.063607e-06 -1.203517e-07 -1.217261e-06 5.156322e-05 1.106765e-04 -3.387318e-05 -4.195468e-08
10853.721851 -1.914404e-05 -1.057243e-06 -1.200934e-07 -1.207822e-06 3.883858e-05 1.094267e-04 -2.452750e-05 3.879224e-06
10857.172964 -1.908650e-05 -1.057237e-06 -1.203223e-07 -1.205153e-06 5.200245e-05 6.917764e-05 -2.778957e-05 4.016564e-06
10860.636268 -1.895996e-05 -1.053008e-06 -1.203771e-07 -1.197977e-06 5.490476e-05 6.233230e-05 -2.703777e-05 -2.454365e-06
10864.111764 -1.885349e-05 -1.048799e-06 -1.203251e-07 -1.191964e-06 4.890160e-05 6.113191e-05 -1.909411e-05 -3.874705e-06
10867.599451 -1.871847e-05 -1.042139e-06 -1.198946e-07 -1.184288e-06 4.305589e-05 6.225777e-05 -2.955593e-05 1.503144e-06
10871.099331 -1.860379e-05 -1.038400e-06 -1.197508e-07 -1.178110e-06 5.333780e-05 8.326309e-05 -2.278710e-05 4.069668e-05
10874.611403 -1.847348e-05 -1.034395e-06 -1.193693e-07 -1.170616e-06 5.124663e-05 7.374165e-05 -2.307233e-05 3.262510e-05
10878.135666 -1.832375e-05 -1.028156e-06 -1.188721e-07 -1.162366e-06 6.817631e-05 6.167989e-05 -3.044007e-05 -8.429813e-07
10881.672122 -1.822467e-05 -1.025575e-06 -1.186557e-07 -1.157316e-06 5.687378e-05 4.844861e-05 -2.643644e-05 -4.938614e-06
10885.220769 -1.811856e-05 -1.021938e-06 -1.184557e-07 -1.151621e-06 4.705162e-05 6.170048e-05 -4.120340e-05 -3.774129e-06
10888.781609 -1.802319e-05 -1.020584e-06 -1.184847e-07 -1.145379e-06 5.008050e-05 7.011961e-05 -3.458898e-05 -2.286949e-07
10892.354640 -1.788598e-05 -1.014690e-06 -1.180229e-07 -1.137457e-06 4.501333e-05 5.893468e-05 -3.935295e-05 1.886997e-06
10895.939863 -1.772913e-05 -1.008272e-06 -1.179204e-07 -1.129167e-06 4.405084e-05 7.321783e-05 -4.991756e-05 -1.247129e-05
10899.537278 -1.764069e-05 -1.007155e-06 -1.183278e-07 -1.123625e-06 3.644817e-05 8.123721e-05 -4.961155e-05 -5.689098e-06
10903.146885 -1.751068e-05 -1.001687e-06 -1.183787e-07 -1.116267e-06 3.701559e-05 6.618617e-05 -4.010458e-05 -1.249704e-05
10906.768684 -1.739869e-05 -9.969905e-07 -1.186351e-07 -1.110263e-06 3.504941e-05 6.811368e-05 -3.561813e-05 -1.227722e-05
10910.402675 -1.727824e-05 -9.922477e-07 -1.187781e-07 -1.103868e-06 4.329623e-05 6.740113e-05 -2.927349e-05 -9.764864e-06
10914.048857 -1.715496e-05 -9.879285e-07 -1.185637e-07 -1.096681e-06 4.454227e-05 6.238064e-05 -3.533887e-05 -9.528137e-06
10917.707232 -1.700005e-05 -9.800350e-07 -1.176060e-07 -1.088292e-06 4.900472e-05 6.331623e-05 -4.308548e-05 -2.064228e-06
10921.377799 -1.682780e-05 -9.705797e-07 -1.168324e-07 -1.078726e-06 4.312072e-05 6.241421e-05 -3.921075e-05 -6.316305e-08
10925.060557 -1.670220e-05 -9.647199e-07 -1.163591e-07 -1.071614e-06 4.456526e-05 7.789048e-05 -3.121744e-05 6.365018e-06
10928.755507 -1.657895e-05 -9.599781e-07 -1.160028e-07 -1.064070e-06 3.931436e-05 5.577398e-05 -3.293995e-05 -6.064548e-06
10932.462650 -1.646698e-05 -9.569272e-07 -1.159969e-07 -1.056950e-06 5.060200e-05 4.829651e-05 -3.176036e-05 -1.990738e-05
10936.181984 -1.634900e-05 -9.528429e-07 -1.157651e-07 -1.049599e-06 5.555422e-05 7.205060e-05 -3.174154e-05 -2.712712e-05
10939.913510 -1.621381e-05 -9.471619e-07 -1.149158e-07 -1.041615e-06 5.024411e-05 6.254138e-05 -2.530185e-05 -1.903973e-05
10943.657228 -1.607510e-05 -9.409764e-07 -1.141601e-07 -1.033895e-06 4.044472e-05 5.274958e-05 -3.115357e-05 -2.503572e-05
10947.413138 -1.593174e-05 -9.339834e-07 -1.133056e-07 -1.025544e-06 3.626664e-05 5.090432e-05 -3.557026e-05 -2.346080e-05
10951.181239 -1.576463e-05 -9.264615e-07 -1.122396e-07 -1.015296e-06 3.478286e-05 5.541385e-05 -3.536464e-05 -8.602310e-06
10954.961533 -1.563791e-05 -9.209266e-07 -1.115637e-07 -1.008146e-06 4.011479e-05 4.360284e-05 -2.241049e-05 -6.107551e-06
10958.754019 -1.549542e-05 -9.128400e-07 -1.108776e-07 -1.000206e-06 3.671903e-05 5.023538e-05 -2.866155e-05 -9.356123e-06
10962.558696 -1.531303e-05 -9.034310e-07 -1.097978e-07 -9.900604e-07 3.677606e-05 6.292211e-05 -2.991542e-05 -1.418341e-05
10966.375565 -1.528373e-05 -9.053100e-07 -1.097407e-07 -9.885443e-07 3.193932e-05 5.690544e-05 -3.891082e-05 -8.385991e-06
10970.204627 -1.520121e-05 -9.028980e-07 -1.094396e-07 -9.836398e-07 2.399624e-05 4.679121e-05 -4.574113e-05 -1.428680e-05
10974.045880 -1.505518e-05 -8.954320e-07 -1.082309e-07 -9.752912e-07 2.936112e-05 2.820533e-05 -3.218155e-05 -9.008390e-06
10977.899325 -1.491554e-05 -8.892133e-07 -1.071643e-07 -9.668944e-07 2.105756e-05 3.322861e-05 -3.003844e-05 -1.020674e-05
10981.764962 -1.478501e-05 -8.836951e-07 -1.064743e-07 -9.592289e-07 2.604430e-05 5.041020e-05 -4.185252e-05 -1.860953e-05
10985.642791 -1.464559e-05 -8.780648e-07 -1.058227e-07 -9.509360e-07 2.922762e-05 4.836657e-05 -3.515911e-05 -1.829325e-05
10989.532812 -1.451040e-05 -8.698716e-07 -1.053078e-07 -9.434715e-07 3.048169e-05 2.381005e-05 -3.303346e-05 -1.622197e-05
10993.435025 -1.438212e-05 -8.630444e-07 -1.052586e-07 -9.364414e-07 2.792722e-05 1.474612e-05 -3.526970e-05 -2.186431e-05
10997.349429 -1.426055e-05 -8.581413e-07 -1.052043e-07 -9.294241e-07 2.837688e-05 -2.576569e-06 -3.016241e-05 -6.958370e-06
11001.276026 -1.412051e-05 -8.510375e-07 -1.047570e-07 -9.211443e-07 2.833956e-05 2.077415e-06 -2.965574e-05 -1.760379e-05
11005.214814 -1.402266e-05 -8.478870e-07 -1.046931e-07 -9.153513e-07 2.968076e-05 1.374045e-05 -4.354761e-05 -2.525964e-05
11009.165795 -1.385398e-05 -8.393338e-07 -1.038728e-07 -9.053842e-07 3.560744e-05 1.638416e-06 -3.447256e-05 -2.770668e-05
11013.128967 -1.372439e-05 -8.331316e-07 -1.034709e-07 -8.976041e-07 3.841957e-05 -6.416789e-06 -2.695648e-05 -2.893140e-05
11017.104331 -1.363190e-05 -8.293679e-07 -1.033026e-07 -8.922135e-07 3.759855e-05 2.425504e-06 -2.500421e-05 -3.987490e-05
11021.091888 -1.347741e-05 -8.213370e-07 -1.026757e-07 -8.833772e-07 3.520507e-05 3.074439e-06 -1.230513e-05 -3.035022e-05
11025.091636 -1.335266e-05 -8.148947e-07 -1.024439e-07 -8.766932e-07 3.702393e-05 5.965318e-06 -2.538918e-05 -2.562639e-05
11029.103575 -1.324517e-05 -8.104707e-07 -1.022689e-07 -8.712036e-07 4.348185e-05 1.420617e-05 -3.483730e-05 -2.951482e-05
11033.127707 -1.314865e-05 -8.066924e-07 -1.019252e-07 -8.657216e-07 4.617031e-05 2.599480e-05 -3.535776e-05 -3.692162e-05
11037.164031 -1.301611e-05 -8.000439e-07 -1.016576e-07 -8.583068e-07 5.037022e-05 3.399445e-05 -3.828998e-05 -3.889890e-05
11041.212547 -1.289625e-05 -7.936266e-07 -1.013146e-07 -8.511958e-07 3.876657e-05 1.137714e-05 -3.981642e-05 -3.180030e-05
11045.273254 -1.277465e-05 -7.873520e-07 -1.009924e-07 -8.440938e-07 3.041513e-05 8.265383e-06 -4.070542e-05 -3.789130e-05
11049.346154 -1.259307e-05 -7.759541e-07 -9.986283e-08 -8.334110e-07 2.451059e-05 1.853365e-05 -3.607894e-05 -3.531275e-05
11053.431245 -1.245749e-05 -7.684352e-07 -9.880595e-08 -8.255050e-07 3.596396e-05 3.243666e-05 -3.942381e-05 -3.555850e-05
11057.528529 -1.240179e-05 -7.671878e-07 -9.884413e-08 -8.224062e-07 2.810867e-05 2.625126e-05 -4.332423e-05 -3.636955e-05
11061.638004 -1.225604e-05 -7.600424e-07 -9.848469e-08 -8.132962e-07 3.473302e-05 2.420452e-05 -4.619424e-05 -3.381602e-05
11065.759671 -1.214591e-05 -7.549919e-07 -9.788644e-08 -8.074554e-07 4.536069e-05 2.665088e-05 -5.040152e-05 -2.678242e-05
11069.893530 -1.206023e-05 -7.514312e-07 -9.729683e-08 -8.030181e-07 4.804412e-05 2.502176e-05 -5.659287e-05 -2.391303e-05
11074.039581 -1.195932e-05 -7.462879e-07 -9.641742e-08 -7.975853e-07 4.401520e-05 2.415034e-05 -5.065998e-05 -1.903949e-05
11078.197824 -1.184426e-05 -7.407079e-07 -9.578597e-08 -7.911126e-07 3.214016e-05 3.132760e-05 -4.192976e-05 -2.922872e-05
11082.368258 -1.172356e-05 -7.341734e-07 -9.470054e-08 -7.844205e-07 3.011993e-05 2.581821e-05 -4.520366e-05 -3.562674e-05
11086.550885 -1.159420e-05 -7.259381e-07 -9.336569e-08 -7.771823e-07 3.492975e-05 2.436848e-05 -3.518884e-05 -2.767682e-05
11090.745704 -1.147939e-05 -7.194730e-07 -9.272761e-08 -7.706830e-07 4.057894e-05 3.181358e-05 -3.591146e-05 -2.326211e-05
11094.952714 -1.137118e-05 -7.142165e-07 -9.199169e-08 -7.645420e-07 4.679162e-05 2.573122e-06 -4.706196e-05 -2.569901e-05
11099.171916 -1.125063e-05 -7.080297e-07 -9.114247e-08 -7.573354e-07 4.903698e-05 9.239915e-06 -4.759261e-05 -2.200085e-05
11103.403311 -1.112673e-05 -7.016809e-07 -9.040190e-08 -7.497722e-07 4.836967e-05 1.066603e-05 -4.933020e-05 -2.415504e-05
11107.646897 -1.103027e-05 -6.968697e-07 -8.993694e-08 -7.444352e-07 5.797733e-05 8.209506e-06 -5.688447e-05 -3.461379e-05
11111.902675 -1.093150e-05 -6.918299e-07 -8.978866e-08 -7.385967e-07 5.414160e-05 7.406244e-06 -5.856323e-05 -3.540066e-05
11116.170645 -1.081512e-05 -6.848976e-07 -8.930317e-08 -7.320405e-07 4.083053e-05 -1.774991e-05 -5.837088e-05 -3.161811e-05
11120.450807 -1.070185e-05 -6.783898e-07 -8.861784e-08 -7.257586e-07 3.354893e-05 -1.019984e-05 -5.539517e-05 -3.478206e-05
11124.743161 -1.055098e-05 -6.703623e-07 -8.775757e-08 -7.166688e-07 2.469862e-05 -1.092035e-05 -5.408302e-05 -3.675987e-05
11129.047707 -1.046857e-05 -6.662794e-07 -8.752092e-08 -7.128626e-07 2.726890e-05 3.544305e-05 -5.415560e-05 -3.579349e-05
11133.364444 -1.035651e-05 -6.615958e-07 -8.729832e-08 -7.062008e-07 2.554042e-05 1.285000e-05 -5.153826e-05 -3.779979e-05
11137.693374 -1.026857e-05 -6.579231e-07 -8.709807e-08 -7.010006e-07 3.288704e-05 -7.445969e-06 -4.265329e-05 -4.162832e-05
11142.034495 -1.019376e-05 -6.551749e-07 -8.682172e-08 -6.967649e-07 3.692925e-05 -8.683370e-06 -3.844040e-05 -4.693356e-05
11146.387809 -1.012415e-05 -6.528937e-07 -8.664586e-08 -6.926924e-07 3.892408e-05 -2.563638e-06 -3.744989e-05 -3.819339e-05
11150.753314 -1.001999e-05 -6.481391e-07 -8.623046e-08 -6.862959e-07 3.295602e-05 -3.198531e-06 -3.891033e-05 -3.568388e-05
11155.131011 -9.892893e-06 -6.420780e-07 -8.570825e-08 -6.786322e-07 3.007693e-05 -1.015876e-05 -3.985665e-05 -2.953215e-05
11159.520900 -9.693428e-06 -6.298313e-07 -8.447897e-08 -6.661620e-07 2.688368e-05 -7.285166e-06 -4.383076e-05 -3.494014e-05
11163.922981 -9.627030e-06 -6.273881e-07 -8.411664e-08 -6.612077e-07 3.612991e-05 6.520500e-06 -4.511746e-05 -2.945683e-05
11168.337254 -9.559811e-06 -6.276652e-07 -8.432692e-08 -6.582968e-07 3.122823e-05 1.609845e-05 -4.835460e-05 -2.209710e-05
11172.763719 -9.553054e-06 -6.272098e-07 -8.485999e-08 -6.582364e-07 4.053698e-05 2.141065e-05 -4.043258e-05 -1.451903e-05
11177.202376 -9.494946e-06 -6.250614e-07 -8.485887e-08 -6.545796e-07 3.937382e-05 -1.535203e-05 -4.566373e-05 1.571405e-05
11181.653224 -9.401901e-06 -6.208756e-07 -8.498086e-08 -6.486568e-07 3.959725e-05 -1.710096e-06 -4.566239e-05 3.021314e-06
11186.116265 -9.281842e-06 -6.148029e-07 -8.433912e-08 -6.412025e-07 4.049365e-05 1.136847e-05 -3.386889e-05 5.042487e-06
11190.591497 -9.183609e-06 -6.098467e-07 -8.398119e-08 -6.351108e-07 4.326554e-05 1.674444e-05 -4.181374e-05 1.923397e-05
11195.078922 -9.051273e-06 -6.025545e-07 -8.303030e-08 -6.266886e-07 3.353951e-05 3.673050e-06 -3.381816e-05 2.192530e-05
11199.578538 -8.947203e-06 -5.970393e-07 -8.266305e-08 -6.203469e-07 4.487774e-05 -1.385124e-05 -3.270100e-05 2.471496e-05
11204.090346 -8.931846e-06 -5.980920e-07 -8.279370e-08 -6.198878e-07 6.050137e-05 3.664974e-07 -3.936878e-05 4.148369e-05
11208.614346 -8.860341e-06 -5.949083e-07 -8.249476e-08 -6.160521e-07 5.452859e-05 3.413472e-05 -3.395032e-05 3.743587e-05
11213.150538 -8.759286e-06 -5.899949e-07 -8.178402e-08 -6.098940e-07 4.559465e-05 1.167368e-05 -3.299730e-05 2.910330e-05
11217.698922 -8.639299e-06 -5.829128e-07 -8.099830e-08 -6.022689e-07 4.523729e-05 1.691496e-05 -4.000588e-05 3.456449e-05
11222.259498 -8.584803e-06 -5.810108e-07 -8.097365e-08 -5.993692e-07 4.543348e-05 1.626303e-05 -4.760534e-05 3.434659e-05
11226.832266 -8.480614e-06 -5.751380e-07 -7.998293e-08 -5.930699e-07 4.315921e-05 1.658498e-05 -5.029116e-05 3.177056e-05
11231.417226 -8.418455e-06 -5.725979e-07 -7.965452e-08 -5.894944e-07 4.418795e-05 1.644120e-06 -6.035552e-05 3.805673e-05
11236.014377 -8.343734e-06 -5.691390e-07 -7.903085e-08 -5.851754e-07 4.335992e-05 2.847016e-05 -4.864562e-05 3.531336e-05
11240.623721 -8.250679e-06 -5.641444e-07 -7.862002e-08 -5.798945e-07 3.916106e-05 1.477715e-05 -5.866118e-05 2.985617e-05
11245.245256 -8.162009e-06 -5.592126e-07 -7.784356e-08 -5.747276e-07 4.915912e-05 9.421589e-06 -6.056637e-05 2.951942e-05
11249.878983 -8.066923e-06 -5.537275e-07 -7.731980e-08 -5.688321e-07 5.323820e-05 2.978124e-05 -4.889852e-05 3.304546e-05
11254.524902 -7.986309e-06 -5.490043e-07 -7.676140e-08 -5.640166e-07 5.887734e-05 3.850417e-05 -3.764428e-05 3.589230e-05
11259.183013 -7.898933e-06 -5.438017e-07 -7.615709e-08 -5.587111e-07 4.842974e-05 1.932369e-05 -3.916839e-05 9.503151e-06
11263.853316 -7.803918e-06 -5.378574e-07 -7.545551e-08 -5.531612e-07 4.266706e-05 2.802491e-05 -3.081010e-05 -1.105026e-05
11268.535811 -7.713994e-06 -5.322486e-07 -7.498160e-08 -5.479156e-07 4.491893e-05 5.105990e-05 -2.928039e-05 -2.612926e-06
11273.230498 -7.640823e-06 -5.281887e-07 -7.474326e-08 -5.438748e-07 4.357947e-05 5.629953e-05 -2.931946e-05 -5.960921e-06
11277.937377 -7.551825e-06 -5.228753e-07 -7.426421e-08 -5.386754e-07 4.769402e-05 3.737037e-05 -4.627469e-05 -9.485022e-06
11282.656448 -7.471698e-06 -5.178118e-07 -7.388915e-08 -5.334271e-07 5.992065e-05 3.674262e-05 -4.395782e-05 -3.340748e-06
11287.387710 -7.399053e-06 -5.135465e-07 -7.337733e-08 -5.291259e-07 4.589095e-05 4.550006e-05 -3.603652e-05 -6.288302e-06
11292.131165 -7.305179e-06 -5.074937e-07 -7.295384e-08 -5.232855e-07 4.597554e-05 4.140849e-05 -3.897666e-05 -4.077526e-06
11296.886811 -7.227308e-06 -5.031077e-07 -7.252659e-08 -5.186316e-07 3.702306e-05 4.973789e-05 -2.742476e-05 -1.666027e-06
11301.654649 -7.113563e-06 -4.961900e-07 -7.159948e-08 -5.113612e-07 3.279360e-05 4.191036e-05 -2.723466e-05 -6.940773e-06
11306.434679 -7.002358e-06 -4.894213e-07 -7.074710e-08 -5.040874e-07 3.914016e-05 1.482327e-05 -1.918385e-05 -3.876486e-06
11311.226901 -6.942516e-06 -4.858408e-07 -7.021141e-08 -5.007143e-07 3.283909e-05 2.628223e-05 -2.635171e-05 -5.509358e-07
11316.031315 -6.876324e-06 -4.821432e-07 -6.987938e-08 -4.974564e-07 3.023790e-05 2.617619e-05 -3.076082e-05 -9.311144e-07
11320.847921 -6.845873e-06 -4.815854e-07 -6.990901e-08 -4.955239e-07 2.410136e-05 2.843699e-05 -2.239547e-05 -1.183580e-05
11325.676719 -6.768148e-06 -4.765366e-07 -6.938140e-08 -4.908440e-07 3.098089e-05 3.442699e-05 -3.589183e-05 -1.455149e-05
11330.517709 -6.668229e-06 -4.703677e-07 -6.863631e-08 -4.848071e-07 3.084964e-05 7.197956e-05 -2.944487e-05 -1.142340e-05
11335.370891 -6.537754e-06 -4.615611e-07 -6.752772e-08 -4.771813e-07 3.062114e-05 6.730845e-05 -3.295082e-05 -1.658782e-05
11340.236264 -6.536176e-06 -4.623989e-07 -6.768994e-08 -4.773880e-07 3.493379e-05 4.001737e-05 -2.741202e-05 -8.390794e-06
