# Facility.name: NSLS-II
# Facility.mode: Beam available
# Facility.current: 400.8134383681729
# Facility.current: 3 GeV
# Facility.year: 2023
# Facility.cycle: 2
# Facility.GUP: 312970
# Facility.SAF: 311402
# Experimenter.name: Esteban Fornero
# Beamline.name: ISS (8-ID)
# Beamline.x-ray_source: damping wiggler
# Beamline.collimation_mirror1.material: Si
# Beamline.collimation_mirror2.material: Pt
# Beamline.collimation_mirror2.bender_loading: -349.0
# Beamline.focusing: toroidal mirror
# Beamline.focusing.material: Pt
# Beamline.focusing.bender_loading: -418.0
# Beamline.harmonic_rejection: Si
# Mono.scan_mode: Si(111)
# Mono.d_spacing: 3.1354951
# Mono.scan_mode: pseudo-channel cut
# Mono.scan_type: fly_scan
# Mono.trajectory_name: 0f397ba2-1519.txt
# Mono.direction: None
# Mono.angle_offset: 0.69366577
# Mono.angle_offset: 39.744 deg
# Mono.encoder_resolution: 48.0 nrad
# Detector.I0: ion chamber
# Detector.I1: ion chamber
# Detector.I2: ion chamber
# Detector.IF: PIPS
# Detector.I0.length: 15 cm
# Detector.I1.length: 28 cm
# Detector.I2.length: 15 cm
# Detector.IF.thickness: 300 um
# Detector.I0.gas.N2: 38.0%
# Detector.I1.gas.N2: 38.0%
# Detector.I2.gas.N2: 38.0%
# Detector.I0.gas.He: 62.0%
# Detector.I1.gas.He: 62.0%
# Detector.I2.gas.He: 62.0%
# Detector.I0.voltage: -1650.000488
# Detector.I1.voltage: -1650.000122
# Detector.I2.voltage: -1649.998169
# Detector.I0.gain: 4
# Detector.I1.gain: 6
# Detector.I2.gain: 6
# Detector.IF.gain: 6
# Detector.aux: {}
# Element.symbol: Ga
# Element.edge: K
# Element.line: None
# Scan.transient_id: 370818
# Scan.uid: 2de9dff5-759d-4ab7-8ec7-f3f565fd4f5d
# Scan.edge_energy: 10367.0
# Scan.start_time: 06/23/2023  00:41:27.544628
# Scan.end_time: 06/23/2023  00:42:02.804567
# Scan.name: Cu2O+Ga2O3-1st H2-ramp (pos 001) Ga-K 0001
# Scan.comment: 
# Sample.name: Cu2O+Ga2O3-1st
# Sample.comment: 
# Sample.position.x: -66.61000258
# Sample.position.y: 30.049994074
# Sample.position.z: -10.184937499999995
# Sample.position.theta: 845.5790000000001
# SampleHeater.temperature1.setpoint: 300.0
# SampleHeater.temperature1.readback: 1372.0
# SampleHeater.current.setpoint: 0.0
# SampleHeater.current.readback: 0.0
# SampleHeater.temperature2.setpoint: 214.76410506842896
# SampleHeater.temperature2.readback: 219.70000000000002
# SampleHeater.voltage.setpoint: 0.4468831944049601
# SampleHeater.voltage.readback: 0.47500000000000003
# SampleHeater.PID.P: 0.025
# SampleHeater.PID.I: 0.07
# SampleHeater.PID.D: 0.0
# SampleGasCart.MFC.CH4.setpoint: 0.0
# SampleGasCart.MFC.CH4.readback: 0.0
# SampleGasCart.MFC.CO.setpoint: 0.0
# SampleGasCart.MFC.CO.readback: 0.0
# SampleGasCart.MFC.H2.setpoint: 10.0
# SampleGasCart.MFC.H2.readback: 10.012
# SampleGasCart.MFC.exhaust.setpoint: 100.0
# SampleGasCart.MFC.exhaust.readback: 10.25
# SampleGasHandlingSystem.gas_a.name: None
# SampleGasHandlingSystem.gas_b.name: None
# SampleGasHandlingSystem.gas_c.name: None
# SampleGasHandlingSystem.gas_d.name: None
# SampleGasHandlingSystem.gas_e.name: He
# SampleGasHandlingSystem.MFC1.setpoint: 0.0
# SampleGasHandlingSystem.MFC1.readback: -0.1057942733168602
# SampleGasHandlingSystem.MFC2.setpoint: 0.0
# SampleGasHandlingSystem.MFC2.readback: -0.0651041641831398
# SampleGasHandlingSystem.MFC3.setpoint: 0.0
# SampleGasHandlingSystem.MFC3.readback: 0.02034505270421505
# SampleGasHandlingSystem.MFC4.setpoint: 0.0
# SampleGasHandlingSystem.MFC4.readback: -0.06103515625
# SampleGasHandlingSystem.MFC5.setpoint: 0.0
# SampleGasHandlingSystem.MFC5.readback: 0.0
# SampleGasHandlingSystem.MFC6.setpoint: 0.0
# SampleGasHandlingSystem.MFC6.readback: -0.02034505270421505
# SampleGasHandlingSystem.MFC7.setpoint: 0.0
# SampleGasHandlingSystem.MFC7.readback: -0.008138020522892475
# SampleGasHandlingSystem.MFC8.setpoint: 0.0
# SampleGasHandlingSystem.MFC8.readback: -0.0447591133415699
# SampleGasHandlingSystem.MFC9.setpoint: 0.0
# SampleGasHandlingSystem.MFC9.readback: -0.0244140625
# SampleGasHandlingSystem.MFC10.setpoint: 0.0
# SampleGasHandlingSystem.MFC10.readback: 0.01220703125
# SampleGasHandlingSystem.MFC11.setpoint: 0.0
# SampleGasHandlingSystem.MFC11.readback: -0.0651041641831398
# SampleGasHandlingSystem.MFC12.setpoint: 0.0
# SampleGasHandlingSystem.MFC12.readback: -0.0325520820915699
# SampleGasHandlingSystem.MFC13.setpoint: 0.0
# SampleGasHandlingSystem.MFC13.readback: -0.0325520820915699
# SampleGasHandlingSystem.MFC14.setpoint: 0.0
# SampleGasHandlingSystem.MFC14.readback: -0.048828125
# SampleGasHandlingSystem.MFC15.setpoint: 0.0
# SampleGasHandlingSystem.MFC15.readback: -0.0773111954331398
# SampleGasHandlingSystem.MFC16.setpoint: 0.0
# SampleGasHandlingSystem.MFC16.readback: -0.02034505270421505
# SampleGasHandlingSystem.RGA.ch1.mass: 2
# SampleGasHandlingSystem.RGA.ch1.readback: 7.70302e-07
# SampleGasHandlingSystem.RGA.ch2.mass: 4
# SampleGasHandlingSystem.RGA.ch2.readback: 1.31834e-10
# SampleGasHandlingSystem.RGA.ch3.mass: 5
# SampleGasHandlingSystem.RGA.ch3.readback: 7.81276e-12
# SampleGasHandlingSystem.RGA.ch4.mass: 5
# SampleGasHandlingSystem.RGA.ch4.readback: 4.78717e-10
# SampleGasHandlingSystem.RGA.ch5.mass: 18
# SampleGasHandlingSystem.RGA.ch5.readback: 2.51886e-09
# SampleGasHandlingSystem.RGA.ch6.mass: 28
# SampleGasHandlingSystem.RGA.ch6.readback: 1.0578e-08
# SampleGasHandlingSystem.RGA.ch7.mass: 32
# SampleGasHandlingSystem.RGA.ch7.readback: 1.62996e-09
# SampleGasHandlingSystem.RGA.ch8.mass: 41
# SampleGasHandlingSystem.RGA.ch8.readback: 1.11477e-11
# SampleGasHandlingSystem.RGA.ch9.mass: 44
# SampleGasHandlingSystem.RGA.ch9.readback: 3.22521e-11
# energy  i0  it  ir  iff  aux1  aux2  aux3  aux4
10167.000000 -3.022276e-05 -1.108796e-06 -3.229452e-07 -8.351443e-07 8.978461e-05 7.899305e-04 -1.956449e-05 1.656233e-05
10172.000000 -3.014162e-05 -1.107447e-06 -3.206179e-07 -8.346626e-07 9.024376e-05 7.998916e-04 -2.113253e-05 2.271689e-05
10177.000000 -3.006873e-05 -1.104012e-06 -3.165011e-07 -8.347105e-07 8.008975e-05 7.928015e-04 -2.437948e-05 1.606835e-05
10182.000000 -2.999971e-05 -1.103605e-06 -3.106096e-07 -8.352298e-07 8.457567e-05 7.928365e-04 -2.903588e-05 1.018333e-05
10187.000000 -3.001241e-05 -1.106950e-06 -3.001720e-07 -8.380536e-07 8.822743e-05 7.947119e-04 -2.617076e-05 1.210554e-05
10192.000000 -3.009101e-05 -1.116221e-06 -2.769579e-07 -8.419017e-07 8.117343e-05 8.107760e-04 -2.830438e-05 1.382633e-05
10197.000000 -3.005231e-05 -1.119213e-06 -2.045722e-07 -8.430763e-07 7.011271e-05 8.015374e-04 -3.685009e-05 1.422741e-05
10202.000000 -3.000575e-05 -1.122490e-06 -6.532489e-08 -8.440389e-07 7.062791e-05 7.980106e-04 -3.740689e-05 1.197821e-05
10207.000000 -2.986068e-05 -1.116646e-06 -2.624008e-08 -8.426665e-07 6.650234e-05 8.421524e-04 -3.266079e-05 7.374572e-06
10212.000000 -2.986938e-05 -1.123488e-06 -5.513173e-08 -8.448498e-07 7.559306e-05 8.398834e-04 -4.094102e-05 6.584627e-06
10217.000000 -2.989246e-05 -1.130817e-06 -7.173802e-08 -8.473650e-07 7.572184e-05 8.350531e-04 -4.193834e-05 -1.406278e-06
10222.000000 -2.980402e-05 -1.129125e-06 -8.422631e-08 -8.471040e-07 7.041937e-05 8.373021e-04 -3.812519e-05 1.100521e-06
10227.000000 -2.976472e-05 -1.133214e-06 -9.333217e-08 -8.482773e-07 7.770282e-05 8.556117e-04 -3.951240e-05 8.631112e-07
10232.000000 -2.975717e-05 -1.140752e-06 -9.685894e-08 -8.500249e-07 7.966763e-05 8.817373e-04 -4.479332e-05 -3.304687e-06
10237.000000 -2.974961e-05 -1.145938e-06 -9.960503e-08 -8.519996e-07 8.717001e-05 8.752989e-04 -3.907778e-05 2.350993e-06
10242.000000 -2.970303e-05 -1.149198e-06 -1.013542e-07 -8.530428e-07 9.078202e-05 8.573991e-04 -5.131442e-05 -2.994293e-06
10247.000000 -2.965849e-05 -1.152897e-06 -1.060744e-07 -8.539501e-07 8.055103e-05 8.461417e-04 -4.647015e-05 -1.079905e-05
10252.000000 -2.966440e-05 -1.159984e-06 -1.058726e-07 -8.558751e-07 7.625473e-05 8.397318e-04 -2.878163e-05 -4.869840e-06
10257.000000 -2.959890e-05 -1.159788e-06 -1.016713e-07 -8.567938e-07 7.814125e-05 8.189946e-04 -2.904074e-05 -1.002065e-06
10262.000000 -2.952378e-05 -1.161581e-06 -1.010549e-07 -8.566951e-07 8.349080e-05 7.975004e-04 -3.152944e-05 -4.924182e-06
10267.000000 -2.954910e-05 -1.167317e-06 -1.029453e-07 -8.596199e-07 8.750870e-05 7.777340e-04 -1.808961e-05 5.874189e-06
10272.000000 -2.954186e-05 -1.173109e-06 -1.044170e-07 -8.613090e-07 8.578851e-05 7.829964e-04 -3.225523e-05 1.537248e-05
10277.000000 -2.948059e-05 -1.178089e-06 -1.040161e-07 -8.616479e-07 8.837070e-05 7.874643e-04 -2.772906e-05 1.869159e-05
10282.000000 -2.933992e-05 -1.179143e-06 -1.028686e-07 -8.602734e-07 8.723094e-05 7.782998e-04 -3.186469e-05 1.292904e-05
10287.000000 -2.937826e-05 -1.185612e-06 -1.042131e-07 -8.640713e-07 9.001155e-05 7.843482e-04 -3.026259e-05 8.198240e-06
10292.000000 -2.933303e-05 -1.189772e-06 -1.075161e-07 -8.652901e-07 8.624026e-05 8.038721e-04 -2.270830e-05 1.239031e-05
10297.000000 -2.928364e-05 -1.192670e-06 -1.091355e-07 -8.662249e-07 9.138542e-05 8.113310e-04 -2.256684e-05 1.191009e-05
10302.000000 -2.928020e-05 -1.198725e-06 -1.090496e-07 -8.681320e-07 8.559527e-05 7.858826e-04 -1.945459e-05 6.266653e-06
10307.000000 -2.923262e-05 -1.203795e-06 -1.093955e-07 -8.686163e-07 7.904055e-05 7.662600e-04 -2.456342e-05 1.688607e-05
10312.000000 -2.917114e-05 -1.206828e-06 -1.096990e-07 -8.696217e-07 8.520207e-05 7.836727e-04 -2.841340e-05 3.325613e-05
10317.000000 -2.916902e-05 -1.214889e-06 -1.094799e-07 -8.720867e-07 8.383882e-05 8.068878e-04 -2.880762e-05 2.781983e-05
10322.000000 -2.914677e-05 -1.220162e-06 -1.089257e-07 -8.746577e-07 8.839739e-05 8.186894e-04 -2.952103e-05 2.650559e-05
10327.000000 -2.903868e-05 -1.215748e-06 -1.076152e-07 -8.753968e-07 8.738810e-05 8.003591e-04 -2.748070e-05 1.886482e-05
10332.000000 -2.895774e-05 -1.218971e-06 -1.067922e-07 -8.760724e-07 8.130061e-05 7.684275e-04 -2.949378e-05 2.393772e-05
10337.000000 -2.904933e-05 -1.228766e-06 -1.073485e-07 -8.820333e-07 9.061460e-05 7.278431e-04 -3.056396e-05 3.111383e-05
10341.000000 -2.900182e-05 -1.228960e-06 -1.080347e-07 -8.848668e-07 9.085965e-05 6.843770e-04 -3.380599e-05 3.859851e-05
10344.000000 -2.897293e-05 -1.231393e-06 -1.093386e-07 -8.864381e-07 9.611375e-05 6.559414e-04 -2.447127e-05 4.211448e-05
10346.000000 -2.894849e-05 -1.232322e-06 -1.105153e-07 -8.868992e-07 9.731365e-05 6.252485e-04 -3.418243e-05 4.858705e-05
10347.000000 -2.892340e-05 -1.231336e-06 -1.110353e-07 -8.873753e-07 9.258553e-05 6.172943e-04 -4.387481e-05 3.943564e-05
10347.200000 -2.893861e-05 -1.235883e-06 -1.115005e-07 -8.877269e-07 9.170465e-05 6.368192e-04 -4.664462e-05 3.123123e-05
10347.400000 -2.891298e-05 -1.230458e-06 -1.109981e-07 -8.878210e-07 8.196368e-05 6.271558e-04 -4.176322e-05 3.294388e-05
10347.600000 -2.894510e-05 -1.235781e-06 -1.117418e-07 -8.887756e-07 7.878736e-05 6.137378e-04 -4.295553e-05 3.897919e-05
10347.800000 -2.895223e-05 -1.236581e-06 -1.121401e-07 -8.890903e-07 8.442206e-05 6.205772e-04 -3.644176e-05 4.330196e-05
10348.000000 -2.896227e-05 -1.236906e-06 -1.122807e-07 -8.896254e-07 8.301664e-05 6.293592e-04 -3.411313e-05 4.186938e-05
10348.200000 -2.896247e-05 -1.240632e-06 -1.127840e-07 -8.896571e-07 9.513834e-05 6.346490e-04 -2.907324e-05 4.689865e-05
10348.400000 -2.894961e-05 -1.235342e-06 -1.126732e-07 -8.898370e-07 8.852252e-05 6.286072e-04 -3.674697e-05 5.316795e-05
10348.600000 -2.893190e-05 -1.236159e-06 -1.129126e-07 -8.902372e-07 8.691784e-05 6.315786e-04 -4.393604e-05 5.346051e-05
10348.800000 -2.893611e-05 -1.235328e-06 -1.128592e-07 -8.904286e-07 9.465590e-05 6.317808e-04 -3.447706e-05 4.066474e-05
10349.000000 -2.894696e-05 -1.236757e-06 -1.129887e-07 -8.907003e-07 9.346345e-05 6.376987e-04 -2.616727e-05 4.642610e-05
10349.200000 -2.894807e-05 -1.239416e-06 -1.132732e-07 -8.906626e-07 9.443472e-05 6.360592e-04 -3.942032e-05 4.175721e-05
10349.400000 -2.894558e-05 -1.239470e-06 -1.134103e-07 -8.912831e-07 7.821488e-05 6.465533e-04 -4.741290e-05 3.772423e-05
10349.600000 -2.892722e-05 -1.236426e-06 -1.131638e-07 -8.910513e-07 7.567535e-05 6.589046e-04 -4.068859e-05 3.604219e-05
10349.800000 -2.892998e-05 -1.238506e-06 -1.133400e-07 -8.916257e-07 8.508327e-05 6.643482e-04 -4.211303e-05 3.670903e-05
10350.000000 -2.892450e-05 -1.238570e-06 -1.133847e-07 -8.916148e-07 8.035028e-05 6.611727e-04 -4.495384e-05 3.659782e-05
10350.200000 -2.892085e-05 -1.238935e-06 -1.133093e-07 -8.917557e-07 8.584372e-05 6.644480e-04 -5.133305e-05 3.289249e-05
10350.400000 -2.892878e-05 -1.239529e-06 -1.136025e-07 -8.919356e-07 7.602584e-05 6.626108e-04 -5.611119e-05 2.493199e-05
10350.600000 -2.893020e-05 -1.239815e-06 -1.140465e-07 -8.922461e-07 8.230581e-05 6.713843e-04 -4.078461e-05 2.912491e-05
10350.800000 -2.891357e-05 -1.237679e-06 -1.138874e-07 -8.925753e-07 7.753301e-05 6.520557e-04 -4.735307e-05 2.927329e-05
10351.000000 -2.890463e-05 -1.237184e-06 -1.138520e-07 -8.920971e-07 7.212018e-05 6.497962e-04 -4.022856e-05 4.077189e-05
10351.200000 -2.889913e-05 -1.236534e-06 -1.139064e-07 -8.926799e-07 7.164301e-05 6.495022e-04 -3.847858e-05 3.438664e-05
10351.400000 -2.892153e-05 -1.241525e-06 -1.144023e-07 -8.931232e-07 8.073045e-05 6.523579e-04 -2.483705e-05 4.223171e-05
10351.600000 -2.892320e-05 -1.241948e-06 -1.146987e-07 -8.934585e-07 7.318695e-05 6.419712e-04 -3.376564e-05 3.604110e-05
10351.800000 -2.891977e-05 -1.239753e-06 -1.147486e-07 -8.934073e-07 7.356562e-05 6.495980e-04 -2.893285e-05 3.885071e-05
10352.000000 -2.890376e-05 -1.239506e-06 -1.148041e-07 -8.934634e-07 7.345517e-05 6.503785e-04 -4.253874e-05 3.684201e-05
10352.200000 -2.888301e-05 -1.236317e-06 -1.147402e-07 -8.935191e-07 7.408957e-05 6.274142e-04 -4.184824e-05 4.201141e-05
10352.400000 -2.888169e-05 -1.238311e-06 -1.148561e-07 -8.938000e-07 8.152615e-05 6.605035e-04 -4.063846e-05 4.580216e-05
10352.600000 -2.887914e-05 -1.237825e-06 -1.148461e-07 -8.941540e-07 8.341921e-05 6.578509e-04 -2.301291e-05 4.831335e-05
10352.800000 -2.887139e-05 -1.235485e-06 -1.145824e-07 -8.942107e-07 9.057716e-05 6.707678e-04 -3.613601e-05 3.736468e-05
10353.000000 -2.885157e-05 -1.234126e-06 -1.145130e-07 -8.945482e-07 8.378959e-05 6.643483e-04 -4.168242e-05 3.291428e-05
10353.200000 -2.881076e-05 -1.227699e-06 -1.141612e-07 -8.937443e-07 8.398741e-05 6.641963e-04 -3.593915e-05 4.305209e-05
10353.400000 -2.884407e-05 -1.234711e-06 -1.148220e-07 -8.945558e-07 8.190045e-05 6.539783e-04 -4.434683e-05 3.211643e-05
10353.600000 -2.888742e-05 -1.240918e-06 -1.152227e-07 -8.955203e-07 8.346674e-05 6.550165e-04 -4.413597e-05 3.241836e-05
10353.800000 -2.887990e-05 -1.240134e-06 -1.148352e-07 -8.957015e-07 8.528602e-05 6.662485e-04 -4.068245e-05 4.213489e-05
10354.000000 -2.886150e-05 -1.237900e-06 -1.147069e-07 -8.961169e-07 9.423162e-05 6.813090e-04 -4.058515e-05 3.883995e-05
10354.200000 -2.883285e-05 -1.233388e-06 -1.144838e-07 -8.958723e-07 9.593686e-05 6.442188e-04 -3.283814e-05 3.889706e-05
10354.400000 -2.884759e-05 -1.235545e-06 -1.148739e-07 -8.966197e-07 9.385212e-05 6.842916e-04 -3.099076e-05 4.106712e-05
10354.600000 -2.885233e-05 -1.236958e-06 -1.153034e-07 -8.971255e-07 8.926182e-05 6.928264e-04 -5.111376e-05 4.808737e-05
10354.800000 -2.885275e-05 -1.235761e-06 -1.151378e-07 -8.969716e-07 8.527007e-05 6.615888e-04 -4.134136e-05 5.153010e-05
10355.000000 -2.884601e-05 -1.237989e-06 -1.154200e-07 -8.974050e-07 7.715090e-05 6.275000e-04 -4.609977e-05 4.675071e-05
10355.200000 -2.879619e-05 -1.231114e-06 -1.148165e-07 -8.970636e-07 8.122716e-05 6.084513e-04 -3.548983e-05 5.161669e-05
10355.400000 -2.881073e-05 -1.231292e-06 -1.148654e-07 -8.971783e-07 7.813334e-05 6.235181e-04 -4.781219e-05 4.082475e-05
10355.600000 -2.884548e-05 -1.238617e-06 -1.154478e-07 -8.980368e-07 8.829682e-05 6.466605e-04 -6.193720e-05 4.430430e-05
10355.800000 -2.885193e-05 -1.239381e-06 -1.159870e-07 -8.985912e-07 9.031942e-05 6.367014e-04 -4.693260e-05 5.208231e-05
10356.000000 -2.885722e-05 -1.240006e-06 -1.162575e-07 -8.994956e-07 8.171209e-05 6.225910e-04 -4.475237e-05 5.250937e-05
10356.200000 -2.885256e-05 -1.239225e-06 -1.158633e-07 -9.000621e-07 7.914957e-05 6.420171e-04 -4.886923e-05 4.245752e-05
10356.400000 -2.885220e-05 -1.240246e-06 -1.157865e-07 -9.001435e-07 8.392410e-05 6.589948e-04 -4.305147e-05 5.726846e-05
10356.600000 -2.884182e-05 -1.237443e-06 -1.154881e-07 -9.001584e-07 8.584279e-05 6.818789e-04 -2.932232e-05 5.713769e-05
10356.800000 -2.883853e-05 -1.238883e-06 -1.156146e-07 -9.006603e-07 7.893260e-05 6.770217e-04 -3.270623e-05 5.473718e-05
10357.000000 -2.879197e-05 -1.235131e-06 -1.154413e-07 -9.007965e-07 8.939562e-05 6.721791e-04 -4.139858e-05 4.223341e-05
10357.200000 -2.875570e-05 -1.228516e-06 -1.148841e-07 -9.005718e-07 1.040748e-04 6.733508e-04 -4.560818e-05 3.849083e-05
10357.400000 -2.879734e-05 -1.232504e-06 -1.151780e-07 -9.020316e-07 1.011905e-04 6.564196e-04 -3.386818e-05 4.746893e-05
10357.600000 -2.881753e-05 -1.236820e-06 -1.155789e-07 -9.028272e-07 8.769166e-05 6.723372e-04 -4.704935e-05 4.231561e-05
10357.800000 -2.880249e-05 -1.234290e-06 -1.152423e-07 -9.027169e-07 8.605917e-05 6.635784e-04 -4.664045e-05 3.546214e-05
10358.000000 -2.874623e-05 -1.230816e-06 -1.150352e-07 -9.027510e-07 7.897443e-05 6.887517e-04 -3.919073e-05 4.783934e-05
10358.200000 -2.866993e-05 -1.213998e-06 -1.133479e-07 -9.014907e-07 7.598421e-05 6.694468e-04 -3.945397e-05 4.338732e-05
10358.400000 -2.869678e-05 -1.218971e-06 -1.140116e-07 -9.025902e-07 7.252302e-05 6.724224e-04 -2.894678e-05 3.457896e-05
10358.600000 -2.875291e-05 -1.227803e-06 -1.150660e-07 -9.047896e-07 7.165642e-05 6.603769e-04 -4.306364e-05 2.336219e-05
10358.800000 -2.878638e-05 -1.232058e-06 -1.152301e-07 -9.059579e-07 7.022340e-05 6.830388e-04 -4.401096e-05 2.310456e-05
10359.000000 -2.881203e-05 -1.239509e-06 -1.158910e-07 -9.070731e-07 7.345749e-05 6.955790e-04 -4.181154e-05 2.677111e-05
10359.200000 -2.878889e-05 -1.233633e-06 -1.152364e-07 -9.073911e-07 7.147114e-05 6.806237e-04 -3.010125e-05 3.203289e-05
10359.400000 -2.871936e-05 -1.223959e-06 -1.143596e-07 -9.069403e-07 6.882537e-05 6.636899e-04 -3.948560e-05 3.634651e-05
10359.600000 -2.872558e-05 -1.226075e-06 -1.144537e-07 -9.082361e-07 6.858187e-05 6.369480e-04 -4.363744e-05 4.311084e-05
10359.800000 -2.875098e-05 -1.229780e-06 -1.150114e-07 -9.091353e-07 6.305775e-05 6.499390e-04 -4.566943e-05 3.874557e-05
10360.000000 -2.872925e-05 -1.225097e-06 -1.148518e-07 -9.099268e-07 5.683591e-05 6.506775e-04 -6.099230e-05 4.417542e-05
10360.200000 -2.875048e-05 -1.231072e-06 -1.153350e-07 -9.112847e-07 6.196347e-05 6.475596e-04 -3.374076e-05 5.237560e-05
10360.400000 -2.874232e-05 -1.228878e-06 -1.151243e-07 -9.116645e-07 7.607702e-05 6.266825e-04 -3.352605e-05 4.173692e-05
10360.600000 -2.874172e-05 -1.229520e-06 -1.149720e-07 -9.125437e-07 7.584358e-05 6.248680e-04 -3.696528e-05 3.694613e-05
10360.800000 -2.876032e-05 -1.233098e-06 -1.151675e-07 -9.141889e-07 6.995230e-05 6.394157e-04 -4.622980e-05 2.563620e-05
10361.000000 -2.873280e-05 -1.228194e-06 -1.145277e-07 -9.146222e-07 7.447059e-05 6.325966e-04 -4.384782e-05 3.053249e-05
10361.200000 -2.870908e-05 -1.226354e-06 -1.149114e-07 -9.149853e-07 7.524783e-05 6.283925e-04 -4.317142e-05 5.463332e-05
10361.400000 -2.868840e-05 -1.221534e-06 -1.147288e-07 -9.157640e-07 7.426133e-05 6.391755e-04 -4.435581e-05 6.366760e-05
10361.600000 -2.870297e-05 -1.228511e-06 -1.152246e-07 -9.170956e-07 7.514795e-05 6.563195e-04 -3.971675e-05 6.314660e-05
10361.800000 -2.875274e-05 -1.232928e-06 -1.153416e-07 -9.192156e-07 6.446900e-05 6.575081e-04 -4.025523e-05 5.983615e-05
10362.000000 -2.874632e-05 -1.232405e-06 -1.151788e-07 -9.198776e-07 7.134496e-05 6.603041e-04 -4.056164e-05 7.018727e-05
10362.200000 -2.874963e-05 -1.231415e-06 -1.151139e-07 -9.215610e-07 6.960851e-05 6.535432e-04 -5.571323e-05 6.686012e-05
10362.400000 -2.877177e-05 -1.234244e-06 -1.154237e-07 -9.229488e-07 7.104174e-05 6.635123e-04 -4.313149e-05 6.448222e-05
10362.600000 -2.876889e-05 -1.234842e-06 -1.157339e-07 -9.241404e-07 8.022199e-05 6.882443e-04 -5.105604e-05 5.011034e-05
10362.800000 -2.876371e-05 -1.232908e-06 -1.154959e-07 -9.255026e-07 8.180439e-05 6.877920e-04 -6.162255e-05 5.878302e-05
10363.000000 -2.874092e-05 -1.231473e-06 -1.152157e-07 -9.265334e-07 7.574007e-05 6.847684e-04 -5.635090e-05 3.587892e-05
10363.200000 -2.874520e-05 -1.229675e-06 -1.148863e-07 -9.285699e-07 6.734651e-05 6.845798e-04 -4.524417e-05 4.095772e-05
10363.400000 -2.875495e-05 -1.233065e-06 -1.151274e-07 -9.300734e-07 6.746333e-05 7.056725e-04 -4.921365e-05 2.792220e-05
10363.600000 -2.874715e-05 -1.231600e-06 -1.150800e-07 -9.314979e-07 7.164564e-05 7.004221e-04 -3.712419e-05 3.370114e-05
10363.800000 -2.873766e-05 -1.231404e-06 -1.152475e-07 -9.333256e-07 7.793423e-05 6.955987e-04 -3.729069e-05 4.312871e-05
10364.000000 -2.873268e-05 -1.227445e-06 -1.150091e-07 -9.347174e-07 8.534051e-05 6.722623e-04 -3.017114e-05 4.031176e-05
10364.200000 -2.873145e-05 -1.228158e-06 -1.149176e-07 -9.370946e-07 7.841036e-05 6.615715e-04 -4.232057e-05 3.298664e-05
10364.400000 -2.869078e-05 -1.224777e-06 -1.144955e-07 -9.386860e-07 7.934108e-05 6.544944e-04 -5.851872e-05 2.868765e-05
10364.600000 -2.856719e-05 -1.205142e-06 -1.125308e-07 -9.382906e-07 7.237978e-05 6.524203e-04 -4.263544e-05 2.954997e-05
10364.800000 -2.852404e-05 -1.200493e-06 -1.120378e-07 -9.390431e-07 7.414668e-05 6.611129e-04 -4.365571e-05 2.314006e-05
10365.000000 -2.848280e-05 -1.193222e-06 -1.115664e-07 -9.406808e-07 7.663988e-05 6.605734e-04 -4.264377e-05 2.919942e-05
10365.200000 -2.858610e-05 -1.207410e-06 -1.130052e-07 -9.467410e-07 6.957899e-05 6.630220e-04 -3.072858e-05 3.450182e-05
10365.400000 -2.863972e-05 -1.211589e-06 -1.134239e-07 -9.511127e-07 6.688379e-05 6.627838e-04 -3.393738e-05 1.919096e-05
10365.600000 -2.871275e-05 -1.221542e-06 -1.142068e-07 -9.554798e-07 8.039809e-05 6.623139e-04 -2.994069e-05 2.193594e-05
10365.800000 -2.872650e-05 -1.222522e-06 -1.140270e-07 -9.594188e-07 8.049181e-05 6.621786e-04 -2.782942e-05 3.421949e-05
10366.000000 -2.872129e-05 -1.222067e-06 -1.138025e-07 -9.628094e-07 8.647725e-05 6.484154e-04 -3.081321e-05 4.181831e-05
10366.200000 -2.868552e-05 -1.213663e-06 -1.131212e-07 -9.661891e-07 8.303401e-05 6.616180e-04 -2.591934e-05 3.546439e-05
10366.400000 -2.867490e-05 -1.213900e-06 -1.133070e-07 -9.709579e-07 7.745604e-05 6.695908e-04 -4.170450e-05 2.182811e-05
10366.600000 -2.866833e-05 -1.212230e-06 -1.133146e-07 -9.758834e-07 7.098510e-05 6.647213e-04 -3.638560e-05 2.968345e-05
10366.800000 -2.865913e-05 -1.208184e-06 -1.129173e-07 -9.811608e-07 6.155766e-05 6.731362e-04 -3.696386e-05 2.991614e-05
10367.000000 -2.867837e-05 -1.209728e-06 -1.128628e-07 -9.875312e-07 7.216385e-05 6.973947e-04 -4.766995e-05 2.168636e-05
10367.200000 -2.866878e-05 -1.205312e-06 -1.121978e-07 -9.941438e-07 8.019526e-05 6.943349e-04 -6.533133e-05 2.224126e-05
10367.400000 -2.869007e-05 -1.208147e-06 -1.125150e-07 -1.002346e-06 8.047466e-05 6.844764e-04 -4.638569e-05 2.408174e-05
10367.600000 -2.868341e-05 -1.203383e-06 -1.120037e-07 -1.010891e-06 8.362523e-05 6.766807e-04 -4.649236e-05 2.606275e-05
10367.800000 -2.867825e-05 -1.200000e-06 -1.117167e-07 -1.020777e-06 7.643106e-05 6.867567e-04 -5.335406e-05 2.420145e-05
10368.000000 -2.867376e-05 -1.197138e-06 -1.116876e-07 -1.031546e-06 7.695342e-05 6.835824e-04 -5.358424e-05 2.788177e-05
10368.200000 -2.856796e-05 -1.180141e-06 -1.101447e-07 -1.040618e-06 7.622485e-05 6.849122e-04 -5.502354e-05 2.715345e-05
10368.400000 -2.848659e-05 -1.165935e-06 -1.089719e-07 -1.052418e-06 6.711297e-05 6.790492e-04 -7.267818e-05 2.541928e-05
10368.600000 -2.849479e-05 -1.164888e-06 -1.086668e-07 -1.067482e-06 6.118750e-05 6.802945e-04 -6.485951e-05 3.103882e-05
10368.800000 -2.848898e-05 -1.155856e-06 -1.079474e-07 -1.083752e-06 5.471489e-05 6.655261e-04 -7.568311e-05 3.455314e-05
10369.000000 -2.855144e-05 -1.154525e-06 -1.078038e-07 -1.104309e-06 6.520330e-05 6.524163e-04 -6.176011e-05 2.697738e-05
10369.200000 -2.858059e-05 -1.159157e-06 -1.087361e-07 -1.125476e-06 7.260680e-05 6.537699e-04 -5.130304e-05 2.781403e-05
10369.400000 -2.858328e-05 -1.150373e-06 -1.078485e-07 -1.148216e-06 7.912851e-05 6.559208e-04 -3.961542e-05 2.117094e-05
10369.600000 -2.856265e-05 -1.142791e-06 -1.071267e-07 -1.171555e-06 7.942177e-05 6.616361e-04 -4.363198e-05 2.594351e-05
10369.800000 -2.862982e-05 -1.142292e-06 -1.070651e-07 -1.200324e-06 8.014084e-05 6.670448e-04 -4.764088e-05 3.682019e-05
10370.000000 -2.868930e-05 -1.142851e-06 -1.067487e-07 -1.230240e-06 7.893473e-05 6.586077e-04 -3.977796e-05 4.106801e-05
10370.200000 -2.867646e-05 -1.129143e-06 -1.054342e-07 -1.261713e-06 8.190678e-05 6.492489e-04 -3.313955e-05 4.936442e-05
10370.400000 -2.865281e-05 -1.116672e-06 -1.043977e-07 -1.295480e-06 8.626692e-05 6.715513e-04 -2.823620e-05 3.444681e-05
10370.600000 -2.863836e-05 -1.104254e-06 -1.035624e-07 -1.332389e-06 8.096327e-05 6.842034e-04 -3.013021e-05 3.597620e-05
10370.800000 -2.863426e-05 -1.091994e-06 -1.026386e-07 -1.372269e-06 7.635890e-05 6.428215e-04 -2.579088e-05 4.130536e-05
10371.000000 -2.863762e-05 -1.081046e-06 -1.012781e-07 -1.414531e-06 7.192247e-05 6.283192e-04 -2.492030e-05 3.839265e-05
10371.200000 -2.862028e-05 -1.066003e-06 -9.968342e-08 -1.457268e-06 7.537545e-05 6.523267e-04 -3.926198e-05 2.925908e-05
10371.400000 -2.859599e-05 -1.050830e-06 -9.836478e-08 -1.501385e-06 9.322605e-05 6.623748e-04 -3.318542e-05 3.411400e-05
10371.600000 -2.857887e-05 -1.037193e-06 -9.731574e-08 -1.546890e-06 9.328381e-05 6.676935e-04 -3.875982e-05 2.781119e-05
10371.800000 -2.856764e-05 -1.023725e-06 -9.623950e-08 -1.590978e-06 9.428709e-05 6.877413e-04 -4.553013e-05 2.060514e-05
10372.000000 -2.857546e-05 -1.010209e-06 -9.521096e-08 -1.633454e-06 9.872863e-05 7.008036e-04 -5.376802e-05 2.769453e-05
10372.200000 -2.857249e-05 -9.986903e-07 -9.402689e-08 -1.673984e-06 9.295966e-05 6.743768e-04 -4.281975e-05 3.983495e-05
10372.400000 -2.857857e-05 -9.879874e-07 -9.273412e-08 -1.711633e-06 8.175404e-05 6.618035e-04 -5.827267e-05 3.469958e-05
10372.600000 -2.860481e-05 -9.832252e-07 -9.209359e-08 -1.746634e-06 7.957042e-05 6.561986e-04 -5.145929e-05 2.983367e-05
10372.800000 -2.859678e-05 -9.722103e-07 -9.128000e-08 -1.775649e-06 8.322863e-05 6.679668e-04 -4.423675e-05 1.973952e-05
10373.000000 -2.860284e-05 -9.663201e-07 -9.073756e-08 -1.803091e-06 8.479556e-05 6.795432e-04 -3.746639e-05 2.602546e-05
10373.200000 -2.858120e-05 -9.578722e-07 -8.997799e-08 -1.825840e-06 8.171206e-05 6.647835e-04 -4.928643e-05 2.961957e-05
10373.400000 -2.857742e-05 -9.498218e-07 -8.928003e-08 -1.845011e-06 8.206231e-05 6.583340e-04 -4.794140e-05 3.215753e-05
10373.600000 -2.861070e-05 -9.523648e-07 -8.938304e-08 -1.862120e-06 9.251535e-05 6.509950e-04 -4.103131e-05 3.934711e-05
10373.800000 -2.863367e-05 -9.499847e-07 -8.896231e-08 -1.876571e-06 8.721880e-05 6.518703e-04 -3.322136e-05 3.248870e-05
10374.000000 -2.861931e-05 -9.419806e-07 -8.837625e-08 -1.888059e-06 8.264754e-05 6.914208e-04 -3.339425e-05 2.512087e-05
10374.200000 -2.862716e-05 -9.449581e-07 -8.882649e-08 -1.901721e-06 7.962160e-05 6.981900e-04 -4.031837e-05 2.234008e-05
10374.400000 -2.858160e-05 -9.332767e-07 -8.760871e-08 -1.908268e-06 7.951164e-05 7.047041e-04 -4.406137e-05 2.024680e-05
10374.600000 -2.860700e-05 -9.330074e-07 -8.752000e-08 -1.915902e-06 7.518904e-05 7.023330e-04 -4.134162e-05 1.874040e-05
10374.800000 -2.867492e-05 -9.386576e-07 -8.788862e-08 -1.924843e-06 7.556894e-05 6.950960e-04 -4.164339e-05 2.151286e-05
10375.000000 -2.867996e-05 -9.335754e-07 -8.749616e-08 -1.929957e-06 6.719071e-05 6.996994e-04 -3.390101e-05 2.041546e-05
10375.200000 -2.870298e-05 -9.375387e-07 -8.800416e-08 -1.937660e-06 6.949692e-05 7.112243e-04 -3.047496e-05 2.623657e-05
10375.400000 -2.870370e-05 -9.340787e-07 -8.799821e-08 -1.942906e-06 7.417960e-05 6.954300e-04 -3.083379e-05 2.867504e-05
10375.600000 -2.870459e-05 -9.332419e-07 -8.805698e-08 -1.948560e-06 8.158872e-05 6.907931e-04 -3.372007e-05 2.649142e-05
10375.800000 -2.869042e-05 -9.308611e-07 -8.769607e-08 -1.953733e-06 8.178956e-05 6.779779e-04 -2.721028e-05 3.807463e-05
10376.000000 -2.863110e-05 -9.242207e-07 -8.710256e-08 -1.957103e-06 8.266432e-05 6.852879e-04 -2.816436e-05 2.334544e-05
10376.200000 -2.861012e-05 -9.188299e-07 -8.650844e-08 -1.960080e-06 7.209653e-05 7.062555e-04 -2.785219e-05 2.952576e-05
10376.400000 -2.865987e-05 -9.247444e-07 -8.700964e-08 -1.964167e-06 6.728792e-05 7.171130e-04 -3.933194e-05 3.475807e-05
10376.600000 -2.866830e-05 -9.276370e-07 -8.741031e-08 -1.966513e-06 7.772664e-05 7.318522e-04 -2.762997e-05 4.384783e-05
10376.800000 -2.866839e-05 -9.260572e-07 -8.723477e-08 -1.965434e-06 8.608617e-05 7.398144e-04 -2.793033e-05 3.227071e-05
10377.000000 -2.864532e-05 -9.244230e-07 -8.670018e-08 -1.962095e-06 7.963097e-05 7.478576e-04 -2.527451e-05 2.463713e-05
10377.200000 -2.865716e-05 -9.279007e-07 -8.687779e-08 -1.958340e-06 8.685386e-05 7.513279e-04 -3.373870e-05 2.697828e-05
10377.400000 -2.868703e-05 -9.353277e-07 -8.764616e-08 -1.953001e-06 8.428890e-05 7.395830e-04 -2.884967e-05 3.292790e-05
10377.600000 -2.869502e-05 -9.372962e-07 -8.800766e-08 -1.943308e-06 7.931302e-05 7.162370e-04 -1.921066e-05 3.636422e-05
10377.800000 -2.868469e-05 -9.399990e-07 -8.827827e-08 -1.933133e-06 8.476904e-05 7.164723e-04 -2.651533e-05 2.648045e-05
10378.000000 -2.865777e-05 -9.409821e-07 -8.864830e-08 -1.920603e-06 8.646592e-05 7.162741e-04 -2.481883e-05 3.767590e-05
10378.200000 -2.863036e-05 -9.401463e-07 -8.828962e-08 -1.906280e-06 8.599114e-05 7.077753e-04 -1.872692e-05 3.625093e-05
10378.400000 -2.859946e-05 -9.415537e-07 -8.839766e-08 -1.891928e-06 8.584605e-05 7.044074e-04 -3.701921e-05 3.545422e-05
10378.600000 -2.861500e-05 -9.464804e-07 -8.883052e-08 -1.877175e-06 8.276464e-05 7.153040e-04 -3.070478e-05 3.955426e-05
10378.800000 -2.861413e-05 -9.513333e-07 -8.929197e-08 -1.861895e-06 9.421288e-05 7.093547e-04 -3.621800e-05 3.526592e-05
10379.000000 -2.861339e-05 -9.581296e-07 -9.036009e-08 -1.846331e-06 9.585677e-05 7.148217e-04 -3.520356e-05 3.558615e-05
10379.200000 -2.858859e-05 -9.596148e-07 -9.037989e-08 -1.830249e-06 9.417790e-05 7.132962e-04 -4.241989e-05 3.718235e-05
10379.400000 -2.859252e-05 -9.642856e-07 -9.051884e-08 -1.816404e-06 8.733759e-05 7.062281e-04 -5.715817e-05 2.342136e-05
10379.600000 -2.855559e-05 -9.643221e-07 -9.049685e-08 -1.800722e-06 9.164217e-05 7.088832e-04 -4.969150e-05 3.335690e-05
10379.800000 -2.854441e-05 -9.642774e-07 -9.041329e-08 -1.786740e-06 8.170259e-05 6.755210e-04 -5.345777e-05 3.336358e-05
10380.000000 -2.859122e-05 -9.731729e-07 -9.140041e-08 -1.775755e-06 8.000643e-05 6.685586e-04 -5.614276e-05 4.117634e-05
10380.200000 -2.862226e-05 -9.817774e-07 -9.227036e-08 -1.765016e-06 9.177536e-05 6.706756e-04 -4.629989e-05 2.827562e-05
10380.400000 -2.864249e-05 -9.887011e-07 -9.288243e-08 -1.755306e-06 1.000339e-04 6.854510e-04 -3.675758e-05 3.073473e-05
10380.600000 -2.863218e-05 -9.911255e-07 -9.265463e-08 -1.744892e-06 8.184100e-05 7.008486e-04 -3.469139e-05 5.345735e-05
10380.800000 -2.863553e-05 -9.937571e-07 -9.271148e-08 -1.735696e-06 8.155110e-05 7.033150e-04 -4.385146e-05 4.126606e-05
10381.000000 -2.863703e-05 -9.977982e-07 -9.295709e-08 -1.726370e-06 8.455965e-05 7.047908e-04 -5.000026e-05 3.066497e-05
10381.200000 -2.864306e-05 -9.992552e-07 -9.326346e-08 -1.717879e-06 9.141055e-05 7.142458e-04 -5.399095e-05 2.112342e-05
10381.400000 -2.862697e-05 -9.982995e-07 -9.342157e-08 -1.709950e-06 9.511576e-05 7.392469e-04 -7.357850e-05 2.827640e-05
10381.600000 -2.860806e-05 -9.993366e-07 -9.356710e-08 -1.703098e-06 9.227347e-05 7.053386e-04 -6.385717e-05 3.172334e-05
10381.800000 -2.857239e-05 -9.970686e-07 -9.318269e-08 -1.695194e-06 9.738683e-05 6.960024e-04 -5.857282e-05 3.432025e-05
10382.000000 -2.854850e-05 -9.955350e-07 -9.312047e-08 -1.687349e-06 9.294811e-05 7.141625e-04 -5.064572e-05 3.053296e-05
10382.200000 -2.856759e-05 -1.001542e-06 -9.372100e-08 -1.682271e-06 8.648572e-05 7.024095e-04 -5.231086e-05 1.692386e-05
10382.400000 -2.860735e-05 -1.008343e-06 -9.426708e-08 -1.676624e-06 8.578571e-05 6.930306e-04 -4.499883e-05 1.649805e-05
10382.600000 -2.862623e-05 -1.011995e-06 -9.477128e-08 -1.670732e-06 9.503721e-05 7.051003e-04 -3.133763e-05 1.839461e-05
10382.800000 -2.864771e-05 -1.016438e-06 -9.515803e-08 -1.664263e-06 9.927092e-05 7.108839e-04 -2.396227e-05 2.627041e-05
10383.000000 -2.866101e-05 -1.020299e-06 -9.545221e-08 -1.658584e-06 9.678095e-05 7.157207e-04 -3.375109e-05 2.212554e-05
10383.200000 -2.861913e-05 -1.017365e-06 -9.517202e-08 -1.652009e-06 9.157859e-05 6.967535e-04 -3.625471e-05 2.646024e-05
10383.400000 -2.858898e-05 -1.017608e-06 -9.514848e-08 -1.646184e-06 9.081521e-05 7.212570e-04 -2.918614e-05 3.186803e-05
10383.600000 -2.858054e-05 -1.016243e-06 -9.495800e-08 -1.639949e-06 8.171295e-05 7.144341e-04 -3.254476e-05 3.159934e-05
10383.800000 -2.860714e-05 -1.021732e-06 -9.550008e-08 -1.635088e-06 8.541396e-05 7.074869e-04 -3.759278e-05 2.164113e-05
10384.000000 -2.859117e-05 -1.020426e-06 -9.547698e-08 -1.628564e-06 8.645779e-05 6.941328e-04 -3.338336e-05 1.214011e-05
10384.200000 -2.859756e-05 -1.021886e-06 -9.556167e-08 -1.622574e-06 9.103927e-05 6.987904e-04 -4.028127e-05 9.465557e-06
10384.400000 -2.862997e-05 -1.032535e-06 -9.654960e-08 -1.618266e-06 9.515065e-05 7.117040e-04 -4.057178e-05 1.576367e-05
10384.600000 -2.862841e-05 -1.031743e-06 -9.627286e-08 -1.612734e-06 8.748413e-05 6.992986e-04 -3.880141e-05 1.580682e-05
10384.800000 -2.864585e-05 -1.035586e-06 -9.649385e-08 -1.608308e-06 8.914730e-05 6.986064e-04 -3.326544e-05 8.529191e-06
10385.000000 -2.865882e-05 -1.038989e-06 -9.687039e-08 -1.604121e-06 9.653988e-05 6.945653e-04 -4.793649e-05 1.168255e-05
10385.200000 -2.864664e-05 -1.039569e-06 -9.702767e-08 -1.599432e-06 9.238844e-05 6.987328e-04 -5.106804e-05 1.629292e-05
10385.400000 -2.864740e-05 -1.040782e-06 -9.683339e-08 -1.595186e-06 8.686864e-05 6.972520e-04 -4.505590e-05 2.013365e-05
10385.600000 -2.863400e-05 -1.039733e-06 -9.646844e-08 -1.590616e-06 8.712070e-05 7.062994e-04 -4.696997e-05 2.721291e-05
10385.800000 -2.863749e-05 -1.043272e-06 -9.681054e-08 -1.586872e-06 8.359453e-05 6.765956e-04 -4.068251e-05 2.638059e-05
10386.000000 -2.859944e-05 -1.038048e-06 -9.621544e-08 -1.582944e-06 8.018142e-05 6.493123e-04 -3.946236e-05 2.249628e-05
10386.200000 -2.861960e-05 -1.043956e-06 -9.704060e-08 -1.580706e-06 9.187394e-05 6.439314e-04 -3.748978e-05 2.322896e-05
10386.400000 -2.863777e-05 -1.046750e-06 -9.715812e-08 -1.577455e-06 8.937841e-05 6.315804e-04 -4.216433e-05 1.189667e-05
10386.600000 -2.864326e-05 -1.048771e-06 -9.733016e-08 -1.574445e-06 9.448484e-05 6.427317e-04 -4.738135e-05 1.710410e-05
10386.800000 -2.864078e-05 -1.049777e-06 -9.724763e-08 -1.572265e-06 9.301639e-05 6.620463e-04 -5.367200e-05 1.819027e-05
10387.000000 -2.862499e-05 -1.048427e-06 -9.718466e-08 -1.569758e-06 1.069039e-04 6.588572e-04 -3.845604e-05 3.139100e-05
10387.200000 -2.861971e-05 -1.048531e-06 -9.733034e-08 -1.568216e-06 9.501418e-05 6.493131e-04 -3.961937e-05 2.187795e-05
10387.400000 -2.860317e-05 -1.046836e-06 -9.713606e-08 -1.566315e-06 9.050710e-05 6.546683e-04 -4.049158e-05 2.459897e-05
10387.600000 -2.857003e-05 -1.043681e-06 -9.653531e-08 -1.564443e-06 9.158446e-05 6.696224e-04 -2.700865e-05 2.827084e-05
10387.800000 -2.859461e-05 -1.047260e-06 -9.654469e-08 -1.563291e-06 8.848620e-05 6.714257e-04 -3.927284e-05 2.397941e-05
10388.000000 -2.858948e-05 -1.048912e-06 -9.647185e-08 -1.561846e-06 9.561427e-05 6.681702e-04 -3.769975e-05 1.691597e-05
10388.200000 -2.859612e-05 -1.047911e-06 -9.654051e-08 -1.561450e-06 9.927107e-05 6.760055e-04 -3.503385e-05 2.511386e-05
10388.400000 -2.858985e-05 -1.052946e-06 -9.733885e-08 -1.561062e-06 9.190243e-05 6.613092e-04 -4.782956e-05 2.210512e-05
10388.600000 -2.855012e-05 -1.044841e-06 -9.669529e-08 -1.559210e-06 9.977103e-05 6.393093e-04 -4.498659e-05 1.536361e-05
10388.800000 -2.852412e-05 -1.042186e-06 -9.611920e-08 -1.558501e-06 1.033553e-04 6.633766e-04 -3.763113e-05 9.261619e-06
10389.000000 -2.854941e-05 -1.046875e-06 -9.635656e-08 -1.558738e-06 1.099448e-04 6.712306e-04 -4.137633e-05 1.153787e-05
10389.200000 -2.853913e-05 -1.043127e-06 -9.564474e-08 -1.557687e-06 1.103775e-04 6.705371e-04 -5.180933e-05 1.445786e-05
10389.400000 -2.853331e-05 -1.044147e-06 -9.567242e-08 -1.556298e-06 1.014572e-04 6.655972e-04 -4.141440e-05 1.530376e-05
10389.600000 -2.856554e-05 -1.050540e-06 -9.636126e-08 -1.558221e-06 9.886547e-05 6.609064e-04 -4.929694e-05 1.112629e-05
10389.800000 -2.860431e-05 -1.054434e-06 -9.676820e-08 -1.557868e-06 9.192051e-05 6.847368e-04 -7.052898e-05 1.434272e-05
10390.000000 -2.862171e-05 -1.058359e-06 -9.703103e-08 -1.557821e-06 8.273451e-05 7.048416e-04 -5.437024e-05 2.096819e-05
10390.200000 -2.862179e-05 -1.057562e-06 -9.642730e-08 -1.557795e-06 8.749971e-05 6.784824e-04 -5.970959e-05 2.559164e-05
10390.400000 -2.861436e-05 -1.058422e-06 -9.637060e-08 -1.557590e-06 9.037059e-05 6.680436e-04 -5.631168e-05 2.433422e-05
10390.600000 -2.860166e-05 -1.054757e-06 -9.603473e-08 -1.556897e-06 1.001700e-04 6.624230e-04 -5.175725e-05 2.872562e-05
10390.800000 -2.860379e-05 -1.057881e-06 -9.648062e-08 -1.557154e-06 9.877797e-05 6.570179e-04 -4.353055e-05 2.562695e-05
10391.000000 -2.858390e-05 -1.055792e-06 -9.649295e-08 -1.557325e-06 9.596469e-05 6.691100e-04 -4.152644e-05 2.808391e-05
10391.200000 -2.858605e-05 -1.053705e-06 -9.600387e-08 -1.556474e-06 9.684747e-05 6.911338e-04 -3.588704e-05 3.813559e-05
10391.400000 -2.860207e-05 -1.058355e-06 -9.634590e-08 -1.556863e-06 1.004931e-04 6.889060e-04 -4.671751e-05 2.928927e-05
10391.600000 -2.857591e-05 -1.053322e-06 -9.571072e-08 -1.556713e-06 9.833151e-05 6.985967e-04 -5.388279e-05 2.226775e-05
10391.800000 -2.857256e-05 -1.055395e-06 -9.586924e-08 -1.556275e-06 1.030201e-04 6.853388e-04 -4.587153e-05 3.293133e-05
10392.000000 -2.857445e-05 -1.055598e-06 -9.567866e-08 -1.556477e-06 9.870032e-05 6.542013e-04 -5.557618e-05 2.943293e-05
10392.200000 -2.859693e-05 -1.060256e-06 -9.621271e-08 -1.557030e-06 9.748823e-05 6.495581e-04 -5.335508e-05 2.383254e-05
10392.400000 -2.860455e-05 -1.060224e-06 -9.597683e-08 -1.557106e-06 9.338021e-05 6.289978e-04 -4.500414e-05 3.152896e-05
10392.600000 -2.861260e-05 -1.062069e-06 -9.586705e-08 -1.558263e-06 9.409520e-05 6.497820e-04 -3.108437e-05 2.712489e-05
10392.800000 -2.858791e-05 -1.061913e-06 -9.568115e-08 -1.558302e-06 9.012350e-05 6.796730e-04 -3.117143e-05 2.259547e-05
10393.000000 -2.854137e-05 -1.054518e-06 -9.477290e-08 -1.557512e-06 8.967134e-05 6.906971e-04 -5.752473e-05 8.611300e-06
10393.200000 -2.853031e-05 -1.052450e-06 -9.426496e-08 -1.556954e-06 9.914389e-05 6.955372e-04 -4.289799e-05 1.752594e-05
10393.400000 -2.851710e-05 -1.050303e-06 -9.395505e-08 -1.557182e-06 9.270224e-05 6.573902e-04 -3.915436e-05 3.009686e-05
10393.600000 -2.850907e-05 -1.050758e-06 -9.381394e-08 -1.556888e-06 9.319404e-05 6.573234e-04 -5.270175e-05 1.828557e-05
10393.800000 -2.855358e-05 -1.055845e-06 -9.405815e-08 -1.559035e-06 9.748592e-05 6.653236e-04 -3.960402e-05 2.626418e-05
10394.000000 -2.857625e-05 -1.061893e-06 -9.470560e-08 -1.560139e-06 9.431497e-05 6.833048e-04 -3.828752e-05 4.832058e-05
10394.200000 -2.857742e-05 -1.062699e-06 -9.495976e-08 -1.560403e-06 9.830785e-05 7.258765e-04 -4.292772e-05 7.227497e-05
10394.400000 -2.853556e-05 -1.056377e-06 -9.425791e-08 -1.560768e-06 9.757306e-05 7.137738e-04 -5.083117e-05 6.854745e-05
10394.600000 -2.854907e-05 -1.058050e-06 -9.421793e-08 -1.560685e-06 9.686496e-05 6.974806e-04 -4.455864e-05 6.647167e-05
10394.800000 -2.856931e-05 -1.061223e-06 -9.443585e-08 -1.562070e-06 9.659862e-05 6.881211e-04 -5.128528e-05 6.117640e-05
10395.000000 -2.857005e-05 -1.061707e-06 -9.428680e-08 -1.561640e-06 9.853767e-05 6.922660e-04 -3.510761e-05 6.970831e-05
10395.200000 -2.857285e-05 -1.060685e-06 -9.403761e-08 -1.562110e-06 1.060720e-04 6.745657e-04 -4.338342e-05 6.533389e-05
10395.400000 -2.855601e-05 -1.060794e-06 -9.400872e-08 -1.561867e-06 9.482980e-05 6.669756e-04 -3.798074e-05 7.275374e-05
10395.600000 -2.855939e-05 -1.061162e-06 -9.402880e-08 -1.562747e-06 9.454658e-05 6.907071e-04 -2.809767e-05 6.680760e-05
10395.800000 -2.856193e-05 -1.063174e-06 -9.405911e-08 -1.562059e-06 9.761603e-05 6.869635e-04 -3.176367e-05 6.074665e-05
10396.000000 -2.853988e-05 -1.058969e-06 -9.340445e-08 -1.560334e-06 8.678686e-05 6.939661e-04 -5.079612e-05 5.169618e-05
10396.200000 -2.852486e-05 -1.056749e-06 -9.308125e-08 -1.559734e-06 8.686901e-05 6.884406e-04 -4.267467e-05 6.208941e-05
10396.400000 -2.854778e-05 -1.061510e-06 -9.318243e-08 -1.559007e-06 8.869438e-05 6.798314e-04 -4.348830e-05 6.122573e-05
10396.600000 -2.853434e-05 -1.060034e-06 -9.293389e-08 -1.558247e-06 9.088853e-05 6.922348e-04 -6.802047e-05 5.424615e-05
10396.800000 -2.849887e-05 -1.055280e-06 -9.241597e-08 -1.555115e-06 8.352580e-05 7.164803e-04 -7.120646e-05 5.913336e-05
10397.000000 -2.851244e-05 -1.058326e-06 -9.279754e-08 -1.553697e-06 8.868324e-05 6.965159e-04 -6.324060e-05 6.535283e-05
10397.227860 -2.855942e-05 -1.066169e-06 -9.358285e-08 -1.551978e-06 9.853341e-05 6.800607e-04 -5.744212e-05 5.501925e-05
10397.483581 -2.855037e-05 -1.066374e-06 -9.338949e-08 -1.548737e-06 8.829812e-05 6.522340e-04 -5.503443e-05 5.892050e-05
10397.767162 -2.854475e-05 -1.066781e-06 -9.315091e-08 -1.545219e-06 9.270684e-05 6.415991e-04 -6.024606e-05 5.553323e-05
10398.078604 -2.853864e-05 -1.066564e-06 -9.324731e-08 -1.540149e-06 9.980013e-05 6.489538e-04 -4.653180e-05 6.384390e-05
10398.417905 -2.853579e-05 -1.068206e-06 -9.347878e-08 -1.534729e-06 9.702314e-05 6.642973e-04 -4.916121e-05 5.571105e-05
10398.785067 -2.855509e-05 -1.075207e-06 -9.400219e-08 -1.528852e-06 9.352136e-05 6.811522e-04 -4.012131e-05 3.586730e-05
10399.180090 -2.849520e-05 -1.069608e-06 -9.318907e-08 -1.519838e-06 9.393791e-05 6.844113e-04 -3.195614e-05 3.344784e-05
10399.602973 -2.846029e-05 -1.067555e-06 -9.288602e-08 -1.510290e-06 8.720320e-05 6.591907e-04 -3.987450e-05 4.030895e-05
10400.053716 -2.853235e-05 -1.079622e-06 -9.399420e-08 -1.503599e-06 8.335622e-05 6.659124e-04 -2.964890e-05 3.822625e-05
10400.532319 -2.853921e-05 -1.084491e-06 -9.414316e-08 -1.495508e-06 8.730902e-05 6.608330e-04 -4.209969e-05 3.807371e-05
10401.038783 -2.850533e-05 -1.082183e-06 -9.376638e-08 -1.486215e-06 1.003753e-04 6.596023e-04 -3.565573e-05 4.176253e-05
10401.573107 -2.848374e-05 -1.082430e-06 -9.406290e-08 -1.478345e-06 1.019622e-04 6.673744e-04 -3.131307e-05 4.486525e-05
10402.135292 -2.851614e-05 -1.090440e-06 -9.480425e-08 -1.472473e-06 1.030659e-04 6.761026e-04 -3.782542e-05 4.389221e-05
10402.725337 -2.851850e-05 -1.092562e-06 -9.515067e-08 -1.467212e-06 1.071960e-04 6.831106e-04 -3.219080e-05 2.753823e-05
10403.343242 -2.850085e-05 -1.092007e-06 -9.539310e-08 -1.463143e-06 1.069418e-04 7.029607e-04 -2.756268e-05 2.673150e-05
10403.989008 -2.845929e-05 -1.088829e-06 -9.506995e-08 -1.461308e-06 9.939264e-05 7.017740e-04 -3.213782e-05 2.395093e-05
10404.662634 -2.841418e-05 -1.083103e-06 -9.484179e-08 -1.460046e-06 1.029799e-04 7.090145e-04 -2.283786e-05 3.348043e-05
10405.364120 -2.840598e-05 -1.083423e-06 -9.549841e-08 -1.460743e-06 1.068995e-04 7.157930e-04 -1.823998e-05 3.673969e-05
10406.093467 -2.841968e-05 -1.085978e-06 -9.614835e-08 -1.463536e-06 1.143394e-04 7.336787e-04 -2.028451e-05 2.964241e-05
10406.850674 -2.844105e-05 -1.088648e-06 -9.682285e-08 -1.467068e-06 1.213286e-04 7.299103e-04 -2.752969e-05 2.888608e-05
10407.635741 -2.846270e-05 -1.091789e-06 -9.815208e-08 -1.470736e-06 1.198280e-04 7.266871e-04 -1.404856e-05 4.356848e-05
10408.448669 -2.845215e-05 -1.090220e-06 -9.880518e-08 -1.475263e-06 1.149272e-04 7.170715e-04 -2.037814e-05 4.039189e-05
10409.289457 -2.836310e-05 -1.079744e-06 -9.868761e-08 -1.477796e-06 9.860780e-05 7.067861e-04 -1.871404e-05 2.948328e-05
10410.158106 -2.826091e-05 -1.066747e-06 -9.869831e-08 -1.479994e-06 9.205877e-05 6.989085e-04 -3.156797e-05 2.846206e-05
10411.054614 -2.835913e-05 -1.078569e-06 -1.004932e-07 -1.490486e-06 9.216471e-05 6.997625e-04 -1.983151e-05 3.056522e-05
10411.978983 -2.839428e-05 -1.081757e-06 -1.015234e-07 -1.500622e-06 9.384295e-05 6.953033e-04 -1.285969e-05 3.392398e-05
10412.931213 -2.835102e-05 -1.073981e-06 -1.015834e-07 -1.510021e-06 1.017726e-04 6.954841e-04 -1.836685e-05 3.529036e-05
10413.911303 -2.835818e-05 -1.074099e-06 -1.023910e-07 -1.522530e-06 9.832250e-05 6.960172e-04 -3.071847e-05 4.681614e-05
10414.919253 -2.838036e-05 -1.076159e-06 -1.033464e-07 -1.536085e-06 8.619142e-05 7.203273e-04 -3.180574e-05 3.828232e-05
10415.955064 -2.833977e-05 -1.069483e-06 -1.031016e-07 -1.548327e-06 9.192028e-05 7.387131e-04 -2.836973e-05 3.420116e-05
10417.018734 -2.834914e-05 -1.068180e-06 -1.034296e-07 -1.561184e-06 1.013825e-04 7.127550e-04 -2.928000e-05 3.245306e-05
10418.110266 -2.832454e-05 -1.062809e-06 -1.032234e-07 -1.570963e-06 1.018131e-04 6.878125e-04 -1.781409e-05 3.279244e-05
10419.232723 -2.823754e-05 -1.050675e-06 -1.022373e-07 -1.578166e-06 1.027263e-04 7.050434e-04 -1.068954e-05 3.182706e-05
10420.367373 -2.817572e-05 -1.043482e-06 -1.018268e-07 -1.583604e-06 1.197688e-04 7.024935e-04 -1.543605e-05 2.956831e-05
10421.514214 -2.807241e-05 -1.030976e-06 -1.005500e-07 -1.585897e-06 1.073981e-04 6.918394e-04 -3.890886e-05 1.504960e-05
10422.673248 -2.814625e-05 -1.037132e-06 -1.006819e-07 -1.596001e-06 1.000641e-04 6.624981e-04 -3.612218e-05 1.831736e-05
10423.844473 -2.818297e-05 -1.041921e-06 -1.010723e-07 -1.602027e-06 1.037843e-04 6.741670e-04 -2.778031e-05 3.244251e-05
10425.027890 -2.816588e-05 -1.041441e-06 -1.009684e-07 -1.604424e-06 1.034930e-04 6.841199e-04 -3.221837e-05 3.518718e-05
10426.223499 -2.813102e-05 -1.038814e-06 -1.004882e-07 -1.605319e-06 9.508536e-05 7.032688e-04 -4.049143e-05 3.197337e-05
10427.431300 -2.817086e-05 -1.045148e-06 -1.008684e-07 -1.608265e-06 1.052069e-04 7.017112e-04 -3.399532e-05 2.793921e-05
10428.651293 -2.818701e-05 -1.048212e-06 -1.011297e-07 -1.609734e-06 1.095476e-04 6.888906e-04 -3.587212e-05 2.934743e-05
10429.883478 -2.806623e-05 -1.036164e-06 -1.001094e-07 -1.607010e-06 1.118501e-04 6.940946e-04 -3.475847e-05 3.290661e-05
10431.127855 -2.806567e-05 -1.036199e-06 -9.984400e-08 -1.609536e-06 1.137334e-04 6.864528e-04 -2.797649e-05 3.003758e-05
10432.384423 -2.807717e-05 -1.038626e-06 -9.980759e-08 -1.612807e-06 9.887611e-05 6.987118e-04 -3.338239e-05 3.030674e-05
10433.653184 -2.812214e-05 -1.045011e-06 -1.004287e-07 -1.616426e-06 9.159797e-05 7.035006e-04 -4.048822e-05 3.900840e-05
10434.934136 -2.812582e-05 -1.046875e-06 -1.005918e-07 -1.617765e-06 9.190883e-05 7.064568e-04 -4.693408e-05 4.142028e-05
10436.227280 -2.811894e-05 -1.048164e-06 -1.004113e-07 -1.617786e-06 9.662083e-05 6.997668e-04 -4.819437e-05 4.202179e-05
10437.532617 -2.811241e-05 -1.049539e-06 -1.005071e-07 -1.616894e-06 9.704657e-05 6.953517e-04 -4.665499e-05 3.108251e-05
10438.850145 -2.810678e-05 -1.051482e-06 -1.008469e-07 -1.615293e-06 1.032023e-04 6.618867e-04 -4.230997e-05 5.678626e-05
10440.179865 -2.808494e-05 -1.051918e-06 -1.007230e-07 -1.613251e-06 1.086438e-04 6.839119e-04 -3.922250e-05 5.126172e-05
10441.521777 -2.807884e-05 -1.053621e-06 -1.001528e-07 -1.610689e-06 9.933036e-05 6.818886e-04 -4.155654e-05 4.921556e-05
10442.875881 -2.804642e-05 -1.053047e-06 -9.997147e-08 -1.607528e-06 9.988755e-05 7.061675e-04 -3.767174e-05 5.304665e-05
10444.242177 -2.794842e-05 -1.044201e-06 -9.922559e-08 -1.602752e-06 1.035566e-04 7.103875e-04 -2.756239e-05 5.666204e-05
10445.620664 -2.801143e-05 -1.055265e-06 -9.959705e-08 -1.601301e-06 1.039103e-04 7.099997e-04 -2.472097e-05 3.315748e-05
10447.011344 -2.802914e-05 -1.061314e-06 -9.966765e-08 -1.598452e-06 1.088094e-04 7.038734e-04 -2.515998e-05 3.242423e-05
10448.414215 -2.796696e-05 -1.056652e-06 -9.958851e-08 -1.595556e-06 1.138635e-04 7.063421e-04 -2.547304e-05 3.240123e-05
10449.829279 -2.796534e-05 -1.060323e-06 -1.000537e-07 -1.592381e-06 1.153154e-04 7.043795e-04 -2.567728e-05 2.995483e-05
10451.256534 -2.795397e-05 -1.062768e-06 -9.998878e-08 -1.588325e-06 1.023530e-04 7.161289e-04 -2.636349e-05 3.552863e-05
10452.695981 -2.792849e-05 -1.062687e-06 -9.988482e-08 -1.585198e-06 9.664364e-05 7.255865e-04 -2.641021e-05 3.795931e-05
10454.147620 -2.794015e-05 -1.067443e-06 -1.007198e-07 -1.582781e-06 9.528845e-05 7.195053e-04 -3.585246e-05 2.699261e-05
10455.611452 -2.795383e-05 -1.073758e-06 -1.013571e-07 -1.580432e-06 8.904356e-05 7.172356e-04 -2.788174e-05 2.423002e-05
10457.087475 -2.793119e-05 -1.074523e-06 -1.010679e-07 -1.577719e-06 8.863810e-05 7.112272e-04 -3.670154e-05 2.782833e-05
10458.575689 -2.789926e-05 -1.074101e-06 -1.009185e-07 -1.575297e-06 9.848144e-05 7.067118e-04 -2.963358e-05 3.085460e-05
10460.076096 -2.788643e-05 -1.075428e-06 -1.009139e-07 -1.573181e-06 9.903900e-05 7.250327e-04 -2.624955e-05 2.441379e-05
10461.588695 -2.787182e-05 -1.075922e-06 -1.011892e-07 -1.571927e-06 9.507063e-05 7.092494e-04 -2.767015e-05 1.997247e-05
10463.113485 -2.785687e-05 -1.076999e-06 -1.010232e-07 -1.570981e-06 9.535210e-05 7.025688e-04 -3.512500e-05 2.506967e-05
10464.650468 -2.782327e-05 -1.076122e-06 -1.007341e-07 -1.570806e-06 9.195516e-05 7.236044e-04 -3.331524e-05 3.137691e-05
10466.199642 -2.779386e-05 -1.075783e-06 -1.004494e-07 -1.570506e-06 8.786255e-05 7.173448e-04 -4.576331e-05 3.632642e-05
10467.761009 -2.776105e-05 -1.073104e-06 -1.002394e-07 -1.570694e-06 8.224513e-05 7.041789e-04 -4.936433e-05 3.316509e-05
10469.334567 -2.776094e-05 -1.077209e-06 -1.005703e-07 -1.571214e-06 9.056752e-05 7.228130e-04 -4.381992e-05 3.316648e-05
10470.920317 -2.774789e-05 -1.078356e-06 -1.002380e-07 -1.570881e-06 9.130848e-05 7.246428e-04 -4.494464e-05 3.524731e-05
10472.518259 -2.775121e-05 -1.080868e-06 -1.001589e-07 -1.570589e-06 9.832704e-05 7.264843e-04 -4.796023e-05 2.699705e-05
10474.128393 -2.772094e-05 -1.081324e-06 -1.003093e-07 -1.570731e-06 1.104571e-04 7.062149e-04 -3.520091e-05 2.218485e-05
10475.750719 -2.769526e-05 -1.079869e-06 -1.005595e-07 -1.570440e-06 1.139126e-04 6.739190e-04 -2.215093e-05 3.213808e-05
10477.385237 -2.762539e-05 -1.074734e-06 -1.004232e-07 -1.569173e-06 1.125592e-04 6.851913e-04 -2.964302e-05 3.599399e-05
10479.031946 -2.761600e-05 -1.076380e-06 -1.006453e-07 -1.569096e-06 1.128016e-04 7.132522e-04 -3.291762e-05 3.495474e-05
10480.690848 -2.759936e-05 -1.077168e-06 -1.009292e-07 -1.569249e-06 1.122345e-04 7.079401e-04 -3.965152e-05 3.917635e-05
10482.361942 -2.758638e-05 -1.078491e-06 -1.017264e-07 -1.568371e-06 1.010962e-04 7.046369e-04 -4.773099e-05 3.850865e-05
10484.045227 -2.751594e-05 -1.073977e-06 -1.022489e-07 -1.566661e-06 1.031038e-04 6.754503e-04 -3.613885e-05 2.268259e-05
10485.740704 -2.745261e-05 -1.068582e-06 -1.023721e-07 -1.565893e-06 9.821429e-05 6.652953e-04 -3.639936e-05 2.669101e-05
10487.448374 -2.742564e-05 -1.066887e-06 -1.024705e-07 -1.565373e-06 1.035683e-04 6.742202e-04 -3.463908e-05 3.539060e-05
10489.168235 -2.743529e-05 -1.072454e-06 -1.035825e-07 -1.566493e-06 9.979205e-05 6.533600e-04 -4.014771e-05 3.191166e-05
10490.900288 -2.745690e-05 -1.077439e-06 -1.047962e-07 -1.568594e-06 1.040474e-04 6.592944e-04 -3.860612e-05 3.611471e-05
10492.644533 -2.749693e-05 -1.085827e-06 -1.057393e-07 -1.569232e-06 1.029331e-04 6.553796e-04 -3.407256e-05 4.026618e-05
10494.400970 -2.745794e-05 -1.083391e-06 -1.055817e-07 -1.569893e-06 1.036664e-04 6.740486e-04 -4.304389e-05 3.522116e-05
10496.169598 -2.742880e-05 -1.083171e-06 -1.057577e-07 -1.571742e-06 1.038520e-04 6.792249e-04 -4.368454e-05 3.240680e-05
10497.950419 -2.740627e-05 -1.081122e-06 -1.060405e-07 -1.573192e-06 1.034858e-04 6.853765e-04 -2.562752e-05 3.863548e-05
10499.743432 -2.736262e-05 -1.080116e-06 -1.065214e-07 -1.575614e-06 1.016358e-04 7.055420e-04 -2.648713e-05 3.613837e-05
10501.548636 -2.732547e-05 -1.077136e-06 -1.063320e-07 -1.577626e-06 1.042727e-04 6.954689e-04 -2.976410e-05 4.026009e-05
10503.366032 -2.725133e-05 -1.072848e-06 -1.061047e-07 -1.578668e-06 1.054168e-04 6.833385e-04 -3.459778e-05 3.570590e-05
10505.195621 -2.720946e-05 -1.069698e-06 -1.058783e-07 -1.579948e-06 1.025799e-04 6.707713e-04 -4.605085e-05 2.461386e-05
10507.037401 -2.725887e-05 -1.078711e-06 -1.068435e-07 -1.583710e-06 1.120478e-04 6.617503e-04 -3.123645e-05 3.004185e-05
10508.891373 -2.726648e-05 -1.082066e-06 -1.072534e-07 -1.585394e-06 1.102159e-04 6.538576e-04 -2.674847e-05 3.188281e-05
10510.757537 -2.721647e-05 -1.080396e-06 -1.068870e-07 -1.586271e-06 1.138379e-04 6.619116e-04 -1.209769e-05 3.185646e-05
10512.635893 -2.714009e-05 -1.077047e-06 -1.062951e-07 -1.584163e-06 1.106385e-04 6.918657e-04 -9.233368e-06 3.494716e-05
10514.526441 -2.709553e-05 -1.076996e-06 -1.061366e-07 -1.583031e-06 1.050934e-04 6.994368e-04 -1.723391e-05 2.153749e-05
10516.429181 -2.712711e-05 -1.080389e-06 -1.060003e-07 -1.585034e-06 9.944296e-05 6.885289e-04 -1.989456e-05 3.158041e-05
10518.344112 -2.709757e-05 -1.080902e-06 -1.059340e-07 -1.584928e-06 9.897396e-05 6.808420e-04 -2.873113e-05 2.516618e-05
10520.271236 -2.694980e-05 -1.076458e-06 -1.052242e-07 -1.578118e-06 1.044561e-04 6.739416e-04 -2.598801e-05 1.735930e-05
10522.210552 -2.703946e-05 -1.081161e-06 -1.052308e-07 -1.584643e-06 1.102514e-04 6.930390e-04 -2.677855e-05 3.682488e-05
10524.162059 -2.702189e-05 -1.084084e-06 -1.052757e-07 -1.583209e-06 1.092200e-04 6.949269e-04 -3.619485e-05 3.686765e-05
10526.125758 -2.693432e-05 -1.082453e-06 -1.049196e-07 -1.580279e-06 1.147867e-04 7.066740e-04 -3.544292e-05 3.053229e-05
10528.101649 -2.683198e-05 -1.077620e-06 -1.044219e-07 -1.574868e-06 1.143457e-04 6.946250e-04 -2.395399e-05 3.870917e-05
10530.089733 -2.682712e-05 -1.081574e-06 -1.046632e-07 -1.574905e-06 1.106420e-04 6.919257e-04 -3.588302e-05 3.131332e-05
10532.090008 -2.692930e-05 -1.090670e-06 -1.053569e-07 -1.579513e-06 1.141614e-04 7.052484e-04 -4.143034e-05 2.692650e-05
10534.102475 -2.688704e-05 -1.091602e-06 -1.052469e-07 -1.576138e-06 1.112530e-04 7.052486e-04 -2.847054e-05 2.235302e-05
10536.127133 -2.685552e-05 -1.094767e-06 -1.055168e-07 -1.573475e-06 1.052921e-04 6.878405e-04 -3.028326e-05 2.505934e-05
10538.163984 -2.687446e-05 -1.097482e-06 -1.057527e-07 -1.574777e-06 1.079663e-04 7.160490e-04 -2.369278e-05 2.577015e-05
10540.213027 -2.683510e-05 -1.095995e-06 -1.058648e-07 -1.573391e-06 9.839960e-05 6.939088e-04 -2.487354e-05 1.853995e-05
10542.274261 -2.679580e-05 -1.095852e-06 -1.057058e-07 -1.572533e-06 1.016679e-04 6.944045e-04 -7.215372e-06 2.730640e-05
10544.347688 -2.676908e-05 -1.097698e-06 -1.061187e-07 -1.570686e-06 1.119425e-04 6.866253e-04 -2.178082e-05 2.569740e-05
10546.433306 -2.673933e-05 -1.098253e-06 -1.065429e-07 -1.569569e-06 1.075351e-04 7.024143e-04 -2.585379e-05 3.069378e-05
10548.531117 -2.671276e-05 -1.100684e-06 -1.071669e-07 -1.568637e-06 1.176588e-04 6.891751e-04 -1.214161e-05 4.442433e-05
10550.641119 -2.665519e-05 -1.097982e-06 -1.074972e-07 -1.567005e-06 1.126642e-04 6.885088e-04 -1.113575e-05 4.067407e-05
10552.763313 -2.660219e-05 -1.099929e-06 -1.078783e-07 -1.565030e-06 1.040640e-04 6.842763e-04 -2.150296e-05 4.277638e-05
10554.897699 -2.656892e-05 -1.100732e-06 -1.082222e-07 -1.564579e-06 1.117779e-04 6.944345e-04 -1.674536e-05 3.891793e-05
10557.044277 -2.653705e-05 -1.100719e-06 -1.086996e-07 -1.563791e-06 1.024790e-04 7.076659e-04 -2.074253e-05 2.812046e-05
10559.203047 -2.650263e-05 -1.101122e-06 -1.092292e-07 -1.562905e-06 1.011408e-04 6.973977e-04 -2.137311e-05 3.481285e-05
10561.374008 -2.640448e-05 -1.092072e-06 -1.087651e-07 -1.559233e-06 9.691343e-05 6.936562e-04 -2.515831e-05 4.842657e-05
10563.557162 -2.638766e-05 -1.095711e-06 -1.093286e-07 -1.558627e-06 8.598044e-05 6.797644e-04 -2.251710e-05 4.460909e-05
10565.752508 -2.635287e-05 -1.096997e-06 -1.094450e-07 -1.558264e-06 9.524902e-05 6.961696e-04 -1.710183e-05 4.423645e-05
10567.960045 -2.633732e-05 -1.099560e-06 -1.098155e-07 -1.557305e-06 1.006753e-04 7.163996e-04 -3.237330e-05 4.205527e-05
10570.179775 -2.630005e-05 -1.101293e-06 -1.101399e-07 -1.555732e-06 9.862899e-05 7.198253e-04 -3.322839e-05 4.012221e-05
10572.411696 -2.626510e-05 -1.102060e-06 -1.107925e-07 -1.555228e-06 1.054121e-04 7.272294e-04 -3.074060e-05 3.265713e-05
10574.655809 -2.621636e-05 -1.102307e-06 -1.113678e-07 -1.553688e-06 1.012142e-04 7.160101e-04 -3.566746e-05 3.922585e-05
10576.912114 -2.616789e-05 -1.101632e-06 -1.117564e-07 -1.551491e-06 1.018481e-04 7.085701e-04 -3.473895e-05 4.899754e-05
10579.180611 -2.606498e-05 -1.093737e-06 -1.113509e-07 -1.549005e-06 1.066412e-04 7.238852e-04 -3.000394e-05 4.378979e-05
10581.461300 -2.603592e-05 -1.095880e-06 -1.113882e-07 -1.547623e-06 1.098370e-04 7.295769e-04 -3.034228e-05 3.671259e-05
10583.754181 -2.601561e-05 -1.101220e-06 -1.120472e-07 -1.546135e-06 1.052596e-04 7.211106e-04 -2.564118e-05 2.942766e-05
10586.059254 -2.598237e-05 -1.105161e-06 -1.123125e-07 -1.542761e-06 1.126958e-04 7.151628e-04 -2.266863e-05 2.527248e-05
10588.376518 -2.589643e-05 -1.103993e-06 -1.119865e-07 -1.538151e-06 1.145731e-04 7.032445e-04 -2.828275e-05 2.695097e-05
10590.705975 -2.579971e-05 -1.102465e-06 -1.118086e-07 -1.532919e-06 1.009401e-04 7.003622e-04 -3.388681e-05 1.781612e-05
10593.047623 -2.571165e-05 -1.102422e-06 -1.115954e-07 -1.526490e-06 1.050533e-04 6.832116e-04 -3.270607e-05 1.499660e-05
10595.401464 -2.569373e-05 -1.104184e-06 -1.120379e-07 -1.526426e-06 9.448530e-05 7.104438e-04 -3.305622e-05 1.988122e-05
10597.767496 -2.569398e-05 -1.104932e-06 -1.123752e-07 -1.527520e-06 9.698952e-05 7.084818e-04 -3.849718e-05 2.076090e-05
10600.145720 -2.567168e-05 -1.104709e-06 -1.122240e-07 -1.527153e-06 1.054713e-04 7.143410e-04 -3.157922e-05 2.833134e-05
10602.536136 -2.561718e-05 -1.106115e-06 -1.122320e-07 -1.525114e-06 1.010939e-04 7.322952e-04 -3.361976e-05 2.054250e-05
10604.938744 -2.551660e-05 -1.103673e-06 -1.118286e-07 -1.519767e-06 1.034661e-04 7.492577e-04 -2.564348e-05 2.837092e-05
10607.353544 -2.544782e-05 -1.103064e-06 -1.119687e-07 -1.516632e-06 1.101430e-04 7.352207e-04 -3.788593e-05 1.987948e-05
10609.780536 -2.540420e-05 -1.104561e-06 -1.123274e-07 -1.514716e-06 1.119598e-04 7.225832e-04 -3.208099e-05 1.956702e-05
10612.219720 -2.533637e-05 -1.101114e-06 -1.118545e-07 -1.513939e-06 1.149791e-04 7.579663e-04 -2.210635e-05 2.452957e-05
10614.671096 -2.536473e-05 -1.105843e-06 -1.119447e-07 -1.516348e-06 9.606574e-05 7.320023e-04 -3.553936e-05 2.451863e-05
10617.134663 -2.537325e-05 -1.108759e-06 -1.122357e-07 -1.519147e-06 9.119600e-05 7.154965e-04 -4.573001e-05 1.016925e-05
10619.610423 -2.533470e-05 -1.106793e-06 -1.125540e-07 -1.519354e-06 9.515314e-05 7.390967e-04 -4.382707e-05 6.608719e-06
10622.098374 -2.529096e-05 -1.106450e-06 -1.128093e-07 -1.518655e-06 1.017468e-04 7.760220e-04 -4.045121e-05 7.284840e-06
10624.598517 -2.523043e-05 -1.104351e-06 -1.125964e-07 -1.518052e-06 9.746341e-05 7.747247e-04 -4.244331e-05 1.435226e-05
10627.110852 -2.516695e-05 -1.103708e-06 -1.124619e-07 -1.515584e-06 9.443651e-05 7.825666e-04 -4.211151e-05 1.497390e-05
10629.635380 -2.514526e-05 -1.108793e-06 -1.129330e-07 -1.513633e-06 1.007461e-04 7.526757e-04 -2.396736e-05 1.719110e-05
10632.172099 -2.511238e-05 -1.111088e-06 -1.134485e-07 -1.511745e-06 9.790100e-05 7.403608e-04 -2.254867e-05 9.062307e-06
10634.721009 -2.505403e-05 -1.112082e-06 -1.137478e-07 -1.509341e-06 8.574475e-05 7.549459e-04 -3.847557e-05 2.374056e-05
10637.282112 -2.498709e-05 -1.111391e-06 -1.135553e-07 -1.507145e-06 8.533095e-05 7.639853e-04 -2.799800e-05 1.211529e-05
10639.855407 -2.494919e-05 -1.113678e-06 -1.135554e-07 -1.505309e-06 8.512848e-05 7.597857e-04 -1.253362e-05 1.652391e-05
10642.440894 -2.487857e-05 -1.114436e-06 -1.136919e-07 -1.501654e-06 8.347864e-05 7.748951e-04 -3.044512e-05 1.285090e-05
10645.038572 -2.479901e-05 -1.111725e-06 -1.141839e-07 -1.498450e-06 8.392058e-05 7.752785e-04 -3.470436e-05 2.278807e-05
10647.648443 -2.474072e-05 -1.110281e-06 -1.144203e-07 -1.497617e-06 8.419188e-05 7.477541e-04 -2.986044e-05 1.574595e-05
10650.270505 -2.470983e-05 -1.114953e-06 -1.149386e-07 -1.495703e-06 8.636907e-05 7.790589e-04 -2.155772e-05 2.259569e-05
10652.904759 -2.463342e-05 -1.113375e-06 -1.149000e-07 -1.490957e-06 8.893021e-05 7.791871e-04 -3.292946e-05 2.137687e-05
10655.551205 -2.458983e-05 -1.117487e-06 -1.158088e-07 -1.489020e-06 8.043471e-05 7.691716e-04 -2.428724e-05 1.529746e-05
10658.209844 -2.443776e-05 -1.110313e-06 -1.156237e-07 -1.481025e-06 8.314969e-05 7.724026e-04 -2.718302e-05 1.716475e-05
10660.880674 -2.442636e-05 -1.113216e-06 -1.162502e-07 -1.481423e-06 8.861167e-05 7.450040e-04 -1.574648e-05 3.767575e-05
10663.563696 -2.441310e-05 -1.114094e-06 -1.167137e-07 -1.482309e-06 8.229359e-05 7.427301e-04 -3.575236e-05 2.267738e-05
10666.258909 -2.434793e-05 -1.112543e-06 -1.166862e-07 -1.479654e-06 8.807111e-05 7.758267e-04 -2.338661e-05 1.954252e-05
10668.966315 -2.431097e-05 -1.117537e-06 -1.175364e-07 -1.477041e-06 9.130461e-05 7.710872e-04 -1.382338e-05 1.693029e-05
10671.685913 -2.425290e-05 -1.118966e-06 -1.181672e-07 -1.473822e-06 8.243090e-05 7.674345e-04 -9.531664e-06 2.362251e-05
10674.417702 -2.420078e-05 -1.121087e-06 -1.186889e-07 -1.470075e-06 7.705457e-05 7.884384e-04 -1.976053e-05 2.245309e-05
10677.161684 -2.411547e-05 -1.119408e-06 -1.184869e-07 -1.465905e-06 9.274641e-05 7.936098e-04 -1.760235e-05 2.374861e-05
10679.917857 -2.396990e-05 -1.112720e-06 -1.178406e-07 -1.459817e-06 8.217990e-05 7.568411e-04 -2.329338e-05 2.685028e-05
10682.686222 -2.392276e-05 -1.117150e-06 -1.184659e-07 -1.456019e-06 8.724445e-05 7.508597e-04 -1.979225e-05 2.694986e-05
10685.466780 -2.384800e-05 -1.118783e-06 -1.188255e-07 -1.451196e-06 8.366429e-05 7.516865e-04 -1.850956e-05 2.650420e-05
10688.259529 -2.374318e-05 -1.118116e-06 -1.191365e-07 -1.445920e-06 8.216123e-05 7.707793e-04 -1.484532e-05 2.292185e-05
10691.064470 -2.366420e-05 -1.115999e-06 -1.190154e-07 -1.443602e-06 7.863621e-05 7.568927e-04 -1.576865e-05 2.473201e-05
10693.881602 -2.367930e-05 -1.120036e-06 -1.195578e-07 -1.445939e-06 8.401017e-05 7.676917e-04 -3.004650e-06 1.916337e-05
10696.710927 -2.364978e-05 -1.118610e-06 -1.195366e-07 -1.446268e-06 9.079510e-05 7.789949e-04 -1.455476e-05 1.513134e-05
10699.552444 -2.359057e-05 -1.118776e-06 -1.198532e-07 -1.443259e-06 8.783901e-05 7.828307e-04 -1.875420e-05 2.481324e-05
10702.406153 -2.347744e-05 -1.118598e-06 -1.198085e-07 -1.436872e-06 9.179208e-05 7.897490e-04 -1.326127e-05 3.076788e-05
10705.272053 -2.338060e-05 -1.115671e-06 -1.193486e-07 -1.432371e-06 8.933892e-05 7.980451e-04 -1.575827e-05 3.652029e-05
10708.150146 -2.336435e-05 -1.115096e-06 -1.190755e-07 -1.432097e-06 8.640092e-05 8.025463e-04 -2.564716e-05 2.942552e-05
10711.040430 -2.337929e-05 -1.121460e-06 -1.198388e-07 -1.433241e-06 8.589536e-05 8.216737e-04 -2.087647e-05 2.557184e-05
10713.942906 -2.333417e-05 -1.119999e-06 -1.199220e-07 -1.432771e-06 8.853284e-05 8.244442e-04 -2.511526e-05 2.742817e-05
10716.857574 -2.328142e-05 -1.120308e-06 -1.199298e-07 -1.430670e-06 8.337926e-05 8.339348e-04 -1.641934e-05 2.660273e-05
10719.784435 -2.321772e-05 -1.120526e-06 -1.199460e-07 -1.427826e-06 8.721050e-05 8.438840e-04 -2.451837e-06 3.278600e-05
10722.723487 -2.314482e-05 -1.118359e-06 -1.198166e-07 -1.424916e-06 8.801396e-05 8.252566e-04 -4.580928e-06 3.053398e-05
10725.674730 -2.309887e-05 -1.122354e-06 -1.204544e-07 -1.422485e-06 8.938689e-05 8.264547e-04 -3.259383e-06 2.849003e-05
10728.638166 -2.298046e-05 -1.118143e-06 -1.202153e-07 -1.416605e-06 8.502405e-05 8.045687e-04 -2.402589e-05 1.983746e-05
10731.613794 -2.290690e-05 -1.118459e-06 -1.203633e-07 -1.413006e-06 8.536324e-05 8.252561e-04 -2.843625e-05 2.313526e-05
10734.601614 -2.288909e-05 -1.122229e-06 -1.206765e-07 -1.411915e-06 8.619154e-05 8.222029e-04 -1.666948e-05 3.560164e-05
10737.601625 -2.281552e-05 -1.120913e-06 -1.206561e-07 -1.408511e-06 8.848205e-05 8.343442e-04 -1.618720e-05 5.585267e-05
10740.613829 -2.274763e-05 -1.121138e-06 -1.209765e-07 -1.405816e-06 8.942379e-05 8.370868e-04 -1.778041e-05 5.487768e-05
10743.638224 -2.266632e-05 -1.120154e-06 -1.214018e-07 -1.402227e-06 8.959675e-05 8.433354e-04 -9.180086e-06 4.924805e-05
10746.674811 -2.258365e-05 -1.118286e-06 -1.213580e-07 -1.397502e-06 8.417264e-05 8.394176e-04 -1.548872e-05 1.691563e-05
10749.723590 -2.250427e-05 -1.117367e-06 -1.213376e-07 -1.393751e-06 7.940718e-05 8.201532e-04 -2.758842e-05 2.615290e-05
10752.784561 -2.239312e-05 -1.112934e-06 -1.211228e-07 -1.388250e-06 8.000914e-05 8.094251e-04 -2.696708e-05 4.361294e-05
10755.857724 -2.225931e-05 -1.109223e-06 -1.212344e-07 -1.380898e-06 8.103066e-05 7.940766e-04 -2.396611e-05 5.083076e-05
10758.943079 -2.219584e-05 -1.108364e-06 -1.211170e-07 -1.379234e-06 8.256159e-05 7.964799e-04 -2.511975e-05 5.238346e-05
10762.040626 -2.215020e-05 -1.108061e-06 -1.207369e-07 -1.377819e-06 7.742453e-05 7.856279e-04 -1.688598e-05 4.655494e-05
10765.150365 -2.207190e-05 -1.105967e-06 -1.203310e-07 -1.374113e-06 7.777024e-05 8.213456e-04 -1.078837e-05 4.986244e-05
10768.272295 -2.197876e-05 -1.102620e-06 -1.204363e-07 -1.369723e-06 7.721522e-05 8.457629e-04 -2.134395e-05 4.960208e-05
10771.406418 -2.190787e-05 -1.103782e-06 -1.207747e-07 -1.365383e-06 8.333769e-05 8.320302e-04 -1.902202e-05 2.358565e-05
10774.552732 -2.181626e-05 -1.101617e-06 -1.205773e-07 -1.361351e-06 9.009840e-05 8.054126e-04 -1.767261e-05 2.562580e-05
10777.711239 -2.171235e-05 -1.097372e-06 -1.202642e-07 -1.355755e-06 8.245804e-05 8.088816e-04 -2.254350e-05 1.642259e-05
10780.881937 -2.159756e-05 -1.092181e-06 -1.205423e-07 -1.350718e-06 8.395704e-05 8.243703e-04 -2.043360e-05 2.118209e-05
10784.064827 -2.149921e-05 -1.087829e-06 -1.210545e-07 -1.345995e-06 8.075534e-05 8.205621e-04 -2.785276e-05 2.198217e-05
10787.259909 -2.141572e-05 -1.087365e-06 -1.215033e-07 -1.341715e-06 8.506931e-05 8.151424e-04 -3.397280e-05 1.850451e-05
10790.467183 -2.130086e-05 -1.083073e-06 -1.214052e-07 -1.336435e-06 8.448405e-05 8.203038e-04 -3.100232e-05 2.174231e-05
10793.686649 -2.126356e-05 -1.088897e-06 -1.227584e-07 -1.333668e-06 8.674847e-05 8.128395e-04 -3.085912e-05 2.449719e-05
10796.918307 -2.112648e-05 -1.081496e-06 -1.224887e-07 -1.326489e-06 9.014188e-05 8.233856e-04 -2.800590e-05 3.404921e-05
10800.162157 -2.097859e-05 -1.072202e-06 -1.218455e-07 -1.319473e-06 8.292307e-05 8.247140e-04 -3.076533e-05 2.926293e-05
10803.418198 -2.090457e-05 -1.074205e-06 -1.222383e-07 -1.315408e-06 9.086106e-05 8.047985e-04 -3.988835e-05 1.760336e-05
10806.686432 -2.076066e-05 -1.071425e-06 -1.223391e-07 -1.306229e-06 9.535881e-05 8.073129e-04 -3.983891e-05 2.789141e-05
10809.966857 -2.075753e-05 -1.078875e-06 -1.233974e-07 -1.306505e-06 1.001494e-04 7.600465e-04 -3.481623e-05 3.141528e-05
10813.259474 -2.070300e-05 -1.076952e-06 -1.231403e-07 -1.303991e-06 9.850868e-05 7.424983e-04 -3.674842e-05 2.158775e-05
10816.564284 -2.055592e-05 -1.067717e-06 -1.219560e-07 -1.296105e-06 1.027065e-04 7.653767e-04 -2.805624e-05 1.875251e-05
10819.881285 -2.050720e-05 -1.071261e-06 -1.222068e-07 -1.293445e-06 9.484322e-05 7.602667e-04 -2.857378e-05 2.756366e-05
10823.210478 -2.042400e-05 -1.071382e-06 -1.220740e-07 -1.289457e-06 9.930201e-05 7.690761e-04 -3.588463e-05 1.669332e-05
10826.551863 -2.028552e-05 -1.064123e-06 -1.210691e-07 -1.282807e-06 9.602714e-05 7.737283e-04 -3.074884e-05 1.707166e-05
10829.905440 -2.015669e-05 -1.057746e-06 -1.200163e-07 -1.276451e-06 8.904007e-05 7.651008e-04 -2.742432e-05 2.710282e-05
10833.271209 -2.002492e-05 -1.051008e-06 -1.191881e-07 -1.269869e-06 8.562039e-05 7.581481e-04 -2.953620e-05 2.133433e-05
10836.649169 -1.994943e-05 -1.052210e-06 -1.192486e-07 -1.264304e-06 9.040670e-05 7.535532e-04 -4.119843e-05 9.607609e-06
10840.039322 -1.984661e-05 -1.049752e-06 -1.189203e-07 -1.258775e-06 9.602077e-05 7.688085e-04 -3.554424e-05 2.598655e-05
10843.441666 -1.975954e-05 -1.049217e-06 -1.186520e-07 -1.253078e-06 8.210169e-05 7.591373e-04 -4.335191e-05 1.921235e-05
10846.856203 -1.965718e-05 -1.047173e-06 -1.186701e-07 -1.247117e-06 8.545208e-05 7.444643e-04 -4.201564e-05 1.219246e-05
10850.282931 -1.954395e-05 -1.044202e-06 -1.185638e-07 -1.240295e-06 9.158120e-05 7.337234e-04 -2.929396e-05 1.328356e-05
10853.721851 -1.937608e-05 -1.034873e-06 -1.177365e-07 -1.231035e-06 9.114578e-05 7.284442e-04 -2.874504e-05 2.114494e-05
10857.172964 -1.923920e-05 -1.024551e-06 -1.173148e-07 -1.224860e-06 9.384708e-05 7.439481e-04 -3.233057e-05 1.723436e-05
10860.636268 -1.911362e-05 -1.022077e-06 -1.175632e-07 -1.218110e-06 1.029137e-04 7.562261e-04 -3.102544e-05 1.856712e-05
10864.111764 -1.902401e-05 -1.021055e-06 -1.177430e-07 -1.213062e-06 1.072304e-04 7.830633e-04 -3.518713e-05 1.881123e-05
10867.599451 -1.892414e-05 -1.018782e-06 -1.178205e-07 -1.206740e-06 1.014530e-04 7.562045e-04 -2.436932e-05 2.114818e-05
10871.099331 -1.882435e-05 -1.018003e-06 -1.179216e-07 -1.200690e-06 9.565229e-05 7.567405e-04 -1.742752e-05 2.621583e-05
10874.611403 -1.869778e-05 -1.015413e-06 -1.175275e-07 -1.192844e-06 8.943028e-05 7.622744e-04 -2.678049e-05 2.050950e-05
10878.135666 -1.856207e-05 -1.010181e-06 -1.170520e-07 -1.184722e-06 8.755319e-05 7.903244e-04 -3.032744e-05 1.347537e-05
10881.672122 -1.846521e-05 -1.006183e-06 -1.167821e-07 -1.179808e-06 9.659108e-05 7.862158e-04 -2.867322e-05 1.332329e-05
10885.220769 -1.834641e-05 -1.000587e-06 -1.161797e-07 -1.173558e-06 9.671553e-05 7.945222e-04 -2.756369e-05 1.352166e-05
10888.781609 -1.823842e-05 -9.978925e-07 -1.160442e-07 -1.166980e-06 9.968885e-05 7.804361e-04 -2.760662e-05 1.106861e-05
10892.354640 -1.811627e-05 -9.937586e-07 -1.157250e-07 -1.159595e-06 9.235220e-05 7.850750e-04 -2.567785e-05 9.141536e-06
10895.939863 -1.798389e-05 -9.891396e-07 -1.156929e-07 -1.152081e-06 8.743331e-05 7.752485e-04 -4.021212e-05 1.494510e-05
10899.537278 -1.784984e-05 -9.846392e-07 -1.157501e-07 -1.143866e-06 9.361775e-05 7.809219e-04 -3.688709e-05 2.239543e-05
10903.146885 -1.770404e-05 -9.776287e-07 -1.155430e-07 -1.134915e-06 1.035046e-04 7.743995e-04 -4.122652e-05 2.427922e-05
10906.768684 -1.758964e-05 -9.737813e-07 -1.156377e-07 -1.129051e-06 1.046540e-04 7.584964e-04 -3.666783e-05 2.433351e-05
10910.402675 -1.747125e-05 -9.694736e-07 -1.161190e-07 -1.122565e-06 1.085211e-04 7.639527e-04 -3.169653e-05 1.573854e-05
10914.048857 -1.730830e-05 -9.592657e-07 -1.154641e-07 -1.113427e-06 1.065122e-04 7.675860e-04 -3.631431e-05 1.604692e-05
10917.707232 -1.715842e-05 -9.514284e-07 -1.146449e-07 -1.104807e-06 1.018358e-04 7.676292e-04 -5.145263e-05 1.926856e-05
10921.377799 -1.699126e-05 -9.415318e-07 -1.138160e-07 -1.094976e-06 9.863976e-05 7.630893e-04 -4.951474e-05 1.784934e-05
10925.060557 -1.682424e-05 -9.315671e-07 -1.130510e-07 -1.085448e-06 1.016838e-04 7.619870e-04 -5.024439e-05 1.300454e-05
10928.755507 -1.673994e-05 -9.330494e-07 -1.131609e-07 -1.080669e-06 1.003908e-04 7.458560e-04 -4.557786e-05 9.014741e-06
10932.462650 -1.665951e-05 -9.349688e-07 -1.135976e-07 -1.075185e-06 9.892303e-05 7.495876e-04 -5.195059e-05 7.781785e-06
10936.181984 -1.656131e-05 -9.343410e-07 -1.138102e-07 -1.068641e-06 9.822689e-05 7.523630e-04 -4.283433e-05 1.910841e-05
10939.913510 -1.640423e-05 -9.253600e-07 -1.126050e-07 -1.059978e-06 9.912754e-05 7.868143e-04 -2.863700e-05 2.420818e-05
10943.657228 -1.629474e-05 -9.221907e-07 -1.123322e-07 -1.053762e-06 8.642194e-05 7.838266e-04 -3.586096e-05 1.577426e-05
10947.413138 -1.615048e-05 -9.154467e-07 -1.117074e-07 -1.045493e-06 8.375040e-05 7.906022e-04 -3.909724e-05 1.231883e-05
10951.181239 -1.596388e-05 -9.069283e-07 -1.103253e-07 -1.034259e-06 8.286063e-05 8.042254e-04 -3.442106e-05 1.589907e-05
10954.961533 -1.585236e-05 -9.033585e-07 -1.097620e-07 -1.027847e-06 8.756974e-05 7.897176e-04 -3.202884e-05 1.113036e-05
10958.754019 -1.574935e-05 -8.988876e-07 -1.093438e-07 -1.021123e-06 8.251274e-05 7.839776e-04 -3.729008e-05 1.568610e-05
10962.558696 -1.560245e-05 -8.929387e-07 -1.086240e-07 -1.012153e-06 6.954119e-05 7.996451e-04 -3.644175e-05 2.388359e-05
10966.375565 -1.549177e-05 -8.874019e-07 -1.078041e-07 -1.006344e-06 7.611514e-05 7.845538e-04 -4.146359e-05 2.763874e-05
10970.204627 -1.539705e-05 -8.843795e-07 -1.073528e-07 -1.000688e-06 7.721896e-05 7.955425e-04 -3.787836e-05 2.370106e-05
10974.045880 -1.526601e-05 -8.790152e-07 -1.064547e-07 -9.931955e-07 8.567140e-05 8.041294e-04 -3.988776e-05 2.416472e-05
10977.899325 -1.511028e-05 -8.712885e-07 -1.052266e-07 -9.838784e-07 8.743294e-05 7.900605e-04 -3.455517e-05 3.091081e-05
10981.764962 -1.499067e-05 -8.670866e-07 -1.048846e-07 -9.763975e-07 9.074342e-05 7.647581e-04 -2.871392e-05 3.198204e-05
10985.642791 -1.485564e-05 -8.620301e-07 -1.043843e-07 -9.684468e-07 8.668065e-05 7.796674e-04 -2.536010e-05 2.939032e-05
10989.532812 -1.471244e-05 -8.540108e-07 -1.038609e-07 -9.606224e-07 7.925030e-05 7.761948e-04 -3.194535e-05 2.867898e-05
10993.435025 -1.456654e-05 -8.452643e-07 -1.037188e-07 -9.520540e-07 8.177304e-05 7.532440e-04 -3.073861e-05 3.269398e-05
10997.349429 -1.448664e-05 -8.462705e-07 -1.041246e-07 -9.471555e-07 7.573410e-05 7.420967e-04 -4.048921e-05 4.121700e-05
11001.276026 -1.435471e-05 -8.401275e-07 -1.040904e-07 -9.393282e-07 8.276489e-05 7.451884e-04 -3.960323e-05 3.619476e-05
11005.214814 -1.423259e-05 -8.351487e-07 -1.038344e-07 -9.320499e-07 8.521445e-05 7.516159e-04 -3.115174e-05 2.968186e-05
11009.165795 -1.411622e-05 -8.307862e-07 -1.033662e-07 -9.249427e-07 8.950072e-05 7.668764e-04 -3.528838e-05 2.599535e-05
11013.128967 -1.398573e-05 -8.249612e-07 -1.029993e-07 -9.173932e-07 9.073319e-05 7.659012e-04 -2.959271e-05 2.690185e-05
11017.104331 -1.384704e-05 -8.181002e-07 -1.023970e-07 -9.097522e-07 9.391561e-05 7.385452e-04 -2.777128e-05 2.803686e-05
11021.091888 -1.373731e-05 -8.136299e-07 -1.020496e-07 -9.029860e-07 8.841003e-05 7.434104e-04 -1.737414e-05 2.773651e-05
11025.091636 -1.359451e-05 -8.054851e-07 -1.013828e-07 -8.952284e-07 8.781917e-05 7.419737e-04 -2.671842e-05 3.086818e-05
11029.103575 -1.346822e-05 -7.995103e-07 -1.013024e-07 -8.883929e-07 8.951477e-05 7.399589e-04 -2.193898e-05 2.319928e-05
11033.127707 -1.335259e-05 -7.958050e-07 -1.011771e-07 -8.816618e-07 8.791389e-05 7.570816e-04 -2.276338e-05 2.256695e-05
11037.164031 -1.325548e-05 -7.932883e-07 -1.011727e-07 -8.760335e-07 8.889773e-05 7.764492e-04 -3.161164e-05 2.090297e-05
11041.212547 -1.312874e-05 -7.869186e-07 -1.009326e-07 -8.683811e-07 8.985105e-05 7.401237e-04 -2.930864e-05 1.938855e-05
11045.273254 -1.300235e-05 -7.805701e-07 -1.003418e-07 -8.610624e-07 9.293477e-05 7.464375e-04 -2.765139e-05 1.355372e-05
11049.346154 -1.291175e-05 -7.791729e-07 -1.003128e-07 -8.555194e-07 9.274702e-05 7.494573e-04 -3.328740e-05 2.414129e-05
11053.431245 -1.279796e-05 -7.740414e-07 -1.002439e-07 -8.484627e-07 9.369448e-05 7.396890e-04 -2.820442e-05 2.933726e-05
11057.528529 -1.267037e-05 -7.678568e-07 -9.959623e-08 -8.414278e-07 8.871968e-05 7.444954e-04 -2.613591e-05 2.588926e-05
11061.638004 -1.252808e-05 -7.594673e-07 -9.879127e-08 -8.331763e-07 1.004550e-04 7.370192e-04 -2.317918e-05 2.992063e-05
11065.759671 -1.244395e-05 -7.578197e-07 -9.873232e-08 -8.278575e-07 9.857957e-05 7.266861e-04 -3.000489e-05 3.600606e-05
11069.893530 -1.230259e-05 -7.492846e-07 -9.733864e-08 -8.198353e-07 9.298463e-05 7.473730e-04 -4.290770e-05 2.882374e-05
11074.039581 -1.218571e-05 -7.441839e-07 -9.690662e-08 -8.129483e-07 9.432273e-05 7.617146e-04 -3.770891e-05 2.134450e-05
11078.197824 -1.206581e-05 -7.379141e-07 -9.591456e-08 -8.060923e-07 8.561654e-05 7.524409e-04 -3.433281e-05 1.788115e-05
11082.368258 -1.196078e-05 -7.335638e-07 -9.544403e-08 -7.997883e-07 7.982478e-05 7.671276e-04 -2.407087e-05 2.732633e-05
11086.550885 -1.185376e-05 -7.289151e-07 -9.482440e-08 -7.936302e-07 8.050333e-05 7.435833e-04 -2.070192e-05 2.265690e-05
11090.745704 -1.171327e-05 -7.198107e-07 -9.337838e-08 -7.853911e-07 8.878594e-05 7.373029e-04 -2.270370e-05 2.332509e-05
11094.952714 -1.161129e-05 -7.155746e-07 -9.276897e-08 -7.791453e-07 9.033297e-05 7.551650e-04 -2.282258e-05 2.031541e-05
11099.171916 -1.151853e-05 -7.128242e-07 -9.220967e-08 -7.736937e-07 9.203682e-05 7.566139e-04 -1.149549e-05 2.255760e-05
11103.403311 -1.140978e-05 -7.084908e-07 -9.204861e-08 -7.674194e-07 9.148595e-05 7.416981e-04 -1.502124e-05 2.612542e-05
11107.646897 -1.129311e-05 -7.020221e-07 -9.135607e-08 -7.607719e-07 9.695874e-05 7.460973e-04 -8.926300e-06 3.230381e-05
11111.902675 -1.118936e-05 -6.973528e-07 -9.121029e-08 -7.545487e-07 9.308578e-05 7.397492e-04 -3.044764e-05 3.047975e-05
11116.170645 -1.107167e-05 -6.903918e-07 -9.057888e-08 -7.473174e-07 8.692379e-05 7.438897e-04 -2.835136e-05 3.578667e-05
11120.450807 -1.096696e-05 -6.853246e-07 -9.022255e-08 -7.415417e-07 8.819660e-05 7.586515e-04 -2.519230e-05 3.477298e-05
11124.743161 -1.087118e-05 -6.811928e-07 -9.009589e-08 -7.361625e-07 9.902936e-05 7.541213e-04 -1.748797e-05 3.589449e-05
11129.047707 -1.076610e-05 -6.763976e-07 -8.964736e-08 -7.299901e-07 9.866684e-05 7.368293e-04 -2.329229e-05 3.538296e-05
11133.364444 -1.063317e-05 -6.674624e-07 -8.908451e-08 -7.218959e-07 1.001791e-04 7.378811e-04 -2.675299e-05 3.031742e-05
11137.693374 -1.054010e-05 -6.634468e-07 -8.856058e-08 -7.163969e-07 9.838027e-05 7.668508e-04 -1.837000e-05 2.368344e-05
11142.034495 -1.045215e-05 -6.601415e-07 -8.826985e-08 -7.111010e-07 9.914739e-05 7.636543e-04 -2.911426e-05 2.650399e-05
11146.387809 -1.032789e-05 -6.523696e-07 -8.716912e-08 -7.035932e-07 9.021223e-05 7.397939e-04 -2.513637e-05 2.030794e-05
11150.753314 -1.017830e-05 -6.418144e-07 -8.601192e-08 -6.946761e-07 8.829451e-05 7.293855e-04 -2.011332e-05 1.798065e-05
11155.131011 -1.009601e-05 -6.402784e-07 -8.591178e-08 -6.902380e-07 8.666332e-05 7.725552e-04 -2.694194e-05 1.509104e-05
11159.520900 -9.884532e-06 -6.269941e-07 -8.438286e-08 -6.773211e-07 9.533625e-05 7.555152e-04 -3.716472e-05 8.304438e-06
11163.922981 -9.814047e-06 -6.241284e-07 -8.413990e-08 -6.715410e-07 9.131318e-05 7.442292e-04 -3.767136e-05 8.112797e-06
11168.337254 -9.747699e-06 -6.235905e-07 -8.434342e-08 -6.688497e-07 8.801309e-05 7.302281e-04 -3.574251e-05 1.455902e-05
11172.763719 -9.746121e-06 -6.240430e-07 -8.471384e-08 -6.697794e-07 8.648872e-05 7.129965e-04 -4.041013e-05 1.979139e-05
11177.202376 -9.662462e-06 -6.198766e-07 -8.465158e-08 -6.646728e-07 9.247460e-05 7.349230e-04 -4.042369e-05 1.937072e-05
11181.653224 -9.565335e-06 -6.154170e-07 -8.445890e-08 -6.589097e-07 9.114858e-05 7.398913e-04 -3.999414e-05 2.412069e-05
11186.116265 -9.469039e-06 -6.100700e-07 -8.424284e-08 -6.530805e-07 9.397166e-05 7.333263e-04 -2.213553e-05 2.430258e-05
11190.591497 -9.369859e-06 -6.045573e-07 -8.368686e-08 -6.472273e-07 9.860824e-05 7.264081e-04 -3.731327e-05 1.791848e-05
11195.078922 -9.267355e-06 -5.986014e-07 -8.302124e-08 -6.412049e-07 9.013633e-05 7.629268e-04 -4.677331e-05 1.300935e-05
11199.578538 -9.150399e-06 -5.911058e-07 -8.223978e-08 -6.341820e-07 8.115008e-05 7.727362e-04 -3.917954e-05 1.840394e-05
11204.090346 -9.068892e-06 -5.873744e-07 -8.195478e-08 -6.291979e-07 8.227084e-05 7.628750e-04 -3.018570e-05 1.185220e-05
11208.614346 -8.979978e-06 -5.828233e-07 -8.137547e-08 -6.236719e-07 7.777270e-05 7.569817e-04 -4.100693e-05 1.565829e-05
11213.150538 -8.890525e-06 -5.782046e-07 -8.059662e-08 -6.185863e-07 7.552922e-05 7.430140e-04 -3.342347e-05 2.236819e-05
11217.698922 -8.805321e-06 -5.739052e-07 -7.990556e-08 -6.138578e-07 7.633818e-05 7.609984e-04 -3.648436e-05 1.346227e-05
11222.259498 -8.697980e-06 -5.671175e-07 -7.918693e-08 -6.072074e-07 7.584892e-05 7.483595e-04 -3.753940e-05 1.083342e-05
11226.832266 -8.586518e-06 -5.598783e-07 -7.815549e-08 -6.005823e-07 8.125586e-05 7.642003e-04 -3.517941e-05 1.724784e-05
11231.417226 -8.524028e-06 -5.584249e-07 -7.778623e-08 -5.971822e-07 8.027452e-05 7.832973e-04 -3.361115e-05 2.798837e-05
11236.014377 -8.429141e-06 -5.527628e-07 -7.713102e-08 -5.915236e-07 8.450702e-05 7.805957e-04 -3.528913e-05 2.145552e-05
11240.623721 -8.335005e-06 -5.471309e-07 -7.647436e-08 -5.857538e-07 7.763297e-05 7.720948e-04 -3.544147e-05 2.064900e-05
11245.245256 -8.207257e-06 -5.379386e-07 -7.510647e-08 -5.778435e-07 6.741213e-05 7.888203e-04 -2.852806e-05 2.092128e-05
11249.878983 -8.139226e-06 -5.347689e-07 -7.479352e-08 -5.737565e-07 6.393262e-05 7.658886e-04 -3.744810e-05 2.057127e-05
11254.524902 -8.044904e-06 -5.289903e-07 -7.421617e-08 -5.681080e-07 7.044319e-05 7.533840e-04 -3.552417e-05 1.882260e-05
11259.183013 -7.975162e-06 -5.263906e-07 -7.399421e-08 -5.640285e-07 7.176709e-05 7.663847e-04 -3.642149e-05 1.991332e-05
11263.853316 -7.899299e-06 -5.231921e-07 -7.351729e-08 -5.594180e-07 7.101113e-05 7.793590e-04 -3.162872e-05 2.977635e-05
11268.535811 -7.768460e-06 -5.133327e-07 -7.240456e-08 -5.514661e-07 7.546367e-05 7.611922e-04 -3.628453e-05 2.770419e-05
11273.230498 -7.671825e-06 -5.070623e-07 -7.201684e-08 -5.452696e-07 7.978151e-05 7.430539e-04 -3.582187e-05 2.347006e-05
11277.937377 -7.610073e-06 -5.049472e-07 -7.201710e-08 -5.423174e-07 8.205476e-05 7.634188e-04 -4.398234e-05 1.524893e-05
11282.656448 -7.542464e-06 -5.018699e-07 -7.190778e-08 -5.387067e-07 8.660743e-05 7.848917e-04 -4.585229e-05 1.268365e-05
11287.387710 -7.457868e-06 -4.973354e-07 -7.157111e-08 -5.336575e-07 8.490741e-05 7.632575e-04 -3.803704e-05 1.978766e-05
11292.131165 -7.386270e-06 -4.943642e-07 -7.110823e-08 -5.294619e-07 8.125489e-05 7.511166e-04 -3.888040e-05 2.416964e-05
11296.886811 -7.308053e-06 -4.895339e-07 -7.072619e-08 -5.245226e-07 8.015935e-05 7.564892e-04 -3.291138e-05 2.643972e-05
11301.654649 -7.220382e-06 -4.844936e-07 -6.995943e-08 -5.192688e-07 8.019602e-05 7.689451e-04 -2.722095e-05 2.071966e-05
11306.434679 -7.124897e-06 -4.789711e-07 -6.936200e-08 -5.131412e-07 7.793647e-05 7.620849e-04 -1.953684e-05 2.184793e-05
11311.226901 -7.004311e-06 -4.695971e-07 -6.811062e-08 -5.056694e-07 6.827835e-05 7.533786e-04 -2.318939e-05 1.712156e-05
11316.031315 -6.964734e-06 -4.690267e-07 -6.822695e-08 -5.045687e-07 7.458947e-05 7.583893e-04 -2.867831e-05 1.731167e-05
11320.847921 -6.912966e-06 -4.663196e-07 -6.784255e-08 -5.015562e-07 7.636738e-05 7.452319e-04 -2.612515e-05 1.992363e-05
11325.676719 -6.840790e-06 -4.624519e-07 -6.746753e-08 -4.967814e-07 7.892618e-05 7.350395e-04 -2.096673e-05 1.842078e-05
11330.517709 -6.745204e-06 -4.569774e-07 -6.689243e-08 -4.908599e-07 8.275492e-05 7.669809e-04 -2.935170e-05 1.066542e-05
11335.370891 -6.627863e-06 -4.486739e-07 -6.574954e-08 -4.839350e-07 8.685024e-05 7.762805e-04 -2.494613e-05 9.127323e-06
11340.236264 -6.612443e-06 -4.476024e-07 -6.570102e-08 -4.835291e-07 7.726903e-05 8.086803e-04 -1.839623e-05 1.330555e-05
