# Facility.name: NSLS-II
# Facility.mode: Beam available
# Facility.current: 400.544404355
# Facility.current: 3 GeV
# Facility.year: 2023
# Facility.cycle: 2
# Facility.GUP: 312970
# Facility.SAF: 311402
# Experimenter.name: Esteban Fornero
# Beamline.name: ISS (8-ID)
# Beamline.x-ray_source: damping wiggler
# Beamline.collimation_mirror1.material: Si
# Beamline.collimation_mirror2.material: Pt
# Beamline.collimation_mirror2.bender_loading: -348.0
# Beamline.focusing: toroidal mirror
# Beamline.focusing.material: Pt
# Beamline.focusing.bender_loading: -418.0
# Beamline.harmonic_rejection: Si
# Mono.scan_mode: Si(111)
# Mono.d_spacing: 3.1354951
# Mono.scan_mode: pseudo-channel cut
# Mono.scan_type: fly_scan
# Mono.trajectory_name: 0f397ba2-1519.txt
# Mono.direction: None
# Mono.angle_offset: 0.69366577
# Mono.angle_offset: 39.744 deg
# Mono.encoder_resolution: 48.0 nrad
# Detector.I0: ion chamber
# Detector.I1: ion chamber
# Detector.I2: ion chamber
# Detector.IF: PIPS
# Detector.I0.length: 15 cm
# Detector.I1.length: 28 cm
# Detector.I2.length: 15 cm
# Detector.IF.thickness: 300 um
# Detector.I0.gas.N2: 38.0%
# Detector.I1.gas.N2: 38.0%
# Detector.I2.gas.N2: 38.0%
# Detector.I0.gas.He: 62.0%
# Detector.I1.gas.He: 62.0%
# Detector.I2.gas.He: 62.0%
# Detector.I0.voltage: -1649.996338
# Detector.I1.voltage: -1650.001587
# Detector.I2.voltage: -1650.001465
# Detector.I0.gain: 4
# Detector.I1.gain: 6
# Detector.I2.gain: 6
# Detector.IF.gain: 6
# Detector.aux: {}
# Element.symbol: Ga
# Element.edge: K
# Element.line: None
# Scan.transient_id: 370887
# Scan.uid: 019325fa-9789-430b-9778-cc6dfffcab31
# Scan.edge_energy: 10367.0
# Scan.start_time: 06/23/2023  01:58:28.015924
# Scan.end_time: 06/23/2023  01:59:02.189427
# Scan.name: Cu2O+Ga2O3-1st O2-ramp (pos 001) Ga-K 0001
# Scan.comment: 
# Sample.name: Cu2O+Ga2O3-1st
# Sample.comment: 
# Sample.position.x: -66.61000258
# Sample.position.y: 30.049994074
# Sample.position.z: -10.184937499999995
# Sample.position.theta: 845.5790000000001
# SampleHeater.temperature1.setpoint: 300.0
# SampleHeater.temperature1.readback: 1372.0
# SampleHeater.current.setpoint: 0.0
# SampleHeater.current.readback: 0.0
# SampleHeater.temperature2.setpoint: 212.7999744665193
# SampleHeater.temperature2.readback: 214.4
# SampleHeater.voltage.setpoint: 0.5114109425364876
# SampleHeater.voltage.readback: 0.525
# SampleHeater.PID.P: 0.025
# SampleHeater.PID.I: 0.07
# SampleHeater.PID.D: 0.0
# SampleGasCart.MFC.CH4.setpoint: 0.0
# SampleGasCart.MFC.CH4.readback: 0.0
# SampleGasCart.MFC.CO.setpoint: 0.0
# SampleGasCart.MFC.CO.readback: 0.0
# SampleGasCart.MFC.H2.setpoint: 0.0
# SampleGasCart.MFC.H2.readback: 0.0
# SampleGasCart.MFC.exhaust.setpoint: 100.0
# SampleGasCart.MFC.exhaust.readback: 9.05
# SampleGasHandlingSystem.gas_a.name: None
# SampleGasHandlingSystem.gas_b.name: None
# SampleGasHandlingSystem.gas_c.name: None
# SampleGasHandlingSystem.gas_d.name: None
# SampleGasHandlingSystem.gas_e.name: He
# SampleGasHandlingSystem.MFC1.setpoint: 8.0
# SampleGasHandlingSystem.MFC1.readback: 7.999674320220947
# SampleGasHandlingSystem.MFC2.setpoint: 0.0
# SampleGasHandlingSystem.MFC2.readback: -0.06103515625
# SampleGasHandlingSystem.MFC3.setpoint: 0.0
# SampleGasHandlingSystem.MFC3.readback: 0.0244140625
# SampleGasHandlingSystem.MFC4.setpoint: 0.0
# SampleGasHandlingSystem.MFC4.readback: -0.0569661445915699
# SampleGasHandlingSystem.MFC5.setpoint: 0.0
# SampleGasHandlingSystem.MFC5.readback: -0.0040690102614462376
# SampleGasHandlingSystem.MFC6.setpoint: 2.0
# SampleGasHandlingSystem.MFC6.readback: 2.001953125
# SampleGasHandlingSystem.MFC7.setpoint: 0.0
# SampleGasHandlingSystem.MFC7.readback: -0.0244140625
# SampleGasHandlingSystem.MFC8.setpoint: 0.0
# SampleGasHandlingSystem.MFC8.readback: -0.0651041641831398
# SampleGasHandlingSystem.MFC9.setpoint: 0.0
# SampleGasHandlingSystem.MFC9.readback: -0.048828125
# SampleGasHandlingSystem.MFC10.setpoint: 0.0
# SampleGasHandlingSystem.MFC10.readback: 0.01220703125
# SampleGasHandlingSystem.MFC11.setpoint: 0.0
# SampleGasHandlingSystem.MFC11.readback: -0.0935872420668602
# SampleGasHandlingSystem.MFC12.setpoint: 0.0
# SampleGasHandlingSystem.MFC12.readback: -0.0447591133415699
# SampleGasHandlingSystem.MFC13.setpoint: 0.0
# SampleGasHandlingSystem.MFC13.readback: -0.0528971366584301
# SampleGasHandlingSystem.MFC14.setpoint: 0.0
# SampleGasHandlingSystem.MFC14.readback: -0.0651041641831398
# SampleGasHandlingSystem.MFC15.setpoint: 0.0
# SampleGasHandlingSystem.MFC15.readback: -0.1017252579331398
# SampleGasHandlingSystem.MFC16.setpoint: 0.0
# SampleGasHandlingSystem.MFC16.readback: -0.0325520820915699
# SampleGasHandlingSystem.RGA.ch1.mass: 2
# SampleGasHandlingSystem.RGA.ch1.readback: 3.34681e-10
# SampleGasHandlingSystem.RGA.ch2.mass: 4
# SampleGasHandlingSystem.RGA.ch2.readback: 2.35554e-07
# SampleGasHandlingSystem.RGA.ch3.mass: 5
# SampleGasHandlingSystem.RGA.ch3.readback: 7.81276e-12
# SampleGasHandlingSystem.RGA.ch4.mass: 5
# SampleGasHandlingSystem.RGA.ch4.readback: 4.78717e-10
# SampleGasHandlingSystem.RGA.ch5.mass: 18
# SampleGasHandlingSystem.RGA.ch5.readback: 3.31322e-10
# SampleGasHandlingSystem.RGA.ch6.mass: 28
# SampleGasHandlingSystem.RGA.ch6.readback: 1.25351e-10
# SampleGasHandlingSystem.RGA.ch7.mass: 32
# SampleGasHandlingSystem.RGA.ch7.readback: 1.72e-08
# SampleGasHandlingSystem.RGA.ch8.mass: 41
# SampleGasHandlingSystem.RGA.ch8.readback: 1.11477e-11
# SampleGasHandlingSystem.RGA.ch9.mass: 44
# SampleGasHandlingSystem.RGA.ch9.readback: 9.58255e-12
# energy  i0  it  ir  iff  aux1  aux2  aux3  aux4
10167.000000 -3.008215e-05 -1.099406e-06 -3.212255e-07 -8.237360e-07 1.392617e-05 -1.951909e-04 -5.231052e-05 -1.046994e-05
10172.000000 -2.996128e-05 -1.094191e-06 -3.179883e-07 -8.226927e-07 1.719149e-05 -1.714744e-04 -5.434519e-05 -8.138525e-06
10177.000000 -2.985358e-05 -1.089457e-06 -3.135853e-07 -8.222106e-07 8.297925e-06 -1.802178e-04 -6.083623e-05 -7.135456e-06
10182.000000 -2.982936e-05 -1.090242e-06 -3.080507e-07 -8.237888e-07 6.566598e-06 -1.833785e-04 -5.456295e-05 4.578297e-07
10187.000000 -2.984190e-05 -1.092632e-06 -2.975795e-07 -8.264941e-07 7.720539e-06 -1.642860e-04 -5.361863e-05 1.364881e-06
10192.000000 -2.989900e-05 -1.097645e-06 -2.732570e-07 -8.299661e-07 2.368983e-06 -1.435829e-04 -6.157305e-05 -7.574045e-06
10197.000000 -2.987898e-05 -1.101766e-06 -2.027751e-07 -8.314316e-07 3.307305e-06 -1.831724e-04 -5.686495e-05 -6.397718e-06
10202.000000 -2.975107e-05 -1.099153e-06 -6.573366e-08 -8.304965e-07 1.780209e-05 -1.747931e-04 -4.860950e-05 1.753892e-06
10207.000000 -2.959318e-05 -1.094723e-06 -2.645830e-08 -8.285371e-07 1.221359e-05 -1.661478e-04 -5.466019e-05 8.214858e-06
10212.000000 -2.971264e-05 -1.108348e-06 -5.512534e-08 -8.339914e-07 1.179950e-05 -1.486583e-04 -4.749882e-05 -1.686978e-06
10217.000000 -2.970532e-05 -1.113039e-06 -7.131725e-08 -8.358978e-07 1.027427e-05 -1.610557e-04 -5.780680e-05 -6.505652e-06
10222.000000 -2.969368e-05 -1.118399e-06 -8.433252e-08 -8.372451e-07 5.533701e-06 -1.802907e-04 -4.504835e-05 -4.431604e-06
10227.000000 -2.966229e-05 -1.121116e-06 -9.321461e-08 -8.380517e-07 1.701948e-05 -1.979925e-04 -4.593664e-05 -6.492537e-06
10232.000000 -2.957986e-05 -1.121408e-06 -9.652692e-08 -8.384248e-07 1.807849e-05 -1.808783e-04 -4.017280e-05 -4.816551e-06
10237.000000 -2.957449e-05 -1.125333e-06 -9.878201e-08 -8.410700e-07 2.030673e-05 -1.854988e-04 -4.549461e-05 -4.696900e-06
10242.000000 -2.955641e-05 -1.131074e-06 -1.007198e-07 -8.424920e-07 1.926849e-05 -2.071274e-04 -5.793012e-05 -1.080258e-05
10247.000000 -2.945933e-05 -1.132195e-06 -1.052672e-07 -8.416739e-07 1.390819e-05 -2.196802e-04 -5.262510e-05 -5.467777e-06
10252.000000 -2.945074e-05 -1.136833e-06 -1.051566e-07 -8.434035e-07 9.537235e-06 -2.292092e-04 -5.722239e-05 -3.222469e-06
10257.000000 -2.940835e-05 -1.140441e-06 -1.013565e-07 -8.441740e-07 1.145881e-05 -2.301865e-04 -6.267322e-05 -1.416367e-05
10262.000000 -2.931811e-05 -1.139993e-06 -1.003586e-07 -8.436328e-07 1.012778e-05 -2.100627e-04 -5.169107e-05 -3.756570e-06
10267.000000 -2.930865e-05 -1.142998e-06 -1.023178e-07 -8.458266e-07 1.135125e-05 -2.150096e-04 -4.607074e-05 -2.668316e-06
10272.000000 -2.933707e-05 -1.151623e-06 -1.037617e-07 -8.483823e-07 -2.996045e-06 -2.221052e-04 -4.592843e-05 -1.175754e-05
10277.000000 -2.926542e-05 -1.154831e-06 -1.034334e-07 -8.486512e-07 1.013800e-05 -1.838104e-04 -3.779890e-05 -1.652139e-05
10282.000000 -2.908538e-05 -1.154645e-06 -1.019047e-07 -8.460420e-07 1.742530e-05 -1.980571e-04 -3.167921e-05 -5.527143e-06
10287.000000 -2.913336e-05 -1.163469e-06 -1.032596e-07 -8.497523e-07 2.093339e-05 -1.710954e-04 -3.820423e-05 -2.183152e-06
10292.000000 -2.914496e-05 -1.173669e-06 -1.072896e-07 -8.518984e-07 1.919262e-05 -1.634832e-04 -4.030790e-05 -1.200180e-06
10297.000000 -2.911326e-05 -1.178918e-06 -1.090061e-07 -8.532241e-07 1.638658e-05 -1.715195e-04 -4.136934e-05 -1.233003e-05
10302.000000 -2.911186e-05 -1.186844e-06 -1.093820e-07 -8.555097e-07 2.434615e-05 -1.664152e-04 -4.494193e-05 -7.255046e-06
10307.000000 -2.905826e-05 -1.190893e-06 -1.095719e-07 -8.561022e-07 1.914714e-05 -1.400543e-04 -3.826699e-05 6.894932e-06
10312.000000 -2.900771e-05 -1.193833e-06 -1.097871e-07 -8.572006e-07 2.276066e-05 -1.298856e-04 -4.571055e-05 -1.398740e-06
10317.000000 -2.899367e-05 -1.200534e-06 -1.097946e-07 -8.595823e-07 2.467001e-05 -1.429256e-04 -4.367042e-05 -8.137389e-06
10322.000000 -2.896199e-05 -1.205925e-06 -1.092565e-07 -8.617050e-07 1.407208e-05 -1.531691e-04 -3.371596e-05 6.349616e-06
10327.000000 -2.892092e-05 -1.210603e-06 -1.086214e-07 -8.633061e-07 9.849960e-06 -1.774657e-04 -4.035386e-05 4.593708e-06
10332.000000 -2.877585e-05 -1.208194e-06 -1.074588e-07 -8.629095e-07 3.563667e-06 -1.439494e-04 -4.647796e-05 -1.714901e-06
10337.000000 -2.880916e-05 -1.212488e-06 -1.077563e-07 -8.678476e-07 1.301636e-05 -1.421326e-04 -4.534372e-05 -4.730441e-06
10341.000000 -2.885845e-05 -1.221320e-06 -1.086822e-07 -8.715527e-07 1.590365e-05 -1.548572e-04 -4.163837e-05 -2.377134e-05
10344.000000 -2.882601e-05 -1.220612e-06 -1.095837e-07 -8.730930e-07 4.402754e-06 -1.480845e-04 -4.088772e-05 -2.918635e-05
10346.000000 -2.879658e-05 -1.220153e-06 -1.106906e-07 -8.742671e-07 2.684318e-06 -1.253121e-04 -3.599351e-05 -2.931034e-05
10347.000000 -2.878799e-05 -1.221350e-06 -1.117944e-07 -8.746658e-07 3.658160e-06 -1.684804e-04 -3.094164e-05 -1.539460e-05
10347.200000 -2.878815e-05 -1.221781e-06 -1.121584e-07 -8.749191e-07 6.285804e-07 -1.642993e-04 -3.016949e-05 -1.166799e-05
10347.400000 -2.875744e-05 -1.219425e-06 -1.119496e-07 -8.744583e-07 1.322372e-08 -1.517862e-04 -2.833721e-05 -1.215698e-05
10347.600000 -2.874109e-05 -1.217473e-06 -1.118657e-07 -8.745252e-07 3.899426e-06 -1.491516e-04 -3.502254e-05 -1.100298e-05
10347.800000 -2.874787e-05 -1.218787e-06 -1.123716e-07 -8.743309e-07 6.031134e-06 -1.268381e-04 -5.277976e-05 -1.315674e-05
10348.000000 -2.875180e-05 -1.218462e-06 -1.123280e-07 -8.748900e-07 1.617808e-05 -9.902211e-05 -4.559145e-05 -4.134066e-06
10348.200000 -2.876606e-05 -1.221413e-06 -1.126050e-07 -8.755184e-07 9.231997e-06 -1.232500e-04 -3.676017e-05 -1.925865e-05
10348.400000 -2.876633e-05 -1.222495e-06 -1.129026e-07 -8.749601e-07 9.921249e-06 -1.482545e-04 -3.927105e-05 -2.995730e-05
10348.600000 -2.873941e-05 -1.218226e-06 -1.126822e-07 -8.753910e-07 1.950459e-05 -1.566865e-04 -5.176081e-05 -2.958933e-05
10348.800000 -2.875736e-05 -1.222035e-06 -1.128584e-07 -8.760418e-07 2.728765e-05 -1.550056e-04 -4.120836e-05 -3.085538e-05
10349.000000 -2.876520e-05 -1.222568e-06 -1.127280e-07 -8.764066e-07 1.973597e-05 -1.517545e-04 -3.944338e-05 -1.911518e-05
10349.200000 -2.871764e-05 -1.219438e-06 -1.128175e-07 -8.759470e-07 1.166442e-05 -1.549266e-04 -5.613595e-05 -2.793193e-05
10349.400000 -2.867955e-05 -1.217592e-06 -1.130738e-07 -8.752183e-07 7.779480e-06 -1.755655e-04 -4.372748e-05 -3.317970e-05
10349.600000 -2.869288e-05 -1.216409e-06 -1.129078e-07 -8.757143e-07 -1.308943e-06 -1.807344e-04 -4.963165e-05 -3.505403e-05
10349.800000 -2.873473e-05 -1.220474e-06 -1.131777e-07 -8.768374e-07 1.044374e-06 -1.731034e-04 -6.129968e-05 -2.958431e-05
10350.000000 -2.872934e-05 -1.219346e-06 -1.131246e-07 -8.767850e-07 5.029033e-06 -1.465916e-04 -4.865647e-05 -2.835462e-05
10350.200000 -2.874012e-05 -1.221973e-06 -1.132464e-07 -8.767911e-07 1.165465e-05 -1.268542e-04 -4.764781e-05 -2.945209e-05
10350.400000 -2.874689e-05 -1.224558e-06 -1.137402e-07 -8.770996e-07 1.857510e-05 -1.403127e-04 -3.880346e-05 -2.996815e-05
10350.600000 -2.874216e-05 -1.222359e-06 -1.137553e-07 -8.772040e-07 1.901965e-05 -1.508843e-04 -5.349440e-05 -3.865618e-05
10350.800000 -2.875030e-05 -1.223429e-06 -1.140643e-07 -8.777454e-07 1.035221e-05 -1.570739e-04 -3.972030e-05 -2.121203e-05
10351.000000 -2.871996e-05 -1.219455e-06 -1.138245e-07 -8.777392e-07 1.081615e-05 -1.798706e-04 -3.593040e-05 -2.006664e-05
10351.200000 -2.868652e-05 -1.214040e-06 -1.135369e-07 -8.776857e-07 9.736801e-06 -1.902010e-04 -2.976101e-05 -2.446960e-05
10351.400000 -2.866825e-05 -1.212668e-06 -1.134450e-07 -8.776359e-07 2.020967e-05 -1.729060e-04 -2.916172e-05 9.750281e-06
10351.600000 -2.869801e-05 -1.217977e-06 -1.139780e-07 -8.788875e-07 2.214814e-05 -1.632230e-04 -3.583737e-05 3.224764e-05
10351.800000 -2.869567e-05 -1.217335e-06 -1.138916e-07 -8.790985e-07 1.668841e-05 -1.838510e-04 -4.326418e-05 3.579982e-05
10352.000000 -2.869445e-05 -1.218137e-06 -1.140032e-07 -8.787333e-07 1.422902e-05 -1.871120e-04 -2.811037e-05 2.739437e-05
10352.200000 -2.870558e-05 -1.221114e-06 -1.144658e-07 -8.794993e-07 1.200823e-05 -1.535395e-04 -3.235404e-05 2.603416e-05
10352.400000 -2.871914e-05 -1.222315e-06 -1.142616e-07 -8.798894e-07 1.264167e-05 -1.519029e-04 -3.525088e-05 2.154941e-05
10352.600000 -2.872973e-05 -1.223163e-06 -1.143911e-07 -8.800626e-07 1.261940e-05 -1.790617e-04 -2.516858e-05 2.679933e-05
10352.800000 -2.872688e-05 -1.223728e-06 -1.145329e-07 -8.808121e-07 4.208374e-06 -1.876844e-04 -3.808573e-05 2.361591e-05
10353.000000 -2.870108e-05 -1.220993e-06 -1.143786e-07 -8.809488e-07 7.001815e-06 -1.731279e-04 -4.621625e-05 1.531900e-05
10353.200000 -2.867348e-05 -1.219151e-06 -1.148391e-07 -8.809469e-07 -4.166847e-07 -1.815108e-04 -4.641411e-05 3.026255e-05
10353.400000 -2.862994e-05 -1.218005e-06 -1.148819e-07 -8.798258e-07 -4.919361e-06 -1.725741e-04 -4.453722e-05 2.546335e-05
10353.600000 -2.863396e-05 -1.214842e-06 -1.145554e-07 -8.807101e-07 -6.405917e-06 -1.660831e-04 -4.005384e-05 2.743730e-05
10353.800000 -2.864984e-05 -1.218096e-06 -1.148544e-07 -8.814227e-07 -1.053279e-06 -1.705893e-04 -3.882752e-05 1.518505e-05
10354.000000 -2.865996e-05 -1.217006e-06 -1.147493e-07 -8.819288e-07 -4.018815e-06 -1.537419e-04 -5.004011e-05 1.562538e-05
10354.200000 -2.869602e-05 -1.223764e-06 -1.153304e-07 -8.830458e-07 -1.071303e-06 -1.723494e-04 -4.386804e-05 3.599211e-05
10354.400000 -2.868912e-05 -1.222091e-06 -1.151578e-07 -8.832646e-07 -6.994638e-06 -1.416896e-04 -4.657179e-05 3.290312e-05
10354.600000 -2.868670e-05 -1.223954e-06 -1.156248e-07 -8.835784e-07 -6.771192e-06 -1.319880e-04 -4.150138e-05 3.089722e-05
10354.800000 -2.864529e-05 -1.218535e-06 -1.150620e-07 -8.835086e-07 -3.207729e-06 -1.490346e-04 -4.412278e-05 2.425252e-05
10355.000000 -2.863225e-05 -1.216773e-06 -1.149894e-07 -8.839559e-07 2.409868e-06 -1.363140e-04 -3.837023e-05 2.490126e-05
10355.200000 -2.865165e-05 -1.221017e-06 -1.152991e-07 -8.843022e-07 5.973110e-07 -1.295646e-04 -3.743358e-05 2.853271e-05
10355.400000 -2.867564e-05 -1.221947e-06 -1.153596e-07 -8.852033e-07 2.108681e-06 -1.293960e-04 -3.039630e-05 3.404599e-05
10355.600000 -2.866311e-05 -1.223719e-06 -1.155302e-07 -8.850553e-07 5.188337e-06 -1.270659e-04 -4.294442e-05 2.955074e-05
10355.800000 -2.865554e-05 -1.222326e-06 -1.153899e-07 -8.859864e-07 1.870630e-05 -1.522013e-04 -3.704325e-05 2.588025e-05
10356.000000 -2.867888e-05 -1.223909e-06 -1.156258e-07 -8.864480e-07 2.176656e-05 -1.403677e-04 -3.622554e-05 2.489705e-05
10356.200000 -2.867334e-05 -1.226449e-06 -1.160412e-07 -8.870331e-07 2.243861e-05 -1.597151e-04 -3.817248e-05 3.522258e-05
10356.400000 -2.866990e-05 -1.224300e-06 -1.160621e-07 -8.873764e-07 2.149287e-05 -1.780199e-04 -5.523423e-05 2.646423e-05
10356.600000 -2.869375e-05 -1.228210e-06 -1.162308e-07 -8.877119e-07 2.297215e-05 -1.885490e-04 -3.827481e-05 3.784737e-05
10356.800000 -2.868549e-05 -1.227400e-06 -1.161192e-07 -8.884570e-07 1.444580e-05 -1.823884e-04 -3.200734e-05 3.957024e-05
10357.000000 -2.866626e-05 -1.223902e-06 -1.155339e-07 -8.886049e-07 1.500518e-05 -1.662898e-04 -4.454063e-05 3.468741e-05
10357.200000 -2.867003e-05 -1.226397e-06 -1.158256e-07 -8.892897e-07 1.178689e-05 -1.403793e-04 -3.465003e-05 -1.061224e-05
10357.400000 -2.863888e-05 -1.220466e-06 -1.151106e-07 -8.892316e-07 -4.367804e-06 -1.460496e-04 -4.128677e-05 -3.297000e-05
10357.600000 -2.865332e-05 -1.224464e-06 -1.157960e-07 -8.903791e-07 -1.857603e-06 -1.515316e-04 -3.924485e-05 -2.604265e-05
10357.800000 -2.866387e-05 -1.224857e-06 -1.156133e-07 -8.908526e-07 3.019389e-06 -1.575176e-04 -4.909605e-05 -2.674571e-05
10358.000000 -2.863972e-05 -1.222257e-06 -1.153938e-07 -8.907699e-07 4.712446e-06 -1.713834e-04 -4.516210e-05 -2.792115e-05
10358.200000 -2.862930e-05 -1.220390e-06 -1.152030e-07 -8.915462e-07 6.957470e-06 -1.705026e-04 -3.744558e-05 -2.247479e-05
10358.400000 -2.863218e-05 -1.223911e-06 -1.154959e-07 -8.921569e-07 9.553694e-06 -1.371031e-04 -3.923690e-05 -2.972758e-05
10358.600000 -2.864265e-05 -1.223731e-06 -1.156911e-07 -8.930469e-07 4.692526e-06 -1.389115e-04 -3.595341e-05 -2.836737e-05
10358.800000 -2.864743e-05 -1.222976e-06 -1.156381e-07 -8.933970e-07 1.240510e-05 -1.390275e-04 -4.563837e-05 -3.199263e-05
10359.000000 -2.864611e-05 -1.224353e-06 -1.157571e-07 -8.936790e-07 1.613187e-05 -1.272517e-04 -4.487121e-05 -3.552172e-05
10359.200000 -2.863679e-05 -1.221651e-06 -1.156057e-07 -8.943651e-07 1.106129e-05 -1.282235e-04 -3.996208e-05 -2.607757e-05
10359.400000 -2.864118e-05 -1.222796e-06 -1.158001e-07 -8.948991e-07 9.831445e-06 -1.112085e-04 -4.798979e-05 -2.661192e-05
10359.600000 -2.861774e-05 -1.221349e-06 -1.157390e-07 -8.951254e-07 9.696492e-06 -1.174373e-04 -4.890662e-05 -2.158764e-05
10359.800000 -2.860886e-05 -1.219574e-06 -1.156974e-07 -8.960827e-07 1.280691e-06 -9.795623e-05 -4.811087e-05 -2.016903e-05
10360.000000 -2.860766e-05 -1.219673e-06 -1.158044e-07 -8.964785e-07 9.017970e-06 -1.141774e-04 -4.770450e-05 -2.101181e-05
10360.200000 -2.858203e-05 -1.215081e-06 -1.155594e-07 -8.969636e-07 1.620035e-05 -1.267186e-04 -4.104613e-05 -1.633937e-05
10360.400000 -2.858061e-05 -1.214830e-06 -1.155218e-07 -8.982969e-07 1.832657e-05 -1.350456e-04 -4.348969e-05 -1.573359e-05
10360.600000 -2.856682e-05 -1.215044e-06 -1.154565e-07 -8.983925e-07 1.175520e-05 -1.508116e-04 -4.068979e-05 -1.806328e-05
10360.800000 -2.857829e-05 -1.213761e-06 -1.149685e-07 -8.993881e-07 1.948901e-06 -1.261660e-04 -3.971075e-05 -8.246872e-07
10361.000000 -2.859120e-05 -1.216093e-06 -1.150231e-07 -9.004764e-07 1.814718e-05 -1.228511e-04 -2.311271e-05 -1.088530e-06
10361.200000 -2.856209e-05 -1.213511e-06 -1.148115e-07 -9.009253e-07 1.409926e-05 -1.403791e-04 -3.714578e-05 -7.074982e-06
10361.400000 -2.853405e-05 -1.211561e-06 -1.148543e-07 -9.020163e-07 1.864919e-05 -1.668294e-04 -4.021764e-05 -9.454061e-06
10361.600000 -2.852846e-05 -1.210803e-06 -1.148400e-07 -9.031898e-07 1.930761e-05 -1.486307e-04 -4.565555e-05 -1.234677e-05
10361.800000 -2.856566e-05 -1.212582e-06 -1.148933e-07 -9.049029e-07 1.412642e-05 -1.426899e-04 -5.040118e-05 -1.368388e-05
10362.000000 -2.856334e-05 -1.214379e-06 -1.152510e-07 -9.061070e-07 1.987902e-05 -1.387170e-04 -4.404800e-05 -1.416591e-05
10362.200000 -2.857283e-05 -1.213841e-06 -1.151563e-07 -9.076326e-07 2.621411e-05 -1.582243e-04 -5.642433e-05 -2.163605e-05
10362.400000 -2.857736e-05 -1.214595e-06 -1.148640e-07 -9.091835e-07 2.406884e-05 -1.696092e-04 -3.584765e-05 -7.640815e-06
10362.600000 -2.858592e-05 -1.214753e-06 -1.150352e-07 -9.102169e-07 2.135581e-05 -1.775029e-04 -4.299776e-05 -1.875329e-05
10362.800000 -2.855530e-05 -1.208738e-06 -1.144567e-07 -9.113186e-07 1.000191e-05 -1.711880e-04 -5.736879e-05 -2.002499e-05
10363.000000 -2.854772e-05 -1.213864e-06 -1.148774e-07 -9.123138e-07 8.888535e-06 -1.528517e-04 -4.442993e-05 -1.980959e-05
10363.200000 -2.853474e-05 -1.208816e-06 -1.144262e-07 -9.143424e-07 9.795951e-06 -1.604311e-04 -3.762514e-05 -2.318580e-05
10363.400000 -2.849641e-05 -1.202990e-06 -1.139099e-07 -9.151257e-07 1.168857e-05 -1.586614e-04 -3.333309e-05 -2.428790e-05
10363.600000 -2.850458e-05 -1.203678e-06 -1.137458e-07 -9.169823e-07 1.330229e-05 -1.369743e-04 -3.211818e-05 -2.997513e-05
10363.800000 -2.854846e-05 -1.209779e-06 -1.141947e-07 -9.195264e-07 1.535493e-05 -1.542097e-04 -4.440282e-05 -2.892123e-05
10364.000000 -2.854303e-05 -1.207264e-06 -1.139029e-07 -9.214881e-07 2.463387e-05 -1.699507e-04 -4.142317e-05 -2.707758e-05
10364.200000 -2.853431e-05 -1.207288e-06 -1.140446e-07 -9.235763e-07 3.467671e-05 -1.580908e-04 -4.366528e-05 -3.389654e-05
10364.400000 -2.853348e-05 -1.210678e-06 -1.144443e-07 -9.258431e-07 1.559655e-05 -1.275390e-04 -3.379868e-05 -3.390120e-05
10364.600000 -2.854219e-05 -1.208656e-06 -1.141248e-07 -9.280314e-07 1.052853e-05 -1.351803e-04 -4.312976e-05 -3.411105e-05
10364.800000 -2.853170e-05 -1.207887e-06 -1.141007e-07 -9.300460e-07 2.266469e-05 -1.564321e-04 -3.363996e-05 -1.686697e-05
10365.000000 -2.851742e-05 -1.205645e-06 -1.140069e-07 -9.329478e-07 2.734242e-05 -1.358178e-04 -3.519229e-05 -1.594527e-05
10365.200000 -2.843836e-05 -1.196950e-06 -1.134524e-07 -9.341188e-07 3.269752e-05 -9.504263e-05 -3.590351e-05 -1.769502e-05
10365.400000 -2.836309e-05 -1.184928e-06 -1.123567e-07 -9.350134e-07 2.875154e-05 -1.214902e-04 -4.467135e-05 -2.236456e-05
10365.600000 -2.838890e-05 -1.189178e-06 -1.127486e-07 -9.397592e-07 2.937446e-05 -1.137675e-04 -4.093543e-05 -2.293927e-05
10365.800000 -2.844746e-05 -1.199884e-06 -1.137262e-07 -9.444810e-07 2.593033e-05 -1.372094e-04 -2.503590e-05 -7.665397e-06
10366.000000 -2.847960e-05 -1.199536e-06 -1.136226e-07 -9.492341e-07 1.509745e-05 -1.221953e-04 -3.147391e-05 -1.329189e-05
10366.200000 -2.848511e-05 -1.199791e-06 -1.133873e-07 -9.532798e-07 1.543502e-05 -1.306832e-04 -3.718440e-05 -1.568617e-05
10366.400000 -2.847772e-05 -1.197064e-06 -1.130974e-07 -9.580214e-07 8.044300e-06 -1.315004e-04 -4.458185e-05 -1.952914e-05
10366.600000 -2.846816e-05 -1.199903e-06 -1.135603e-07 -9.625979e-07 9.665143e-06 -1.329552e-04 -4.713320e-05 -2.663281e-05
10366.800000 -2.848470e-05 -1.194247e-06 -1.128952e-07 -9.689174e-07 1.855619e-05 -1.181251e-04 -5.051214e-05 -2.674878e-05
10367.000000 -2.851463e-05 -1.196844e-06 -1.132024e-07 -9.758452e-07 1.523084e-05 -1.311208e-04 -3.636122e-05 -2.624745e-05
10367.200000 -2.853303e-05 -1.197752e-06 -1.134335e-07 -9.829156e-07 2.065464e-05 -1.385636e-04 -4.918702e-05 -2.539128e-05
10367.400000 -2.853197e-05 -1.195931e-06 -1.133269e-07 -9.912318e-07 1.632223e-05 -1.462615e-04 -6.161226e-05 -2.127193e-05
10367.600000 -2.852303e-05 -1.190897e-06 -1.128900e-07 -1.000116e-06 2.204060e-05 -1.330543e-04 -5.575910e-05 -2.245109e-05
10367.800000 -2.850971e-05 -1.185347e-06 -1.122673e-07 -1.010442e-06 1.943349e-05 -1.402646e-04 -4.394150e-05 -2.310522e-05
10368.000000 -2.849639e-05 -1.180318e-06 -1.119182e-07 -1.022204e-06 2.563328e-05 -1.366065e-04 -4.880916e-05 -2.399178e-05
10368.200000 -2.848066e-05 -1.177391e-06 -1.118623e-07 -1.034757e-06 2.246355e-05 -1.510113e-04 -4.057120e-05 -2.822803e-05
10368.400000 -2.848988e-05 -1.173008e-06 -1.115079e-07 -1.049924e-06 2.523513e-05 -1.410680e-04 -5.059584e-05 -3.205817e-05
10368.600000 -2.843830e-05 -1.166002e-06 -1.108744e-07 -1.064902e-06 2.288519e-05 -1.370862e-04 -5.699207e-05 -2.935751e-05
10368.800000 -2.839608e-05 -1.157888e-06 -1.103643e-07 -1.081223e-06 2.689377e-05 -1.253474e-04 -4.886714e-05 -2.158315e-05
10369.000000 -2.834793e-05 -1.144050e-06 -1.088680e-07 -1.098894e-06 3.312143e-05 -1.318157e-04 -5.147015e-05 -2.116764e-05
10369.200000 -2.834426e-05 -1.136121e-06 -1.076327e-07 -1.120482e-06 3.347995e-05 -1.187094e-04 -4.362235e-05 -3.033485e-05
10369.400000 -2.838997e-05 -1.137322e-06 -1.078994e-07 -1.144783e-06 2.720659e-05 -1.364395e-04 -4.733225e-05 -2.941228e-05
10369.600000 -2.834131e-05 -1.123907e-06 -1.067345e-07 -1.167615e-06 2.253833e-05 -1.410061e-04 -5.977356e-05 -3.240513e-05
10369.800000 -2.824806e-05 -1.102814e-06 -1.047150e-07 -1.191591e-06 2.798455e-05 -1.645611e-04 -5.739418e-05 -3.471343e-05
10370.000000 -2.834117e-05 -1.105593e-06 -1.049691e-07 -1.224768e-06 3.020114e-05 -1.681788e-04 -4.261031e-05 -2.431551e-05
10370.200000 -2.842799e-05 -1.104501e-06 -1.046292e-07 -1.259727e-06 2.182134e-05 -1.735897e-04 -5.319405e-05 -1.517755e-05
10370.400000 -2.845965e-05 -1.094291e-06 -1.036289e-07 -1.295722e-06 2.791467e-05 -1.789564e-04 -6.231193e-05 -3.447757e-05
10370.600000 -2.846907e-05 -1.088360e-06 -1.030281e-07 -1.332769e-06 3.523592e-05 -1.736618e-04 -5.065256e-05 -2.037405e-05
10370.800000 -2.849513e-05 -1.081735e-06 -1.023752e-07 -1.372911e-06 3.896307e-05 -1.857248e-04 -5.060856e-05 -2.114914e-05
10371.000000 -2.849203e-05 -1.067555e-06 -1.010957e-07 -1.413751e-06 4.044677e-05 -1.839793e-04 -4.562808e-05 -2.645066e-05
10371.200000 -2.846962e-05 -1.052690e-06 -9.972624e-08 -1.456099e-06 2.898570e-05 -1.976580e-04 -5.556151e-05 -2.756790e-05
10371.400000 -2.843019e-05 -1.035798e-06 -9.808418e-08 -1.499311e-06 2.569263e-05 -1.934731e-04 -6.926136e-05 -3.115685e-05
10371.600000 -2.842833e-05 -1.023211e-06 -9.684849e-08 -1.541760e-06 1.914647e-05 -1.934133e-04 -6.190262e-05 -3.298890e-05
10371.800000 -2.845358e-05 -1.016189e-06 -9.612416e-08 -1.584803e-06 2.235245e-05 -2.046216e-04 -5.879866e-05 -3.550065e-05
10372.000000 -2.843138e-05 -1.003050e-06 -9.480531e-08 -1.625899e-06 2.040160e-05 -1.748096e-04 -5.995176e-05 -2.401922e-05
10372.200000 -2.839494e-05 -9.869471e-07 -9.343064e-08 -1.663040e-06 2.066143e-05 -1.787785e-04 -5.404604e-05 -2.478919e-05
10372.400000 -2.835631e-05 -9.738964e-07 -9.245059e-08 -1.697990e-06 2.121456e-05 -1.589380e-04 -6.177536e-05 -2.119510e-05
10372.600000 -2.829969e-05 -9.560521e-07 -9.087441e-08 -1.726432e-06 1.530036e-05 -1.536391e-04 -6.206325e-05 -1.895782e-05
10372.800000 -2.829522e-05 -9.498428e-07 -9.048258e-08 -1.754158e-06 2.501928e-05 -1.625817e-04 -6.203643e-05 -2.364217e-05
10373.000000 -2.823535e-05 -9.404034e-07 -8.962727e-08 -1.774548e-06 2.987316e-05 -1.904269e-04 -6.152727e-05 -2.110236e-05
10373.200000 -2.819635e-05 -9.314890e-07 -8.859859e-08 -1.791931e-06 3.569322e-05 -2.142391e-04 -5.402608e-05 -2.404448e-05
10373.400000 -2.824320e-05 -9.265652e-07 -8.785391e-08 -1.809886e-06 3.511668e-05 -1.908332e-04 -5.331647e-05 -3.047729e-05
10373.600000 -2.838090e-05 -9.392767e-07 -8.880032e-08 -1.828853e-06 2.785602e-05 -1.831783e-04 -6.884836e-05 -3.048868e-05
10373.800000 -2.845141e-05 -9.441469e-07 -8.920905e-08 -1.840496e-06 2.879748e-05 -1.760338e-04 -7.369388e-05 -2.567379e-05
10374.000000 -2.847451e-05 -9.426033e-07 -8.901539e-08 -1.849836e-06 2.750103e-05 -1.773998e-04 -6.561144e-05 -1.713742e-05
10374.200000 -2.848282e-05 -9.404522e-07 -8.892900e-08 -1.859678e-06 2.782433e-05 -1.835551e-04 -6.190620e-05 -2.798387e-05
10374.400000 -2.848295e-05 -9.370601e-07 -8.860016e-08 -1.868153e-06 3.189806e-05 -1.866520e-04 -6.541875e-05 -3.731451e-05
10374.600000 -2.852023e-05 -9.375848e-07 -8.851410e-08 -1.874028e-06 3.189995e-05 -1.603608e-04 -4.804767e-05 -3.324161e-05
10374.800000 -2.854191e-05 -9.397211e-07 -8.882128e-08 -1.880371e-06 3.315296e-05 -1.477120e-04 -4.635113e-05 -2.936795e-05
10375.000000 -2.854235e-05 -9.367786e-07 -8.854465e-08 -1.886949e-06 3.966375e-05 -1.601832e-04 -5.795355e-05 -3.497468e-05
10375.200000 -2.853763e-05 -9.372224e-07 -8.853065e-08 -1.893499e-06 4.122847e-05 -1.844162e-04 -4.198383e-05 -2.064147e-05
10375.400000 -2.846072e-05 -9.269943e-07 -8.753990e-08 -1.898366e-06 3.863442e-05 -1.794956e-04 -4.806208e-05 -2.015971e-05
10375.600000 -2.846535e-05 -9.270900e-07 -8.754419e-08 -1.903485e-06 4.105342e-05 -1.760070e-04 -5.551383e-05 -2.143273e-05
10375.800000 -2.851358e-05 -9.303498e-07 -8.777768e-08 -1.907976e-06 4.740755e-05 -1.563736e-04 -5.832613e-05 -2.415271e-05
10376.000000 -2.854289e-05 -9.293895e-07 -8.759083e-08 -1.911870e-06 4.035387e-05 -1.553392e-04 -6.427852e-05 -2.336358e-05
10376.200000 -2.852899e-05 -9.297955e-07 -8.791439e-08 -1.916536e-06 4.421343e-05 -1.777698e-04 -7.013608e-05 -1.803173e-05
10376.400000 -2.852136e-05 -9.270165e-07 -8.789646e-08 -1.919269e-06 4.243423e-05 -2.023719e-04 -7.629671e-05 -3.055123e-05
10376.600000 -2.854621e-05 -9.311133e-07 -8.835597e-08 -1.919221e-06 3.994120e-05 -1.936956e-04 -7.078679e-05 -2.777791e-05
10376.800000 -2.853718e-05 -9.305741e-07 -8.827262e-08 -1.918009e-06 3.869916e-05 -1.904901e-04 -6.762075e-05 -7.410191e-06
10377.000000 -2.853490e-05 -9.303496e-07 -8.810530e-08 -1.914802e-06 3.544444e-05 -1.758210e-04 -4.460370e-05 -4.246152e-06
10377.200000 -2.854272e-05 -9.344173e-07 -8.817530e-08 -1.911115e-06 3.861159e-05 -1.845639e-04 -5.565583e-05 -4.358640e-06
10377.400000 -2.854211e-05 -9.354232e-07 -8.827899e-08 -1.903209e-06 3.309493e-05 -1.981701e-04 -5.670385e-05 -5.124831e-06
10377.600000 -2.854759e-05 -9.379671e-07 -8.863540e-08 -1.895493e-06 3.411646e-05 -1.815813e-04 -6.781433e-05 -1.653806e-05
10377.800000 -2.855160e-05 -9.435234e-07 -8.907994e-08 -1.886366e-06 2.846248e-05 -1.744936e-04 -6.082630e-05 -1.531697e-05
10378.000000 -2.853811e-05 -9.456302e-07 -8.954992e-08 -1.875899e-06 2.410771e-05 -1.772530e-04 -5.353935e-05 -2.578876e-05
10378.200000 -2.853834e-05 -9.504452e-07 -9.021307e-08 -1.863790e-06 3.140596e-05 -1.665577e-04 -5.964969e-05 -2.717862e-05
10378.400000 -2.852998e-05 -9.538090e-07 -9.029742e-08 -1.850283e-06 3.653501e-05 -1.703541e-04 -4.990708e-05 -6.284946e-07
10378.600000 -2.854235e-05 -9.570609e-07 -9.046446e-08 -1.836507e-06 2.978986e-05 -1.632218e-04 -6.034786e-05 -3.348936e-06
10378.800000 -2.852264e-05 -9.602685e-07 -9.071140e-08 -1.821697e-06 2.841589e-05 -1.579942e-04 -6.984841e-05 -1.678259e-05
10379.000000 -2.847530e-05 -9.596980e-07 -9.075084e-08 -1.809381e-06 2.796845e-05 -1.741141e-04 -6.429651e-05 -1.050414e-05
10379.200000 -2.846106e-05 -9.597574e-07 -9.064937e-08 -1.794882e-06 2.187154e-05 -1.717922e-04 -5.670270e-05 -4.453818e-06
10379.400000 -2.850699e-05 -9.718353e-07 -9.178777e-08 -1.782029e-06 2.674636e-05 -1.596861e-04 -6.392164e-05 -1.526751e-05
10379.600000 -2.852612e-05 -9.774530e-07 -9.233484e-08 -1.769356e-06 2.221632e-05 -1.492978e-04 -7.860661e-05 -1.927804e-05
10379.800000 -2.852739e-05 -9.811956e-07 -9.236540e-08 -1.755479e-06 2.693157e-05 -1.534391e-04 -5.932623e-05 -1.914716e-05
10380.000000 -2.853537e-05 -9.858225e-07 -9.280344e-08 -1.743995e-06 3.491302e-05 -1.557395e-04 -6.643040e-05 -2.371553e-05
10380.200000 -2.852321e-05 -9.889035e-07 -9.330955e-08 -1.733337e-06 3.142791e-05 -1.418519e-04 -7.366242e-05 -2.566161e-05
10380.400000 -2.846892e-05 -9.830729e-07 -9.307561e-08 -1.724016e-06 2.664490e-05 -1.392183e-04 -7.050096e-05 -3.544376e-05
10380.600000 -2.844494e-05 -9.841637e-07 -9.315240e-08 -1.714982e-06 2.321967e-05 -1.458403e-04 -7.190808e-05 -3.007064e-05
10380.800000 -2.844639e-05 -9.863256e-07 -9.321454e-08 -1.705461e-06 2.767450e-05 -1.559020e-04 -6.836250e-05 -1.173338e-05
10381.000000 -2.849988e-05 -9.963308e-07 -9.401858e-08 -1.697557e-06 2.828738e-05 -1.470512e-04 -6.206280e-05 -1.571663e-05
10381.200000 -2.850745e-05 -9.995824e-07 -9.428346e-08 -1.690604e-06 3.059514e-05 -1.421647e-04 -6.476667e-05 -2.464042e-05
10381.400000 -2.851254e-05 -1.002846e-06 -9.443868e-08 -1.684325e-06 3.614266e-05 -1.587948e-04 -6.624599e-05 -3.052886e-05
10381.600000 -2.850843e-05 -1.003968e-06 -9.487226e-08 -1.676659e-06 2.452926e-05 -1.683318e-04 -5.849936e-05 -3.714549e-05
10381.800000 -2.852320e-05 -1.006807e-06 -9.515582e-08 -1.669596e-06 2.354128e-05 -1.531663e-04 -4.621721e-05 -3.454020e-05
10382.000000 -2.851989e-05 -1.009771e-06 -9.558986e-08 -1.664688e-06 3.016885e-05 -1.475768e-04 -5.310235e-05 -2.570809e-05
10382.200000 -2.850661e-05 -1.010227e-06 -9.560766e-08 -1.659614e-06 3.257313e-05 -1.492559e-04 -5.802058e-05 -1.635506e-05
10382.400000 -2.850868e-05 -1.009672e-06 -9.563579e-08 -1.653878e-06 3.772641e-05 -1.483157e-04 -4.364795e-05 -1.881275e-05
10382.600000 -2.852492e-05 -1.016889e-06 -9.616506e-08 -1.647908e-06 3.152677e-05 -1.597041e-04 -4.171724e-05 -1.910218e-05
10382.800000 -2.852793e-05 -1.018480e-06 -9.613409e-08 -1.642080e-06 2.616442e-05 -1.771360e-04 -5.223526e-05 -2.349504e-05
10383.000000 -2.851826e-05 -1.018926e-06 -9.613866e-08 -1.636553e-06 4.032580e-05 -1.733415e-04 -5.633393e-05 -1.975977e-05
10383.200000 -2.850027e-05 -1.015932e-06 -9.583542e-08 -1.631151e-06 3.639046e-05 -1.419864e-04 -3.857152e-05 -1.579698e-05
10383.400000 -2.850120e-05 -1.023490e-06 -9.666183e-08 -1.627582e-06 3.355439e-05 -1.458159e-04 -3.784480e-05 -2.409916e-05
10383.600000 -2.848674e-05 -1.020160e-06 -9.645940e-08 -1.621912e-06 2.891000e-05 -1.448573e-04 -5.878202e-05 -3.663457e-05
10383.800000 -2.846324e-05 -1.017235e-06 -9.620819e-08 -1.616313e-06 3.864046e-05 -1.482288e-04 -4.898344e-05 -2.929083e-05
10384.000000 -2.850123e-05 -1.025734e-06 -9.691155e-08 -1.612476e-06 3.957945e-05 -1.632082e-04 -5.643975e-05 -3.061783e-05
10384.200000 -2.851798e-05 -1.028647e-06 -9.720365e-08 -1.607694e-06 3.670652e-05 -1.465947e-04 -5.089656e-05 -2.768154e-05
10384.400000 -2.851262e-05 -1.030986e-06 -9.734771e-08 -1.602619e-06 3.103972e-05 -1.307120e-04 -4.138760e-05 -1.941474e-05
10384.600000 -2.851286e-05 -1.028643e-06 -9.688036e-08 -1.597867e-06 3.127702e-05 -1.297865e-04 -3.772327e-05 -2.533371e-05
10384.800000 -2.851228e-05 -1.032604e-06 -9.719705e-08 -1.593778e-06 3.586234e-05 -1.587788e-04 -3.916976e-05 -3.493562e-05
10385.000000 -2.850456e-05 -1.032809e-06 -9.692093e-08 -1.589626e-06 3.124661e-05 -1.701064e-04 -2.352541e-05 -3.405308e-05
10385.200000 -2.852009e-05 -1.036322e-06 -9.724477e-08 -1.585670e-06 3.387003e-05 -1.529752e-04 -3.913557e-05 -4.046291e-05
10385.400000 -2.850022e-05 -1.034346e-06 -9.713280e-08 -1.581740e-06 2.540643e-05 -1.391431e-04 -4.140233e-05 -3.684238e-05
10385.600000 -2.850266e-05 -1.035081e-06 -9.730086e-08 -1.579189e-06 1.722233e-05 -1.385620e-04 -3.400751e-05 -3.312452e-05
10385.800000 -2.850117e-05 -1.038392e-06 -9.782916e-08 -1.575540e-06 2.169694e-05 -1.396316e-04 -3.795859e-05 -1.902248e-05
10386.000000 -2.850347e-05 -1.038409e-06 -9.776987e-08 -1.571761e-06 2.983228e-05 -1.489591e-04 -3.484670e-05 -2.969699e-05
10386.200000 -2.850011e-05 -1.039689e-06 -9.777694e-08 -1.568577e-06 2.351235e-05 -1.317718e-04 -4.224497e-05 -2.517956e-05
10386.400000 -2.848508e-05 -1.039655e-06 -9.752101e-08 -1.566340e-06 1.981207e-05 -9.403548e-05 -4.534555e-05 -2.552602e-05
10386.600000 -2.849158e-05 -1.039949e-06 -9.736665e-08 -1.563389e-06 2.769706e-05 -1.126964e-04 -4.648371e-05 -2.741151e-05
10386.800000 -2.848667e-05 -1.040413e-06 -9.744423e-08 -1.560955e-06 2.785034e-05 -1.262523e-04 -4.907679e-05 -2.736844e-05
10387.000000 -2.847287e-05 -1.042374e-06 -9.770172e-08 -1.559356e-06 3.282868e-05 -1.160279e-04 -4.242421e-05 -2.528170e-05
10387.200000 -2.846301e-05 -1.040154e-06 -9.759312e-08 -1.557755e-06 3.749346e-05 -7.589651e-05 -3.877160e-05 -2.321389e-05
10387.400000 -2.846161e-05 -1.039523e-06 -9.744860e-08 -1.555147e-06 3.544338e-05 -7.585837e-05 -4.193808e-05 -2.022268e-05
10387.600000 -2.844819e-05 -1.040534e-06 -9.760429e-08 -1.555562e-06 3.196773e-05 -1.154061e-04 -5.013614e-05 -3.564977e-05
10387.800000 -2.843461e-05 -1.040947e-06 -9.752312e-08 -1.554342e-06 2.262297e-05 -1.084525e-04 -4.777363e-05 -3.124941e-05
10388.000000 -2.837234e-05 -1.031795e-06 -9.643871e-08 -1.551358e-06 2.369496e-05 -1.091045e-04 -3.917696e-05 -2.186450e-05
10388.200000 -2.842886e-05 -1.039836e-06 -9.691907e-08 -1.552339e-06 2.225392e-05 -1.291799e-04 -5.613211e-05 -1.961612e-05
10388.400000 -2.846383e-05 -1.047657e-06 -9.746939e-08 -1.550766e-06 2.674656e-05 -1.264965e-04 -4.659181e-05 -1.250857e-05
10388.600000 -2.846027e-05 -1.043628e-06 -9.691049e-08 -1.550366e-06 3.351843e-05 -1.323255e-04 -4.823097e-05 -1.608101e-05
10388.800000 -2.846247e-05 -1.045049e-06 -9.716212e-08 -1.549229e-06 3.230651e-05 -1.350232e-04 -6.219716e-05 -3.253520e-05
10389.000000 -2.845685e-05 -1.044328e-06 -9.707638e-08 -1.548499e-06 3.137838e-05 -1.381008e-04 -4.990987e-05 -1.927620e-05
10389.200000 -2.843359e-05 -1.040194e-06 -9.651606e-08 -1.548121e-06 2.880164e-05 -1.281691e-04 -5.647674e-05 -2.538599e-05
10389.400000 -2.841286e-05 -1.042350e-06 -9.680883e-08 -1.547951e-06 2.562105e-05 -1.337673e-04 -5.745608e-05 -1.624232e-05
10389.600000 -2.842485e-05 -1.041695e-06 -9.670851e-08 -1.547114e-06 2.256791e-05 -1.321246e-04 -4.947895e-05 -1.518505e-05
10389.800000 -2.842891e-05 -1.044206e-06 -9.675669e-08 -1.546590e-06 1.821405e-05 -1.501300e-04 -4.560893e-05 -6.221138e-06
10390.000000 -2.844672e-05 -1.045923e-06 -9.663709e-08 -1.546125e-06 1.631778e-05 -1.360202e-04 -6.356435e-05 -2.672061e-05
10390.200000 -2.846539e-05 -1.047195e-06 -9.659728e-08 -1.545338e-06 1.960491e-05 -1.304857e-04 -5.392996e-05 -2.734717e-05
10390.400000 -2.845708e-05 -1.048720e-06 -9.662847e-08 -1.544525e-06 1.501848e-05 -1.439697e-04 -4.974212e-05 -3.220044e-05
10390.600000 -2.846720e-05 -1.050240e-06 -9.663674e-08 -1.544476e-06 1.653453e-05 -1.268023e-04 -4.398965e-05 -2.565318e-05
10390.800000 -2.843109e-05 -1.045502e-06 -9.632780e-08 -1.544046e-06 2.015142e-05 -1.213495e-04 -5.202409e-05 -3.959943e-05
10391.000000 -2.843921e-05 -1.051000e-06 -9.707167e-08 -1.545356e-06 1.675278e-05 -1.179758e-04 -4.772390e-05 -2.850332e-05
10391.200000 -2.842675e-05 -1.046476e-06 -9.640738e-08 -1.543921e-06 2.006236e-05 -1.028972e-04 -4.543250e-05 -2.466673e-05
10391.400000 -2.845464e-05 -1.052337e-06 -9.673508e-08 -1.543314e-06 2.725146e-05 -1.068928e-04 -4.769559e-05 -1.893472e-05
10391.600000 -2.841517e-05 -1.048629e-06 -9.615209e-08 -1.543022e-06 2.255489e-05 -1.005042e-04 -5.120149e-05 -1.306849e-05
10391.800000 -2.841940e-05 -1.049327e-06 -9.571245e-08 -1.543012e-06 2.829468e-05 -1.090322e-04 -5.049022e-05 -2.533133e-05
10392.000000 -2.843108e-05 -1.051180e-06 -9.570061e-08 -1.542056e-06 2.534031e-05 -9.610408e-05 -4.652917e-05 -2.607484e-05
10392.200000 -2.844113e-05 -1.051811e-06 -9.569114e-08 -1.541339e-06 1.950723e-05 -1.002000e-04 -4.802689e-05 -2.636349e-05
10392.400000 -2.842683e-05 -1.049147e-06 -9.556196e-08 -1.541702e-06 2.581365e-05 -1.013916e-04 -5.653261e-05 -1.711928e-05
10392.600000 -2.838022e-05 -1.044704e-06 -9.532924e-08 -1.541190e-06 2.349403e-05 -1.302956e-04 -4.911814e-05 -1.963473e-05
10392.800000 -2.834006e-05 -1.039144e-06 -9.480812e-08 -1.540525e-06 2.632847e-05 -1.000054e-04 -4.360958e-05 -1.056073e-05
10393.000000 -2.840691e-05 -1.048331e-06 -9.528626e-08 -1.541153e-06 2.778476e-05 -1.207409e-04 -4.531594e-05 -1.399457e-05
10393.200000 -2.842553e-05 -1.050997e-06 -9.513567e-08 -1.540721e-06 2.258447e-05 -9.961018e-05 -5.117295e-05 -1.501529e-05
10393.400000 -2.843506e-05 -1.053170e-06 -9.496806e-08 -1.540826e-06 1.797615e-05 -8.648982e-05 -5.067461e-05 -1.311315e-05
10393.600000 -2.842592e-05 -1.053734e-06 -9.504436e-08 -1.540862e-06 1.839201e-05 -8.141815e-05 -5.292387e-05 -1.859056e-05
10393.800000 -2.843269e-05 -1.052678e-06 -9.489427e-08 -1.541283e-06 1.699369e-05 -1.127947e-04 -6.625015e-05 -1.239079e-05
10394.000000 -2.841064e-05 -1.054179e-06 -9.525645e-08 -1.542690e-06 1.877450e-05 -1.306513e-04 -5.108428e-05 -1.210940e-05
10394.200000 -2.836600e-05 -1.044390e-06 -9.432537e-08 -1.541032e-06 2.140922e-05 -1.235910e-04 -4.054819e-05 -7.929150e-06
10394.400000 -2.841968e-05 -1.053652e-06 -9.507269e-08 -1.541406e-06 1.916780e-05 -1.039053e-04 -3.558140e-05 -2.337552e-06
10394.600000 -2.842288e-05 -1.053877e-06 -9.487365e-08 -1.540945e-06 1.533555e-05 -1.255053e-04 -7.100236e-05 -2.044339e-05
10394.800000 -2.842704e-05 -1.055998e-06 -9.487576e-08 -1.542051e-06 2.024754e-05 -1.292523e-04 -7.063413e-05 -2.789009e-05
10395.000000 -2.840885e-05 -1.053843e-06 -9.446732e-08 -1.541585e-06 2.167293e-05 -1.434008e-04 -6.774471e-05 -3.081039e-05
10395.200000 -2.841602e-05 -1.053397e-06 -9.435756e-08 -1.541724e-06 2.795894e-05 -1.603095e-04 -5.773319e-05 -2.254253e-05
10395.400000 -2.842645e-05 -1.058293e-06 -9.453795e-08 -1.541607e-06 2.951307e-05 -1.445208e-04 -5.331892e-05 -1.233977e-05
10395.600000 -2.839769e-05 -1.051608e-06 -9.397091e-08 -1.540401e-06 2.640880e-05 -1.302750e-04 -4.412458e-05 -1.551822e-05
10395.800000 -2.838765e-05 -1.054381e-06 -9.419512e-08 -1.540521e-06 2.802387e-05 -1.378175e-04 -4.958466e-05 -1.334547e-05
10396.000000 -2.837274e-05 -1.051922e-06 -9.382897e-08 -1.538937e-06 3.373695e-05 -1.333264e-04 -4.227890e-05 -1.918134e-05
10396.200000 -2.840317e-05 -1.056206e-06 -9.404299e-08 -1.538729e-06 3.052678e-05 -1.542446e-04 -6.138046e-05 -2.634427e-05
10396.400000 -2.840566e-05 -1.057376e-06 -9.416693e-08 -1.537132e-06 2.080241e-05 -1.397877e-04 -4.050744e-05 -2.140260e-05
10396.600000 -2.839275e-05 -1.056370e-06 -9.407979e-08 -1.535771e-06 1.606597e-05 -1.419537e-04 -6.116117e-05 -3.011085e-05
10396.800000 -2.838720e-05 -1.056401e-06 -9.367972e-08 -1.534939e-06 1.409553e-05 -1.240603e-04 -4.420186e-05 -2.432911e-05
10397.000000 -2.832414e-05 -1.047540e-06 -9.284554e-08 -1.531802e-06 1.676237e-05 -1.217933e-04 -4.936461e-05 -2.537561e-05
10397.227860 -2.827318e-05 -1.044643e-06 -9.251954e-08 -1.527965e-06 2.076527e-05 -1.265465e-04 -5.561828e-05 -2.431294e-05
10397.483581 -2.825151e-05 -1.043309e-06 -9.229906e-08 -1.523991e-06 2.684701e-05 -1.229796e-04 -6.534714e-05 -1.998856e-05
10397.767162 -2.837423e-05 -1.059363e-06 -9.361648e-08 -1.522607e-06 2.046200e-05 -1.115108e-04 -5.127780e-05 -1.185537e-05
10398.078604 -2.840853e-05 -1.064914e-06 -9.410738e-08 -1.517689e-06 2.564111e-05 -8.654393e-05 -3.940133e-05 -5.989786e-06
10398.417905 -2.840459e-05 -1.065505e-06 -9.397980e-08 -1.511849e-06 2.964727e-05 -8.535811e-05 -5.628061e-05 -1.225515e-05
10398.785067 -2.838222e-05 -1.064528e-06 -9.365377e-08 -1.505932e-06 2.327367e-05 -9.321089e-05 -5.149037e-05 -8.905174e-06
10399.180090 -2.836818e-05 -1.065727e-06 -9.382172e-08 -1.499629e-06 2.336797e-05 -7.622459e-05 -5.038214e-05 -7.581044e-06
10399.602973 -2.837889e-05 -1.068781e-06 -9.431753e-08 -1.492267e-06 3.232401e-05 -7.631165e-05 -4.742111e-05 -6.844662e-06
10400.053716 -2.835588e-05 -1.069990e-06 -9.425209e-08 -1.484583e-06 3.433837e-05 -1.077246e-04 -3.664422e-05 -1.336314e-05
10400.532319 -2.829104e-05 -1.066143e-06 -9.388133e-08 -1.476052e-06 2.507522e-05 -1.083592e-04 -3.469289e-05 -1.573239e-05
10401.038783 -2.829734e-05 -1.070024e-06 -9.410198e-08 -1.468548e-06 1.803142e-05 -1.123111e-04 -4.107723e-05 -9.683109e-06
10401.573107 -2.833887e-05 -1.078502e-06 -9.474395e-08 -1.462845e-06 1.616876e-05 -1.164740e-04 -4.457998e-05 -1.442489e-06
10402.135292 -2.831758e-05 -1.077278e-06 -9.466558e-08 -1.456763e-06 2.696195e-05 -1.326344e-04 -4.523584e-05 -6.802460e-06
10402.725337 -2.831703e-05 -1.079646e-06 -9.509076e-08 -1.452218e-06 2.556819e-05 -1.313255e-04 -3.886913e-05 -9.172893e-06
10403.343242 -2.832999e-05 -1.082066e-06 -9.558847e-08 -1.448775e-06 2.305498e-05 -1.383722e-04 -4.528349e-05 -1.029941e-06
10403.989008 -2.831497e-05 -1.081374e-06 -9.566245e-08 -1.446610e-06 2.796744e-05 -1.420007e-04 -5.430919e-05 -5.007732e-06
10404.662634 -2.832651e-05 -1.083657e-06 -9.619472e-08 -1.445901e-06 2.562683e-05 -1.380897e-04 -5.519370e-05 1.547938e-05
10405.364120 -2.831858e-05 -1.083333e-06 -9.643997e-08 -1.446645e-06 2.430356e-05 -1.366459e-04 -5.889397e-05 3.789500e-05
10406.093467 -2.830419e-05 -1.082198e-06 -9.657019e-08 -1.448425e-06 1.450147e-05 -1.346198e-04 -7.079693e-05 2.879059e-05
10406.850674 -2.825176e-05 -1.075514e-06 -9.684347e-08 -1.451094e-06 1.192400e-05 -1.552610e-04 -7.067037e-05 -4.197465e-06
10407.635741 -2.824919e-05 -1.075344e-06 -9.737661e-08 -1.454463e-06 1.006163e-05 -1.489871e-04 -6.375837e-05 -5.246921e-06
10408.448669 -2.825403e-05 -1.076118e-06 -9.847076e-08 -1.457996e-06 8.975449e-06 -1.280546e-04 -5.779907e-05 -1.404489e-05
10409.289457 -2.826285e-05 -1.077908e-06 -9.964933e-08 -1.462017e-06 1.034568e-05 -1.231019e-04 -5.843750e-05 -1.757853e-05
10410.158106 -2.827380e-05 -1.079274e-06 -1.004698e-07 -1.467497e-06 1.638744e-05 -1.334566e-04 -6.160286e-05 -9.005832e-06
10411.054614 -2.824105e-05 -1.075658e-06 -1.012487e-07 -1.474117e-06 1.477671e-05 -1.314486e-04 -6.219745e-05 -9.530940e-06
10411.978983 -2.820870e-05 -1.070311e-06 -1.015284e-07 -1.481972e-06 1.154741e-05 -1.414197e-04 -5.491360e-05 5.893858e-07
10412.931213 -2.823748e-05 -1.071515e-06 -1.023384e-07 -1.490837e-06 1.434699e-05 -1.569068e-04 -5.261951e-05 2.233356e-06
10413.911303 -2.818396e-05 -1.063394e-06 -1.026975e-07 -1.501344e-06 1.700295e-05 -1.671700e-04 -5.783232e-05 -7.144973e-06
10414.919253 -2.819808e-05 -1.063571e-06 -1.032680e-07 -1.512529e-06 1.790847e-05 -1.710687e-04 -5.907305e-05 -1.243485e-05
10415.955064 -2.820037e-05 -1.061652e-06 -1.035431e-07 -1.523557e-06 1.621739e-05 -1.698646e-04 -6.251407e-05 -1.962208e-05
10417.018734 -2.815497e-05 -1.054923e-06 -1.034285e-07 -1.535396e-06 2.078084e-05 -1.373432e-04 -6.250851e-05 -2.169103e-05
10418.110266 -2.814342e-05 -1.052493e-06 -1.032233e-07 -1.545831e-06 1.985713e-05 -1.255442e-04 -6.874534e-05 -2.103829e-05
10419.232723 -2.816662e-05 -1.054430e-06 -1.033831e-07 -1.554439e-06 2.021319e-05 -1.340549e-04 -7.548059e-05 -2.543332e-05
10420.367373 -2.813190e-05 -1.050970e-06 -1.032493e-07 -1.562427e-06 1.222370e-05 -1.175354e-04 -6.771705e-05 -2.012079e-05
10421.514214 -2.809957e-05 -1.046998e-06 -1.026572e-07 -1.569008e-06 2.324561e-05 -1.193287e-04 -6.600709e-05 -2.851798e-05
10422.673248 -2.812675e-05 -1.049149e-06 -1.026904e-07 -1.573719e-06 2.618153e-05 -1.288048e-04 -6.083973e-05 -4.671334e-05
10423.844473 -2.811878e-05 -1.048848e-06 -1.026886e-07 -1.577711e-06 1.471448e-05 -1.554871e-04 -5.897754e-05 -4.431239e-05
10425.027890 -2.809297e-05 -1.046509e-06 -1.022692e-07 -1.581474e-06 1.839226e-05 -1.627117e-04 -6.483838e-05 -5.473391e-05
10426.223499 -2.806127e-05 -1.042934e-06 -1.017086e-07 -1.583494e-06 2.997615e-05 -1.312176e-04 -7.513631e-05 -4.546022e-05
10427.431300 -2.803776e-05 -1.040874e-06 -1.013616e-07 -1.585438e-06 2.498462e-05 -1.371420e-04 -6.612838e-05 -3.731126e-05
10428.651293 -2.801969e-05 -1.040530e-06 -1.011896e-07 -1.586986e-06 2.443007e-05 -1.166868e-04 -6.858285e-05 -3.735008e-05
10429.883478 -2.806347e-05 -1.046058e-06 -1.014441e-07 -1.588548e-06 2.956908e-05 -1.122883e-04 -6.906243e-05 -3.615160e-05
10431.127855 -2.806384e-05 -1.047206e-06 -1.014155e-07 -1.589987e-06 2.431986e-05 -1.100659e-04 -6.078261e-05 -3.340577e-05
10432.384423 -2.804097e-05 -1.046839e-06 -1.015152e-07 -1.592077e-06 3.050998e-05 -1.326865e-04 -5.579113e-05 -3.962153e-05
10433.653184 -2.796296e-05 -1.039897e-06 -1.013041e-07 -1.593238e-06 3.957405e-05 -1.261755e-04 -5.438878e-05 -4.297661e-05
10434.934136 -2.795306e-05 -1.040230e-06 -1.012712e-07 -1.594378e-06 3.469127e-05 -1.284550e-04 -4.229974e-05 -2.546725e-05
10436.227280 -2.790892e-05 -1.038430e-06 -1.010361e-07 -1.593805e-06 2.184192e-05 -1.504103e-04 -5.407595e-05 -3.623049e-05
10437.532617 -2.768771e-05 -1.019891e-06 -9.974869e-08 -1.585160e-06 2.283066e-05 -1.619304e-04 -5.192456e-05 -3.100145e-05
10438.850145 -2.763442e-05 -1.016377e-06 -9.944608e-08 -1.582048e-06 2.320386e-05 -1.332788e-04 -5.730268e-05 -2.748442e-05
10440.179865 -2.777489e-05 -1.030283e-06 -1.000282e-07 -1.586909e-06 1.831685e-05 -1.262490e-04 -5.181206e-05 -1.289311e-05
10441.521777 -2.791156e-05 -1.047009e-06 -1.006846e-07 -1.589042e-06 1.743948e-05 -1.311875e-04 -5.823245e-05 -2.759767e-05
10442.875881 -2.793244e-05 -1.052279e-06 -1.007732e-07 -1.586855e-06 2.703829e-05 -1.430978e-04 -5.895566e-05 -1.919419e-05
10444.242177 -2.788986e-05 -1.050264e-06 -1.005497e-07 -1.585065e-06 1.330131e-05 -1.180633e-04 -5.716153e-05 -2.570003e-05
10445.620664 -2.786741e-05 -1.050063e-06 -1.003473e-07 -1.581949e-06 2.256492e-05 -1.127930e-04 -5.558413e-05 -2.718380e-05
10447.011344 -2.784395e-05 -1.049728e-06 -1.000539e-07 -1.579051e-06 2.709996e-05 -8.506815e-05 -4.569937e-05 -1.781560e-05
10448.414215 -2.783800e-05 -1.051871e-06 -1.000366e-07 -1.575830e-06 2.718656e-05 -9.158004e-05 -5.168148e-05 -1.152090e-05
10449.829279 -2.783970e-05 -1.055332e-06 -1.004055e-07 -1.572627e-06 2.833816e-05 -1.037034e-04 -5.463466e-05 -8.882148e-06
10451.256534 -2.779918e-05 -1.053596e-06 -1.004379e-07 -1.569454e-06 2.474280e-05 -1.390372e-04 -5.650973e-05 -1.985448e-05
10452.695981 -2.781289e-05 -1.059177e-06 -1.011199e-07 -1.566341e-06 2.566880e-05 -1.422045e-04 -5.398236e-05 -2.385048e-05
10454.147620 -2.778388e-05 -1.057833e-06 -1.009710e-07 -1.563041e-06 2.240592e-05 -1.494279e-04 -5.720993e-05 -2.201572e-05
10455.611452 -2.778119e-05 -1.060737e-06 -1.010090e-07 -1.560147e-06 2.151434e-05 -1.608432e-04 -5.655428e-05 -2.507265e-05
10457.087475 -2.775739e-05 -1.060875e-06 -1.009622e-07 -1.557579e-06 2.828794e-05 -1.758456e-04 -5.197995e-05 -2.622622e-05
10458.575689 -2.772976e-05 -1.061203e-06 -1.010127e-07 -1.556426e-06 2.282352e-05 -1.932310e-04 -5.175679e-05 -2.603280e-05
10460.076096 -2.772436e-05 -1.064363e-06 -1.012036e-07 -1.554670e-06 2.360428e-05 -2.043214e-04 -6.074306e-05 -2.016501e-05
10461.588695 -2.771202e-05 -1.065883e-06 -1.009618e-07 -1.551891e-06 2.024839e-05 -2.196983e-04 -5.336862e-05 -1.520769e-05
10463.113485 -2.766729e-05 -1.064354e-06 -1.005174e-07 -1.550685e-06 2.372681e-05 -2.305710e-04 -5.293995e-05 -1.267710e-05
10464.650468 -2.766354e-05 -1.065012e-06 -1.003693e-07 -1.549307e-06 2.564357e-05 -2.162049e-04 -5.574301e-05 3.434620e-06
10466.199642 -2.764387e-05 -1.066233e-06 -1.004215e-07 -1.548719e-06 2.294275e-05 -2.166773e-04 -6.576105e-05 -1.508733e-05
10467.761009 -2.761994e-05 -1.065851e-06 -1.004143e-07 -1.548534e-06 2.539785e-05 -2.074702e-04 -6.101495e-05 -1.492267e-05
10469.334567 -2.761992e-05 -1.067641e-06 -1.005969e-07 -1.548455e-06 3.136935e-05 -2.076435e-04 -6.105065e-05 -1.225238e-05
10470.920317 -2.760014e-05 -1.068765e-06 -1.007580e-07 -1.548140e-06 3.741121e-05 -1.960187e-04 -5.723060e-05 -1.772704e-05
10472.518259 -2.755908e-05 -1.065290e-06 -1.002700e-07 -1.548106e-06 2.759874e-05 -2.040613e-04 -4.551300e-05 -1.944342e-05
10474.128393 -2.753280e-05 -1.067072e-06 -1.004678e-07 -1.548023e-06 2.720449e-05 -1.811611e-04 -4.716408e-05 -1.976630e-05
10475.750719 -2.752596e-05 -1.068418e-06 -1.007880e-07 -1.546742e-06 2.752575e-05 -1.617202e-04 -5.243934e-05 -2.369508e-05
10477.385237 -2.751236e-05 -1.069519e-06 -1.012552e-07 -1.545520e-06 2.131843e-05 -1.941447e-04 -4.867049e-05 -1.443331e-05
10479.031946 -2.749327e-05 -1.070969e-06 -1.016615e-07 -1.544710e-06 1.730051e-05 -2.182945e-04 -5.399258e-05 -1.399554e-05
10480.690848 -2.745102e-05 -1.066686e-06 -1.014611e-07 -1.543902e-06 2.333349e-05 -2.063449e-04 -3.948306e-05 -1.555704e-05
10482.361942 -2.742413e-05 -1.068678e-06 -1.018168e-07 -1.543630e-06 1.449033e-05 -1.821268e-04 -3.884926e-05 -7.864013e-06
10484.045227 -2.739721e-05 -1.071124e-06 -1.024747e-07 -1.542285e-06 2.252799e-05 -1.972806e-04 -3.523478e-05 9.994986e-06
10485.740704 -2.738636e-05 -1.069823e-06 -1.029756e-07 -1.542846e-06 2.122985e-05 -2.056886e-04 -3.006841e-05 -5.205537e-06
10487.448374 -2.737673e-05 -1.071391e-06 -1.039608e-07 -1.543698e-06 1.711622e-05 -2.124490e-04 -2.672361e-05 -5.203827e-06
10489.168235 -2.735486e-05 -1.070034e-06 -1.043902e-07 -1.543625e-06 1.661604e-05 -2.248393e-04 -4.193318e-05 -1.377236e-05
10490.900288 -2.732403e-05 -1.069819e-06 -1.045962e-07 -1.544751e-06 2.975558e-05 -2.267153e-04 -4.807001e-05 -6.938100e-06
10492.644533 -2.726947e-05 -1.066720e-06 -1.047045e-07 -1.545548e-06 3.208362e-05 -2.196697e-04 -4.148791e-05 -2.132902e-06
10494.400970 -2.721517e-05 -1.063897e-06 -1.050462e-07 -1.545902e-06 2.647911e-05 -2.267557e-04 -5.660067e-05 -1.089783e-05
10496.169598 -2.724625e-05 -1.070210e-06 -1.059103e-07 -1.548185e-06 3.675276e-05 -2.180009e-04 -4.820836e-05 1.286266e-05
10497.950419 -2.722226e-05 -1.069064e-06 -1.062256e-07 -1.550144e-06 3.683178e-05 -2.204050e-04 -4.577692e-05 3.931019e-05
10499.743432 -2.720581e-05 -1.069637e-06 -1.066056e-07 -1.551946e-06 3.192326e-05 -2.239527e-04 -4.395708e-05 3.886169e-05
10501.548636 -2.721594e-05 -1.072678e-06 -1.071868e-07 -1.554869e-06 2.619056e-05 -2.201785e-04 -5.449860e-05 3.192292e-05
10503.366032 -2.717448e-05 -1.071066e-06 -1.072775e-07 -1.556613e-06 2.935087e-05 -1.978580e-04 -4.095101e-05 4.698095e-05
10505.195621 -2.709150e-05 -1.066294e-06 -1.068307e-07 -1.558001e-06 2.910938e-05 -2.143039e-04 -4.624639e-05 4.902648e-05
10507.037401 -2.705108e-05 -1.064278e-06 -1.065266e-07 -1.560234e-06 1.424600e-05 -2.224150e-04 -4.637128e-05 5.837387e-05
10508.891373 -2.708089e-05 -1.069860e-06 -1.068009e-07 -1.562307e-06 2.066684e-05 -2.209006e-04 -4.927421e-05 4.997212e-05
10510.757537 -2.705829e-05 -1.071053e-06 -1.067148e-07 -1.562649e-06 3.214376e-05 -2.326307e-04 -3.187583e-05 5.382174e-05
10512.635893 -2.696742e-05 -1.067602e-06 -1.063099e-07 -1.560784e-06 2.909805e-05 -2.346101e-04 -3.844805e-05 4.481296e-05
10514.526441 -2.692399e-05 -1.066654e-06 -1.059513e-07 -1.559616e-06 2.763651e-05 -2.482373e-04 -4.357722e-05 4.343856e-05
10516.429181 -2.694766e-05 -1.068964e-06 -1.059190e-07 -1.562773e-06 2.622354e-05 -2.467636e-04 -3.402358e-05 4.797926e-05
10518.344112 -2.691838e-05 -1.070467e-06 -1.055643e-07 -1.562106e-06 1.600209e-05 -2.761558e-04 -4.928609e-05 4.237648e-05
10520.271236 -2.678391e-05 -1.066741e-06 -1.049614e-07 -1.555322e-06 8.611224e-06 -2.837007e-04 -4.992310e-05 4.344007e-05
10522.210552 -2.686501e-05 -1.071280e-06 -1.054157e-07 -1.561847e-06 7.974300e-06 -2.705536e-04 -5.513166e-05 4.882909e-05
10524.162059 -2.683271e-05 -1.071001e-06 -1.054125e-07 -1.561052e-06 1.006317e-05 -2.657415e-04 -4.973862e-05 5.502131e-05
10526.125758 -2.676239e-05 -1.072207e-06 -1.054241e-07 -1.556999e-06 1.775990e-05 -2.633501e-04 -4.220633e-05 5.656011e-05
10528.101649 -2.667727e-05 -1.069410e-06 -1.048865e-07 -1.551705e-06 2.505415e-05 -2.566661e-04 -5.167358e-05 5.391322e-05
10530.089733 -2.666930e-05 -1.071754e-06 -1.046422e-07 -1.551193e-06 2.426534e-05 -2.471184e-04 -4.634168e-05 4.812013e-05
10532.090008 -2.673343e-05 -1.075377e-06 -1.048092e-07 -1.555128e-06 2.079887e-05 -2.493893e-04 -5.613622e-05 3.808178e-05
10534.102475 -2.669516e-05 -1.077631e-06 -1.049652e-07 -1.552186e-06 1.712072e-05 -2.641779e-04 -4.181527e-05 4.000497e-05
10536.127133 -2.665185e-05 -1.078972e-06 -1.052135e-07 -1.549490e-06 2.164924e-05 -2.624861e-04 -2.901009e-05 4.245299e-05
10538.163984 -2.667821e-05 -1.081273e-06 -1.055543e-07 -1.551631e-06 2.996713e-05 -2.428009e-04 -4.676909e-05 3.579662e-05
10540.213027 -2.665412e-05 -1.083079e-06 -1.057160e-07 -1.549781e-06 2.552603e-05 -2.320553e-04 -5.659594e-05 2.668050e-05
10542.274261 -2.661434e-05 -1.083335e-06 -1.059902e-07 -1.548063e-06 3.456416e-05 -2.488283e-04 -5.196067e-05 3.075252e-05
10544.347688 -2.656595e-05 -1.082242e-06 -1.059922e-07 -1.546572e-06 2.429832e-05 -2.410387e-04 -5.816461e-05 3.703286e-05
10546.433306 -2.654759e-05 -1.084098e-06 -1.061744e-07 -1.545101e-06 2.188506e-05 -2.161517e-04 -5.716253e-05 3.950495e-05
10548.531117 -2.651275e-05 -1.084610e-06 -1.066222e-07 -1.543884e-06 2.025271e-05 -2.133062e-04 -4.373721e-05 3.715934e-05
10550.641119 -2.646255e-05 -1.084904e-06 -1.071933e-07 -1.542480e-06 3.102166e-05 -2.504085e-04 -3.585150e-05 2.454465e-05
10552.763313 -2.639672e-05 -1.084720e-06 -1.076529e-07 -1.540114e-06 2.728365e-05 -2.458638e-04 -4.234701e-05 -8.861033e-06
10554.897699 -2.635323e-05 -1.083352e-06 -1.080615e-07 -1.539255e-06 2.209496e-05 -2.287499e-04 -4.126517e-05 -5.412399e-06
10557.044277 -2.631933e-05 -1.082046e-06 -1.081164e-07 -1.538805e-06 1.919312e-05 -2.392709e-04 -4.089026e-05 -1.601042e-06
10559.203047 -2.630244e-05 -1.084863e-06 -1.085789e-07 -1.537989e-06 2.023115e-05 -2.512861e-04 -3.861940e-05 -1.332750e-06
10561.374008 -2.626501e-05 -1.085161e-06 -1.087929e-07 -1.536563e-06 2.198540e-05 -2.038627e-04 -4.429515e-05 -9.026969e-06
10563.557162 -2.624665e-05 -1.089443e-06 -1.093913e-07 -1.535495e-06 2.663229e-05 -2.087970e-04 -3.344016e-05 -4.200569e-06
10565.752508 -2.622053e-05 -1.090194e-06 -1.097909e-07 -1.534606e-06 2.191193e-05 -2.149495e-04 -3.758222e-05 -5.017629e-06
10567.960045 -2.616151e-05 -1.088335e-06 -1.100347e-07 -1.533143e-06 1.850816e-05 -2.447913e-04 -5.299186e-05 -6.830193e-06
10570.179775 -2.611423e-05 -1.087748e-06 -1.102284e-07 -1.532168e-06 1.893169e-05 -2.546864e-04 -4.775935e-05 -4.664410e-06
10572.411696 -2.606071e-05 -1.085912e-06 -1.103502e-07 -1.530897e-06 2.391768e-05 -1.948243e-04 -4.514235e-05 -6.177731e-06
10574.655809 -2.602725e-05 -1.089175e-06 -1.109166e-07 -1.529401e-06 2.606466e-05 -2.203368e-04 -4.137847e-05 4.052689e-07
10576.912114 -2.599310e-05 -1.090670e-06 -1.114600e-07 -1.528333e-06 1.604568e-05 -2.531241e-04 -4.927723e-05 6.846381e-06
10579.180611 -2.595628e-05 -1.093537e-06 -1.121702e-07 -1.527159e-06 1.689960e-05 -2.540952e-04 -6.272995e-05 -3.621749e-06
10581.461300 -2.592546e-05 -1.094805e-06 -1.126038e-07 -1.525732e-06 2.186951e-05 -2.486461e-04 -5.205671e-05 1.427455e-05
10583.754181 -2.587400e-05 -1.095361e-06 -1.125627e-07 -1.523362e-06 2.813094e-05 -2.490538e-04 -6.185090e-05 -3.277440e-06
10586.059254 -2.581554e-05 -1.095512e-06 -1.123693e-07 -1.520453e-06 2.549851e-05 -2.271836e-04 -6.810707e-05 -1.328163e-05
10588.376518 -2.571869e-05 -1.093487e-06 -1.121540e-07 -1.516174e-06 3.161992e-05 -2.309948e-04 -5.926140e-05 -5.375721e-06
10590.705975 -2.563688e-05 -1.094436e-06 -1.119921e-07 -1.511572e-06 2.868591e-05 -2.580590e-04 -5.202016e-05 -1.257790e-05
10593.047623 -2.555194e-05 -1.094564e-06 -1.120446e-07 -1.507111e-06 2.872105e-05 -2.420167e-04 -4.440718e-05 -1.310602e-05
10595.401464 -2.551488e-05 -1.093079e-06 -1.119473e-07 -1.506985e-06 2.005444e-05 -2.626347e-04 -5.088609e-05 -1.021533e-05
10597.767496 -2.552502e-05 -1.095852e-06 -1.122112e-07 -1.508220e-06 1.862020e-05 -2.726732e-04 -3.479199e-05 -3.670525e-06
10600.145720 -2.549559e-05 -1.096254e-06 -1.122737e-07 -1.507741e-06 2.112404e-05 -2.578932e-04 -4.503061e-05 -9.232027e-06
10602.536136 -2.543276e-05 -1.096069e-06 -1.120785e-07 -1.505495e-06 1.519496e-05 -2.489361e-04 -4.823811e-05 -6.074936e-06
10604.938744 -2.535550e-05 -1.095960e-06 -1.120911e-07 -1.500557e-06 1.517105e-05 -2.398346e-04 -3.526515e-05 -9.208300e-06
10607.353544 -2.529390e-05 -1.096962e-06 -1.121961e-07 -1.496852e-06 8.485573e-06 -2.496935e-04 -3.449488e-05 -1.122111e-05
10609.780536 -2.523922e-05 -1.096350e-06 -1.122978e-07 -1.495717e-06 1.647014e-05 -2.568237e-04 -4.012751e-05 -1.948715e-05
10612.219720 -2.519208e-05 -1.096376e-06 -1.124070e-07 -1.495120e-06 1.062644e-05 -2.701625e-04 -4.367548e-05 -1.782713e-05
10614.671096 -2.519534e-05 -1.098321e-06 -1.125662e-07 -1.497808e-06 6.942106e-06 -2.514768e-04 -5.478943e-05 -2.011835e-05
10617.134663 -2.522116e-05 -1.101813e-06 -1.128418e-07 -1.499906e-06 4.801823e-06 -2.252681e-04 -4.021818e-05 -1.074862e-05
10619.610423 -2.519277e-05 -1.102684e-06 -1.131533e-07 -1.499812e-06 6.063041e-06 -2.207525e-04 -3.132215e-05 1.769192e-06
10622.098374 -2.515984e-05 -1.103065e-06 -1.134889e-07 -1.499306e-06 1.260312e-05 -2.220102e-04 -5.513912e-05 -6.751621e-06
10624.598517 -2.510805e-05 -1.102929e-06 -1.136459e-07 -1.498270e-06 1.463948e-05 -2.370414e-04 -5.391279e-05 -3.532656e-06
10627.110852 -2.506811e-05 -1.104454e-06 -1.136736e-07 -1.496257e-06 8.550960e-06 -2.482274e-04 -5.445669e-05 -1.084842e-05
10629.635380 -2.502907e-05 -1.107769e-06 -1.139693e-07 -1.495233e-06 1.605911e-06 -2.332852e-04 -3.826178e-05 -4.025221e-06
10632.172099 -2.497204e-05 -1.107277e-06 -1.139697e-07 -1.492608e-06 -2.306778e-06 -2.011925e-04 -3.742096e-05 -9.734907e-06
10634.721009 -2.487958e-05 -1.102338e-06 -1.137795e-07 -1.489796e-06 -9.352943e-06 -2.090001e-04 -4.731999e-05 -1.591608e-05
10637.282112 -2.482373e-05 -1.102745e-06 -1.141562e-07 -1.488590e-06 1.057943e-07 -2.313456e-04 -4.850730e-05 -8.288837e-06
10639.855407 -2.477968e-05 -1.103419e-06 -1.141813e-07 -1.486924e-06 1.104464e-05 -2.493058e-04 -4.853828e-05 -5.857967e-06
10642.440894 -2.472602e-05 -1.105681e-06 -1.144114e-07 -1.484362e-06 1.147921e-05 -2.293008e-04 -4.386919e-05 -3.486641e-06
10645.038572 -2.464606e-05 -1.105065e-06 -1.144679e-07 -1.480891e-06 7.542404e-06 -2.432346e-04 -4.375057e-05 -1.351246e-05
10647.648443 -2.458363e-05 -1.101988e-06 -1.147534e-07 -1.479925e-06 5.672455e-06 -2.581174e-04 -4.336372e-05 -2.291680e-05
10650.270505 -2.453738e-05 -1.102680e-06 -1.151947e-07 -1.477714e-06 1.057491e-05 -2.512265e-04 -4.020443e-05 -1.840550e-05
10652.904759 -2.447888e-05 -1.104682e-06 -1.156840e-07 -1.474185e-06 1.281435e-05 -2.394919e-04 -3.757728e-05 -7.210624e-06
10655.551205 -2.443319e-05 -1.107249e-06 -1.162402e-07 -1.471551e-06 1.816261e-05 -2.341599e-04 -4.426498e-05 -1.112820e-05
10658.209844 -2.431002e-05 -1.105116e-06 -1.159942e-07 -1.464719e-06 8.673386e-06 -2.467707e-04 -6.142229e-05 -2.826089e-05
10660.880674 -2.427047e-05 -1.104974e-06 -1.164422e-07 -1.465261e-06 9.335057e-06 -2.281691e-04 -5.452941e-05 -3.789055e-05
10663.563696 -2.422736e-05 -1.101123e-06 -1.166757e-07 -1.464704e-06 4.517014e-06 -2.107781e-04 -4.613913e-05 -2.632918e-05
10666.258909 -2.417938e-05 -1.102673e-06 -1.170387e-07 -1.462201e-06 3.354432e-06 -2.260482e-04 -4.925304e-05 -1.587256e-05
10668.966315 -2.415444e-05 -1.109682e-06 -1.179105e-07 -1.460334e-06 1.453317e-05 -2.337684e-04 -5.827089e-05 -1.757160e-05
10671.685913 -2.410548e-05 -1.111788e-06 -1.183406e-07 -1.456599e-06 1.733747e-05 -2.545704e-04 -6.175025e-05 -1.772101e-05
10674.417702 -2.405165e-05 -1.114658e-06 -1.187674e-07 -1.452756e-06 7.855316e-06 -2.378462e-04 -5.399855e-05 -2.243395e-05
10677.161684 -2.396959e-05 -1.114284e-06 -1.190395e-07 -1.449008e-06 1.227942e-05 -2.044958e-04 -5.216829e-05 -2.549210e-05
10679.917857 -2.382011e-05 -1.106513e-06 -1.188128e-07 -1.441944e-06 1.812524e-05 -2.205193e-04 -6.185688e-05 -3.034052e-05
10682.686222 -2.374458e-05 -1.106720e-06 -1.188922e-07 -1.437014e-06 2.145461e-05 -2.354294e-04 -6.226707e-05 -2.096915e-05
10685.466780 -2.366870e-05 -1.106694e-06 -1.190271e-07 -1.432952e-06 2.461517e-05 -2.124001e-04 -5.956565e-05 -2.110584e-05
10688.259529 -2.355416e-05 -1.103661e-06 -1.187557e-07 -1.427500e-06 2.744073e-05 -1.996589e-04 -6.572381e-05 -1.977061e-05
10691.064470 -2.347885e-05 -1.102826e-06 -1.187652e-07 -1.424538e-06 2.816993e-05 -2.029906e-04 -7.388569e-05 -1.892068e-05
10693.881602 -2.346702e-05 -1.102583e-06 -1.191566e-07 -1.426689e-06 2.604767e-05 -2.253727e-04 -6.577106e-05 -1.529268e-05
10696.710927 -2.348576e-05 -1.108459e-06 -1.199255e-07 -1.428635e-06 2.701717e-05 -2.413685e-04 -6.695006e-05 -1.001897e-05
10699.552444 -2.343414e-05 -1.110618e-06 -1.199538e-07 -1.425909e-06 2.469947e-05 -2.619264e-04 -4.493863e-05 -6.175230e-06
10702.406153 -2.328226e-05 -1.104057e-06 -1.189689e-07 -1.418540e-06 2.146804e-05 -2.716336e-04 -4.767737e-05 -1.160827e-05
10705.272053 -2.314187e-05 -1.093539e-06 -1.177871e-07 -1.412610e-06 2.244747e-05 -2.572860e-04 -5.560650e-05 -6.751855e-06
10708.150146 -2.313593e-05 -1.096179e-06 -1.182071e-07 -1.413694e-06 1.804225e-05 -2.423398e-04 -6.380509e-05 -6.625201e-06
10711.040430 -2.314808e-05 -1.100857e-06 -1.189800e-07 -1.414609e-06 1.829111e-05 -2.539485e-04 -6.503539e-05 -7.910104e-06
10713.942906 -2.313610e-05 -1.105667e-06 -1.196103e-07 -1.413617e-06 1.733120e-05 -2.341474e-04 -5.171123e-05 -1.055839e-05
10716.857574 -2.310073e-05 -1.108728e-06 -1.198626e-07 -1.412183e-06 2.219236e-05 -2.543194e-04 -5.063490e-05 -2.316467e-05
10719.784435 -2.303511e-05 -1.108269e-06 -1.198230e-07 -1.408788e-06 2.463346e-05 -2.524577e-04 -4.419850e-05 -1.323716e-05
10722.723487 -2.298960e-05 -1.110591e-06 -1.203288e-07 -1.405849e-06 2.031700e-05 -2.424060e-04 -5.177415e-05 -1.393239e-05
10725.674730 -2.291220e-05 -1.109175e-06 -1.206350e-07 -1.402854e-06 1.003794e-05 -2.199146e-04 -5.470978e-05 -8.717835e-06
10728.638166 -2.282817e-05 -1.109485e-06 -1.206071e-07 -1.398418e-06 2.026900e-05 -2.453669e-04 -3.974359e-05 -2.100402e-06
10731.613794 -2.274911e-05 -1.109666e-06 -1.205421e-07 -1.394853e-06 2.244393e-05 -2.438570e-04 -5.107960e-05 -1.059926e-05
10734.601614 -2.270212e-05 -1.107856e-06 -1.203381e-07 -1.393545e-06 2.096765e-05 -2.605462e-04 -4.336906e-05 -4.405095e-06
10737.601625 -2.262736e-05 -1.106691e-06 -1.202753e-07 -1.390389e-06 6.858695e-06 -2.717696e-04 -5.198830e-05 -9.368744e-06
10740.613829 -2.254917e-05 -1.104655e-06 -1.201855e-07 -1.387186e-06 -4.036324e-06 -2.546203e-04 -6.157914e-05 -1.670491e-05
10743.638224 -2.247379e-05 -1.103921e-06 -1.202834e-07 -1.383732e-06 -4.558055e-06 -2.619672e-04 -6.218836e-05 -1.869025e-05
10746.674811 -2.240515e-05 -1.104331e-06 -1.206126e-07 -1.380416e-06 -4.631106e-07 -2.709998e-04 -5.494857e-05 -1.035323e-05
10749.723590 -2.230242e-05 -1.100204e-06 -1.203586e-07 -1.375579e-06 1.342149e-05 -2.927402e-04 -4.971838e-05 -1.011399e-05
10752.784561 -2.219732e-05 -1.096253e-06 -1.201438e-07 -1.370549e-06 1.263644e-05 -2.924537e-04 -5.161958e-05 -3.121339e-06
10755.857724 -2.206336e-05 -1.092487e-06 -1.201772e-07 -1.363002e-06 1.766454e-05 -2.712006e-04 -3.881555e-05 -3.920788e-07
10758.943079 -2.202373e-05 -1.095964e-06 -1.209964e-07 -1.361499e-06 9.602604e-06 -2.790836e-04 -4.274595e-05 -1.018817e-05
10762.040626 -2.198948e-05 -1.096752e-06 -1.211099e-07 -1.360132e-06 7.480026e-06 -2.998145e-04 -5.545910e-05 -9.679818e-06
10765.150365 -2.190792e-05 -1.094588e-06 -1.204588e-07 -1.356521e-06 1.293280e-05 -2.913598e-04 -5.769046e-05 -1.316739e-05
10768.272295 -2.181555e-05 -1.091713e-06 -1.197955e-07 -1.352171e-06 1.599920e-05 -2.849273e-04 -5.034457e-05 -9.127912e-06
10771.406418 -2.169900e-05 -1.085968e-06 -1.194993e-07 -1.346858e-06 2.295985e-05 -2.986467e-04 -4.604326e-05 -8.973395e-06
10774.552732 -2.159832e-05 -1.082147e-06 -1.193643e-07 -1.342550e-06 2.844283e-05 -2.751741e-04 -4.033901e-05 -6.772126e-06
10777.711239 -2.150829e-05 -1.080562e-06 -1.193212e-07 -1.338085e-06 2.800334e-05 -2.650607e-04 -4.022479e-05 1.780650e-06
10780.881937 -2.141887e-05 -1.078718e-06 -1.195439e-07 -1.333280e-06 2.167249e-05 -2.913099e-04 -4.301059e-05 -2.331616e-06
10784.064827 -2.135260e-05 -1.080123e-06 -1.205239e-07 -1.329467e-06 1.732283e-05 -2.883172e-04 -5.592567e-05 -1.504775e-05
10787.259909 -2.127800e-05 -1.080346e-06 -1.214284e-07 -1.325122e-06 2.500888e-05 -2.782164e-04 -5.121315e-05 -4.856482e-06
10790.467183 -2.116641e-05 -1.075683e-06 -1.219145e-07 -1.319612e-06 2.239181e-05 -2.918335e-04 -4.045479e-05 -1.278481e-05
10793.686649 -2.107118e-05 -1.073203e-06 -1.223098e-07 -1.314348e-06 1.999163e-05 -2.758765e-04 -3.757717e-05 1.676488e-06
10796.918307 -2.093942e-05 -1.068099e-06 -1.220838e-07 -1.308003e-06 1.618141e-05 -2.782137e-04 -3.839702e-05 -2.595730e-06
10800.162157 -2.083664e-05 -1.065203e-06 -1.219415e-07 -1.302829e-06 7.709809e-06 -2.896611e-04 -3.985035e-05 2.453355e-05
10803.418198 -2.073423e-05 -1.062788e-06 -1.219530e-07 -1.297362e-06 -3.371491e-06 -2.853416e-04 -5.179187e-05 2.907089e-05
10806.686432 -2.057180e-05 -1.056304e-06 -1.215731e-07 -1.287504e-06 1.165337e-05 -2.508887e-04 -4.731930e-05 2.956389e-05
10809.966857 -2.055195e-05 -1.060202e-06 -1.220216e-07 -1.287226e-06 1.232585e-05 -2.662711e-04 -5.541355e-05 3.007408e-05
10813.259474 -2.051148e-05 -1.060807e-06 -1.218811e-07 -1.286085e-06 1.053075e-05 -2.612680e-04 -3.987559e-05 3.740858e-05
10816.564284 -2.038803e-05 -1.055800e-06 -1.211135e-07 -1.279329e-06 9.672806e-06 -2.650310e-04 -3.858880e-05 3.305319e-05
10819.881285 -2.027595e-05 -1.050658e-06 -1.207947e-07 -1.274022e-06 8.274163e-06 -2.520603e-04 -3.429978e-05 2.343872e-05
10823.210478 -2.010105e-05 -1.037957e-06 -1.194229e-07 -1.265625e-06 2.792852e-06 -2.535858e-04 -3.537127e-05 2.238932e-05
10826.551863 -2.006904e-05 -1.044145e-06 -1.196507e-07 -1.262236e-06 7.244087e-06 -2.576090e-04 -3.594878e-05 2.700034e-05
10829.905440 -1.998263e-05 -1.044186e-06 -1.191546e-07 -1.256939e-06 6.086726e-06 -2.512373e-04 -2.518598e-05 2.664444e-05
10833.271209 -1.986190e-05 -1.039297e-06 -1.186809e-07 -1.250759e-06 3.013490e-06 -2.431455e-04 -3.519842e-05 3.431270e-05
10836.649169 -1.975222e-05 -1.035636e-06 -1.181709e-07 -1.244856e-06 5.655539e-06 -2.316787e-04 -3.058982e-05 3.939754e-05
10840.039322 -1.965209e-05 -1.033529e-06 -1.175132e-07 -1.238692e-06 9.159402e-06 -2.335114e-04 -3.581241e-05 3.519951e-05
10843.441666 -1.955732e-05 -1.031388e-06 -1.169222e-07 -1.233294e-06 5.230176e-06 -2.174960e-04 -3.529107e-05 3.799077e-05
10846.856203 -1.944881e-05 -1.028806e-06 -1.168075e-07 -1.227069e-06 -2.398098e-06 -2.232466e-04 -4.012129e-05 2.977070e-05
10850.282931 -1.932472e-05 -1.023749e-06 -1.167952e-07 -1.220123e-06 1.543619e-06 -2.055551e-04 -3.707375e-05 3.497592e-05
10853.721851 -1.920570e-05 -1.021809e-06 -1.168462e-07 -1.213285e-06 1.226812e-05 -2.188982e-04 -4.347519e-05 4.056866e-05
10857.172964 -1.911752e-05 -1.019138e-06 -1.169479e-07 -1.208579e-06 7.789341e-06 -2.347150e-04 -2.892873e-05 4.956499e-05
10860.636268 -1.896420e-05 -1.013252e-06 -1.167145e-07 -1.199972e-06 1.368905e-05 -2.197796e-04 -2.989124e-05 5.160999e-05
10864.111764 -1.885747e-05 -1.009431e-06 -1.168839e-07 -1.194249e-06 9.690917e-06 -2.151556e-04 -3.701552e-05 4.423320e-05
10867.599451 -1.876249e-05 -1.007758e-06 -1.171562e-07 -1.188706e-06 3.712113e-06 -2.279922e-04 -2.935810e-05 4.399265e-05
10871.099331 -1.864949e-05 -1.005391e-06 -1.171188e-07 -1.182181e-06 8.283344e-06 -2.138963e-04 -3.860553e-05 3.514210e-05
10874.611403 -1.850800e-05 -1.000394e-06 -1.164158e-07 -1.173869e-06 1.335824e-05 -2.075198e-04 -5.306001e-05 3.998505e-05
10878.135666 -1.834649e-05 -9.917879e-07 -1.156027e-07 -1.164846e-06 1.224443e-05 -2.038557e-04 -5.317666e-05 3.560714e-05
10881.672122 -1.825694e-05 -9.893973e-07 -1.155914e-07 -1.160482e-06 3.127047e-05 -2.092721e-04 -4.024147e-05 6.742910e-06
10885.220769 -1.818286e-05 -9.897248e-07 -1.156471e-07 -1.155743e-06 3.125805e-05 -2.134666e-04 -4.563304e-05 -1.521961e-05
10888.781609 -1.806388e-05 -9.861432e-07 -1.153321e-07 -1.148809e-06 2.250821e-05 -2.061432e-04 -4.891387e-05 -5.003457e-06
10892.354640 -1.794173e-05 -9.817022e-07 -1.150547e-07 -1.141491e-06 1.704470e-05 -1.988259e-04 -4.558197e-05 -5.842458e-07
10895.939863 -1.780674e-05 -9.761303e-07 -1.149968e-07 -1.134118e-06 5.503472e-06 -2.094239e-04 -4.466819e-05 -1.061799e-06
10899.537278 -1.767913e-05 -9.719530e-07 -1.151691e-07 -1.126565e-06 9.943998e-06 -2.155552e-04 -5.327915e-05 -5.795000e-06
10903.146885 -1.751975e-05 -9.637809e-07 -1.147787e-07 -1.117290e-06 5.998309e-06 -1.927259e-04 -6.154133e-05 -1.299069e-05
10906.768684 -1.740147e-05 -9.585622e-07 -1.147040e-07 -1.110855e-06 -1.103015e-06 -1.888520e-04 -5.638685e-05 -1.107504e-05
10910.402675 -1.723292e-05 -9.483964e-07 -1.141968e-07 -1.102195e-06 3.965782e-06 -2.119838e-04 -4.848228e-05 -1.400173e-05
10914.048857 -1.707699e-05 -9.404750e-07 -1.138453e-07 -1.093521e-06 5.329606e-06 -2.225973e-04 -5.194153e-05 -1.738859e-05
10917.707232 -1.702789e-05 -9.446817e-07 -1.146541e-07 -1.089654e-06 5.108876e-07 -2.199655e-04 -4.995760e-05 -1.322356e-05
10921.377799 -1.690046e-05 -9.394999e-07 -1.139414e-07 -1.082171e-06 2.054059e-06 -2.339547e-04 -5.368058e-05 -1.255190e-05
10925.060557 -1.671367e-05 -9.279532e-07 -1.125965e-07 -1.071717e-06 9.831268e-06 -2.229860e-04 -4.089681e-05 -1.164172e-05
10928.755507 -1.659711e-05 -9.247747e-07 -1.126828e-07 -1.065000e-06 1.721932e-05 -2.199658e-04 -3.931258e-05 -1.391580e-05
10932.462650 -1.650090e-05 -9.239753e-07 -1.128927e-07 -1.059325e-06 1.242321e-05 -2.170483e-04 -2.591410e-05 -1.407510e-05
10936.181984 -1.636851e-05 -9.192733e-07 -1.122582e-07 -1.051225e-06 1.764204e-05 -2.082226e-04 -2.822461e-05 -1.274566e-05
10939.913510 -1.619198e-05 -9.090556e-07 -1.111070e-07 -1.041440e-06 1.651368e-05 -2.201239e-04 -3.938890e-05 -1.193409e-05
10943.657228 -1.606672e-05 -9.033724e-07 -1.106248e-07 -1.034789e-06 1.774650e-05 -2.261489e-04 -3.830797e-05 -1.656341e-06
10947.413138 -1.589194e-05 -8.930762e-07 -1.095850e-07 -1.025665e-06 2.326990e-05 -2.153835e-04 -3.296982e-05 -3.698235e-07
10951.181239 -1.576027e-05 -8.909940e-07 -1.092162e-07 -1.017422e-06 1.866572e-05 -2.301135e-04 -4.201332e-05 1.926655e-06
10954.961533 -1.567236e-05 -8.893609e-07 -1.088075e-07 -1.011889e-06 2.046705e-05 -2.320183e-04 -4.578868e-05 3.996246e-06
10958.754019 -1.551791e-05 -8.797632e-07 -1.076837e-07 -1.003749e-06 2.032693e-05 -2.342854e-04 -3.949342e-05 -7.589276e-07
10962.558696 -1.540527e-05 -8.779732e-07 -1.073414e-07 -9.967870e-07 2.004438e-05 -2.376460e-04 -4.760034e-05 -5.126699e-06
10966.375565 -1.534804e-05 -8.789757e-07 -1.073616e-07 -9.939820e-07 2.020765e-05 -2.378459e-04 -3.501348e-05 -5.289487e-06
10970.204627 -1.517756e-05 -8.673700e-07 -1.058455e-07 -9.846566e-07 1.577636e-05 -2.323025e-04 -3.028662e-05 -6.064546e-07
10974.045880 -1.508257e-05 -8.661785e-07 -1.053592e-07 -9.792266e-07 1.655659e-05 -1.972838e-04 -3.904153e-05 -2.065351e-07
10977.899325 -1.498289e-05 -8.648935e-07 -1.052501e-07 -9.728713e-07 1.063232e-05 -2.014903e-04 -4.062757e-05 5.897287e-07
10981.764962 -1.484769e-05 -8.588056e-07 -1.045917e-07 -9.649939e-07 7.026229e-06 -2.129859e-04 -4.046334e-05 -5.833187e-06
10985.642791 -1.469839e-05 -8.515286e-07 -1.037288e-07 -9.562293e-07 4.255886e-06 -2.385068e-04 -4.516095e-05 -1.411870e-05
10989.532812 -1.461490e-05 -8.507904e-07 -1.039757e-07 -9.512705e-07 -9.610619e-07 -2.248184e-04 -4.623886e-05 -1.804340e-05
10993.435025 -1.450628e-05 -8.465476e-07 -1.039613e-07 -9.450473e-07 -5.732319e-06 -2.220946e-04 -4.033521e-05 -9.740018e-06
10997.349429 -1.437136e-05 -8.401861e-07 -1.039544e-07 -9.371700e-07 -7.490894e-07 -2.274079e-04 -4.788527e-05 -1.406517e-05
11001.276026 -1.419920e-05 -8.295455e-07 -1.032743e-07 -9.276792e-07 7.614315e-06 -2.207583e-04 -4.436963e-05 -2.256515e-06
11005.214814 -1.406005e-05 -8.225595e-07 -1.024523e-07 -9.195019e-07 9.171392e-06 -2.299333e-04 -5.060067e-05 -1.117885e-05
11009.165795 -1.397500e-05 -8.215959e-07 -1.025525e-07 -9.140222e-07 8.670580e-06 -2.185416e-04 -5.766522e-05 -1.991825e-05
11013.128967 -1.383334e-05 -8.146144e-07 -1.020481e-07 -9.057170e-07 8.828553e-06 -2.072680e-04 -5.648533e-05 -1.270084e-05
11017.104331 -1.371425e-05 -8.092665e-07 -1.015069e-07 -8.987582e-07 1.820846e-05 -2.027846e-04 -5.019007e-05 -9.342106e-06
11021.091888 -1.359942e-05 -8.047023e-07 -1.010377e-07 -8.920886e-07 1.779761e-05 -1.919983e-04 -4.906608e-05 -7.286291e-06
11025.091636 -1.346696e-05 -7.978274e-07 -1.006438e-07 -8.844197e-07 7.939886e-06 -2.134409e-04 -4.135454e-05 -7.445175e-06
11029.103575 -1.332381e-05 -7.900956e-07 -1.002861e-07 -8.762205e-07 1.331236e-05 -2.374983e-04 -3.986368e-05 2.524684e-06
11033.127707 -1.320793e-05 -7.863275e-07 -1.006402e-07 -8.694940e-07 1.647050e-05 -2.413214e-04 -4.305047e-05 8.669508e-06
11037.164031 -1.309842e-05 -7.820696e-07 -1.005026e-07 -8.630526e-07 1.661854e-05 -2.501807e-04 -4.029246e-05 1.336951e-06
11041.212547 -1.292930e-05 -7.710582e-07 -9.938766e-08 -8.535921e-07 2.119376e-05 -2.388756e-04 -4.643490e-05 -8.742717e-06
11045.273254 -1.284500e-05 -7.692616e-07 -9.934516e-08 -8.488474e-07 2.151679e-05 -2.384198e-04 -5.016616e-05 -9.341696e-06
11049.346154 -1.275061e-05 -7.664575e-07 -9.920915e-08 -8.435235e-07 2.211506e-05 -2.596492e-04 -4.740820e-05 -4.155406e-06
11053.431245 -1.259987e-05 -7.570366e-07 -9.810976e-08 -8.349346e-07 1.884289e-05 -2.387878e-04 -4.803011e-05 -5.532125e-06
11057.528529 -1.247013e-05 -7.501336e-07 -9.737236e-08 -8.275884e-07 8.765976e-06 -2.151417e-04 -5.368824e-05 4.298021e-06
11061.638004 -1.233342e-05 -7.425430e-07 -9.679622e-08 -8.190439e-07 1.152942e-05 -2.050370e-04 -4.911068e-05 8.826535e-07
11065.759671 -1.223812e-05 -7.388221e-07 -9.672335e-08 -8.134212e-07 1.660420e-05 -2.186822e-04 -4.665913e-05 3.545034e-06
11069.893530 -1.218011e-05 -7.400535e-07 -9.651411e-08 -8.105285e-07 2.117685e-05 -2.259049e-04 -4.483565e-05 4.261784e-06
11074.039581 -1.206235e-05 -7.347736e-07 -9.580930e-08 -8.035938e-07 1.209842e-05 -2.264342e-04 -4.240755e-05 -8.801856e-06
11078.197824 -1.194662e-05 -7.292345e-07 -9.538076e-08 -7.964075e-07 1.953848e-05 -2.092232e-04 -4.793978e-05 -1.638830e-05
11082.368258 -1.181762e-05 -7.220056e-07 -9.415766e-08 -7.889120e-07 1.991077e-05 -2.301388e-04 -3.394571e-05 -1.208786e-05
11086.550885 -1.171760e-05 -7.179575e-07 -9.328072e-08 -7.834556e-07 1.674727e-05 -2.308266e-04 -4.123178e-05 -6.685987e-06
11090.745704 -1.161602e-05 -7.136110e-07 -9.266338e-08 -7.774763e-07 2.694677e-05 -2.303404e-04 -5.356412e-05 5.389795e-07
11094.952714 -1.150378e-05 -7.080719e-07 -9.204875e-08 -7.710485e-07 2.599042e-05 -2.303030e-04 -4.990584e-05 1.214125e-06
11099.171916 -1.139763e-05 -7.034703e-07 -9.140154e-08 -7.646921e-07 2.165716e-05 -2.265668e-04 -5.388277e-05 -9.580789e-06
11103.403311 -1.127934e-05 -6.978825e-07 -9.084097e-08 -7.576788e-07 1.415028e-05 -2.311668e-04 -5.659528e-05 -2.606842e-05
11107.646897 -1.116661e-05 -6.917681e-07 -9.060711e-08 -7.511158e-07 1.862612e-05 -2.289394e-04 -6.279285e-05 -3.357613e-05
11111.902675 -1.105118e-05 -6.863484e-07 -8.996745e-08 -7.445832e-07 2.074122e-05 -2.349294e-04 -5.936496e-05 -2.309362e-05
11116.170645 -1.094767e-05 -6.812681e-07 -8.946967e-08 -7.386891e-07 1.675589e-05 -2.289234e-04 -4.564058e-05 -1.206288e-05
11120.450807 -1.084342e-05 -6.764515e-07 -8.932633e-08 -7.324178e-07 2.109367e-05 -2.413443e-04 -4.613464e-05 -2.076292e-05
11124.743161 -1.074180e-05 -6.720389e-07 -8.909126e-08 -7.263532e-07 1.895217e-05 -2.341705e-04 -4.243188e-05 -2.917723e-05
11129.047707 -1.063739e-05 -6.667399e-07 -8.855111e-08 -7.203574e-07 2.068062e-05 -2.348661e-04 -4.030145e-05 -2.943298e-05
11133.364444 -1.051399e-05 -6.597319e-07 -8.808212e-08 -7.128975e-07 1.664398e-05 -2.170545e-04 -5.518990e-05 -2.385557e-05
11137.693374 -1.036076e-05 -6.492834e-07 -8.699130e-08 -7.037734e-07 1.690604e-05 -2.126772e-04 -5.947927e-05 -1.316967e-05
11142.034495 -1.025135e-05 -6.433372e-07 -8.618517e-08 -6.971769e-07 1.459375e-05 -2.037674e-04 -6.457764e-05 -1.116125e-05
11146.387809 -1.013141e-05 -6.365322e-07 -8.579812e-08 -6.898110e-07 1.699887e-05 -2.057738e-04 -6.089087e-05 -8.867498e-06
11150.753314 -1.008023e-05 -6.368204e-07 -8.555261e-08 -6.875324e-07 2.229549e-05 -2.268117e-04 -5.996295e-05 -1.131262e-05
11155.131011 -9.999420e-06 -6.351329e-07 -8.547690e-08 -6.828546e-07 2.349005e-05 -2.089216e-04 -4.893591e-05 -4.060003e-06
11159.520900 -9.770786e-06 -6.206223e-07 -8.366686e-08 -6.690906e-07 3.062657e-05 -1.951057e-04 -5.102375e-05 9.088624e-06
11163.922981 -9.673171e-06 -6.147809e-07 -8.302235e-08 -6.617671e-07 2.897574e-05 -2.173791e-04 -5.949645e-05 3.951448e-05
11168.337254 -9.643921e-06 -6.179171e-07 -8.379402e-08 -6.616402e-07 2.036208e-05 -1.970784e-04 -5.319142e-05 4.680816e-05
11172.763719 -9.633295e-06 -6.169079e-07 -8.424039e-08 -6.619561e-07 1.147435e-05 -1.705044e-04 -4.668170e-05 4.909418e-05
11177.202376 -9.535118e-06 -6.109016e-07 -8.372737e-08 -6.564609e-07 1.717685e-05 -1.598540e-04 -4.691324e-05 4.561227e-05
11181.653224 -9.439339e-06 -6.059290e-07 -8.352787e-08 -6.505120e-07 1.810272e-05 -1.717668e-04 -4.280756e-05 4.070906e-05
11186.116265 -9.332096e-06 -5.998063e-07 -8.272055e-08 -6.445971e-07 1.366354e-05 -1.651948e-04 -5.039547e-05 4.856115e-05
11190.591497 -9.229647e-06 -5.938584e-07 -8.245161e-08 -6.388429e-07 1.921002e-05 -1.975470e-04 -5.961749e-05 4.802539e-05
11195.078922 -9.150528e-06 -5.903911e-07 -8.222995e-08 -6.339397e-07 2.767658e-05 -1.794686e-04 -6.439372e-05 4.246192e-05
11199.578538 -9.058330e-06 -5.854782e-07 -8.182917e-08 -6.283248e-07 1.501803e-05 -1.560930e-04 -5.889731e-05 4.112493e-05
11204.090346 -8.957001e-06 -5.800975e-07 -8.101951e-08 -6.223325e-07 9.464266e-06 -1.658114e-04 -5.193340e-05 4.632405e-05
11208.614346 -8.859464e-06 -5.744851e-07 -8.029958e-08 -6.162435e-07 8.449557e-06 -1.878423e-04 -4.458209e-05 3.888307e-05
11213.150538 -8.782959e-06 -5.711926e-07 -7.993922e-08 -6.117339e-07 8.159864e-06 -1.781121e-04 -3.609115e-05 6.584430e-06
11217.698922 -8.667594e-06 -5.635958e-07 -7.915225e-08 -6.047376e-07 1.132475e-05 -1.861423e-04 -5.489114e-05 -5.840355e-06
11222.259498 -8.571347e-06 -5.583077e-07 -7.836710e-08 -5.992184e-07 1.417997e-05 -1.799553e-04 -5.570089e-05 -1.288545e-05
11226.832266 -8.486698e-06 -5.539938e-07 -7.757551e-08 -5.945242e-07 1.243780e-05 -1.671675e-04 -6.276543e-05 -1.814311e-05
11231.417226 -8.407585e-06 -5.501288e-07 -7.668145e-08 -5.897678e-07 1.209308e-05 -1.764053e-04 -6.250805e-05 -8.372619e-06
11236.014377 -8.320573e-06 -5.454738e-07 -7.631111e-08 -5.845086e-07 1.837773e-05 -1.826385e-04 -7.007737e-05 -7.859453e-06
11240.623721 -8.209625e-06 -5.380150e-07 -7.537189e-08 -5.777180e-07 2.335437e-05 -1.666469e-04 -6.572228e-05 -3.907842e-06
11245.245256 -8.129631e-06 -5.343883e-07 -7.490699e-08 -5.728524e-07 2.823702e-05 -1.702661e-04 -6.357846e-05 9.487319e-07
11249.878983 -7.986612e-06 -5.241077e-07 -7.339764e-08 -5.639354e-07 2.250864e-05 -1.583077e-04 -5.025949e-05 1.758412e-06
11254.524902 -7.927865e-06 -5.221347e-07 -7.331684e-08 -5.604669e-07 1.940494e-05 -1.509791e-04 -4.584563e-05 -4.989757e-06
11259.183013 -7.872630e-06 -5.208154e-07 -7.367270e-08 -5.572880e-07 1.447187e-05 -1.675831e-04 -4.923561e-05 -1.546304e-05
11263.853316 -7.778826e-06 -5.151884e-07 -7.299200e-08 -5.515520e-07 1.658931e-05 -1.760252e-04 -4.632643e-05 -1.504836e-05
11268.535811 -7.678306e-06 -5.082605e-07 -7.215105e-08 -5.457562e-07 1.947156e-05 -1.842482e-04 -5.927226e-05 -1.833637e-05
11273.230498 -7.627449e-06 -5.072004e-07 -7.248120e-08 -5.427662e-07 1.890338e-05 -2.005742e-04 -5.563018e-05 -2.183473e-05
11277.937377 -7.547682e-06 -5.033046e-07 -7.228566e-08 -5.380370e-07 2.441807e-05 -2.001916e-04 -4.815653e-05 -1.615676e-05
11282.656448 -7.443454e-06 -4.961726e-07 -7.147330e-08 -5.318038e-07 2.644869e-05 -1.937126e-04 -4.404613e-05 -1.389847e-05
11287.387710 -7.350364e-06 -4.903470e-07 -7.075594e-08 -5.262984e-07 2.134675e-05 -1.991875e-04 -5.658566e-05 -1.998544e-05
11292.131165 -7.270734e-06 -4.865111e-07 -7.043522e-08 -5.215975e-07 1.446295e-05 -1.931356e-04 -6.049653e-05 -5.445325e-06
11296.886811 -7.197230e-06 -4.821687e-07 -6.993598e-08 -5.169600e-07 1.784563e-05 -2.071793e-04 -5.724026e-05 -6.055321e-06
11301.654649 -7.123837e-06 -4.784779e-07 -6.943476e-08 -5.123335e-07 1.707888e-05 -2.098273e-04 -5.179591e-05 -1.498595e-05
11306.434679 -7.030958e-06 -4.733398e-07 -6.886172e-08 -5.064779e-07 1.915572e-05 -2.068099e-04 -4.821710e-05 -2.211303e-05
11311.226901 -6.929025e-06 -4.663616e-07 -6.792133e-08 -5.004549e-07 1.370726e-05 -1.999794e-04 -4.815658e-05 -1.810014e-05
11316.031315 -6.863778e-06 -4.629850e-07 -6.771222e-08 -4.975387e-07 1.231282e-05 -2.030714e-04 -5.773495e-05 -1.172881e-05
11320.847921 -6.822812e-06 -4.609607e-07 -6.750442e-08 -4.950434e-07 1.337223e-05 -2.035592e-04 -5.860042e-05 -7.528040e-06
11325.676719 -6.748697e-06 -4.567986e-07 -6.709005e-08 -4.904511e-07 1.900977e-05 -1.768794e-04 -5.631261e-05 -2.885849e-06
11330.517709 -6.645460e-06 -4.505145e-07 -6.632642e-08 -4.840522e-07 1.860318e-05 -2.058057e-04 -4.318730e-05 5.069589e-06
11335.370891 -6.543517e-06 -4.439476e-07 -6.546876e-08 -4.779346e-07 1.476445e-05 -2.309929e-04 -3.302055e-05 -7.920323e-06
11340.236264 -6.526974e-06 -4.425189e-07 -6.542651e-08 -4.770643e-07 8.221452e-06 -2.262840e-04 -2.970952e-05 1.827341e-05
