# Facility.name: NSLS-II
# Facility.mode: Beam available
# Facility.current: 400.2544479024549
# Facility.current: 3 GeV
# Facility.year: 2023
# Facility.cycle: 2
# Facility.GUP: 312970
# Facility.SAF: 311402
# Experimenter.name: Esteban Fornero
# Beamline.name: ISS (8-ID)
# Beamline.x-ray_source: damping wiggler
# Beamline.collimation_mirror1.material: Si
# Beamline.collimation_mirror2.material: Pt
# Beamline.collimation_mirror2.bender_loading: -347.0
# Beamline.focusing: toroidal mirror
# Beamline.focusing.material: Pt
# Beamline.focusing.bender_loading: -419.0
# Beamline.harmonic_rejection: Si
# Mono.scan_mode: Si(111)
# Mono.d_spacing: 3.1354951
# Mono.scan_mode: pseudo-channel cut
# Mono.scan_type: fly_scan
# Mono.trajectory_name: 0f397ba2-1519.txt
# Mono.direction: None
# Mono.angle_offset: 0.69366577
# Mono.angle_offset: 39.744 deg
# Mono.encoder_resolution: 48.0 nrad
# Detector.I0: ion chamber
# Detector.I1: ion chamber
# Detector.I2: ion chamber
# Detector.IF: PIPS
# Detector.I0.length: 15 cm
# Detector.I1.length: 28 cm
# Detector.I2.length: 15 cm
# Detector.IF.thickness: 300 um
# Detector.I0.gas.N2: 38.0%
# Detector.I1.gas.N2: 38.0%
# Detector.I2.gas.N2: 38.0%
# Detector.I0.gas.He: 62.0%
# Detector.I1.gas.He: 62.0%
# Detector.I2.gas.He: 62.0%
# Detector.I0.voltage: -1649.997192
# Detector.I1.voltage: -1649.999268
# Detector.I2.voltage: -1650.001343
# Detector.I0.gain: 4
# Detector.I1.gain: 6
# Detector.I2.gain: 6
# Detector.IF.gain: 6
# Detector.aux: {}
# Element.symbol: Ga
# Element.edge: K
# Element.line: None
# Scan.transient_id: 370917
# Scan.uid: 8173388a-62ba-46e5-b0e8-5dda56bb1070
# Scan.edge_energy: 10367.0
# Scan.start_time: 06/23/2023  02:28:21.524618
# Scan.end_time: 06/23/2023  02:28:56.292542
# Scan.name: Cu2O+Ga2O3-1st O2-ramp (pos 001) Ga-K 0001
# Scan.comment: 
# Sample.name: Cu2O+Ga2O3-1st
# Sample.comment: 
# Sample.position.x: -66.61000258
# Sample.position.y: 30.049994074
# Sample.position.z: -10.184937499999995
# Sample.position.theta: 845.5790000000001
# SampleHeater.temperature1.setpoint: 300.0
# SampleHeater.temperature1.readback: 1372.0
# SampleHeater.current.setpoint: 0.0
# SampleHeater.current.readback: 0.0
# SampleHeater.temperature2.setpoint: 400.0
# SampleHeater.temperature2.readback: 398.1
# SampleHeater.voltage.setpoint: 0.981823889685043
# SampleHeater.voltage.readback: 0.978
# SampleHeater.PID.P: 0.025
# SampleHeater.PID.I: 0.07
# SampleHeater.PID.D: 0.0
# SampleGasCart.MFC.CH4.setpoint: 0.0
# SampleGasCart.MFC.CH4.readback: 0.0
# SampleGasCart.MFC.CO.setpoint: 0.0
# SampleGasCart.MFC.CO.readback: 0.0
# SampleGasCart.MFC.H2.setpoint: 0.0
# SampleGasCart.MFC.H2.readback: 0.0
# SampleGasCart.MFC.exhaust.setpoint: 100.0
# SampleGasCart.MFC.exhaust.readback: 9.53
# SampleGasHandlingSystem.gas_a.name: None
# SampleGasHandlingSystem.gas_b.name: None
# SampleGasHandlingSystem.gas_c.name: None
# SampleGasHandlingSystem.gas_d.name: None
# SampleGasHandlingSystem.gas_e.name: He
# SampleGasHandlingSystem.MFC1.setpoint: 8.0
# SampleGasHandlingSystem.MFC1.readback: 7.999674320220947
# SampleGasHandlingSystem.MFC2.setpoint: 0.0
# SampleGasHandlingSystem.MFC2.readback: -0.0528971366584301
# SampleGasHandlingSystem.MFC3.setpoint: 0.0
# SampleGasHandlingSystem.MFC3.readback: 0.0244140625
# SampleGasHandlingSystem.MFC4.setpoint: 0.0
# SampleGasHandlingSystem.MFC4.readback: -0.048828125
# SampleGasHandlingSystem.MFC5.setpoint: 0.0
# SampleGasHandlingSystem.MFC5.readback: -0.0040690102614462376
# SampleGasHandlingSystem.MFC6.setpoint: 2.0
# SampleGasHandlingSystem.MFC6.readback: 2.001953125
# SampleGasHandlingSystem.MFC7.setpoint: 0.0
# SampleGasHandlingSystem.MFC7.readback: -0.0325520820915699
# SampleGasHandlingSystem.MFC8.setpoint: 0.0
# SampleGasHandlingSystem.MFC8.readback: -0.0732421875
# SampleGasHandlingSystem.MFC9.setpoint: 0.0
# SampleGasHandlingSystem.MFC9.readback: -0.048828125
# SampleGasHandlingSystem.MFC10.setpoint: 0.0
# SampleGasHandlingSystem.MFC10.readback: 0.01220703125
# SampleGasHandlingSystem.MFC11.setpoint: 0.0
# SampleGasHandlingSystem.MFC11.readback: -0.09765625
# SampleGasHandlingSystem.MFC12.setpoint: 0.0
# SampleGasHandlingSystem.MFC12.readback: -0.0528971366584301
# SampleGasHandlingSystem.MFC13.setpoint: 0.0
# SampleGasHandlingSystem.MFC13.readback: -0.0528971366584301
# SampleGasHandlingSystem.MFC14.setpoint: 0.0
# SampleGasHandlingSystem.MFC14.readback: -0.0691731795668602
# SampleGasHandlingSystem.MFC15.setpoint: 0.0
# SampleGasHandlingSystem.MFC15.readback: -0.10986328125
# SampleGasHandlingSystem.MFC16.setpoint: 0.0
# SampleGasHandlingSystem.MFC16.readback: -0.03662109375
# SampleGasHandlingSystem.RGA.ch1.mass: 2
# SampleGasHandlingSystem.RGA.ch1.readback: 1.92075e-10
# SampleGasHandlingSystem.RGA.ch2.mass: 4
# SampleGasHandlingSystem.RGA.ch2.readback: 2.27556e-07
# SampleGasHandlingSystem.RGA.ch3.mass: 5
# SampleGasHandlingSystem.RGA.ch3.readback: 7.81276e-12
# SampleGasHandlingSystem.RGA.ch4.mass: 5
# SampleGasHandlingSystem.RGA.ch4.readback: 4.78717e-10
# SampleGasHandlingSystem.RGA.ch5.mass: 18
# SampleGasHandlingSystem.RGA.ch5.readback: 2.83807e-10
# SampleGasHandlingSystem.RGA.ch6.mass: 28
# SampleGasHandlingSystem.RGA.ch6.readback: 6.95546e-11
# SampleGasHandlingSystem.RGA.ch7.mass: 32
# SampleGasHandlingSystem.RGA.ch7.readback: 1.7028e-08
# SampleGasHandlingSystem.RGA.ch8.mass: 41
# SampleGasHandlingSystem.RGA.ch8.readback: 1.11477e-11
# SampleGasHandlingSystem.RGA.ch9.mass: 44
# SampleGasHandlingSystem.RGA.ch9.readback: 6.20249e-12
# energy  i0  it  ir  iff  aux1  aux2  aux3  aux4
10167.000000 -2.987866e-05 -1.026800e-06 -3.001570e-07 -8.331152e-07 5.613523e-05 -2.813414e-04 -4.993683e-05 1.795469e-05
10172.000000 -2.971515e-05 -1.019798e-06 -2.967573e-07 -8.305023e-07 4.956982e-05 -2.941194e-04 -6.026726e-05 1.635560e-05
10177.000000 -2.965572e-05 -1.020695e-06 -2.940571e-07 -8.300996e-07 5.670434e-05 -3.055084e-04 -6.163071e-05 9.675294e-06
10182.000000 -2.964720e-05 -1.025495e-06 -2.899168e-07 -8.314696e-07 6.545245e-05 -3.127294e-04 -6.394444e-05 1.147211e-05
10187.000000 -2.963242e-05 -1.027046e-06 -2.798536e-07 -8.338701e-07 6.216836e-05 -2.807355e-04 -6.153004e-05 1.037954e-05
10192.000000 -2.961407e-05 -1.028168e-06 -2.565584e-07 -8.352949e-07 6.190985e-05 -2.749176e-04 -6.266637e-05 1.015885e-05
10197.000000 -2.965324e-05 -1.037135e-06 -1.909094e-07 -8.379038e-07 6.084226e-05 -2.692188e-04 -6.120903e-05 1.324778e-05
10202.000000 -2.966321e-05 -1.045621e-06 -6.203878e-08 -8.404773e-07 6.827373e-05 -2.747454e-04 -5.740148e-05 1.967884e-05
10207.000000 -2.957552e-05 -1.042588e-06 -2.493207e-08 -8.406686e-07 6.137470e-05 -2.629280e-04 -5.895863e-05 1.721468e-05
10212.000000 -2.956848e-05 -1.047379e-06 -5.207093e-08 -8.426161e-07 5.851228e-05 -2.653081e-04 -5.884650e-05 9.284576e-06
10217.000000 -2.957636e-05 -1.053406e-06 -6.753633e-08 -8.446290e-07 5.949659e-05 -2.596492e-04 -6.157200e-05 5.053690e-06
10222.000000 -2.945086e-05 -1.048046e-06 -7.926197e-08 -8.430334e-07 6.523941e-05 -2.758591e-04 -6.012462e-05 1.373538e-05
10227.000000 -2.948323e-05 -1.059539e-06 -8.791126e-08 -8.453065e-07 6.400322e-05 -3.004225e-04 -5.470085e-05 1.423454e-05
10232.000000 -2.943722e-05 -1.063124e-06 -9.160270e-08 -8.461988e-07 6.955587e-05 -2.992482e-04 -4.695549e-05 9.478749e-06
10237.000000 -2.944023e-05 -1.068626e-06 -9.424823e-08 -8.488871e-07 5.736263e-05 -2.732303e-04 -5.124974e-05 6.183613e-06
10242.000000 -2.936736e-05 -1.067845e-06 -9.559954e-08 -8.500338e-07 5.458247e-05 -2.680956e-04 -6.599511e-05 1.898867e-06
10247.000000 -2.926090e-05 -1.066029e-06 -9.937274e-08 -8.498138e-07 5.982999e-05 -2.532751e-04 -6.044397e-05 7.813044e-06
10252.000000 -2.930306e-05 -1.076702e-06 -9.959784e-08 -8.532356e-07 6.809857e-05 -2.481948e-04 -6.284537e-05 7.677394e-06
10257.000000 -2.926192e-05 -1.079251e-06 -9.561646e-08 -8.544306e-07 6.976125e-05 -2.181210e-04 -5.594054e-05 7.508125e-06
10262.000000 -2.916523e-05 -1.079384e-06 -9.496374e-08 -8.530549e-07 6.646410e-05 -2.185459e-04 -5.473796e-05 7.046207e-06
10267.000000 -2.905945e-05 -1.070683e-06 -9.630798e-08 -8.525339e-07 6.876329e-05 -2.268510e-04 -6.148522e-05 1.543534e-05
10272.000000 -2.914768e-05 -1.087397e-06 -9.841626e-08 -8.562985e-07 8.138687e-05 -2.039756e-04 -5.398493e-05 2.040859e-05
10277.000000 -2.907189e-05 -1.089272e-06 -9.783937e-08 -8.564731e-07 6.861666e-05 -1.859098e-04 -5.556153e-05 1.153079e-05
10282.000000 -2.898192e-05 -1.095222e-06 -9.695622e-08 -8.560353e-07 6.460696e-05 -2.120607e-04 -5.188842e-05 1.295506e-05
10287.000000 -2.903879e-05 -1.103608e-06 -9.829735e-08 -8.602922e-07 6.628056e-05 -2.162541e-04 -4.567202e-05 1.836508e-05
10292.000000 -2.902621e-05 -1.109191e-06 -1.013026e-07 -8.627786e-07 6.544160e-05 -2.159712e-04 -4.814363e-05 1.270193e-05
10297.000000 -2.898533e-05 -1.111140e-06 -1.027907e-07 -8.640513e-07 7.140239e-05 -2.087753e-04 -3.631774e-05 1.149664e-05
10302.000000 -2.898913e-05 -1.116752e-06 -1.030765e-07 -8.659366e-07 6.496751e-05 -2.091705e-04 -4.922080e-05 4.829046e-06
10307.000000 -2.893048e-05 -1.118075e-06 -1.031198e-07 -8.666027e-07 6.640657e-05 -2.065479e-04 -6.154253e-05 7.724897e-06
10312.000000 -2.889580e-05 -1.122925e-06 -1.035105e-07 -8.679748e-07 6.554338e-05 -2.249883e-04 -7.136432e-05 9.361279e-06
10317.000000 -2.882594e-05 -1.123216e-06 -1.029087e-07 -8.691501e-07 5.745795e-05 -2.343665e-04 -6.058428e-05 1.751874e-05
10322.000000 -2.880192e-05 -1.128832e-06 -1.024003e-07 -8.718928e-07 5.377329e-05 -2.425462e-04 -6.729344e-05 6.535781e-06
10327.000000 -2.878178e-05 -1.135238e-06 -1.019692e-07 -8.739972e-07 6.570586e-05 -2.462331e-04 -6.922430e-05 3.219973e-06
10332.000000 -2.866416e-05 -1.133042e-06 -1.008090e-07 -8.742230e-07 6.472500e-05 -2.508724e-04 -6.681009e-05 1.311150e-06
10337.000000 -2.870624e-05 -1.134035e-06 -1.006322e-07 -8.787560e-07 6.196030e-05 -2.286926e-04 -7.113667e-05 -1.437745e-05
10341.000000 -2.868427e-05 -1.138661e-06 -1.016110e-07 -8.812123e-07 5.652948e-05 -2.232712e-04 -7.532988e-05 -1.639162e-05
10344.000000 -2.867231e-05 -1.143446e-06 -1.030121e-07 -8.831780e-07 5.446737e-05 -2.249071e-04 -6.684823e-05 -2.335266e-05
10346.000000 -2.866239e-05 -1.147111e-06 -1.043322e-07 -8.847913e-07 5.359062e-05 -2.495835e-04 -6.478773e-05 -1.646056e-05
10347.000000 -2.864657e-05 -1.146895e-06 -1.049628e-07 -8.852197e-07 5.416904e-05 -2.604101e-04 -6.913756e-05 -2.951827e-05
10347.200000 -2.863102e-05 -1.143910e-06 -1.047859e-07 -8.852387e-07 5.562191e-05 -2.750776e-04 -6.302760e-05 -3.715247e-05
10347.400000 -2.860053e-05 -1.139584e-06 -1.046836e-07 -8.852881e-07 5.449500e-05 -2.902036e-04 -6.691562e-05 -3.340501e-05
10347.600000 -2.863851e-05 -1.146020e-06 -1.055602e-07 -8.860209e-07 5.528594e-05 -2.848500e-04 -7.292344e-05 -4.258397e-05
10347.800000 -2.865607e-05 -1.149466e-06 -1.059038e-07 -8.864376e-07 5.682093e-05 -2.679261e-04 -6.390142e-05 -3.564545e-05
10348.000000 -2.861627e-05 -1.142827e-06 -1.055126e-07 -8.860902e-07 5.536758e-05 -3.060584e-04 -5.950907e-05 -3.225566e-05
10348.200000 -2.862415e-05 -1.144432e-06 -1.057339e-07 -8.863628e-07 6.002910e-05 -3.108388e-04 -6.225848e-05 -3.320955e-05
10348.400000 -2.863431e-05 -1.147843e-06 -1.060801e-07 -8.870735e-07 6.133847e-05 -2.772608e-04 -7.071751e-05 -3.730193e-05
10348.600000 -2.864451e-05 -1.148314e-06 -1.061076e-07 -8.876037e-07 5.910649e-05 -2.734600e-04 -6.158557e-05 -3.326452e-05
10348.800000 -2.865043e-05 -1.150050e-06 -1.064022e-07 -8.884402e-07 6.147244e-05 -2.756941e-04 -6.565436e-05 -3.166723e-05
10349.000000 -2.862789e-05 -1.147428e-06 -1.063054e-07 -8.883400e-07 5.422667e-05 -2.779909e-04 -6.693464e-05 -3.950064e-05
10349.200000 -2.863011e-05 -1.147985e-06 -1.063601e-07 -8.888444e-07 5.268562e-05 -2.681929e-04 -7.171409e-05 -3.262827e-05
10349.400000 -2.862030e-05 -1.146167e-06 -1.061604e-07 -8.891443e-07 6.164227e-05 -2.922822e-04 -6.741204e-05 -3.276174e-05
10349.600000 -2.863892e-05 -1.149388e-06 -1.067163e-07 -8.900475e-07 6.053135e-05 -3.182229e-04 -6.733920e-05 -3.768062e-05
10349.800000 -2.864776e-05 -1.150882e-06 -1.070480e-07 -8.903602e-07 5.765698e-05 -2.826798e-04 -5.243950e-05 -3.069509e-05
10350.000000 -2.861529e-05 -1.147032e-06 -1.068200e-07 -8.900767e-07 5.218697e-05 -2.769694e-04 -6.110716e-05 -3.341918e-05
10350.200000 -2.860481e-05 -1.147061e-06 -1.071231e-07 -8.900488e-07 5.489871e-05 -3.007070e-04 -5.208609e-05 -1.437395e-05
10350.400000 -2.858371e-05 -1.144125e-06 -1.068318e-07 -8.897690e-07 5.461022e-05 -2.825295e-04 -5.835378e-05 -1.681715e-05
10350.600000 -2.857771e-05 -1.144140e-06 -1.066690e-07 -8.899630e-07 5.409861e-05 -2.958253e-04 -5.871118e-05 -1.156390e-05
10350.800000 -2.859187e-05 -1.145701e-06 -1.068037e-07 -8.902013e-07 5.763236e-05 -3.155175e-04 -7.137588e-05 -1.630796e-05
10351.000000 -2.856965e-05 -1.142777e-06 -1.065956e-07 -8.895639e-07 6.368677e-05 -2.724445e-04 -7.036927e-05 -2.271682e-05
10351.200000 -2.860047e-05 -1.147121e-06 -1.071148e-07 -8.902276e-07 6.435187e-05 -2.597638e-04 -7.240885e-05 -1.988182e-05
10351.400000 -2.861000e-05 -1.149688e-06 -1.078742e-07 -8.908189e-07 7.699002e-05 -2.501193e-04 -7.519869e-05 -2.499338e-05
10351.600000 -2.861960e-05 -1.150796e-06 -1.080411e-07 -8.914796e-07 7.398797e-05 -2.667194e-04 -7.546937e-05 -2.733646e-05
10351.800000 -2.862289e-05 -1.150816e-06 -1.081923e-07 -8.919931e-07 7.745387e-05 -2.634869e-04 -7.680804e-05 -2.282583e-05
10352.000000 -2.861091e-05 -1.149770e-06 -1.081085e-07 -8.917016e-07 7.128771e-05 -2.760733e-04 -7.385401e-05 -1.520700e-05
10352.200000 -2.855933e-05 -1.142415e-06 -1.075857e-07 -8.917463e-07 7.132511e-05 -3.033597e-04 -7.900788e-05 -1.016501e-05
10352.400000 -2.854847e-05 -1.140308e-06 -1.071138e-07 -8.914855e-07 6.889882e-05 -3.032489e-04 -7.497327e-05 -1.790429e-05
10352.600000 -2.860621e-05 -1.151044e-06 -1.082458e-07 -8.928802e-07 6.768081e-05 -2.829171e-04 -8.755999e-05 -1.631491e-05
10352.800000 -2.860820e-05 -1.151930e-06 -1.082316e-07 -8.930603e-07 6.164278e-05 -2.701942e-04 -6.328980e-05 -2.354910e-05
10353.000000 -2.859807e-05 -1.151109e-06 -1.082943e-07 -8.929714e-07 6.108361e-05 -2.535084e-04 -7.120639e-05 -2.842214e-05
10353.200000 -2.857642e-05 -1.147459e-06 -1.080315e-07 -8.927396e-07 6.500204e-05 -2.499973e-04 -6.495368e-05 -2.933583e-05
10353.400000 -2.859440e-05 -1.151359e-06 -1.086653e-07 -8.932388e-07 6.258322e-05 -2.472752e-04 -5.322155e-05 -2.676192e-05
10353.600000 -2.858695e-05 -1.150695e-06 -1.087128e-07 -8.935600e-07 6.494640e-05 -2.416178e-04 -4.931761e-05 -2.649340e-05
10353.800000 -2.853712e-05 -1.143761e-06 -1.081183e-07 -8.928678e-07 6.587835e-05 -2.505719e-04 -6.160994e-05 -2.509033e-05
10354.000000 -2.848850e-05 -1.137022e-06 -1.077693e-07 -8.921958e-07 6.384278e-05 -2.770213e-04 -5.781398e-05 -1.356621e-05
10354.200000 -2.852434e-05 -1.141941e-06 -1.079270e-07 -8.932603e-07 7.133167e-05 -2.616461e-04 -5.400067e-05 -1.486773e-05
10354.400000 -2.855130e-05 -1.146378e-06 -1.084558e-07 -8.939711e-07 6.753958e-05 -2.598892e-04 -5.048935e-05 -1.296757e-05
10354.600000 -2.857469e-05 -1.151092e-06 -1.086472e-07 -8.948114e-07 6.634016e-05 -2.520541e-04 -6.144955e-05 -4.105819e-06
10354.800000 -2.857200e-05 -1.151376e-06 -1.086709e-07 -8.948623e-07 7.402234e-05 -2.796391e-04 -5.959493e-05 5.371189e-06
10355.000000 -2.857880e-05 -1.151904e-06 -1.086179e-07 -8.952632e-07 6.764732e-05 -2.896173e-04 -7.929245e-05 -3.324756e-06
10355.200000 -2.857202e-05 -1.152843e-06 -1.086568e-07 -8.958362e-07 6.870068e-05 -2.781707e-04 -6.923970e-05 -7.007893e-07
10355.400000 -2.856924e-05 -1.151358e-06 -1.087330e-07 -8.963504e-07 6.497804e-05 -2.784960e-04 -6.449786e-05 -7.061594e-06
10355.600000 -2.857793e-05 -1.153697e-06 -1.091701e-07 -8.968972e-07 6.190267e-05 -2.784260e-04 -6.681588e-05 -5.121346e-06
10355.800000 -2.857559e-05 -1.153487e-06 -1.091553e-07 -8.972505e-07 6.069604e-05 -2.754628e-04 -5.328115e-05 3.640334e-06
10356.000000 -2.856163e-05 -1.152520e-06 -1.092076e-07 -8.972905e-07 6.281863e-05 -2.546607e-04 -4.299487e-05 -9.545648e-07
10356.200000 -2.856592e-05 -1.153410e-06 -1.092657e-07 -8.980855e-07 6.181466e-05 -2.440588e-04 -4.256703e-05 -8.625969e-06
10356.400000 -2.855755e-05 -1.152382e-06 -1.090816e-07 -8.985557e-07 6.769960e-05 -2.595234e-04 -5.486272e-05 -9.660896e-06
10356.600000 -2.856177e-05 -1.153840e-06 -1.090935e-07 -8.990158e-07 7.506820e-05 -2.705960e-04 -6.118172e-05 -6.948725e-06
10356.800000 -2.854437e-05 -1.149885e-06 -1.088536e-07 -8.998810e-07 6.639420e-05 -2.532846e-04 -5.233698e-05 -4.989106e-06
10357.000000 -2.854117e-05 -1.149654e-06 -1.086150e-07 -8.998462e-07 6.351389e-05 -2.584530e-04 -5.222355e-05 -4.053016e-06
10357.200000 -2.853508e-05 -1.149795e-06 -1.088925e-07 -9.004644e-07 7.356855e-05 -2.796206e-04 -4.294150e-05 -7.678219e-08
10357.400000 -2.853154e-05 -1.149743e-06 -1.088586e-07 -9.015580e-07 6.554830e-05 -3.113050e-04 -4.109663e-05 5.410884e-07
10357.600000 -2.850689e-05 -1.145263e-06 -1.085084e-07 -9.016284e-07 6.463011e-05 -2.727238e-04 -5.028043e-05 3.618428e-06
10357.800000 -2.850535e-05 -1.145556e-06 -1.088427e-07 -9.018204e-07 7.467888e-05 -2.657220e-04 -6.626327e-05 -8.617552e-06
10358.000000 -2.851195e-05 -1.147252e-06 -1.090503e-07 -9.024264e-07 7.022378e-05 -2.703369e-04 -6.001477e-05 -6.551787e-06
10358.200000 -2.851220e-05 -1.146824e-06 -1.091636e-07 -9.033474e-07 6.662264e-05 -2.425577e-04 -5.536386e-05 -2.327773e-06
10358.400000 -2.849292e-05 -1.144615e-06 -1.088751e-07 -9.033244e-07 6.354298e-05 -2.655466e-04 -5.137081e-05 6.410416e-06
10358.600000 -2.847608e-05 -1.143724e-06 -1.088030e-07 -9.042271e-07 6.802670e-05 -2.913128e-04 -6.838615e-05 3.039232e-06
10358.800000 -2.848266e-05 -1.144872e-06 -1.086459e-07 -9.046751e-07 7.708735e-05 -2.996730e-04 -6.487941e-05 1.312191e-05
10359.000000 -2.849402e-05 -1.146990e-06 -1.086876e-07 -9.054153e-07 7.542369e-05 -2.767266e-04 -7.291533e-05 3.698136e-06
10359.200000 -2.851128e-05 -1.150133e-06 -1.087913e-07 -9.065153e-07 7.748582e-05 -2.504557e-04 -8.060485e-05 -9.185978e-06
10359.400000 -2.850358e-05 -1.149443e-06 -1.089626e-07 -9.070682e-07 8.103299e-05 -2.700921e-04 -7.718900e-05 -1.278789e-05
10359.600000 -2.849759e-05 -1.149200e-06 -1.089717e-07 -9.079340e-07 8.192068e-05 -2.632055e-04 -7.568876e-05 -8.815956e-06
10359.800000 -2.849291e-05 -1.148043e-06 -1.088680e-07 -9.081078e-07 9.046033e-05 -2.651583e-04 -8.224332e-05 -8.321254e-06
10360.000000 -2.850115e-05 -1.148668e-06 -1.090302e-07 -9.093111e-07 8.954550e-05 -2.570587e-04 -9.327842e-05 -1.670835e-06
10360.200000 -2.849827e-05 -1.150171e-06 -1.092909e-07 -9.101298e-07 8.612330e-05 -2.485575e-04 -7.990270e-05 1.047151e-06
10360.400000 -2.843939e-05 -1.139981e-06 -1.083675e-07 -9.102085e-07 6.522970e-05 -2.617141e-04 -8.350278e-05 -1.131137e-05
10360.600000 -2.845527e-05 -1.141742e-06 -1.083541e-07 -9.115762e-07 6.559208e-05 -2.617060e-04 -8.706948e-05 -1.073917e-05
10360.800000 -2.846501e-05 -1.144310e-06 -1.085655e-07 -9.128505e-07 7.457169e-05 -2.436300e-04 -7.898264e-05 -8.384865e-06
10361.000000 -2.844174e-05 -1.139158e-06 -1.080432e-07 -9.133397e-07 7.040914e-05 -2.216692e-04 -6.756670e-05 8.055638e-07
10361.200000 -2.845567e-05 -1.142256e-06 -1.082007e-07 -9.138176e-07 6.999844e-05 -2.370158e-04 -6.830165e-05 -4.546176e-06
10361.400000 -2.848147e-05 -1.145229e-06 -1.082905e-07 -9.154968e-07 7.046894e-05 -2.408336e-04 -5.955354e-05 -3.455838e-06
10361.600000 -2.848903e-05 -1.148544e-06 -1.087387e-07 -9.168716e-07 7.617683e-05 -2.358952e-04 -6.226566e-05 -1.617554e-05
10361.800000 -2.848011e-05 -1.145774e-06 -1.084180e-07 -9.173733e-07 8.283265e-05 -2.401308e-04 -6.557127e-05 -1.673499e-05
10362.000000 -2.842156e-05 -1.136872e-06 -1.078760e-07 -9.173602e-07 7.030505e-05 -2.611791e-04 -8.017539e-05 -1.094421e-05
10362.200000 -2.834031e-05 -1.126718e-06 -1.073996e-07 -9.172057e-07 6.754066e-05 -2.504479e-04 -7.577421e-05 -1.035662e-05
10362.400000 -2.830622e-05 -1.121097e-06 -1.068445e-07 -9.172186e-07 7.202408e-05 -2.837017e-04 -7.983404e-05 -7.032178e-06
10362.600000 -2.831717e-05 -1.122900e-06 -1.068913e-07 -9.189275e-07 7.651037e-05 -2.699093e-04 -8.496652e-05 -1.838601e-05
10362.800000 -2.834257e-05 -1.127572e-06 -1.073328e-07 -9.211906e-07 8.453395e-05 -2.524810e-04 -7.383719e-05 -1.190411e-05
10363.000000 -2.834342e-05 -1.126717e-06 -1.071665e-07 -9.226902e-07 8.569026e-05 -2.762153e-04 -6.134456e-05 -2.452186e-06
10363.200000 -2.836664e-05 -1.130850e-06 -1.073916e-07 -9.246575e-07 7.991048e-05 -3.095963e-04 -7.158448e-05 -5.847175e-06
10363.400000 -2.839030e-05 -1.133651e-06 -1.075413e-07 -9.274038e-07 7.274358e-05 -2.864241e-04 -7.389896e-05 -1.087130e-05
10363.600000 -2.839944e-05 -1.134455e-06 -1.075099e-07 -9.292762e-07 6.624557e-05 -2.597887e-04 -7.281783e-05 -1.707955e-05
10363.800000 -2.839602e-05 -1.132817e-06 -1.072942e-07 -9.309785e-07 6.131514e-05 -2.677132e-04 -9.168305e-05 -1.716997e-05
10364.000000 -2.835582e-05 -1.127265e-06 -1.068979e-07 -9.318022e-07 7.255056e-05 -3.035514e-04 -8.239750e-05 -1.036234e-05
10364.200000 -2.835066e-05 -1.126744e-06 -1.070013e-07 -9.336052e-07 6.922804e-05 -2.988144e-04 -8.079682e-05 -1.747779e-05
10364.400000 -2.836097e-05 -1.126740e-06 -1.069617e-07 -9.363252e-07 6.727372e-05 -3.008688e-04 -8.272393e-05 -1.651810e-05
10364.600000 -2.831818e-05 -1.122452e-06 -1.066503e-07 -9.378369e-07 6.351763e-05 -3.205841e-04 -7.526455e-05 -1.289268e-05
10364.800000 -2.822522e-05 -1.110497e-06 -1.059114e-07 -9.378442e-07 5.552378e-05 -3.082325e-04 -7.413899e-05 -1.624521e-05
10365.000000 -2.815457e-05 -1.100811e-06 -1.048548e-07 -9.387119e-07 6.043575e-05 -2.856821e-04 -6.545904e-05 -3.038049e-06
10365.200000 -2.818457e-05 -1.105035e-06 -1.049619e-07 -9.426765e-07 6.250599e-05 -2.861825e-04 -6.696238e-05 -1.435685e-05
10365.400000 -2.822362e-05 -1.108928e-06 -1.052619e-07 -9.473420e-07 6.661023e-05 -2.916424e-04 -6.032739e-05 -1.632164e-05
10365.600000 -2.826872e-05 -1.114493e-06 -1.053468e-07 -9.518602e-07 7.476763e-05 -2.987833e-04 -7.472375e-05 -2.462058e-05
10365.800000 -2.827049e-05 -1.113370e-06 -1.053366e-07 -9.555498e-07 6.642307e-05 -3.047231e-04 -7.522082e-05 -1.096434e-05
10366.000000 -2.835603e-05 -1.124954e-06 -1.065379e-07 -9.623619e-07 5.786455e-05 -3.277659e-04 -6.157812e-05 -2.892502e-06
10366.200000 -2.837158e-05 -1.124360e-06 -1.066591e-07 -9.670932e-07 6.009967e-05 -3.298891e-04 -5.809709e-05 1.347246e-06
10366.400000 -2.834831e-05 -1.120520e-06 -1.063041e-07 -9.711377e-07 6.413502e-05 -3.305641e-04 -6.750521e-05 5.830282e-06
10366.600000 -2.835994e-05 -1.122560e-06 -1.064866e-07 -9.772904e-07 6.527014e-05 -3.227087e-04 -6.319355e-05 -3.530471e-06
10366.800000 -2.833844e-05 -1.117582e-06 -1.060251e-07 -9.825516e-07 7.027068e-05 -3.216997e-04 -6.749741e-05 -1.202540e-05
10367.000000 -2.833393e-05 -1.114389e-06 -1.057023e-07 -9.896126e-07 6.657893e-05 -3.095285e-04 -7.744964e-05 -1.680018e-05
10367.200000 -2.829639e-05 -1.105828e-06 -1.047044e-07 -9.962853e-07 6.538729e-05 -2.985184e-04 -5.752099e-05 -9.773475e-06
10367.400000 -2.831075e-05 -1.106385e-06 -1.046710e-07 -1.005543e-06 7.119659e-05 -2.931032e-04 -5.790309e-05 -6.312036e-06
10367.600000 -2.834108e-05 -1.110198e-06 -1.051800e-07 -1.016079e-06 6.977915e-05 -3.176563e-04 -6.426270e-05 -7.501922e-06
10367.800000 -2.832089e-05 -1.104989e-06 -1.047059e-07 -1.026150e-06 7.394398e-05 -3.384826e-04 -4.916686e-05 -4.782468e-06
10368.000000 -2.833561e-05 -1.101858e-06 -1.045789e-07 -1.038460e-06 7.681102e-05 -3.107319e-04 -5.427352e-05 -1.295772e-05
10368.200000 -2.827042e-05 -1.089800e-06 -1.037163e-07 -1.051068e-06 7.654157e-05 -3.252589e-04 -5.340099e-05 -9.780284e-06
10368.400000 -2.822880e-05 -1.080367e-06 -1.029070e-07 -1.065805e-06 7.683723e-05 -3.286033e-04 -4.062592e-05 3.879363e-06
10368.600000 -2.825413e-05 -1.076640e-06 -1.022895e-07 -1.083063e-06 6.961686e-05 -3.016496e-04 -4.611608e-05 -3.802554e-06
10368.800000 -2.833452e-05 -1.083001e-06 -1.026348e-07 -1.102589e-06 6.394093e-05 -3.001218e-04 -5.930831e-05 -1.556461e-06
10369.000000 -2.833838e-05 -1.078129e-06 -1.021987e-07 -1.122866e-06 6.258658e-05 -3.107962e-04 -6.338646e-05 4.078493e-07
10369.200000 -2.829540e-05 -1.065760e-06 -1.009479e-07 -1.143759e-06 6.684224e-05 -3.005322e-04 -6.092250e-05 1.660986e-06
10369.400000 -2.833356e-05 -1.064090e-06 -1.007474e-07 -1.168160e-06 7.656460e-05 -3.114058e-04 -6.907060e-05 -8.776568e-06
10369.600000 -2.837682e-05 -1.064538e-06 -1.006350e-07 -1.194325e-06 7.389731e-05 -2.998661e-04 -8.442492e-05 -6.078928e-06
10369.800000 -2.840343e-05 -1.060268e-06 -1.002908e-07 -1.222367e-06 7.795548e-05 -3.065145e-04 -7.085841e-05 3.325273e-06
10370.000000 -2.840209e-05 -1.051735e-06 -9.938721e-08 -1.251710e-06 8.277185e-05 -3.045646e-04 -6.080674e-05 7.692720e-06
10370.200000 -2.839240e-05 -1.040171e-06 -9.850825e-08 -1.283744e-06 7.237662e-05 -3.132651e-04 -5.362675e-05 7.796592e-06
10370.400000 -2.837317e-05 -1.026924e-06 -9.731955e-08 -1.319207e-06 7.168059e-05 -2.947747e-04 -6.862504e-05 7.847313e-06
10370.600000 -2.832661e-05 -1.011311e-06 -9.612514e-08 -1.356447e-06 6.819322e-05 -3.164059e-04 -5.504377e-05 2.560720e-05
10370.800000 -2.824368e-05 -9.893194e-07 -9.415286e-08 -1.393394e-06 6.506992e-05 -3.209300e-04 -6.913540e-05 1.631236e-05
10371.000000 -2.825455e-05 -9.793527e-07 -9.303026e-08 -1.434574e-06 6.767193e-05 -2.941402e-04 -7.037496e-05 2.471984e-06
10371.200000 -2.830262e-05 -9.730162e-07 -9.208607e-08 -1.476810e-06 6.498713e-05 -3.036003e-04 -7.135038e-05 4.095008e-06
10371.400000 -2.831836e-05 -9.669620e-07 -9.150589e-08 -1.519839e-06 5.779422e-05 -2.973573e-04 -6.078713e-05 9.214917e-06
10371.600000 -2.828386e-05 -9.512793e-07 -9.001351e-08 -1.560023e-06 5.717634e-05 -3.043739e-04 -6.344322e-05 9.908629e-06
10371.800000 -2.829899e-05 -9.423361e-07 -8.943059e-08 -1.600591e-06 6.388538e-05 -3.012538e-04 -5.471089e-05 8.304635e-06
10372.000000 -2.829986e-05 -9.329543e-07 -8.855861e-08 -1.638770e-06 5.683875e-05 -3.058813e-04 -6.900744e-05 -5.149670e-09
10372.200000 -2.828628e-05 -9.200014e-07 -8.739428e-08 -1.673388e-06 5.719396e-05 -2.687160e-04 -5.732302e-05 7.282814e-06
10372.400000 -2.829346e-05 -9.145759e-07 -8.697876e-08 -1.705868e-06 6.686749e-05 -2.760846e-04 -5.687738e-05 7.154630e-06
10372.600000 -2.825045e-05 -8.994072e-07 -8.561131e-08 -1.734543e-06 6.410364e-05 -3.049759e-04 -6.406042e-05 6.804934e-06
10372.800000 -2.828198e-05 -8.967569e-07 -8.539694e-08 -1.760225e-06 6.426234e-05 -2.959794e-04 -6.048460e-05 1.593195e-06
10373.000000 -2.831358e-05 -8.948200e-07 -8.510989e-08 -1.780965e-06 5.909895e-05 -3.085253e-04 -5.908874e-05 -3.770008e-06
10373.200000 -2.829985e-05 -8.859324e-07 -8.405225e-08 -1.797942e-06 6.454276e-05 -2.866816e-04 -6.749984e-05 -1.953307e-06
10373.400000 -2.832015e-05 -8.863255e-07 -8.395540e-08 -1.813636e-06 6.427078e-05 -2.851955e-04 -5.054482e-05 4.795215e-06
10373.600000 -2.832963e-05 -8.836562e-07 -8.370143e-08 -1.827083e-06 6.569139e-05 -2.967788e-04 -6.152190e-05 -1.617682e-06
10373.800000 -2.832775e-05 -8.826459e-07 -8.352397e-08 -1.837842e-06 6.067286e-05 -2.951724e-04 -5.513332e-05 -3.476308e-06
10374.000000 -2.831901e-05 -8.773689e-07 -8.297030e-08 -1.847306e-06 5.910252e-05 -2.685816e-04 -6.232969e-05 5.088626e-06
10374.200000 -2.833585e-05 -8.771465e-07 -8.322492e-08 -1.854785e-06 6.007475e-05 -2.669365e-04 -5.974606e-05 7.642574e-06
10374.400000 -2.835687e-05 -8.759762e-07 -8.310068e-08 -1.861796e-06 5.852450e-05 -2.802047e-04 -6.647855e-05 6.815706e-06
10374.600000 -2.838934e-05 -8.774158e-07 -8.333487e-08 -1.866890e-06 6.292665e-05 -2.869808e-04 -5.128162e-05 1.332694e-05
10374.800000 -2.840987e-05 -8.778882e-07 -8.318777e-08 -1.874008e-06 6.645205e-05 -2.880438e-04 -5.785568e-05 3.626341e-06
10375.000000 -2.840416e-05 -8.747257e-07 -8.274661e-08 -1.878825e-06 6.524229e-05 -3.101009e-04 -6.300099e-05 8.320470e-06
10375.200000 -2.838960e-05 -8.711000e-07 -8.251450e-08 -1.884835e-06 6.055961e-05 -3.096046e-04 -5.852044e-05 6.898418e-06
10375.400000 -2.838293e-05 -8.687019e-07 -8.197748e-08 -1.889480e-06 5.338516e-05 -3.123837e-04 -7.633342e-05 -1.615515e-05
10375.600000 -2.839918e-05 -8.716790e-07 -8.232798e-08 -1.892818e-06 5.267791e-05 -2.919805e-04 -5.471692e-05 4.619590e-06
10375.800000 -2.840470e-05 -8.717686e-07 -8.232857e-08 -1.897208e-06 5.941549e-05 -2.613846e-04 -6.925660e-05 -8.154885e-06
10376.000000 -2.838527e-05 -8.680020e-07 -8.223879e-08 -1.899837e-06 5.220595e-05 -2.604946e-04 -6.838098e-05 -1.743904e-05
10376.200000 -2.836327e-05 -8.626334e-07 -8.183822e-08 -1.903598e-06 5.689760e-05 -2.460837e-04 -5.979992e-05 -1.363516e-05
10376.400000 -2.836970e-05 -8.637274e-07 -8.183129e-08 -1.905132e-06 5.447017e-05 -2.472612e-04 -7.164618e-05 -1.942760e-05
10376.600000 -2.838935e-05 -8.676982e-07 -8.231071e-08 -1.905969e-06 5.799106e-05 -2.179162e-04 -7.206898e-05 -1.379683e-05
10376.800000 -2.836815e-05 -8.643027e-07 -8.193752e-08 -1.904836e-06 5.494686e-05 -2.211711e-04 -7.048457e-05 -7.899605e-06
10377.000000 -2.834053e-05 -8.619267e-07 -8.182837e-08 -1.900565e-06 5.338968e-05 -2.479936e-04 -7.363884e-05 -1.264612e-05
10377.200000 -2.838193e-05 -8.682526e-07 -8.239545e-08 -1.897408e-06 4.885066e-05 -2.678613e-04 -6.325683e-05 -1.096706e-05
10377.400000 -2.838585e-05 -8.713852e-07 -8.246210e-08 -1.890263e-06 4.521778e-05 -2.943732e-04 -7.584464e-05 -1.977409e-05
10377.600000 -2.837074e-05 -8.704025e-07 -8.226966e-08 -1.881784e-06 4.686263e-05 -2.928779e-04 -6.627659e-05 -1.343956e-05
10377.800000 -2.832923e-05 -8.682678e-07 -8.223333e-08 -1.872123e-06 5.147934e-05 -2.817198e-04 -4.066645e-05 5.734879e-06
10378.000000 -2.828154e-05 -8.680248e-07 -8.221039e-08 -1.859797e-06 5.117741e-05 -3.031815e-04 -5.783525e-05 -1.517366e-05
10378.200000 -2.828340e-05 -8.712206e-07 -8.274384e-08 -1.848724e-06 4.625940e-05 -2.912551e-04 -5.449807e-05 -9.756849e-06
10378.400000 -2.829884e-05 -8.761570e-07 -8.331604e-08 -1.835593e-06 5.204739e-05 -2.819944e-04 -5.169308e-05 -1.762939e-05
10378.600000 -2.831594e-05 -8.823770e-07 -8.396117e-08 -1.824719e-06 5.279231e-05 -2.838903e-04 -7.014917e-05 -1.318663e-05
10378.800000 -2.828356e-05 -8.833996e-07 -8.410670e-08 -1.810738e-06 5.938472e-05 -2.963036e-04 -6.558980e-05 -1.065219e-05
10379.000000 -2.822911e-05 -8.787724e-07 -8.362814e-08 -1.795781e-06 6.231309e-05 -2.965635e-04 -5.653022e-05 -1.063061e-05
10379.200000 -2.822943e-05 -8.832353e-07 -8.378404e-08 -1.783266e-06 6.012006e-05 -3.275865e-04 -6.166967e-05 -1.127526e-05
10379.400000 -2.826016e-05 -8.898623e-07 -8.419565e-08 -1.771413e-06 6.806635e-05 -3.074606e-04 -5.571136e-05 -3.595545e-07
10379.600000 -2.827975e-05 -8.958395e-07 -8.469200e-08 -1.760133e-06 6.584617e-05 -2.751928e-04 -6.619608e-05 -9.246493e-06
10379.800000 -2.827669e-05 -8.985845e-07 -8.481330e-08 -1.747755e-06 5.827200e-05 -2.504744e-04 -7.845794e-05 -2.364046e-05
10380.000000 -2.827265e-05 -9.016669e-07 -8.527753e-08 -1.737977e-06 6.066518e-05 -2.472469e-04 -6.731976e-05 -1.834074e-05
10380.200000 -2.833351e-05 -9.139643e-07 -8.649765e-08 -1.728608e-06 6.067207e-05 -2.439770e-04 -6.911535e-05 -1.293725e-05
10380.400000 -2.836152e-05 -9.204634e-07 -8.715784e-08 -1.720143e-06 5.899241e-05 -2.844241e-04 -7.182641e-05 -1.485628e-05
10380.600000 -2.830939e-05 -9.156628e-07 -8.678862e-08 -1.710627e-06 6.292181e-05 -2.810356e-04 -6.633783e-05 -2.277398e-05
10380.800000 -2.830550e-05 -9.175582e-07 -8.695276e-08 -1.701706e-06 6.354374e-05 -2.906347e-04 -6.688925e-05 -1.770032e-05
10381.000000 -2.834023e-05 -9.236318e-07 -8.760945e-08 -1.695645e-06 5.918999e-05 -3.242377e-04 -6.413588e-05 -1.792856e-06
10381.200000 -2.835295e-05 -9.282934e-07 -8.786772e-08 -1.688189e-06 6.794938e-05 -2.815662e-04 -5.933465e-05 -7.272866e-06
10381.400000 -2.837278e-05 -9.325783e-07 -8.808546e-08 -1.682331e-06 6.951962e-05 -3.138243e-04 -7.184565e-05 -1.401002e-05
10381.600000 -2.839435e-05 -9.398703e-07 -8.878798e-08 -1.676208e-06 5.546127e-05 -3.340977e-04 -7.651040e-05 -1.645746e-05
10381.800000 -2.838981e-05 -9.395308e-07 -8.878815e-08 -1.670258e-06 5.364710e-05 -3.186747e-04 -7.412171e-05 -1.469879e-05
10382.000000 -2.838890e-05 -9.415789e-07 -8.900692e-08 -1.664355e-06 4.997510e-05 -2.598710e-04 -7.547655e-05 -2.162081e-05
10382.200000 -2.838374e-05 -9.427269e-07 -8.931211e-08 -1.658965e-06 5.874921e-05 -3.035771e-04 -7.250161e-05 -1.044081e-05
10382.400000 -2.833798e-05 -9.367601e-07 -8.880801e-08 -1.653716e-06 5.867836e-05 -3.224556e-04 -6.749101e-05 -6.394546e-06
10382.600000 -2.826881e-05 -9.302175e-07 -8.846783e-08 -1.647879e-06 6.932998e-05 -3.170993e-04 -5.934351e-05 -4.160154e-06
10382.800000 -2.821421e-05 -9.211384e-07 -8.734468e-08 -1.640036e-06 6.420148e-05 -3.169340e-04 -7.614631e-05 -1.377730e-05
10383.000000 -2.825714e-05 -9.312002e-07 -8.813572e-08 -1.637260e-06 6.399563e-05 -3.181451e-04 -6.786267e-05 -1.270039e-05
10383.200000 -2.830944e-05 -9.400100e-07 -8.877526e-08 -1.634094e-06 6.146672e-05 -3.213912e-04 -6.781452e-05 -9.575699e-06
10383.400000 -2.824416e-05 -9.327615e-07 -8.817687e-08 -1.626996e-06 6.122535e-05 -3.008956e-04 -5.351927e-05 -2.077812e-06
10383.600000 -2.818378e-05 -9.269048e-07 -8.785655e-08 -1.620500e-06 6.400101e-05 -3.059597e-04 -7.043720e-05 -1.775160e-05
10383.800000 -2.822419e-05 -9.346681e-07 -8.864832e-08 -1.617253e-06 6.824627e-05 -2.955252e-04 -5.439532e-05 -1.447759e-05
10384.000000 -2.825097e-05 -9.383715e-07 -8.892275e-08 -1.612677e-06 7.369851e-05 -2.755730e-04 -4.759804e-05 -7.842229e-06
10384.200000 -2.825479e-05 -9.404051e-07 -8.924301e-08 -1.608985e-06 6.937308e-05 -2.878399e-04 -5.979429e-05 -1.769693e-05
10384.400000 -2.830936e-05 -9.490250e-07 -8.967821e-08 -1.606537e-06 5.984397e-05 -2.937747e-04 -5.440537e-05 -2.326852e-05
10384.600000 -2.834909e-05 -9.551416e-07 -8.995054e-08 -1.603190e-06 6.325536e-05 -3.099672e-04 -6.124025e-05 -3.160729e-05
10384.800000 -2.833194e-05 -9.545767e-07 -8.978122e-08 -1.599277e-06 6.569679e-05 -3.099261e-04 -5.694850e-05 -3.367931e-05
10385.000000 -2.831084e-05 -9.530542e-07 -8.949709e-08 -1.594612e-06 6.923573e-05 -3.111671e-04 -5.022069e-05 -3.691678e-05
10385.200000 -2.829341e-05 -9.507794e-07 -8.925612e-08 -1.590766e-06 7.652360e-05 -2.875568e-04 -5.393553e-05 -3.369921e-05
10385.400000 -2.830457e-05 -9.543825e-07 -8.961616e-08 -1.587843e-06 7.421960e-05 -3.011542e-04 -5.006895e-05 -3.466992e-05
10385.600000 -2.836562e-05 -9.641540e-07 -9.070824e-08 -1.585006e-06 7.883255e-05 -2.837890e-04 -6.123796e-05 -3.988450e-05
10385.800000 -2.836798e-05 -9.665312e-07 -9.086515e-08 -1.581402e-06 7.658502e-05 -2.867791e-04 -7.120671e-05 -3.530958e-05
10386.000000 -2.833473e-05 -9.617436e-07 -9.054879e-08 -1.578754e-06 7.376749e-05 -2.904355e-04 -4.662850e-05 -2.727062e-05
10386.200000 -2.832476e-05 -9.615607e-07 -9.062156e-08 -1.575978e-06 7.292845e-05 -2.808722e-04 -5.072496e-05 -2.982700e-05
10386.400000 -2.832051e-05 -9.636311e-07 -9.089721e-08 -1.573563e-06 6.212009e-05 -2.908419e-04 -5.684593e-05 -2.560966e-05
10386.600000 -2.830564e-05 -9.621272e-07 -9.052326e-08 -1.570453e-06 6.864429e-05 -2.863847e-04 -7.048679e-05 -2.161648e-05
10386.800000 -2.834327e-05 -9.683548e-07 -9.096846e-08 -1.568582e-06 6.208814e-05 -2.970597e-04 -7.826197e-05 -3.114388e-05
10387.000000 -2.835395e-05 -9.706344e-07 -9.103614e-08 -1.565610e-06 6.494366e-05 -2.860843e-04 -6.285741e-05 -1.968197e-05
10387.200000 -2.835633e-05 -9.734358e-07 -9.127918e-08 -1.563994e-06 6.392347e-05 -2.696196e-04 -6.657536e-05 -2.165514e-05
10387.400000 -2.833425e-05 -9.700725e-07 -9.070673e-08 -1.562438e-06 6.249458e-05 -2.975004e-04 -5.538142e-05 -1.104686e-05
10387.600000 -2.832526e-05 -9.703924e-07 -9.082877e-08 -1.561618e-06 5.486666e-05 -3.354246e-04 -4.892075e-05 -4.637604e-06
10387.800000 -2.829929e-05 -9.668769e-07 -9.054433e-08 -1.560700e-06 5.595841e-05 -3.419025e-04 -5.574819e-05 -1.223930e-05
10388.000000 -2.829757e-05 -9.664912e-07 -9.037075e-08 -1.558703e-06 5.479044e-05 -3.033104e-04 -4.919944e-05 -9.643440e-06
10388.200000 -2.830671e-05 -9.676846e-07 -9.060297e-08 -1.557993e-06 4.588308e-05 -3.100960e-04 -6.952938e-05 -1.352891e-05
10388.400000 -2.829986e-05 -9.679139e-07 -9.055711e-08 -1.556638e-06 5.034428e-05 -3.097638e-04 -6.849408e-05 -1.979713e-05
10388.600000 -2.832252e-05 -9.730419e-07 -9.076060e-08 -1.556252e-06 5.301834e-05 -2.842653e-04 -6.107239e-05 -1.372123e-06
10388.800000 -2.834719e-05 -9.772028e-07 -9.093564e-08 -1.556747e-06 5.937965e-05 -2.901003e-04 -6.765770e-05 -1.264991e-05
10389.000000 -2.833343e-05 -9.740917e-07 -9.056856e-08 -1.555613e-06 5.677511e-05 -2.761275e-04 -5.617403e-05 -1.691026e-05
10389.200000 -2.835435e-05 -9.795991e-07 -9.089028e-08 -1.555275e-06 5.957427e-05 -2.834922e-04 -4.859539e-05 -2.004353e-05
10389.400000 -2.835092e-05 -9.791674e-07 -9.049652e-08 -1.554428e-06 5.552794e-05 -2.614437e-04 -4.836921e-05 -1.272452e-05
10389.600000 -2.833852e-05 -9.776596e-07 -9.030612e-08 -1.553675e-06 4.859097e-05 -2.713432e-04 -4.695085e-05 -1.675446e-05
10389.800000 -2.833939e-05 -9.788966e-07 -9.053401e-08 -1.554010e-06 5.741545e-05 -2.797599e-04 -6.058189e-05 -2.499608e-05
10390.000000 -2.833391e-05 -9.782820e-07 -9.022406e-08 -1.553296e-06 6.337608e-05 -2.629227e-04 -4.928664e-05 -1.172945e-05
10390.200000 -2.831055e-05 -9.749056e-07 -9.000888e-08 -1.553314e-06 5.621558e-05 -2.797939e-04 -5.561936e-05 -7.483117e-06
10390.400000 -2.830812e-05 -9.757506e-07 -9.011567e-08 -1.552406e-06 5.850201e-05 -2.662058e-04 -4.554490e-05 -1.256440e-05
10390.600000 -2.831854e-05 -9.787959e-07 -9.060029e-08 -1.552319e-06 6.133412e-05 -2.584374e-04 -5.552901e-05 -8.732342e-06
10390.800000 -2.828980e-05 -9.737416e-07 -9.000894e-08 -1.551325e-06 6.342170e-05 -2.610613e-04 -6.232299e-05 -4.457180e-06
10391.000000 -2.822523e-05 -9.649958e-07 -8.919325e-08 -1.549987e-06 6.111973e-05 -2.695801e-04 -7.481949e-05 -1.404259e-05
10391.200000 -2.817668e-05 -9.583586e-07 -8.823640e-08 -1.547425e-06 5.577422e-05 -2.563188e-04 -6.415236e-05 -7.278125e-06
10391.400000 -2.820834e-05 -9.637961e-07 -8.840068e-08 -1.547916e-06 5.662598e-05 -2.566404e-04 -6.366264e-05 1.331072e-07
10391.600000 -2.826607e-05 -9.716926e-07 -8.906250e-08 -1.549997e-06 6.416026e-05 -2.789672e-04 -5.466958e-05 8.387242e-06
10391.800000 -2.827747e-05 -9.737924e-07 -8.909138e-08 -1.548983e-06 6.659399e-05 -2.675695e-04 -5.940368e-05 1.862521e-07
10392.000000 -2.831999e-05 -9.802989e-07 -8.971691e-08 -1.549820e-06 6.518726e-05 -2.631544e-04 -6.156910e-05 -7.459224e-06
10392.200000 -2.828746e-05 -9.762122e-07 -8.922169e-08 -1.548912e-06 5.643769e-05 -2.571745e-04 -6.128018e-05 1.266373e-06
10392.400000 -2.826241e-05 -9.728151e-07 -8.918311e-08 -1.548063e-06 6.394858e-05 -2.743891e-04 -6.925822e-05 6.532352e-06
10392.600000 -2.827146e-05 -9.741647e-07 -8.924061e-08 -1.548445e-06 6.040377e-05 -2.615354e-04 -6.426553e-05 -6.015345e-06
10392.800000 -2.824774e-05 -9.718826e-07 -8.871113e-08 -1.547046e-06 5.700160e-05 -2.535421e-04 -5.572209e-05 -4.076004e-06
10393.000000 -2.821399e-05 -9.679064e-07 -8.820686e-08 -1.547236e-06 6.129334e-05 -2.498008e-04 -6.493749e-05 -9.055140e-06
10393.200000 -2.821183e-05 -9.678995e-07 -8.793041e-08 -1.546394e-06 7.228400e-05 -2.675055e-04 -6.805403e-05 -6.915742e-06
10393.400000 -2.823933e-05 -9.712895e-07 -8.801267e-08 -1.545497e-06 6.798508e-05 -2.408602e-04 -6.925554e-05 -8.636499e-06
10393.600000 -2.828941e-05 -9.802867e-07 -8.844631e-08 -1.547361e-06 6.085385e-05 -1.890178e-04 -6.136233e-05 -7.980723e-06
10393.800000 -2.828696e-05 -9.799094e-07 -8.830967e-08 -1.546697e-06 7.425672e-05 -2.166867e-04 -5.960339e-05 5.187272e-07
10394.000000 -2.829866e-05 -9.829153e-07 -8.860882e-08 -1.547049e-06 7.408383e-05 -2.265257e-04 -6.077759e-05 -5.021894e-06
10394.200000 -2.829099e-05 -9.820680e-07 -8.849452e-08 -1.545983e-06 8.025097e-05 -2.307418e-04 -6.730269e-05 -7.684052e-07
10394.400000 -2.830363e-05 -9.836165e-07 -8.861890e-08 -1.546195e-06 8.361061e-05 -2.130744e-04 -4.993517e-05 1.353884e-05
10394.600000 -2.827993e-05 -9.816535e-07 -8.835692e-08 -1.545675e-06 6.783454e-05 -2.309797e-04 -5.269149e-05 -5.020396e-06
10394.800000 -2.824910e-05 -9.778225e-07 -8.802690e-08 -1.545421e-06 6.696942e-05 -2.395260e-04 -4.729184e-05 -5.245304e-06
10395.000000 -2.820856e-05 -9.706770e-07 -8.712563e-08 -1.543757e-06 6.645092e-05 -2.038754e-04 -4.691096e-05 -4.932074e-06
10395.200000 -2.820621e-05 -9.704572e-07 -8.689967e-08 -1.543065e-06 7.804760e-05 -2.130081e-04 -4.409859e-05 -1.292596e-05
10395.400000 -2.826743e-05 -9.808102e-07 -8.769496e-08 -1.544196e-06 7.069883e-05 -1.992255e-04 -5.217827e-05 1.069939e-06
10395.600000 -2.827409e-05 -9.810937e-07 -8.745672e-08 -1.542673e-06 6.694157e-05 -2.134624e-04 -4.931059e-05 2.440139e-06
10395.800000 -2.824732e-05 -9.777496e-07 -8.740548e-08 -1.542503e-06 7.273868e-05 -2.476049e-04 -4.280046e-05 5.950332e-06
10396.000000 -2.822092e-05 -9.746784e-07 -8.727639e-08 -1.541169e-06 6.207999e-05 -2.655570e-04 -3.937579e-05 -2.520660e-06
10396.200000 -2.822858e-05 -9.757073e-07 -8.708271e-08 -1.539834e-06 6.502886e-05 -2.835634e-04 -5.401899e-05 -2.383162e-06
10396.400000 -2.823758e-05 -9.779750e-07 -8.731734e-08 -1.538455e-06 6.539760e-05 -2.692852e-04 -4.936316e-05 1.581559e-06
10396.600000 -2.825776e-05 -9.818194e-07 -8.759144e-08 -1.537353e-06 5.836626e-05 -2.801286e-04 -5.574929e-05 3.655802e-06
10396.800000 -2.826887e-05 -9.834765e-07 -8.744641e-08 -1.535496e-06 6.924734e-05 -2.613357e-04 -4.212389e-05 -6.029960e-07
10397.000000 -2.826710e-05 -9.851375e-07 -8.749827e-08 -1.533032e-06 7.250130e-05 -2.577804e-04 -4.086155e-05 -2.178875e-06
10397.227860 -2.826417e-05 -9.843942e-07 -8.747762e-08 -1.530574e-06 7.696447e-05 -2.561204e-04 -4.483481e-05 3.479135e-06
10397.483581 -2.826438e-05 -9.850327e-07 -8.725244e-08 -1.527701e-06 7.472016e-05 -2.763179e-04 -4.829321e-05 4.554829e-06
10397.767162 -2.824187e-05 -9.829776e-07 -8.693517e-08 -1.524023e-06 8.011419e-05 -2.815058e-04 -4.360399e-05 7.868126e-06
10398.078604 -2.824415e-05 -9.844170e-07 -8.710934e-08 -1.519969e-06 6.962661e-05 -2.739487e-04 -5.720678e-05 2.933261e-06
10398.417905 -2.820313e-05 -9.816748e-07 -8.714876e-08 -1.514692e-06 7.388122e-05 -2.604698e-04 -6.771893e-05 4.465284e-06
10398.785067 -2.811813e-05 -9.714978e-07 -8.616058e-08 -1.506956e-06 7.518930e-05 -2.389996e-04 -5.396233e-05 1.187451e-05
10399.180090 -2.818008e-05 -9.813052e-07 -8.653229e-08 -1.502420e-06 7.361015e-05 -2.596380e-04 -5.065977e-05 1.126137e-06
10399.602973 -2.825496e-05 -9.960736e-07 -8.731600e-08 -1.496293e-06 6.877591e-05 -2.647245e-04 -4.279837e-05 3.213717e-06
10400.053716 -2.825147e-05 -9.976179e-07 -8.770351e-08 -1.488917e-06 6.952463e-05 -2.348339e-04 -4.671728e-05 -1.178823e-05
10400.532319 -2.824332e-05 -1.000439e-06 -8.813896e-08 -1.481625e-06 7.749009e-05 -2.279671e-04 -4.900980e-05 -1.120945e-06
10401.038783 -2.821534e-05 -9.980283e-07 -8.767748e-08 -1.475225e-06 7.378806e-05 -2.238779e-04 -6.032619e-05 -4.604864e-06
10401.573107 -2.824965e-05 -1.005426e-06 -8.832337e-08 -1.469421e-06 6.971711e-05 -2.245961e-04 -5.106074e-05 1.114750e-05
10402.135292 -2.818829e-05 -9.991910e-07 -8.813498e-08 -1.463541e-06 7.274099e-05 -2.273493e-04 -4.852671e-05 1.464069e-05
10402.725337 -2.814427e-05 -9.950335e-07 -8.798461e-08 -1.459591e-06 7.005755e-05 -2.234288e-04 -4.814246e-05 1.092273e-05
10403.343242 -2.819702e-05 -1.005425e-06 -8.865622e-08 -1.457661e-06 6.950927e-05 -2.374140e-04 -3.480403e-05 1.296661e-05
10403.989008 -2.820640e-05 -1.008769e-06 -8.919291e-08 -1.456200e-06 6.394055e-05 -2.111158e-04 -4.825485e-05 1.006737e-05
10404.662634 -2.818346e-05 -1.006086e-06 -8.946897e-08 -1.456180e-06 6.562116e-05 -2.240112e-04 -5.034417e-05 7.204652e-06
10405.364120 -2.818535e-05 -1.006881e-06 -8.967157e-08 -1.457349e-06 6.868569e-05 -2.104926e-04 -6.226023e-05 -1.018732e-07
10406.093467 -2.817953e-05 -1.006349e-06 -9.008560e-08 -1.459528e-06 6.977664e-05 -2.162220e-04 -5.854675e-05 3.904206e-06
10406.850674 -2.817591e-05 -1.007070e-06 -9.091026e-08 -1.461920e-06 6.546343e-05 -2.229799e-04 -4.979594e-05 2.897161e-06
10407.635741 -2.815575e-05 -1.004143e-06 -9.122794e-08 -1.464737e-06 6.271812e-05 -2.495310e-04 -5.404779e-05 1.430584e-06
10408.448669 -2.813954e-05 -1.001851e-06 -9.142000e-08 -1.468581e-06 5.767878e-05 -2.604986e-04 -6.393394e-05 -6.678254e-06
10409.289457 -2.811509e-05 -9.989246e-07 -9.224894e-08 -1.471664e-06 6.362335e-05 -2.469700e-04 -6.218824e-05 -1.601376e-05
10410.158106 -2.812598e-05 -1.000241e-06 -9.299177e-08 -1.476665e-06 6.762954e-05 -2.381547e-04 -5.669681e-05 -8.839051e-06
10411.054614 -2.809322e-05 -9.956508e-07 -9.331313e-08 -1.482727e-06 6.256243e-05 -2.282994e-04 -7.018979e-05 -1.200873e-05
10411.978983 -2.808641e-05 -9.932756e-07 -9.421883e-08 -1.489462e-06 5.942182e-05 -2.061297e-04 -6.242114e-05 -6.739022e-06
10412.931213 -2.810559e-05 -9.945114e-07 -9.521232e-08 -1.498299e-06 5.786298e-05 -2.300674e-04 -6.173019e-05 -6.297033e-06
10413.911303 -2.807941e-05 -9.892703e-07 -9.535512e-08 -1.507932e-06 6.309929e-05 -2.357656e-04 -5.657666e-05 4.470968e-06
10414.919253 -2.804911e-05 -9.831480e-07 -9.540272e-08 -1.518803e-06 7.449023e-05 -2.295907e-04 -5.233311e-05 7.381012e-06
10415.955064 -2.803164e-05 -9.795717e-07 -9.558369e-08 -1.529585e-06 7.488341e-05 -2.215825e-04 -4.573806e-05 1.101938e-05
10417.018734 -2.802709e-05 -9.787798e-07 -9.556089e-08 -1.539515e-06 7.647833e-05 -2.250756e-04 -5.434003e-05 3.493362e-06
10418.110266 -2.801804e-05 -9.771563e-07 -9.552043e-08 -1.549016e-06 7.709827e-05 -2.396246e-04 -5.173479e-05 1.432446e-05
10419.232723 -2.797600e-05 -9.696887e-07 -9.529573e-08 -1.557373e-06 6.963943e-05 -2.396351e-04 -6.256830e-05 3.147646e-05
10420.367373 -2.797983e-05 -9.706863e-07 -9.521401e-08 -1.564416e-06 6.697271e-05 -2.052327e-04 -6.675703e-05 2.749706e-05
10421.514214 -2.799708e-05 -9.743550e-07 -9.537983e-08 -1.570424e-06 7.140937e-05 -1.943056e-04 -6.635014e-05 2.416580e-05
10422.673248 -2.799110e-05 -9.734333e-07 -9.547697e-08 -1.575635e-06 7.331976e-05 -1.926156e-04 -6.967513e-05 2.623690e-05
10423.844473 -2.797739e-05 -9.721323e-07 -9.542278e-08 -1.580054e-06 7.271358e-05 -2.035908e-04 -6.672456e-05 3.517541e-05
10425.027890 -2.797356e-05 -9.730558e-07 -9.498071e-08 -1.583246e-06 7.004865e-05 -1.975904e-04 -6.624179e-05 3.023443e-06
10426.223499 -2.795743e-05 -9.713982e-07 -9.445315e-08 -1.585726e-06 6.369599e-05 -1.978277e-04 -5.773284e-05 -1.143544e-06
10427.431300 -2.791935e-05 -9.672553e-07 -9.406201e-08 -1.587213e-06 6.816833e-05 -2.055730e-04 -6.049129e-05 -6.087548e-06
10428.651293 -2.784190e-05 -9.583932e-07 -9.342072e-08 -1.586893e-06 7.508469e-05 -2.203427e-04 -7.128576e-05 -1.068253e-05
10429.883478 -2.782741e-05 -9.575723e-07 -9.332574e-08 -1.588651e-06 6.978282e-05 -2.315714e-04 -7.388580e-05 -9.524389e-06
10431.127855 -2.782594e-05 -9.583059e-07 -9.303153e-08 -1.590778e-06 6.797343e-05 -2.263532e-04 -7.333495e-05 2.022182e-06
10432.384423 -2.783487e-05 -9.600267e-07 -9.322161e-08 -1.593052e-06 6.493809e-05 -2.138975e-04 -7.268735e-05 -5.900957e-06
10433.653184 -2.784521e-05 -9.636620e-07 -9.371204e-08 -1.594587e-06 6.745102e-05 -1.954682e-04 -7.568738e-05 -8.119966e-06
10434.934136 -2.784097e-05 -9.655003e-07 -9.385532e-08 -1.595345e-06 7.181358e-05 -1.654360e-04 -7.841694e-05 -7.976436e-06
10436.227280 -2.784016e-05 -9.686868e-07 -9.404464e-08 -1.596010e-06 6.969135e-05 -1.894722e-04 -7.373777e-05 -6.276566e-06
10437.532617 -2.782936e-05 -9.693174e-07 -9.403751e-08 -1.595259e-06 6.948786e-05 -2.057623e-04 -7.278586e-05 -8.198122e-06
10438.850145 -2.780168e-05 -9.669970e-07 -9.356708e-08 -1.593774e-06 6.708056e-05 -2.162319e-04 -7.940139e-05 -1.826528e-05
10440.179865 -2.775592e-05 -9.633889e-07 -9.296796e-08 -1.591860e-06 6.607572e-05 -2.224182e-04 -7.708831e-05 -1.451778e-05
10441.521777 -2.772826e-05 -9.619005e-07 -9.273720e-08 -1.589733e-06 5.529932e-05 -2.124243e-04 -6.771399e-05 -5.298182e-06
10442.875881 -2.769107e-05 -9.598406e-07 -9.264022e-08 -1.587175e-06 5.311369e-05 -2.090767e-04 -6.997135e-05 -1.730762e-05
10444.242177 -2.767718e-05 -9.601184e-07 -9.240934e-08 -1.584766e-06 6.868260e-05 -2.226133e-04 -6.524427e-05 -1.005917e-05
10445.620664 -2.765413e-05 -9.608064e-07 -9.191496e-08 -1.582077e-06 7.518507e-05 -2.266412e-04 -6.231487e-05 -9.791764e-06
10447.011344 -2.767146e-05 -9.662671e-07 -9.197564e-08 -1.580337e-06 7.257499e-05 -2.397458e-04 -6.237184e-05 -9.034996e-06
10448.414215 -2.768224e-05 -9.712384e-07 -9.229203e-08 -1.578072e-06 6.466129e-05 -2.346837e-04 -4.803788e-05 4.740881e-06
10449.829279 -2.764402e-05 -9.682807e-07 -9.204992e-08 -1.574863e-06 6.690397e-05 -2.226805e-04 -5.436223e-05 9.486648e-06
10451.256534 -2.763698e-05 -9.710500e-07 -9.244764e-08 -1.572742e-06 6.926567e-05 -2.348526e-04 -5.158737e-05 4.856878e-06
10452.695981 -2.762353e-05 -9.732658e-07 -9.268665e-08 -1.569406e-06 7.142155e-05 -2.418787e-04 -6.190958e-05 -3.009094e-06
10454.147620 -2.758447e-05 -9.716184e-07 -9.268416e-08 -1.566042e-06 7.063854e-05 -2.295439e-04 -6.163513e-05 -1.124424e-05
10455.611452 -2.756773e-05 -9.726916e-07 -9.273405e-08 -1.564012e-06 7.110559e-05 -2.347885e-04 -5.325874e-05 -7.115349e-06
10457.087475 -2.756258e-05 -9.758962e-07 -9.273387e-08 -1.561628e-06 6.589119e-05 -2.170922e-04 -5.423702e-05 -3.204673e-06
10458.575689 -2.757165e-05 -9.806319e-07 -9.292388e-08 -1.559827e-06 6.737081e-05 -1.916945e-04 -5.571291e-05 -8.765897e-07
10460.076096 -2.751056e-05 -9.744813e-07 -9.253168e-08 -1.556543e-06 5.847738e-05 -1.920019e-04 -6.233398e-05 -4.578261e-06
10461.588695 -2.742621e-05 -9.658293e-07 -9.190746e-08 -1.552876e-06 5.591690e-05 -1.910978e-04 -7.026848e-05 -8.828061e-06
10463.113485 -2.743620e-05 -9.698161e-07 -9.209198e-08 -1.552306e-06 5.793634e-05 -2.019656e-04 -6.396921e-05 -9.783780e-06
10464.650468 -2.743773e-05 -9.736138e-07 -9.214131e-08 -1.551785e-06 6.511917e-05 -2.273047e-04 -5.675074e-05 -2.428226e-06
10466.199642 -2.743994e-05 -9.779630e-07 -9.219009e-08 -1.551493e-06 5.565743e-05 -2.503097e-04 -6.570638e-05 -6.302146e-06
10467.761009 -2.742465e-05 -9.789670e-07 -9.207362e-08 -1.550790e-06 5.779516e-05 -2.436903e-04 -6.970934e-05 -5.376838e-06
10469.334567 -2.742112e-05 -9.804037e-07 -9.209325e-08 -1.550792e-06 6.475972e-05 -2.125434e-04 -7.111007e-05 -3.777390e-06
10470.920317 -2.739743e-05 -9.797446e-07 -9.192943e-08 -1.550121e-06 6.811813e-05 -1.805655e-04 -7.260865e-05 -2.990092e-06
10472.518259 -2.735195e-05 -9.772986e-07 -9.164572e-08 -1.549158e-06 7.160656e-05 -2.090930e-04 -8.274087e-05 8.890908e-06
10474.128393 -2.728794e-05 -9.708863e-07 -9.114858e-08 -1.546910e-06 6.772959e-05 -2.108381e-04 -1.001983e-04 -5.924043e-06
10475.750719 -2.728570e-05 -9.733505e-07 -9.164349e-08 -1.546817e-06 6.288945e-05 -2.083620e-04 -8.920678e-05 -2.346740e-06
10477.385237 -2.723206e-05 -9.698782e-07 -9.157357e-08 -1.545018e-06 7.128341e-05 -2.002167e-04 -7.394598e-05 -8.855834e-06
10479.031946 -2.725021e-05 -9.754979e-07 -9.221355e-08 -1.545867e-06 6.601497e-05 -1.924667e-04 -8.382207e-05 -5.373533e-06
10480.690848 -2.724641e-05 -9.781658e-07 -9.253696e-08 -1.545904e-06 6.409713e-05 -1.985866e-04 -8.122780e-05 -3.640195e-06
10482.361942 -2.721665e-05 -9.780540e-07 -9.305267e-08 -1.544873e-06 5.922005e-05 -1.960301e-04 -8.003645e-05 1.950951e-06
10484.045227 -2.717243e-05 -9.760982e-07 -9.341490e-08 -1.544251e-06 6.483519e-05 -2.168240e-04 -7.363489e-05 7.304087e-06
10485.740704 -2.716744e-05 -9.773332e-07 -9.414433e-08 -1.545284e-06 7.068305e-05 -2.129687e-04 -7.469199e-05 6.390307e-06
10487.448374 -2.713379e-05 -9.749415e-07 -9.459297e-08 -1.545118e-06 7.101001e-05 -2.272614e-04 -7.495169e-05 -5.474776e-06
10489.168235 -2.710240e-05 -9.743334e-07 -9.490117e-08 -1.544911e-06 6.485482e-05 -2.243008e-04 -8.146280e-05 -3.971343e-06
10490.900288 -2.705480e-05 -9.704226e-07 -9.521153e-08 -1.544851e-06 6.330217e-05 -2.479137e-04 -8.123302e-05 -5.554395e-06
10492.644533 -2.703394e-05 -9.708581e-07 -9.540211e-08 -1.545284e-06 6.424205e-05 -2.351753e-04 -7.928855e-05 -5.082606e-07
10494.400970 -2.698372e-05 -9.668969e-07 -9.517897e-08 -1.546103e-06 6.364235e-05 -2.485073e-04 -7.395825e-05 -6.712012e-06
10496.169598 -2.697000e-05 -9.686010e-07 -9.543409e-08 -1.548231e-06 5.847665e-05 -2.368794e-04 -7.746272e-05 -1.054758e-05
10497.950419 -2.692248e-05 -9.649426e-07 -9.524530e-08 -1.548711e-06 6.112515e-05 -2.388431e-04 -8.027730e-05 -1.057182e-05
10499.743432 -2.690904e-05 -9.661399e-07 -9.562851e-08 -1.550492e-06 5.113628e-05 -2.650596e-04 -6.132460e-05 -5.714391e-06
10501.548636 -2.689553e-05 -9.673882e-07 -9.606451e-08 -1.552714e-06 5.629230e-05 -2.606528e-04 -6.458886e-05 -1.607362e-05
10503.366032 -2.684801e-05 -9.645351e-07 -9.608568e-08 -1.553497e-06 6.718370e-05 -2.642648e-04 -4.909998e-05 -1.119401e-05
10505.195621 -2.676561e-05 -9.583805e-07 -9.558422e-08 -1.552962e-06 6.349830e-05 -2.713251e-04 -4.896990e-05 -5.007191e-06
10507.037401 -2.672443e-05 -9.570897e-07 -9.539713e-08 -1.554432e-06 5.298673e-05 -2.485711e-04 -4.611056e-05 -5.674484e-06
10508.891373 -2.664020e-05 -9.503357e-07 -9.464200e-08 -1.553895e-06 5.868653e-05 -2.317182e-04 -5.557114e-05 -2.066877e-06
10510.757537 -2.665389e-05 -9.559819e-07 -9.487893e-08 -1.554762e-06 6.089675e-05 -2.442260e-04 -6.253068e-05 -9.140351e-06
10512.635893 -2.657538e-05 -9.519403e-07 -9.430277e-08 -1.552768e-06 5.284188e-05 -2.533314e-04 -6.707410e-05 -1.426062e-05
10514.526441 -2.655872e-05 -9.548186e-07 -9.411120e-08 -1.552388e-06 5.704994e-05 -2.506495e-04 -5.545037e-05 -1.063599e-05
10516.429181 -2.658745e-05 -9.564933e-07 -9.408033e-08 -1.555134e-06 6.178804e-05 -2.301767e-04 -8.015193e-05 -9.605498e-06
10518.344112 -2.650454e-05 -9.510566e-07 -9.370521e-08 -1.552949e-06 6.314736e-05 -2.330104e-04 -7.322872e-05 -7.373228e-06
10520.271236 -2.631404e-05 -9.427157e-07 -9.308076e-08 -1.544183e-06 6.315725e-05 -2.365654e-04 -6.321243e-05 -2.417480e-06
10522.210552 -2.642377e-05 -9.499549e-07 -9.360620e-08 -1.551655e-06 6.162444e-05 -2.437718e-04 -6.988394e-05 -3.568233e-07
10524.162059 -2.639594e-05 -9.492575e-07 -9.307119e-08 -1.550234e-06 6.474554e-05 -2.190786e-04 -6.748243e-05 -1.089119e-05
10526.125758 -2.631848e-05 -9.471886e-07 -9.241248e-08 -1.545874e-06 6.417900e-05 -2.304796e-04 -5.446681e-05 -1.007414e-05
10528.101649 -2.624317e-05 -9.477007e-07 -9.222708e-08 -1.541263e-06 6.175492e-05 -2.367089e-04 -6.058761e-05 -1.334586e-06
10530.089733 -2.623688e-05 -9.498320e-07 -9.227147e-08 -1.541946e-06 6.008432e-05 -2.474909e-04 -6.125324e-05 1.152920e-05
10532.090008 -2.628003e-05 -9.506909e-07 -9.221266e-08 -1.545760e-06 6.628396e-05 -2.592320e-04 -6.426787e-05 -5.717394e-06
10534.102475 -2.622846e-05 -9.494350e-07 -9.204641e-08 -1.542831e-06 7.844384e-05 -2.574879e-04 -6.062786e-05 -1.347076e-06
10536.127133 -2.617408e-05 -9.467855e-07 -9.158308e-08 -1.539728e-06 7.707793e-05 -2.443930e-04 -6.052455e-05 -5.105640e-06
10538.163984 -2.616816e-05 -9.463829e-07 -9.184806e-08 -1.540414e-06 7.432361e-05 -2.520265e-04 -5.022937e-05 -3.077963e-06
10540.213027 -2.616761e-05 -9.501372e-07 -9.223879e-08 -1.540530e-06 7.455984e-05 -2.501995e-04 -5.601247e-05 -1.935816e-06
10542.274261 -2.610194e-05 -9.472428e-07 -9.201239e-08 -1.537595e-06 7.138053e-05 -2.259719e-04 -5.314793e-05 -4.023820e-06
10544.347688 -2.597936e-05 -9.384770e-07 -9.135499e-08 -1.533269e-06 6.056595e-05 -2.277368e-04 -5.318955e-05 -7.363315e-07
10546.433306 -2.591473e-05 -9.361332e-07 -9.128684e-08 -1.531025e-06 6.448203e-05 -2.061502e-04 -5.366938e-05 -6.713650e-06
10548.531117 -2.591330e-05 -9.384267e-07 -9.144999e-08 -1.529890e-06 6.594532e-05 -2.156554e-04 -5.286801e-05 -7.909365e-06
10550.641119 -2.585898e-05 -9.366284e-07 -9.171858e-08 -1.527335e-06 6.411436e-05 -2.318807e-04 -5.192267e-05 -7.181619e-06
10552.763313 -2.580669e-05 -9.371217e-07 -9.212292e-08 -1.524849e-06 6.118400e-05 -2.506527e-04 -5.147968e-05 5.549890e-07
10554.897699 -2.577956e-05 -9.364346e-07 -9.246057e-08 -1.523858e-06 6.153517e-05 -2.380531e-04 -5.064464e-05 -2.445235e-07
10557.044277 -2.574173e-05 -9.357132e-07 -9.275894e-08 -1.522528e-06 6.580124e-05 -2.085698e-04 -5.095737e-05 7.933251e-06
10559.203047 -2.565567e-05 -9.297825e-07 -9.224959e-08 -1.518916e-06 6.850682e-05 -2.169869e-04 -4.033005e-05 6.175524e-06
10561.374008 -2.563186e-05 -9.316396e-07 -9.279340e-08 -1.517981e-06 7.009046e-05 -2.302746e-04 -3.364943e-05 9.607880e-06
10563.557162 -2.559467e-05 -9.310518e-07 -9.277191e-08 -1.517084e-06 6.976211e-05 -2.433036e-04 -5.327440e-05 6.381089e-06
10565.752508 -2.553951e-05 -9.304987e-07 -9.285392e-08 -1.515105e-06 7.524548e-05 -2.537574e-04 -5.686710e-05 4.586492e-06
10567.960045 -2.548628e-05 -9.293703e-07 -9.290502e-08 -1.512862e-06 7.528322e-05 -2.380395e-04 -6.101404e-05 6.995981e-06
10570.179775 -2.543265e-05 -9.276774e-07 -9.305110e-08 -1.511028e-06 6.937923e-05 -2.801587e-04 -6.472258e-05 1.207948e-06
10572.411696 -2.527822e-05 -9.179684e-07 -9.287662e-08 -1.505234e-06 6.990246e-05 -2.726638e-04 -5.753905e-05 -7.289408e-06
10574.655809 -2.524918e-05 -9.172376e-07 -9.307728e-08 -1.503834e-06 6.795183e-05 -2.421056e-04 -5.397813e-05 -6.433503e-06
10576.912114 -2.519014e-05 -9.149584e-07 -9.299181e-08 -1.500261e-06 6.811268e-05 -2.310211e-04 -5.199455e-05 -4.111631e-06
10579.180611 -2.511783e-05 -9.124018e-07 -9.288093e-08 -1.497920e-06 6.252838e-05 -2.076326e-04 -5.886205e-05 -3.577491e-06
10581.461300 -2.508073e-05 -9.142143e-07 -9.289315e-08 -1.496429e-06 6.537394e-05 -2.118251e-04 -6.546373e-05 -1.526498e-05
10583.754181 -2.505037e-05 -9.148249e-07 -9.272391e-08 -1.494277e-06 6.812264e-05 -2.354316e-04 -5.570388e-05 -1.250034e-05
10586.059254 -2.493764e-05 -9.090180e-07 -9.232868e-08 -1.489544e-06 6.831096e-05 -2.570856e-04 -4.810091e-05 -1.264901e-05
10588.376518 -2.478100e-05 -9.039522e-07 -9.206516e-08 -1.483501e-06 6.908225e-05 -2.543116e-04 -5.483869e-05 -2.018867e-05
10590.705975 -2.471021e-05 -9.040095e-07 -9.188661e-08 -1.479377e-06 7.046291e-05 -2.430108e-04 -6.142552e-05 -1.468200e-05
10593.047623 -2.467689e-05 -9.079108e-07 -9.186351e-08 -1.476789e-06 6.465015e-05 -2.368710e-04 -5.587571e-05 -5.853425e-06
10595.401464 -2.464891e-05 -9.098227e-07 -9.223734e-08 -1.476725e-06 7.235070e-05 -2.296501e-04 -6.688252e-05 -9.256767e-06
10597.767496 -2.467708e-05 -9.132332e-07 -9.245244e-08 -1.478678e-06 7.939668e-05 -2.551590e-04 -6.614103e-05 -3.175436e-06
10600.145720 -2.466360e-05 -9.152109e-07 -9.290596e-08 -1.479056e-06 8.071464e-05 -2.620528e-04 -5.683098e-05 5.036116e-06
10602.536136 -2.463665e-05 -9.178692e-07 -9.311972e-08 -1.477647e-06 8.074090e-05 -2.618817e-04 -6.091834e-05 -4.026477e-06
10604.938744 -2.453343e-05 -9.189067e-07 -9.353751e-08 -1.473603e-06 8.786474e-05 -2.530477e-04 -6.723611e-05 -2.459908e-06
10607.353544 -2.443503e-05 -9.165122e-07 -9.371153e-08 -1.469374e-06 8.730271e-05 -2.691705e-04 -5.991881e-05 -1.184400e-06
10609.780536 -2.439865e-05 -9.178970e-07 -9.379288e-08 -1.468063e-06 8.946388e-05 -2.400473e-04 -7.546537e-05 2.161063e-06
10612.219720 -2.444795e-05 -9.257652e-07 -9.410710e-08 -1.469792e-06 7.036657e-05 -2.637282e-04 -6.639269e-05 4.635846e-06
10614.671096 -2.448075e-05 -9.282901e-07 -9.420038e-08 -1.472063e-06 7.501199e-05 -2.459893e-04 -6.635265e-05 7.996189e-08
10617.134663 -2.450821e-05 -9.341233e-07 -9.484069e-08 -1.475717e-06 7.484965e-05 -2.495948e-04 -6.134079e-05 3.119971e-06
10619.610423 -2.449819e-05 -9.365919e-07 -9.546911e-08 -1.476924e-06 7.425095e-05 -2.643466e-04 -7.072099e-05 3.445408e-06
10622.098374 -2.442495e-05 -9.366246e-07 -9.584860e-08 -1.475887e-06 7.864691e-05 -2.436253e-04 -7.454709e-05 -1.161534e-05
10624.598517 -2.438382e-05 -9.385518e-07 -9.617791e-08 -1.475083e-06 7.024604e-05 -2.407314e-04 -4.830043e-05 -8.272603e-06
10627.110852 -2.438363e-05 -9.431554e-07 -9.621579e-08 -1.474693e-06 7.226827e-05 -2.534726e-04 -5.262556e-05 -9.360336e-06
10629.635380 -2.436360e-05 -9.468204e-07 -9.635676e-08 -1.474176e-06 7.172450e-05 -2.533414e-04 -5.881759e-05 -4.463059e-06
10632.172099 -2.433250e-05 -9.502168e-07 -9.691524e-08 -1.473292e-06 6.699469e-05 -2.736464e-04 -5.806515e-05 -6.384670e-06
10634.721009 -2.427685e-05 -9.506444e-07 -9.719483e-08 -1.470887e-06 6.917136e-05 -2.893410e-04 -6.473137e-05 -1.169865e-05
10637.282112 -2.423223e-05 -9.530872e-07 -9.770969e-08 -1.469026e-06 6.481606e-05 -2.947103e-04 -6.943572e-05 -1.284388e-05
10639.855407 -2.417723e-05 -9.533410e-07 -9.779411e-08 -1.467649e-06 5.715782e-05 -2.891989e-04 -6.634446e-05 -1.302159e-05
10642.440894 -2.411316e-05 -9.554284e-07 -9.817410e-08 -1.465153e-06 5.892743e-05 -2.963985e-04 -6.349574e-05 -1.115166e-05
10645.038572 -2.404400e-05 -9.548028e-07 -9.839056e-08 -1.461736e-06 5.169046e-05 -2.811728e-04 -6.655517e-05 -1.164828e-05
10647.648443 -2.399014e-05 -9.550855e-07 -9.872554e-08 -1.460579e-06 5.777331e-05 -2.631530e-04 -6.221423e-05 -1.349100e-05
10650.270505 -2.394623e-05 -9.569575e-07 -9.928350e-08 -1.459586e-06 5.863292e-05 -2.705613e-04 -5.833370e-05 -2.031643e-06
10652.904759 -2.387665e-05 -9.566636e-07 -9.971410e-08 -1.456635e-06 7.857812e-05 -2.708075e-04 -6.682264e-05 -8.671768e-06
10655.551205 -2.373204e-05 -9.488394e-07 -9.954192e-08 -1.452222e-06 8.022690e-05 -2.804589e-04 -5.722977e-05 -1.077507e-06
10658.209844 -2.365018e-05 -9.501359e-07 -9.983546e-08 -1.447015e-06 7.815979e-05 -2.808762e-04 -6.238543e-05 -1.952062e-06
10660.880674 -2.369927e-05 -9.595647e-07 -1.006045e-07 -1.449079e-06 7.883622e-05 -2.902480e-04 -5.897339e-05 -7.830129e-06
10663.563696 -2.374611e-05 -9.692162e-07 -1.015556e-07 -1.451410e-06 7.846115e-05 -2.868562e-04 -5.494206e-05 -1.739680e-05
10666.258909 -2.369666e-05 -9.703245e-07 -1.019787e-07 -1.448554e-06 7.377421e-05 -2.746685e-04 -5.398745e-05 -2.198287e-05
10668.966315 -2.365506e-05 -9.741112e-07 -1.029088e-07 -1.446561e-06 8.147841e-05 -2.720870e-04 -5.430984e-05 -1.933859e-05
10671.685913 -2.357988e-05 -9.721670e-07 -1.030350e-07 -1.442902e-06 7.894589e-05 -2.687756e-04 -5.608516e-05 -6.834626e-06
10674.417702 -2.351662e-05 -9.726914e-07 -1.032446e-07 -1.439653e-06 7.381934e-05 -2.739502e-04 -5.479820e-05 -3.160062e-06
10677.161684 -2.347103e-05 -9.771983e-07 -1.036800e-07 -1.437503e-06 6.444953e-05 -2.833509e-04 -5.654853e-05 -1.354651e-05
10679.917857 -2.335309e-05 -9.741047e-07 -1.036037e-07 -1.431242e-06 6.100997e-05 -2.869428e-04 -5.907023e-05 -7.065497e-06
10682.686222 -2.328322e-05 -9.754720e-07 -1.040858e-07 -1.427487e-06 6.941984e-05 -2.880051e-04 -6.225517e-05 -7.379959e-06
10685.466780 -2.319388e-05 -9.744898e-07 -1.044160e-07 -1.422967e-06 7.403665e-05 -2.838902e-04 -5.350845e-05 2.223098e-06
10688.259529 -2.312371e-05 -9.779061e-07 -1.047854e-07 -1.418499e-06 6.183083e-05 -2.660680e-04 -4.939289e-05 5.629463e-07
10691.064470 -2.307427e-05 -9.802756e-07 -1.049629e-07 -1.416494e-06 6.942888e-05 -2.625045e-04 -5.138977e-05 -5.929028e-06
10693.881602 -2.309600e-05 -9.857385e-07 -1.056896e-07 -1.419458e-06 6.920205e-05 -2.585709e-04 -5.626426e-05 -1.212118e-05
10696.710927 -2.305240e-05 -9.829011e-07 -1.053550e-07 -1.418875e-06 7.425511e-05 -2.670335e-04 -5.175892e-05 -1.178893e-06
10699.552444 -2.301149e-05 -9.856223e-07 -1.056960e-07 -1.417323e-06 8.068141e-05 -2.571256e-04 -5.602765e-05 1.222853e-06
10702.406153 -2.292708e-05 -9.889886e-07 -1.061009e-07 -1.412104e-06 7.578381e-05 -2.488025e-04 -6.449150e-05 -2.112332e-06
10705.272053 -2.287397e-05 -9.912444e-07 -1.063546e-07 -1.409868e-06 7.548583e-05 -2.682455e-04 -6.156029e-05 -5.826401e-06
10708.150146 -2.289217e-05 -9.966736e-07 -1.067673e-07 -1.411903e-06 6.813405e-05 -2.582080e-04 -6.656346e-05 -1.096359e-05
10711.040430 -2.288012e-05 -9.984172e-07 -1.068140e-07 -1.412411e-06 6.929611e-05 -2.407676e-04 -5.761745e-05 -1.175146e-05
10713.942906 -2.286650e-05 -1.002874e-06 -1.071740e-07 -1.412518e-06 7.293901e-05 -2.509115e-04 -6.042034e-05 -1.147872e-05
10716.857574 -2.279390e-05 -9.993997e-07 -1.072878e-07 -1.409702e-06 7.468060e-05 -2.597113e-04 -5.502583e-05 -4.414258e-06
10719.784435 -2.271942e-05 -9.980510e-07 -1.078097e-07 -1.406694e-06 7.927681e-05 -2.493374e-04 -5.684272e-05 -1.475365e-06
10722.723487 -2.269751e-05 -1.004455e-06 -1.085910e-07 -1.405224e-06 6.598595e-05 -2.627348e-04 -5.308941e-05 -1.821141e-06
10725.674730 -2.262641e-05 -1.003323e-06 -1.087376e-07 -1.402312e-06 6.490709e-05 -2.784220e-04 -4.503579e-05 8.369481e-07
10728.638166 -2.251683e-05 -9.991847e-07 -1.083608e-07 -1.397343e-06 6.231779e-05 -2.817303e-04 -4.730662e-05 -1.038278e-05
10731.613794 -2.244629e-05 -1.000108e-06 -1.084043e-07 -1.394302e-06 6.689564e-05 -2.562455e-04 -4.174007e-05 -5.538213e-07
10734.601614 -2.246736e-05 -1.008938e-06 -1.093657e-07 -1.395433e-06 6.606654e-05 -2.738820e-04 -6.230033e-05 -3.545396e-06
10737.601625 -2.240444e-05 -1.010212e-06 -1.095515e-07 -1.392508e-06 5.691195e-05 -2.673525e-04 -6.617648e-05 4.838257e-06
10740.613829 -2.232891e-05 -1.009140e-06 -1.097198e-07 -1.389380e-06 6.604374e-05 -2.730997e-04 -7.192114e-05 1.480018e-06
10743.638224 -2.223112e-05 -1.005235e-06 -1.096562e-07 -1.385431e-06 6.788837e-05 -2.563820e-04 -5.879446e-05 8.022671e-07
10746.674811 -2.221486e-05 -1.014002e-06 -1.105141e-07 -1.384115e-06 7.152960e-05 -2.428507e-04 -4.972092e-05 -6.884213e-06
10749.723590 -2.216653e-05 -1.017529e-06 -1.110132e-07 -1.381671e-06 7.837128e-05 -2.448148e-04 -6.387603e-05 -2.542873e-05
10752.784561 -2.208926e-05 -1.018129e-06 -1.113435e-07 -1.378217e-06 8.255381e-05 -2.576336e-04 -6.786849e-05 -2.478468e-05
10755.857724 -2.195412e-05 -1.014521e-06 -1.112064e-07 -1.370563e-06 7.089395e-05 -2.444015e-04 -5.378040e-05 -2.523875e-05
10758.943079 -2.189862e-05 -1.013968e-06 -1.114746e-07 -1.368624e-06 7.146738e-05 -2.555043e-04 -7.320586e-05 -3.568716e-05
10762.040626 -2.188149e-05 -1.018002e-06 -1.118729e-07 -1.368586e-06 7.763180e-05 -2.754904e-04 -6.414543e-05 -1.934631e-05
10765.150365 -2.172571e-05 -1.004970e-06 -1.103750e-07 -1.361822e-06 7.873319e-05 -2.678031e-04 -5.574796e-05 -2.065125e-05
10768.272295 -2.163532e-05 -1.002194e-06 -1.099022e-07 -1.357799e-06 7.006739e-05 -2.734655e-04 -5.167324e-05 -2.262954e-05
10771.406418 -2.156380e-05 -1.001959e-06 -1.099459e-07 -1.354160e-06 7.228144e-05 -2.672910e-04 -6.063345e-05 -1.416358e-05
10774.552732 -2.149101e-05 -1.002026e-06 -1.102464e-07 -1.350908e-06 7.639606e-05 -2.431879e-04 -5.748322e-05 -3.936025e-06
10777.711239 -2.132448e-05 -9.885018e-07 -1.096239e-07 -1.344116e-06 7.413632e-05 -2.603920e-04 -5.762461e-05 -1.664134e-05
10780.881937 -2.115920e-05 -9.765521e-07 -1.092582e-07 -1.336733e-06 7.428041e-05 -3.171188e-04 -4.842420e-05 -1.832021e-05
10784.064827 -2.116576e-05 -9.878993e-07 -1.106354e-07 -1.335625e-06 6.236643e-05 -3.025703e-04 -5.062600e-05 -1.737500e-05
10787.259909 -2.115134e-05 -9.974099e-07 -1.120405e-07 -1.333693e-06 6.487289e-05 -2.940113e-04 -3.670147e-05 -2.198332e-05
10790.467183 -2.108923e-05 -1.000971e-06 -1.129276e-07 -1.329830e-06 6.607518e-05 -2.965346e-04 -3.890080e-05 -2.889661e-05
10793.686649 -2.099145e-05 -9.979912e-07 -1.134441e-07 -1.324647e-06 6.801211e-05 -3.190285e-04 -3.975450e-05 -2.474749e-05
10796.918307 -2.088113e-05 -9.949839e-07 -1.136125e-07 -1.318384e-06 7.127913e-05 -3.191124e-04 -4.366902e-05 -1.403702e-05
10800.162157 -2.079637e-05 -9.949384e-07 -1.136503e-07 -1.313957e-06 5.962348e-05 -3.098755e-04 -4.878680e-05 -1.881900e-05
10803.418198 -2.068963e-05 -9.926433e-07 -1.133902e-07 -1.308337e-06 4.836060e-05 -3.163783e-04 -3.952586e-05 -4.170293e-06
10806.686432 -2.050330e-05 -9.843079e-07 -1.127034e-07 -1.297148e-06 5.576044e-05 -3.065602e-04 -4.114482e-05 -9.908330e-06
10809.966857 -2.042671e-05 -9.801810e-07 -1.126666e-07 -1.293910e-06 5.460748e-05 -3.129478e-04 -3.652264e-05 -7.878324e-06
10813.259474 -2.036766e-05 -9.777539e-07 -1.125661e-07 -1.291144e-06 4.422246e-05 -2.830062e-04 -3.190028e-05 -1.446717e-05
10816.564284 -2.029080e-05 -9.793644e-07 -1.126704e-07 -1.286544e-06 5.578704e-05 -2.705724e-04 -4.512241e-05 -1.707500e-05
10819.881285 -2.021237e-05 -9.786418e-07 -1.123909e-07 -1.282581e-06 6.139647e-05 -2.714542e-04 -4.056036e-05 7.453044e-07
10823.210478 -2.010709e-05 -9.750846e-07 -1.117260e-07 -1.276587e-06 7.045674e-05 -2.697374e-04 -2.982204e-05 4.270425e-06
10826.551863 -1.999042e-05 -9.704836e-07 -1.108952e-07 -1.269931e-06 6.999695e-05 -2.664457e-04 -2.850780e-05 8.318595e-06
10829.905440 -1.985542e-05 -9.635322e-07 -1.101039e-07 -1.262590e-06 6.725713e-05 -2.772138e-04 -3.835263e-05 1.497757e-06
10833.271209 -1.974750e-05 -9.600984e-07 -1.095490e-07 -1.256690e-06 6.439529e-05 -2.803953e-04 -3.620143e-05 1.353516e-05
10836.649169 -1.961554e-05 -9.539514e-07 -1.085339e-07 -1.249387e-06 7.253649e-05 -2.725699e-04 -2.453702e-05 1.737239e-05
10840.039322 -1.949359e-05 -9.493861e-07 -1.075993e-07 -1.242525e-06 6.989193e-05 -2.478903e-04 -3.286597e-05 8.329331e-06
10843.441666 -1.940556e-05 -9.489132e-07 -1.074436e-07 -1.237656e-06 6.159613e-05 -2.711566e-04 -3.563727e-05 2.880054e-06
10846.856203 -1.930502e-05 -9.470816e-07 -1.073097e-07 -1.232547e-06 6.895244e-05 -2.751015e-04 -4.725793e-05 3.888915e-06
10850.282931 -1.916272e-05 -9.404111e-07 -1.070244e-07 -1.224297e-06 7.099120e-05 -2.977603e-04 -4.204310e-05 4.659611e-06
10853.721851 -1.898838e-05 -9.309908e-07 -1.066882e-07 -1.214404e-06 6.622215e-05 -2.829604e-04 -4.297089e-05 2.335443e-06
10857.172964 -1.895768e-05 -9.364142e-07 -1.078087e-07 -1.212533e-06 6.102887e-05 -2.792600e-04 -5.076628e-05 1.961023e-07
10860.636268 -1.884527e-05 -9.356133e-07 -1.076429e-07 -1.205464e-06 6.075195e-05 -2.822266e-04 -4.531973e-05 -2.935505e-06
10864.111764 -1.873717e-05 -9.323236e-07 -1.074436e-07 -1.199936e-06 4.884045e-05 -2.935032e-04 -5.333712e-05 -1.040391e-05
10867.599451 -1.859288e-05 -9.245175e-07 -1.070830e-07 -1.191875e-06 5.464979e-05 -2.903203e-04 -4.416789e-05 -6.748598e-06
10871.099331 -1.846048e-05 -9.191622e-07 -1.067878e-07 -1.184501e-06 5.379786e-05 -2.831951e-04 -5.102334e-05 1.850493e-06
10874.611403 -1.837094e-05 -9.205844e-07 -1.069590e-07 -1.178896e-06 5.168788e-05 -2.681960e-04 -6.680407e-05 -3.832432e-06
10878.135666 -1.822300e-05 -9.146502e-07 -1.066342e-07 -1.170209e-06 5.530383e-05 -2.775969e-04 -5.027175e-05 -6.347017e-06
10881.672122 -1.812132e-05 -9.106695e-07 -1.061368e-07 -1.164837e-06 5.669514e-05 -2.805867e-04 -6.169293e-05 -1.154959e-05
10885.220769 -1.802208e-05 -9.076586e-07 -1.057842e-07 -1.159339e-06 5.137153e-05 -2.725202e-04 -5.713334e-05 -1.362828e-05
10888.781609 -1.789232e-05 -9.028353e-07 -1.053169e-07 -1.151993e-06 5.450278e-05 -2.760707e-04 -5.155951e-05 -1.350918e-05
10892.354640 -1.775522e-05 -8.969435e-07 -1.050277e-07 -1.144291e-06 4.893999e-05 -2.605554e-04 -5.485885e-05 -2.995370e-06
10895.939863 -1.767442e-05 -8.991571e-07 -1.055279e-07 -1.139577e-06 4.592814e-05 -2.579931e-04 -5.849750e-05 1.202746e-06
10899.537278 -1.753936e-05 -8.943856e-07 -1.052368e-07 -1.131877e-06 4.447364e-05 -2.651642e-04 -6.438555e-05 -2.405642e-06
10903.146885 -1.740545e-05 -8.899321e-07 -1.053773e-07 -1.123755e-06 4.115225e-05 -2.727199e-04 -6.469118e-05 5.229379e-06
10906.768684 -1.728502e-05 -8.849196e-07 -1.053739e-07 -1.117065e-06 4.687788e-05 -2.682843e-04 -6.795607e-05 -2.008660e-06
10910.402675 -1.711722e-05 -8.741769e-07 -1.045826e-07 -1.107423e-06 4.605203e-05 -2.733162e-04 -5.477146e-05 -7.473783e-06
10914.048857 -1.703013e-05 -8.749357e-07 -1.050777e-07 -1.102250e-06 4.941901e-05 -2.775216e-04 -6.638611e-05 -1.085580e-05
10917.707232 -1.693177e-05 -8.745943e-07 -1.055143e-07 -1.096231e-06 6.033004e-05 -2.797317e-04 -5.655162e-05 -1.179880e-05
10921.377799 -1.677226e-05 -8.658140e-07 -1.049325e-07 -1.086835e-06 5.612036e-05 -2.975325e-04 -4.222678e-05 -1.151734e-05
10925.060557 -1.665833e-05 -8.627022e-07 -1.048673e-07 -1.080421e-06 5.340499e-05 -2.896399e-04 -4.720327e-05 -1.150666e-05
10928.755507 -1.654664e-05 -8.606757e-07 -1.047610e-07 -1.073946e-06 5.926225e-05 -2.881802e-04 -5.527452e-05 -2.446027e-05
10932.462650 -1.641274e-05 -8.559413e-07 -1.040431e-07 -1.066241e-06 6.145949e-05 -2.933898e-04 -4.774466e-05 -2.532689e-05
10936.181984 -1.624196e-05 -8.471930e-07 -1.031089e-07 -1.056055e-06 4.999967e-05 -2.853108e-04 -5.018269e-05 -2.353199e-05
10939.913510 -1.611921e-05 -8.428356e-07 -1.028396e-07 -1.049044e-06 5.021063e-05 -2.766364e-04 -5.583913e-05 -2.078967e-05
10943.657228 -1.599449e-05 -8.373794e-07 -1.020359e-07 -1.041967e-06 4.809150e-05 -2.758159e-04 -5.079461e-05 -2.005916e-05
10947.413138 -1.582506e-05 -8.277599e-07 -1.006504e-07 -1.032706e-06 5.113600e-05 -2.705102e-04 -4.399187e-05 -1.531247e-05
10951.181239 -1.568181e-05 -8.242866e-07 -1.004225e-07 -1.023865e-06 5.295788e-05 -2.412166e-04 -4.723488e-05 -2.448444e-05
10954.961533 -1.558569e-05 -8.225400e-07 -1.003126e-07 -1.018302e-06 6.029005e-05 -2.458667e-04 -4.650335e-05 -2.174230e-05
10958.754019 -1.545979e-05 -8.165617e-07 -9.958000e-08 -1.011222e-06 5.396375e-05 -2.439063e-04 -5.393186e-05 -1.955668e-05
10962.558696 -1.530167e-05 -8.096403e-07 -9.851175e-08 -1.002634e-06 4.296455e-05 -2.222916e-04 -5.873299e-05 -2.163156e-05
10966.375565 -1.522898e-05 -8.085303e-07 -9.806779e-08 -9.993765e-07 3.877047e-05 -2.087070e-04 -5.451046e-05 -2.284449e-05
10970.204627 -1.510059e-05 -8.018393e-07 -9.721473e-08 -9.916975e-07 5.160559e-05 -2.235994e-04 -4.843136e-05 -2.006102e-05
10974.045880 -1.494894e-05 -7.941441e-07 -9.646523e-08 -9.833001e-07 5.446723e-05 -2.264462e-04 -4.836893e-05 -1.322444e-05
10977.899325 -1.478289e-05 -7.852185e-07 -9.528795e-08 -9.735596e-07 6.313906e-05 -2.196471e-04 -4.840584e-05 -4.998721e-06
10981.764962 -1.469619e-05 -7.850215e-07 -9.487259e-08 -9.682068e-07 5.857956e-05 -2.212671e-04 -4.483419e-05 4.062147e-06
10985.642791 -1.457182e-05 -7.815459e-07 -9.451144e-08 -9.608665e-07 5.102220e-05 -2.354700e-04 -4.935896e-05 -1.235169e-05
10989.532812 -1.443835e-05 -7.752104e-07 -9.430102e-08 -9.536137e-07 5.587064e-05 -2.353412e-04 -4.778256e-05 -8.661488e-06
10993.435025 -1.434439e-05 -7.734962e-07 -9.468425e-08 -9.477473e-07 5.872723e-05 -2.587754e-04 -5.627313e-05 -1.307953e-05
10997.349429 -1.421237e-05 -7.678851e-07 -9.448107e-08 -9.397767e-07 5.631034e-05 -2.534891e-04 -6.062910e-05 -1.026187e-05
11001.276026 -1.408012e-05 -7.624334e-07 -9.403771e-08 -9.319195e-07 5.128237e-05 -2.599769e-04 -4.863045e-05 -1.108688e-05
11005.214814 -1.395030e-05 -7.564462e-07 -9.372499e-08 -9.238909e-07 5.350147e-05 -2.807572e-04 -4.913382e-05 -1.732789e-05
11009.165795 -1.382334e-05 -7.511411e-07 -9.367586e-08 -9.159050e-07 5.533462e-05 -2.978184e-04 -4.711569e-05 -1.730509e-05
11013.128967 -1.370539e-05 -7.469546e-07 -9.313277e-08 -9.087952e-07 5.392817e-05 -3.029577e-04 -4.598906e-05 -1.318003e-05
11017.104331 -1.358870e-05 -7.425112e-07 -9.263599e-08 -9.022546e-07 5.540363e-05 -3.033346e-04 -5.747094e-05 -1.304652e-05
11021.091888 -1.346357e-05 -7.372400e-07 -9.242139e-08 -8.951043e-07 6.231951e-05 -2.830995e-04 -5.621697e-05 -1.262067e-05
11025.091636 -1.334690e-05 -7.320995e-07 -9.215485e-08 -8.885971e-07 6.692595e-05 -2.739647e-04 -5.788934e-05 -1.337372e-05
11029.103575 -1.320149e-05 -7.236696e-07 -9.157792e-08 -8.799393e-07 6.450641e-05 -2.739077e-04 -6.592418e-05 -1.472380e-05
11033.127707 -1.305517e-05 -7.162123e-07 -9.102494e-08 -8.712128e-07 5.862229e-05 -2.784442e-04 -5.618568e-05 -1.949024e-05
11037.164031 -1.298615e-05 -7.173522e-07 -9.139605e-08 -8.673964e-07 6.439086e-05 -2.854715e-04 -4.554706e-05 -1.707797e-05
11041.212547 -1.285483e-05 -7.108704e-07 -9.091077e-08 -8.596696e-07 7.302986e-05 -2.744510e-04 -3.479956e-05 -2.143575e-05
11045.273254 -1.274691e-05 -7.074062e-07 -9.080052e-08 -8.535258e-07 6.380758e-05 -2.810683e-04 -3.911767e-05 -2.094214e-05
11049.346154 -1.263877e-05 -7.036236e-07 -9.074681e-08 -8.473483e-07 6.938935e-05 -2.553050e-04 -2.907223e-05 -1.585199e-05
11053.431245 -1.252367e-05 -6.989853e-07 -9.063414e-08 -8.408069e-07 6.468085e-05 -2.756161e-04 -2.562543e-05 -1.626704e-05
11057.528529 -1.238832e-05 -6.921607e-07 -8.995451e-08 -8.325164e-07 5.799190e-05 -2.601428e-04 -3.635799e-05 -9.432429e-06
11061.638004 -1.228941e-05 -6.895240e-07 -8.967086e-08 -8.263381e-07 5.838239e-05 -2.674299e-04 -4.346781e-05 -1.279472e-05
11065.759671 -1.220400e-05 -6.877375e-07 -8.930021e-08 -8.215949e-07 5.673025e-05 -2.556031e-04 -4.484965e-05 -1.275426e-05
11069.893530 -1.206427e-05 -6.797893e-07 -8.809081e-08 -8.130776e-07 5.353389e-05 -2.810607e-04 -4.223849e-05 -8.957112e-06
11074.039581 -1.195635e-05 -6.761812e-07 -8.768893e-08 -8.067944e-07 5.844031e-05 -2.771439e-04 -4.824124e-05 -1.745370e-05
11078.197824 -1.184865e-05 -6.715202e-07 -8.711660e-08 -8.001951e-07 5.776117e-05 -2.475696e-04 -4.921189e-05 -1.038661e-05
11082.368258 -1.174046e-05 -6.669308e-07 -8.634165e-08 -7.939348e-07 5.986984e-05 -2.667149e-04 -5.875576e-05 -4.392432e-06
11086.550885 -1.163351e-05 -6.624201e-07 -8.554264e-08 -7.877792e-07 5.925649e-05 -2.308924e-04 -6.491965e-05 -3.993158e-06
11090.745704 -1.154425e-05 -6.596746e-07 -8.523703e-08 -7.825702e-07 7.310391e-05 -2.264488e-04 -5.595298e-05 -6.186979e-06
11094.952714 -1.143743e-05 -6.550687e-07 -8.477592e-08 -7.760742e-07 7.288463e-05 -2.439364e-04 -4.458545e-05 -1.278247e-06
11099.171916 -1.131574e-05 -6.486860e-07 -8.390946e-08 -7.690750e-07 6.565234e-05 -2.620940e-04 -4.070590e-05 -7.469268e-06
11103.403311 -1.120357e-05 -6.437980e-07 -8.343146e-08 -7.622847e-07 5.538826e-05 -2.822079e-04 -4.481583e-05 -7.798854e-06
11107.646897 -1.109742e-05 -6.391405e-07 -8.319400e-08 -7.561936e-07 6.558842e-05 -2.677740e-04 -4.776359e-05 -1.235697e-05
11111.902675 -1.098539e-05 -6.339029e-07 -8.271890e-08 -7.501632e-07 6.204896e-05 -2.731503e-04 -5.050154e-05 -1.947294e-05
11116.170645 -1.086676e-05 -6.276563e-07 -8.209595e-08 -7.434044e-07 5.632351e-05 -2.644587e-04 -4.866262e-05 -1.690329e-05
11120.450807 -1.076704e-05 -6.233866e-07 -8.166564e-08 -7.375838e-07 5.564205e-05 -2.756557e-04 -4.727398e-05 5.281319e-06
11124.743161 -1.067944e-05 -6.204744e-07 -8.186438e-08 -7.324752e-07 6.097428e-05 -2.960063e-04 -5.456171e-05 2.258244e-05
11129.047707 -1.056573e-05 -6.150329e-07 -8.124594e-08 -7.258769e-07 5.921559e-05 -2.955769e-04 -4.173201e-05 2.362685e-05
11133.364444 -1.047215e-05 -6.111206e-07 -8.100395e-08 -7.201229e-07 4.532730e-05 -2.964889e-04 -3.591867e-05 3.391336e-05
11137.693374 -1.035371e-05 -6.047376e-07 -8.055740e-08 -7.129064e-07 4.591247e-05 -3.049047e-04 -4.291777e-05 1.955625e-05
11142.034495 -1.025517e-05 -6.008948e-07 -8.010110e-08 -7.069567e-07 5.845837e-05 -2.878394e-04 -4.350492e-05 -9.250052e-06
11146.387809 -1.012956e-05 -5.940930e-07 -7.935672e-08 -6.991550e-07 6.507829e-05 -2.768833e-04 -3.890463e-05 -1.369429e-05
11150.753314 -9.962383e-06 -5.823630e-07 -7.816383e-08 -6.888645e-07 6.051775e-05 -2.915317e-04 -4.166474e-05 -1.801343e-05
11155.131011 -9.914800e-06 -5.840908e-07 -7.810858e-08 -6.867607e-07 5.716691e-05 -2.773808e-04 -4.843814e-05 -1.884503e-05
11159.520900 -9.721096e-06 -5.737089e-07 -7.700245e-08 -6.750730e-07 6.379174e-05 -2.725971e-04 -4.715198e-05 -1.467468e-05
11163.922981 -9.625973e-06 -5.685009e-07 -7.671047e-08 -6.680394e-07 6.729965e-05 -2.751378e-04 -4.581686e-05 -1.942118e-05
11168.337254 -9.557389e-06 -5.673401e-07 -7.668002e-08 -6.655862e-07 6.561586e-05 -2.726840e-04 -4.571068e-05 -2.050068e-05
11172.763719 -9.498787e-06 -5.608140e-07 -7.637222e-08 -6.624447e-07 5.936104e-05 -2.653814e-04 -3.498210e-05 -1.305417e-05
11177.202376 -9.441444e-06 -5.596429e-07 -7.636855e-08 -6.594644e-07 6.171878e-05 -2.543741e-04 -2.850629e-05 -1.381152e-05
11181.653224 -9.321294e-06 -5.526989e-07 -7.560805e-08 -6.520331e-07 6.596875e-05 -2.607495e-04 -2.577491e-05 -1.261310e-05
11186.116265 -9.239472e-06 -5.490649e-07 -7.571199e-08 -6.472891e-07 6.209225e-05 -2.602315e-04 -2.688884e-05 -6.693240e-06
11190.591497 -9.170111e-06 -5.470161e-07 -7.557187e-08 -6.436586e-07 6.576666e-05 -2.476660e-04 -3.229190e-05 -5.333636e-07
11195.078922 -9.035476e-06 -5.385615e-07 -7.496123e-08 -6.353012e-07 6.600604e-05 -2.333381e-04 -2.923897e-05 2.430285e-07
11199.578538 -8.937613e-06 -5.335731e-07 -7.397955e-08 -6.293405e-07 7.305383e-05 -2.227976e-04 -3.326802e-05 -6.779472e-06
11204.090346 -8.889823e-06 -5.338954e-07 -7.393094e-08 -6.269534e-07 8.151894e-05 -2.369583e-04 -3.851723e-05 -6.199202e-06
11208.614346 -8.764058e-06 -5.256379e-07 -7.306228e-08 -6.189895e-07 7.086644e-05 -2.306549e-04 -4.793224e-05 -4.195749e-06
11213.150538 -8.683697e-06 -5.220920e-07 -7.268853e-08 -6.144080e-07 7.118052e-05 -2.193118e-04 -5.829563e-05 -9.094379e-07
11217.698922 -8.621505e-06 -5.206036e-07 -7.261644e-08 -6.105991e-07 8.521255e-05 -2.313604e-04 -5.198708e-05 -1.037528e-06
11222.259498 -8.532472e-06 -5.157740e-07 -7.180991e-08 -6.051713e-07 9.124689e-05 -2.158330e-04 -3.985117e-05 -1.076840e-06
11226.832266 -8.444544e-06 -5.114713e-07 -7.107595e-08 -5.999943e-07 8.534211e-05 -2.459910e-04 -4.390466e-05 5.154734e-06
11231.417226 -8.344600e-06 -5.060778e-07 -7.036620e-08 -5.939425e-07 7.737933e-05 -2.634808e-04 -4.796859e-05 7.262445e-07
11236.014377 -8.246846e-06 -5.005914e-07 -6.981487e-08 -5.879496e-07 7.229168e-05 -2.439614e-04 -3.289620e-05 -8.345014e-06
11240.623721 -8.148647e-06 -4.948343e-07 -6.894434e-08 -5.821754e-07 6.233066e-05 -2.358854e-04 -3.018227e-05 -8.487162e-06
11245.245256 -8.036708e-06 -4.882545e-07 -6.808172e-08 -5.753808e-07 6.198697e-05 -2.517819e-04 -4.206423e-05 -3.731715e-06
11249.878983 -7.978794e-06 -4.865458e-07 -6.793887e-08 -5.718694e-07 6.399120e-05 -2.457259e-04 -4.013916e-05 -3.722874e-07
11254.524902 -7.906342e-06 -4.829604e-07 -6.762160e-08 -5.675285e-07 6.929172e-05 -2.625967e-04 -4.267516e-05 3.677581e-06
11259.183013 -7.805603e-06 -4.771105e-07 -6.705329e-08 -5.614132e-07 6.751585e-05 -2.803833e-04 -4.213045e-05 -9.257561e-07
11263.853316 -7.725610e-06 -4.736127e-07 -6.664215e-08 -5.565857e-07 5.901621e-05 -2.536713e-04 -3.716417e-05 -1.326743e-05
11268.535811 -7.624982e-06 -4.675230e-07 -6.609026e-08 -5.504299e-07 6.004013e-05 -2.642841e-04 -3.737080e-05 -2.378132e-05
11273.230498 -7.539169e-06 -4.632355e-07 -6.564319e-08 -5.451946e-07 5.867473e-05 -2.697025e-04 -3.743399e-05 -9.718686e-06
11277.937377 -7.442866e-06 -4.575487e-07 -6.540696e-08 -5.393630e-07 6.121278e-05 -2.753409e-04 -2.577906e-05 2.629945e-06
11282.656448 -7.368382e-06 -4.538373e-07 -6.510942e-08 -5.352927e-07 7.065749e-05 -2.726373e-04 -2.249517e-05 1.420132e-06
11287.387710 -7.298014e-06 -4.503280e-07 -6.469639e-08 -5.314195e-07 7.832355e-05 -2.615334e-04 -2.633454e-05 5.191225e-06
11292.131165 -7.192676e-06 -4.435524e-07 -6.374689e-08 -5.247383e-07 7.609001e-05 -2.639204e-04 -2.760478e-05 -1.683892e-06
11296.886811 -7.086464e-06 -4.366266e-07 -6.320441e-08 -5.180158e-07 7.788005e-05 -2.800810e-04 -3.945647e-05 -1.058084e-05
11301.654649 -6.973422e-06 -4.296711e-07 -6.233048e-08 -5.108691e-07 8.076825e-05 -2.742273e-04 -3.885461e-05 -1.527891e-05
11306.434679 -6.937589e-06 -4.296115e-07 -6.226533e-08 -5.090529e-07 7.361934e-05 -2.817253e-04 -3.156694e-05 -1.793558e-05
11311.226901 -6.867117e-06 -4.258473e-07 -6.186789e-08 -5.047216e-07 7.026695e-05 -2.738022e-04 -3.525299e-05 -5.298012e-06
11316.031315 -6.803878e-06 -4.229638e-07 -6.143354e-08 -5.017261e-07 6.759985e-05 -2.764369e-04 -4.668778e-05 1.754874e-05
11320.847921 -6.745722e-06 -4.196706e-07 -6.116146e-08 -4.979225e-07 5.371089e-05 -2.773251e-04 -4.628476e-05 -1.965534e-06
11325.676719 -6.669423e-06 -4.152535e-07 -6.063021e-08 -4.931305e-07 5.212009e-05 -2.909405e-04 -3.805914e-05 -1.465170e-05
11330.517709 -6.574861e-06 -4.101362e-07 -6.008653e-08 -4.868648e-07 5.768363e-05 -2.869530e-04 -3.294899e-05 -8.685519e-06
11335.370891 -6.475757e-06 -4.049877e-07 -5.952307e-08 -4.811860e-07 6.043281e-05 -2.653433e-04 -3.278784e-05 -6.486090e-06
11340.236264 -6.468779e-06 -4.061009e-07 -5.977436e-08 -4.806892e-07 5.686946e-05 -2.374266e-04 -3.071027e-05 -4.800042e-06
