# Facility.name: NSLS-II
# Facility.mode: Beam available
# Facility.current: 400.2811260157896
# Facility.current: 3 GeV
# Facility.year: 2023
# Facility.cycle: 2
# Facility.GUP: 312970
# Facility.SAF: 311402
# Experimenter.name: Esteban Fornero
# Beamline.name: ISS (8-ID)
# Beamline.x-ray_source: damping wiggler
# Beamline.collimation_mirror1.material: Si
# Beamline.collimation_mirror2.material: Pt
# Beamline.collimation_mirror2.bender_loading: -349.0
# Beamline.focusing: toroidal mirror
# Beamline.focusing.material: Pt
# Beamline.focusing.bender_loading: -419.0
# Beamline.harmonic_rejection: Si
# Mono.scan_mode: Si(111)
# Mono.d_spacing: 3.1354951
# Mono.scan_mode: pseudo-channel cut
# Mono.scan_type: fly_scan
# Mono.trajectory_name: f950a534-6fd5.txt
# Mono.direction: None
# Mono.angle_offset: 0.69366577
# Mono.angle_offset: 39.744 deg
# Mono.encoder_resolution: 48.0 nrad
# Detector.I0: ion chamber
# Detector.I1: ion chamber
# Detector.I2: ion chamber
# Detector.IF: PIPS
# Detector.I0.length: 15 cm
# Detector.I1.length: 28 cm
# Detector.I2.length: 15 cm
# Detector.IF.thickness: 300 um
# Detector.I0.gas.N2: 38.0%
# Detector.I1.gas.N2: 38.0%
# Detector.I2.gas.N2: 38.0%
# Detector.I0.gas.He: 62.0%
# Detector.I1.gas.He: 62.0%
# Detector.I2.gas.He: 62.0%
# Detector.I0.voltage: -1650.001465
# Detector.I1.voltage: -1650.003906
# Detector.I2.voltage: -1650.003662
# Detector.I0.gain: 4
# Detector.I1.gain: 6
# Detector.I2.gain: 6
# Detector.IF.gain: 6
# Detector.aux: {}
# Element.symbol: Cu
# Element.edge: K
# Element.line: None
# Scan.transient_id: 371182
# Scan.uid: 4863bd3f-47ba-43e2-b120-db690e702a66
# Scan.edge_energy: 8979.0
# Scan.start_time: 06/23/2023  08:24:46.600223
# Scan.end_time: 06/23/2023  08:25:19.793136
# Scan.name: Cu2O+Ga2O3-2nd PP+O2-ramp (pos 001) Cu-K 0001
# Scan.comment: 
# Sample.name: Cu2O+Ga2O3-2nd
# Sample.comment: 
# Sample.position.x: -66.442995014
# Sample.position.y: 31.0990556475
# Sample.position.z: -10.184937499999995
# Sample.position.theta: 845.5790000000001
# SampleHeater.temperature1.setpoint: 300.0
# SampleHeater.temperature1.readback: 1372.0
# SampleHeater.current.setpoint: 0.0
# SampleHeater.current.readback: 0.0
# SampleHeater.temperature2.setpoint: 280.3051902850469
# SampleHeater.temperature2.readback: 282.3
# SampleHeater.voltage.setpoint: 0.6443124025855858
# SampleHeater.voltage.readback: 0.66
# SampleHeater.PID.P: 0.025
# SampleHeater.PID.I: 0.07
# SampleHeater.PID.D: 0.0
# SampleGasCart.MFC.CH4.setpoint: 3.0
# SampleGasCart.MFC.CH4.readback: 2.998
# SampleGasCart.MFC.CO.setpoint: 0.0
# SampleGasCart.MFC.CO.readback: 0.0
# SampleGasCart.MFC.H2.setpoint: 0.0
# SampleGasCart.MFC.H2.readback: 0.0
# SampleGasCart.MFC.exhaust.setpoint: 100.0
# SampleGasCart.MFC.exhaust.readback: 10.84
# SampleGasHandlingSystem.gas_a.name: None
# SampleGasHandlingSystem.gas_b.name: None
# SampleGasHandlingSystem.gas_c.name: None
# SampleGasHandlingSystem.gas_d.name: None
# SampleGasHandlingSystem.gas_e.name: He
# SampleGasHandlingSystem.MFC1.setpoint: 7.0
# SampleGasHandlingSystem.MFC1.readback: 6.998697757720947
# SampleGasHandlingSystem.MFC2.setpoint: 0.0
# SampleGasHandlingSystem.MFC2.readback: -0.0773111954331398
# SampleGasHandlingSystem.MFC3.setpoint: 0.0
# SampleGasHandlingSystem.MFC3.readback: 0.0244140625
# SampleGasHandlingSystem.MFC4.setpoint: 0.0
# SampleGasHandlingSystem.MFC4.readback: -0.0732421875
# SampleGasHandlingSystem.MFC5.setpoint: 0.0
# SampleGasHandlingSystem.MFC5.readback: -0.008138020522892475
# SampleGasHandlingSystem.MFC6.setpoint: 1.5
# SampleGasHandlingSystem.MFC6.readback: 1.50146484375
# SampleGasHandlingSystem.MFC7.setpoint: 0.0
# SampleGasHandlingSystem.MFC7.readback: -0.0406901054084301
# SampleGasHandlingSystem.MFC8.setpoint: 0.0
# SampleGasHandlingSystem.MFC8.readback: -0.08544921875
# SampleGasHandlingSystem.MFC9.setpoint: 0.0
# SampleGasHandlingSystem.MFC9.readback: -0.0895182266831398
# SampleGasHandlingSystem.MFC10.setpoint: 0.0
# SampleGasHandlingSystem.MFC10.readback: 0.01220703125
# SampleGasHandlingSystem.MFC11.setpoint: 0.0
# SampleGasHandlingSystem.MFC11.readback: -0.048828125
# SampleGasHandlingSystem.MFC12.setpoint: 0.0
# SampleGasHandlingSystem.MFC12.readback: -0.01220703125
# SampleGasHandlingSystem.MFC13.setpoint: 0.0
# SampleGasHandlingSystem.MFC13.readback: -0.008138020522892475
# SampleGasHandlingSystem.MFC14.setpoint: 0.0
# SampleGasHandlingSystem.MFC14.readback: -0.0244140625
# SampleGasHandlingSystem.MFC15.setpoint: 0.0
# SampleGasHandlingSystem.MFC15.readback: -0.0691731795668602
# SampleGasHandlingSystem.MFC16.setpoint: 0.0
# SampleGasHandlingSystem.MFC16.readback: -0.0244140625
# SampleGasHandlingSystem.RGA.ch1.mass: 2
# SampleGasHandlingSystem.RGA.ch1.readback: 1.07594e-06
# SampleGasHandlingSystem.RGA.ch2.mass: 4
# SampleGasHandlingSystem.RGA.ch2.readback: 0.0
# SampleGasHandlingSystem.RGA.ch3.mass: 5
# SampleGasHandlingSystem.RGA.ch3.readback: 7.81276e-12
# SampleGasHandlingSystem.RGA.ch4.mass: 5
# SampleGasHandlingSystem.RGA.ch4.readback: 4.78717e-10
# SampleGasHandlingSystem.RGA.ch5.mass: 18
# SampleGasHandlingSystem.RGA.ch5.readback: 2.18695e-09
# SampleGasHandlingSystem.RGA.ch6.mass: 28
# SampleGasHandlingSystem.RGA.ch6.readback: 1.4534e-08
# SampleGasHandlingSystem.RGA.ch7.mass: 32
# SampleGasHandlingSystem.RGA.ch7.readback: 3.07315e-09
# SampleGasHandlingSystem.RGA.ch8.mass: 41
# SampleGasHandlingSystem.RGA.ch8.readback: 1.11477e-11
# SampleGasHandlingSystem.RGA.ch9.mass: 44
# SampleGasHandlingSystem.RGA.ch9.readback: 2.07863e-10
# energy  i0  it  ir  iff  aux1  aux2  aux3  aux4
 8779.000000 -3.387157e-05 -4.102824e-07 -2.718011e-07 -3.111195e-07 2.025960e-05 -5.241097e-04 -3.081156e-05 5.226119e-05
 8784.000000 -3.384986e-05 -4.134196e-07 -2.741899e-07 -3.113627e-07 2.880780e-05 -5.149627e-04 -3.188983e-05 5.028628e-05
 8789.000000 -3.362072e-05 -4.177384e-07 -2.769350e-07 -3.100236e-07 3.342729e-05 -5.135010e-04 -2.617678e-05 4.876154e-05
 8794.000000 -3.360030e-05 -4.125377e-07 -2.735533e-07 -3.107930e-07 3.362124e-05 -5.081077e-04 -3.474713e-05 5.084851e-05
 8799.000000 -3.331635e-05 -4.067270e-07 -2.702043e-07 -3.089673e-07 2.633974e-05 -5.203155e-04 -3.008487e-05 5.324003e-05
 8804.000000 -3.360245e-05 -4.115308e-07 -2.735717e-07 -3.121332e-07 2.526734e-05 -5.497223e-04 -2.146515e-05 4.834713e-05
 8809.000000 -3.356855e-05 -4.104963e-07 -2.728189e-07 -3.124755e-07 2.956949e-05 -5.777742e-04 -1.789118e-05 5.356540e-05
 8814.000000 -3.340167e-05 -4.095719e-07 -2.724776e-07 -3.111747e-07 2.760553e-05 -5.750800e-04 -1.156585e-05 5.183214e-05
 8819.000000 -3.338026e-05 -4.123563e-07 -2.747786e-07 -3.115422e-07 2.523534e-05 -5.637546e-04 -1.660832e-05 4.417865e-05
 8824.000000 -3.332788e-05 -4.126489e-07 -2.751918e-07 -3.123016e-07 2.264914e-05 -5.838267e-04 -1.538879e-05 4.568156e-05
 8829.000000 -3.327067e-05 -4.123370e-07 -2.751680e-07 -3.130017e-07 1.815342e-05 -5.814599e-04 -2.030937e-05 3.885543e-05
 8834.000000 -3.315722e-05 -4.129769e-07 -2.756614e-07 -3.129156e-07 1.920717e-05 -5.994696e-04 -2.863403e-05 3.860471e-05
 8839.000000 -3.308158e-05 -4.125820e-07 -2.755073e-07 -3.133511e-07 2.566574e-05 -6.026339e-04 -3.938373e-05 4.810510e-05
 8844.000000 -3.296176e-05 -4.131241e-07 -2.760240e-07 -3.130444e-07 2.826646e-05 -5.960146e-04 -3.442701e-05 5.160013e-05
 8849.000000 -3.279780e-05 -4.148375e-07 -2.772552e-07 -3.125263e-07 2.785513e-05 -6.117681e-04 -3.515941e-05 4.664826e-05
 8854.000000 -3.263827e-05 -4.164811e-07 -2.786064e-07 -3.119850e-07 2.952458e-05 -6.086932e-04 -2.970251e-05 4.147486e-05
 8859.000000 -3.260437e-05 -4.145010e-07 -2.776200e-07 -3.127553e-07 3.368599e-05 -6.282553e-04 -2.863320e-05 4.351957e-05
 8864.000000 -3.247812e-05 -4.147501e-07 -2.781829e-07 -3.126455e-07 2.750290e-05 -6.272638e-04 -3.464071e-05 3.968842e-05
 8869.000000 -3.238712e-05 -4.140322e-07 -2.776304e-07 -3.128177e-07 1.927920e-05 -6.145273e-04 -3.774705e-05 2.974531e-05
 8874.000000 -3.222997e-05 -4.155770e-07 -2.786873e-07 -3.121583e-07 2.058518e-05 -5.938181e-04 -3.746167e-05 3.073634e-05
 8879.000000 -3.213448e-05 -4.154896e-07 -2.788439e-07 -3.121570e-07 2.943491e-05 -6.010614e-04 -1.653096e-05 3.346911e-05
 8884.000000 -3.198679e-05 -4.123269e-07 -2.771477e-07 -3.119961e-07 3.483248e-05 -6.100937e-04 -2.364152e-05 3.749659e-05
 8889.000000 -3.171529e-05 -4.122167e-07 -2.769594e-07 -3.107141e-07 2.647298e-05 -6.110213e-04 -2.987799e-05 3.273457e-05
 8894.000000 -3.184731e-05 -4.160860e-07 -2.799074e-07 -3.119640e-07 2.521332e-05 -6.551421e-04 -2.854792e-05 2.750327e-05
 8899.000000 -3.181958e-05 -4.142810e-07 -2.788534e-07 -3.125229e-07 2.599673e-05 -6.467083e-04 -1.512531e-05 3.464817e-05
 8904.000000 -3.168530e-05 -4.150434e-07 -2.795325e-07 -3.119769e-07 2.964990e-05 -6.450200e-04 -2.066102e-05 3.720305e-05
 8909.000000 -3.152045e-05 -4.164994e-07 -2.804302e-07 -3.108684e-07 3.082289e-05 -6.234611e-04 -3.037519e-05 3.646887e-05
 8914.000000 -3.120884e-05 -4.174990e-07 -2.811191e-07 -3.086251e-07 2.648060e-05 -6.128409e-04 -3.167394e-05 4.893551e-05
 8919.000000 -3.123403e-05 -4.160011e-07 -2.804078e-07 -3.096746e-07 2.763708e-05 -6.278207e-04 -3.277230e-05 5.835655e-05
 8924.000000 -3.110743e-05 -4.150714e-07 -2.798218e-07 -3.096543e-07 3.729405e-05 -5.986731e-04 -4.197107e-05 5.263288e-05
 8929.000000 -3.112289e-05 -4.173529e-07 -2.813249e-07 -3.112273e-07 4.168699e-05 -5.977023e-04 -2.959859e-05 4.989746e-05
 8934.000000 -3.100215e-05 -4.189995e-07 -2.826544e-07 -3.109435e-07 2.967686e-05 -5.942055e-04 -2.663118e-05 5.127917e-05
 8939.000000 -3.088460e-05 -4.191767e-07 -2.826182e-07 -3.110668e-07 2.817696e-05 -5.872354e-04 -2.866419e-05 4.995205e-05
 8944.000000 -3.077838e-05 -4.187774e-07 -2.821919e-07 -3.111090e-07 2.293068e-05 -5.746937e-04 -2.703272e-05 3.935549e-05
 8949.000000 -3.063744e-05 -4.192142e-07 -2.823764e-07 -3.105425e-07 1.889756e-05 -5.862082e-04 -3.701508e-05 4.333470e-05
 8953.000000 -3.056059e-05 -4.204268e-07 -2.827487e-07 -3.105648e-07 1.678414e-05 -6.089874e-04 -4.216782e-05 5.290219e-05
 8956.000000 -3.049186e-05 -4.210030e-07 -2.830663e-07 -3.110056e-07 2.114218e-05 -6.148964e-04 -3.192081e-05 5.338408e-05
 8958.000000 -3.042909e-05 -4.217537e-07 -2.831965e-07 -3.111390e-07 1.907556e-05 -6.272749e-04 -3.559237e-05 5.468332e-05
 8959.000000 -3.032019e-05 -4.250450e-07 -2.853188e-07 -3.100164e-07 2.165808e-05 -6.123726e-04 -3.612229e-05 5.733728e-05
 8959.200000 -3.024615e-05 -4.280100e-07 -2.874880e-07 -3.091292e-07 1.441868e-05 -6.109459e-04 -4.674948e-05 5.507489e-05
 8959.400000 -3.021469e-05 -4.276935e-07 -2.875083e-07 -3.088661e-07 1.862098e-05 -6.018184e-04 -3.889076e-05 5.104889e-05
 8959.600000 -3.016279e-05 -4.302357e-07 -2.893264e-07 -3.085187e-07 2.377968e-05 -6.207753e-04 -2.434234e-05 5.454636e-05
 8959.800000 -3.028199e-05 -4.247103e-07 -2.852973e-07 -3.095059e-07 1.339325e-05 -6.231321e-04 -3.232681e-05 5.208329e-05
 8960.000000 -3.043195e-05 -4.220241e-07 -2.833423e-07 -3.110958e-07 1.931275e-05 -6.138224e-04 -3.797550e-05 5.090832e-05
 8960.200000 -3.045858e-05 -4.206760e-07 -2.823585e-07 -3.115235e-07 1.795333e-05 -6.260547e-04 -5.582928e-05 4.773349e-05
 8960.400000 -3.045446e-05 -4.198538e-07 -2.818595e-07 -3.116884e-07 1.713487e-05 -6.013720e-04 -5.538543e-05 5.089223e-05
 8960.600000 -3.046240e-05 -4.211773e-07 -2.824733e-07 -3.118990e-07 1.281091e-05 -6.280379e-04 -2.552364e-05 6.973922e-05
 8960.800000 -3.045363e-05 -4.219582e-07 -2.830237e-07 -3.119059e-07 5.871818e-06 -5.991015e-04 -3.014662e-05 6.274864e-05
 8961.000000 -3.042731e-05 -4.225519e-07 -2.832297e-07 -3.118342e-07 1.595348e-05 -5.693132e-04 -3.224733e-05 5.412980e-05
 8961.200000 -3.041496e-05 -4.213835e-07 -2.822269e-07 -3.120252e-07 1.365346e-05 -5.518351e-04 -3.192674e-05 4.993586e-05
 8961.400000 -3.042884e-05 -4.215145e-07 -2.820785e-07 -3.123490e-07 1.360828e-05 -5.660098e-04 -3.121356e-05 5.312780e-05
 8961.600000 -3.043767e-05 -4.209528e-07 -2.814608e-07 -3.124645e-07 7.928098e-06 -5.835470e-04 -3.549810e-05 4.825479e-05
 8961.800000 -3.044306e-05 -4.202128e-07 -2.812434e-07 -3.124290e-07 3.469810e-06 -5.825272e-04 -3.377496e-05 4.614341e-05
 8962.000000 -3.044068e-05 -4.213236e-07 -2.820174e-07 -3.124944e-07 8.349303e-06 -5.628840e-04 -3.413844e-05 4.600823e-05
 8962.200000 -3.045287e-05 -4.200996e-07 -2.812894e-07 -3.126677e-07 7.319838e-06 -5.680008e-04 -4.097951e-05 4.363433e-05
 8962.400000 -3.042913e-05 -4.213688e-07 -2.821549e-07 -3.124703e-07 7.912138e-06 -5.621101e-04 -3.512976e-05 5.281082e-05
 8962.600000 -3.037854e-05 -4.214757e-07 -2.821383e-07 -3.121697e-07 1.443365e-05 -5.257165e-04 -2.197678e-05 4.858668e-05
 8962.800000 -3.031342e-05 -4.241631e-07 -2.838426e-07 -3.115422e-07 5.411506e-06 -5.238335e-04 -2.447681e-05 4.063923e-05
 8963.000000 -3.034670e-05 -4.230457e-07 -2.829297e-07 -3.116008e-07 1.136920e-05 -5.414839e-04 -2.468265e-05 2.757905e-05
 8963.200000 -3.035801e-05 -4.224452e-07 -2.827931e-07 -3.122147e-07 1.773714e-05 -5.541883e-04 -2.448591e-05 2.795443e-05
 8963.400000 -3.034027e-05 -4.232786e-07 -2.835453e-07 -3.119767e-07 2.392988e-05 -5.676522e-04 -2.958967e-05 3.194434e-05
 8963.600000 -3.040411e-05 -4.205534e-07 -2.818076e-07 -3.127808e-07 1.858894e-05 -5.600931e-04 -3.023712e-05 3.461277e-05
 8963.800000 -3.038077e-05 -4.213580e-07 -2.821992e-07 -3.122453e-07 2.499287e-05 -5.539003e-04 -4.465175e-05 4.127606e-05
 8964.000000 -3.034600e-05 -4.219362e-07 -2.824463e-07 -3.121579e-07 2.470045e-05 -5.547983e-04 -4.517303e-05 4.030920e-05
 8964.200000 -3.032283e-05 -4.226110e-07 -2.828446e-07 -3.121223e-07 2.249449e-05 -5.399827e-04 -2.966601e-05 4.018709e-05
 8964.400000 -3.028120e-05 -4.233094e-07 -2.831701e-07 -3.115256e-07 2.556782e-05 -5.365131e-04 -3.089826e-05 4.864998e-05
 8964.600000 -3.020236e-05 -4.258205e-07 -2.846404e-07 -3.107106e-07 3.138511e-05 -5.516321e-04 -3.829839e-05 3.321353e-05
 8964.800000 -3.026789e-05 -4.231443e-07 -2.829088e-07 -3.116570e-07 3.825692e-05 -5.459477e-04 -2.857938e-05 4.103611e-05
 8965.000000 -3.032845e-05 -4.201081e-07 -2.808126e-07 -3.124227e-07 4.119119e-05 -5.348163e-04 -3.202723e-05 4.052338e-05
 8965.200000 -3.035060e-05 -4.210180e-07 -2.810057e-07 -3.127078e-07 3.069628e-05 -5.527840e-04 -4.225588e-05 4.290081e-05
 8965.400000 -3.032881e-05 -4.192171e-07 -2.795945e-07 -3.127783e-07 1.908900e-05 -5.636469e-04 -4.668462e-05 3.340614e-05
 8965.600000 -3.031017e-05 -4.219023e-07 -2.810675e-07 -3.125806e-07 1.510072e-05 -5.732882e-04 -4.883040e-05 2.457921e-05
 8965.800000 -3.028160e-05 -4.205221e-07 -2.801515e-07 -3.124230e-07 1.984330e-05 -5.513527e-04 -5.173042e-05 9.149005e-06
 8966.000000 -3.026538e-05 -4.211905e-07 -2.806351e-07 -3.124833e-07 2.511059e-05 -5.452496e-04 -5.796108e-05 1.118914e-05
 8966.200000 -3.025054e-05 -4.215732e-07 -2.809216e-07 -3.124558e-07 1.891849e-05 -5.452452e-04 -5.722281e-05 2.617714e-05
 8966.400000 -3.025620e-05 -4.193714e-07 -2.793928e-07 -3.123374e-07 2.251866e-05 -5.349620e-04 -5.251040e-05 2.814997e-05
 8966.600000 -3.024300e-05 -4.213880e-07 -2.805352e-07 -3.121904e-07 3.014717e-05 -5.417767e-04 -5.090693e-05 2.705006e-05
 8966.800000 -3.024753e-05 -4.192208e-07 -2.790493e-07 -3.122813e-07 3.368193e-05 -5.734128e-04 -3.754997e-05 3.369107e-05
 8967.000000 -3.025295e-05 -4.208105e-07 -2.802205e-07 -3.123276e-07 3.608903e-05 -5.825003e-04 -4.379315e-05 2.996246e-05
 8967.200000 -3.020236e-05 -4.213999e-07 -2.804305e-07 -3.120439e-07 3.457358e-05 -5.601402e-04 -4.450450e-05 2.175070e-05
 8967.400000 -3.023394e-05 -4.207680e-07 -2.800556e-07 -3.121907e-07 3.666670e-05 -5.519714e-04 -2.764854e-05 1.734863e-05
 8967.600000 -3.024061e-05 -4.210506e-07 -2.802542e-07 -3.122536e-07 4.435208e-05 -5.565175e-04 -2.921018e-05 2.274772e-05
 8967.800000 -3.022896e-05 -4.204472e-07 -2.798851e-07 -3.122320e-07 3.925177e-05 -5.480752e-04 -3.691910e-05 2.773155e-05
 8968.000000 -3.025548e-05 -4.207588e-07 -2.797408e-07 -3.124014e-07 3.458818e-05 -5.400403e-04 -3.977526e-05 2.800002e-05
 8968.200000 -3.022777e-05 -4.213914e-07 -2.799547e-07 -3.123333e-07 2.883614e-05 -5.396495e-04 -4.888810e-05 2.883898e-05
 8968.400000 -3.022613e-05 -4.212010e-07 -2.794663e-07 -3.126261e-07 3.829574e-05 -5.538827e-04 -4.688951e-05 2.803404e-05
 8968.600000 -3.023150e-05 -4.209087e-07 -2.792577e-07 -3.129761e-07 4.122661e-05 -5.549806e-04 -3.369994e-05 3.576982e-05
 8968.800000 -3.023604e-05 -4.204937e-07 -2.785630e-07 -3.129655e-07 3.455543e-05 -5.514447e-04 -3.577651e-05 3.006091e-05
 8969.000000 -3.023019e-05 -4.198111e-07 -2.780225e-07 -3.130678e-07 3.891297e-05 -5.544343e-04 -4.077761e-05 3.784637e-05
 8969.200000 -3.021530e-05 -4.203800e-07 -2.780825e-07 -3.130346e-07 3.218240e-05 -5.575134e-04 -4.145335e-05 3.592981e-05
 8969.400000 -3.020230e-05 -4.199892e-07 -2.777666e-07 -3.130840e-07 2.876347e-05 -5.416538e-04 -2.954825e-05 3.231924e-05
 8969.600000 -3.016965e-05 -4.214512e-07 -2.783093e-07 -3.128838e-07 2.996443e-05 -5.440620e-04 -2.403672e-05 2.523204e-05
 8969.800000 -3.012017e-05 -4.223943e-07 -2.787868e-07 -3.125286e-07 2.843608e-05 -5.440016e-04 -3.167139e-05 2.225608e-05
 8970.000000 -3.019464e-05 -4.208499e-07 -2.778132e-07 -3.133512e-07 2.297555e-05 -5.492782e-04 -4.768989e-05 1.977547e-05
 8970.200000 -3.021357e-05 -4.203218e-07 -2.774886e-07 -3.132387e-07 2.097108e-05 -5.611064e-04 -5.235578e-05 2.048973e-05
 8970.400000 -3.016734e-05 -4.221526e-07 -2.784777e-07 -3.129128e-07 2.429719e-05 -5.841621e-04 -4.765738e-05 1.846547e-05
 8970.600000 -3.003196e-05 -4.271057e-07 -2.814640e-07 -3.113879e-07 3.870655e-05 -5.919968e-04 -4.082492e-05 2.694978e-05
 8970.800000 -2.994678e-05 -4.279325e-07 -2.817724e-07 -3.109317e-07 3.280057e-05 -6.002259e-04 -5.050534e-05 2.116064e-05
 8971.000000 -3.002207e-05 -4.259493e-07 -2.800648e-07 -3.118981e-07 2.791864e-05 -5.856755e-04 -4.686560e-05 1.245773e-05
 8971.200000 -3.001255e-05 -4.265130e-07 -2.803977e-07 -3.119598e-07 1.788957e-05 -5.575579e-04 -5.887440e-05 1.918131e-05
 8971.400000 -3.012980e-05 -4.234441e-07 -2.782224e-07 -3.132060e-07 2.655647e-05 -5.704604e-04 -4.622038e-05 3.547299e-05
 8971.600000 -3.016816e-05 -4.226250e-07 -2.774282e-07 -3.139567e-07 3.394682e-05 -5.495360e-04 -5.065197e-05 2.421129e-05
 8971.800000 -3.015318e-05 -4.216795e-07 -2.763645e-07 -3.140502e-07 3.207355e-05 -5.530728e-04 -4.940132e-05 1.970885e-05
 8972.000000 -3.016131e-05 -4.220057e-07 -2.763589e-07 -3.142105e-07 3.162795e-05 -5.828150e-04 -4.289727e-05 2.332910e-05
 8972.200000 -3.009052e-05 -4.235630e-07 -2.768860e-07 -3.136793e-07 1.912781e-05 -5.914036e-04 -2.846829e-05 2.969734e-05
 8972.400000 -3.001187e-05 -4.245132e-07 -2.770704e-07 -3.130793e-07 9.822603e-06 -5.897720e-04 -3.961957e-05 1.410564e-05
 8972.600000 -2.987370e-05 -4.275254e-07 -2.789127e-07 -3.115608e-07 2.683414e-05 -5.847323e-04 -3.889271e-05 2.191988e-05
 8972.800000 -2.998260e-05 -4.256809e-07 -2.771478e-07 -3.128706e-07 2.257308e-05 -5.788232e-04 -3.563328e-05 1.681780e-05
 8973.000000 -3.005764e-05 -4.229523e-07 -2.750097e-07 -3.138501e-07 2.215875e-05 -5.616193e-04 -1.936193e-05 1.811459e-05
 8973.200000 -3.013435e-05 -4.204094e-07 -2.730101e-07 -3.149336e-07 1.971983e-05 -5.638879e-04 -9.288059e-06 1.843293e-05
 8973.400000 -3.012739e-05 -4.211696e-07 -2.728981e-07 -3.148326e-07 1.971817e-05 -5.731736e-04 -2.189768e-05 1.454364e-05
 8973.600000 -3.010453e-05 -4.224328e-07 -2.728411e-07 -3.148631e-07 1.373184e-05 -5.787809e-04 -3.476431e-05 7.905708e-06
 8973.800000 -3.009935e-05 -4.211320e-07 -2.714191e-07 -3.152894e-07 1.843166e-05 -5.998195e-04 -2.395589e-05 6.230028e-06
 8974.000000 -3.009211e-05 -4.230054e-07 -2.723730e-07 -3.152484e-07 2.396318e-05 -6.057804e-04 -3.617897e-05 6.706293e-06
 8974.200000 -3.006443e-05 -4.229499e-07 -2.716269e-07 -3.151490e-07 2.567945e-05 -6.043201e-04 -3.997722e-05 1.081139e-05
 8974.400000 -3.004226e-05 -4.241801e-07 -2.715665e-07 -3.149271e-07 2.278091e-05 -5.982141e-04 -3.569286e-05 2.655167e-05
 8974.600000 -2.998281e-05 -4.247409e-07 -2.713626e-07 -3.145461e-07 1.992307e-05 -5.897737e-04 -3.213189e-05 2.749121e-05
 8974.800000 -3.003858e-05 -4.238794e-07 -2.701194e-07 -3.156496e-07 2.377344e-05 -5.819334e-04 -2.858231e-05 1.880127e-05
 8975.000000 -3.003323e-05 -4.225773e-07 -2.681559e-07 -3.160561e-07 2.656140e-05 -5.692103e-04 -2.942660e-05 1.063844e-05
 8975.200000 -2.992819e-05 -4.251339e-07 -2.686110e-07 -3.152749e-07 2.932479e-05 -5.344495e-04 -3.545226e-05 1.026135e-05
 8975.400000 -2.996505e-05 -4.253719e-07 -2.676270e-07 -3.158573e-07 2.756944e-05 -5.365610e-04 -2.676508e-05 2.223671e-05
 8975.600000 -3.000165e-05 -4.231433e-07 -2.646610e-07 -3.167543e-07 1.785651e-05 -5.577339e-04 -2.502727e-05 2.249755e-05
 8975.800000 -2.991932e-05 -4.259892e-07 -2.649196e-07 -3.160638e-07 2.458673e-05 -5.571726e-04 -2.664088e-05 2.107855e-05
 8976.000000 -2.992343e-05 -4.237425e-07 -2.615438e-07 -3.168267e-07 2.388021e-05 -5.481333e-04 -2.607849e-05 2.986138e-05
 8976.200000 -3.000659e-05 -4.222446e-07 -2.583048e-07 -3.182834e-07 3.113288e-05 -5.525295e-04 -5.948842e-06 2.796900e-05
 8976.400000 -3.005785e-05 -4.203191e-07 -2.542806e-07 -3.194015e-07 3.028848e-05 -5.712107e-04 -1.146304e-05 3.032274e-05
 8976.600000 -3.007879e-05 -4.195145e-07 -2.508790e-07 -3.203520e-07 2.481709e-05 -5.363943e-04 -1.545298e-05 3.617592e-05
 8976.800000 -3.002122e-05 -4.219718e-07 -2.487878e-07 -3.203149e-07 2.382476e-05 -5.180837e-04 -4.325120e-05 2.619772e-05
 8977.000000 -2.988995e-05 -4.232288e-07 -2.449735e-07 -3.201433e-07 2.039855e-05 -5.057948e-04 -3.256004e-05 2.033733e-05
 8977.200000 -2.982220e-05 -4.266364e-07 -2.417774e-07 -3.201806e-07 2.806875e-05 -5.171294e-04 -2.208870e-05 1.841372e-05
 8977.400000 -2.987914e-05 -4.229002e-07 -2.335480e-07 -3.215918e-07 3.402032e-05 -5.100124e-04 -2.113599e-05 3.597712e-05
 8977.600000 -2.991572e-05 -4.212529e-07 -2.252819e-07 -3.233847e-07 3.261908e-05 -5.417945e-04 -1.565890e-05 4.638717e-05
 8977.800000 -2.994107e-05 -4.205431e-07 -2.165524e-07 -3.250412e-07 3.155981e-05 -5.669411e-04 -3.845896e-05 2.722637e-05
 8978.000000 -2.998054e-05 -4.178402e-07 -2.064046e-07 -3.268926e-07 2.566793e-05 -5.770516e-04 -2.218756e-05 3.652234e-05
 8978.200000 -2.998053e-05 -4.177656e-07 -1.964395e-07 -3.288582e-07 3.624856e-05 -5.742190e-04 -2.236220e-05 3.342624e-05
 8978.400000 -2.996607e-05 -4.154968e-07 -1.852737e-07 -3.311528e-07 4.733223e-05 -5.722499e-04 -2.642472e-05 2.288829e-05
 8978.600000 -2.991727e-05 -4.186708e-07 -1.762606e-07 -3.335257e-07 3.304430e-05 -5.533797e-04 -1.947490e-05 1.553686e-05
 8978.800000 -2.988875e-05 -4.175251e-07 -1.659306e-07 -3.368089e-07 3.631079e-05 -5.577161e-04 -1.930747e-06 2.614426e-05
 8979.000000 -2.984426e-05 -4.177884e-07 -1.567747e-07 -3.408264e-07 4.125515e-05 -5.775489e-04 -1.805142e-05 2.531827e-05
 8979.200000 -2.988529e-05 -4.174633e-07 -1.481026e-07 -3.467706e-07 3.561809e-05 -5.660795e-04 -2.142737e-05 2.207201e-05
 8979.400000 -2.990897e-05 -4.133740e-07 -1.393812e-07 -3.533477e-07 4.112749e-05 -5.718716e-04 -2.099040e-05 3.336723e-05
 8979.600000 -2.986826e-05 -4.149429e-07 -1.336546e-07 -3.598778e-07 3.696842e-05 -5.745483e-04 -1.967770e-05 2.718659e-05
 8979.800000 -2.983810e-05 -4.124865e-07 -1.277333e-07 -3.678469e-07 3.246108e-05 -5.847528e-04 -1.414405e-05 3.137777e-05
 8980.000000 -2.980357e-05 -4.146747e-07 -1.242398e-07 -3.762182e-07 3.390902e-05 -5.705332e-04 -2.647214e-05 1.986149e-05
 8980.200000 -2.977358e-05 -4.125814e-07 -1.207019e-07 -3.852677e-07 4.264945e-05 -5.345842e-04 -2.484968e-05 2.568655e-05
 8980.400000 -2.977647e-05 -4.111591e-07 -1.181590e-07 -3.943833e-07 3.950743e-05 -5.313917e-04 -3.003349e-05 2.626749e-05
 8980.600000 -2.982039e-05 -4.107185e-07 -1.167234e-07 -4.032509e-07 4.809078e-05 -5.424242e-04 -2.177033e-05 2.948454e-05
 8980.800000 -2.979595e-05 -4.083082e-07 -1.154726e-07 -4.100788e-07 4.225744e-05 -5.319401e-04 -2.053551e-05 2.858090e-05
 8981.000000 -2.978676e-05 -4.105399e-07 -1.157663e-07 -4.145194e-07 3.153995e-05 -5.313144e-04 -7.907712e-06 2.614640e-05
 8981.200000 -2.970125e-05 -4.101636e-07 -1.158107e-07 -4.164706e-07 2.674102e-05 -5.445166e-04 -2.168905e-05 2.381572e-05
 8981.400000 -2.963825e-05 -4.127875e-07 -1.169154e-07 -4.163480e-07 2.812376e-05 -5.851327e-04 -2.161614e-05 2.163890e-05
 8981.600000 -2.963432e-05 -4.110679e-07 -1.170727e-07 -4.160192e-07 2.599955e-05 -5.774789e-04 -8.967216e-06 2.119414e-05
 8981.800000 -2.965527e-05 -4.097589e-07 -1.174678e-07 -4.149970e-07 2.038059e-05 -5.710088e-04 -2.577470e-05 1.212060e-05
 8982.000000 -2.965582e-05 -4.109722e-07 -1.185159e-07 -4.122222e-07 2.453510e-05 -5.645584e-04 -2.149226e-05 1.354329e-05
 8982.200000 -2.967172e-05 -4.099969e-07 -1.189086e-07 -4.097885e-07 3.181440e-05 -5.672973e-04 -2.701043e-05 6.668595e-06
 8982.400000 -2.972732e-05 -4.103359e-07 -1.196025e-07 -4.075497e-07 3.252218e-05 -5.797812e-04 -2.091485e-05 1.744233e-05
 8982.600000 -2.970861e-05 -4.087895e-07 -1.193657e-07 -4.050312e-07 3.645314e-05 -5.578528e-04 -3.474749e-05 7.941947e-06
 8982.800000 -2.965115e-05 -4.117912e-07 -1.200418e-07 -4.019649e-07 4.010473e-05 -5.466812e-04 -2.760670e-05 1.685267e-05
 8983.000000 -2.958632e-05 -4.128124e-07 -1.197717e-07 -3.993647e-07 4.248321e-05 -5.564803e-04 -1.494290e-05 2.189507e-05
 8983.200000 -2.943282e-05 -4.171734e-07 -1.199912e-07 -3.958373e-07 3.676313e-05 -5.711070e-04 -2.653359e-05 1.511076e-05
 8983.400000 -2.944019e-05 -4.178113e-07 -1.189434e-07 -3.955222e-07 3.434000e-05 -5.798999e-04 -2.662076e-05 1.372212e-05
 8983.600000 -2.954387e-05 -4.142972e-07 -1.167057e-07 -3.974588e-07 3.907918e-05 -5.857527e-04 -3.513024e-05 1.284996e-05
 8983.800000 -2.957654e-05 -4.131669e-07 -1.150156e-07 -3.985350e-07 4.386047e-05 -5.984205e-04 -4.070933e-05 1.560176e-05
 8984.000000 -2.957094e-05 -4.120411e-07 -1.134760e-07 -3.994742e-07 4.153320e-05 -5.736901e-04 -2.662885e-05 2.590625e-05
 8984.200000 -2.960777e-05 -4.106030e-07 -1.114473e-07 -4.015577e-07 3.515623e-05 -5.657098e-04 -2.171287e-05 3.317112e-05
 8984.400000 -2.964593e-05 -4.095522e-07 -1.095785e-07 -4.037098e-07 3.735017e-05 -5.632410e-04 -2.613311e-05 2.743838e-05
 8984.600000 -2.964838e-05 -4.086260e-07 -1.078501e-07 -4.053365e-07 3.232520e-05 -5.595295e-04 -2.841104e-05 3.039052e-05
 8984.800000 -2.963968e-05 -4.090870e-07 -1.065828e-07 -4.072052e-07 3.493856e-05 -5.738479e-04 -2.989457e-05 3.695611e-05
 8985.000000 -2.964278e-05 -4.090835e-07 -1.050424e-07 -4.092042e-07 3.870935e-05 -5.912625e-04 -2.238492e-05 4.220475e-05
 8985.200000 -2.960999e-05 -4.095610e-07 -1.036000e-07 -4.105051e-07 3.516667e-05 -5.956345e-04 -3.283282e-05 5.607460e-05
 8985.400000 -2.962246e-05 -4.098053e-07 -1.022752e-07 -4.125837e-07 3.588041e-05 -5.976149e-04 -3.573059e-05 5.478668e-05
 8985.600000 -2.960223e-05 -4.093636e-07 -1.005980e-07 -4.141305e-07 3.646051e-05 -5.742074e-04 -2.782159e-05 3.769687e-05
 8985.800000 -2.958731e-05 -4.100259e-07 -9.910926e-08 -4.154961e-07 3.136074e-05 -5.945639e-04 -2.365374e-05 4.743857e-05
 8986.000000 -2.957366e-05 -4.096054e-07 -9.755191e-08 -4.168168e-07 2.964347e-05 -6.094636e-04 -4.237126e-05 4.342445e-05
 8986.200000 -2.958022e-05 -4.083962e-07 -9.567272e-08 -4.185703e-07 3.026012e-05 -6.235985e-04 -3.725210e-05 5.518236e-05
 8986.400000 -2.958422e-05 -4.080196e-07 -9.399411e-08 -4.205425e-07 3.523287e-05 -5.941645e-04 -2.618368e-05 5.734822e-05
 8986.600000 -2.957913e-05 -4.076487e-07 -9.246554e-08 -4.219247e-07 3.304719e-05 -5.989332e-04 -2.875936e-05 4.929167e-05
 8986.800000 -2.959069e-05 -4.079876e-07 -9.084983e-08 -4.240791e-07 2.624361e-05 -5.663626e-04 -3.124355e-05 4.024184e-05
 8987.000000 -2.956128e-05 -4.086270e-07 -8.915069e-08 -4.259542e-07 2.970738e-05 -5.721905e-04 -2.821573e-05 4.026291e-05
 8987.200000 -2.953636e-05 -4.086636e-07 -8.710897e-08 -4.276624e-07 3.428722e-05 -5.720056e-04 -3.435374e-05 4.121612e-05
 8987.400000 -2.953782e-05 -4.083956e-07 -8.527358e-08 -4.298029e-07 3.147592e-05 -5.698328e-04 -3.597350e-05 4.111999e-05
 8987.600000 -2.952460e-05 -4.080742e-07 -8.321806e-08 -4.317908e-07 2.839784e-05 -5.549954e-04 -3.899012e-05 4.142700e-05
 8987.800000 -2.946367e-05 -4.098392e-07 -8.144531e-08 -4.328152e-07 3.082965e-05 -5.459064e-04 -3.185476e-05 2.953877e-05
 8988.000000 -2.948311e-05 -4.089933e-07 -7.921403e-08 -4.355008e-07 3.500723e-05 -5.564717e-04 -3.223349e-05 3.589739e-05
 8988.200000 -2.953436e-05 -4.059465e-07 -7.629283e-08 -4.386420e-07 3.304956e-05 -5.660024e-04 -2.610764e-05 3.252293e-05
 8988.400000 -2.951199e-05 -4.065570e-07 -7.398872e-08 -4.403803e-07 2.228674e-05 -5.617638e-04 -2.944391e-05 4.116283e-05
 8988.600000 -2.944394e-05 -4.073607e-07 -7.180038e-08 -4.413583e-07 2.336026e-05 -5.635866e-04 -3.339724e-05 3.987126e-05
 8988.800000 -2.936775e-05 -4.102933e-07 -7.031234e-08 -4.421375e-07 3.289076e-05 -5.539599e-04 -4.996278e-05 4.091674e-05
 8989.000000 -2.935873e-05 -4.093371e-07 -6.816940e-08 -4.444175e-07 3.641872e-05 -5.567592e-04 -4.461406e-05 4.681727e-05
 8989.200000 -2.941511e-05 -4.077110e-07 -6.610992e-08 -4.476875e-07 2.886367e-05 -5.684049e-04 -4.692633e-05 3.772977e-05
 8989.400000 -2.944860e-05 -4.064393e-07 -6.386235e-08 -4.505980e-07 2.269139e-05 -5.717772e-04 -3.867504e-05 3.997427e-05
 8989.600000 -2.944670e-05 -4.039994e-07 -6.148115e-08 -4.534577e-07 2.423072e-05 -5.722376e-04 -3.678012e-05 3.668471e-05
 8989.800000 -2.943215e-05 -4.058376e-07 -5.960449e-08 -4.554876e-07 2.007093e-05 -5.834603e-04 -4.143361e-05 2.828554e-05
 8990.000000 -2.936823e-05 -4.061058e-07 -5.770769e-08 -4.569585e-07 2.322842e-05 -5.879279e-04 -4.421761e-05 2.917681e-05
 8990.200000 -2.932722e-05 -4.082100e-07 -5.656386e-08 -4.588883e-07 2.612040e-05 -5.902346e-04 -5.070165e-05 3.584633e-05
 8990.400000 -2.926386e-05 -4.093853e-07 -5.531621e-08 -4.602495e-07 2.773859e-05 -5.978745e-04 -4.354392e-05 3.845414e-05
 8990.600000 -2.936385e-05 -4.053172e-07 -5.341577e-08 -4.652665e-07 3.504062e-05 -5.976436e-04 -4.272685e-05 4.033886e-05
 8990.800000 -2.940092e-05 -4.035622e-07 -5.156734e-08 -4.692519e-07 3.200966e-05 -5.896994e-04 -4.275481e-05 4.323417e-05
 8991.000000 -2.940423e-05 -4.026910e-07 -4.995150e-08 -4.723677e-07 2.241421e-05 -5.850420e-04 -4.201503e-05 3.047134e-05
 8991.200000 -2.939502e-05 -4.032538e-07 -4.821410e-08 -4.752326e-07 1.954794e-05 -5.788929e-04 -5.236982e-05 2.629080e-05
 8991.400000 -2.937100e-05 -4.021049e-07 -4.708657e-08 -4.773702e-07 1.789089e-05 -5.670176e-04 -4.351391e-05 4.301674e-05
 8991.600000 -2.933681e-05 -4.039385e-07 -4.631240e-08 -4.790608e-07 2.280925e-05 -5.706114e-04 -3.632452e-05 3.681225e-05
 8991.800000 -2.930822e-05 -4.035825e-07 -4.555077e-08 -4.809945e-07 1.646138e-05 -5.657948e-04 -2.406198e-05 3.459325e-05
 8992.000000 -2.933797e-05 -4.027505e-07 -4.471420e-08 -4.834713e-07 2.612412e-05 -5.674844e-04 -2.016991e-05 4.134906e-05
 8992.200000 -2.933217e-05 -4.022682e-07 -4.371967e-08 -4.854981e-07 3.164770e-05 -5.711981e-04 -1.602263e-05 4.786051e-05
 8992.400000 -2.930209e-05 -4.025126e-07 -4.283429e-08 -4.867472e-07 2.407065e-05 -5.677823e-04 -3.789061e-05 4.320226e-05
 8992.600000 -2.930727e-05 -4.024929e-07 -4.204717e-08 -4.881432e-07 2.615365e-05 -6.055265e-04 -3.301364e-05 3.710185e-05
 8992.800000 -2.929229e-05 -4.008085e-07 -4.161652e-08 -4.890989e-07 2.739232e-05 -5.955354e-04 -3.144356e-05 4.528725e-05
 8993.000000 -2.928674e-05 -4.019319e-07 -4.182484e-08 -4.896541e-07 2.605474e-05 -6.036172e-04 -3.244701e-05 4.378772e-05
 8993.200000 -2.929988e-05 -4.008354e-07 -4.187090e-08 -4.912762e-07 3.144004e-05 -6.007529e-04 -4.145165e-05 3.806248e-05
 8993.400000 -2.929837e-05 -4.010497e-07 -4.203019e-08 -4.922156e-07 2.992248e-05 -5.874076e-04 -3.337161e-05 4.052360e-05
 8993.600000 -2.928322e-05 -4.010718e-07 -4.202232e-08 -4.927674e-07 2.882646e-05 -6.046336e-04 -3.500312e-05 2.857027e-05
 8993.800000 -2.926583e-05 -4.001912e-07 -4.193389e-08 -4.934085e-07 3.538488e-05 -6.012738e-04 -3.507286e-05 3.456486e-05
 8994.000000 -2.925456e-05 -4.018717e-07 -4.231698e-08 -4.937163e-07 2.924565e-05 -6.089363e-04 -4.644897e-05 3.748678e-05
 8994.200000 -2.922803e-05 -4.003835e-07 -4.267149e-08 -4.940648e-07 3.686538e-05 -6.130922e-04 -3.825603e-05 4.577246e-05
 8994.400000 -2.916503e-05 -4.041814e-07 -4.368856e-08 -4.933381e-07 4.146787e-05 -6.215936e-04 -3.649836e-05 4.608318e-05
 8994.600000 -2.922211e-05 -4.019209e-07 -4.377846e-08 -4.955332e-07 4.398892e-05 -6.202873e-04 -1.942583e-05 4.122166e-05
 8994.800000 -2.924198e-05 -4.003481e-07 -4.411466e-08 -4.967265e-07 3.847965e-05 -5.981653e-04 -3.622412e-05 3.615705e-05
 8995.000000 -2.924950e-05 -4.011248e-07 -4.466710e-08 -4.975717e-07 3.297452e-05 -6.143685e-04 -4.909080e-05 3.258470e-05
 8995.200000 -2.921582e-05 -3.991488e-07 -4.463790e-08 -4.976369e-07 2.900874e-05 -6.118489e-04 -3.357909e-05 4.554692e-05
 8995.400000 -2.921097e-05 -4.006803e-07 -4.533157e-08 -4.975752e-07 3.355411e-05 -5.735248e-04 -4.601377e-05 4.679351e-05
 8995.600000 -2.919744e-05 -4.007478e-07 -4.607913e-08 -4.976074e-07 2.655134e-05 -5.364629e-04 -4.983003e-05 3.694955e-05
 8995.800000 -2.915635e-05 -4.013397e-07 -4.642733e-08 -4.967074e-07 2.658123e-05 -5.370132e-04 -4.793621e-05 4.244511e-05
 8996.000000 -2.913937e-05 -4.018054e-07 -4.683654e-08 -4.964628e-07 2.437636e-05 -5.277602e-04 -4.662937e-05 4.931373e-05
 8996.200000 -2.913522e-05 -4.008836e-07 -4.715165e-08 -4.963713e-07 2.841060e-05 -5.409976e-04 -5.518214e-05 4.444835e-05
 8996.400000 -2.919682e-05 -4.003612e-07 -4.759800e-08 -4.970338e-07 3.732094e-05 -5.675860e-04 -5.036447e-05 4.202251e-05
 8996.600000 -2.919412e-05 -3.985067e-07 -4.760722e-08 -4.968145e-07 3.685269e-05 -5.939870e-04 -5.017116e-05 3.139709e-05
 8996.800000 -2.918000e-05 -4.001106e-07 -4.845245e-08 -4.954306e-07 3.135505e-05 -5.771126e-04 -5.183074e-05 2.836328e-05
 8997.000000 -2.917835e-05 -4.000535e-07 -4.889299e-08 -4.946550e-07 3.300137e-05 -5.706923e-04 -2.684076e-05 4.512721e-05
 8997.200000 -2.917453e-05 -3.989556e-07 -4.910400e-08 -4.936202e-07 2.257746e-05 -5.801219e-04 -3.461888e-05 3.615906e-05
 8997.400000 -2.914727e-05 -4.005266e-07 -4.932519e-08 -4.921851e-07 2.073564e-05 -5.539493e-04 -2.973217e-05 3.193042e-05
 8997.600000 -2.912610e-05 -4.011389e-07 -4.930475e-08 -4.909765e-07 2.399961e-05 -5.586152e-04 -3.749270e-05 4.076100e-05
 8997.800000 -2.911914e-05 -4.009978e-07 -4.945696e-08 -4.897676e-07 2.857165e-05 -5.634988e-04 -4.450735e-05 3.794888e-05
 8998.000000 -2.913993e-05 -4.008774e-07 -4.966798e-08 -4.890700e-07 2.968260e-05 -5.598410e-04 -3.578479e-05 3.625359e-05
 8998.200000 -2.914177e-05 -3.990231e-07 -4.969488e-08 -4.882508e-07 3.519098e-05 -5.689470e-04 -3.231088e-05 3.972064e-05
 8998.400000 -2.914445e-05 -3.994101e-07 -4.987312e-08 -4.875629e-07 3.996436e-05 -5.589612e-04 -3.430620e-05 4.181140e-05
 8998.600000 -2.910454e-05 -4.003684e-07 -4.970502e-08 -4.858189e-07 3.650897e-05 -5.632030e-04 -3.245582e-05 3.713910e-05
 8998.800000 -2.912513e-05 -4.003112e-07 -4.938566e-08 -4.850623e-07 3.267633e-05 -5.480770e-04 -3.913964e-05 3.703240e-05
 8999.000000 -2.912559e-05 -4.009152e-07 -4.897071e-08 -4.842037e-07 3.207873e-05 -5.476219e-04 -2.613055e-05 3.602569e-05
 8999.200000 -2.913024e-05 -3.996257e-07 -4.796602e-08 -4.838362e-07 3.130946e-05 -5.506037e-04 -3.344601e-05 3.939702e-05
 8999.400000 -2.910260e-05 -4.020636e-07 -4.765310e-08 -4.819245e-07 2.544803e-05 -5.462896e-04 -3.665105e-05 4.151630e-05
 8999.600000 -2.905377e-05 -4.018280e-07 -4.710202e-08 -4.803518e-07 2.066142e-05 -5.767442e-04 -4.258402e-05 3.951188e-05
 8999.800000 -2.911357e-05 -3.997324e-07 -4.625758e-08 -4.807298e-07 2.476342e-05 -5.615330e-04 -3.736241e-05 4.666461e-05
 9000.000000 -2.910278e-05 -3.999259e-07 -4.585494e-08 -4.797435e-07 2.356566e-05 -5.500610e-04 -3.063882e-05 3.920136e-05
 9000.200000 -2.907641e-05 -4.002045e-07 -4.536323e-08 -4.781266e-07 2.612952e-05 -5.465265e-04 -3.333820e-05 4.140454e-05
 9000.400000 -2.898443e-05 -4.028361e-07 -4.493411e-08 -4.755720e-07 1.717751e-05 -5.469562e-04 -3.372381e-05 4.159631e-05
 9000.600000 -2.893639e-05 -4.031658e-07 -4.415767e-08 -4.741496e-07 9.894996e-06 -5.541942e-04 -3.716192e-05 2.950058e-05
 9000.800000 -2.892770e-05 -4.036602e-07 -4.368191e-08 -4.736762e-07 1.310535e-05 -5.641488e-04 -3.394587e-05 2.636905e-05
 9001.000000 -2.898943e-05 -3.998797e-07 -4.296002e-08 -4.747405e-07 1.114880e-05 -5.502970e-04 -1.661294e-05 3.127678e-05
 9001.200000 -2.894046e-05 -3.982853e-07 -4.207851e-08 -4.740679e-07 1.724034e-05 -5.404811e-04 -2.636968e-05 3.483940e-05
 9001.400000 -2.880879e-05 -3.983597e-07 -4.143871e-08 -4.713316e-07 1.852104e-05 -5.653521e-04 -4.110890e-05 3.836196e-05
 9001.600000 -2.860853e-05 -3.946815e-07 -4.067188e-08 -4.676751e-07 1.728963e-05 -5.617496e-04 -3.358983e-05 3.547693e-05
 9001.800000 -2.844223e-05 -3.935885e-07 -4.028038e-08 -4.649433e-07 1.487420e-05 -5.464336e-04 -3.568789e-05 4.673126e-05
 9002.000000 -2.840236e-05 -3.904699e-07 -3.965428e-08 -4.640627e-07 1.567725e-05 -5.046556e-04 -3.723741e-05 4.041555e-05
 9002.200000 -2.848226e-05 -3.924479e-07 -3.997011e-08 -4.651616e-07 1.635154e-05 -5.213783e-04 -2.201174e-05 4.328141e-05
 9002.400000 -2.857640e-05 -3.931781e-07 -4.009177e-08 -4.662674e-07 2.831840e-05 -5.537856e-04 -2.776318e-05 4.477237e-05
 9002.600000 -2.868802e-05 -3.954380e-07 -4.031620e-08 -4.680378e-07 2.800064e-05 -5.564455e-04 -5.379246e-05 3.403444e-05
 9002.800000 -2.884569e-05 -3.988315e-07 -4.081558e-08 -4.702054e-07 2.889706e-05 -5.496340e-04 -3.030024e-05 4.332845e-05
 9003.000000 -2.899071e-05 -3.990701e-07 -4.096036e-08 -4.727686e-07 2.667531e-05 -5.549569e-04 -3.440404e-05 4.447349e-05
 9003.200000 -2.905944e-05 -4.018907e-07 -4.160604e-08 -4.736167e-07 1.792072e-05 -5.379344e-04 -6.113538e-05 4.338227e-05
 9003.400000 -2.906038e-05 -4.007935e-07 -4.187623e-08 -4.736858e-07 1.966181e-05 -5.410965e-04 -4.537290e-05 4.916401e-05
 9003.600000 -2.905485e-05 -4.027363e-07 -4.266004e-08 -4.732575e-07 1.465947e-05 -5.273600e-04 -4.635236e-05 4.709214e-05
 9003.800000 -2.901548e-05 -4.038287e-07 -4.302062e-08 -4.725520e-07 1.322627e-05 -5.352618e-04 -5.547516e-05 5.561111e-05
 9004.000000 -2.895028e-05 -4.049030e-07 -4.338390e-08 -4.715055e-07 6.465361e-06 -5.510253e-04 -5.689884e-05 5.525835e-05
 9004.200000 -2.900697e-05 -4.035516e-07 -4.357116e-08 -4.729758e-07 1.456668e-05 -5.589905e-04 -5.310891e-05 5.376847e-05
 9004.400000 -2.905245e-05 -3.993240e-07 -4.357557e-08 -4.746524e-07 2.329622e-05 -5.754975e-04 -4.828139e-05 4.803513e-05
 9004.600000 -2.905667e-05 -4.015577e-07 -4.423051e-08 -4.745552e-07 2.594567e-05 -5.544915e-04 -4.478357e-05 5.154190e-05
 9004.800000 -2.906009e-05 -3.992505e-07 -4.462469e-08 -4.747326e-07 2.860334e-05 -5.303210e-04 -4.112063e-05 4.903307e-05
 9005.000000 -2.903357e-05 -4.003912e-07 -4.550861e-08 -4.742418e-07 3.469687e-05 -5.173927e-04 -4.961015e-05 4.296619e-05
 9005.200000 -2.903839e-05 -4.003385e-07 -4.582638e-08 -4.743866e-07 2.357704e-05 -5.429965e-04 -3.323068e-05 4.226725e-05
 9005.400000 -2.901948e-05 -4.000567e-07 -4.630724e-08 -4.744723e-07 1.672279e-05 -5.580674e-04 -4.159867e-05 4.086403e-05
 9005.600000 -2.903108e-05 -4.008056e-07 -4.654516e-08 -4.747741e-07 1.452251e-05 -5.587406e-04 -5.005499e-05 4.723458e-05
 9005.800000 -2.901514e-05 -3.993248e-07 -4.649629e-08 -4.750339e-07 2.177045e-05 -5.516588e-04 -5.314732e-05 4.042875e-05
 9006.000000 -2.901524e-05 -4.007217e-07 -4.704910e-08 -4.748455e-07 1.681086e-05 -5.328197e-04 -5.577393e-05 3.840533e-05
 9006.200000 -2.900987e-05 -3.996553e-07 -4.743102e-08 -4.750471e-07 1.003542e-05 -5.174636e-04 -5.108847e-05 3.810610e-05
 9006.400000 -2.898948e-05 -4.013138e-07 -4.815881e-08 -4.744928e-07 1.050420e-05 -5.071111e-04 -5.634835e-05 3.787493e-05
 9006.600000 -2.894932e-05 -4.021726e-07 -4.888382e-08 -4.737795e-07 1.000615e-05 -5.288106e-04 -6.325851e-05 3.215328e-05
 9006.800000 -2.886396e-05 -4.041637e-07 -4.956431e-08 -4.722870e-07 2.255208e-05 -5.320541e-04 -5.269960e-05 3.973456e-05
 9007.000000 -2.885256e-05 -4.056829e-07 -5.018498e-08 -4.721319e-07 2.614081e-05 -5.412133e-04 -5.557500e-05 4.956374e-05
 9007.200000 -2.884844e-05 -4.050632e-07 -5.039566e-08 -4.725817e-07 1.914203e-05 -5.536373e-04 -6.834198e-05 3.543746e-05
 9007.400000 -2.876711e-05 -4.075728e-07 -5.078418e-08 -4.707461e-07 1.817209e-05 -5.547640e-04 -5.605032e-05 3.586373e-05
 9007.600000 -2.868389e-05 -4.094823e-07 -5.136984e-08 -4.690392e-07 1.547032e-05 -5.389376e-04 -5.284922e-05 4.902293e-05
 9007.800000 -2.867473e-05 -4.100242e-07 -5.178139e-08 -4.693652e-07 1.421546e-05 -5.510940e-04 -6.277956e-05 5.527620e-05
 9008.000000 -2.875221e-05 -4.077550e-07 -5.175498e-08 -4.714088e-07 1.637201e-05 -5.393536e-04 -6.709043e-05 4.802921e-05
 9008.200000 -2.883766e-05 -4.056424e-07 -5.177462e-08 -4.735178e-07 1.875701e-05 -5.493653e-04 -7.121242e-05 4.106608e-05
 9008.400000 -2.884511e-05 -4.042899e-07 -5.183797e-08 -4.743941e-07 2.459080e-05 -5.461415e-04 -6.347862e-05 4.697316e-05
 9008.600000 -2.887255e-05 -4.023131e-07 -5.186913e-08 -4.751561e-07 2.291420e-05 -5.478338e-04 -7.261928e-05 3.947820e-05
 9008.800000 -2.891096e-05 -4.023018e-07 -5.202854e-08 -4.763092e-07 2.153949e-05 -5.299358e-04 -5.563930e-05 4.816474e-05
 9009.000000 -2.893311e-05 -4.006749e-07 -5.223443e-08 -4.769642e-07 1.833717e-05 -5.333477e-04 -6.824215e-05 4.912608e-05
 9009.227860 -2.887883e-05 -4.021765e-07 -5.277926e-08 -4.759287e-07 2.375055e-05 -5.539635e-04 -7.202866e-05 3.552869e-05
 9009.483581 -2.886753e-05 -4.020720e-07 -5.308361e-08 -4.760289e-07 3.325301e-05 -5.736199e-04 -5.454595e-05 4.275689e-05
 9009.767162 -2.885486e-05 -4.025029e-07 -5.358900e-08 -4.759597e-07 3.310188e-05 -5.623719e-04 -5.152510e-05 4.575110e-05
 9010.078604 -2.883219e-05 -4.013196e-07 -5.361443e-08 -4.760717e-07 2.726118e-05 -5.556493e-04 -4.873733e-05 4.688859e-05
 9010.417905 -2.883352e-05 -3.997083e-07 -5.367686e-08 -4.766867e-07 2.605390e-05 -5.220969e-04 -5.629318e-05 4.707653e-05
 9010.785067 -2.877942e-05 -3.978908e-07 -5.353378e-08 -4.762820e-07 2.560730e-05 -5.295999e-04 -5.846132e-05 4.390828e-05
 9011.180090 -2.867552e-05 -3.968402e-07 -5.338413e-08 -4.745325e-07 2.523673e-05 -5.245237e-04 -5.904584e-05 4.557645e-05
 9011.602973 -2.859965e-05 -3.959003e-07 -5.298312e-08 -4.733320e-07 2.564251e-05 -5.104343e-04 -6.150932e-05 4.400445e-05
 9012.053716 -2.857924e-05 -3.969904e-07 -5.297657e-08 -4.724362e-07 1.650843e-05 -5.320410e-04 -6.347623e-05 4.455811e-05
 9012.532319 -2.852527e-05 -4.013454e-07 -5.317317e-08 -4.708481e-07 1.206693e-05 -5.274649e-04 -6.068642e-05 4.462206e-05
 9013.038783 -2.862786e-05 -3.999963e-07 -5.280748e-08 -4.728382e-07 1.855841e-05 -5.313562e-04 -6.095734e-05 4.744024e-05
 9013.573107 -2.872742e-05 -3.981162e-07 -5.260909e-08 -4.749585e-07 1.016816e-05 -5.404679e-04 -4.470265e-05 5.126647e-05
 9014.135292 -2.882049e-05 -3.986984e-07 -5.208665e-08 -4.767360e-07 1.331974e-05 -5.534044e-04 -5.146253e-05 4.949323e-05
 9014.725337 -2.891636e-05 -4.008269e-07 -5.167395e-08 -4.777376e-07 2.096932e-05 -5.364434e-04 -5.154975e-05 4.975101e-05
 9015.343242 -2.895627e-05 -4.009409e-07 -5.122735e-08 -4.779173e-07 2.472346e-05 -5.196657e-04 -4.204035e-05 4.138290e-05
 9015.989008 -2.893733e-05 -4.014665e-07 -5.047806e-08 -4.768353e-07 1.699915e-05 -5.325767e-04 -4.391147e-05 5.134905e-05
 9016.662634 -2.889074e-05 -4.018536e-07 -4.938032e-08 -4.750189e-07 1.772471e-05 -5.136670e-04 -5.193325e-05 4.530707e-05
 9017.364120 -2.889310e-05 -4.011156e-07 -4.854517e-08 -4.739404e-07 1.547375e-05 -5.153379e-04 -5.273866e-05 3.944840e-05
 9018.093467 -2.883831e-05 -4.028041e-07 -4.779048e-08 -4.717029e-07 1.550065e-05 -5.229117e-04 -2.949896e-05 3.544361e-05
 9018.850674 -2.886404e-05 -4.015270e-07 -4.636788e-08 -4.712674e-07 1.074630e-05 -5.204758e-04 -3.049152e-05 4.180574e-05
 9019.635741 -2.885953e-05 -4.010296e-07 -4.534568e-08 -4.700676e-07 2.400545e-05 -5.192616e-04 -3.943991e-05 4.985991e-05
 9020.448669 -2.880611e-05 -4.020475e-07 -4.435973e-08 -4.681348e-07 3.123479e-05 -5.069452e-04 -3.962616e-05 5.193975e-05
 9021.289457 -2.878268e-05 -4.014824e-07 -4.333028e-08 -4.673036e-07 2.219015e-05 -5.225176e-04 -2.960958e-05 4.219166e-05
 9022.158106 -2.879673e-05 -4.001997e-07 -4.216915e-08 -4.672919e-07 1.783869e-05 -5.377565e-04 -2.686185e-05 3.572685e-05
 9023.054614 -2.877959e-05 -4.000874e-07 -4.145022e-08 -4.666668e-07 1.797820e-05 -5.487945e-04 -2.298185e-05 4.386615e-05
 9023.978983 -2.870575e-05 -4.015595e-07 -4.136595e-08 -4.649062e-07 1.738897e-05 -5.378459e-04 -2.930735e-05 4.626552e-05
 9024.931213 -2.864362e-05 -4.025966e-07 -4.146996e-08 -4.635325e-07 2.189684e-05 -5.500173e-04 -3.108422e-05 4.162101e-05
 9025.911303 -2.871288e-05 -3.994917e-07 -4.139413e-08 -4.653172e-07 2.165080e-05 -5.712070e-04 -3.146784e-05 5.019721e-05
 9026.919253 -2.868464e-05 -4.004792e-07 -4.174133e-08 -4.648470e-07 3.061894e-05 -5.561571e-04 -3.279307e-05 3.992236e-05
 9027.955064 -2.862386e-05 -4.017906e-07 -4.293626e-08 -4.637675e-07 3.303170e-05 -5.412104e-04 -3.900767e-05 4.617531e-05
 9029.018734 -2.864052e-05 -3.999890e-07 -4.405167e-08 -4.647264e-07 3.444108e-05 -5.656055e-04 -3.649686e-05 5.613990e-05
 9030.110266 -2.861018e-05 -3.999203e-07 -4.570494e-08 -4.649678e-07 2.694816e-05 -5.552994e-04 -3.799292e-05 5.868745e-05
 9031.232723 -2.859527e-05 -3.995310e-07 -4.719046e-08 -4.656360e-07 2.407432e-05 -5.572355e-04 -4.087102e-05 5.028587e-05
 9032.367373 -2.856500e-05 -3.997183e-07 -4.826283e-08 -4.661831e-07 2.497287e-05 -5.446952e-04 -4.004540e-05 4.697914e-05
 9033.514214 -2.855729e-05 -3.990007e-07 -4.912535e-08 -4.674215e-07 3.107346e-05 -5.463001e-04 -3.798912e-05 6.044923e-05
 9034.673248 -2.852299e-05 -3.991288e-07 -4.964178e-08 -4.682699e-07 2.586436e-05 -5.401323e-04 -2.907567e-05 5.732096e-05
 9035.844473 -2.850220e-05 -3.985063e-07 -4.956799e-08 -4.697219e-07 2.258291e-05 -5.178312e-04 -2.976989e-05 5.689805e-05
 9037.027890 -2.844402e-05 -3.992706e-07 -4.962083e-08 -4.702556e-07 1.818257e-05 -5.343382e-04 -2.807374e-05 5.215390e-05
 9038.223499 -2.846329e-05 -3.971454e-07 -4.917545e-08 -4.723026e-07 2.403614e-05 -5.557608e-04 -3.685460e-05 5.646668e-05
 9039.431300 -2.845359e-05 -3.965828e-07 -4.866412e-08 -4.737555e-07 1.810973e-05 -5.342351e-04 -4.202801e-05 5.950168e-05
 9040.651293 -2.842234e-05 -3.965500e-07 -4.846920e-08 -4.748610e-07 1.719597e-05 -5.229610e-04 -3.560479e-05 4.776758e-05
 9041.883478 -2.839503e-05 -3.959322e-07 -4.818909e-08 -4.763097e-07 1.743021e-05 -5.371207e-04 -4.969032e-05 4.034450e-05
 9043.127855 -2.833774e-05 -3.968287e-07 -4.805579e-08 -4.767146e-07 2.215427e-05 -5.283635e-04 -4.122312e-05 4.060959e-05
 9044.384423 -2.827959e-05 -3.968629e-07 -4.811024e-08 -4.771124e-07 1.759554e-05 -5.500566e-04 -4.085890e-05 3.761506e-05
 9045.653184 -2.823517e-05 -3.967219e-07 -4.814925e-08 -4.775838e-07 2.276815e-05 -5.655452e-04 -3.988713e-05 3.698436e-05
 9046.934136 -2.824414e-05 -3.951548e-07 -4.777260e-08 -4.787977e-07 2.843307e-05 -5.598566e-04 -3.440099e-05 5.091606e-05
 9048.227280 -2.825079e-05 -3.945798e-07 -4.742434e-08 -4.795811e-07 2.504314e-05 -5.466981e-04 -4.177337e-05 4.740612e-05
 9049.532617 -2.816842e-05 -3.968505e-07 -4.726174e-08 -4.781627e-07 2.204729e-05 -5.371930e-04 -4.885972e-05 4.690900e-05
 9050.850145 -2.816121e-05 -3.964519e-07 -4.679462e-08 -4.785345e-07 2.051300e-05 -5.131575e-04 -4.682823e-05 4.425355e-05
 9052.179865 -2.817505e-05 -3.944137e-07 -4.635544e-08 -4.796804e-07 1.031067e-05 -5.235325e-04 -4.190961e-05 4.644364e-05
 9053.521777 -2.817401e-05 -3.939308e-07 -4.622964e-08 -4.800629e-07 2.157279e-06 -5.349549e-04 -5.046128e-05 4.237545e-05
 9054.875881 -2.815627e-05 -3.939454e-07 -4.602648e-08 -4.800461e-07 2.376049e-05 -5.348039e-04 -4.731538e-05 4.171529e-05
 9056.242177 -2.813396e-05 -3.942137e-07 -4.549192e-08 -4.799355e-07 3.186197e-05 -5.147287e-04 -4.495117e-05 4.019605e-05
 9057.620664 -2.810951e-05 -3.951922e-07 -4.495018e-08 -4.797403e-07 3.300840e-05 -5.129182e-04 -4.739685e-05 5.052814e-05
 9059.011344 -2.798394e-05 -3.927257e-07 -4.409124e-08 -4.782607e-07 3.085148e-05 -5.194314e-04 -4.663487e-05 4.970541e-05
 9060.414215 -2.788414e-05 -3.911056e-07 -4.342276e-08 -4.767838e-07 2.887374e-05 -5.398657e-04 -4.981051e-05 4.740607e-05
 9061.829279 -2.796175e-05 -3.933934e-07 -4.342328e-08 -4.781446e-07 2.173674e-05 -5.504784e-04 -5.059036e-05 4.765461e-05
 9063.256534 -2.799488e-05 -3.952184e-07 -4.325876e-08 -4.789169e-07 2.575913e-05 -5.462840e-04 -3.542656e-05 4.908343e-05
 9064.695981 -2.798368e-05 -3.952047e-07 -4.285855e-08 -4.789700e-07 2.342374e-05 -5.530865e-04 -3.680658e-05 5.155823e-05
 9066.147620 -2.793437e-05 -3.958993e-07 -4.224319e-08 -4.785735e-07 1.437226e-05 -5.558453e-04 -3.189278e-05 4.885961e-05
 9067.611452 -2.794663e-05 -3.941991e-07 -4.141396e-08 -4.794986e-07 1.591344e-05 -5.519919e-04 -2.663552e-05 5.421337e-05
 9069.087475 -2.795246e-05 -3.932414e-07 -4.079075e-08 -4.801373e-07 3.359048e-05 -5.606615e-04 -3.117335e-05 4.234272e-05
 9070.575689 -2.789773e-05 -3.948225e-07 -4.054027e-08 -4.796658e-07 3.703457e-05 -5.510923e-04 -4.281507e-05 3.627903e-05
 9072.076096 -2.781896e-05 -3.967887e-07 -4.066352e-08 -4.786801e-07 3.545927e-05 -5.688196e-04 -4.233337e-05 3.594899e-05
 9073.588695 -2.774006e-05 -3.976371e-07 -4.075962e-08 -4.776925e-07 2.289845e-05 -5.784937e-04 -4.167362e-05 4.945609e-05
 9075.113485 -2.780299e-05 -3.949869e-07 -4.110416e-08 -4.800882e-07 2.286283e-05 -5.720303e-04 -4.220608e-05 5.216687e-05
 9076.650468 -2.782898e-05 -3.930090e-07 -4.197125e-08 -4.808322e-07 2.801814e-05 -5.588726e-04 -3.733163e-05 4.967521e-05
 9078.199642 -2.778631e-05 -3.930376e-07 -4.335675e-08 -4.808424e-07 4.414373e-05 -5.598248e-04 -3.394037e-05 3.873217e-05
 9079.761009 -2.778572e-05 -3.935220e-07 -4.462472e-08 -4.816161e-07 4.038169e-05 -5.517668e-04 -4.153755e-05 3.725008e-05
 9081.334567 -2.775321e-05 -3.928765e-07 -4.537490e-08 -4.815872e-07 2.808469e-05 -5.397173e-04 -3.602528e-05 4.474952e-05
 9082.920317 -2.767217e-05 -3.910158e-07 -4.594071e-08 -4.804725e-07 2.484528e-05 -5.402530e-04 -3.527885e-05 4.226599e-05
 9084.518259 -2.763985e-05 -3.918492e-07 -4.691375e-08 -4.799056e-07 3.082294e-05 -5.397341e-04 -5.146403e-05 2.697443e-05
 9086.128393 -2.762718e-05 -3.926780e-07 -4.779384e-08 -4.797391e-07 3.347153e-05 -5.382693e-04 -4.613003e-05 3.554739e-05
 9087.750719 -2.765042e-05 -3.931115e-07 -4.834382e-08 -4.805105e-07 3.305725e-05 -5.529121e-04 -3.993735e-05 4.207665e-05
 9089.385237 -2.768486e-05 -3.941249e-07 -4.879098e-08 -4.809849e-07 3.413139e-05 -5.576221e-04 -3.684452e-05 4.581948e-05
 9091.031946 -2.765152e-05 -3.939779e-07 -4.931309e-08 -4.803966e-07 3.732995e-05 -5.358158e-04 -5.569125e-05 4.715960e-05
 9092.690848 -2.764811e-05 -3.943439e-07 -5.024429e-08 -4.804805e-07 3.944767e-05 -5.064633e-04 -4.265131e-05 4.784448e-05
 9094.361942 -2.762399e-05 -3.933393e-07 -5.119761e-08 -4.801678e-07 4.374055e-05 -5.173232e-04 -4.566413e-05 4.809050e-05
 9096.045227 -2.758858e-05 -3.936195e-07 -5.201612e-08 -4.796176e-07 3.928388e-05 -5.236634e-04 -4.474951e-05 4.347718e-05
 9097.740704 -2.757545e-05 -3.955310e-07 -5.264342e-08 -4.794443e-07 3.561668e-05 -5.369094e-04 -4.997780e-05 4.123986e-05
 9099.448374 -2.757421e-05 -3.938333e-07 -5.210730e-08 -4.799840e-07 3.026402e-05 -5.455400e-04 -6.021983e-05 3.227319e-05
 9101.168235 -2.757853e-05 -3.944099e-07 -5.164581e-08 -4.800426e-07 2.598078e-05 -5.371903e-04 -5.452151e-05 3.567435e-05
 9102.900288 -2.753910e-05 -3.960344e-07 -5.110819e-08 -4.797950e-07 3.198041e-05 -5.435943e-04 -4.105761e-05 5.286028e-05
 9104.644533 -2.752718e-05 -3.960236e-07 -5.026545e-08 -4.801692e-07 3.330618e-05 -5.611495e-04 -4.446490e-05 5.036045e-05
 9106.400970 -2.755215e-05 -3.956313e-07 -4.930326e-08 -4.811308e-07 2.887690e-05 -5.404346e-04 -3.901919e-05 4.924831e-05
 9108.169598 -2.752714e-05 -3.955224e-07 -4.838189e-08 -4.814004e-07 3.012135e-05 -5.124153e-04 -3.907352e-05 4.338251e-05
 9109.950419 -2.752740e-05 -3.956080e-07 -4.782351e-08 -4.823749e-07 2.781076e-05 -5.005823e-04 -4.039633e-05 3.675746e-05
 9111.743432 -2.745319e-05 -3.982536e-07 -4.771637e-08 -4.815759e-07 3.123162e-05 -4.945870e-04 -4.733903e-05 4.107724e-05
 9113.548636 -2.739552e-05 -4.003633e-07 -4.776365e-08 -4.815548e-07 3.028193e-05 -5.131038e-04 -3.876538e-05 4.537852e-05
 9115.366032 -2.743002e-05 -3.982462e-07 -4.726478e-08 -4.832763e-07 3.547584e-05 -5.104309e-04 -4.358955e-05 4.527915e-05
 9117.195621 -2.746051e-05 -3.970554e-07 -4.697669e-08 -4.847740e-07 3.736009e-05 -5.261806e-04 -4.699385e-05 4.198446e-05
 9119.037401 -2.746122e-05 -3.978490e-07 -4.703033e-08 -4.851369e-07 2.917933e-05 -5.178953e-04 -4.559911e-05 4.442334e-05
 9120.891373 -2.744650e-05 -3.961124e-07 -4.651856e-08 -4.856224e-07 3.233756e-05 -5.329806e-04 -4.070588e-05 5.179135e-05
 9122.757537 -2.742817e-05 -3.973096e-07 -4.589171e-08 -4.858613e-07 3.863361e-05 -5.300615e-04 -3.124685e-05 6.310768e-05
 9124.635893 -2.742589e-05 -3.972002e-07 -4.460963e-08 -4.870296e-07 4.063384e-05 -5.323939e-04 -3.356250e-05 5.269453e-05
 9126.526441 -2.745314e-05 -3.964611e-07 -4.279730e-08 -4.886149e-07 3.487598e-05 -5.344791e-04 -4.756018e-05 4.695137e-05
 9128.429181 -2.741581e-05 -3.964710e-07 -4.150944e-08 -4.886951e-07 3.156595e-05 -5.401712e-04 -4.054492e-05 5.087609e-05
 9130.344112 -2.731078e-05 -3.954870e-07 -4.068852e-08 -4.878345e-07 2.533010e-05 -5.528578e-04 -4.136778e-05 5.283941e-05
 9132.271236 -2.738127e-05 -3.974998e-07 -4.078803e-08 -4.897739e-07 3.461487e-05 -5.371388e-04 -5.057470e-05 5.424967e-05
 9134.210552 -2.739551e-05 -3.969914e-07 -4.102792e-08 -4.906964e-07 3.744616e-05 -5.407213e-04 -5.353746e-05 5.431017e-05
 9136.162059 -2.735028e-05 -3.957909e-07 -4.133331e-08 -4.908427e-07 3.475888e-05 -5.257699e-04 -4.759406e-05 5.179231e-05
 9138.125758 -2.730694e-05 -3.964182e-07 -4.199535e-08 -4.907513e-07 3.598260e-05 -5.317757e-04 -4.629015e-05 5.636311e-05
 9140.101649 -2.729291e-05 -3.987868e-07 -4.322582e-08 -4.911589e-07 3.974849e-05 -5.431541e-04 -4.398959e-05 4.372408e-05
 9142.089733 -2.725981e-05 -4.008421e-07 -4.460042e-08 -4.908743e-07 2.999202e-05 -5.461495e-04 -4.496243e-05 4.620436e-05
 9144.090008 -2.724531e-05 -3.983692e-07 -4.553578e-08 -4.920828e-07 3.759009e-05 -5.506056e-04 -4.317291e-05 5.474177e-05
 9146.102475 -2.720467e-05 -3.998623e-07 -4.710926e-08 -4.915639e-07 4.342604e-05 -5.392845e-04 -3.591030e-05 5.263974e-05
 9148.127133 -2.724352e-05 -3.955395e-07 -4.821941e-08 -4.936271e-07 4.842794e-05 -5.516569e-04 -2.789976e-05 5.632441e-05
 9150.163984 -2.725895e-05 -3.947140e-07 -5.007119e-08 -4.947644e-07 3.649179e-05 -5.408057e-04 -3.394421e-05 6.878763e-05
 9152.213027 -2.722424e-05 -3.934040e-07 -5.167650e-08 -4.950465e-07 3.156567e-05 -5.467921e-04 -2.683357e-05 6.434662e-05
 9154.274261 -2.699679e-05 -3.906358e-07 -5.299972e-08 -4.916758e-07 2.342540e-05 -5.019534e-04 -3.267612e-05 6.314143e-05
 9156.347688 -2.682589e-05 -3.890614e-07 -5.412700e-08 -4.894382e-07 2.367660e-05 -4.994125e-04 -2.955817e-05 5.832189e-05
 9158.433306 -2.723913e-05 -3.967930e-07 -5.567915e-08 -4.965895e-07 3.186774e-05 -5.086304e-04 -2.722515e-05 5.827777e-05
 9160.531117 -2.725250e-05 -3.979286e-07 -5.589701e-08 -4.977095e-07 2.804585e-05 -5.166723e-04 -3.647912e-05 5.413041e-05
 9162.641119 -2.723449e-05 -3.986497e-07 -5.525377e-08 -4.979259e-07 3.974120e-05 -5.269393e-04 -4.229367e-05 4.737136e-05
 9164.763313 -2.721897e-05 -3.995411e-07 -5.406407e-08 -4.979584e-07 3.130615e-05 -5.282704e-04 -3.620732e-05 4.903352e-05
 9166.897699 -2.720486e-05 -3.976345e-07 -5.211441e-08 -4.987364e-07 2.912895e-05 -5.150331e-04 -2.531079e-05 6.064118e-05
 9169.044277 -2.694519e-05 -3.960059e-07 -5.037665e-08 -4.949770e-07 3.060070e-05 -5.140991e-04 -3.798597e-05 5.473233e-05
 9171.203047 -2.689708e-05 -3.971817e-07 -4.955322e-08 -4.939967e-07 2.929575e-05 -5.123823e-04 -3.977625e-05 5.116943e-05
 9173.374008 -2.719151e-05 -3.974266e-07 -4.896999e-08 -5.008483e-07 3.024054e-05 -5.171910e-04 -3.624351e-05 6.379800e-05
 9175.557162 -2.725675e-05 -3.975254e-07 -4.859559e-08 -5.027910e-07 2.941662e-05 -5.283562e-04 -4.865448e-05 6.515671e-05
 9177.752508 -2.727573e-05 -3.973521e-07 -4.816785e-08 -5.036559e-07 2.504672e-05 -5.429329e-04 -3.106356e-05 7.129769e-05
 9179.960045 -2.723657e-05 -4.009678e-07 -4.874374e-08 -5.033438e-07 2.145699e-05 -5.444054e-04 -3.771251e-05 6.681474e-05
 9182.179775 -2.725993e-05 -3.989493e-07 -4.901746e-08 -5.044236e-07 2.416903e-05 -5.368224e-04 -3.610012e-05 6.273557e-05
 9184.411696 -2.726054e-05 -3.998872e-07 -4.950071e-08 -5.051918e-07 3.172792e-05 -5.418851e-04 -3.236034e-05 5.601370e-05
 9186.655809 -2.727914e-05 -3.986865e-07 -4.933408e-08 -5.063956e-07 3.621493e-05 -5.553532e-04 -3.326918e-05 5.557441e-05
 9188.912114 -2.728149e-05 -3.987234e-07 -4.939960e-08 -5.073029e-07 3.995678e-05 -5.538420e-04 -2.845461e-05 6.180732e-05
 9191.180611 -2.728349e-05 -3.998076e-07 -4.937012e-08 -5.080471e-07 3.230934e-05 -5.729111e-04 -3.451179e-05 6.378769e-05
 9193.461300 -2.724502e-05 -3.993972e-07 -4.959442e-08 -5.082271e-07 2.592978e-05 -5.836715e-04 -3.312977e-05 5.421910e-05
 9195.754181 -2.727272e-05 -4.002628e-07 -4.987988e-08 -5.094855e-07 3.294910e-05 -5.670757e-04 -2.205578e-05 5.238410e-05
 9198.059254 -2.732714e-05 -3.974222e-07 -4.959388e-08 -5.112673e-07 2.967293e-05 -5.614645e-04 -2.548276e-05 5.234528e-05
 9200.376518 -2.732685e-05 -3.980800e-07 -4.904005e-08 -5.116313e-07 2.909985e-05 -5.646257e-04 -2.462204e-05 5.166051e-05
 9202.705975 -2.731752e-05 -3.993148e-07 -4.828499e-08 -5.124328e-07 2.800635e-05 -5.634298e-04 -3.007865e-05 5.706161e-05
 9205.047623 -2.732499e-05 -4.008953e-07 -4.759471e-08 -5.132385e-07 2.009847e-05 -5.994477e-04 -3.549081e-05 5.070073e-05
 9207.401464 -2.737673e-05 -3.996395e-07 -4.709397e-08 -5.150983e-07 3.236847e-05 -6.139911e-04 -3.546865e-05 5.797865e-05
 9209.767496 -2.739164e-05 -3.997960e-07 -4.692868e-08 -5.161850e-07 3.584969e-05 -5.949105e-04 -3.412023e-05 5.260461e-05
 9212.145720 -2.737790e-05 -4.030616e-07 -4.735200e-08 -5.161093e-07 4.084259e-05 -5.818005e-04 -3.134538e-05 4.960055e-05
 9214.536136 -2.735220e-05 -4.060304e-07 -4.783660e-08 -5.162974e-07 3.928383e-05 -6.145658e-04 -3.368867e-05 4.036146e-05
 9216.938744 -2.743811e-05 -4.039272e-07 -4.803877e-08 -5.192418e-07 3.796878e-05 -6.256439e-04 -2.241059e-05 4.856070e-05
 9219.353544 -2.744086e-05 -4.049746e-07 -4.887722e-08 -5.200353e-07 3.956811e-05 -6.096632e-04 -2.335803e-05 4.988086e-05
 9221.780536 -2.748004e-05 -4.054263e-07 -4.966795e-08 -5.215715e-07 3.337710e-05 -6.094121e-04 -3.391910e-05 5.001559e-05
 9224.219720 -2.753646e-05 -4.033850e-07 -5.048141e-08 -5.240170e-07 3.281512e-05 -5.992621e-04 -3.271688e-05 4.961296e-05
 9226.671096 -2.753103e-05 -4.030842e-07 -5.152966e-08 -5.247786e-07 3.828687e-05 -6.080660e-04 -2.172075e-05 4.947634e-05
 9229.134663 -2.757024e-05 -4.040951e-07 -5.269491e-08 -5.262078e-07 3.145461e-05 -6.291219e-04 -2.049923e-05 4.805510e-05
 9231.610423 -2.759878e-05 -4.045404e-07 -5.381633e-08 -5.275229e-07 2.669322e-05 -6.172728e-04 -2.012057e-05 5.509043e-05
 9234.098374 -2.763205e-05 -4.053797e-07 -5.469464e-08 -5.291664e-07 2.500274e-05 -6.140293e-04 -1.829135e-05 5.635844e-05
 9236.598517 -2.766710e-05 -4.057161e-07 -5.525191e-08 -5.308970e-07 2.601609e-05 -6.366170e-04 -2.754591e-05 5.701127e-05
 9239.110852 -2.769496e-05 -4.066506e-07 -5.558639e-08 -5.323832e-07 1.699677e-05 -6.035359e-04 -3.131351e-05 6.222232e-05
 9241.635380 -2.772769e-05 -4.063542e-07 -5.565035e-08 -5.340099e-07 1.490016e-05 -6.033470e-04 -3.187913e-05 5.385810e-05
 9244.172099 -2.774667e-05 -4.079597e-07 -5.585109e-08 -5.350555e-07 1.404777e-05 -6.175188e-04 -4.079321e-05 5.467599e-05
 9246.721009 -2.775756e-05 -4.085399e-07 -5.583138e-08 -5.358400e-07 9.180455e-06 -6.179983e-04 -3.652299e-05 5.760698e-05
 9249.282112 -2.773169e-05 -4.106812e-07 -5.607961e-08 -5.359436e-07 2.605729e-06 -6.108541e-04 -4.057723e-05 4.802956e-05
 9251.855407 -2.777240e-05 -4.102441e-07 -5.591218e-08 -5.377492e-07 1.301161e-05 -6.166800e-04 -3.947546e-05 4.434101e-05
 9254.440894 -2.782392e-05 -4.105024e-07 -5.572979e-08 -5.398748e-07 1.249395e-05 -6.259527e-04 -3.803850e-05 4.481800e-05
 9257.038572 -2.788737e-05 -4.095277e-07 -5.550345e-08 -5.421907e-07 1.696158e-05 -6.253967e-04 -2.829370e-05 5.624821e-05
 9259.648443 -2.792410e-05 -4.110474e-07 -5.560076e-08 -5.438631e-07 3.059383e-05 -5.881374e-04 -2.740092e-05 5.259646e-05
 9262.270505 -2.790675e-05 -4.143909e-07 -5.586637e-08 -5.440082e-07 2.081014e-05 -5.473853e-04 -2.700184e-05 4.250842e-05
 9264.904759 -2.790059e-05 -4.159922e-07 -5.554557e-08 -5.448030e-07 2.931998e-05 -5.800585e-04 -2.569353e-05 3.857299e-05
 9267.551205 -2.797339e-05 -4.150327e-07 -5.519235e-08 -5.477057e-07 3.016895e-05 -5.751554e-04 -1.323985e-05 5.180905e-05
 9270.209844 -2.803856e-05 -4.135878e-07 -5.475226e-08 -5.502135e-07 2.083370e-05 -5.636674e-04 -2.321945e-05 5.277797e-05
 9272.880674 -2.805000e-05 -4.139513e-07 -5.460679e-08 -5.511568e-07 2.612392e-05 -5.756480e-04 -2.378291e-05 5.330263e-05
 9275.563696 -2.809179e-05 -4.150901e-07 -5.456616e-08 -5.526237e-07 2.166477e-05 -5.792009e-04 -2.119111e-05 4.909249e-05
 9278.258909 -2.809017e-05 -4.175816e-07 -5.463551e-08 -5.533956e-07 2.712572e-05 -5.915610e-04 -2.707248e-05 4.657619e-05
 9280.966315 -2.813645e-05 -4.167518e-07 -5.466706e-08 -5.554569e-07 2.138961e-05 -5.823303e-04 -4.307768e-05 4.464017e-05
 9283.685913 -2.821069e-05 -4.160397e-07 -5.459959e-08 -5.581581e-07 1.293004e-05 -5.941922e-04 -3.105677e-05 4.613032e-05
 9286.417702 -2.827438e-05 -4.168985e-07 -5.459758e-08 -5.604877e-07 2.289545e-05 -5.979499e-04 -2.375929e-05 5.170917e-05
 9289.161684 -2.820289e-05 -4.171961e-07 -5.452073e-08 -5.602371e-07 1.823438e-05 -5.964257e-04 -1.936208e-05 6.030850e-05
 9291.917857 -2.830411e-05 -4.208735e-07 -5.516168e-08 -5.628999e-07 1.729977e-05 -5.804315e-04 -2.062291e-05 5.480815e-05
 9294.686222 -2.832962e-05 -4.233701e-07 -5.568855e-08 -5.635736e-07 1.904261e-05 -5.691676e-04 -3.022823e-05 5.673223e-05
 9297.466780 -2.828446e-05 -4.243897e-07 -5.599309e-08 -5.632406e-07 2.255565e-05 -5.970258e-04 -3.256234e-05 5.693252e-05
 9300.259529 -2.821444e-05 -4.238272e-07 -5.615287e-08 -5.626382e-07 2.511825e-05 -6.256853e-04 -2.297050e-05 5.926259e-05
 9303.064470 -2.841201e-05 -4.282193e-07 -5.707209e-08 -5.670849e-07 2.451226e-05 -6.310070e-04 -2.949206e-05 5.229307e-05
 9305.881602 -2.852540e-05 -4.259232e-07 -5.725251e-08 -5.708757e-07 2.402264e-05 -6.214075e-04 -2.527132e-05 5.967349e-05
 9308.710927 -2.853359e-05 -4.248755e-07 -5.757383e-08 -5.719813e-07 2.408832e-05 -6.239101e-04 -2.775598e-05 4.843180e-05
 9311.552444 -2.861410e-05 -4.271446e-07 -5.824652e-08 -5.746152e-07 1.943021e-05 -5.993501e-04 -2.112434e-05 3.907386e-05
 9314.406153 -2.869140e-05 -4.279215e-07 -5.850964e-08 -5.770282e-07 2.202613e-05 -6.005205e-04 -2.808713e-05 4.786155e-05
 9317.272053 -2.875872e-05 -4.289414e-07 -5.920372e-08 -5.792740e-07 2.263259e-05 -6.077841e-04 -2.657869e-05 4.617738e-05
 9320.150146 -2.877708e-05 -4.301181e-07 -5.971626e-08 -5.803917e-07 2.381164e-05 -6.075955e-04 -2.363684e-05 4.945062e-05
 9323.040430 -2.873652e-05 -4.334468e-07 -6.034329e-08 -5.802203e-07 2.700881e-05 -6.048445e-04 -2.795996e-05 4.469086e-05
 9325.942906 -2.857010e-05 -4.356517e-07 -6.078184e-08 -5.773977e-07 2.326263e-05 -6.045727e-04 -2.267177e-05 4.814445e-05
 9328.857574 -2.879726e-05 -4.379029e-07 -6.136986e-08 -5.831462e-07 2.451875e-05 -6.049888e-04 -2.026552e-05 5.486191e-05
 9331.784435 -2.886507e-05 -4.369890e-07 -6.172435e-08 -5.857222e-07 2.216019e-05 -6.126429e-04 -2.001706e-05 5.642996e-05
 9334.723487 -2.883213e-05 -4.412127e-07 -6.274232e-08 -5.859512e-07 2.524088e-05 -5.922412e-04 -3.376971e-05 5.620864e-05
 9337.674730 -2.883868e-05 -4.453658e-07 -6.355118e-08 -5.864987e-07 2.189890e-05 -5.766740e-04 -2.666301e-05 5.389977e-05
 9340.638166 -2.900578e-05 -4.407100e-07 -6.313569e-08 -5.918786e-07 1.873956e-05 -5.488994e-04 -3.604343e-05 4.520466e-05
 9343.613794 -2.910729e-05 -4.385253e-07 -6.309799e-08 -5.953959e-07 2.329367e-05 -5.377641e-04 -3.084759e-05 3.702692e-05
 9346.601614 -2.913203e-05 -4.402071e-07 -6.334179e-08 -5.966213e-07 2.041940e-05 -5.926226e-04 -2.967565e-05 3.304861e-05
 9349.601625 -2.922597e-05 -4.389068e-07 -6.304907e-08 -5.993995e-07 1.344931e-05 -6.177974e-04 -3.444850e-05 3.965131e-05
 9352.613829 -2.929688e-05 -4.403108e-07 -6.313900e-08 -6.022680e-07 7.716214e-06 -6.118780e-04 -2.344513e-05 4.553320e-05
 9355.638224 -2.933965e-05 -4.421652e-07 -6.359335e-08 -6.041258e-07 1.182536e-06 -6.140821e-04 -2.787813e-05 4.413505e-05
 9358.674811 -2.928123e-05 -4.482354e-07 -6.451989e-08 -6.031379e-07 2.374259e-06 -5.997570e-04 -4.422514e-05 3.903818e-05
 9361.723590 -2.908306e-05 -4.581719e-07 -6.599992e-08 -5.987413e-07 1.029230e-05 -6.065126e-04 -4.446175e-05 3.565595e-05
 9364.784561 -2.923298e-05 -4.536102e-07 -6.531015e-08 -6.039396e-07 2.620565e-05 -6.104867e-04 -3.521767e-05 4.233465e-05
 9367.857724 -2.938446e-05 -4.507702e-07 -6.511107e-08 -6.089172e-07 2.641285e-05 -6.141419e-04 -3.133477e-05 4.632144e-05
 9370.943079 -2.949237e-05 -4.507951e-07 -6.506047e-08 -6.120645e-07 2.620928e-05 -6.064232e-04 -4.275473e-05 5.044388e-05
 9374.040626 -2.957763e-05 -4.512698e-07 -6.498609e-08 -6.147649e-07 2.589227e-05 -6.002191e-04 -3.599283e-05 4.318972e-05
 9377.150365 -2.959201e-05 -4.542195e-07 -6.500720e-08 -6.162002e-07 1.683671e-05 -6.098908e-04 -3.113594e-05 4.963765e-05
 9380.272295 -2.953713e-05 -4.603727e-07 -6.592671e-08 -6.153930e-07 1.243647e-05 -5.959678e-04 -3.282512e-05 5.303071e-05
 9383.406418 -2.958649e-05 -4.594722e-07 -6.572808e-08 -6.180462e-07 1.588116e-05 -6.338167e-04 -1.996501e-05 4.894789e-05
 9386.552732 -2.963727e-05 -4.600722e-07 -6.596359e-08 -6.200207e-07 1.289980e-05 -6.315271e-04 -3.781427e-05 5.401867e-05
 9389.711239 -2.970806e-05 -4.608260e-07 -6.615592e-08 -6.223157e-07 2.391168e-05 -6.078169e-04 -3.408352e-05 4.627029e-05
 9392.881937 -2.980993e-05 -4.602884e-07 -6.610281e-08 -6.257181e-07 1.883698e-05 -6.019273e-04 -3.406782e-05 4.534310e-05
 9396.064827 -2.987915e-05 -4.612950e-07 -6.628329e-08 -6.287069e-07 1.246599e-05 -6.142420e-04 -4.066049e-05 4.198004e-05
 9399.259909 -2.990011e-05 -4.656570e-07 -6.676661e-08 -6.301509e-07 4.799938e-06 -6.090252e-04 -4.263003e-05 2.845424e-05
 9402.467183 -2.991022e-05 -4.703077e-07 -6.745384e-08 -6.313031e-07 5.146946e-06 -5.958526e-04 -3.613724e-05 4.376978e-05
 9405.686649 -2.997968e-05 -4.711986e-07 -6.800575e-08 -6.341592e-07 1.208445e-05 -6.066790e-04 -3.624896e-05 4.077222e-05
 9408.918307 -3.003908e-05 -4.729546e-07 -6.868401e-08 -6.360652e-07 1.531072e-05 -5.935998e-04 -3.734420e-05 3.751329e-05
 9412.162157 -2.989628e-05 -4.812268e-07 -7.048547e-08 -6.328541e-07 2.153977e-05 -6.084301e-04 -4.247018e-05 3.464442e-05
 9415.418198 -2.983376e-05 -4.869451e-07 -7.203282e-08 -6.321770e-07 1.839412e-05 -6.285285e-04 -3.634836e-05 3.038012e-05
 9418.686432 -3.000592e-05 -4.837883e-07 -7.210869e-08 -6.380714e-07 1.043949e-05 -6.115077e-04 -3.480061e-05 2.982736e-05
 9421.966857 -3.009189e-05 -4.775880e-07 -7.144309e-08 -6.420582e-07 9.280731e-06 -5.958490e-04 -3.376564e-05 2.589284e-05
 9425.259474 -3.024994e-05 -4.772341e-07 -7.136650e-08 -6.470720e-07 9.020436e-07 -6.142332e-04 -3.753035e-05 2.244108e-05
 9428.564284 -3.037376e-05 -4.819682e-07 -7.219588e-08 -6.504057e-07 4.245047e-06 -6.146238e-04 -2.840050e-05 2.405763e-05
 9431.881285 -3.034534e-05 -4.846914e-07 -7.267721e-08 -6.509231e-07 9.626421e-06 -6.011831e-04 -2.619983e-05 2.805780e-05
 9435.210478 -3.032684e-05 -4.883011e-07 -7.318656e-08 -6.514322e-07 1.165226e-05 -5.827946e-04 -2.675316e-05 2.156518e-05
 9438.551863 -3.026247e-05 -4.933511e-07 -7.412263e-08 -6.505926e-07 1.084914e-05 -5.905518e-04 -2.328051e-05 2.212401e-05
 9441.905440 -3.047684e-05 -4.907571e-07 -7.429029e-08 -6.574276e-07 6.417024e-06 -5.849286e-04 -3.284558e-05 2.739549e-05
 9445.271209 -3.053170e-05 -4.903022e-07 -7.456710e-08 -6.601902e-07 1.096536e-05 -6.002578e-04 -2.521603e-05 3.988405e-05
 9448.649169 -3.056908e-05 -4.915424e-07 -7.490655e-08 -6.621101e-07 2.107052e-05 -6.018609e-04 -1.439162e-05 4.423289e-05
 9452.039322 -3.065007e-05 -4.930134e-07 -7.525488e-08 -6.650671e-07 1.976389e-05 -6.063996e-04 -3.286352e-05 4.181728e-05
 9455.441666 -3.067222e-05 -4.958741e-07 -7.594564e-08 -6.667254e-07 1.687893e-05 -6.196486e-04 -4.001058e-05 4.290496e-05
 9458.856203 -3.069339e-05 -4.989317e-07 -7.643492e-08 -6.681420e-07 1.686304e-05 -6.234595e-04 -3.441937e-05 3.745769e-05
 9462.282931 -3.065209e-05 -5.047944e-07 -7.743463e-08 -6.678546e-07 1.763680e-05 -6.354508e-04 -3.304284e-05 3.968269e-05
 9465.721851 -3.076046e-05 -5.041412e-07 -7.771629e-08 -6.719765e-07 1.925445e-05 -6.296049e-04 -3.689376e-05 4.816446e-05
 9469.172964 -3.085112e-05 -5.060883e-07 -7.843265e-08 -6.750584e-07 1.939142e-05 -6.116042e-04 -3.187880e-05 5.073472e-05
 9472.636268 -3.093589e-05 -5.081922e-07 -7.894384e-08 -6.782955e-07 2.255349e-05 -5.944436e-04 -2.570746e-05 4.245350e-05
 9476.111764 -3.098400e-05 -5.110134e-07 -7.946691e-08 -6.805062e-07 1.109493e-05 -5.877178e-04 -4.427542e-05 4.043810e-05
 9479.599451 -3.101663e-05 -5.132941e-07 -7.992063e-08 -6.826294e-07 1.563118e-05 -6.015356e-04 -3.653519e-05 4.843454e-05
 9483.099331 -3.105983e-05 -5.138373e-07 -7.979045e-08 -6.853296e-07 1.253638e-05 -6.111806e-04 -3.500458e-05 4.814289e-05
 9486.611403 -3.104855e-05 -5.184427e-07 -8.027961e-08 -6.864817e-07 1.431454e-05 -6.275914e-04 -3.117458e-05 3.510645e-05
 9490.135666 -3.105231e-05 -5.222512e-07 -8.088912e-08 -6.874641e-07 7.414368e-06 -6.532924e-04 -4.034842e-05 3.198941e-05
 9493.672122 -3.112758e-05 -5.233785e-07 -8.131550e-08 -6.903983e-07 1.048186e-05 -6.385926e-04 -3.517706e-05 3.440683e-05
 9497.220769 -3.121013e-05 -5.234530e-07 -8.135282e-08 -6.938654e-07 1.786845e-05 -6.178528e-04 -2.381367e-05 2.833432e-05
 9500.781609 -3.117366e-05 -5.233530e-07 -8.149737e-08 -6.943394e-07 1.415674e-05 -6.248829e-04 -2.438130e-05 2.434665e-05
 9504.354640 -3.113404e-05 -5.250174e-07 -8.186875e-08 -6.947404e-07 1.982054e-05 -6.272368e-04 -2.211355e-05 2.626590e-05
 9507.939863 -3.121590e-05 -5.349508e-07 -8.337455e-08 -6.967766e-07 2.650910e-05 -6.299297e-04 -2.222352e-05 2.613159e-05
 9511.537278 -3.131322e-05 -5.356202e-07 -8.343643e-08 -7.005616e-07 2.885601e-05 -6.487331e-04 -2.536811e-05 2.329454e-05
 9515.146885 -3.131525e-05 -5.378245e-07 -8.402102e-08 -7.015891e-07 2.577955e-05 -6.251332e-04 -3.022097e-05 3.126131e-05
 9518.768684 -3.135920e-05 -5.403598e-07 -8.458778e-08 -7.037286e-07 2.340405e-05 -6.244363e-04 -2.852609e-05 3.762585e-05
 9522.402675 -3.146481e-05 -5.391938e-07 -8.458025e-08 -7.077146e-07 2.886340e-05 -6.208336e-04 -3.144549e-05 4.034687e-05
 9526.048857 -3.148654e-05 -5.409553e-07 -8.532572e-08 -7.090971e-07 2.940153e-05 -6.310612e-04 -3.055670e-05 2.999693e-05
 9529.707232 -3.147819e-05 -5.430956e-07 -8.603010e-08 -7.108860e-07 2.871655e-05 -6.466519e-04 -2.192991e-05 3.744912e-05
 9533.377799 -3.149665e-05 -5.463257e-07 -8.680487e-08 -7.128642e-07 3.120047e-05 -6.434262e-04 -1.840525e-05 4.693366e-05
 9537.060557 -3.148906e-05 -5.479762e-07 -8.729906e-08 -7.137740e-07 4.461801e-05 -6.471118e-04 -2.394071e-05 4.650780e-05
 9540.755507 -3.138116e-05 -5.461834e-07 -8.748737e-08 -7.126376e-07 4.453823e-05 -6.545147e-04 -1.621197e-05 4.835172e-05
 9544.462650 -3.162949e-05 -5.518765e-07 -8.867006e-08 -7.192650e-07 4.558944e-05 -6.232760e-04 -2.005406e-05 3.786830e-05
 9548.181984 -3.164213e-05 -5.559147e-07 -8.954024e-08 -7.208642e-07 5.072006e-05 -6.416925e-04 -2.316192e-05 3.833332e-05
 9551.913510 -3.160118e-05 -5.596720e-07 -9.046552e-08 -7.212158e-07 4.487063e-05 -6.558371e-04 -2.402590e-05 2.927997e-05
 9555.657228 -3.156327e-05 -5.640615e-07 -9.131375e-08 -7.216835e-07 3.567676e-05 -6.421734e-04 -3.093246e-05 2.466262e-05
 9559.413138 -3.142219e-05 -5.694640e-07 -9.221931e-08 -7.195442e-07 3.252656e-05 -6.384449e-04 -3.565096e-05 2.851123e-05
 9563.181239 -3.150670e-05 -5.703572e-07 -9.265139e-08 -7.231724e-07 3.337530e-05 -6.313855e-04 -3.475634e-05 3.046077e-05
 9566.961533 -3.164529e-05 -5.700854e-07 -9.284999e-08 -7.278846e-07 3.628515e-05 -6.350950e-04 -3.508105e-05 3.785409e-05
 9570.754019 -3.154458e-05 -5.728661e-07 -9.346765e-08 -7.263590e-07 4.153092e-05 -6.266800e-04 -2.600973e-05 3.638055e-05
 9574.558696 -3.162971e-05 -5.744886e-07 -9.422018e-08 -7.302408e-07 3.694812e-05 -6.278054e-04 -3.259699e-05 4.046254e-05
 9578.375565 -3.166760e-05 -5.784261e-07 -9.520465e-08 -7.325012e-07 3.217183e-05 -6.361474e-04 -3.062416e-05 4.423834e-05
 9582.204627 -3.184130e-05 -5.762681e-07 -9.506189e-08 -7.386565e-07 2.955192e-05 -6.253340e-04 -2.746545e-05 3.950480e-05
 9586.045880 -3.176047e-05 -5.811509e-07 -9.625622e-08 -7.375308e-07 3.301725e-05 -6.426188e-04 -3.208738e-05 3.586450e-05
 9589.899325 -3.171329e-05 -5.842070e-07 -9.697970e-08 -7.374069e-07 2.853579e-05 -6.334466e-04 -2.697983e-05 2.354190e-05
 9593.764962 -3.182560e-05 -5.835276e-07 -9.675885e-08 -7.421435e-07 2.885973e-05 -6.198395e-04 -2.942223e-05 2.192978e-05
 9597.642791 -3.173559e-05 -5.872260e-07 -9.747561e-08 -7.409913e-07 3.099562e-05 -6.481342e-04 -2.579288e-05 2.620833e-05
 9601.532812 -3.181244e-05 -5.877106e-07 -9.755893e-08 -7.449049e-07 2.285901e-05 -6.359800e-04 -2.851678e-05 2.574657e-05
 9605.435025 -3.183619e-05 -5.909570e-07 -9.814955e-08 -7.468478e-07 2.770694e-05 -6.234594e-04 -2.555338e-05 2.360075e-05
 9609.349429 -3.185972e-05 -5.932406e-07 -9.896876e-08 -7.487210e-07 3.182416e-05 -6.274223e-04 -2.861400e-05 2.704124e-05
 9613.276026 -3.191741e-05 -5.939337e-07 -9.955200e-08 -7.516531e-07 3.058266e-05 -6.230138e-04 -3.045657e-05 2.661022e-05
 9617.214814 -3.199504e-05 -5.931902e-07 -9.964774e-08 -7.550763e-07 2.782016e-05 -6.268520e-04 -2.109777e-05 3.034360e-05
 9621.165795 -3.205536e-05 -5.941313e-07 -1.000583e-07 -7.582373e-07 3.179953e-05 -6.055927e-04 -1.480460e-05 2.202699e-05
 9625.128967 -3.207592e-05 -5.959590e-07 -1.003101e-07 -7.603923e-07 3.787372e-05 -6.205024e-04 -2.678650e-05 2.945704e-05
 9629.104331 -3.207946e-05 -5.979225e-07 -1.005846e-07 -7.623647e-07 3.797422e-05 -6.075355e-04 -2.837612e-05 3.164990e-05
 9633.091888 -3.198770e-05 -6.003315e-07 -1.012151e-07 -7.616226e-07 3.895950e-05 -6.106330e-04 -2.658978e-05 3.759096e-05
 9637.091636 -3.208058e-05 -5.999604e-07 -1.013573e-07 -7.658140e-07 2.831391e-05 -5.801585e-04 -2.145266e-05 4.795983e-05
 9641.103575 -3.209007e-05 -6.023963e-07 -1.021349e-07 -7.678393e-07 3.022299e-05 -5.931380e-04 -2.402436e-05 3.818857e-05
 9645.127707 -3.205361e-05 -6.058427e-07 -1.030307e-07 -7.681999e-07 3.250313e-05 -5.935584e-04 -2.862494e-05 4.585411e-05
 9649.164031 -3.204347e-05 -6.076270e-07 -1.035522e-07 -7.696375e-07 3.640614e-05 -5.984145e-04 -2.195673e-05 6.012476e-05
 9653.212547 -3.209716e-05 -6.096324e-07 -1.041429e-07 -7.727909e-07 3.733974e-05 -5.850025e-04 -1.749787e-05 4.610177e-05
 9657.273254 -3.210291e-05 -6.116610e-07 -1.046278e-07 -7.745792e-07 3.471698e-05 -5.583309e-04 -1.435856e-05 4.297436e-05
 9661.346154 -3.209450e-05 -6.129058e-07 -1.048573e-07 -7.764564e-07 2.745069e-05 -5.796667e-04 -2.541735e-05 5.242754e-05
 9665.431245 -3.198362e-05 -6.158226e-07 -1.055755e-07 -7.758269e-07 2.974677e-05 -5.948517e-04 -2.301396e-05 5.186772e-05
 9669.528529 -3.208523e-05 -6.191538e-07 -1.065553e-07 -7.798697e-07 3.408674e-05 -5.647165e-04 -1.926547e-05 4.995446e-05
 9673.638004 -3.207675e-05 -6.228207e-07 -1.076878e-07 -7.811992e-07 3.024419e-05 -5.546982e-04 -2.361703e-05 4.774496e-05
 9677.759671 -3.213826e-05 -6.227928e-07 -1.082332e-07 -7.849969e-07 3.331403e-05 -5.371433e-04 -2.640646e-05 2.999934e-05
 9681.893530 -3.212534e-05 -6.244765e-07 -1.087443e-07 -7.864520e-07 4.332132e-05 -5.099040e-04 -2.436809e-05 2.823776e-05
 9686.039581 -3.214667e-05 -6.241918e-07 -1.088232e-07 -7.892867e-07 2.896801e-05 -5.262183e-04 -1.888294e-05 2.866407e-05
 9690.197824 -3.205696e-05 -6.283547e-07 -1.095903e-07 -7.888172e-07 3.227062e-05 -5.312830e-04 -1.696356e-05 2.073691e-05
 9694.368258 -3.201559e-05 -6.311709e-07 -1.101379e-07 -7.891456e-07 3.345483e-05 -5.230771e-04 -1.362006e-05 2.102019e-05
 9698.550885 -3.208360e-05 -6.314293e-07 -1.106802e-07 -7.927531e-07 2.717945e-05 -4.993191e-04 -1.349644e-05 2.985912e-05
 9702.745704 -3.208687e-05 -6.331441e-07 -1.112717e-07 -7.947648e-07 2.285419e-05 -5.032834e-04 -2.176013e-05 4.028997e-05
 9706.952714 -3.208382e-05 -6.335263e-07 -1.117392e-07 -7.968498e-07 2.130601e-05 -4.943126e-04 -2.293243e-05 3.907097e-05
 9711.171916 -3.208510e-05 -6.331014e-07 -1.119234e-07 -7.988355e-07 2.414794e-05 -4.843882e-04 -1.858656e-05 3.681489e-05
 9715.403311 -3.216806e-05 -6.353190e-07 -1.124436e-07 -8.023394e-07 2.127218e-05 -4.804283e-04 -1.932626e-05 3.746978e-05
 9719.646897 -3.212554e-05 -6.382954e-07 -1.134358e-07 -8.023644e-07 2.588223e-05 -5.121615e-04 -2.014805e-05 3.809505e-05
 9723.902675 -3.198959e-05 -6.458700e-07 -1.149915e-07 -7.992098e-07 2.920723e-05 -5.120018e-04 -2.402405e-05 3.617328e-05
 9728.170645 -3.190683e-05 -6.500394e-07 -1.159291e-07 -7.981867e-07 2.460059e-05 -4.843068e-04 -1.800691e-05 3.506964e-05
 9732.450807 -3.200037e-05 -6.500505e-07 -1.159755e-07 -8.023942e-07 1.715155e-05 -4.668926e-04 -7.530288e-06 3.679136e-05
 9736.743161 -3.210026e-05 -6.491335e-07 -1.158746e-07 -8.072462e-07 1.957285e-05 -4.635568e-04 -2.334211e-05 3.756011e-05
 9741.047707 -3.214261e-05 -6.497693e-07 -1.162846e-07 -8.106432e-07 2.548524e-05 -4.707661e-04 -2.113840e-05 3.890526e-05
 9745.364444 -3.212354e-05 -6.522065e-07 -1.170391e-07 -8.115890e-07 3.918415e-05 -4.677953e-04 -1.998718e-05 4.888786e-05
 9749.693374 -3.209010e-05 -6.536958e-07 -1.175502e-07 -8.123749e-07 3.274673e-05 -4.739014e-04 -1.979132e-05 5.040054e-05
 9754.034495 -3.208502e-05 -6.549461e-07 -1.181425e-07 -8.143630e-07 3.145567e-05 -4.831927e-04 -1.967399e-05 4.353568e-05
 9758.387809 -3.207590e-05 -6.569133e-07 -1.189678e-07 -8.162091e-07 2.588548e-05 -4.787145e-04 -2.396163e-05 3.311762e-05
 9762.753314 -3.203018e-05 -6.579018e-07 -1.194014e-07 -8.168589e-07 2.710321e-05 -4.831835e-04 -2.383026e-05 2.254137e-05
 9767.131011 -3.205284e-05 -6.576181e-07 -1.195883e-07 -8.194700e-07 3.322872e-05 -4.773716e-04 -2.482220e-05 2.767663e-05
 9771.520900 -3.205145e-05 -6.593473e-07 -1.201863e-07 -8.211583e-07 3.332235e-05 -4.762699e-04 -2.418720e-05 3.213866e-05
 9775.922981 -3.204821e-05 -6.619816e-07 -1.211242e-07 -8.231420e-07 3.450783e-05 -5.051239e-04 -2.730521e-05 2.518316e-05
 9780.337254 -3.189363e-05 -6.634364e-07 -1.215237e-07 -8.207579e-07 3.654582e-05 -5.080317e-04 -2.479622e-05 2.197043e-05
 9784.763719 -3.188910e-05 -6.674019e-07 -1.222602e-07 -8.224752e-07 3.084534e-05 -5.137669e-04 -1.822287e-05 2.260979e-05
 9789.202376 -3.194991e-05 -6.707253e-07 -1.228770e-07 -8.260916e-07 2.377659e-05 -5.172249e-04 -1.565314e-05 2.439209e-05
 9793.653224 -3.175563e-05 -6.718942e-07 -1.234824e-07 -8.227958e-07 2.856934e-05 -5.381420e-04 -1.806203e-05 3.124574e-05
 9798.116265 -3.185979e-05 -6.781380e-07 -1.249734e-07 -8.268598e-07 3.443122e-05 -5.322992e-04 -2.477596e-05 3.494067e-05
 9802.591497 -3.197227e-05 -6.782706e-07 -1.252844e-07 -8.324480e-07 3.942875e-05 -5.122763e-04 -2.549124e-05 3.262505e-05
 9807.078922 -3.192229e-05 -6.810201e-07 -1.260461e-07 -8.330128e-07 4.637888e-05 -5.063986e-04 -2.828141e-05 2.662099e-05
 9811.578538 -3.194385e-05 -6.801193e-07 -1.262249e-07 -8.356138e-07 3.401383e-05 -4.908610e-04 -3.328345e-05 3.146417e-05
 9816.090346 -3.192167e-05 -6.799904e-07 -1.265616e-07 -8.370070e-07 2.611235e-05 -4.964815e-04 -2.704257e-05 3.773245e-05
 9820.614346 -3.190373e-05 -6.811227e-07 -1.269450e-07 -8.388652e-07 2.337321e-05 -4.849971e-04 -2.421762e-05 3.781291e-05
 9825.150538 -3.177956e-05 -6.832548e-07 -1.277447e-07 -8.372309e-07 2.041491e-05 -4.947250e-04 -3.268946e-05 3.666961e-05
 9829.698922 -3.157382e-05 -6.800780e-07 -1.278045e-07 -8.344107e-07 1.460110e-05 -4.747155e-04 -3.445092e-05 3.451993e-05
 9834.259498 -3.164928e-05 -6.834311e-07 -1.286778e-07 -8.380133e-07 1.512330e-05 -4.489734e-04 -3.419131e-05 3.360124e-05
 9838.832266 -3.169365e-05 -6.874527e-07 -1.294056e-07 -8.407712e-07 1.494203e-05 -4.602745e-04 -2.863994e-05 4.101377e-05
 9843.417226 -3.179275e-05 -6.904542e-07 -1.301934e-07 -8.452477e-07 2.040954e-05 -4.841462e-04 -3.097014e-05 3.814796e-05
 9848.014377 -3.177898e-05 -6.925989e-07 -1.311343e-07 -8.467743e-07 2.085081e-05 -4.829953e-04 -3.317459e-05 2.528552e-05
 9852.623721 -3.178069e-05 -6.943921e-07 -1.318858e-07 -8.488826e-07 1.860290e-05 -4.766449e-04 -3.122831e-05 2.525372e-05
 9857.245256 -3.168943e-05 -6.984680e-07 -1.328738e-07 -8.477472e-07 2.000778e-05 -4.521187e-04 -3.206817e-05 3.641017e-05
 9861.878983 -3.160007e-05 -7.012113e-07 -1.336896e-07 -8.471390e-07 1.540535e-05 -4.532092e-04 -3.255434e-05 3.704083e-05
 9866.524902 -3.153336e-05 -7.033656e-07 -1.342198e-07 -8.475210e-07 8.574664e-06 -4.708278e-04 -3.168764e-05 3.113094e-05
 9871.183013 -3.162303e-05 -7.020704e-07 -1.344851e-07 -8.527862e-07 1.650652e-05 -4.765787e-04 -2.915147e-05 3.144019e-05
 9875.853316 -3.161772e-05 -7.044378e-07 -1.355388e-07 -8.548276e-07 1.870631e-05 -4.733519e-04 -2.593850e-05 3.281928e-05
 9880.535811 -3.161406e-05 -7.063648e-07 -1.359758e-07 -8.569682e-07 2.592110e-05 -4.982890e-04 -2.953020e-05 3.583804e-05
 9885.230498 -3.155489e-05 -7.099809e-07 -1.367513e-07 -8.570529e-07 2.168019e-05 -4.772389e-04 -4.227835e-05 3.524322e-05
 9889.937377 -3.135642e-05 -7.182515e-07 -1.384404e-07 -8.522989e-07 1.955142e-05 -4.690563e-04 -3.710831e-05 2.835089e-05
 9894.656448 -3.139784e-05 -7.210706e-07 -1.395859e-07 -8.558972e-07 2.295727e-05 -4.702183e-04 -3.989492e-05 2.539497e-05
 9899.387710 -3.150929e-05 -7.195256e-07 -1.396559e-07 -8.628839e-07 3.009961e-05 -4.813147e-04 -3.769852e-05 3.506865e-05
 9904.131165 -3.141204e-05 -7.224351e-07 -1.403187e-07 -8.625696e-07 2.215322e-05 -4.641464e-04 -3.808080e-05 3.594127e-05
 9908.886811 -3.141013e-05 -7.233022e-07 -1.410593e-07 -8.647049e-07 1.977928e-05 -4.768070e-04 -5.320919e-05 2.902513e-05
 9913.654649 -3.132899e-05 -7.255940e-07 -1.416182e-07 -8.636958e-07 1.680200e-05 -4.538180e-04 -4.903162e-05 2.611147e-05
 9918.434679 -3.133937e-05 -7.266466e-07 -1.421921e-07 -8.666127e-07 1.635037e-05 -4.646149e-04 -4.346961e-05 2.937876e-05
 9923.226901 -3.136668e-05 -7.278803e-07 -1.428649e-07 -8.699704e-07 1.675095e-05 -4.977969e-04 -3.386954e-05 3.788840e-05
 9928.031315 -3.141112e-05 -7.291245e-07 -1.434438e-07 -8.741539e-07 2.070351e-05 -5.265880e-04 -1.887138e-05 3.639007e-05
 9932.847921 -3.138679e-05 -7.322825e-07 -1.441558e-07 -8.751134e-07 2.747804e-05 -5.157877e-04 -2.471951e-05 3.718058e-05
 9937.676719 -3.124190e-05 -7.331667e-07 -1.446636e-07 -8.731182e-07 2.096101e-05 -5.117190e-04 -2.140659e-05 4.262249e-05
 9942.517709 -3.108241e-05 -7.338770e-07 -1.451931e-07 -8.700590e-07 2.585701e-05 -5.296865e-04 -2.828232e-05 4.059138e-05
 9947.370891 -3.115184e-05 -7.363056e-07 -1.459957e-07 -8.749751e-07 3.352487e-05 -5.285255e-04 -3.897076e-05 4.005495e-05
 9952.236264 -3.124262e-05 -7.410260e-07 -1.471870e-07 -8.788733e-07 2.840250e-05 -5.084150e-04 -4.317031e-05 4.633951e-05
