# Facility.name: NSLS-II
# Facility.mode: Beam available
# Facility.current: 399.83237141655144
# Facility.current: 3 GeV
# Facility.year: 2023
# Facility.cycle: 2
# Facility.GUP: 312970
# Facility.SAF: 311402
# Experimenter.name: Esteban Fornero
# Beamline.name: ISS (8-ID)
# Beamline.x-ray_source: damping wiggler
# Beamline.collimation_mirror1.material: Si
# Beamline.collimation_mirror2.material: Pt
# Beamline.collimation_mirror2.bender_loading: -348.0
# Beamline.focusing: toroidal mirror
# Beamline.focusing.material: Pt
# Beamline.focusing.bender_loading: -419.0
# Beamline.harmonic_rejection: Si
# Mono.scan_mode: Si(111)
# Mono.d_spacing: 3.1354951
# Mono.scan_mode: pseudo-channel cut
# Mono.scan_type: fly_scan
# Mono.trajectory_name: f950a534-6fd5.txt
# Mono.direction: None
# Mono.angle_offset: 0.69366577
# Mono.angle_offset: 39.744 deg
# Mono.encoder_resolution: 48.0 nrad
# Detector.I0: ion chamber
# Detector.I1: ion chamber
# Detector.I2: ion chamber
# Detector.IF: PIPS
# Detector.I0.length: 15 cm
# Detector.I1.length: 28 cm
# Detector.I2.length: 15 cm
# Detector.IF.thickness: 300 um
# Detector.I0.gas.N2: 38.0%
# Detector.I1.gas.N2: 38.0%
# Detector.I2.gas.N2: 38.0%
# Detector.I0.gas.He: 62.0%
# Detector.I1.gas.He: 62.0%
# Detector.I2.gas.He: 62.0%
# Detector.I0.voltage: -1649.999023
# Detector.I1.voltage: -1650.000244
# Detector.I2.voltage: -1650.000977
# Detector.I0.gain: 4
# Detector.I1.gain: 6
# Detector.I2.gain: 6
# Detector.IF.gain: 6
# Detector.aux: {}
# Element.symbol: Cu
# Element.edge: K
# Element.line: None
# Scan.transient_id: 371130
# Scan.uid: 3e7282f4-db36-4054-98f7-0681cc314369
# Scan.edge_energy: 8979.0
# Scan.start_time: 06/23/2023  07:06:19.514409
# Scan.end_time: 06/23/2023  07:06:51.756385
# Scan.name: Cu2O+Ga2O3-2nd H2-ramp (pos 001) Cu-K 0001
# Scan.comment: 
# Sample.name: Cu2O+Ga2O3-2nd
# Sample.comment: 
# Sample.position.x: -66.442995014
# Sample.position.y: 31.099036574
# Sample.position.z: -10.184937499999995
# Sample.position.theta: 845.5790000000001
# SampleHeater.temperature1.setpoint: 300.0
# SampleHeater.temperature1.readback: 1372.0
# SampleHeater.current.setpoint: 0.0
# SampleHeater.current.readback: 0.0
# SampleHeater.temperature2.setpoint: 247.4663534091518
# SampleHeater.temperature2.readback: 248.10000000000002
# SampleHeater.voltage.setpoint: 0.6164358218056194
# SampleHeater.voltage.readback: 0.629
# SampleHeater.PID.P: 0.025
# SampleHeater.PID.I: 0.07
# SampleHeater.PID.D: 0.0
# SampleGasCart.MFC.CH4.setpoint: 0.0
# SampleGasCart.MFC.CH4.readback: 0.0
# SampleGasCart.MFC.CO.setpoint: 0.0
# SampleGasCart.MFC.CO.readback: 0.0
# SampleGasCart.MFC.H2.setpoint: 10.0
# SampleGasCart.MFC.H2.readback: 10.012
# SampleGasCart.MFC.exhaust.setpoint: 100.0
# SampleGasCart.MFC.exhaust.readback: 10.0
# SampleGasHandlingSystem.gas_a.name: None
# SampleGasHandlingSystem.gas_b.name: None
# SampleGasHandlingSystem.gas_c.name: None
# SampleGasHandlingSystem.gas_d.name: None
# SampleGasHandlingSystem.gas_e.name: He
# SampleGasHandlingSystem.MFC1.setpoint: 0.0
# SampleGasHandlingSystem.MFC1.readback: -0.1790364533662796
# SampleGasHandlingSystem.MFC2.setpoint: 0.0
# SampleGasHandlingSystem.MFC2.readback: -0.1180013045668602
# SampleGasHandlingSystem.MFC3.setpoint: 0.0
# SampleGasHandlingSystem.MFC3.readback: 0.0244140625
# SampleGasHandlingSystem.MFC4.setpoint: 0.0
# SampleGasHandlingSystem.MFC4.readback: -0.1057942733168602
# SampleGasHandlingSystem.MFC5.setpoint: 0.0
# SampleGasHandlingSystem.MFC5.readback: -0.01220703125
# SampleGasHandlingSystem.MFC6.setpoint: 0.0
# SampleGasHandlingSystem.MFC6.readback: -0.0406901054084301
# SampleGasHandlingSystem.MFC7.setpoint: 0.0
# SampleGasHandlingSystem.MFC7.readback: -0.0325520820915699
# SampleGasHandlingSystem.MFC8.setpoint: 0.0
# SampleGasHandlingSystem.MFC8.readback: -0.0773111954331398
# SampleGasHandlingSystem.MFC9.setpoint: 0.0
# SampleGasHandlingSystem.MFC9.readback: -0.0569661445915699
# SampleGasHandlingSystem.MFC10.setpoint: 0.0
# SampleGasHandlingSystem.MFC10.readback: 0.01220703125
# SampleGasHandlingSystem.MFC11.setpoint: 0.0
# SampleGasHandlingSystem.MFC11.readback: -0.09765625
# SampleGasHandlingSystem.MFC12.setpoint: 0.0
# SampleGasHandlingSystem.MFC12.readback: -0.0569661445915699
# SampleGasHandlingSystem.MFC13.setpoint: 0.0
# SampleGasHandlingSystem.MFC13.readback: -0.0569661445915699
# SampleGasHandlingSystem.MFC14.setpoint: 0.0
# SampleGasHandlingSystem.MFC14.readback: -0.0651041641831398
# SampleGasHandlingSystem.MFC15.setpoint: 0.0
# SampleGasHandlingSystem.MFC15.readback: -0.10986328125
# SampleGasHandlingSystem.MFC16.setpoint: 0.0
# SampleGasHandlingSystem.MFC16.readback: -0.03662109375
# SampleGasHandlingSystem.RGA.ch1.mass: 2
# SampleGasHandlingSystem.RGA.ch1.readback: 1.07594e-06
# SampleGasHandlingSystem.RGA.ch2.mass: 4
# SampleGasHandlingSystem.RGA.ch2.readback: 0.0
# SampleGasHandlingSystem.RGA.ch3.mass: 5
# SampleGasHandlingSystem.RGA.ch3.readback: 7.81276e-12
# SampleGasHandlingSystem.RGA.ch4.mass: 5
# SampleGasHandlingSystem.RGA.ch4.readback: 4.78717e-10
# SampleGasHandlingSystem.RGA.ch5.mass: 18
# SampleGasHandlingSystem.RGA.ch5.readback: 2.18695e-09
# SampleGasHandlingSystem.RGA.ch6.mass: 28
# SampleGasHandlingSystem.RGA.ch6.readback: 1.4534e-08
# SampleGasHandlingSystem.RGA.ch7.mass: 32
# SampleGasHandlingSystem.RGA.ch7.readback: 3.07315e-09
# SampleGasHandlingSystem.RGA.ch8.mass: 41
# SampleGasHandlingSystem.RGA.ch8.readback: 1.11477e-11
# SampleGasHandlingSystem.RGA.ch9.mass: 44
# SampleGasHandlingSystem.RGA.ch9.readback: 2.07863e-10
# energy  i0  it  ir  iff  aux1  aux2  aux3  aux4
 8779.000000 -3.441200e-05 -4.084516e-07 -2.705886e-07 -3.149689e-07 7.009149e-05 -3.867729e-04 5.800008e-06 3.594969e-05
 8784.000000 -3.446074e-05 -4.096468e-07 -2.715030e-07 -3.160944e-07 7.201257e-05 -3.711404e-04 3.988428e-06 3.261965e-05
 8789.000000 -3.441673e-05 -4.096765e-07 -2.716828e-07 -3.166127e-07 7.018437e-05 -3.671012e-04 -1.882872e-06 2.978218e-05
 8794.000000 -3.425733e-05 -4.088168e-07 -2.711942e-07 -3.160753e-07 6.374155e-05 -3.695487e-04 -3.751621e-06 3.315988e-05
 8799.000000 -3.371357e-05 -4.076405e-07 -2.705966e-07 -3.122375e-07 6.902150e-05 -3.736431e-04 5.895740e-06 4.044142e-05
 8804.000000 -3.387390e-05 -4.136052e-07 -2.747569e-07 -3.143196e-07 7.252918e-05 -3.733671e-04 4.281581e-06 4.361919e-05
 8809.000000 -3.391143e-05 -4.118601e-07 -2.739947e-07 -3.153411e-07 7.689944e-05 -3.749663e-04 2.297987e-06 3.561430e-05
 8814.000000 -3.389589e-05 -4.089386e-07 -2.721260e-07 -3.153906e-07 7.057424e-05 -3.694036e-04 8.510602e-06 3.641646e-05
 8819.000000 -3.390698e-05 -4.102469e-07 -2.733207e-07 -3.159643e-07 7.052521e-05 -3.807830e-04 5.917964e-06 3.077551e-05
 8824.000000 -3.389424e-05 -4.109855e-07 -2.737965e-07 -3.167044e-07 7.186959e-05 -3.597992e-04 3.828645e-07 3.395728e-05
 8829.000000 -3.384739e-05 -4.112136e-07 -2.741984e-07 -3.170407e-07 7.550647e-05 -3.554441e-04 -5.936366e-06 3.138763e-05
 8834.000000 -3.370577e-05 -4.116641e-07 -2.747855e-07 -3.169102e-07 7.615995e-05 -3.800604e-04 -9.558276e-08 2.153591e-05
 8839.000000 -3.357117e-05 -4.127985e-07 -2.758705e-07 -3.165196e-07 7.226768e-05 -3.640409e-04 1.976675e-08 1.685242e-05
 8844.000000 -3.349004e-05 -4.134286e-07 -2.766279e-07 -3.167816e-07 6.901517e-05 -3.452180e-04 -2.272690e-06 3.033619e-05
 8849.000000 -3.339553e-05 -4.137733e-07 -2.767087e-07 -3.172340e-07 6.162225e-05 -3.536833e-04 -7.981103e-07 3.898717e-05
 8854.000000 -3.333275e-05 -4.134056e-07 -2.767381e-07 -3.179592e-07 6.026749e-05 -3.357674e-04 -8.438088e-07 4.445929e-05
 8859.000000 -3.323069e-05 -4.131250e-07 -2.766206e-07 -3.182387e-07 7.077147e-05 -3.590741e-04 -4.658605e-06 4.469780e-05
 8864.000000 -3.311149e-05 -4.139199e-07 -2.774019e-07 -3.180406e-07 7.250101e-05 -3.801789e-04 -7.420434e-07 4.272428e-05
 8869.000000 -3.302800e-05 -4.139907e-07 -2.777770e-07 -3.179697e-07 8.006979e-05 -3.784960e-04 -2.231698e-06 5.403569e-05
 8874.000000 -3.291891e-05 -4.150677e-07 -2.783741e-07 -3.175548e-07 7.565959e-05 -3.592027e-04 3.415484e-06 4.295161e-05
 8879.000000 -3.279522e-05 -4.153973e-07 -2.788615e-07 -3.173535e-07 7.841661e-05 -3.367864e-04 7.847689e-06 4.486759e-05
 8884.000000 -3.257778e-05 -4.137716e-07 -2.775784e-07 -3.165974e-07 7.454882e-05 -3.195062e-04 1.972659e-07 3.739504e-05
 8889.000000 -3.229536e-05 -4.140519e-07 -2.782679e-07 -3.152200e-07 6.315755e-05 -3.314372e-04 7.816921e-07 3.748264e-05
 8894.000000 -3.242884e-05 -4.173392e-07 -2.805525e-07 -3.166477e-07 6.529147e-05 -3.536804e-04 1.183564e-06 2.975441e-05
 8899.000000 -3.234628e-05 -4.177578e-07 -2.813503e-07 -3.162690e-07 7.008059e-05 -3.626227e-04 5.034014e-06 3.513680e-05
 8904.000000 -3.216505e-05 -4.186545e-07 -2.819343e-07 -3.155755e-07 6.762615e-05 -3.666774e-04 2.761973e-06 3.994513e-05
 8909.000000 -3.210023e-05 -4.191340e-07 -2.823775e-07 -3.154418e-07 7.016544e-05 -3.544057e-04 1.931168e-06 4.015562e-05
 8914.000000 -3.186720e-05 -4.178258e-07 -2.814589e-07 -3.142187e-07 6.838554e-05 -3.226966e-04 7.365377e-06 3.505176e-05
 8919.000000 -3.178059e-05 -4.190644e-07 -2.824534e-07 -3.141967e-07 7.346991e-05 -3.172545e-04 -2.574273e-06 3.450101e-05
 8924.000000 -3.162314e-05 -4.188288e-07 -2.823909e-07 -3.135873e-07 6.773419e-05 -3.128046e-04 -5.912718e-07 3.072236e-05
 8929.000000 -3.162450e-05 -4.217831e-07 -2.843213e-07 -3.149058e-07 7.259648e-05 -3.390164e-04 5.846759e-07 3.973425e-05
 8934.000000 -3.153404e-05 -4.226959e-07 -2.848109e-07 -3.150252e-07 6.860253e-05 -3.476517e-04 3.177165e-06 5.161981e-05
 8939.000000 -3.141554e-05 -4.232901e-07 -2.853039e-07 -3.150084e-07 6.650020e-05 -3.515549e-04 3.158363e-06 4.568075e-05
 8944.000000 -3.127819e-05 -4.239409e-07 -2.856277e-07 -3.147895e-07 6.945908e-05 -3.764259e-04 -3.482271e-06 4.324232e-05
 8949.000000 -3.111631e-05 -4.236226e-07 -2.854512e-07 -3.142177e-07 7.813139e-05 -3.718648e-04 -3.925004e-06 3.828661e-05
 8953.000000 -3.101935e-05 -4.245157e-07 -2.857484e-07 -3.143887e-07 7.649329e-05 -3.567196e-04 1.535550e-06 4.518047e-05
 8956.000000 -3.097679e-05 -4.254398e-07 -2.859733e-07 -3.149095e-07 7.443351e-05 -3.378118e-04 -7.013801e-06 4.773322e-05
 8958.000000 -3.086786e-05 -4.258195e-07 -2.859375e-07 -3.143044e-07 6.976847e-05 -3.421719e-04 -1.941683e-05 4.628966e-05
 8959.000000 -3.095162e-05 -4.250915e-07 -2.854180e-07 -3.152095e-07 7.836651e-05 -3.232367e-04 -4.323390e-06 4.262063e-05
 8959.200000 -3.096622e-05 -4.256686e-07 -2.858152e-07 -3.153368e-07 8.581329e-05 -3.179704e-04 1.674086e-06 2.916639e-05
 8959.400000 -3.094651e-05 -4.245850e-07 -2.848370e-07 -3.153776e-07 8.601047e-05 -3.177468e-04 5.830032e-06 3.416461e-05
 8959.600000 -3.092596e-05 -4.245128e-07 -2.849377e-07 -3.154747e-07 7.716120e-05 -3.148942e-04 2.573132e-05 4.535214e-05
 8959.800000 -3.085950e-05 -4.253772e-07 -2.853958e-07 -3.149153e-07 7.710054e-05 -3.301923e-04 3.800951e-05 4.435138e-05
 8960.000000 -3.086980e-05 -4.242031e-07 -2.843724e-07 -3.151837e-07 6.921080e-05 -3.349528e-04 8.205671e-06 3.163016e-05
 8960.200000 -3.094420e-05 -4.253184e-07 -2.849622e-07 -3.157375e-07 6.552520e-05 -3.293206e-04 -5.566139e-06 3.699707e-05
 8960.400000 -3.095424e-05 -4.246402e-07 -2.844680e-07 -3.156036e-07 6.731632e-05 -3.285606e-04 4.907090e-06 4.912174e-05
 8960.600000 -3.092749e-05 -4.251973e-07 -2.848164e-07 -3.155952e-07 7.648914e-05 -3.175293e-04 1.215163e-05 5.128022e-05
 8960.800000 -3.085719e-05 -4.246686e-07 -2.845050e-07 -3.149627e-07 7.627727e-05 -3.048622e-04 3.596036e-06 5.117308e-05
 8961.000000 -3.083109e-05 -4.255685e-07 -2.851828e-07 -3.147313e-07 6.954417e-05 -2.781876e-04 -2.631970e-06 4.663445e-05
 8961.200000 -3.079983e-05 -4.245965e-07 -2.846029e-07 -3.147700e-07 6.281520e-05 -3.302545e-04 3.232007e-06 4.841473e-05
 8961.400000 -3.083478e-05 -4.250287e-07 -2.847401e-07 -3.150113e-07 6.756951e-05 -3.416221e-04 -2.987349e-06 3.771928e-05
 8961.600000 -3.084424e-05 -4.252763e-07 -2.846422e-07 -3.151176e-07 7.063449e-05 -3.009212e-04 -4.887775e-06 3.975275e-05
 8961.800000 -3.078848e-05 -4.247537e-07 -2.840727e-07 -3.145847e-07 7.267865e-05 -3.183609e-04 -4.075408e-06 3.698710e-05
 8962.000000 -3.078128e-05 -4.259842e-07 -2.848482e-07 -3.145587e-07 7.697243e-05 -3.425273e-04 -3.585029e-07 4.056206e-05
 8962.200000 -3.088220e-05 -4.248888e-07 -2.841643e-07 -3.151482e-07 6.947188e-05 -3.312030e-04 -8.232080e-06 4.011955e-05
 8962.400000 -3.085144e-05 -4.251602e-07 -2.845031e-07 -3.150758e-07 7.390707e-05 -3.265318e-04 -1.163242e-05 3.914468e-05
 8962.600000 -3.086838e-05 -4.252542e-07 -2.847865e-07 -3.154934e-07 7.305330e-05 -3.391675e-04 -9.431577e-06 2.682636e-05
 8962.800000 -3.089635e-05 -4.253729e-07 -2.848553e-07 -3.158447e-07 7.219755e-05 -3.490522e-04 -1.002297e-05 3.213315e-05
 8963.000000 -3.091716e-05 -4.260418e-07 -2.851798e-07 -3.158325e-07 5.909706e-05 -3.405445e-04 -1.557342e-06 4.737273e-05
 8963.200000 -3.090038e-05 -4.254470e-07 -2.845617e-07 -3.155565e-07 5.655953e-05 -3.434612e-04 -8.589741e-06 5.052071e-05
 8963.400000 -3.091767e-05 -4.267547e-07 -2.852037e-07 -3.159578e-07 5.692912e-05 -3.228359e-04 -5.128137e-06 4.886639e-05
 8963.600000 -3.089275e-05 -4.262139e-07 -2.851152e-07 -3.159094e-07 6.103247e-05 -3.215472e-04 -5.109568e-06 4.398676e-05
 8963.800000 -3.080793e-05 -4.250509e-07 -2.844068e-07 -3.149462e-07 6.638676e-05 -3.193666e-04 3.715710e-06 5.188076e-05
 8964.000000 -3.075733e-05 -4.252718e-07 -2.844346e-07 -3.146596e-07 6.652165e-05 -3.427196e-04 8.263426e-07 4.450043e-05
 8964.200000 -3.062495e-05 -4.256782e-07 -2.846204e-07 -3.137942e-07 6.656532e-05 -3.500714e-04 1.630350e-06 4.671054e-05
 8964.400000 -3.072399e-05 -4.260888e-07 -2.846730e-07 -3.147810e-07 6.244307e-05 -3.594520e-04 -3.029372e-06 4.497204e-05
 8964.600000 -3.084044e-05 -4.240631e-07 -2.833518e-07 -3.160576e-07 6.690936e-05 -3.624826e-04 -8.969801e-06 4.166472e-05
 8964.800000 -3.086578e-05 -4.261681e-07 -2.845775e-07 -3.161777e-07 6.470821e-05 -3.383588e-04 3.780039e-06 4.169408e-05
 8965.000000 -3.085885e-05 -4.248890e-07 -2.835815e-07 -3.162519e-07 5.767889e-05 -3.047540e-04 -2.675440e-07 4.268926e-05
 8965.200000 -3.082413e-05 -4.245993e-07 -2.834047e-07 -3.160233e-07 6.071961e-05 -2.897293e-04 4.252356e-06 5.458433e-05
 8965.400000 -3.075660e-05 -4.245431e-07 -2.831221e-07 -3.157271e-07 6.484810e-05 -2.861054e-04 -1.685972e-07 5.506424e-05
 8965.600000 -3.065702e-05 -4.251849e-07 -2.834198e-07 -3.148136e-07 6.389556e-05 -2.760715e-04 -6.174016e-06 5.725845e-05
 8965.800000 -3.071002e-05 -4.250220e-07 -2.833244e-07 -3.153053e-07 6.628020e-05 -2.883482e-04 -2.725206e-06 5.432951e-05
 8966.000000 -3.070548e-05 -4.233775e-07 -2.819916e-07 -3.152288e-07 7.231513e-05 -3.341397e-04 -3.368175e-09 4.699121e-05
 8966.200000 -3.068164e-05 -4.243739e-07 -2.827966e-07 -3.151200e-07 6.910976e-05 -3.230897e-04 1.047637e-06 5.155229e-05
 8966.400000 -3.074292e-05 -4.239541e-07 -2.825653e-07 -3.157725e-07 6.694796e-05 -3.023788e-04 3.389009e-06 5.536341e-05
 8966.600000 -3.076879e-05 -4.241328e-07 -2.825417e-07 -3.158251e-07 5.919543e-05 -3.158565e-04 -1.032780e-06 4.539036e-05
 8966.800000 -3.077358e-05 -4.242185e-07 -2.823608e-07 -3.160771e-07 6.577396e-05 -3.191145e-04 -3.891145e-06 4.129184e-05
 8967.000000 -3.074216e-05 -4.256886e-07 -2.834028e-07 -3.158584e-07 6.528572e-05 -3.268562e-04 -1.303510e-05 3.931720e-05
 8967.200000 -3.071196e-05 -4.237855e-07 -2.818828e-07 -3.157281e-07 6.144087e-05 -3.323227e-04 -3.193655e-06 4.099186e-05
 8967.400000 -3.074956e-05 -4.243234e-07 -2.820659e-07 -3.161854e-07 6.018316e-05 -3.162622e-04 -8.753018e-06 3.856920e-05
 8967.600000 -3.078349e-05 -4.255179e-07 -2.831855e-07 -3.161975e-07 6.659993e-05 -3.183972e-04 -3.426124e-06 4.631881e-05
 8967.800000 -3.075552e-05 -4.242817e-07 -2.824346e-07 -3.162229e-07 6.599556e-05 -3.228537e-04 -1.540616e-05 3.710028e-05
 8968.000000 -3.067591e-05 -4.253977e-07 -2.828513e-07 -3.157055e-07 5.826835e-05 -3.346386e-04 -1.940625e-05 3.811021e-05
 8968.200000 -3.067543e-05 -4.232302e-07 -2.812549e-07 -3.160161e-07 5.580361e-05 -3.426757e-04 -9.531581e-06 5.161932e-05
 8968.400000 -3.062009e-05 -4.249182e-07 -2.820864e-07 -3.157654e-07 4.765590e-05 -3.487846e-04 -8.922297e-06 5.336021e-05
 8968.600000 -3.056444e-05 -4.251203e-07 -2.818317e-07 -3.151564e-07 5.462133e-05 -3.468881e-04 -5.500083e-06 3.887198e-05
 8968.800000 -3.059781e-05 -4.241796e-07 -2.810244e-07 -3.154845e-07 5.561474e-05 -3.561027e-04 -6.592346e-06 3.699296e-05
 8969.000000 -3.063702e-05 -4.247857e-07 -2.814733e-07 -3.158458e-07 6.497739e-05 -3.456138e-04 -4.391839e-07 4.301808e-05
 8969.200000 -3.072691e-05 -4.233831e-07 -2.806479e-07 -3.168208e-07 7.430881e-05 -3.641344e-04 1.427401e-05 4.434465e-05
 8969.400000 -3.073866e-05 -4.243800e-07 -2.810717e-07 -3.170911e-07 7.338989e-05 -3.596123e-04 1.031187e-06 5.218750e-05
 8969.600000 -3.074295e-05 -4.244340e-07 -2.808763e-07 -3.175411e-07 7.213350e-05 -3.301692e-04 -7.557086e-06 4.611001e-05
 8969.800000 -3.073601e-05 -4.237526e-07 -2.799741e-07 -3.175181e-07 7.531196e-05 -3.337523e-04 -6.961786e-06 6.019029e-05
 8970.000000 -3.069332e-05 -4.241990e-07 -2.796922e-07 -3.171257e-07 7.299363e-05 -3.445906e-04 -9.269619e-06 5.695566e-05
 8970.200000 -3.069068e-05 -4.225646e-07 -2.785498e-07 -3.173043e-07 7.067704e-05 -3.746238e-04 -9.195383e-06 4.773686e-05
 8970.400000 -3.065824e-05 -4.240214e-07 -2.794109e-07 -3.170460e-07 7.697778e-05 -3.601188e-04 -1.740469e-06 5.440529e-05
 8970.600000 -3.067058e-05 -4.228222e-07 -2.785774e-07 -3.172271e-07 8.060924e-05 -3.508519e-04 8.094075e-06 5.203347e-05
 8970.800000 -3.065789e-05 -4.230845e-07 -2.786774e-07 -3.172713e-07 7.508384e-05 -3.578511e-04 9.605255e-06 4.486583e-05
 8971.000000 -3.068327e-05 -4.231714e-07 -2.786032e-07 -3.177206e-07 7.933565e-05 -3.651908e-04 1.457007e-06 3.907796e-05
 8971.200000 -3.062617e-05 -4.228761e-07 -2.782082e-07 -3.173466e-07 8.238039e-05 -3.796357e-04 2.624480e-06 5.252484e-05
 8971.400000 -3.064981e-05 -4.236161e-07 -2.781655e-07 -3.174205e-07 8.040200e-05 -3.730983e-04 -3.727381e-06 4.676056e-05
 8971.600000 -3.071278e-05 -4.240793e-07 -2.781814e-07 -3.182089e-07 9.154651e-05 -3.739158e-04 -2.619244e-06 3.873760e-05
 8971.800000 -3.072022e-05 -4.241801e-07 -2.780989e-07 -3.183232e-07 8.545951e-05 -3.771864e-04 -1.015184e-05 3.547292e-05
 8972.000000 -3.071638e-05 -4.239511e-07 -2.777835e-07 -3.184359e-07 7.814933e-05 -3.944764e-04 -1.893316e-05 3.589026e-05
 8972.200000 -3.062792e-05 -4.232653e-07 -2.770340e-07 -3.179569e-07 7.609426e-05 -3.929672e-04 6.851419e-07 3.648517e-05
 8972.400000 -3.056857e-05 -4.240845e-07 -2.772730e-07 -3.176573e-07 7.920791e-05 -3.692513e-04 1.495086e-05 4.120148e-05
 8972.600000 -3.055397e-05 -4.241694e-07 -2.767387e-07 -3.175241e-07 8.192272e-05 -3.607880e-04 2.031289e-05 3.850989e-05
 8972.800000 -3.053588e-05 -4.243480e-07 -2.762454e-07 -3.175191e-07 8.529180e-05 -3.593503e-04 1.099485e-05 3.636866e-05
 8973.000000 -3.053967e-05 -4.239737e-07 -2.755320e-07 -3.178096e-07 8.511822e-05 -3.634148e-04 1.281921e-05 3.961046e-05
 8973.200000 -3.051652e-05 -4.247451e-07 -2.754488e-07 -3.177767e-07 8.410598e-05 -3.504691e-04 8.980555e-06 4.608585e-05
 8973.400000 -3.048230e-05 -4.245547e-07 -2.748688e-07 -3.177479e-07 7.063989e-05 -3.588850e-04 8.531205e-06 3.968293e-05
 8973.600000 -3.054349e-05 -4.248881e-07 -2.744614e-07 -3.184506e-07 6.368795e-05 -3.584250e-04 1.464894e-05 3.844882e-05
 8973.800000 -3.057288e-05 -4.229241e-07 -2.726487e-07 -3.191969e-07 6.748039e-05 -3.484754e-04 2.234383e-05 4.678071e-05
 8974.000000 -3.049120e-05 -4.246916e-07 -2.730197e-07 -3.184810e-07 6.868397e-05 -3.576848e-04 1.460735e-05 4.565159e-05
 8974.200000 -3.055758e-05 -4.228297e-07 -2.712341e-07 -3.193425e-07 5.937819e-05 -3.382641e-04 2.132956e-05 4.546727e-05
 8974.400000 -3.059682e-05 -4.242335e-07 -2.716663e-07 -3.199525e-07 5.802769e-05 -3.480874e-04 1.745292e-05 4.113242e-05
 8974.600000 -3.058159e-05 -4.240005e-07 -2.706006e-07 -3.200415e-07 6.513974e-05 -3.430804e-04 8.871163e-06 3.024364e-05
 8974.800000 -3.061393e-05 -4.233332e-07 -2.691695e-07 -3.206505e-07 5.175345e-05 -3.506535e-04 1.536980e-05 3.582027e-05
 8975.000000 -3.054975e-05 -4.238405e-07 -2.685991e-07 -3.204203e-07 4.485252e-05 -3.209916e-04 1.385480e-05 3.853719e-05
 8975.200000 -3.055607e-05 -4.224500e-07 -2.667890e-07 -3.208745e-07 5.240897e-05 -3.596894e-04 1.761088e-05 4.564613e-05
 8975.400000 -3.056889e-05 -4.230583e-07 -2.659076e-07 -3.213214e-07 6.112881e-05 -3.611637e-04 1.266744e-05 4.100556e-05
 8975.600000 -3.057094e-05 -4.224447e-07 -2.643123e-07 -3.216217e-07 6.830586e-05 -3.710686e-04 -7.741065e-07 3.649070e-05
 8975.800000 -3.058041e-05 -4.231937e-07 -2.631804e-07 -3.220942e-07 6.383905e-05 -3.764346e-04 9.598073e-06 3.801977e-05
 8976.000000 -3.055459e-05 -4.233340e-07 -2.612646e-07 -3.226688e-07 6.582456e-05 -3.585620e-04 8.057101e-06 3.787043e-05
 8976.200000 -3.057498e-05 -4.227418e-07 -2.585850e-07 -3.232996e-07 6.530458e-05 -3.526149e-04 -9.024887e-06 3.303603e-05
 8976.400000 -3.055557e-05 -4.230584e-07 -2.561561e-07 -3.238355e-07 5.777641e-05 -3.392997e-04 -1.392139e-05 3.912820e-05
 8976.600000 -3.055052e-05 -4.216791e-07 -2.524400e-07 -3.244765e-07 5.459932e-05 -3.477130e-04 4.877566e-06 4.339751e-05
 8976.800000 -3.056276e-05 -4.227845e-07 -2.494245e-07 -3.249215e-07 5.840564e-05 -3.588310e-04 -6.647417e-06 4.033410e-05
 8977.000000 -3.057479e-05 -4.226603e-07 -2.451232e-07 -3.258448e-07 5.982754e-05 -3.188557e-04 -1.001652e-06 4.667899e-05
 8977.200000 -3.056027e-05 -4.225483e-07 -2.400873e-07 -3.266522e-07 5.697341e-05 -3.292205e-04 -9.373805e-07 4.454814e-05
 8977.400000 -3.054788e-05 -4.220077e-07 -2.334227e-07 -3.281431e-07 5.631638e-05 -3.446972e-04 3.036364e-06 5.110555e-05
 8977.600000 -3.054277e-05 -4.224259e-07 -2.262630e-07 -3.295717e-07 5.259520e-05 -3.385887e-04 -3.459633e-06 5.273974e-05
 8977.800000 -3.053160e-05 -4.229919e-07 -2.179053e-07 -3.310125e-07 5.211830e-05 -3.328851e-04 1.073088e-06 5.792672e-05
 8978.000000 -3.052136e-05 -4.215296e-07 -2.081074e-07 -3.329150e-07 5.120459e-05 -3.241726e-04 3.727282e-06 4.855491e-05
 8978.200000 -3.046507e-05 -4.208631e-07 -1.978281e-07 -3.345458e-07 6.533418e-05 -3.282013e-04 3.712257e-06 4.502782e-05
 8978.400000 -3.043662e-05 -4.192109e-07 -1.873637e-07 -3.373471e-07 5.878827e-05 -3.299391e-04 8.459982e-06 4.213357e-05
 8978.600000 -3.038986e-05 -4.200938e-07 -1.775652e-07 -3.402351e-07 5.205162e-05 -3.293091e-04 1.250924e-05 4.756039e-05
 8978.800000 -3.041262e-05 -4.196657e-07 -1.676503e-07 -3.447825e-07 4.986150e-05 -3.198697e-04 1.577901e-05 3.881561e-05
 8979.000000 -3.035882e-05 -4.183037e-07 -1.576350e-07 -3.491479e-07 5.370039e-05 -3.141816e-04 1.315360e-05 3.425070e-05
 8979.200000 -3.031470e-05 -4.179583e-07 -1.488312e-07 -3.542109e-07 5.987486e-05 -3.306639e-04 1.708216e-05 4.451093e-05
 8979.400000 -3.034335e-05 -4.168238e-07 -1.407100e-07 -3.609770e-07 6.171162e-05 -3.043549e-04 1.746607e-05 5.390086e-05
 8979.600000 -3.034021e-05 -4.171692e-07 -1.345256e-07 -3.683336e-07 5.652875e-05 -2.915033e-04 8.198965e-06 4.966754e-05
 8979.800000 -3.034028e-05 -4.158198e-07 -1.291538e-07 -3.768109e-07 5.695796e-05 -2.989522e-04 2.017013e-05 4.844820e-05
 8980.000000 -3.030695e-05 -4.149747e-07 -1.249415e-07 -3.855845e-07 6.148328e-05 -2.942964e-04 1.670152e-05 4.482888e-05
 8980.200000 -3.025690e-05 -4.150051e-07 -1.218874e-07 -3.945544e-07 5.766619e-05 -2.937271e-04 4.868884e-06 4.243904e-05
 8980.400000 -3.026319e-05 -4.133740e-07 -1.192136e-07 -4.040483e-07 5.022105e-05 -3.048517e-04 8.963821e-06 2.686465e-05
 8980.600000 -3.029007e-05 -4.138128e-07 -1.179166e-07 -4.126425e-07 5.669458e-05 -2.938723e-04 -2.282284e-06 3.231431e-05
 8980.800000 -3.029327e-05 -4.128347e-07 -1.164331e-07 -4.197945e-07 5.407481e-05 -3.219304e-04 -4.205809e-06 4.515434e-05
 8981.000000 -3.027416e-05 -4.131069e-07 -1.164269e-07 -4.245240e-07 5.650377e-05 -3.177315e-04 5.680592e-06 4.225430e-05
 8981.200000 -3.026099e-05 -4.119590e-07 -1.163179e-07 -4.278207e-07 5.528775e-05 -3.171877e-04 8.268241e-06 3.406799e-05
 8981.400000 -3.023355e-05 -4.121067e-07 -1.167828e-07 -4.289431e-07 5.732777e-05 -3.199682e-04 5.840560e-06 4.210586e-05
 8981.600000 -3.020617e-05 -4.107598e-07 -1.171092e-07 -4.278680e-07 6.153815e-05 -3.007843e-04 1.066867e-05 4.758941e-05
 8981.800000 -3.018313e-05 -4.109644e-07 -1.177353e-07 -4.257098e-07 6.184571e-05 -2.934142e-04 5.522734e-06 5.534579e-05
 8982.000000 -3.020690e-05 -4.121070e-07 -1.186495e-07 -4.236557e-07 6.936017e-05 -2.855358e-04 -5.518193e-07 5.312948e-05
 8982.200000 -3.020938e-05 -4.123623e-07 -1.191192e-07 -4.203143e-07 7.278512e-05 -2.831687e-04 -2.550881e-06 5.139236e-05
 8982.400000 -3.017698e-05 -4.123436e-07 -1.196901e-07 -4.168898e-07 6.630335e-05 -2.725902e-04 -1.714877e-06 5.576176e-05
 8982.600000 -2.999664e-05 -4.138868e-07 -1.203092e-07 -4.114030e-07 5.656758e-05 -2.542891e-04 -3.651357e-05 4.997423e-05
 8982.800000 -2.980596e-05 -4.180180e-07 -1.213299e-07 -4.060851e-07 5.635424e-05 -2.841672e-04 -1.620284e-05 5.462778e-05
 8983.000000 -2.980627e-05 -4.176583e-07 -1.209582e-07 -4.043156e-07 5.277463e-05 -2.653497e-04 -1.440182e-05 6.066496e-05
 8983.200000 -2.997099e-05 -4.146981e-07 -1.195747e-07 -4.054152e-07 6.084509e-05 -2.750808e-04 3.405471e-06 6.168496e-05
 8983.400000 -3.009931e-05 -4.129160e-07 -1.178417e-07 -4.066512e-07 6.896122e-05 -2.768206e-04 -1.114037e-05 5.676222e-05
 8983.600000 -3.012958e-05 -4.130612e-07 -1.166848e-07 -4.068796e-07 7.755821e-05 -2.654767e-04 -1.321384e-05 4.986581e-05
 8983.800000 -3.006839e-05 -4.142545e-07 -1.157212e-07 -4.064591e-07 7.478377e-05 -2.531829e-04 -2.179864e-05 5.390856e-05
 8984.000000 -3.001128e-05 -4.120934e-07 -1.135721e-07 -4.067385e-07 5.535946e-05 -2.859523e-04 -1.857183e-05 5.495234e-05
 8984.200000 -3.008520e-05 -4.136143e-07 -1.123080e-07 -4.091489e-07 4.807700e-05 -3.216616e-04 -1.390735e-05 5.882971e-05
 8984.400000 -3.011697e-05 -4.112779e-07 -1.099528e-07 -4.115319e-07 5.939780e-05 -3.317290e-04 -2.094547e-05 4.889573e-05
 8984.600000 -3.008699e-05 -4.119857e-07 -1.087261e-07 -4.127226e-07 6.478140e-05 -3.282856e-04 -5.928617e-06 5.126163e-05
 8984.800000 -3.004623e-05 -4.120691e-07 -1.073307e-07 -4.137637e-07 7.057189e-05 -2.964417e-04 -9.600451e-07 4.681996e-05
 8985.000000 -3.010654e-05 -4.120845e-07 -1.056730e-07 -4.167163e-07 7.548204e-05 -3.167994e-04 1.390877e-05 5.389651e-05
 8985.200000 -3.011519e-05 -4.133635e-07 -1.044626e-07 -4.186793e-07 8.124886e-05 -3.241899e-04 1.074684e-05 6.312214e-05
 8985.400000 -3.007316e-05 -4.110546e-07 -1.023258e-07 -4.199616e-07 7.640440e-05 -3.155347e-04 5.334808e-06 5.431751e-05
 8985.600000 -3.005820e-05 -4.113649e-07 -1.008064e-07 -4.219198e-07 7.662368e-05 -3.173640e-04 1.732868e-05 6.060577e-05
 8985.800000 -3.005782e-05 -4.110687e-07 -9.924088e-08 -4.237341e-07 7.117649e-05 -3.342520e-04 1.553659e-05 5.727975e-05
 8986.000000 -3.001342e-05 -4.115885e-07 -9.789499e-08 -4.245222e-07 7.056586e-05 -2.726794e-04 2.550424e-05 6.438328e-05
 8986.200000 -3.003275e-05 -4.118943e-07 -9.642836e-08 -4.263383e-07 6.587601e-05 -2.928436e-04 1.689548e-05 6.640208e-05
 8986.400000 -3.007223e-05 -4.108363e-07 -9.499918e-08 -4.290707e-07 6.593164e-05 -3.064914e-04 7.595746e-06 5.609342e-05
 8986.600000 -3.008965e-05 -4.123910e-07 -9.405421e-08 -4.314118e-07 6.073353e-05 -3.079453e-04 5.414816e-06 4.796647e-05
 8986.800000 -3.007071e-05 -4.111231e-07 -9.203320e-08 -4.331898e-07 6.411035e-05 -2.979600e-04 1.221555e-05 5.240918e-05
 8987.000000 -3.000736e-05 -4.103853e-07 -8.978401e-08 -4.340995e-07 6.101409e-05 -3.150578e-04 8.325289e-06 5.483918e-05
 8987.200000 -2.983919e-05 -4.127390e-07 -8.815586e-08 -4.331493e-07 6.944929e-05 -3.084265e-04 1.154860e-05 5.791770e-05
 8987.400000 -2.969247e-05 -4.143807e-07 -8.648064e-08 -4.329817e-07 6.008903e-05 -3.099094e-04 2.110470e-05 6.493295e-05
 8987.600000 -2.991256e-05 -4.113313e-07 -8.408129e-08 -4.384109e-07 6.885663e-05 -3.025470e-04 9.772558e-06 6.080587e-05
 8987.800000 -3.000775e-05 -4.091661e-07 -8.187677e-08 -4.424312e-07 7.324017e-05 -2.991293e-04 9.242430e-06 6.192289e-05
 8988.000000 -3.002984e-05 -4.101053e-07 -8.008332e-08 -4.451288e-07 7.078923e-05 -3.328236e-04 9.073655e-06 6.652388e-05
 8988.200000 -3.002569e-05 -4.089511e-07 -7.781854e-08 -4.472218e-07 7.738594e-05 -3.591066e-04 1.786894e-05 6.201105e-05
 8988.400000 -2.999404e-05 -4.093818e-07 -7.555599e-08 -4.490103e-07 7.970937e-05 -3.165620e-04 1.118187e-05 6.200202e-05
 8988.600000 -2.996442e-05 -4.084858e-07 -7.290772e-08 -4.508366e-07 7.627248e-05 -3.255100e-04 1.987459e-05 6.272390e-05
 8988.800000 -2.998318e-05 -4.092821e-07 -7.067682e-08 -4.531566e-07 6.200525e-05 -3.609415e-04 2.260194e-05 5.850215e-05
 8989.000000 -2.998965e-05 -4.088974e-07 -6.847632e-08 -4.556035e-07 6.559169e-05 -3.545011e-04 2.042326e-07 5.185611e-05
 8989.200000 -2.996663e-05 -4.089699e-07 -6.647173e-08 -4.573581e-07 6.266105e-05 -3.194291e-04 4.505035e-06 5.297192e-05
 8989.400000 -2.999256e-05 -4.088625e-07 -6.434972e-08 -4.602715e-07 5.772204e-05 -3.452024e-04 1.218952e-05 5.509793e-05
 8989.600000 -2.995581e-05 -4.076218e-07 -6.244245e-08 -4.622466e-07 5.953291e-05 -3.545766e-04 1.794284e-05 5.808044e-05
 8989.800000 -2.991836e-05 -4.079537e-07 -6.041751e-08 -4.641783e-07 6.404066e-05 -3.766947e-04 -1.738695e-07 4.584597e-05
 8990.000000 -2.993719e-05 -4.063205e-07 -5.809509e-08 -4.671555e-07 6.546554e-05 -3.819640e-04 -6.028837e-06 4.910491e-05
 8990.200000 -2.993929e-05 -4.080380e-07 -5.641952e-08 -4.697969e-07 6.445033e-05 -3.618469e-04 6.108831e-07 6.289034e-05
 8990.400000 -2.991216e-05 -4.060013e-07 -5.465483e-08 -4.720672e-07 6.498867e-05 -3.422044e-04 3.622112e-06 5.585339e-05
 8990.600000 -2.989101e-05 -4.059783e-07 -5.301790e-08 -4.744004e-07 6.750424e-05 -3.512965e-04 8.702368e-06 6.536120e-05
 8990.800000 -2.991672e-05 -4.064808e-07 -5.161970e-08 -4.774139e-07 7.892892e-05 -3.389290e-04 7.198911e-06 6.758974e-05
 8991.000000 -2.991637e-05 -4.060111e-07 -5.033204e-08 -4.802064e-07 8.285210e-05 -3.032796e-04 1.293902e-05 6.291993e-05
 8991.200000 -2.990187e-05 -4.058880e-07 -4.909344e-08 -4.829864e-07 7.422440e-05 -3.334145e-04 5.783734e-06 5.688215e-05
 8991.400000 -2.982114e-05 -4.050423e-07 -4.762000e-08 -4.840593e-07 8.249102e-05 -3.451756e-04 6.000407e-06 5.649005e-05
 8991.600000 -2.971825e-05 -4.054445e-07 -4.667731e-08 -4.847498e-07 7.852742e-05 -3.302550e-04 -3.116687e-06 5.988084e-05
 8991.800000 -2.962551e-05 -4.067764e-07 -4.619189e-08 -4.849223e-07 7.500353e-05 -3.121942e-04 -2.441827e-06 6.361762e-05
 8992.000000 -2.960550e-05 -4.064287e-07 -4.525038e-08 -4.867183e-07 7.231629e-05 -3.199820e-04 2.671502e-06 6.681920e-05
 8992.200000 -2.976375e-05 -4.032216e-07 -4.399795e-08 -4.915407e-07 7.109082e-05 -3.313880e-04 7.018179e-06 6.291928e-05
 8992.400000 -2.984500e-05 -4.041626e-07 -4.336333e-08 -4.947374e-07 6.938245e-05 -3.223322e-04 4.836544e-06 6.434706e-05
 8992.600000 -2.982224e-05 -4.035217e-07 -4.273572e-08 -4.958789e-07 7.298714e-05 -3.179248e-04 4.591598e-06 6.583147e-05
 8992.800000 -2.980966e-05 -4.036507e-07 -4.239534e-08 -4.971229e-07 7.530241e-05 -3.216461e-04 6.366892e-07 6.389487e-05
 8993.000000 -2.979663e-05 -4.030972e-07 -4.221876e-08 -4.976912e-07 7.940292e-05 -3.457050e-04 1.382702e-05 7.486432e-05
 8993.200000 -2.972867e-05 -4.024057e-07 -4.215603e-08 -4.972841e-07 7.899104e-05 -3.474226e-04 1.024509e-05 6.445654e-05
 8993.400000 -2.969252e-05 -4.038566e-07 -4.243187e-08 -4.974058e-07 8.517406e-05 -3.197349e-04 1.151172e-05 6.187720e-05
 8993.600000 -2.977029e-05 -4.027304e-07 -4.223800e-08 -4.996443e-07 8.911315e-05 -3.061080e-04 1.215425e-05 5.442312e-05
 8993.800000 -2.979617e-05 -4.034299e-07 -4.220720e-08 -5.013653e-07 7.227338e-05 -3.260737e-04 2.112553e-05 5.792300e-05
 8994.000000 -2.978826e-05 -4.025869e-07 -4.204944e-08 -5.018252e-07 7.487418e-05 -2.992460e-04 1.282815e-05 6.619536e-05
 8994.200000 -2.976627e-05 -4.020055e-07 -4.213457e-08 -5.021350e-07 7.526788e-05 -3.245971e-04 1.671765e-05 7.415464e-05
 8994.400000 -2.975154e-05 -4.029898e-07 -4.287611e-08 -5.023174e-07 7.202534e-05 -3.265847e-04 3.745776e-06 6.529319e-05
 8994.600000 -2.975690e-05 -4.016697e-07 -4.348780e-08 -5.031089e-07 7.106947e-05 -3.031902e-04 1.026397e-05 7.202809e-05
 8994.800000 -2.974843e-05 -4.029867e-07 -4.419435e-08 -5.034431e-07 7.320759e-05 -3.425979e-04 1.815081e-05 6.460201e-05
 8995.000000 -2.974990e-05 -4.020455e-07 -4.472389e-08 -5.039045e-07 7.573951e-05 -3.277749e-04 3.009798e-05 7.094197e-05
 8995.200000 -2.974580e-05 -4.017441e-07 -4.511701e-08 -5.042511e-07 7.653155e-05 -3.286444e-04 2.590476e-05 6.705494e-05
 8995.400000 -2.971830e-05 -4.018288e-07 -4.528506e-08 -5.039552e-07 7.392839e-05 -3.104327e-04 1.536750e-05 5.741321e-05
 8995.600000 -2.960852e-05 -4.013945e-07 -4.555059e-08 -5.018844e-07 7.245139e-05 -2.896087e-04 2.899491e-06 5.590233e-05
 8995.800000 -2.960643e-05 -4.017747e-07 -4.647184e-08 -5.012576e-07 7.418799e-05 -3.201039e-04 4.292593e-06 6.442693e-05
 8996.000000 -2.967523e-05 -4.010263e-07 -4.695795e-08 -5.024415e-07 8.133540e-05 -3.386812e-04 6.911438e-06 6.261367e-05
 8996.200000 -2.972199e-05 -4.011871e-07 -4.762930e-08 -5.027764e-07 8.083115e-05 -3.214623e-04 1.838493e-05 5.884182e-05
 8996.400000 -2.971582e-05 -4.016448e-07 -4.823188e-08 -5.023288e-07 8.065455e-05 -3.174620e-04 2.203374e-05 6.012883e-05
 8996.600000 -2.969588e-05 -4.005656e-07 -4.838568e-08 -5.012586e-07 7.982721e-05 -3.182550e-04 2.228121e-05 5.407532e-05
 8996.800000 -2.970756e-05 -4.017240e-07 -4.876145e-08 -5.005291e-07 7.844854e-05 -3.097772e-04 2.628220e-05 5.599390e-05
 8997.000000 -2.970722e-05 -4.012299e-07 -4.883066e-08 -5.000385e-07 7.995110e-05 -3.108368e-04 2.896114e-05 5.948401e-05
 8997.200000 -2.969281e-05 -4.020787e-07 -4.914831e-08 -4.984777e-07 8.209029e-05 -3.117732e-04 4.201264e-05 6.821310e-05
 8997.400000 -2.966291e-05 -4.015066e-07 -4.927775e-08 -4.968178e-07 8.458717e-05 -3.107123e-04 2.871024e-05 6.079690e-05
 8997.600000 -2.966203e-05 -4.020186e-07 -4.953943e-08 -4.958705e-07 8.138292e-05 -3.211297e-04 1.155176e-05 4.947548e-05
 8997.800000 -2.964684e-05 -4.014638e-07 -4.964865e-08 -4.945826e-07 8.533202e-05 -3.388910e-04 1.847194e-05 5.642089e-05
 8998.000000 -2.966894e-05 -4.018273e-07 -4.967595e-08 -4.938100e-07 8.115452e-05 -3.596715e-04 1.007701e-05 6.246784e-05
 8998.200000 -2.966659e-05 -4.010662e-07 -4.936413e-08 -4.928641e-07 7.665014e-05 -3.620553e-04 1.295674e-05 6.793032e-05
 8998.400000 -2.965785e-05 -4.016483e-07 -4.930310e-08 -4.918342e-07 6.743125e-05 -3.650245e-04 1.862639e-05 5.947322e-05
 8998.600000 -2.962727e-05 -4.017264e-07 -4.905834e-08 -4.904816e-07 6.434922e-05 -3.718520e-04 7.558770e-06 5.274296e-05
 8998.800000 -2.961862e-05 -4.006682e-07 -4.875501e-08 -4.891898e-07 6.790119e-05 -3.373629e-04 2.382189e-05 5.948772e-05
 8999.000000 -2.961125e-05 -4.014436e-07 -4.865583e-08 -4.882654e-07 7.050286e-05 -3.271740e-04 2.444886e-05 5.762804e-05
 8999.200000 -2.960038e-05 -4.001320e-07 -4.815509e-08 -4.874299e-07 6.656587e-05 -3.522220e-04 2.591315e-05 5.335840e-05
 8999.400000 -2.960229e-05 -4.021951e-07 -4.799821e-08 -4.864671e-07 7.160502e-05 -3.467358e-04 1.702135e-05 5.360446e-05
 8999.600000 -2.959866e-05 -4.010739e-07 -4.743835e-08 -4.857864e-07 6.999280e-05 -3.587848e-04 1.045343e-05 5.984177e-05
 8999.800000 -2.959558e-05 -4.003512e-07 -4.705961e-08 -4.849563e-07 6.835182e-05 -3.597805e-04 2.659693e-05 4.942710e-05
 9000.000000 -2.956240e-05 -4.021077e-07 -4.670178e-08 -4.834514e-07 7.972772e-05 -3.888770e-04 2.302590e-05 4.552300e-05
 9000.200000 -2.952431e-05 -4.000488e-07 -4.586514e-08 -4.823452e-07 8.732695e-05 -3.832922e-04 1.965234e-05 4.329590e-05
 9000.400000 -2.943765e-05 -4.018059e-07 -4.515695e-08 -4.800140e-07 7.871305e-05 -3.584134e-04 1.763116e-05 3.621902e-05
 9000.600000 -2.948098e-05 -4.003395e-07 -4.429638e-08 -4.808083e-07 7.642674e-05 -3.963275e-04 2.920743e-05 4.065687e-05
 9000.800000 -2.948282e-05 -3.998866e-07 -4.356047e-08 -4.802382e-07 7.576558e-05 -4.056636e-04 1.612102e-05 4.570004e-05
 9001.000000 -2.949015e-05 -4.003342e-07 -4.304913e-08 -4.800658e-07 7.632965e-05 -3.775064e-04 7.084531e-06 4.315641e-05
 9001.200000 -2.941008e-05 -3.994529e-07 -4.268457e-08 -4.783837e-07 7.808026e-05 -3.917808e-04 9.807636e-06 4.158147e-05
 9001.400000 -2.926239e-05 -3.983933e-07 -4.210068e-08 -4.759454e-07 8.529414e-05 -3.999180e-04 9.469480e-06 5.036275e-05
 9001.600000 -2.908839e-05 -3.961039e-07 -4.124894e-08 -4.732794e-07 7.620400e-05 -3.855266e-04 1.075769e-05 5.666758e-05
 9001.800000 -2.892846e-05 -3.946268e-07 -4.055345e-08 -4.707945e-07 6.880612e-05 -3.568318e-04 7.114280e-06 5.316878e-05
 9002.000000 -2.887775e-05 -3.940526e-07 -4.008880e-08 -4.701513e-07 6.687306e-05 -3.839553e-04 1.162651e-05 5.267093e-05
 9002.200000 -2.891771e-05 -3.926640e-07 -3.967235e-08 -4.708739e-07 6.802666e-05 -3.697678e-04 1.457392e-05 5.251162e-05
 9002.400000 -2.899842e-05 -3.955496e-07 -4.001058e-08 -4.717264e-07 7.121483e-05 -3.871595e-04 1.323006e-05 5.371801e-05
 9002.600000 -2.910485e-05 -3.963908e-07 -4.053002e-08 -4.728926e-07 6.844653e-05 -3.858887e-04 1.303409e-05 6.582560e-05
 9002.800000 -2.922230e-05 -3.986125e-07 -4.088699e-08 -4.745250e-07 6.400995e-05 -3.615444e-04 8.787864e-06 5.464906e-05
 9003.000000 -2.937759e-05 -4.011771e-07 -4.130044e-08 -4.774274e-07 7.455597e-05 -3.582921e-04 5.688176e-06 5.550575e-05
 9003.200000 -2.952017e-05 -4.020315e-07 -4.163245e-08 -4.796960e-07 7.877354e-05 -3.663450e-04 7.573709e-06 6.318861e-05
 9003.400000 -2.958118e-05 -4.046065e-07 -4.208553e-08 -4.812369e-07 8.007757e-05 -3.641179e-04 -4.228644e-06 5.776560e-05
 9003.600000 -2.957935e-05 -4.035448e-07 -4.224319e-08 -4.809436e-07 7.040717e-05 -3.761264e-04 2.088124e-06 6.161019e-05
 9003.800000 -2.958380e-05 -4.039440e-07 -4.289405e-08 -4.809464e-07 7.782209e-05 -3.879050e-04 -3.386651e-07 6.883643e-05
 9004.000000 -2.955043e-05 -4.022532e-07 -4.347148e-08 -4.808194e-07 8.116898e-05 -4.036458e-04 1.144531e-05 7.052604e-05
 9004.200000 -2.954412e-05 -4.031997e-07 -4.413275e-08 -4.805157e-07 7.689039e-05 -3.981946e-04 6.416706e-06 5.795786e-05
 9004.400000 -2.956858e-05 -4.033296e-07 -4.468985e-08 -4.815361e-07 7.588224e-05 -3.888492e-04 1.934880e-05 5.091162e-05
 9004.600000 -2.955873e-05 -4.031913e-07 -4.497785e-08 -4.818173e-07 8.551732e-05 -3.961859e-04 9.110755e-06 5.649566e-05
 9004.800000 -2.954978e-05 -4.030022e-07 -4.507970e-08 -4.817859e-07 8.510133e-05 -3.811620e-04 3.311065e-06 4.981037e-05
 9005.000000 -2.954258e-05 -4.031220e-07 -4.530712e-08 -4.818799e-07 8.226807e-05 -3.885235e-04 1.206851e-05 5.339068e-05
 9005.200000 -2.952175e-05 -4.034127e-07 -4.601917e-08 -4.815887e-07 8.536440e-05 -3.877746e-04 7.862242e-08 4.730139e-05
 9005.400000 -2.946658e-05 -4.021797e-07 -4.631042e-08 -4.810365e-07 7.897527e-05 -4.073668e-04 6.021017e-06 5.136053e-05
 9005.600000 -2.945737e-05 -4.021072e-07 -4.673154e-08 -4.811110e-07 7.812799e-05 -3.895676e-04 2.149147e-06 6.189278e-05
 9005.800000 -2.946311e-05 -4.023521e-07 -4.730107e-08 -4.815890e-07 7.320631e-05 -3.910265e-04 1.698167e-06 6.388818e-05
 9006.000000 -2.948705e-05 -4.025201e-07 -4.774196e-08 -4.824438e-07 7.458576e-05 -3.963363e-04 4.963575e-08 5.920355e-05
 9006.200000 -2.949179e-05 -4.023653e-07 -4.778907e-08 -4.827590e-07 8.008554e-05 -3.708313e-04 8.215348e-06 5.921331e-05
 9006.400000 -2.942947e-05 -4.024646e-07 -4.814423e-08 -4.816775e-07 7.737303e-05 -3.876209e-04 7.758742e-06 5.874703e-05
 9006.600000 -2.939054e-05 -4.032405e-07 -4.881579e-08 -4.813885e-07 7.543456e-05 -3.814125e-04 1.484569e-05 6.189030e-05
 9006.800000 -2.944080e-05 -4.023288e-07 -4.892359e-08 -4.824576e-07 6.506203e-05 -3.772743e-04 -2.100077e-06 5.300221e-05
 9007.000000 -2.944293e-05 -4.031748e-07 -4.931911e-08 -4.826755e-07 7.031279e-05 -3.860990e-04 3.319031e-06 6.117394e-05
 9007.200000 -2.941998e-05 -4.025527e-07 -4.961888e-08 -4.825905e-07 7.872924e-05 -3.407175e-04 6.707961e-06 6.576209e-05
 9007.400000 -2.946140e-05 -4.027743e-07 -5.004362e-08 -4.837783e-07 7.074397e-05 -3.595797e-04 7.647753e-06 6.929371e-05
 9007.600000 -2.946608e-05 -4.038443e-07 -5.032382e-08 -4.839666e-07 7.245166e-05 -3.590572e-04 8.648300e-06 7.263751e-05
 9007.800000 -2.946402e-05 -4.029919e-07 -5.059522e-08 -4.841263e-07 7.199053e-05 -3.579544e-04 -4.579384e-06 6.501335e-05
 9008.000000 -2.946516e-05 -4.037914e-07 -5.119478e-08 -4.842667e-07 7.264528e-05 -3.508151e-04 5.429765e-07 6.406612e-05
 9008.200000 -2.945914e-05 -4.039059e-07 -5.175738e-08 -4.845170e-07 7.683232e-05 -3.700467e-04 -1.628851e-06 5.739114e-05
 9008.400000 -2.942574e-05 -4.029286e-07 -5.194413e-08 -4.842880e-07 7.093699e-05 -3.780196e-04 -8.117197e-06 5.668874e-05
 9008.600000 -2.944612e-05 -4.035532e-07 -5.219473e-08 -4.848557e-07 7.328644e-05 -3.631581e-04 -8.203495e-06 5.814124e-05
 9008.800000 -2.943197e-05 -4.034312e-07 -5.249213e-08 -4.847988e-07 7.697429e-05 -3.693423e-04 -9.011591e-06 6.649022e-05
 9009.000000 -2.941201e-05 -4.033888e-07 -5.246170e-08 -4.846905e-07 6.953184e-05 -3.516991e-04 -2.690974e-06 6.571613e-05
 9009.227860 -2.941556e-05 -4.033974e-07 -5.283505e-08 -4.849812e-07 6.978377e-05 -3.641606e-04 3.319623e-06 7.009289e-05
 9009.483581 -2.941349e-05 -4.033513e-07 -5.320065e-08 -4.852416e-07 7.758413e-05 -3.659559e-04 -2.012876e-06 5.963010e-05
 9009.767162 -2.939432e-05 -4.033799e-07 -5.364745e-08 -4.850921e-07 7.842419e-05 -3.447253e-04 -2.984252e-06 5.418484e-05
 9010.078604 -2.934723e-05 -4.024017e-07 -5.370047e-08 -4.845953e-07 8.164401e-05 -3.522185e-04 -7.263471e-06 4.958092e-05
 9010.417905 -2.932200e-05 -4.016049e-07 -5.350832e-08 -4.844784e-07 7.437394e-05 -3.662684e-04 -9.580782e-06 5.429543e-05
 9010.785067 -2.923838e-05 -3.997138e-07 -5.337603e-08 -4.834078e-07 7.095647e-05 -3.563933e-04 -7.687539e-06 4.983901e-05
 9011.180090 -2.916565e-05 -3.980341e-07 -5.328464e-08 -4.823571e-07 7.567092e-05 -3.595473e-04 -2.382087e-06 5.706186e-05
 9011.602973 -2.907501e-05 -3.985910e-07 -5.340951e-08 -4.806851e-07 7.956996e-05 -3.650425e-04 1.053035e-06 5.349207e-05
 9012.053716 -2.905981e-05 -3.996572e-07 -5.351060e-08 -4.802941e-07 7.551684e-05 -3.755483e-04 -1.531534e-05 4.995356e-05
 9012.532319 -2.906371e-05 -4.010214e-07 -5.322279e-08 -4.801953e-07 7.421145e-05 -3.777961e-04 -1.697529e-05 5.081197e-05
 9013.038783 -2.909833e-05 -4.022397e-07 -5.303000e-08 -4.806652e-07 6.784345e-05 -3.774824e-04 -1.169953e-05 4.783141e-05
 9013.573107 -2.920808e-05 -4.013573e-07 -5.292419e-08 -4.831780e-07 7.463169e-05 -3.829284e-04 -9.546812e-06 4.614017e-05
 9014.135292 -2.934123e-05 -4.025970e-07 -5.243716e-08 -4.858002e-07 7.874207e-05 -3.653533e-04 -1.056871e-05 4.276836e-05
 9014.725337 -2.940951e-05 -4.038369e-07 -5.191931e-08 -4.864473e-07 8.303871e-05 -3.671514e-04 -1.561928e-05 4.891545e-05
 9015.343242 -2.932233e-05 -4.059173e-07 -5.175777e-08 -4.843852e-07 7.789946e-05 -3.985742e-04 -1.873355e-05 5.030492e-05
 9015.989008 -2.927137e-05 -4.064761e-07 -5.088646e-08 -4.825654e-07 7.960143e-05 -4.032901e-04 -1.555153e-05 5.037207e-05
 9016.662634 -2.933007e-05 -4.045576e-07 -4.986234e-08 -4.830273e-07 8.275757e-05 -3.912332e-04 -8.844850e-06 4.445882e-05
 9017.364120 -2.933790e-05 -4.043785e-07 -4.905067e-08 -4.821116e-07 7.575847e-05 -3.576584e-04 -1.436840e-05 4.658023e-05
 9018.093467 -2.936358e-05 -4.046492e-07 -4.798669e-08 -4.816365e-07 7.969327e-05 -3.671940e-04 -1.076474e-05 4.618063e-05
 9018.850674 -2.937745e-05 -4.042343e-07 -4.688167e-08 -4.811378e-07 7.941467e-05 -3.484338e-04 -9.250876e-06 4.434631e-05
 9019.635741 -2.932686e-05 -4.039997e-07 -4.602946e-08 -4.792861e-07 7.016756e-05 -3.581569e-04 -1.731923e-06 4.187159e-05
 9020.448669 -2.929056e-05 -4.039672e-07 -4.477558e-08 -4.780095e-07 6.934911e-05 -3.336322e-04 1.378453e-06 4.440623e-05
 9021.289457 -2.932631e-05 -4.044636e-07 -4.412281e-08 -4.781814e-07 8.376490e-05 -3.253051e-04 -9.074152e-07 5.960917e-05
 9022.158106 -2.929729e-05 -4.047850e-07 -4.314809e-08 -4.771476e-07 8.073910e-05 -3.548982e-04 -4.397285e-06 5.085558e-05
 9023.054614 -2.926951e-05 -4.047328e-07 -4.212027e-08 -4.762481e-07 7.200932e-05 -3.581326e-04 -1.309752e-05 4.936595e-05
 9023.978983 -2.920462e-05 -4.049337e-07 -4.184550e-08 -4.749440e-07 6.343083e-05 -3.461078e-04 -1.118885e-05 5.357135e-05
 9024.931213 -2.915458e-05 -4.050478e-07 -4.133353e-08 -4.742661e-07 6.573146e-05 -3.784678e-04 -9.222919e-06 4.816412e-05
 9025.911303 -2.918758e-05 -4.049219e-07 -4.159180e-08 -4.745216e-07 7.192962e-05 -3.581967e-04 -1.454213e-05 4.630845e-05
 9026.919253 -2.920751e-05 -4.050053e-07 -4.225706e-08 -4.750448e-07 7.144482e-05 -3.298853e-04 -1.395031e-06 5.530650e-05
 9027.955064 -2.913673e-05 -4.045935e-07 -4.311319e-08 -4.736405e-07 7.454783e-05 -3.186282e-04 5.554159e-06 6.330667e-05
 9029.018734 -2.912393e-05 -4.040415e-07 -4.465457e-08 -4.738418e-07 8.249452e-05 -3.333193e-04 -7.008117e-07 5.931815e-05
 9030.110266 -2.914483e-05 -4.034375e-07 -4.601425e-08 -4.750703e-07 7.861143e-05 -3.747258e-04 -1.104141e-05 6.606427e-05
 9031.232723 -2.913636e-05 -4.032288e-07 -4.747567e-08 -4.756142e-07 7.613176e-05 -3.709850e-04 -6.753659e-06 6.614692e-05
 9032.367373 -2.895438e-05 -4.052687e-07 -4.883082e-08 -4.731778e-07 7.320009e-05 -3.692186e-04 -2.742564e-06 6.235574e-05
 9033.514214 -2.891654e-05 -4.051187e-07 -4.989886e-08 -4.736061e-07 7.795339e-05 -3.526808e-04 -9.540576e-06 5.740690e-05
 9034.673248 -2.904047e-05 -4.018676e-07 -4.995434e-08 -4.773648e-07 7.081349e-05 -3.419871e-04 -1.130237e-05 5.901760e-05
 9035.844473 -2.902926e-05 -4.012548e-07 -4.976949e-08 -4.786439e-07 7.229443e-05 -3.447093e-04 -1.612073e-05 5.761888e-05
 9037.027890 -2.896998e-05 -4.016711e-07 -5.007850e-08 -4.789015e-07 6.732653e-05 -3.200150e-04 -7.132072e-06 6.903017e-05
 9038.223499 -2.893637e-05 -4.012188e-07 -4.993441e-08 -4.799823e-07 7.070861e-05 -3.307407e-04 -1.455295e-05 6.998203e-05
 9039.431300 -2.898576e-05 -4.004052e-07 -4.903100e-08 -4.828107e-07 6.908199e-05 -3.093270e-04 -1.792071e-05 6.140121e-05
 9040.651293 -2.894891e-05 -4.005685e-07 -4.877129e-08 -4.834525e-07 7.268965e-05 -3.205470e-04 -2.062230e-05 6.290830e-05
 9041.883478 -2.882277e-05 -4.017386e-07 -4.893360e-08 -4.824805e-07 7.651567e-05 -2.975848e-04 -1.350931e-05 5.855552e-05
 9043.127855 -2.877146e-05 -4.013475e-07 -4.903771e-08 -4.833446e-07 8.021175e-05 -3.065513e-04 -2.387395e-05 5.493200e-05
 9044.384423 -2.883241e-05 -3.996158e-07 -4.890786e-08 -4.861287e-07 7.729781e-05 -3.278636e-04 -2.571543e-05 5.882239e-05
 9045.653184 -2.881958e-05 -3.990891e-07 -4.883833e-08 -4.871836e-07 7.538472e-05 -3.418416e-04 -1.722061e-05 5.408753e-05
 9046.934136 -2.872761e-05 -3.996706e-07 -4.847034e-08 -4.864985e-07 6.830528e-05 -3.481549e-04 -1.302168e-05 4.820053e-05
 9048.227280 -2.873852e-05 -3.996449e-07 -4.790087e-08 -4.871103e-07 7.107852e-05 -3.619671e-04 -6.488108e-06 5.065783e-05
 9049.532617 -2.876369e-05 -3.991555e-07 -4.748738e-08 -4.883093e-07 7.364662e-05 -3.585656e-04 -1.430207e-05 5.132920e-05
 9050.850145 -2.876527e-05 -3.994161e-07 -4.705115e-08 -4.887923e-07 7.582521e-05 -3.340236e-04 -2.239287e-05 5.118908e-05
 9052.179865 -2.876162e-05 -3.992781e-07 -4.682530e-08 -4.887903e-07 8.206764e-05 -3.379459e-04 -2.130004e-05 6.249525e-05
 9053.521777 -2.870932e-05 -3.995182e-07 -4.685797e-08 -4.884451e-07 7.652176e-05 -3.756697e-04 -1.886896e-05 6.105011e-05
 9054.875881 -2.870085e-05 -3.989580e-07 -4.699144e-08 -4.887857e-07 7.305619e-05 -3.417823e-04 -2.505427e-05 5.140229e-05
 9056.242177 -2.867225e-05 -4.001239e-07 -4.686136e-08 -4.883923e-07 7.685368e-05 -3.296590e-04 -1.517169e-05 5.139305e-05
 9057.620664 -2.865620e-05 -4.000023e-07 -4.608773e-08 -4.884655e-07 7.098912e-05 -3.648229e-04 -1.080907e-05 4.869953e-05
 9059.011344 -2.852235e-05 -3.981049e-07 -4.513538e-08 -4.867079e-07 6.468876e-05 -3.416618e-04 -1.156895e-05 4.909496e-05
 9060.414215 -2.842767e-05 -3.972146e-07 -4.448990e-08 -4.856990e-07 6.942718e-05 -3.227112e-04 -1.392989e-05 4.930334e-05
 9061.829279 -2.855102e-05 -3.982368e-07 -4.422746e-08 -4.884599e-07 8.276902e-05 -3.396614e-04 -2.000791e-05 4.600315e-05
 9063.256534 -2.858590e-05 -3.989903e-07 -4.396411e-08 -4.892336e-07 7.740033e-05 -3.508545e-04 -2.512822e-05 4.921809e-05
 9064.695981 -2.853122e-05 -4.002083e-07 -4.346334e-08 -4.887742e-07 6.845293e-05 -3.499798e-04 -1.385303e-05 5.135072e-05
 9066.147620 -2.853918e-05 -3.995685e-07 -4.280397e-08 -4.898064e-07 6.508891e-05 -3.523539e-04 -1.908166e-05 4.592220e-05
 9067.611452 -2.853817e-05 -3.985628e-07 -4.195011e-08 -4.905955e-07 7.087217e-05 -3.613177e-04 -2.293911e-05 4.254921e-05
 9069.087475 -2.849013e-05 -3.988492e-07 -4.125386e-08 -4.903920e-07 8.008720e-05 -3.644878e-04 -2.027096e-05 4.771114e-05
 9070.575689 -2.845051e-05 -4.007110e-07 -4.118063e-08 -4.901883e-07 8.384440e-05 -3.531647e-04 -1.849786e-05 4.783588e-05
 9072.076096 -2.843037e-05 -4.001850e-07 -4.130802e-08 -4.907746e-07 7.427838e-05 -3.556131e-04 -1.378242e-05 5.374547e-05
 9073.588695 -2.834490e-05 -4.016939e-07 -4.179758e-08 -4.897827e-07 6.330465e-05 -3.704190e-04 -1.607120e-05 5.241628e-05
 9075.113485 -2.837148e-05 -4.003985e-07 -4.211979e-08 -4.908735e-07 6.229878e-05 -3.576606e-04 -1.592410e-05 4.864641e-05
 9076.650468 -2.840308e-05 -3.998070e-07 -4.288274e-08 -4.922243e-07 5.962946e-05 -3.482991e-04 -1.273079e-05 5.172582e-05
 9078.199642 -2.840073e-05 -3.993444e-07 -4.415465e-08 -4.925585e-07 5.782218e-05 -3.738032e-04 -1.687362e-05 5.594131e-05
 9079.761009 -2.830915e-05 -4.011876e-07 -4.575341e-08 -4.911176e-07 5.477990e-05 -3.633707e-04 -1.443034e-05 5.091064e-05
 9081.334567 -2.827005e-05 -4.001616e-07 -4.664833e-08 -4.908870e-07 6.191519e-05 -3.436834e-04 -1.119002e-05 1.820133e-05
 9082.920317 -2.824028e-05 -3.984995e-07 -4.720201e-08 -4.910090e-07 6.652927e-05 -3.531755e-04 -2.219317e-05 3.881842e-06
 9084.518259 -2.820941e-05 -3.993328e-07 -4.773762e-08 -4.903862e-07 7.024536e-05 -3.741116e-04 -2.185024e-05 1.074969e-05
 9086.128393 -2.820922e-05 -3.998499e-07 -4.831373e-08 -4.905222e-07 6.010366e-05 -3.854679e-04 -2.749012e-05 8.103280e-06
 9087.750719 -2.819720e-05 -4.008296e-07 -4.892198e-08 -4.903040e-07 5.939163e-05 -3.537239e-04 -2.868349e-05 3.381943e-06
 9089.385237 -2.813849e-05 -4.031172e-07 -4.975000e-08 -4.886588e-07 6.690537e-05 -3.523550e-04 -3.464583e-05 -1.483991e-06
 9091.031946 -2.805177e-05 -4.047608e-07 -5.058712e-08 -4.868361e-07 7.597240e-05 -3.620506e-04 -3.923453e-05 -7.875405e-06
 9092.690848 -2.801600e-05 -4.067223e-07 -5.190922e-08 -4.860201e-07 7.502779e-05 -3.603887e-04 -3.774985e-05 1.118180e-06
 9094.361942 -2.814364e-05 -4.029541e-07 -5.258705e-08 -4.886101e-07 7.981912e-05 -3.684793e-04 -2.732900e-05 3.656152e-06
 9096.045227 -2.819772e-05 -4.017738e-07 -5.319003e-08 -4.897561e-07 7.655712e-05 -3.637817e-04 -2.650929e-05 -7.129634e-06
 9097.740704 -2.814419e-05 -4.020740e-07 -5.364538e-08 -4.890489e-07 7.090237e-05 -3.764893e-04 -1.775158e-05 -2.008846e-06
 9099.448374 -2.814442e-05 -4.020930e-07 -5.356173e-08 -4.895390e-07 7.023562e-05 -3.781607e-04 -2.083143e-05 -8.980672e-06
 9101.168235 -2.815015e-05 -4.016904e-07 -5.299025e-08 -4.901369e-07 6.677386e-05 -3.463112e-04 -1.717106e-05 -6.522314e-06
 9102.900288 -2.815652e-05 -4.009034e-07 -5.224257e-08 -4.905729e-07 7.262155e-05 -3.476862e-04 -2.622918e-05 8.508958e-06
 9104.644533 -2.816682e-05 -4.013507e-07 -5.109667e-08 -4.913729e-07 7.730249e-05 -3.564028e-04 -4.090552e-05 9.478422e-06
 9106.400970 -2.814119e-05 -4.003221e-07 -4.979741e-08 -4.915101e-07 7.024841e-05 -3.376870e-04 -4.296094e-05 -8.261594e-07
 9108.169598 -2.813349e-05 -4.011725e-07 -4.884095e-08 -4.920839e-07 7.962865e-05 -3.345931e-04 -4.285287e-05 -2.204721e-06
 9109.950419 -2.811640e-05 -4.001997e-07 -4.798029e-08 -4.927559e-07 8.009478e-05 -3.547557e-04 -3.962132e-05 -6.345786e-06
 9111.743432 -2.811123e-05 -4.000629e-07 -4.778185e-08 -4.937653e-07 8.336034e-05 -3.617124e-04 -3.400569e-05 9.400193e-06
 9113.548636 -2.802311e-05 -4.028318e-07 -4.794086e-08 -4.925749e-07 8.772629e-05 -3.622775e-04 -1.979634e-05 1.482119e-05
 9115.366032 -2.790911e-05 -4.045301e-07 -4.809988e-08 -4.912674e-07 8.063214e-05 -3.716347e-04 -2.927319e-05 1.104431e-05
 9117.195621 -2.791682e-05 -4.053213e-07 -4.803827e-08 -4.922511e-07 7.964236e-05 -3.770182e-04 -3.732445e-05 7.724674e-06
 9119.037401 -2.796448e-05 -4.016091e-07 -4.716379e-08 -4.944049e-07 7.413783e-05 -3.629711e-04 -2.963574e-05 1.721819e-05
 9120.891373 -2.796677e-05 -4.012474e-07 -4.693884e-08 -4.953180e-07 7.663526e-05 -3.597587e-04 -3.573916e-05 1.793502e-05
 9122.757537 -2.801388e-05 -3.990977e-07 -4.590334e-08 -4.971378e-07 8.605429e-05 -3.817065e-04 -3.745641e-05 1.725477e-05
 9124.635893 -2.802711e-05 -3.987612e-07 -4.472257e-08 -4.988180e-07 7.921993e-05 -3.652773e-04 -2.597920e-05 1.499879e-05
 9126.526441 -2.802295e-05 -3.997236e-07 -4.331518e-08 -4.996234e-07 7.844076e-05 -3.732825e-04 -3.359157e-05 1.146827e-05
 9128.429181 -2.795466e-05 -3.984328e-07 -4.173407e-08 -4.995140e-07 8.278212e-05 -3.790774e-04 -4.475421e-05 1.265223e-05
 9130.344112 -2.785508e-05 -3.984270e-07 -4.135048e-08 -4.985491e-07 8.600833e-05 -3.667510e-04 -4.058128e-05 1.162617e-05
 9132.271236 -2.794248e-05 -3.991819e-07 -4.139832e-08 -5.010215e-07 8.947365e-05 -3.567499e-04 -3.729917e-05 7.176352e-06
 9134.210552 -2.793887e-05 -3.992512e-07 -4.177416e-08 -5.018279e-07 8.525704e-05 -3.477075e-04 -3.793545e-05 1.066175e-05
 9136.162059 -2.790917e-05 -3.986054e-07 -4.222328e-08 -5.020349e-07 8.004739e-05 -3.472035e-04 -4.084165e-05 1.966396e-05
 9138.125758 -2.787172e-05 -3.985399e-07 -4.252815e-08 -5.020029e-07 6.966681e-05 -3.460629e-04 -4.089059e-05 1.446498e-05
 9140.101649 -2.790915e-05 -3.995960e-07 -4.349312e-08 -5.035379e-07 6.320655e-05 -3.608518e-04 -3.117217e-05 1.437409e-05
 9142.089733 -2.790192e-05 -3.995071e-07 -4.420882e-08 -5.042188e-07 7.959888e-05 -3.507709e-04 -2.906137e-05 2.177387e-05
 9144.090008 -2.789132e-05 -4.002741e-07 -4.563433e-08 -5.045984e-07 7.109677e-05 -3.446848e-04 -2.472684e-05 2.161308e-05
 9146.102475 -2.786512e-05 -3.995662e-07 -4.723116e-08 -5.045277e-07 6.774574e-05 -3.394011e-04 -2.834224e-05 2.093725e-05
 9148.127133 -2.783545e-05 -4.020771e-07 -4.929765e-08 -5.043910e-07 7.551647e-05 -3.372457e-04 -2.014621e-05 1.987828e-05
 9150.163984 -2.781760e-05 -4.014563e-07 -5.122476e-08 -5.045241e-07 7.179008e-05 -3.467790e-04 -2.135215e-05 2.005096e-05
 9152.213027 -2.780440e-05 -4.007562e-07 -5.292450e-08 -5.049781e-07 6.911659e-05 -3.068539e-04 -2.893860e-05 6.258150e-06
 9154.274261 -2.759355e-05 -3.974634e-07 -5.414289e-08 -5.018706e-07 8.731006e-05 -3.095838e-04 -2.101022e-05 1.115988e-05
 9156.347688 -2.740883e-05 -3.942445e-07 -5.508527e-08 -4.993973e-07 7.859387e-05 -3.230092e-04 -8.952015e-06 1.451920e-05
 9158.433306 -2.780376e-05 -4.038908e-07 -5.697449e-08 -5.065023e-07 8.630551e-05 -3.205760e-04 -1.133048e-05 1.474531e-05
 9160.531117 -2.778382e-05 -4.036886e-07 -5.694848e-08 -5.070238e-07 9.276895e-05 -3.283936e-04 -1.737115e-05 4.759795e-06
 9162.641119 -2.777579e-05 -4.024068e-07 -5.603354e-08 -5.077199e-07 8.480866e-05 -3.501118e-04 -2.522987e-05 3.986471e-06
 9164.763313 -2.780512e-05 -4.020458e-07 -5.455227e-08 -5.089308e-07 7.324995e-05 -3.161863e-04 -2.166678e-05 1.224731e-05
 9166.897699 -2.776781e-05 -4.003265e-07 -5.257122e-08 -5.090424e-07 6.944085e-05 -3.074251e-04 -2.165406e-05 1.672018e-05
 9169.044277 -2.753654e-05 -3.954705e-07 -5.029717e-08 -5.061316e-07 6.086194e-05 -3.143077e-04 -1.976215e-05 1.105825e-05
 9171.203047 -2.749675e-05 -3.975909e-07 -4.939145e-08 -5.056925e-07 5.727043e-05 -3.038911e-04 -5.597424e-06 8.899228e-06
 9173.374008 -2.772022e-05 -4.012195e-07 -4.927732e-08 -5.107631e-07 5.773790e-05 -3.301127e-04 -1.675084e-05 1.332229e-05
 9175.557162 -2.779423e-05 -4.012795e-07 -4.917687e-08 -5.127294e-07 6.342643e-05 -3.313122e-04 -1.646352e-05 2.274370e-05
 9177.752508 -2.780816e-05 -4.013590e-07 -4.908211e-08 -5.137105e-07 8.067175e-05 -3.349496e-04 -1.067101e-05 1.830106e-05
 9179.960045 -2.780798e-05 -4.019218e-07 -4.912180e-08 -5.144275e-07 8.105622e-05 -3.267842e-04 -1.129980e-05 2.258216e-05
 9182.179775 -2.779669e-05 -4.016385e-07 -4.920247e-08 -5.148453e-07 7.676551e-05 -3.314923e-04 -2.549360e-05 9.001812e-06
 9184.411696 -2.781040e-05 -4.016460e-07 -4.943727e-08 -5.157293e-07 7.243145e-05 -3.230662e-04 -1.316408e-05 1.040619e-05
 9186.655809 -2.779391e-05 -4.029515e-07 -4.982722e-08 -5.160855e-07 7.694748e-05 -3.332051e-04 -7.251774e-06 8.566825e-06
 9188.912114 -2.777866e-05 -4.042219e-07 -5.039171e-08 -5.162031e-07 7.653143e-05 -3.405788e-04 -2.037266e-05 -6.983021e-06
 9191.180611 -2.776666e-05 -4.051616e-07 -5.059093e-08 -5.168675e-07 7.375264e-05 -3.211043e-04 -1.962647e-05 2.588474e-06
 9193.461300 -2.781185e-05 -4.048885e-07 -5.058826e-08 -5.187195e-07 6.963700e-05 -3.320713e-04 -4.552350e-06 3.991072e-06
 9195.754181 -2.780735e-05 -4.045325e-07 -5.064891e-08 -5.195069e-07 7.235901e-05 -3.520243e-04 -7.371216e-06 1.290098e-05
 9198.059254 -2.783632e-05 -4.050963e-07 -5.068318e-08 -5.207726e-07 6.891515e-05 -3.370066e-04 -5.499371e-06 7.844534e-07
 9200.376518 -2.789373e-05 -4.037775e-07 -5.019469e-08 -5.227215e-07 7.018034e-05 -3.411700e-04 4.160682e-09 -1.533281e-06
 9202.705975 -2.787561e-05 -4.050378e-07 -4.944604e-08 -5.232679e-07 7.800905e-05 -3.544527e-04 2.645450e-07 -8.713771e-07
 9205.047623 -2.789295e-05 -4.066705e-07 -4.832389e-08 -5.244732e-07 5.927857e-05 -3.451239e-04 -1.440445e-05 -2.103494e-06
 9207.401464 -2.790749e-05 -4.072742e-07 -4.769490e-08 -5.255215e-07 6.141617e-05 -3.566242e-04 -1.823109e-05 -8.714057e-06
 9209.767496 -2.792653e-05 -4.080785e-07 -4.754039e-08 -5.261005e-07 5.382087e-05 -3.634786e-04 -1.441650e-05 -9.112550e-06
 9212.145720 -2.797018e-05 -4.084562e-07 -4.774036e-08 -5.276224e-07 6.055653e-05 -3.317490e-04 -1.181449e-05 -6.173758e-06
 9214.536136 -2.798852e-05 -4.080804e-07 -4.807000e-08 -5.288445e-07 5.815071e-05 -3.327760e-04 -1.499660e-05 -7.571903e-06
 9216.938744 -2.800443e-05 -4.080813e-07 -4.847181e-08 -5.301332e-07 6.801642e-05 -3.555108e-04 -7.146759e-06 -2.342182e-07
 9219.353544 -2.800646e-05 -4.074780e-07 -4.886549e-08 -5.309682e-07 6.627936e-05 -3.291307e-04 -9.004410e-06 1.885120e-06
 9221.780536 -2.800055e-05 -4.090118e-07 -4.993483e-08 -5.314866e-07 6.966257e-05 -2.757994e-04 -7.511423e-07 -5.052068e-06
 9224.219720 -2.802999e-05 -4.079606e-07 -5.111653e-08 -5.330032e-07 7.754670e-05 -2.845229e-04 -6.614365e-06 -3.445687e-07
 9226.671096 -2.805304e-05 -4.076349e-07 -5.215157e-08 -5.342372e-07 6.596971e-05 -2.848979e-04 -1.399731e-05 4.478787e-06
 9229.134663 -2.806637e-05 -4.093613e-07 -5.357658e-08 -5.354172e-07 6.158914e-05 -3.063058e-04 -1.622780e-05 2.119079e-06
 9231.610423 -2.803361e-05 -4.105479e-07 -5.494859e-08 -5.355666e-07 6.685211e-05 -3.087952e-04 -1.735714e-05 4.257438e-06
 9234.098374 -2.808600e-05 -4.108492e-07 -5.577856e-08 -5.376304e-07 7.791992e-05 -3.068468e-04 -2.598871e-05 3.787560e-06
 9236.598517 -2.808768e-05 -4.113519e-07 -5.627798e-08 -5.384303e-07 8.009074e-05 -2.869618e-04 -1.691454e-07 6.992139e-06
 9239.110852 -2.809829e-05 -4.123103e-07 -5.659174e-08 -5.394206e-07 7.820321e-05 -2.947101e-04 9.394224e-06 3.190655e-06
 9241.635380 -2.815786e-05 -4.094756e-07 -5.613667e-08 -5.418383e-07 7.765144e-05 -3.107928e-04 2.645883e-06 3.710725e-06
 9244.172099 -2.816407e-05 -4.103129e-07 -5.644261e-08 -5.428104e-07 7.000420e-05 -3.046232e-04 -1.447055e-05 1.032322e-05
 9246.721009 -2.813007e-05 -4.131694e-07 -5.674482e-08 -5.430137e-07 6.629643e-05 -3.316461e-04 -9.206860e-06 1.987265e-05
 9249.282112 -2.811593e-05 -4.148495e-07 -5.658825e-08 -5.436486e-07 6.525452e-05 -3.321748e-04 -1.573677e-05 1.387859e-05
 9251.855407 -2.815411e-05 -4.152875e-07 -5.635046e-08 -5.452804e-07 6.825095e-05 -3.401902e-04 -1.971434e-05 2.191527e-05
 9254.440894 -2.819697e-05 -4.141554e-07 -5.634243e-08 -5.469429e-07 6.675477e-05 -3.328336e-04 -2.309799e-05 2.067361e-05
 9257.038572 -2.829078e-05 -4.133995e-07 -5.641076e-08 -5.498955e-07 6.894173e-05 -3.153527e-04 -2.422286e-05 1.452525e-05
 9259.648443 -2.830627e-05 -4.137129e-07 -5.644639e-08 -5.510458e-07 6.884584e-05 -3.200096e-04 -9.768451e-06 2.161049e-05
 9262.270505 -2.834352e-05 -4.149399e-07 -5.617419e-08 -5.528586e-07 6.957117e-05 -3.077634e-04 -5.792869e-06 2.780992e-05
 9264.904759 -2.834484e-05 -4.137573e-07 -5.535448e-08 -5.540225e-07 6.066582e-05 -3.077378e-04 -4.613128e-06 2.631444e-05
 9267.551205 -2.836895e-05 -4.137615e-07 -5.518355e-08 -5.553151e-07 5.637584e-05 -3.164215e-04 -6.863445e-06 2.097407e-05
 9270.209844 -2.840172e-05 -4.142079e-07 -5.521085e-08 -5.568614e-07 6.498419e-05 -2.915016e-04 -1.940941e-05 1.581430e-05
 9272.880674 -2.843166e-05 -4.160886e-07 -5.533672e-08 -5.585903e-07 6.982873e-05 -3.017324e-04 -9.174658e-06 2.168081e-05
 9275.563696 -2.839593e-05 -4.187707e-07 -5.528629e-08 -5.587246e-07 6.623597e-05 -2.980628e-04 -1.370138e-05 2.369837e-05
 9278.258909 -2.844569e-05 -4.167460e-07 -5.454871e-08 -5.608843e-07 6.969341e-05 -3.037080e-04 -8.330660e-06 3.054215e-05
 9280.966315 -2.849424e-05 -4.166142e-07 -5.452518e-08 -5.626618e-07 7.048368e-05 -3.148807e-04 -2.036561e-05 3.001980e-05
 9283.685913 -2.855201e-05 -4.181968e-07 -5.483850e-08 -5.643028e-07 7.015712e-05 -3.467959e-04 -1.099178e-05 2.779914e-05
 9286.417702 -2.856439e-05 -4.182549e-07 -5.489803e-08 -5.655849e-07 6.844556e-05 -3.647672e-04 -4.997618e-06 2.651921e-05
 9289.161684 -2.852556e-05 -4.171175e-07 -5.452886e-08 -5.659947e-07 6.919816e-05 -3.706493e-04 -1.101597e-05 1.653029e-05
 9291.917857 -2.860095e-05 -4.197287e-07 -5.473418e-08 -5.684689e-07 6.483903e-05 -3.425930e-04 -1.303206e-05 6.950419e-06
 9294.686222 -2.860741e-05 -4.243586e-07 -5.545296e-08 -5.691546e-07 6.097456e-05 -3.249140e-04 -1.703909e-05 1.011880e-05
 9297.466780 -2.859985e-05 -4.230283e-07 -5.545124e-08 -5.702009e-07 5.595256e-05 -3.033826e-04 -9.390165e-06 2.151412e-05
 9300.259529 -2.851397e-05 -4.212549e-07 -5.543347e-08 -5.697573e-07 5.463782e-05 -3.004883e-04 -1.927481e-05 1.243559e-05
 9303.064470 -2.871928e-05 -4.250619e-07 -5.628313e-08 -5.746403e-07 5.718967e-05 -3.430515e-04 -1.437566e-05 3.024016e-06
 9305.881602 -2.875654e-05 -4.242543e-07 -5.662183e-08 -5.764174e-07 5.038034e-05 -3.090274e-04 -1.612288e-05 9.188916e-06
 9308.710927 -2.872060e-05 -4.267414e-07 -5.745974e-08 -5.763019e-07 5.918050e-05 -3.189192e-04 -2.625673e-05 6.552018e-06
 9311.552444 -2.880141e-05 -4.287222e-07 -5.835476e-08 -5.788232e-07 6.445327e-05 -3.455137e-04 -1.872962e-05 1.846840e-05
 9314.406153 -2.892815e-05 -4.282348e-07 -5.883295e-08 -5.825410e-07 6.654200e-05 -3.323874e-04 -1.823001e-05 2.042191e-05
 9317.272053 -2.899181e-05 -4.289792e-07 -5.954507e-08 -5.845517e-07 6.220296e-05 -3.141789e-04 -2.323919e-05 1.619385e-05
 9320.150146 -2.901124e-05 -4.301106e-07 -5.986380e-08 -5.860084e-07 5.796632e-05 -3.381315e-04 -2.594837e-05 4.274252e-06
 9323.040430 -2.899507e-05 -4.313198e-07 -6.009052e-08 -5.861924e-07 6.112003e-05 -3.477913e-04 -2.231763e-05 6.065512e-06
 9325.942906 -2.891620e-05 -4.290904e-07 -5.984476e-08 -5.857110e-07 6.406100e-05 -3.579845e-04 -1.186786e-05 7.567220e-06
 9328.857574 -2.909336e-05 -4.337353e-07 -6.096502e-08 -5.902136e-07 6.356569e-05 -3.637969e-04 -1.829421e-05 -4.911584e-07
 9331.784435 -2.906596e-05 -4.382704e-07 -6.188505e-08 -5.899801e-07 5.972932e-05 -3.533765e-04 -2.323838e-05 5.246884e-06
 9334.723487 -2.906074e-05 -4.412760e-07 -6.256495e-08 -5.911451e-07 6.297669e-05 -3.477707e-04 -1.146444e-05 1.432244e-05
 9337.674730 -2.921902e-05 -4.400949e-07 -6.267754e-08 -5.954275e-07 5.571588e-05 -3.408085e-04 -1.129311e-05 2.554605e-05
 9340.638166 -2.932813e-05 -4.419781e-07 -6.354724e-08 -5.988195e-07 5.766966e-05 -3.380207e-04 -9.593086e-06 1.951560e-05
 9343.613794 -2.930042e-05 -4.443960e-07 -6.448701e-08 -5.990707e-07 6.958257e-05 -3.482586e-04 -1.405642e-05 1.472419e-05
 9346.601614 -2.934482e-05 -4.463511e-07 -6.480556e-08 -6.010084e-07 7.075614e-05 -3.504651e-04 -1.234440e-05 1.854187e-05
 9349.601625 -2.944742e-05 -4.451744e-07 -6.422325e-08 -6.043175e-07 5.923979e-05 -3.457338e-04 -6.930415e-06 2.244674e-05
 9352.613829 -2.950371e-05 -4.464755e-07 -6.420911e-08 -6.066429e-07 5.350785e-05 -3.388426e-04 -5.153198e-06 2.992526e-05
 9355.638224 -2.957010e-05 -4.451350e-07 -6.410391e-08 -6.090931e-07 5.441679e-05 -3.477876e-04 -3.749329e-06 3.033984e-05
 9358.674811 -2.964548e-05 -4.478576e-07 -6.459511e-08 -6.114884e-07 6.136323e-05 -3.401771e-04 -7.421840e-06 2.511385e-05
 9361.723590 -2.964532e-05 -4.514421e-07 -6.504893e-08 -6.124283e-07 6.698091e-05 -3.229259e-04 -8.270632e-07 2.250740e-05
 9364.784561 -2.969159e-05 -4.538564e-07 -6.528951e-08 -6.143773e-07 5.881617e-05 -3.173149e-04 3.751006e-06 1.761393e-05
 9367.857724 -2.971652e-05 -4.557595e-07 -6.526942e-08 -6.156478e-07 5.497697e-05 -3.330269e-04 -2.147328e-06 2.738899e-05
 9370.943079 -2.973034e-05 -4.583722e-07 -6.567067e-08 -6.169176e-07 6.068454e-05 -3.130011e-04 -1.076992e-05 2.540327e-05
 9374.040626 -2.984932e-05 -4.572478e-07 -6.557198e-08 -6.208219e-07 6.615437e-05 -3.150554e-04 -7.004177e-06 2.180938e-05
 9377.150365 -2.990635e-05 -4.577066e-07 -6.563374e-08 -6.233897e-07 7.290385e-05 -3.190895e-04 6.537868e-06 2.562342e-05
 9380.272295 -2.986583e-05 -4.626385e-07 -6.617343e-08 -6.229858e-07 7.225164e-05 -3.123460e-04 -1.379530e-07 1.623507e-05
 9383.406418 -2.996013e-05 -4.620301e-07 -6.593281e-08 -6.260970e-07 7.474024e-05 -3.526676e-04 6.528915e-06 2.617983e-05
 9386.552732 -2.994147e-05 -4.639937e-07 -6.634539e-08 -6.268236e-07 7.830875e-05 -3.420287e-04 8.870693e-06 2.458767e-05
 9389.711239 -3.001678e-05 -4.647399e-07 -6.669715e-08 -6.297055e-07 7.381726e-05 -3.375117e-04 -5.993352e-06 2.350848e-05
 9392.881937 -3.010068e-05 -4.671824e-07 -6.702574e-08 -6.324278e-07 6.780563e-05 -3.416372e-04 2.786565e-06 1.457252e-05
 9396.064827 -3.015366e-05 -4.684526e-07 -6.705581e-08 -6.345878e-07 6.802673e-05 -3.479988e-04 3.266819e-06 1.025131e-05
 9399.259909 -3.018796e-05 -4.697862e-07 -6.720510e-08 -6.363092e-07 6.022141e-05 -3.368154e-04 -1.593210e-06 1.587829e-05
 9402.467183 -3.025892e-05 -4.712505e-07 -6.790603e-08 -6.388285e-07 6.066449e-05 -3.476804e-04 -9.885560e-06 1.585904e-05
 9405.686649 -3.033552e-05 -4.731347e-07 -6.874161e-08 -6.417383e-07 5.912014e-05 -3.275961e-04 -1.722522e-05 1.307693e-05
 9408.918307 -3.036832e-05 -4.752561e-07 -6.931132e-08 -6.437498e-07 6.273285e-05 -3.304602e-04 -1.425100e-06 5.315152e-06
 9412.162157 -3.042328e-05 -4.771229e-07 -6.978827e-08 -6.463866e-07 5.370105e-05 -3.365665e-04 -5.007724e-06 7.328900e-06
 9415.418198 -3.044992e-05 -4.783817e-07 -7.062413e-08 -6.480007e-07 6.360830e-05 -3.189572e-04 -2.992889e-06 9.323944e-06
 9418.686432 -3.046660e-05 -4.803814e-07 -7.146841e-08 -6.494078e-07 7.326388e-05 -3.109791e-04 -4.449660e-06 6.210246e-06
 9421.966857 -3.035321e-05 -4.819295e-07 -7.187555e-08 -6.478271e-07 7.318170e-05 -3.219861e-04 -9.726274e-06 6.662876e-06
 9425.259474 -3.049105e-05 -4.850357e-07 -7.224982e-08 -6.522194e-07 6.086486e-05 -3.129701e-04 -7.676146e-06 -4.363877e-06
 9428.564284 -3.064491e-05 -4.866126e-07 -7.271541e-08 -6.563805e-07 6.267021e-05 -3.075887e-04 -1.919120e-05 9.400220e-06
 9431.881285 -3.066164e-05 -4.867306e-07 -7.309557e-08 -6.580758e-07 6.921454e-05 -3.292984e-04 -1.168670e-05 1.206186e-05
 9435.210478 -3.066281e-05 -4.902377e-07 -7.366265e-08 -6.594715e-07 7.082339e-05 -3.193539e-04 -5.450423e-06 1.712242e-05
 9438.551863 -3.067515e-05 -4.929703e-07 -7.408707e-08 -6.615372e-07 7.622848e-05 -3.174616e-04 -3.537851e-06 2.013015e-05
 9441.905440 -3.070378e-05 -4.953115e-07 -7.452895e-08 -6.625906e-07 7.395142e-05 -3.138196e-04 -1.288053e-05 1.164046e-05
 9445.271209 -3.076340e-05 -4.966879e-07 -7.527922e-08 -6.647564e-07 7.307752e-05 -3.431403e-04 -1.370957e-06 1.707587e-05
 9448.649169 -3.077821e-05 -5.004990e-07 -7.610959e-08 -6.661768e-07 7.859154e-05 -3.308522e-04 -7.644720e-06 1.351802e-05
 9452.039322 -3.085291e-05 -5.026757e-07 -7.670382e-08 -6.692011e-07 8.065341e-05 -3.219451e-04 7.534395e-08 1.577724e-05
 9455.441666 -3.091918e-05 -5.038160e-07 -7.711981e-08 -6.717206e-07 8.403026e-05 -3.343006e-04 -3.168246e-06 7.735390e-06
 9458.856203 -3.100327e-05 -5.046750e-07 -7.746667e-08 -6.748589e-07 8.838020e-05 -3.208305e-04 -1.077550e-05 9.721647e-06
 9462.282931 -3.107340e-05 -5.067111e-07 -7.799612e-08 -6.777567e-07 7.310060e-05 -3.304763e-04 -1.916886e-06 1.689938e-05
 9465.721851 -3.109758e-05 -5.092240e-07 -7.860680e-08 -6.794562e-07 7.290684e-05 -3.283717e-04 -7.193487e-06 2.308797e-05
 9469.172964 -3.109272e-05 -5.102036e-07 -7.871634e-08 -6.804659e-07 6.546077e-05 -3.309734e-04 -1.197539e-05 2.968639e-05
 9472.636268 -3.112507e-05 -5.122302e-07 -7.908185e-08 -6.820795e-07 7.150173e-05 -3.245963e-04 -1.306805e-06 3.898457e-05
 9476.111764 -3.119528e-05 -5.150944e-07 -7.986611e-08 -6.852175e-07 7.560475e-05 -3.454961e-04 -2.521774e-06 2.878438e-05
 9479.599451 -3.125017e-05 -5.164473e-07 -8.024183e-08 -6.879048e-07 7.849058e-05 -3.604712e-04 -1.098276e-07 1.844519e-05
 9483.099331 -3.126286e-05 -5.187486e-07 -8.046660e-08 -6.893630e-07 7.493441e-05 -3.564679e-04 -1.261106e-06 2.002092e-05
 9486.611403 -3.118524e-05 -5.237125e-07 -8.132487e-08 -6.885596e-07 7.699166e-05 -3.615357e-04 -7.670548e-06 7.393263e-06
 9490.135666 -3.114774e-05 -5.282844e-07 -8.231068e-08 -6.885275e-07 8.328262e-05 -3.515156e-04 -4.254765e-06 1.088356e-05
 9493.672122 -3.128101e-05 -5.290288e-07 -8.251677e-08 -6.931318e-07 8.651088e-05 -3.718608e-04 -1.144949e-05 1.527353e-05
 9497.220769 -3.143671e-05 -5.289490e-07 -8.210641e-08 -6.983682e-07 8.274587e-05 -3.880712e-04 -1.538085e-05 2.270922e-05
 9500.781609 -3.139572e-05 -5.295926e-07 -8.227294e-08 -6.990100e-07 6.983262e-05 -4.174286e-04 -7.070832e-06 1.814401e-05
 9504.354640 -3.137352e-05 -5.307998e-07 -8.276746e-08 -6.998610e-07 6.872394e-05 -4.016894e-04 -1.247714e-05 1.239452e-05
 9507.939863 -3.156782e-05 -5.361988e-07 -8.349038e-08 -7.050316e-07 7.511233e-05 -4.078849e-04 -1.431406e-05 1.238132e-05
 9511.537278 -3.159222e-05 -5.388491e-07 -8.373106e-08 -7.072154e-07 7.984836e-05 -4.278330e-04 -1.098426e-05 1.564899e-05
 9515.146885 -3.159418e-05 -5.416037e-07 -8.455006e-08 -7.087135e-07 7.400056e-05 -4.318997e-04 -1.397734e-05 1.724045e-05
 9518.768684 -3.167062e-05 -5.435949e-07 -8.534213e-08 -7.117494e-07 7.034875e-05 -4.212193e-04 -1.705025e-05 1.321921e-05
 9522.402675 -3.165931e-05 -5.461846e-07 -8.605175e-08 -7.127535e-07 7.610635e-05 -4.235861e-04 -3.765917e-06 1.976593e-05
 9526.048857 -3.167341e-05 -5.476071e-07 -8.659754e-08 -7.140842e-07 7.756214e-05 -4.328774e-04 -3.484814e-06 1.033549e-05
 9529.707232 -3.173321e-05 -5.494871e-07 -8.733675e-08 -7.162152e-07 7.619762e-05 -4.544364e-04 -1.049917e-06 6.944371e-06
 9533.377799 -3.180699e-05 -5.517692e-07 -8.808145e-08 -7.192892e-07 8.271108e-05 -4.586894e-04 -8.204192e-06 7.728681e-07
 9537.060557 -3.166654e-05 -5.546069e-07 -8.875028e-08 -7.170010e-07 7.762576e-05 -4.455345e-04 -1.427764e-05 7.059658e-06
 9540.755507 -3.152836e-05 -5.558607e-07 -8.895563e-08 -7.149799e-07 7.801489e-05 -4.351364e-04 -1.556608e-05 6.197967e-06
 9544.462650 -3.172071e-05 -5.634234e-07 -9.026538e-08 -7.202185e-07 7.853510e-05 -4.584487e-04 -5.508339e-06 1.313942e-07
 9548.181984 -3.186469e-05 -5.642354e-07 -9.077061e-08 -7.253903e-07 7.134244e-05 -4.431718e-04 -5.415683e-06 -5.646757e-06
 9551.913510 -3.191163e-05 -5.653614e-07 -9.115187e-08 -7.278285e-07 7.659533e-05 -4.421242e-04 -7.289060e-07 -4.815789e-07
 9555.657228 -3.185423e-05 -5.680350e-07 -9.164542e-08 -7.281901e-07 7.923785e-05 -4.741849e-04 -1.023272e-06 -3.167256e-06
 9559.413138 -3.195422e-05 -5.682737e-07 -9.234591e-08 -7.328534e-07 7.208790e-05 -4.639119e-04 -5.746116e-06 1.162009e-06
 9563.181239 -3.198805e-05 -5.686793e-07 -9.266126e-08 -7.354190e-07 7.591093e-05 -4.473249e-04 -7.663237e-06 5.771367e-06
 9566.961533 -3.207542e-05 -5.707920e-07 -9.292670e-08 -7.386814e-07 8.153181e-05 -4.277650e-04 -9.472272e-06 6.798304e-06
 9570.754019 -3.204814e-05 -5.724373e-07 -9.383112e-08 -7.390082e-07 8.471624e-05 -4.606900e-04 -2.241061e-06 4.094263e-06
 9574.558696 -3.209861e-05 -5.752545e-07 -9.471035e-08 -7.418384e-07 8.417838e-05 -4.822019e-04 -2.170758e-06 4.741708e-06
 9578.375565 -3.214736e-05 -5.763005e-07 -9.473739e-08 -7.447167e-07 7.863162e-05 -4.415630e-04 -1.079028e-05 -7.091896e-06
 9582.204627 -3.209963e-05 -5.795665e-07 -9.546557e-08 -7.451103e-07 8.004201e-05 -4.280834e-04 -8.052246e-06 -4.566584e-06
 9586.045880 -3.206739e-05 -5.841519e-07 -9.667473e-08 -7.457243e-07 7.198601e-05 -4.319206e-04 -2.252949e-05 -6.816017e-06
 9589.899325 -3.219322e-05 -5.834175e-07 -9.637770e-08 -7.508458e-07 5.582361e-05 -4.412335e-04 -3.095718e-06 -1.484290e-05
 9593.764962 -3.207986e-05 -5.864504e-07 -9.713593e-08 -7.494667e-07 5.594319e-05 -4.383873e-04 9.877134e-06 -8.822988e-06
 9597.642791 -3.206908e-05 -5.897414e-07 -9.821453e-08 -7.506912e-07 7.156538e-05 -4.393650e-04 -1.019771e-06 -5.746502e-06
 9601.532812 -3.218238e-05 -5.902835e-07 -9.824713e-08 -7.549715e-07 7.107020e-05 -4.283342e-04 2.919729e-06 -1.308682e-05
 9605.435025 -3.224414e-05 -5.908307e-07 -9.829864e-08 -7.578417e-07 7.744859e-05 -4.414638e-04 5.029814e-06 -1.397394e-05
 9609.349429 -3.229423e-05 -5.925845e-07 -9.877220e-08 -7.605521e-07 7.351471e-05 -4.384080e-04 8.735856e-06 -8.505191e-06
 9613.276026 -3.229098e-05 -5.952369e-07 -9.924793e-08 -7.617245e-07 7.111138e-05 -4.565451e-04 -6.147900e-06 -5.796383e-06
 9617.214814 -3.231120e-05 -5.970068e-07 -9.972909e-08 -7.633575e-07 7.265183e-05 -4.528165e-04 -4.420164e-06 -2.255079e-06
 9621.165795 -3.232470e-05 -5.984583e-07 -1.001019e-07 -7.654604e-07 7.186919e-05 -4.736721e-04 -1.084303e-05 -6.499620e-06
 9625.128967 -3.230126e-05 -5.998920e-07 -1.007604e-07 -7.664815e-07 7.151976e-05 -4.700808e-04 -1.870480e-05 -2.078210e-05
 9629.104331 -3.224285e-05 -6.015931e-07 -1.013927e-07 -7.666118e-07 7.925320e-05 -4.928174e-04 -2.045858e-05 -2.464108e-05
 9633.091888 -3.222525e-05 -6.030094e-07 -1.018258e-07 -7.682568e-07 7.681249e-05 -4.869919e-04 -1.402911e-05 -1.230094e-05
 9637.091636 -3.223648e-05 -6.060257e-07 -1.025687e-07 -7.701637e-07 6.780491e-05 -4.587222e-04 1.957292e-06 -6.451610e-06
 9641.103575 -3.223926e-05 -6.080336e-07 -1.029120e-07 -7.720961e-07 5.905327e-05 -4.567654e-04 8.569593e-06 -3.609341e-06
 9645.127707 -3.226942e-05 -6.090164e-07 -1.033934e-07 -7.743653e-07 6.676831e-05 -4.931527e-04 1.179130e-05 -7.268107e-06
 9649.164031 -3.234716e-05 -6.106438e-07 -1.039404e-07 -7.778377e-07 6.474034e-05 -4.898991e-04 9.032117e-06 -1.312578e-05
 9653.212547 -3.230949e-05 -6.136902e-07 -1.048285e-07 -7.784154e-07 7.386966e-05 -4.786838e-04 -7.326050e-07 -1.834134e-05
 9657.273254 -3.239252e-05 -6.146757e-07 -1.048263e-07 -7.820103e-07 8.738431e-05 -4.562812e-04 -2.273630e-06 -1.579892e-05
 9661.346154 -3.240269e-05 -6.163706e-07 -1.055045e-07 -7.845470e-07 8.461575e-05 -4.463604e-04 6.242039e-07 -1.684790e-05
 9665.431245 -3.232209e-05 -6.172124e-07 -1.058050e-07 -7.850519e-07 6.785328e-05 -4.519562e-04 -1.061321e-05 -1.426373e-05
 9669.528529 -3.236579e-05 -6.216394e-07 -1.070677e-07 -7.877723e-07 7.224616e-05 -4.497615e-04 -1.215073e-05 -1.827462e-05
 9673.638004 -3.239800e-05 -6.241496e-07 -1.078959e-07 -7.904766e-07 8.337399e-05 -4.611014e-04 -9.316713e-06 -2.519440e-05
 9677.759671 -3.232685e-05 -6.277037e-07 -1.086418e-07 -7.896450e-07 8.210481e-05 -4.432592e-04 -2.132381e-06 -2.699160e-05
 9681.893530 -3.232010e-05 -6.294840e-07 -1.094033e-07 -7.910563e-07 8.692883e-05 -4.310583e-04 -7.190010e-06 -1.968763e-05
 9686.039581 -3.238450e-05 -6.315396e-07 -1.100905e-07 -7.943588e-07 9.078202e-05 -4.385209e-04 -5.884686e-06 -2.420151e-05
 9690.197824 -3.246818e-05 -6.327253e-07 -1.103550e-07 -7.985655e-07 8.511863e-05 -4.574348e-04 -1.033543e-06 -2.926320e-05
 9694.368258 -3.239035e-05 -6.350038e-07 -1.112850e-07 -7.984667e-07 8.602706e-05 -4.402679e-04 -8.640896e-06 -3.502973e-05
 9698.550885 -3.239684e-05 -6.369835e-07 -1.118894e-07 -8.005676e-07 8.233556e-05 -4.516689e-04 1.716141e-06 -3.246525e-05
 9702.745704 -3.240818e-05 -6.388634e-07 -1.123274e-07 -8.028410e-07 6.776269e-05 -4.503993e-04 -6.608990e-06 -3.754026e-05
 9706.952714 -3.243318e-05 -6.399100e-07 -1.130744e-07 -8.046172e-07 6.695292e-05 -4.540166e-04 -7.993015e-06 -3.044521e-05
 9711.171916 -3.235569e-05 -6.424443e-07 -1.134259e-07 -8.040024e-07 6.705654e-05 -4.582536e-04 -1.624916e-05 -3.711981e-05
 9715.403311 -3.239451e-05 -6.456879e-07 -1.142959e-07 -8.062805e-07 7.296585e-05 -4.395698e-04 -2.029943e-05 -4.253926e-05
 9719.646897 -3.227807e-05 -6.494532e-07 -1.151802e-07 -8.049621e-07 7.794205e-05 -4.231136e-04 -5.386003e-06 -3.035128e-05
 9723.902675 -3.240701e-05 -6.495400e-07 -1.152750e-07 -8.106836e-07 6.937064e-05 -4.380068e-04 -1.424177e-05 -2.904739e-05
 9728.170645 -3.245068e-05 -6.503373e-07 -1.159957e-07 -8.134810e-07 7.021138e-05 -4.582604e-04 -6.550664e-06 -2.905168e-05
 9732.450807 -3.239614e-05 -6.525734e-07 -1.165461e-07 -8.138986e-07 7.850445e-05 -4.227594e-04 -5.875988e-06 -3.710070e-05
 9736.743161 -3.233670e-05 -6.543356e-07 -1.170662e-07 -8.140316e-07 7.103403e-05 -4.045865e-04 -1.063787e-05 -3.641391e-05
 9741.047707 -3.240844e-05 -6.554024e-07 -1.176246e-07 -8.175487e-07 7.410950e-05 -3.988857e-04 -7.690346e-06 -2.535613e-05
 9745.364444 -3.240966e-05 -6.571136e-07 -1.180307e-07 -8.193303e-07 7.365141e-05 -3.911532e-04 -4.987630e-06 -2.462216e-05
 9749.693374 -3.240699e-05 -6.578240e-07 -1.184032e-07 -8.212800e-07 7.346069e-05 -3.833834e-04 -2.392565e-06 -2.295596e-05
 9754.034495 -3.238585e-05 -6.598938e-07 -1.192440e-07 -8.225895e-07 7.115162e-05 -3.653904e-04 -9.783391e-06 -1.868810e-05
 9758.387809 -3.234901e-05 -6.618953e-07 -1.195754e-07 -8.235911e-07 6.803049e-05 -3.691905e-04 -2.043399e-05 -2.534244e-05
 9762.753314 -3.233995e-05 -6.640458e-07 -1.204616e-07 -8.251714e-07 7.610163e-05 -3.785217e-04 -2.500014e-06 -2.932037e-05
 9767.131011 -3.237760e-05 -6.654367e-07 -1.207897e-07 -8.284323e-07 7.385745e-05 -3.739225e-04 -1.119117e-05 -3.721612e-05
 9771.520900 -3.232260e-05 -6.670605e-07 -1.214350e-07 -8.293575e-07 7.402767e-05 -3.728455e-04 -1.015335e-05 -3.473778e-05
 9775.922981 -3.229230e-05 -6.687363e-07 -1.217096e-07 -8.304198e-07 6.914572e-05 -3.729584e-04 -1.735456e-05 -3.544524e-05
 9780.337254 -3.218977e-05 -6.669880e-07 -1.218753e-07 -8.298656e-07 7.196174e-05 -3.747783e-04 -1.642158e-05 -3.740792e-05
 9784.763719 -3.216688e-05 -6.705834e-07 -1.228204e-07 -8.311065e-07 6.865071e-05 -3.569454e-04 -1.313310e-05 -3.387531e-05
 9789.202376 -3.222146e-05 -6.732863e-07 -1.236054e-07 -8.342480e-07 6.904157e-05 -3.442499e-04 -5.920215e-06 -3.246296e-05
 9793.653224 -3.211961e-05 -6.721644e-07 -1.237660e-07 -8.335655e-07 7.594808e-05 -3.367426e-04 -7.433033e-06 -3.678209e-05
 9798.116265 -3.221735e-05 -6.768081e-07 -1.248318e-07 -8.376311e-07 7.434334e-05 -3.141879e-04 -7.630313e-06 -3.821674e-05
 9802.591497 -3.222292e-05 -6.793866e-07 -1.257083e-07 -8.398298e-07 7.614755e-05 -3.313162e-04 -1.858747e-05 -3.416161e-05
 9807.078922 -3.221686e-05 -6.811583e-07 -1.262142e-07 -8.412897e-07 7.787496e-05 -3.557118e-04 -2.464998e-05 -3.414276e-05
 9811.578538 -3.219569e-05 -6.822391e-07 -1.268036e-07 -8.426608e-07 8.172739e-05 -3.529091e-04 -2.209620e-05 -2.702814e-05
 9816.090346 -3.212409e-05 -6.839757e-07 -1.271537e-07 -8.426717e-07 7.858860e-05 -3.378825e-04 -2.486476e-05 -3.694575e-05
 9820.614346 -3.213606e-05 -6.857171e-07 -1.277097e-07 -8.450287e-07 7.841630e-05 -3.256371e-04 -1.333770e-05 -3.998542e-05
 9825.150538 -3.203788e-05 -6.863398e-07 -1.281683e-07 -8.444908e-07 7.813399e-05 -3.513093e-04 -1.613547e-05 -3.678598e-05
 9829.698922 -3.179411e-05 -6.829729e-07 -1.279273e-07 -8.410581e-07 7.631934e-05 -3.350558e-04 -2.186652e-05 -4.099420e-05
 9834.259498 -3.189237e-05 -6.864365e-07 -1.292450e-07 -8.457780e-07 7.564291e-05 -3.328912e-04 -2.228361e-05 -4.243875e-05
 9838.832266 -3.185598e-05 -6.909840e-07 -1.301897e-07 -8.461120e-07 7.164323e-05 -3.254422e-04 -1.774847e-05 -3.485393e-05
 9843.417226 -3.187962e-05 -6.962930e-07 -1.314381e-07 -8.483135e-07 6.489031e-05 -3.229537e-04 -1.531721e-05 -3.340640e-05
 9848.014377 -3.181877e-05 -6.989695e-07 -1.324140e-07 -8.483908e-07 7.105936e-05 -3.199368e-04 -8.017894e-06 -3.321103e-05
 9852.623721 -3.193445e-05 -6.996565e-07 -1.327593e-07 -8.542713e-07 5.871238e-05 -3.250867e-04 -5.595559e-06 -3.171646e-05
 9857.245256 -3.196375e-05 -7.011888e-07 -1.332803e-07 -8.573237e-07 5.508554e-05 -3.391312e-04 -1.282944e-05 -3.575363e-05
 9861.878983 -3.192425e-05 -7.026228e-07 -1.338835e-07 -8.583087e-07 5.582218e-05 -3.165405e-04 -1.838411e-05 -3.789429e-05
 9866.524902 -3.190046e-05 -7.048655e-07 -1.346675e-07 -8.596201e-07 5.954993e-05 -3.283664e-04 -1.755155e-05 -2.881614e-05
 9871.183013 -3.180135e-05 -7.077963e-07 -1.355948e-07 -8.587443e-07 4.960697e-05 -3.171845e-04 -8.618335e-06 -2.781166e-05
 9875.853316 -3.184175e-05 -7.087900e-07 -1.359786e-07 -8.627341e-07 6.060625e-05 -3.105740e-04 -6.883816e-06 -4.014804e-05
 9880.535811 -3.181615e-05 -7.117640e-07 -1.368335e-07 -8.638256e-07 7.019825e-05 -3.353524e-04 -1.083834e-05 -4.473040e-05
 9885.230498 -3.182266e-05 -7.145999e-07 -1.377933e-07 -8.659158e-07 6.598714e-05 -3.317042e-04 -1.581022e-05 -3.726166e-05
 9889.937377 -3.182618e-05 -7.178342e-07 -1.386860e-07 -8.684870e-07 6.257484e-05 -3.218946e-04 -1.245578e-05 -2.776684e-05
 9894.656448 -3.173488e-05 -7.208013e-07 -1.395007e-07 -8.681693e-07 4.961100e-05 -3.409733e-04 -1.492119e-05 -2.412721e-05
 9899.387710 -3.172013e-05 -7.225288e-07 -1.403043e-07 -8.695077e-07 5.542771e-05 -3.345434e-04 -1.306109e-05 -3.075506e-05
 9904.131165 -3.174919e-05 -7.235058e-07 -1.407412e-07 -8.725996e-07 5.811473e-05 -3.506606e-04 -7.400634e-06 -3.554465e-05
 9908.886811 -3.170611e-05 -7.250312e-07 -1.413076e-07 -8.734183e-07 4.495844e-05 -3.466453e-04 -5.987892e-06 -2.423590e-05
 9913.654649 -3.168821e-05 -7.273742e-07 -1.420540e-07 -8.751584e-07 4.352763e-05 -3.242975e-04 -1.336827e-05 -7.604289e-06
 9918.434679 -3.161076e-05 -7.289833e-07 -1.425309e-07 -8.752960e-07 4.795566e-05 -3.569660e-04 1.335838e-06 -1.071732e-05
 9923.226901 -3.157144e-05 -7.313402e-07 -1.434430e-07 -8.759556e-07 5.948314e-05 -3.673396e-04 2.648483e-06 -1.528476e-05
 9928.031315 -3.159443e-05 -7.333837e-07 -1.442199e-07 -8.783908e-07 5.899464e-05 -3.620340e-04 -1.414788e-05 -1.173322e-05
 9932.847921 -3.155835e-05 -7.356471e-07 -1.449818e-07 -8.797308e-07 5.460420e-05 -3.528010e-04 -1.466114e-05 -1.187012e-05
 9937.676719 -3.142637e-05 -7.357112e-07 -1.452143e-07 -8.783315e-07 6.908263e-05 -3.642409e-04 -1.714317e-05 -1.509275e-05
 9942.517709 -3.132123e-05 -7.377266e-07 -1.459690e-07 -8.773443e-07 6.470145e-05 -3.637560e-04 -2.630413e-05 -1.627500e-05
 9947.370891 -3.134861e-05 -7.416621e-07 -1.470547e-07 -8.807870e-07 6.594955e-05 -3.415409e-04 -2.178588e-05 -1.324076e-05
 9952.236264 -3.139320e-05 -7.454497e-07 -1.480097e-07 -8.832914e-07 6.340185e-05 -3.436641e-04 -1.371662e-05 -5.419106e-06
