# Facility.name: NSLS-II
# Facility.mode: Beam available
# Facility.current: 400.40856398236565
# Facility.current: 3 GeV
# Facility.year: 2023
# Facility.cycle: 2
# Facility.GUP: 312970
# Facility.SAF: 311402
# Experimenter.name: Esteban Fornero
# Beamline.name: ISS (8-ID)
# Beamline.x-ray_source: damping wiggler
# Beamline.collimation_mirror1.material: Si
# Beamline.collimation_mirror2.material: Pt
# Beamline.collimation_mirror2.bender_loading: -350.0
# Beamline.focusing: toroidal mirror
# Beamline.focusing.material: Pt
# Beamline.focusing.bender_loading: -419.0
# Beamline.harmonic_rejection: Si
# Mono.scan_mode: Si(111)
# Mono.d_spacing: 3.1354951
# Mono.scan_mode: pseudo-channel cut
# Mono.scan_type: fly_scan
# Mono.trajectory_name: 0f397ba2-1519.txt
# Mono.direction: None
# Mono.angle_offset: 0.69366577
# Mono.angle_offset: 39.744 deg
# Mono.encoder_resolution: 48.0 nrad
# Detector.I0: ion chamber
# Detector.I1: ion chamber
# Detector.I2: ion chamber
# Detector.IF: PIPS
# Detector.I0.length: 15 cm
# Detector.I1.length: 28 cm
# Detector.I2.length: 15 cm
# Detector.IF.thickness: 300 um
# Detector.I0.gas.N2: 38.0%
# Detector.I1.gas.N2: 38.0%
# Detector.I2.gas.N2: 38.0%
# Detector.I0.gas.He: 62.0%
# Detector.I1.gas.He: 62.0%
# Detector.I2.gas.He: 62.0%
# Detector.I0.voltage: -1650.012207
# Detector.I1.voltage: -1650.002197
# Detector.I2.voltage: -1650.001465
# Detector.I0.gain: 4
# Detector.I1.gain: 6
# Detector.I2.gain: 6
# Detector.IF.gain: 6
# Detector.aux: {}
# Element.symbol: Ga
# Element.edge: K
# Element.line: None
# Scan.transient_id: 371141
# Scan.uid: d672b1e4-af6a-4fda-9e11-d24a095f2224
# Scan.edge_energy: 10367.0
# Scan.start_time: 06/23/2023  07:43:44.093066
# Scan.end_time: 06/23/2023  07:44:20.677657
# Scan.name: Cu2O+Ga2O3-2nd PP+O2-ramp (pos 001) Ga-K 0001
# Scan.comment: 
# Sample.name: Cu2O+Ga2O3-2nd
# Sample.comment: 
# Sample.position.x: -66.442995014
# Sample.position.y: 31.0990556475
# Sample.position.z: -10.184937499999995
# Sample.position.theta: 845.5790000000001
# SampleHeater.temperature1.setpoint: 300.0
# SampleHeater.temperature1.readback: 1372.0
# SampleHeater.current.setpoint: 0.0
# SampleHeater.current.readback: 0.0
# SampleHeater.temperature2.setpoint: 69.57325800603574
# SampleHeater.temperature2.readback: 69.10000000000001
# SampleHeater.voltage.setpoint: 0.31691948764723754
# SampleHeater.voltage.readback: 0.321
# SampleHeater.PID.P: 0.025
# SampleHeater.PID.I: 0.07
# SampleHeater.PID.D: 0.0
# SampleGasCart.MFC.CH4.setpoint: 3.0
# SampleGasCart.MFC.CH4.readback: 2.998
# SampleGasCart.MFC.CO.setpoint: 0.0
# SampleGasCart.MFC.CO.readback: 0.0
# SampleGasCart.MFC.H2.setpoint: 0.0
# SampleGasCart.MFC.H2.readback: 0.0
# SampleGasCart.MFC.exhaust.setpoint: 100.0
# SampleGasCart.MFC.exhaust.readback: 19.18
# SampleGasHandlingSystem.gas_a.name: None
# SampleGasHandlingSystem.gas_b.name: None
# SampleGasHandlingSystem.gas_c.name: None
# SampleGasHandlingSystem.gas_d.name: None
# SampleGasHandlingSystem.gas_e.name: He
# SampleGasHandlingSystem.MFC1.setpoint: 7.0
# SampleGasHandlingSystem.MFC1.readback: 6.998697757720947
# SampleGasHandlingSystem.MFC2.setpoint: 0.0
# SampleGasHandlingSystem.MFC2.readback: -0.1057942733168602
# SampleGasHandlingSystem.MFC3.setpoint: 0.0
# SampleGasHandlingSystem.MFC3.readback: 0.0244140625
# SampleGasHandlingSystem.MFC4.setpoint: 0.0
# SampleGasHandlingSystem.MFC4.readback: -0.0895182266831398
# SampleGasHandlingSystem.MFC5.setpoint: 0.0
# SampleGasHandlingSystem.MFC5.readback: -0.01220703125
# SampleGasHandlingSystem.MFC6.setpoint: 1.5
# SampleGasHandlingSystem.MFC6.readback: 1.50146484375
# SampleGasHandlingSystem.MFC7.setpoint: 0.0
# SampleGasHandlingSystem.MFC7.readback: -0.0406901054084301
# SampleGasHandlingSystem.MFC8.setpoint: 0.0
# SampleGasHandlingSystem.MFC8.readback: -0.0813802108168602
# SampleGasHandlingSystem.MFC9.setpoint: 7.0
# SampleGasHandlingSystem.MFC9.readback: 6.998697757720947
# SampleGasHandlingSystem.MFC10.setpoint: 0.0
# SampleGasHandlingSystem.MFC10.readback: 0.01220703125
# SampleGasHandlingSystem.MFC11.setpoint: 0.0
# SampleGasHandlingSystem.MFC11.readback: -0.0935872420668602
# SampleGasHandlingSystem.MFC12.setpoint: 0.0
# SampleGasHandlingSystem.MFC12.readback: -0.048828125
# SampleGasHandlingSystem.MFC13.setpoint: 0.0
# SampleGasHandlingSystem.MFC13.readback: -0.048828125
# SampleGasHandlingSystem.MFC14.setpoint: 0.0
# SampleGasHandlingSystem.MFC14.readback: -0.0569661445915699
# SampleGasHandlingSystem.MFC15.setpoint: 0.0
# SampleGasHandlingSystem.MFC15.readback: -0.1017252579331398
# SampleGasHandlingSystem.MFC16.setpoint: 0.0
# SampleGasHandlingSystem.MFC16.readback: -0.03662109375
# SampleGasHandlingSystem.RGA.ch1.mass: 2
# SampleGasHandlingSystem.RGA.ch1.readback: 1.07594e-06
# SampleGasHandlingSystem.RGA.ch2.mass: 4
# SampleGasHandlingSystem.RGA.ch2.readback: 0.0
# SampleGasHandlingSystem.RGA.ch3.mass: 5
# SampleGasHandlingSystem.RGA.ch3.readback: 7.81276e-12
# SampleGasHandlingSystem.RGA.ch4.mass: 5
# SampleGasHandlingSystem.RGA.ch4.readback: 4.78717e-10
# SampleGasHandlingSystem.RGA.ch5.mass: 18
# SampleGasHandlingSystem.RGA.ch5.readback: 2.18695e-09
# SampleGasHandlingSystem.RGA.ch6.mass: 28
# SampleGasHandlingSystem.RGA.ch6.readback: 1.4534e-08
# SampleGasHandlingSystem.RGA.ch7.mass: 32
# SampleGasHandlingSystem.RGA.ch7.readback: 3.07315e-09
# SampleGasHandlingSystem.RGA.ch8.mass: 41
# SampleGasHandlingSystem.RGA.ch8.readback: 1.11477e-11
# SampleGasHandlingSystem.RGA.ch9.mass: 44
# SampleGasHandlingSystem.RGA.ch9.readback: 2.07863e-10
# energy  i0  it  ir  iff  aux1  aux2  aux3  aux4
10167.000000 -2.958085e-05 -7.989738e-07 -2.485435e-07 -9.246016e-07 1.742829e-05 -5.343287e-04 -1.995375e-05 3.274254e-05
10172.000000 -2.943192e-05 -7.956409e-07 -2.463486e-07 -9.217810e-07 1.605930e-05 -5.559422e-04 -9.759037e-06 3.259643e-05
10177.000000 -2.922945e-05 -7.983922e-07 -2.447472e-07 -9.161818e-07 2.355058e-05 -5.635434e-04 -1.100223e-05 3.205355e-05
10182.000000 -2.932959e-05 -7.931750e-07 -2.390745e-07 -9.241881e-07 2.464583e-05 -5.659103e-04 -1.118248e-05 4.617220e-05
10187.000000 -2.925007e-05 -7.962525e-07 -2.322424e-07 -9.245572e-07 2.957745e-05 -5.442442e-04 -1.432629e-05 4.480001e-05
10192.000000 -2.924306e-05 -8.015113e-07 -2.144171e-07 -9.257077e-07 2.511158e-05 -5.497279e-04 -1.480352e-05 4.267018e-05
10197.000000 -2.928711e-05 -8.024765e-07 -1.601770e-07 -9.295584e-07 2.625311e-05 -5.593068e-04 -1.253306e-05 4.970396e-05
10202.000000 -2.934444e-05 -8.009736e-07 -5.329148e-08 -9.348607e-07 2.692321e-05 -5.643654e-04 -1.759241e-05 5.338154e-05
10207.000000 -2.932204e-05 -8.034517e-07 -2.375927e-08 -9.369676e-07 2.647444e-05 -5.876094e-04 -2.166433e-05 3.960126e-05
10212.000000 -2.930684e-05 -8.052429e-07 -4.731152e-08 -9.392926e-07 1.935979e-05 -5.696288e-04 -1.710549e-05 3.988467e-05
10217.000000 -2.927386e-05 -8.070699e-07 -6.068631e-08 -9.410055e-07 2.283534e-05 -5.461972e-04 -1.283813e-05 4.626121e-05
10222.000000 -2.924053e-05 -8.094380e-07 -7.080090e-08 -9.424956e-07 2.431181e-05 -5.533304e-04 -1.144813e-05 4.700550e-05
10227.000000 -2.921069e-05 -8.103830e-07 -7.721439e-08 -9.439925e-07 1.917428e-05 -5.480191e-04 -1.178048e-05 4.357902e-05
10232.000000 -2.910488e-05 -8.136300e-07 -8.028415e-08 -9.425525e-07 2.163073e-05 -5.773482e-04 -1.856027e-05 4.017194e-05
10237.000000 -2.899183e-05 -8.202151e-07 -8.279101e-08 -9.403243e-07 1.910313e-05 -5.733567e-04 -2.035881e-05 4.487572e-05
10242.000000 -2.902914e-05 -8.207199e-07 -8.382369e-08 -9.450126e-07 1.123859e-05 -5.572954e-04 -1.446256e-05 4.407441e-05
10247.000000 -2.898333e-05 -8.217096e-07 -8.709760e-08 -9.467285e-07 2.223517e-05 -5.571123e-04 -1.376392e-05 4.957959e-05
10252.000000 -2.885399e-05 -8.273990e-07 -8.700940e-08 -9.441428e-07 2.170586e-05 -5.679758e-04 -8.978686e-06 5.282668e-05
10257.000000 -2.894133e-05 -8.264401e-07 -8.362010e-08 -9.517256e-07 9.684195e-06 -5.788294e-04 -3.431058e-05 4.655958e-05
10262.000000 -2.884477e-05 -8.275999e-07 -8.301755e-08 -9.517376e-07 1.784387e-05 -5.835894e-04 -4.225785e-05 4.590730e-05
10267.000000 -2.894424e-05 -8.296913e-07 -8.482089e-08 -9.580130e-07 2.314069e-05 -5.552942e-04 -3.377959e-05 3.755834e-05
10272.000000 -2.891156e-05 -8.326912e-07 -8.601718e-08 -9.592257e-07 2.335824e-05 -5.373355e-04 -3.677145e-05 4.536418e-05
10277.000000 -2.882194e-05 -8.352722e-07 -8.545094e-08 -9.599891e-07 2.185969e-05 -5.625971e-04 -3.967162e-05 4.652192e-05
10282.000000 -2.870699e-05 -8.352050e-07 -8.403525e-08 -9.580258e-07 1.932552e-05 -5.496038e-04 -3.141296e-05 5.500071e-05
10287.000000 -2.876772e-05 -8.400924e-07 -8.508356e-08 -9.623014e-07 1.853554e-05 -5.538187e-04 -3.413377e-05 5.222210e-05
10292.000000 -2.873723e-05 -8.424786e-07 -8.771283e-08 -9.632045e-07 2.079888e-05 -5.476920e-04 -4.563080e-05 4.804920e-05
10297.000000 -2.872924e-05 -8.459441e-07 -8.924254e-08 -9.660393e-07 2.259777e-05 -5.380229e-04 -4.175866e-05 4.708032e-05
10302.000000 -2.870726e-05 -8.509242e-07 -8.947351e-08 -9.678277e-07 2.571533e-05 -5.195752e-04 -4.162712e-05 4.491679e-05
10307.000000 -2.867076e-05 -8.537936e-07 -8.958075e-08 -9.694416e-07 1.981499e-05 -5.100708e-04 -3.612246e-05 4.164673e-05
10312.000000 -2.861786e-05 -8.575616e-07 -8.967546e-08 -9.702032e-07 2.206435e-05 -5.044415e-04 -3.530102e-05 4.108660e-05
10317.000000 -2.866228e-05 -8.592650e-07 -8.923623e-08 -9.764739e-07 2.403718e-05 -4.970430e-04 -2.305599e-05 3.819188e-05
10322.000000 -2.863270e-05 -8.638263e-07 -8.886302e-08 -9.787168e-07 2.314552e-05 -5.188403e-04 -3.040801e-05 4.152836e-05
10327.000000 -2.851099e-05 -8.669343e-07 -8.839791e-08 -9.774496e-07 2.100981e-05 -5.337732e-04 -3.162260e-05 4.054169e-05
10332.000000 -2.842812e-05 -8.644329e-07 -8.736879e-08 -9.801577e-07 2.397041e-05 -5.055532e-04 -2.580896e-05 4.291950e-05
10337.000000 -2.849168e-05 -8.667623e-07 -8.744787e-08 -9.866208e-07 1.758756e-05 -4.325614e-04 -1.951605e-05 3.019645e-05
10341.000000 -2.843506e-05 -8.671329e-07 -8.798440e-08 -9.896362e-07 2.354761e-05 -4.223388e-04 -6.440547e-06 2.718988e-05
10344.000000 -2.843197e-05 -8.684821e-07 -8.894892e-08 -9.948689e-07 2.099793e-05 -3.850563e-04 4.941578e-08 3.906351e-05
10346.000000 -2.838351e-05 -8.685744e-07 -8.990605e-08 -9.969869e-07 3.305825e-05 -3.881431e-04 2.677169e-06 4.651655e-05
10347.000000 -2.841761e-05 -8.677081e-07 -9.015738e-08 -1.001262e-06 3.489724e-05 -4.338136e-04 -1.798064e-06 4.706900e-05
10347.200000 -2.841736e-05 -8.675993e-07 -8.993917e-08 -1.001963e-06 3.511013e-05 -4.511000e-04 -8.467691e-06 3.988454e-05
10347.400000 -2.840159e-05 -8.690738e-07 -9.030772e-08 -1.001280e-06 3.191939e-05 -4.268335e-04 -1.787118e-05 4.938926e-05
10347.600000 -2.840387e-05 -8.681053e-07 -9.026391e-08 -1.001884e-06 3.548651e-05 -4.342225e-04 -8.102652e-06 6.505609e-05
10347.800000 -2.841743e-05 -8.662463e-07 -9.025661e-08 -1.003734e-06 3.988435e-05 -4.500006e-04 -1.622100e-05 5.429328e-05
10348.000000 -2.842487e-05 -8.694262e-07 -9.085653e-08 -1.003848e-06 3.596341e-05 -4.274124e-04 4.936798e-06 6.427665e-05
10348.200000 -2.840043e-05 -8.661250e-07 -9.072963e-08 -1.003503e-06 3.344478e-05 -4.180515e-04 -7.830563e-06 6.033486e-05
10348.400000 -2.841107e-05 -8.677607e-07 -9.113613e-08 -1.003987e-06 3.725970e-05 -4.157158e-04 -9.400871e-06 4.971125e-05
10348.600000 -2.833166e-05 -8.710424e-07 -9.168916e-08 -1.000104e-06 3.322837e-05 -4.140075e-04 -1.775940e-05 4.382421e-05
10348.800000 -2.822699e-05 -8.699612e-07 -9.136041e-08 -9.956418e-07 2.980669e-05 -3.976012e-04 -1.823802e-05 4.348686e-05
10349.000000 -2.823242e-05 -8.786831e-07 -9.259374e-08 -9.961695e-07 2.780932e-05 -3.969197e-04 -1.539369e-05 4.128796e-05
10349.200000 -2.815590e-05 -8.661289e-07 -9.149844e-08 -9.945681e-07 3.054770e-05 -4.025882e-04 -2.477503e-05 3.997624e-05
10349.400000 -2.831360e-05 -8.697948e-07 -9.162398e-08 -1.001858e-06 2.636330e-05 -4.195751e-04 -2.458845e-05 3.601175e-05
10349.600000 -2.839567e-05 -8.710096e-07 -9.167833e-08 -1.006575e-06 2.489180e-05 -4.419494e-04 -1.669680e-05 3.815027e-05
10349.800000 -2.842530e-05 -8.661222e-07 -9.123901e-08 -1.008893e-06 3.201452e-05 -4.325826e-04 -1.986314e-05 3.685873e-05
10350.000000 -2.841799e-05 -8.677613e-07 -9.121805e-08 -1.008846e-06 4.277619e-05 -4.444023e-04 -2.667035e-05 3.343428e-05
10350.200000 -2.839451e-05 -8.675135e-07 -9.162965e-08 -1.007759e-06 4.817073e-05 -4.151682e-04 -1.970411e-05 4.518307e-05
10350.400000 -2.839310e-05 -8.704003e-07 -9.218684e-08 -1.007838e-06 4.221727e-05 -3.896529e-04 -2.905694e-05 4.674298e-05
10350.600000 -2.841278e-05 -8.678771e-07 -9.162196e-08 -1.010103e-06 3.420122e-05 -4.309848e-04 -3.242239e-05 4.303553e-05
10350.800000 -2.840423e-05 -8.679928e-07 -9.188441e-08 -1.010189e-06 3.715694e-05 -4.394267e-04 -1.991276e-05 4.840631e-05
10351.000000 -2.836657e-05 -8.683204e-07 -9.225850e-08 -1.008892e-06 3.849977e-05 -4.322529e-04 -2.866140e-05 4.548346e-05
10351.200000 -2.832289e-05 -8.681151e-07 -9.179943e-08 -1.006934e-06 4.071090e-05 -4.370962e-04 -2.951802e-05 4.678892e-05
10351.400000 -2.835438e-05 -8.692642e-07 -9.215112e-08 -1.008786e-06 3.790890e-05 -4.407395e-04 -2.477166e-05 5.393744e-05
10351.600000 -2.829579e-05 -8.668342e-07 -9.186386e-08 -1.006321e-06 3.884497e-05 -4.186848e-04 -1.949810e-05 4.865121e-05
10351.800000 -2.832708e-05 -8.748044e-07 -9.269643e-08 -1.007661e-06 3.840664e-05 -4.256344e-04 -1.812413e-05 4.619543e-05
10352.000000 -2.832373e-05 -8.664150e-07 -9.198991e-08 -1.008724e-06 3.742809e-05 -4.359698e-04 -2.266291e-05 4.600521e-05
10352.200000 -2.831962e-05 -8.696413e-07 -9.236633e-08 -1.008941e-06 4.213430e-05 -4.486038e-04 -2.223813e-05 4.353183e-05
10352.400000 -2.834241e-05 -8.718404e-07 -9.248477e-08 -1.010259e-06 2.832432e-05 -4.366159e-04 -2.087495e-05 3.997672e-05
10352.600000 -2.831241e-05 -8.662538e-07 -9.238358e-08 -1.010116e-06 2.858019e-05 -4.443382e-04 -8.917124e-06 3.641024e-05
10352.800000 -2.832467e-05 -8.743870e-07 -9.326675e-08 -1.010886e-06 2.574195e-05 -4.250375e-04 -2.746270e-05 3.508810e-05
10353.000000 -2.834704e-05 -8.664841e-07 -9.246857e-08 -1.013191e-06 2.818219e-05 -4.235582e-04 -1.853360e-05 5.001201e-05
10353.200000 -2.838063e-05 -8.698668e-07 -9.295807e-08 -1.015459e-06 3.661788e-05 -4.221257e-04 -2.381914e-05 5.626154e-05
10353.400000 -2.834331e-05 -8.649815e-07 -9.242942e-08 -1.014685e-06 2.462206e-05 -4.190034e-04 -2.256015e-05 5.454159e-05
10353.600000 -2.834635e-05 -8.660945e-07 -9.284366e-08 -1.015370e-06 1.463738e-05 -4.254074e-04 -1.688712e-05 4.765099e-05
10353.800000 -2.838007e-05 -8.678814e-07 -9.294705e-08 -1.017392e-06 1.107627e-05 -4.235113e-04 -2.343457e-05 4.304854e-05
10354.000000 -2.835441e-05 -8.667487e-07 -9.274693e-08 -1.017384e-06 1.002588e-05 -4.146787e-04 -2.095948e-05 4.470502e-05
10354.200000 -2.834581e-05 -8.707259e-07 -9.318981e-08 -1.017116e-06 1.057931e-05 -4.235019e-04 -2.178086e-05 4.863750e-05
10354.400000 -2.832236e-05 -8.655020e-07 -9.258306e-08 -1.016850e-06 1.523591e-05 -4.193989e-04 -1.446624e-05 5.528186e-05
10354.600000 -2.835464e-05 -8.711327e-07 -9.341486e-08 -1.018976e-06 1.278445e-05 -4.392877e-04 -1.705010e-05 6.372316e-05
10354.800000 -2.832558e-05 -8.677887e-07 -9.325896e-08 -1.018031e-06 1.278106e-05 -4.233534e-04 -3.288011e-05 5.768303e-05
10355.000000 -2.831587e-05 -8.698912e-07 -9.315608e-08 -1.018745e-06 1.477336e-05 -4.111003e-04 -3.177963e-05 5.048097e-05
10355.200000 -2.827249e-05 -8.706144e-07 -9.337949e-08 -1.016912e-06 2.913321e-05 -4.137753e-04 -2.577480e-05 4.992069e-05
10355.400000 -2.828533e-05 -8.702530e-07 -9.304678e-08 -1.018441e-06 2.744420e-05 -4.355324e-04 -2.652271e-05 5.201640e-05
10355.600000 -2.834171e-05 -8.714641e-07 -9.332812e-08 -1.021919e-06 3.064664e-05 -4.515104e-04 -2.667572e-05 5.141320e-05
10355.800000 -2.833762e-05 -8.670285e-07 -9.291767e-08 -1.023229e-06 2.301694e-05 -4.737871e-04 -2.314939e-05 5.191818e-05
10356.000000 -2.833347e-05 -8.691195e-07 -9.306951e-08 -1.024201e-06 2.638410e-05 -4.776131e-04 -2.561862e-05 5.383347e-05
10356.200000 -2.829229e-05 -8.669429e-07 -9.269460e-08 -1.022946e-06 2.250647e-05 -4.457979e-04 -4.071677e-05 5.087006e-05
10356.400000 -2.827754e-05 -8.677552e-07 -9.288539e-08 -1.022785e-06 2.676429e-05 -4.171807e-04 -4.205343e-05 4.294672e-05
10356.600000 -2.834653e-05 -8.679411e-07 -9.274181e-08 -1.027277e-06 2.684577e-05 -4.364797e-04 -3.571857e-05 4.370314e-05
10356.800000 -2.833075e-05 -8.667020e-07 -9.286651e-08 -1.027869e-06 3.287056e-05 -4.457610e-04 -2.833237e-05 4.928717e-05
10357.000000 -2.831045e-05 -8.653895e-07 -9.292595e-08 -1.027422e-06 2.692003e-05 -4.286483e-04 -3.400956e-05 5.100697e-05
10357.200000 -2.833569e-05 -8.665937e-07 -9.315236e-08 -1.029515e-06 2.984528e-05 -4.226918e-04 -2.177641e-05 6.229088e-05
10357.400000 -2.829755e-05 -8.680412e-07 -9.341570e-08 -1.028686e-06 3.213670e-05 -4.357558e-04 -1.474384e-05 5.715609e-05
10357.600000 -2.827403e-05 -8.639137e-07 -9.321911e-08 -1.029092e-06 3.301508e-05 -4.322936e-04 -3.401894e-05 4.991465e-05
10357.800000 -2.828229e-05 -8.653076e-07 -9.308983e-08 -1.030914e-06 2.744611e-05 -4.112721e-04 -3.218508e-05 6.003512e-05
10358.000000 -2.828215e-05 -8.650547e-07 -9.285141e-08 -1.031449e-06 2.129784e-05 -4.373581e-04 -4.031435e-05 5.710802e-05
10358.200000 -2.828206e-05 -8.658072e-07 -9.301258e-08 -1.033069e-06 3.041723e-05 -4.448968e-04 -2.838833e-05 5.120767e-05
10358.400000 -2.829701e-05 -8.680527e-07 -9.339821e-08 -1.034731e-06 2.669461e-05 -4.455558e-04 -2.256717e-05 4.616650e-05
10358.600000 -2.829386e-05 -8.651268e-07 -9.292762e-08 -1.035744e-06 3.295863e-05 -4.591970e-04 -2.025560e-05 4.305098e-05
10358.800000 -2.830580e-05 -8.687719e-07 -9.354477e-08 -1.037129e-06 3.085576e-05 -4.310940e-04 -2.802354e-05 4.984552e-05
10359.000000 -2.829076e-05 -8.645325e-07 -9.303303e-08 -1.038189e-06 3.237267e-05 -4.624346e-04 -2.200900e-05 6.275096e-05
10359.200000 -2.828562e-05 -8.673052e-07 -9.342181e-08 -1.039068e-06 2.764775e-05 -4.655455e-04 -2.896620e-05 5.962838e-05
10359.400000 -2.827070e-05 -8.657224e-07 -9.314882e-08 -1.039859e-06 3.215343e-05 -4.424435e-04 -3.227752e-05 5.366852e-05
10359.600000 -2.819028e-05 -8.688246e-07 -9.361635e-08 -1.036885e-06 3.520707e-05 -4.573248e-04 -3.026132e-05 4.651089e-05
10359.800000 -2.814859e-05 -8.699657e-07 -9.382652e-08 -1.036449e-06 4.001695e-05 -4.577713e-04 -2.232761e-05 4.857419e-05
10360.000000 -2.816351e-05 -8.702399e-07 -9.363491e-08 -1.038626e-06 3.366561e-05 -4.930169e-04 -1.282352e-05 5.747567e-05
10360.200000 -2.819244e-05 -8.690173e-07 -9.370392e-08 -1.042043e-06 2.662457e-05 -5.130675e-04 -2.587340e-05 5.797683e-05
10360.400000 -2.820699e-05 -8.626253e-07 -9.275268e-08 -1.045112e-06 2.098653e-05 -5.160379e-04 -2.521121e-05 5.227743e-05
10360.600000 -2.825990e-05 -8.681710e-07 -9.324755e-08 -1.048825e-06 2.393942e-05 -5.135113e-04 -2.547861e-05 6.787392e-05
10360.800000 -2.826234e-05 -8.659127e-07 -9.274645e-08 -1.051023e-06 2.811375e-05 -5.109311e-04 -2.893635e-05 5.750654e-05
10361.000000 -2.819991e-05 -8.657914e-07 -9.286253e-08 -1.049464e-06 1.785425e-05 -5.209520e-04 -1.611812e-05 6.790064e-05
10361.200000 -2.816059e-05 -8.648787e-07 -9.273426e-08 -1.049632e-06 1.035298e-05 -5.080367e-04 -8.144686e-06 6.467488e-05
10361.400000 -2.818106e-05 -8.694803e-07 -9.352101e-08 -1.052522e-06 1.184626e-05 -5.135971e-04 -2.682159e-05 5.819991e-05
10361.600000 -2.806986e-05 -8.676509e-07 -9.344571e-08 -1.049248e-06 2.305075e-05 -5.108224e-04 -2.502865e-05 5.414547e-05
10361.800000 -2.806721e-05 -8.688703e-07 -9.379830e-08 -1.051292e-06 2.449947e-05 -4.919685e-04 -2.945782e-05 5.351920e-05
10362.000000 -2.814774e-05 -8.680661e-07 -9.352611e-08 -1.057144e-06 1.834887e-05 -4.796879e-04 -3.082769e-05 5.122938e-05
10362.200000 -2.819273e-05 -8.651767e-07 -9.303964e-08 -1.062713e-06 2.797481e-05 -4.599267e-04 -3.611577e-05 5.652284e-05
10362.400000 -2.824847e-05 -8.652664e-07 -9.287198e-08 -1.067986e-06 3.218978e-05 -4.581646e-04 -1.913441e-05 5.725652e-05
10362.600000 -2.826834e-05 -8.642021e-07 -9.287520e-08 -1.072278e-06 2.338319e-05 -4.770496e-04 -2.434856e-05 4.666707e-05
10362.800000 -2.821342e-05 -8.681281e-07 -9.341934e-08 -1.071267e-06 2.702135e-05 -4.714099e-04 -3.049249e-05 4.423882e-05
10363.000000 -2.817728e-05 -8.653350e-07 -9.287556e-08 -1.072346e-06 2.390302e-05 -4.645697e-04 -3.092307e-05 4.716619e-05
10363.200000 -2.817903e-05 -8.656315e-07 -9.274121e-08 -1.075558e-06 3.026448e-05 -4.731020e-04 -1.406685e-05 5.200152e-05
10363.400000 -2.816337e-05 -8.654032e-07 -9.258087e-08 -1.078084e-06 1.876477e-05 -4.602890e-04 -3.057808e-05 4.163031e-05
10363.600000 -2.813904e-05 -8.622074e-07 -9.212581e-08 -1.080578e-06 1.458715e-05 -4.857371e-04 -2.935689e-05 4.551717e-05
10363.800000 -2.818908e-05 -8.628016e-07 -9.251603e-08 -1.086576e-06 1.302615e-05 -5.060358e-04 -2.874535e-05 4.410022e-05
10364.000000 -2.822427e-05 -8.603330e-07 -9.228344e-08 -1.092577e-06 1.491661e-05 -5.029235e-04 -3.217778e-05 4.257329e-05
10364.200000 -2.821215e-05 -8.614937e-07 -9.261559e-08 -1.095769e-06 1.604040e-05 -5.091501e-04 -1.748739e-05 3.800283e-05
10364.400000 -2.820872e-05 -8.606560e-07 -9.262550e-08 -1.099933e-06 1.830714e-05 -5.136375e-04 -2.330405e-05 3.190935e-05
10364.600000 -2.821992e-05 -8.589795e-07 -9.250632e-08 -1.105685e-06 2.083736e-05 -4.917339e-04 -2.786980e-05 4.795985e-05
10364.800000 -2.820976e-05 -8.614974e-07 -9.284750e-08 -1.109476e-06 2.348424e-05 -5.049149e-04 -2.783387e-05 4.888833e-05
10365.000000 -2.818611e-05 -8.589088e-07 -9.259421e-08 -1.112768e-06 2.002887e-05 -5.159974e-04 -3.087648e-05 3.831359e-05
10365.200000 -2.818019e-05 -8.605857e-07 -9.298026e-08 -1.117355e-06 1.942803e-05 -4.975789e-04 -1.727404e-05 4.651951e-05
10365.400000 -2.814455e-05 -8.587531e-07 -9.269290e-08 -1.121608e-06 2.405995e-05 -4.589053e-04 -1.605757e-05 4.599512e-05
10365.600000 -2.811425e-05 -8.574273e-07 -9.241812e-08 -1.126311e-06 2.805009e-05 -4.702313e-04 -3.094474e-05 3.589625e-05
10365.800000 -2.816848e-05 -8.578960e-07 -9.222259e-08 -1.136372e-06 3.173524e-05 -5.111621e-04 -2.812634e-05 4.307898e-05
10366.000000 -2.816752e-05 -8.572585e-07 -9.208246e-08 -1.143866e-06 2.635298e-05 -4.968402e-04 -2.506104e-05 3.960300e-05
10366.200000 -2.815207e-05 -8.551317e-07 -9.175420e-08 -1.151275e-06 3.096652e-05 -5.045232e-04 -2.006104e-05 3.530697e-05
10366.400000 -2.814686e-05 -8.497951e-07 -9.133257e-08 -1.159869e-06 3.525469e-05 -5.149312e-04 -2.794367e-05 2.971078e-05
10366.600000 -2.820306e-05 -8.534679e-07 -9.175637e-08 -1.172168e-06 3.788106e-05 -5.162017e-04 -3.194979e-05 3.075873e-05
10366.800000 -2.817181e-05 -8.477245e-07 -9.114021e-08 -1.180779e-06 3.731208e-05 -5.084930e-04 -2.074501e-05 4.216994e-05
10367.000000 -2.818747e-05 -8.494897e-07 -9.158207e-08 -1.192930e-06 3.127586e-05 -5.053285e-04 -3.167357e-05 3.582592e-05
10367.200000 -2.818674e-05 -8.474432e-07 -9.139888e-08 -1.205421e-06 2.530601e-05 -5.193839e-04 -3.025609e-05 3.831854e-05
10367.400000 -2.817196e-05 -8.450080e-07 -9.116932e-08 -1.218654e-06 3.095825e-05 -5.014449e-04 -2.085021e-05 3.813679e-05
10367.600000 -2.818845e-05 -8.452373e-07 -9.071059e-08 -1.235322e-06 3.927360e-05 -4.841700e-04 -2.450234e-05 3.204780e-05
10367.800000 -2.817758e-05 -8.411932e-07 -9.012491e-08 -1.252719e-06 4.951249e-05 -4.934305e-04 -2.490684e-05 5.077256e-05
10368.000000 -2.816986e-05 -8.458129e-07 -9.087591e-08 -1.271090e-06 5.206446e-05 -4.640226e-04 -2.032558e-05 5.419352e-05
10368.200000 -2.809700e-05 -8.394616e-07 -9.022742e-08 -1.289154e-06 4.109872e-05 -4.750525e-04 -1.665952e-05 4.837174e-05
10368.400000 -2.816812e-05 -8.379860e-07 -9.024799e-08 -1.317730e-06 3.195966e-05 -4.617175e-04 -2.162686e-05 4.388482e-05
10368.600000 -2.818926e-05 -8.335208e-07 -8.973421e-08 -1.346268e-06 3.742955e-05 -4.912335e-04 -2.753660e-05 4.544682e-05
10368.800000 -2.815188e-05 -8.309633e-07 -8.934432e-08 -1.373465e-06 4.352554e-05 -5.106430e-04 -2.324521e-05 4.871040e-05
10369.000000 -2.814269e-05 -8.276125e-07 -8.924248e-08 -1.404961e-06 3.485314e-05 -5.126812e-04 -2.903413e-05 4.064810e-05
10369.200000 -2.816376e-05 -8.242015e-07 -8.904451e-08 -1.441927e-06 2.612453e-05 -5.158528e-04 -2.542984e-05 4.804605e-05
10369.400000 -2.816094e-05 -8.226080e-07 -8.925656e-08 -1.479878e-06 1.267465e-05 -4.964986e-04 -2.655101e-05 5.225073e-05
10369.600000 -2.814383e-05 -8.125288e-07 -8.819105e-08 -1.520665e-06 2.743599e-05 -5.123369e-04 -1.948927e-05 4.935840e-05
10369.800000 -2.817742e-05 -8.145920e-07 -8.861435e-08 -1.566740e-06 3.093014e-05 -5.095747e-04 -1.339562e-05 5.654440e-05
10370.000000 -2.816186e-05 -8.086753e-07 -8.779104e-08 -1.614912e-06 2.741724e-05 -5.152064e-04 -1.202806e-05 6.079974e-05
10370.200000 -2.814829e-05 -8.031478e-07 -8.697757e-08 -1.665500e-06 3.634394e-05 -5.185325e-04 -1.429645e-05 5.933032e-05
10370.400000 -2.816724e-05 -7.977377e-07 -8.670556e-08 -1.723004e-06 3.875180e-05 -5.319802e-04 -1.961566e-05 6.493993e-05
10370.600000 -2.814416e-05 -7.893514e-07 -8.586284e-08 -1.781758e-06 3.148908e-05 -5.305111e-04 -2.303482e-05 6.944659e-05
10370.800000 -2.815130e-05 -7.863694e-07 -8.579512e-08 -1.846420e-06 2.445252e-05 -5.363536e-04 -2.073688e-05 5.213503e-05
10371.000000 -2.809648e-05 -7.771875e-07 -8.495763e-08 -1.909819e-06 2.208783e-05 -5.195308e-04 -2.464132e-05 4.790912e-05
10371.200000 -2.802566e-05 -7.705070e-07 -8.417682e-08 -1.972336e-06 3.170564e-05 -5.070756e-04 -2.267275e-05 4.810165e-05
10371.400000 -2.809247e-05 -7.654409e-07 -8.351114e-08 -2.049752e-06 2.711785e-05 -4.775757e-04 -2.262683e-05 4.618464e-05
10371.600000 -2.810179e-05 -7.589262e-07 -8.286569e-08 -2.120564e-06 2.899308e-05 -5.083554e-04 -2.158165e-05 4.774351e-05
10371.800000 -2.805375e-05 -7.497137e-07 -8.225389e-08 -2.183650e-06 4.011804e-05 -5.150374e-04 -1.717151e-05 5.313890e-05
10372.000000 -2.804728e-05 -7.479002e-07 -8.240331e-08 -2.244917e-06 4.032134e-05 -5.248928e-04 -2.034195e-05 4.694534e-05
10372.200000 -2.803750e-05 -7.431673e-07 -8.165043e-08 -2.303385e-06 4.042748e-05 -5.128499e-04 -3.710126e-05 6.551356e-05
10372.400000 -2.804882e-05 -7.367920e-07 -8.087441e-08 -2.357866e-06 2.279187e-05 -5.098317e-04 -3.701196e-05 6.040759e-05
10372.600000 -2.808732e-05 -7.350721e-07 -8.107086e-08 -2.409346e-06 2.557403e-05 -5.105057e-04 -2.502700e-05 5.473479e-05
10372.800000 -2.808158e-05 -7.304418e-07 -8.016426e-08 -2.450528e-06 3.145456e-05 -5.144384e-04 -1.722895e-05 6.151087e-05
10373.000000 -2.805317e-05 -7.297996e-07 -8.004898e-08 -2.482020e-06 3.687080e-05 -5.239440e-04 -1.817226e-05 6.205716e-05
10373.200000 -2.803156e-05 -7.265389e-07 -7.978327e-08 -2.510503e-06 2.939427e-05 -5.369479e-04 -1.443002e-05 5.763273e-05
10373.400000 -2.809359e-05 -7.246217e-07 -7.975642e-08 -2.542771e-06 2.781394e-05 -5.177920e-04 -2.091606e-05 5.283759e-05
10373.600000 -2.809441e-05 -7.222541e-07 -7.944283e-08 -2.564294e-06 3.782538e-05 -5.294353e-04 -2.949898e-05 4.581440e-05
10373.800000 -2.809635e-05 -7.205961e-07 -7.941509e-08 -2.582444e-06 4.199572e-05 -5.176295e-04 -2.076155e-05 4.512392e-05
10374.000000 -2.812824e-05 -7.205943e-07 -7.919387e-08 -2.600853e-06 4.327549e-05 -5.091821e-04 -2.507450e-05 5.536689e-05
10374.200000 -2.814058e-05 -7.200797e-07 -7.940715e-08 -2.614623e-06 4.518880e-05 -5.038523e-04 -2.944639e-05 5.524677e-05
10374.400000 -2.813239e-05 -7.209540e-07 -7.972225e-08 -2.621563e-06 4.339048e-05 -5.069977e-04 -3.169889e-05 5.795815e-05
10374.600000 -2.813644e-05 -7.187601e-07 -7.967811e-08 -2.629665e-06 3.963684e-05 -5.243740e-04 -3.231910e-05 5.710402e-05
10374.800000 -2.817170e-05 -7.204941e-07 -7.988470e-08 -2.642515e-06 2.940749e-05 -5.330150e-04 -2.780474e-05 6.182802e-05
10375.000000 -2.818095e-05 -7.211148e-07 -7.999209e-08 -2.650350e-06 2.716779e-05 -5.450602e-04 -3.052952e-05 5.140806e-05
10375.200000 -2.813728e-05 -7.182246e-07 -7.945898e-08 -2.652445e-06 3.040718e-05 -5.824204e-04 -2.251718e-05 5.023905e-05
10375.400000 -2.812759e-05 -7.208619e-07 -7.926980e-08 -2.656980e-06 3.142080e-05 -5.646520e-04 -2.815700e-05 4.379868e-05
10375.600000 -2.813843e-05 -7.218540e-07 -7.949028e-08 -2.667623e-06 3.042725e-05 -5.457036e-04 -2.436825e-05 4.084421e-05
10375.800000 -2.819737e-05 -7.187103e-07 -7.914952e-08 -2.683503e-06 3.415642e-05 -5.385811e-04 -2.443091e-05 5.454082e-05
10376.000000 -2.819179e-05 -7.159630e-07 -7.902806e-08 -2.690055e-06 3.159550e-05 -5.419307e-04 -6.827251e-06 5.906347e-05
10376.200000 -2.820012e-05 -7.175557e-07 -7.950513e-08 -2.695578e-06 3.308813e-05 -5.371635e-04 -1.191872e-05 5.260095e-05
10376.400000 -2.816761e-05 -7.173198e-07 -7.961162e-08 -2.694209e-06 3.143252e-05 -5.412026e-04 -7.671136e-06 5.837098e-05
10376.600000 -2.816862e-05 -7.183667e-07 -7.967542e-08 -2.695446e-06 3.775799e-05 -5.114094e-04 -2.503181e-06 5.642633e-05
10376.800000 -2.820231e-05 -7.173437e-07 -7.935654e-08 -2.700281e-06 3.014637e-05 -5.309852e-04 -1.625327e-05 5.003175e-05
10377.000000 -2.818716e-05 -7.156772e-07 -7.913103e-08 -2.695414e-06 2.654707e-05 -5.462453e-04 -1.366655e-05 6.250553e-05
10377.200000 -2.819128e-05 -7.174079e-07 -7.935882e-08 -2.690340e-06 2.487527e-05 -5.445169e-04 2.545225e-06 6.118971e-05
10377.400000 -2.817893e-05 -7.177297e-07 -7.918958e-08 -2.680409e-06 3.211009e-05 -5.403050e-04 1.209366e-05 6.444759e-05
10377.600000 -2.814840e-05 -7.182905e-07 -7.926261e-08 -2.664543e-06 2.732716e-05 -5.251344e-04 1.003271e-05 6.228415e-05
10377.800000 -2.817947e-05 -7.202071e-07 -7.937185e-08 -2.654369e-06 3.171400e-05 -5.372333e-04 -2.628564e-06 4.858100e-05
10378.000000 -2.816210e-05 -7.198583e-07 -7.906081e-08 -2.636904e-06 3.315923e-05 -5.206290e-04 -4.308895e-06 5.183649e-05
10378.200000 -2.812738e-05 -7.223549e-07 -7.922481e-08 -2.612852e-06 3.528225e-05 -5.339082e-04 1.839362e-06 4.858933e-05
10378.400000 -2.803881e-05 -7.289130e-07 -7.982435e-08 -2.585200e-06 2.778801e-05 -5.366769e-04 1.822108e-06 4.786092e-05
10378.600000 -2.798535e-05 -7.286230e-07 -8.030967e-08 -2.558903e-06 2.211861e-05 -5.403373e-04 -1.288511e-05 4.972508e-05
10378.800000 -2.808911e-05 -7.279237e-07 -7.996314e-08 -2.550265e-06 1.829199e-05 -5.318889e-04 -1.022436e-05 5.048384e-05
10379.000000 -2.811029e-05 -7.283375e-07 -7.992683e-08 -2.530837e-06 1.367988e-05 -5.486214e-04 -1.185758e-05 5.150047e-05
10379.200000 -2.814222e-05 -7.318060e-07 -8.037722e-08 -2.514275e-06 1.081009e-05 -5.479085e-04 -5.305059e-06 4.734652e-05
10379.400000 -2.816843e-05 -7.305963e-07 -8.033891e-08 -2.499379e-06 1.167191e-05 -5.222472e-04 1.269352e-06 4.819948e-05
10379.600000 -2.817466e-05 -7.317357e-07 -8.024958e-08 -2.481556e-06 1.762657e-05 -4.870928e-04 -2.988866e-06 4.824898e-05
10379.800000 -2.811351e-05 -7.338201e-07 -8.060307e-08 -2.456252e-06 2.275404e-05 -4.637527e-04 -5.397679e-06 4.955595e-05
10380.000000 -2.804726e-05 -7.399413e-07 -8.130858e-08 -2.431896e-06 1.900077e-05 -4.947178e-04 -1.987011e-05 4.338285e-05
10380.200000 -2.802306e-05 -7.440497e-07 -8.163121e-08 -2.414569e-06 1.143369e-05 -5.075768e-04 -2.074587e-05 5.335258e-05
10380.400000 -2.802545e-05 -7.424004e-07 -8.148982e-08 -2.400398e-06 2.369418e-05 -5.144193e-04 -2.373542e-05 6.051868e-05
10380.600000 -2.806180e-05 -7.435506e-07 -8.182504e-08 -2.390151e-06 2.531174e-05 -4.988234e-04 -1.029433e-05 7.069633e-05
10380.800000 -2.806217e-05 -7.451044e-07 -8.174010e-08 -2.376629e-06 2.096404e-05 -4.905146e-04 -2.280652e-05 5.356006e-05
10381.000000 -2.814324e-05 -7.455783e-07 -8.185401e-08 -2.373600e-06 1.267886e-05 -5.220691e-04 -2.877968e-05 5.297289e-05
10381.200000 -2.817384e-05 -7.426395e-07 -8.178630e-08 -2.368514e-06 1.704450e-05 -5.091271e-04 -2.790685e-05 5.680878e-05
10381.400000 -2.818540e-05 -7.465279e-07 -8.243788e-08 -2.359184e-06 1.883632e-05 -5.032427e-04 -3.171040e-05 4.618555e-05
10381.600000 -2.817185e-05 -7.469709e-07 -8.237558e-08 -2.347529e-06 1.469968e-05 -4.981483e-04 -3.350709e-05 5.836862e-05
10381.800000 -2.813320e-05 -7.463589e-07 -8.210613e-08 -2.333780e-06 1.521733e-05 -4.948173e-04 -2.610097e-05 5.759652e-05
10382.000000 -2.813141e-05 -7.493299e-07 -8.223912e-08 -2.323894e-06 1.724635e-05 -4.865622e-04 -2.999588e-05 4.928758e-05
10382.200000 -2.813926e-05 -7.477511e-07 -8.186875e-08 -2.317068e-06 8.817036e-06 -4.827329e-04 -1.548868e-05 4.667101e-05
10382.400000 -2.818630e-05 -7.497892e-07 -8.190187e-08 -2.313960e-06 1.513132e-05 -5.142056e-04 -1.861199e-05 3.390406e-05
10382.600000 -2.817027e-05 -7.496994e-07 -8.198179e-08 -2.302572e-06 1.409406e-05 -5.211381e-04 -2.148307e-05 3.916657e-05
10382.800000 -2.815105e-05 -7.491761e-07 -8.191187e-08 -2.290946e-06 1.665806e-05 -5.064363e-04 -1.397758e-05 4.546754e-05
10383.000000 -2.816868e-05 -7.511130e-07 -8.199533e-08 -2.284485e-06 2.496625e-05 -4.791644e-04 -1.632049e-05 4.141532e-05
10383.200000 -2.813055e-05 -7.535274e-07 -8.234076e-08 -2.271809e-06 3.182176e-05 -4.671364e-04 -2.260742e-05 4.599043e-05
10383.400000 -2.807195e-05 -7.557057e-07 -8.270900e-08 -2.256886e-06 2.017200e-05 -4.886933e-04 -2.233927e-05 5.023190e-05
10383.600000 -2.808023e-05 -7.588751e-07 -8.290892e-08 -2.248420e-06 2.580104e-05 -5.011170e-04 -1.271220e-05 5.565600e-05
10383.800000 -2.809427e-05 -7.564883e-07 -8.272569e-08 -2.242808e-06 3.303729e-05 -4.805239e-04 -1.232519e-05 5.809619e-05
10384.000000 -2.813430e-05 -7.571051e-07 -8.279071e-08 -2.238844e-06 3.248737e-05 -4.742628e-04 -3.748565e-05 4.964539e-05
10384.200000 -2.814010e-05 -7.580174e-07 -8.285325e-08 -2.232142e-06 2.463761e-05 -4.961580e-04 -4.601905e-05 5.439100e-05
10384.400000 -2.815726e-05 -7.597131e-07 -8.294378e-08 -2.225611e-06 1.719984e-05 -4.861935e-04 -4.353666e-05 4.963029e-05
10384.600000 -2.815841e-05 -7.596429e-07 -8.285247e-08 -2.219346e-06 2.036141e-05 -5.049115e-04 -3.627693e-05 4.859083e-05
10384.800000 -2.818599e-05 -7.592527e-07 -8.277448e-08 -2.216636e-06 2.344909e-05 -5.040228e-04 -1.937192e-05 5.906950e-05
10385.000000 -2.816299e-05 -7.596049e-07 -8.297602e-08 -2.206791e-06 3.350914e-05 -4.775918e-04 -3.025518e-05 5.349960e-05
10385.200000 -2.815442e-05 -7.620241e-07 -8.322633e-08 -2.199157e-06 4.429800e-05 -4.851425e-04 -3.813277e-05 5.543494e-05
10385.400000 -2.815933e-05 -7.627056e-07 -8.309023e-08 -2.194275e-06 3.627571e-05 -4.853362e-04 -3.136720e-05 6.359014e-05
10385.600000 -2.816054e-05 -7.615023e-07 -8.322572e-08 -2.187901e-06 3.463912e-05 -4.829449e-04 -3.887913e-05 5.832891e-05
10385.800000 -2.819433e-05 -7.648013e-07 -8.372833e-08 -2.186256e-06 4.518840e-05 -4.923551e-04 -3.005870e-05 5.387189e-05
10386.000000 -2.815998e-05 -7.677710e-07 -8.400725e-08 -2.176686e-06 4.408467e-05 -4.872218e-04 -3.748424e-05 5.321279e-05
10386.200000 -2.815446e-05 -7.640506e-07 -8.314954e-08 -2.173781e-06 4.045434e-05 -4.609001e-04 -4.110156e-05 5.505755e-05
10386.400000 -2.816650e-05 -7.641979e-07 -8.278493e-08 -2.169634e-06 5.135314e-05 -4.754694e-04 -4.602539e-05 5.358574e-05
10386.600000 -2.816586e-05 -7.648346e-07 -8.327306e-08 -2.165828e-06 4.682903e-05 -5.082246e-04 -3.736463e-05 5.126352e-05
10386.800000 -2.818284e-05 -7.674633e-07 -8.350648e-08 -2.163383e-06 3.974111e-05 -4.937768e-04 -4.091336e-05 4.546199e-05
10387.000000 -2.816314e-05 -7.652778e-07 -8.309763e-08 -2.159052e-06 3.194439e-05 -4.810789e-04 -3.992101e-05 4.660504e-05
10387.200000 -2.815286e-05 -7.643966e-07 -8.313935e-08 -2.155780e-06 2.966774e-05 -4.628461e-04 -5.265729e-05 5.085412e-05
10387.400000 -2.813795e-05 -7.668048e-07 -8.340386e-08 -2.150994e-06 3.324922e-05 -4.612112e-04 -4.436513e-05 5.358113e-05
10387.600000 -2.809098e-05 -7.662036e-07 -8.327947e-08 -2.144013e-06 2.455870e-05 -4.862773e-04 -4.074336e-05 4.661234e-05
10387.800000 -2.812560e-05 -7.656331e-07 -8.301605e-08 -2.145870e-06 2.868422e-05 -4.923537e-04 -4.146523e-05 3.808904e-05
10388.000000 -2.813112e-05 -7.658458e-07 -8.304368e-08 -2.145620e-06 4.142910e-05 -4.790107e-04 -3.916666e-05 3.533995e-05
10388.200000 -2.814268e-05 -7.670218e-07 -8.302982e-08 -2.146067e-06 3.746244e-05 -4.727982e-04 -3.368832e-05 4.377223e-05
10388.400000 -2.809978e-05 -7.667256e-07 -8.308252e-08 -2.140866e-06 4.087439e-05 -4.668753e-04 -3.155141e-05 4.642108e-05
10388.600000 -2.804992e-05 -7.670924e-07 -8.268278e-08 -2.135094e-06 3.187264e-05 -4.634066e-04 -3.288193e-05 4.467099e-05
10388.800000 -2.805071e-05 -7.699539e-07 -8.287983e-08 -2.135335e-06 2.520862e-05 -5.036708e-04 -3.734170e-05 5.544163e-05
10389.000000 -2.799863e-05 -7.674929e-07 -8.254868e-08 -2.129916e-06 3.373661e-05 -5.193454e-04 -4.626723e-05 5.020978e-05
10389.200000 -2.798914e-05 -7.689945e-07 -8.256764e-08 -2.128836e-06 2.673404e-05 -5.188780e-04 -4.283767e-05 3.695527e-05
10389.400000 -2.801828e-05 -7.698068e-07 -8.267351e-08 -2.130835e-06 3.335084e-05 -4.892185e-04 -4.481289e-05 3.255795e-05
10389.600000 -2.809093e-05 -7.704066e-07 -8.244450e-08 -2.136661e-06 3.801967e-05 -4.774458e-04 -4.284456e-05 4.814781e-05
10389.800000 -2.811922e-05 -7.666949e-07 -8.211260e-08 -2.140639e-06 2.759115e-05 -4.999489e-04 -4.668775e-05 3.974885e-05
10390.000000 -2.814156e-05 -7.674218e-07 -8.248960e-08 -2.142841e-06 1.588856e-05 -5.031002e-04 -4.952375e-05 3.158736e-05
10390.200000 -2.812314e-05 -7.682585e-07 -8.236818e-08 -2.140201e-06 2.098234e-05 -4.648440e-04 -3.935213e-05 3.083911e-05
10390.400000 -2.812811e-05 -7.691684e-07 -8.208458e-08 -2.139750e-06 1.629989e-05 -4.477510e-04 -4.818422e-05 3.144503e-05
10390.600000 -2.810222e-05 -7.674864e-07 -8.165826e-08 -2.137109e-06 2.974557e-05 -4.486394e-04 -4.282883e-05 3.956560e-05
10390.800000 -2.808510e-05 -7.672442e-07 -8.148869e-08 -2.136197e-06 3.024832e-05 -4.596665e-04 -4.009790e-05 3.988595e-05
10391.000000 -2.808882e-05 -7.683002e-07 -8.146960e-08 -2.136369e-06 2.921527e-05 -4.557103e-04 -4.746174e-05 3.410602e-05
10391.200000 -2.809982e-05 -7.686332e-07 -8.135528e-08 -2.137506e-06 3.700360e-05 -4.975150e-04 -3.917326e-05 4.612891e-05
10391.400000 -2.812052e-05 -7.668217e-07 -8.150347e-08 -2.139517e-06 3.242663e-05 -4.935108e-04 -3.214407e-05 5.440588e-05
10391.600000 -2.814608e-05 -7.695334e-07 -8.163378e-08 -2.141415e-06 3.122786e-05 -4.829998e-04 -3.698885e-05 5.558267e-05
10391.800000 -2.813886e-05 -7.682913e-07 -8.146644e-08 -2.141027e-06 3.081367e-05 -4.829151e-04 -3.729176e-05 5.207542e-05
10392.000000 -2.811471e-05 -7.713881e-07 -8.200914e-08 -2.137334e-06 3.216014e-05 -4.810776e-04 -4.717343e-05 5.009077e-05
10392.200000 -2.813023e-05 -7.700534e-07 -8.178891e-08 -2.140838e-06 3.430574e-05 -4.958478e-04 -5.083872e-05 5.249870e-05
10392.400000 -2.812413e-05 -7.724320e-07 -8.203394e-08 -2.139791e-06 4.185904e-05 -5.053860e-04 -4.023742e-05 4.509222e-05
10392.600000 -2.806796e-05 -7.695309e-07 -8.166550e-08 -2.135227e-06 4.021414e-05 -4.931468e-04 -4.286428e-05 5.307110e-05
10392.800000 -2.805922e-05 -7.716378e-07 -8.170605e-08 -2.134828e-06 4.412698e-05 -4.726962e-04 -4.701891e-05 6.358474e-05
10393.000000 -2.807087e-05 -7.742215e-07 -8.155503e-08 -2.136081e-06 4.987930e-05 -4.582431e-04 -4.645891e-05 6.084187e-05
10393.200000 -2.803555e-05 -7.720201e-07 -8.117183e-08 -2.133933e-06 4.174894e-05 -4.720699e-04 -4.556382e-05 5.218092e-05
10393.400000 -2.802000e-05 -7.712735e-07 -8.078070e-08 -2.133012e-06 3.172485e-05 -4.594536e-04 -4.290720e-05 4.549330e-05
10393.600000 -2.805128e-05 -7.691200e-07 -8.043254e-08 -2.138008e-06 3.285342e-05 -4.617985e-04 -4.116376e-05 4.979982e-05
10393.800000 -2.804366e-05 -7.682462e-07 -8.047245e-08 -2.137790e-06 2.804664e-05 -4.856667e-04 -4.501762e-05 5.127500e-05
10394.000000 -2.800732e-05 -7.666213e-07 -8.010839e-08 -2.137242e-06 1.949831e-05 -5.113507e-04 -3.228249e-05 6.373438e-05
10394.200000 -2.803466e-05 -7.688936e-07 -8.011981e-08 -2.140142e-06 1.796169e-05 -5.039448e-04 -2.968117e-05 6.445848e-05
10394.400000 -2.799607e-05 -7.723966e-07 -8.034195e-08 -2.138067e-06 2.699172e-05 -4.622118e-04 -2.396708e-05 5.520726e-05
10394.600000 -2.786119e-05 -7.712567e-07 -8.017705e-08 -2.128858e-06 2.864215e-05 -4.637044e-04 -3.085690e-05 4.960895e-05
10394.800000 -2.776228e-05 -7.789941e-07 -8.114071e-08 -2.122886e-06 3.116937e-05 -4.520375e-04 -3.114644e-05 4.580326e-05
10395.000000 -2.770799e-05 -7.819521e-07 -8.141010e-08 -2.119762e-06 2.715032e-05 -4.547014e-04 -3.115370e-05 4.866069e-05
10395.200000 -2.763041e-05 -7.785216e-07 -8.053357e-08 -2.114186e-06 3.760051e-05 -4.430447e-04 -3.143478e-05 5.095613e-05
10395.400000 -2.774223e-05 -7.772151e-07 -8.039204e-08 -2.123763e-06 3.544111e-05 -4.266328e-04 -3.759272e-05 5.538810e-05
10395.600000 -2.785395e-05 -7.731396e-07 -8.007943e-08 -2.131686e-06 3.576758e-05 -4.229071e-04 -4.037746e-05 5.804807e-05
10395.800000 -2.792363e-05 -7.687891e-07 -7.933143e-08 -2.135583e-06 3.101776e-05 -4.198196e-04 -4.041024e-05 6.283387e-05
10396.000000 -2.802152e-05 -7.716629e-07 -7.966738e-08 -2.145403e-06 3.705482e-05 -4.452984e-04 -2.131283e-05 6.371524e-05
10396.200000 -2.803942e-05 -7.748691e-07 -8.010382e-08 -2.145597e-06 3.160484e-05 -4.572401e-04 -3.217672e-05 5.840084e-05
10396.400000 -2.796310e-05 -7.752471e-07 -8.038429e-08 -2.137912e-06 2.710886e-05 -4.555600e-04 -2.786746e-05 5.443391e-05
10396.600000 -2.791324e-05 -7.718115e-07 -8.004280e-08 -2.131228e-06 2.651869e-05 -4.595308e-04 -1.768187e-05 5.540512e-05
10396.800000 -2.790821e-05 -7.774600e-07 -8.059852e-08 -2.130478e-06 2.600908e-05 -4.505109e-04 -1.515386e-05 5.917121e-05
10397.000000 -2.799212e-05 -7.751146e-07 -8.001965e-08 -2.134017e-06 2.267718e-05 -4.468815e-04 -2.325262e-05 6.390469e-05
10397.227860 -2.804601e-05 -7.709098e-07 -7.930271e-08 -2.134427e-06 3.061149e-05 -4.526200e-04 -2.729743e-05 6.439897e-05
10397.483581 -2.804777e-05 -7.713366e-07 -7.923028e-08 -2.129797e-06 3.568506e-05 -4.271212e-04 -1.485581e-05 7.002991e-05
10397.767162 -2.806919e-05 -7.723946e-07 -7.923946e-08 -2.127285e-06 2.648751e-05 -4.427164e-04 -2.980715e-05 6.483904e-05
10398.078604 -2.808826e-05 -7.726001e-07 -7.894073e-08 -2.122448e-06 2.998280e-05 -4.871677e-04 -2.340005e-05 6.376456e-05
10398.417905 -2.809026e-05 -7.743506e-07 -7.931840e-08 -2.113056e-06 3.829399e-05 -4.930889e-04 -1.640984e-05 5.981887e-05
10398.785067 -2.806680e-05 -7.751989e-07 -7.929811e-08 -2.100284e-06 3.911683e-05 -4.913434e-04 -1.867539e-05 6.258371e-05
10399.180090 -2.807598e-05 -7.768538e-07 -7.918862e-08 -2.090554e-06 3.528058e-05 -4.818716e-04 -2.236755e-05 5.997406e-05
10399.602973 -2.799467e-05 -7.794961e-07 -7.904903e-08 -2.069611e-06 3.495579e-05 -4.608352e-04 -2.354289e-05 5.745534e-05
10400.053716 -2.786610e-05 -7.808716e-07 -7.938752e-08 -2.046078e-06 3.530925e-05 -4.370837e-04 -3.872538e-05 4.959101e-05
10400.532319 -2.781598e-05 -7.824247e-07 -7.999222e-08 -2.029244e-06 3.206829e-05 -4.236021e-04 -3.498887e-05 4.267393e-05
10401.038783 -2.787770e-05 -7.831628e-07 -8.005560e-08 -2.021127e-06 3.308188e-05 -4.590150e-04 -2.943755e-05 4.451679e-05
10401.573107 -2.792733e-05 -7.809419e-07 -7.955692e-08 -2.012484e-06 4.217639e-05 -4.803043e-04 -3.392251e-05 6.043520e-05
10402.135292 -2.792991e-05 -7.809672e-07 -7.946602e-08 -2.002556e-06 3.234517e-05 -5.102521e-04 -3.294525e-05 5.450933e-05
10402.725337 -2.797425e-05 -7.811525e-07 -7.946369e-08 -1.999154e-06 3.329176e-05 -5.024559e-04 -2.739435e-05 5.297855e-05
10403.343242 -2.797626e-05 -7.802447e-07 -7.980356e-08 -1.994050e-06 3.360916e-05 -5.008327e-04 -2.061261e-05 5.310813e-05
10403.989008 -2.789049e-05 -7.799200e-07 -7.991089e-08 -1.984105e-06 3.137582e-05 -5.213525e-04 -2.782302e-05 5.119224e-05
10404.662634 -2.791039e-05 -7.800250e-07 -8.021016e-08 -1.986031e-06 2.768424e-05 -5.202791e-04 -2.935718e-05 4.556785e-05
10405.364120 -2.785443e-05 -7.820342e-07 -8.041829e-08 -1.984107e-06 2.885199e-05 -5.206842e-04 -3.570855e-05 4.839114e-05
10406.093467 -2.790235e-05 -7.818390e-07 -8.092110e-08 -1.992018e-06 3.208563e-05 -5.054834e-04 -3.917209e-05 5.132044e-05
10406.850674 -2.792544e-05 -7.811935e-07 -8.171539e-08 -1.998801e-06 3.474018e-05 -5.220253e-04 -4.432366e-05 5.105615e-05
10407.635741 -2.791551e-05 -7.796921e-07 -8.180882e-08 -2.004535e-06 3.260556e-05 -5.125072e-04 -4.204607e-05 5.372622e-05
10408.448669 -2.785585e-05 -7.786620e-07 -8.260523e-08 -2.006300e-06 2.965034e-05 -5.003225e-04 -2.576428e-05 5.262754e-05
10409.289457 -2.789234e-05 -7.756911e-07 -8.315903e-08 -2.018032e-06 4.227631e-05 -5.094494e-04 -3.393082e-05 5.148621e-05
10410.158106 -2.786001e-05 -7.771450e-07 -8.431670e-08 -2.024129e-06 5.072406e-05 -5.177697e-04 -3.963856e-05 4.463185e-05
10411.054614 -2.788054e-05 -7.749288e-07 -8.429379e-08 -2.037815e-06 4.561829e-05 -4.899096e-04 -3.155295e-05 4.684953e-05
10411.978983 -2.788553e-05 -7.734093e-07 -8.463606e-08 -2.052236e-06 4.752961e-05 -4.928080e-04 -3.219740e-05 4.605361e-05
10412.931213 -2.787923e-05 -7.719434e-07 -8.537066e-08 -2.068595e-06 5.609984e-05 -4.922986e-04 -3.424939e-05 4.623338e-05
10413.911303 -2.787017e-05 -7.701207e-07 -8.571160e-08 -2.087321e-06 5.719718e-05 -5.292842e-04 -3.254258e-05 5.174082e-05
10414.919253 -2.781744e-05 -7.707200e-07 -8.638663e-08 -2.102739e-06 6.117245e-05 -5.125199e-04 -2.569189e-05 4.846420e-05
10415.955064 -2.782149e-05 -7.672454e-07 -8.634033e-08 -2.123759e-06 5.359907e-05 -5.209213e-04 -1.619778e-05 4.826457e-05
10417.018734 -2.782119e-05 -7.647787e-07 -8.652309e-08 -2.143627e-06 4.811386e-05 -5.133017e-04 -1.229656e-05 5.232814e-05
10418.110266 -2.779249e-05 -7.647414e-07 -8.685262e-08 -2.158006e-06 4.550971e-05 -5.075555e-04 -7.270127e-06 5.844516e-05
10419.232723 -2.777600e-05 -7.635880e-07 -8.655781e-08 -2.171321e-06 4.735531e-05 -4.667802e-04 -1.133821e-05 6.411411e-05
10420.367373 -2.776673e-05 -7.597747e-07 -8.605010e-08 -2.184061e-06 4.171425e-05 -4.706462e-04 -2.814922e-05 5.745048e-05
10421.514214 -2.776564e-05 -7.588264e-07 -8.586845e-08 -2.195235e-06 4.432030e-05 -4.638171e-04 -3.188639e-05 5.444945e-05
10422.673248 -2.774673e-05 -7.579611e-07 -8.594386e-08 -2.202322e-06 4.510973e-05 -4.608320e-04 -3.045404e-05 4.786650e-05
10423.844473 -2.771036e-05 -7.577431e-07 -8.579759e-08 -2.205388e-06 3.623348e-05 -4.639280e-04 -2.281275e-05 4.928639e-05
10425.027890 -2.768629e-05 -7.585477e-07 -8.545025e-08 -2.207848e-06 3.537623e-05 -4.998624e-04 -1.660675e-05 5.730803e-05
10426.223499 -2.762058e-05 -7.599231e-07 -8.538726e-08 -2.204384e-06 3.903777e-05 -4.951818e-04 -1.077912e-05 5.663151e-05
10427.431300 -2.757594e-05 -7.604072e-07 -8.560902e-08 -2.202903e-06 3.464393e-05 -4.925112e-04 -1.981261e-05 4.536052e-05
10428.651293 -2.765719e-05 -7.562134e-07 -8.503051e-08 -2.214002e-06 3.733998e-05 -4.858855e-04 -2.156619e-05 5.132712e-05
10429.883478 -2.765800e-05 -7.555397e-07 -8.487013e-08 -2.216962e-06 3.376720e-05 -5.113402e-04 -1.460774e-05 4.870900e-05
10431.127855 -2.763809e-05 -7.554217e-07 -8.488565e-08 -2.217168e-06 3.731346e-05 -4.798859e-04 -1.844755e-05 4.215401e-05
10432.384423 -2.758473e-05 -7.572292e-07 -8.509494e-08 -2.214892e-06 3.674517e-05 -4.838516e-04 -2.237297e-05 3.654789e-05
10433.653184 -2.756755e-05 -7.590349e-07 -8.553515e-08 -2.217232e-06 4.052604e-05 -5.090750e-04 -5.423956e-06 4.380276e-05
10434.934136 -2.755446e-05 -7.585122e-07 -8.567258e-08 -2.218944e-06 4.351912e-05 -5.052283e-04 -5.611977e-06 5.303910e-05
10436.227280 -2.757341e-05 -7.570593e-07 -8.535734e-08 -2.223004e-06 4.344605e-05 -4.779676e-04 -1.390430e-05 4.895705e-05
10437.532617 -2.757593e-05 -7.559854e-07 -8.498827e-08 -2.224300e-06 3.479177e-05 -4.695842e-04 -2.169951e-05 4.127559e-05
10438.850145 -2.750910e-05 -7.572656e-07 -8.477633e-08 -2.215169e-06 3.438342e-05 -4.764865e-04 -9.141679e-06 4.178116e-05
10440.179865 -2.751891e-05 -7.581456e-07 -8.482979e-08 -2.213590e-06 3.284535e-05 -4.747264e-04 -2.098403e-05 4.221483e-05
10441.521777 -2.738953e-05 -7.629281e-07 -8.526026e-08 -2.199502e-06 4.172030e-05 -4.805492e-04 -2.244904e-05 4.386055e-05
10442.875881 -2.734934e-05 -7.639173e-07 -8.521452e-08 -2.193005e-06 4.446414e-05 -4.870580e-04 -3.285220e-05 4.511464e-05
10444.242177 -2.743840e-05 -7.616244e-07 -8.475999e-08 -2.195696e-06 3.318836e-05 -4.713386e-04 -3.472406e-05 5.322529e-05
10445.620664 -2.750309e-05 -7.612498e-07 -8.454965e-08 -2.199101e-06 3.036142e-05 -5.127827e-04 -3.532981e-05 5.188035e-05
10447.011344 -2.748232e-05 -7.596894e-07 -8.407619e-08 -2.193938e-06 4.050220e-05 -5.104781e-04 -3.353573e-05 4.587342e-05
10448.414215 -2.742719e-05 -7.621933e-07 -8.417198e-08 -2.186146e-06 3.679832e-05 -5.154959e-04 -3.536592e-05 3.897378e-05
10449.829279 -2.731269e-05 -7.670755e-07 -8.462931e-08 -2.173031e-06 4.571534e-05 -4.960837e-04 -3.257881e-05 4.336562e-05
10451.256534 -2.736939e-05 -7.649329e-07 -8.447541e-08 -2.173713e-06 4.662018e-05 -5.069914e-04 -3.584323e-05 3.942098e-05
10452.695981 -2.739065e-05 -7.642097e-07 -8.458596e-08 -2.171752e-06 5.281265e-05 -5.108395e-04 -3.297229e-05 4.251720e-05
10454.147620 -2.740830e-05 -7.630850e-07 -8.438394e-08 -2.170864e-06 5.546243e-05 -4.909621e-04 -3.488172e-05 4.374386e-05
10455.611452 -2.739153e-05 -7.628930e-07 -8.427420e-08 -2.166606e-06 5.721773e-05 -4.728591e-04 -1.935482e-05 5.821674e-05
10457.087475 -2.735044e-05 -7.639972e-07 -8.436981e-08 -2.160409e-06 4.802140e-05 -4.849341e-04 -1.262174e-05 5.704249e-05
10458.575689 -2.730736e-05 -7.663408e-07 -8.451247e-08 -2.153109e-06 4.319707e-05 -5.171553e-04 -2.178088e-06 5.430902e-05
10460.076096 -2.730685e-05 -7.658829e-07 -8.435986e-08 -2.152601e-06 4.432681e-05 -5.142029e-04 -4.062322e-06 5.174371e-05
10461.588695 -2.731324e-05 -7.642683e-07 -8.369273e-08 -2.153131e-06 4.194830e-05 -4.924627e-04 -1.290361e-05 4.529431e-05
10463.113485 -2.731045e-05 -7.636488e-07 -8.365246e-08 -2.153335e-06 4.638951e-05 -4.644462e-04 -2.315105e-05 3.713458e-05
10464.650468 -2.725896e-05 -7.648116e-07 -8.374211e-08 -2.148774e-06 4.921063e-05 -4.804772e-04 -3.677276e-05 3.193865e-05
10466.199642 -2.724083e-05 -7.630071e-07 -8.318917e-08 -2.149522e-06 5.111909e-05 -5.086128e-04 -2.464215e-05 3.501471e-05
10467.761009 -2.722935e-05 -7.638292e-07 -8.289061e-08 -2.150128e-06 4.083462e-05 -4.912603e-04 -3.348192e-05 3.905780e-05
10469.334567 -2.717376e-05 -7.637882e-07 -8.324123e-08 -2.145521e-06 3.899768e-05 -5.044343e-04 -2.768029e-05 4.848749e-05
10470.920317 -2.715354e-05 -7.625417e-07 -8.306523e-08 -2.144813e-06 4.733481e-05 -4.871691e-04 -3.190255e-05 3.960475e-05
10472.518259 -2.713531e-05 -7.616081e-07 -8.313250e-08 -2.144079e-06 4.695163e-05 -4.488078e-04 -3.625348e-05 3.622770e-05
10474.128393 -2.713662e-05 -7.616935e-07 -8.291540e-08 -2.146015e-06 4.393097e-05 -4.346273e-04 -3.688303e-05 4.270395e-05
10475.750719 -2.707350e-05 -7.647803e-07 -8.336550e-08 -2.140349e-06 4.407053e-05 -4.590270e-04 -2.594619e-05 4.909009e-05
10477.385237 -2.707726e-05 -7.632217e-07 -8.368123e-08 -2.141594e-06 5.143075e-05 -4.663811e-04 -2.451844e-05 5.058290e-05
10479.031946 -2.699608e-05 -7.666574e-07 -8.445566e-08 -2.135101e-06 4.099707e-05 -4.625865e-04 -2.549795e-05 5.537146e-05
10480.690848 -2.699375e-05 -7.655544e-07 -8.473545e-08 -2.135412e-06 4.022069e-05 -4.472102e-04 -2.481777e-05 4.301568e-05
10482.361942 -2.702412e-05 -7.624128e-07 -8.467256e-08 -2.140439e-06 3.266297e-05 -4.606788e-04 -2.217934e-05 4.874359e-05
10484.045227 -2.700649e-05 -7.626031e-07 -8.480153e-08 -2.140476e-06 2.706600e-05 -4.737870e-04 -3.175014e-05 4.709387e-05
10485.740704 -2.698284e-05 -7.630144e-07 -8.539828e-08 -2.139475e-06 2.179467e-05 -4.871808e-04 -2.050005e-05 4.875592e-05
10487.448374 -2.696784e-05 -7.632245e-07 -8.594351e-08 -2.139880e-06 1.992155e-05 -4.902576e-04 -2.555449e-05 4.479596e-05
10489.168235 -2.693342e-05 -7.642697e-07 -8.628900e-08 -2.137947e-06 2.755926e-05 -4.634018e-04 -2.762901e-05 4.613903e-05
10490.900288 -2.693397e-05 -7.624012e-07 -8.639049e-08 -2.141203e-06 3.936549e-05 -4.594646e-04 -2.003204e-05 4.598880e-05
10492.644533 -2.691697e-05 -7.625736e-07 -8.701063e-08 -2.142642e-06 4.449903e-05 -4.786403e-04 -2.377637e-05 3.884897e-05
10494.400970 -2.688700e-05 -7.641876e-07 -8.776640e-08 -2.143508e-06 4.572101e-05 -4.515737e-04 -3.250466e-05 2.643525e-05
10496.169598 -2.686499e-05 -7.650606e-07 -8.795263e-08 -2.146330e-06 4.696550e-05 -4.668449e-04 -3.029494e-05 3.633501e-05
10497.950419 -2.685010e-05 -7.645617e-07 -8.796573e-08 -2.149704e-06 5.277353e-05 -4.889123e-04 -1.982000e-05 3.126274e-05
10499.743432 -2.681519e-05 -7.627892e-07 -8.770845e-08 -2.153205e-06 4.871635e-05 -5.000506e-04 -1.383105e-05 4.442009e-05
10501.548636 -2.677497e-05 -7.646237e-07 -8.804617e-08 -2.155179e-06 4.264582e-05 -4.795698e-04 -1.708157e-05 4.725623e-05
10503.366032 -2.676099e-05 -7.616961e-07 -8.806366e-08 -2.161341e-06 4.763954e-05 -4.569232e-04 -1.766831e-05 4.727061e-05
10505.195621 -2.674119e-05 -7.621567e-07 -8.837284e-08 -2.166007e-06 4.778169e-05 -4.494696e-04 -2.689705e-05 5.709604e-05
10507.037401 -2.671363e-05 -7.618732e-07 -8.834218e-08 -2.169418e-06 5.320592e-05 -4.442912e-04 -2.612178e-05 4.878177e-05
10508.891373 -2.668872e-05 -7.598680e-07 -8.786221e-08 -2.172116e-06 5.194105e-05 -4.400389e-04 -2.570202e-05 5.395784e-05
10510.757537 -2.664701e-05 -7.598127e-07 -8.780802e-08 -2.172163e-06 5.101362e-05 -4.309629e-04 -2.826266e-05 5.044034e-05
10512.635893 -2.655292e-05 -7.599891e-07 -8.758363e-08 -2.166559e-06 4.428008e-05 -4.549993e-04 -4.017282e-05 4.132054e-05
10514.526441 -2.643532e-05 -7.628569e-07 -8.804275e-08 -2.159367e-06 5.214248e-05 -4.819014e-04 -4.880217e-05 4.131127e-05
10516.429181 -2.647272e-05 -7.619708e-07 -8.784859e-08 -2.163845e-06 5.109748e-05 -4.725770e-04 -4.037890e-05 4.350817e-05
10518.344112 -2.647834e-05 -7.603910e-07 -8.728882e-08 -2.166494e-06 4.741234e-05 -4.667841e-04 -2.922739e-05 4.025571e-05
10520.271236 -2.635548e-05 -7.575593e-07 -8.662828e-08 -2.158318e-06 4.656998e-05 -4.541122e-04 -2.469508e-05 4.108530e-05
10522.210552 -2.644582e-05 -7.572993e-07 -8.668258e-08 -2.168106e-06 4.350872e-05 -4.504118e-04 -2.075293e-05 4.494068e-05
10524.162059 -2.640810e-05 -7.574096e-07 -8.651429e-08 -2.164985e-06 4.624273e-05 -4.251642e-04 -3.798090e-05 4.392050e-05
10526.125758 -2.629606e-05 -7.574456e-07 -8.639181e-08 -2.158221e-06 3.800853e-05 -4.054331e-04 -3.446814e-05 4.123636e-05
10528.101649 -2.625125e-05 -7.590634e-07 -8.614670e-08 -2.151820e-06 4.209474e-05 -4.239127e-04 -2.541928e-05 4.199117e-05
10530.089733 -2.624306e-05 -7.582924e-07 -8.607021e-08 -2.150184e-06 5.113861e-05 -4.294560e-04 -3.248030e-05 3.464967e-05
10532.090008 -2.627161e-05 -7.646472e-07 -8.686962e-08 -2.151456e-06 4.522992e-05 -4.278665e-04 -2.558384e-05 3.514289e-05
10534.102475 -2.622310e-05 -7.618664e-07 -8.646621e-08 -2.146005e-06 3.969758e-05 -4.187342e-04 -2.179975e-05 4.279532e-05
10536.127133 -2.619665e-05 -7.617656e-07 -8.643898e-08 -2.143455e-06 3.990506e-05 -4.193369e-04 -2.759867e-05 3.389408e-05
10538.163984 -2.622746e-05 -7.655789e-07 -8.671343e-08 -2.146037e-06 3.298540e-05 -4.082302e-04 -2.902405e-05 3.354625e-05
10540.213027 -2.619428e-05 -7.623212e-07 -8.613800e-08 -2.143530e-06 3.330081e-05 -4.262182e-04 -3.379308e-05 3.691079e-05
10542.274261 -2.617984e-05 -7.636679e-07 -8.644882e-08 -2.142319e-06 3.611820e-05 -4.124767e-04 -3.431406e-05 3.903809e-05
10544.347688 -2.613097e-05 -7.639776e-07 -8.680800e-08 -2.137827e-06 3.616134e-05 -4.320146e-04 -3.891595e-05 3.018409e-05
10546.433306 -2.609031e-05 -7.652933e-07 -8.710929e-08 -2.134979e-06 4.506560e-05 -4.549873e-04 -4.160199e-05 2.985237e-05
10548.531117 -2.607935e-05 -7.614795e-07 -8.711226e-08 -2.136051e-06 4.699727e-05 -4.812169e-04 -4.501324e-05 3.048959e-05
10550.641119 -2.604484e-05 -7.610953e-07 -8.754064e-08 -2.134731e-06 5.359369e-05 -4.744396e-04 -4.403649e-05 3.163869e-05
10552.763313 -2.597017e-05 -7.604880e-07 -8.774995e-08 -2.130145e-06 5.525915e-05 -4.627603e-04 -3.442177e-05 4.104606e-05
10554.897699 -2.594968e-05 -7.618456e-07 -8.814841e-08 -2.130964e-06 4.163966e-05 -4.516555e-04 -3.992667e-05 4.438694e-05
10557.044277 -2.588381e-05 -7.645052e-07 -8.865747e-08 -2.124906e-06 4.154192e-05 -4.660604e-04 -2.714242e-05 4.654782e-05
10559.203047 -2.584428e-05 -7.646779e-07 -8.879755e-08 -2.124251e-06 4.450691e-05 -4.676827e-04 -2.786355e-05 3.659805e-05
10561.374008 -2.579183e-05 -7.661362e-07 -8.916538e-08 -2.121091e-06 3.692285e-05 -4.548001e-04 -2.871895e-05 3.515869e-05
10563.557162 -2.579637e-05 -7.629607e-07 -8.936083e-08 -2.124990e-06 4.592237e-05 -4.546676e-04 -2.473521e-05 2.742669e-05
10565.752508 -2.576828e-05 -7.631949e-07 -8.996664e-08 -2.125076e-06 5.403973e-05 -4.516339e-04 -1.873679e-05 2.921163e-05
10567.960045 -2.570245e-05 -7.628615e-07 -8.990110e-08 -2.121931e-06 5.504153e-05 -4.514413e-04 -3.069457e-05 2.619828e-05
10570.179775 -2.567611e-05 -7.591182e-07 -8.911642e-08 -2.122001e-06 5.122860e-05 -4.564214e-04 -3.394202e-05 2.544079e-05
10572.411696 -2.564424e-05 -7.614012e-07 -8.984821e-08 -2.120787e-06 4.031224e-05 -4.783341e-04 -3.164672e-05 3.682688e-05
10574.655809 -2.558105e-05 -7.590742e-07 -8.972653e-08 -2.118559e-06 3.842371e-05 -4.829336e-04 -2.384672e-05 3.566143e-05
10576.912114 -2.553821e-05 -7.617067e-07 -9.052275e-08 -2.116567e-06 3.965629e-05 -4.496892e-04 -1.488100e-05 3.849748e-05
10579.180611 -2.549773e-05 -7.593565e-07 -9.023383e-08 -2.113708e-06 3.372902e-05 -4.186068e-04 -1.575897e-05 2.977639e-05
10581.461300 -2.543683e-05 -7.591232e-07 -9.058345e-08 -2.109702e-06 2.316883e-05 -4.273611e-04 -2.062836e-05 3.616776e-05
10583.754181 -2.542465e-05 -7.582441e-07 -9.036818e-08 -2.109788e-06 3.289984e-05 -4.230082e-04 -1.262350e-05 3.510645e-05
10586.059254 -2.536113e-05 -7.583016e-07 -9.037885e-08 -2.105452e-06 2.961087e-05 -4.370516e-04 -3.221856e-05 2.854016e-05
10588.376518 -2.526763e-05 -7.579663e-07 -9.038007e-08 -2.098023e-06 3.349925e-05 -4.186579e-04 -2.305957e-05 3.222169e-05
10590.705975 -2.520724e-05 -7.550975e-07 -8.962550e-08 -2.093484e-06 3.521178e-05 -4.199426e-04 -1.589465e-05 3.710370e-05
10593.047623 -2.510578e-05 -7.537190e-07 -8.930468e-08 -2.084391e-06 3.729867e-05 -4.110991e-04 -3.061833e-05 3.829133e-05
10595.401464 -2.507237e-05 -7.537795e-07 -8.918110e-08 -2.082743e-06 4.016750e-05 -4.361065e-04 -2.946791e-05 4.222038e-05
10597.767496 -2.506751e-05 -7.561508e-07 -8.961534e-08 -2.083152e-06 2.903278e-05 -4.211212e-04 -1.841652e-05 3.835637e-05
10600.145720 -2.504162e-05 -7.564065e-07 -8.964150e-08 -2.081125e-06 2.656022e-05 -4.050358e-04 -1.672278e-05 4.647660e-05
10602.536136 -2.499984e-05 -7.553638e-07 -8.966243e-08 -2.079843e-06 2.865953e-05 -4.316408e-04 -2.081425e-05 3.887870e-05
10604.938744 -2.494201e-05 -7.569890e-07 -8.958511e-08 -2.075864e-06 3.828740e-05 -4.293922e-04 -1.223556e-05 3.856212e-05
10607.353544 -2.483956e-05 -7.567104e-07 -8.968743e-08 -2.067452e-06 4.504877e-05 -4.493091e-04 -9.236358e-06 4.547923e-05
10609.780536 -2.471736e-05 -7.588973e-07 -9.042959e-08 -2.060324e-06 4.148541e-05 -4.499664e-04 -3.766614e-06 3.696059e-05
10612.219720 -2.473868e-05 -7.572163e-07 -9.006811e-08 -2.063363e-06 4.434917e-05 -4.453698e-04 -5.997574e-06 3.225249e-05
10614.671096 -2.478481e-05 -7.544308e-07 -8.973610e-08 -2.072245e-06 4.348071e-05 -4.380067e-04 -3.353504e-06 4.365946e-05
10617.134663 -2.475681e-05 -7.582353e-07 -9.000597e-08 -2.072722e-06 5.543405e-05 -4.613918e-04 -4.750915e-06 5.103122e-05
10619.610423 -2.470095e-05 -7.601487e-07 -9.024557e-08 -2.070600e-06 4.870627e-05 -4.784848e-04 -1.280594e-05 5.151143e-05
10622.098374 -2.465441e-05 -7.626812e-07 -9.105713e-08 -2.070452e-06 5.456644e-05 -4.548498e-04 -8.765009e-06 6.406740e-05
10624.598517 -2.462479e-05 -7.605230e-07 -9.111952e-08 -2.067827e-06 5.585272e-05 -4.609866e-04 -8.102121e-06 5.236984e-05
10627.110852 -2.463705e-05 -7.571570e-07 -9.061878e-08 -2.072233e-06 4.782322e-05 -4.529830e-04 -1.680721e-05 5.176373e-05
10629.635380 -2.461514e-05 -7.563827e-07 -9.023078e-08 -2.073854e-06 4.403963e-05 -4.488949e-04 -9.224027e-06 5.254158e-05
10632.172099 -2.456116e-05 -7.550030e-07 -8.986892e-08 -2.071266e-06 3.716791e-05 -4.604927e-04 4.455599e-06 5.743759e-05
10634.721009 -2.449919e-05 -7.549806e-07 -8.961281e-08 -2.068199e-06 4.126266e-05 -4.489716e-04 -4.649993e-06 5.359104e-05
10637.282112 -2.443196e-05 -7.553722e-07 -9.015946e-08 -2.062310e-06 3.589489e-05 -4.466262e-04 -1.710543e-05 5.400264e-05
10639.855407 -2.437484e-05 -7.560562e-07 -9.062309e-08 -2.059155e-06 3.725478e-05 -4.454893e-04 -1.627484e-05 5.385057e-05
10642.440894 -2.422164e-05 -7.604535e-07 -9.136267e-08 -2.049092e-06 3.548299e-05 -4.439713e-04 -2.137343e-05 4.799178e-05
10645.038572 -2.413612e-05 -7.608361e-07 -9.188818e-08 -2.042640e-06 3.547952e-05 -4.530703e-04 -2.033478e-05 4.941505e-05
10647.648443 -2.410386e-05 -7.594884e-07 -9.171765e-08 -2.041200e-06 3.553157e-05 -4.451995e-04 -1.962336e-05 4.817923e-05
10650.270505 -2.405532e-05 -7.597571e-07 -9.214455e-08 -2.039127e-06 2.714861e-05 -4.503494e-04 -2.302560e-05 3.451812e-05
10652.904759 -2.394400e-05 -7.590948e-07 -9.225172e-08 -2.031257e-06 1.670383e-05 -4.404274e-04 -1.421820e-05 4.086264e-05
10655.551205 -2.392575e-05 -7.570120e-07 -9.225158e-08 -2.028575e-06 2.670464e-05 -4.379046e-04 -1.686986e-05 4.809152e-05
10658.209844 -2.384449e-05 -7.524879e-07 -9.227706e-08 -2.022574e-06 4.123283e-05 -4.392005e-04 -2.104256e-05 5.341683e-05
10660.880674 -2.387228e-05 -7.495404e-07 -9.221393e-08 -2.027504e-06 3.430138e-05 -4.530198e-04 -2.201554e-05 5.175516e-05
10663.563696 -2.387010e-05 -7.502363e-07 -9.224987e-08 -2.027512e-06 2.984642e-05 -4.656389e-04 -2.294407e-05 4.346695e-05
10666.258909 -2.382093e-05 -7.497709e-07 -9.218752e-08 -2.024412e-06 2.250385e-05 -4.555413e-04 -1.412016e-05 4.033638e-05
10668.966315 -2.376522e-05 -7.485403e-07 -9.162441e-08 -2.021190e-06 2.154939e-05 -4.375739e-04 -1.601924e-05 4.253238e-05
10671.685913 -2.370085e-05 -7.493297e-07 -9.225065e-08 -2.016730e-06 2.247377e-05 -4.049793e-04 -1.835565e-05 4.585264e-05
10674.417702 -2.359878e-05 -7.504563e-07 -9.248751e-08 -2.008179e-06 2.895070e-05 -4.405694e-04 -1.423727e-05 4.094060e-05
10677.161684 -2.352977e-05 -7.486491e-07 -9.249156e-08 -2.005055e-06 2.684549e-05 -4.303284e-04 -1.788580e-05 4.151179e-05
10679.917857 -2.342332e-05 -7.462856e-07 -9.268697e-08 -1.997860e-06 3.874976e-05 -4.557046e-04 -1.193978e-05 4.492970e-05
10682.686222 -2.335461e-05 -7.453323e-07 -9.274063e-08 -1.993385e-06 4.719168e-05 -4.286032e-04 -2.318155e-05 4.374531e-05
10685.466780 -2.327332e-05 -7.445088e-07 -9.262936e-08 -1.986974e-06 4.571591e-05 -4.361895e-04 -3.396901e-05 4.848116e-05
10688.259529 -2.317198e-05 -7.416670e-07 -9.263690e-08 -1.978581e-06 4.443274e-05 -4.751097e-04 -2.638396e-05 5.063125e-05
10691.064470 -2.310314e-05 -7.404069e-07 -9.256014e-08 -1.974455e-06 3.784531e-05 -4.850585e-04 -2.574578e-05 4.805813e-05
10693.881602 -2.311876e-05 -7.417239e-07 -9.265652e-08 -1.979601e-06 3.580986e-05 -4.908157e-04 -2.019917e-05 5.163932e-05
10696.710927 -2.308497e-05 -7.441057e-07 -9.310029e-08 -1.977303e-06 4.152790e-05 -4.629265e-04 -1.908882e-05 4.535457e-05
10699.552444 -2.301985e-05 -7.450669e-07 -9.370119e-08 -1.972771e-06 3.713684e-05 -4.786830e-04 -3.218224e-05 4.314301e-05
10702.406153 -2.290810e-05 -7.412235e-07 -9.309885e-08 -1.964841e-06 2.504249e-05 -4.645312e-04 -2.896228e-05 4.720953e-05
10705.272053 -2.284183e-05 -7.407956e-07 -9.285035e-08 -1.962061e-06 2.455079e-05 -4.545891e-04 -2.016270e-05 4.388727e-05
10708.150146 -2.279870e-05 -7.446938e-07 -9.288485e-08 -1.960234e-06 2.425759e-05 -4.540276e-04 -2.302531e-05 4.044011e-05
10711.040430 -2.278393e-05 -7.448778e-07 -9.286597e-08 -1.959873e-06 2.626031e-05 -4.532656e-04 -2.811324e-05 4.661136e-05
10713.942906 -2.276484e-05 -7.443952e-07 -9.323194e-08 -1.959375e-06 4.574716e-05 -4.369769e-04 -3.083412e-05 4.861585e-05
10716.857574 -2.271117e-05 -7.435896e-07 -9.307222e-08 -1.956023e-06 4.510034e-05 -4.148714e-04 -2.757853e-05 4.046379e-05
10719.784435 -2.261087e-05 -7.453852e-07 -9.332043e-08 -1.949420e-06 4.679895e-05 -4.362822e-04 -2.922078e-05 3.941970e-05
10722.723487 -2.253618e-05 -7.454462e-07 -9.356984e-08 -1.945078e-06 4.309840e-05 -4.390940e-04 -3.652022e-05 3.450147e-05
10725.674730 -2.250489e-05 -7.414899e-07 -9.284691e-08 -1.943898e-06 3.813065e-05 -4.523708e-04 -3.190111e-05 3.685869e-05
10728.638166 -2.244463e-05 -7.374392e-07 -9.262889e-08 -1.941703e-06 3.031947e-05 -4.365103e-04 -2.572364e-05 3.685631e-05
10731.613794 -2.237552e-05 -7.358617e-07 -9.251999e-08 -1.937554e-06 2.598296e-05 -4.348145e-04 -2.766299e-05 3.925810e-05
10734.601614 -2.233387e-05 -7.363426e-07 -9.276284e-08 -1.935487e-06 1.462287e-05 -4.616142e-04 -3.272352e-05 4.201158e-05
10737.601625 -2.224535e-05 -7.351852e-07 -9.313950e-08 -1.929405e-06 2.177652e-05 -4.511309e-04 -3.421992e-05 4.631861e-05
10740.613829 -2.216896e-05 -7.362771e-07 -9.320997e-08 -1.924075e-06 2.747398e-05 -4.525547e-04 -2.137291e-05 4.996872e-05
10743.638224 -2.205772e-05 -7.375410e-07 -9.348814e-08 -1.915101e-06 2.557036e-05 -4.539169e-04 -2.225243e-05 5.551827e-05
10746.674811 -2.196503e-05 -7.356340e-07 -9.335009e-08 -1.906907e-06 2.996235e-05 -3.984233e-04 -2.635967e-05 5.105688e-05
10749.723590 -2.190741e-05 -7.339623e-07 -9.328031e-08 -1.902944e-06 3.112118e-05 -4.095531e-04 -2.100284e-05 4.752064e-05
10752.784561 -2.181802e-05 -7.324087e-07 -9.341041e-08 -1.896362e-06 2.264662e-05 -4.208814e-04 -2.088766e-05 4.008046e-05
10755.857724 -2.170003e-05 -7.292569e-07 -9.293720e-08 -1.888341e-06 3.380458e-05 -4.362786e-04 -1.589168e-05 4.135472e-05
10758.943079 -2.167553e-05 -7.292401e-07 -9.320935e-08 -1.887449e-06 4.177136e-05 -4.284525e-04 -8.079836e-06 3.859040e-05
10762.040626 -2.161346e-05 -7.291414e-07 -9.322705e-08 -1.883217e-06 4.105794e-05 -4.349322e-04 -1.104481e-05 2.773607e-05
10765.150365 -2.155976e-05 -7.273253e-07 -9.267829e-08 -1.881089e-06 4.532550e-05 -4.200727e-04 -2.103836e-05 3.422080e-05
10768.272295 -2.146047e-05 -7.266473e-07 -9.225590e-08 -1.873237e-06 5.095257e-05 -4.113689e-04 -3.362132e-05 4.469200e-05
10771.406418 -2.137831e-05 -7.243406e-07 -9.220720e-08 -1.867479e-06 4.395163e-05 -4.392769e-04 -3.206173e-05 4.267242e-05
10774.552732 -2.127431e-05 -7.236784e-07 -9.240529e-08 -1.859546e-06 4.744095e-05 -4.438558e-04 -2.892045e-05 3.443413e-05
10777.711239 -2.117084e-05 -7.220284e-07 -9.230878e-08 -1.851719e-06 5.095476e-05 -4.484191e-04 -2.227928e-05 3.346091e-05
10780.881937 -2.107139e-05 -7.177112e-07 -9.218996e-08 -1.844397e-06 4.316605e-05 -4.499153e-04 -2.605061e-05 3.615650e-05
10784.064827 -2.099604e-05 -7.193672e-07 -9.333820e-08 -1.839637e-06 4.668709e-05 -4.520798e-04 -1.352921e-05 4.009131e-05
10787.259909 -2.088304e-05 -7.190083e-07 -9.384730e-08 -1.830686e-06 4.350263e-05 -4.595466e-04 -1.650211e-05 3.748475e-05
10790.467183 -2.073961e-05 -7.205855e-07 -9.471445e-08 -1.820695e-06 4.053164e-05 -4.538373e-04 -2.259575e-05 4.221291e-05
10793.686649 -2.055499e-05 -7.192885e-07 -9.481123e-08 -1.806179e-06 4.540120e-05 -4.631491e-04 -2.705764e-05 4.707042e-05
10796.918307 -2.056875e-05 -7.132993e-07 -9.421906e-08 -1.807888e-06 5.001637e-05 -4.541502e-04 -2.186605e-05 3.970771e-05
10800.162157 -2.050337e-05 -7.099331e-07 -9.415144e-08 -1.803569e-06 4.314481e-05 -4.573100e-04 -1.715287e-05 3.180001e-05
10803.418198 -2.036336e-05 -7.102857e-07 -9.442549e-08 -1.792062e-06 4.557414e-05 -4.497525e-04 -3.008294e-05 2.500309e-05
10806.686432 -2.019793e-05 -7.064504e-07 -9.408378e-08 -1.777638e-06 4.473807e-05 -4.550758e-04 -2.259227e-05 3.230457e-05
10809.966857 -2.019093e-05 -7.057424e-07 -9.421093e-08 -1.779558e-06 4.974189e-05 -4.516384e-04 -1.452519e-05 3.822082e-05
10813.259474 -2.013953e-05 -7.044159e-07 -9.379124e-08 -1.776113e-06 4.256384e-05 -4.368553e-04 -1.385312e-05 4.173277e-05
10816.564284 -2.001944e-05 -7.024315e-07 -9.326849e-08 -1.766362e-06 4.427753e-05 -4.435959e-04 -8.682203e-06 4.564979e-05
10819.881285 -1.992037e-05 -7.022109e-07 -9.311803e-08 -1.758377e-06 4.464880e-05 -4.499930e-04 -4.559278e-06 4.822158e-05
10823.210478 -1.984130e-05 -6.999617e-07 -9.291145e-08 -1.752345e-06 4.460324e-05 -4.473480e-04 -1.806952e-05 4.188418e-05
10826.551863 -1.974228e-05 -6.983494e-07 -9.261748e-08 -1.744980e-06 3.431305e-05 -4.241143e-04 -1.918833e-05 3.153431e-05
10829.905440 -1.962390e-05 -6.969101e-07 -9.189383e-08 -1.735629e-06 3.325773e-05 -4.287924e-04 -1.839991e-05 2.808790e-05
10833.271209 -1.948252e-05 -6.984111e-07 -9.194677e-08 -1.724351e-06 3.771656e-05 -4.150048e-04 -1.085130e-05 3.582399e-05
10836.649169 -1.937907e-05 -6.974968e-07 -9.178912e-08 -1.717011e-06 3.523177e-05 -3.955009e-04 -1.477347e-06 3.538618e-05
10840.039322 -1.927482e-05 -6.951725e-07 -9.162947e-08 -1.708038e-06 3.909790e-05 -3.866260e-04 -7.343035e-06 3.096962e-05
10843.441666 -1.913022e-05 -6.947316e-07 -9.135055e-08 -1.696766e-06 4.610061e-05 -4.040846e-04 -1.274538e-05 3.582217e-05
10846.856203 -1.903148e-05 -6.903533e-07 -9.067981e-08 -1.689115e-06 4.214966e-05 -4.077284e-04 -2.421236e-05 2.862483e-05
10850.282931 -1.890974e-05 -6.884338e-07 -9.055457e-08 -1.681704e-06 3.746548e-05 -3.966999e-04 -2.589344e-05 2.519938e-05
10853.721851 -1.877647e-05 -6.859559e-07 -9.055543e-08 -1.669605e-06 4.342047e-05 -4.230760e-04 -2.269185e-05 3.307532e-05
10857.172964 -1.872049e-05 -6.842369e-07 -9.088638e-08 -1.664372e-06 4.114096e-05 -4.323447e-04 -1.537339e-05 4.318104e-05
10860.636268 -1.857539e-05 -6.791617e-07 -9.099558e-08 -1.651871e-06 4.476959e-05 -4.403501e-04 -2.280785e-05 5.294538e-05
10864.111764 -1.849460e-05 -6.766026e-07 -9.071860e-08 -1.645762e-06 4.250782e-05 -4.507961e-04 -1.943070e-05 4.756934e-05
10867.599451 -1.837396e-05 -6.745425e-07 -9.026217e-08 -1.636175e-06 4.929552e-05 -4.396016e-04 -2.039193e-05 4.065482e-05
10871.099331 -1.826035e-05 -6.715781e-07 -9.003706e-08 -1.627593e-06 5.245267e-05 -4.441604e-04 -1.792031e-05 3.636753e-05
10874.611403 -1.810920e-05 -6.683550e-07 -8.963221e-08 -1.614809e-06 4.566641e-05 -4.476311e-04 -1.235624e-05 4.116838e-05
10878.135666 -1.797175e-05 -6.656347e-07 -8.937495e-08 -1.603572e-06 4.268023e-05 -4.732956e-04 -1.565758e-05 3.680009e-05
10881.672122 -1.787835e-05 -6.653213e-07 -8.955031e-08 -1.595995e-06 4.169738e-05 -4.826439e-04 -1.797543e-05 4.020686e-05
10885.220769 -1.778601e-05 -6.632440e-07 -8.965584e-08 -1.589452e-06 4.445134e-05 -4.519184e-04 -1.823388e-05 3.815543e-05
10888.781609 -1.767782e-05 -6.604680e-07 -8.929455e-08 -1.580639e-06 3.678955e-05 -4.331396e-04 -1.653150e-05 3.686389e-05
10892.354640 -1.753539e-05 -6.593928e-07 -8.935162e-08 -1.569289e-06 3.716136e-05 -4.649423e-04 -2.698511e-05 3.333982e-05
10895.939863 -1.740813e-05 -6.569734e-07 -8.939874e-08 -1.558976e-06 4.098705e-05 -4.892356e-04 -1.790299e-05 3.213795e-05
10899.537278 -1.727599e-05 -6.534456e-07 -8.922442e-08 -1.547878e-06 4.594829e-05 -4.893624e-04 -1.168644e-05 3.639689e-05
10903.146885 -1.713486e-05 -6.510007e-07 -8.899292e-08 -1.536504e-06 3.884170e-05 -5.026617e-04 -1.848659e-05 2.938528e-05
10906.768684 -1.700485e-05 -6.504775e-07 -8.933686e-08 -1.526603e-06 2.883401e-05 -4.874000e-04 -2.049555e-05 2.561655e-05
10910.402675 -1.689897e-05 -6.483544e-07 -8.981881e-08 -1.517946e-06 3.040754e-05 -4.773074e-04 -4.304658e-06 3.376784e-05
10914.048857 -1.674652e-05 -6.468077e-07 -8.994033e-08 -1.506081e-06 3.334344e-05 -5.030795e-04 -9.146273e-06 3.703734e-05
10917.707232 -1.664901e-05 -6.429636e-07 -8.967133e-08 -1.498869e-06 4.477669e-05 -4.994793e-04 -1.424621e-05 3.153552e-05
10921.377799 -1.653022e-05 -6.401449e-07 -8.926832e-08 -1.489144e-06 4.163712e-05 -4.783789e-04 -7.717044e-06 3.955323e-05
10925.060557 -1.637347e-05 -6.377732e-07 -8.907222e-08 -1.476100e-06 3.362962e-05 -4.841710e-04 -1.105100e-05 3.721404e-05
10928.755507 -1.624689e-05 -6.346147e-07 -8.907477e-08 -1.465231e-06 3.898637e-05 -4.823323e-04 -6.069794e-06 3.510235e-05
10932.462650 -1.615689e-05 -6.299370e-07 -8.867617e-08 -1.457838e-06 3.494243e-05 -4.740834e-04 -2.113447e-05 3.240914e-05
10936.181984 -1.601221e-05 -6.257488e-07 -8.789356e-08 -1.446296e-06 3.151257e-05 -4.784758e-04 -1.966727e-05 3.650974e-05
10939.913510 -1.588227e-05 -6.235131e-07 -8.715766e-08 -1.435528e-06 4.050770e-05 -4.737364e-04 -1.445698e-05 3.400323e-05
10943.657228 -1.577318e-05 -6.209768e-07 -8.720709e-08 -1.427167e-06 3.502701e-05 -4.730827e-04 -2.063020e-05 2.869289e-05
10947.413138 -1.561829e-05 -6.196859e-07 -8.726088e-08 -1.414453e-06 3.429532e-05 -4.727253e-04 -1.706171e-05 3.686771e-05
10951.181239 -1.538382e-05 -6.164834e-07 -8.689998e-08 -1.393195e-06 3.473294e-05 -4.503218e-04 -1.765928e-05 4.228536e-05
10954.961533 -1.533083e-05 -6.121234e-07 -8.609928e-08 -1.388927e-06 3.499978e-05 -4.910916e-04 -1.725923e-05 2.917788e-05
10958.754019 -1.523213e-05 -6.088689e-07 -8.550183e-08 -1.380639e-06 4.185444e-05 -5.026912e-04 -2.314995e-05 2.831389e-05
10962.558696 -1.507144e-05 -6.051906e-07 -8.524428e-08 -1.366922e-06 4.328835e-05 -4.758648e-04 -3.165242e-05 2.093509e-05
10966.375565 -1.496941e-05 -6.037101e-07 -8.492924e-08 -1.359231e-06 4.621142e-05 -4.899367e-04 -2.774246e-05 3.164924e-05
10970.204627 -1.487359e-05 -6.009949e-07 -8.441974e-08 -1.351518e-06 4.254776e-05 -4.778951e-04 -3.686726e-05 2.693331e-05
10974.045880 -1.474389e-05 -5.980665e-07 -8.381900e-08 -1.341159e-06 3.958343e-05 -4.733001e-04 -2.746778e-05 2.125102e-05
10977.899325 -1.460615e-05 -5.944468e-07 -8.341130e-08 -1.329634e-06 3.862116e-05 -4.706019e-04 -2.584047e-05 1.513222e-05
10981.764962 -1.448402e-05 -5.911937e-07 -8.236205e-08 -1.320158e-06 3.785688e-05 -4.771262e-04 -2.499045e-05 2.664787e-05
10985.642791 -1.435910e-05 -5.880734e-07 -8.192904e-08 -1.309081e-06 4.832435e-05 -4.674413e-04 -1.939988e-05 3.212622e-05
10989.532812 -1.423493e-05 -5.873696e-07 -8.257596e-08 -1.299112e-06 4.975100e-05 -4.705692e-04 -2.481414e-05 3.240338e-05
10993.435025 -1.403378e-05 -5.867037e-07 -8.310340e-08 -1.281830e-06 5.199359e-05 -4.796148e-04 -2.521077e-05 3.681282e-05
10997.349429 -1.395422e-05 -5.834626e-07 -8.287821e-08 -1.276228e-06 5.080058e-05 -4.603734e-04 -3.862105e-05 3.086323e-05
11001.276026 -1.390132e-05 -5.801274e-07 -8.248958e-08 -1.272245e-06 3.663465e-05 -4.764862e-04 -2.572929e-05 3.407108e-05
11005.214814 -1.377187e-05 -5.775761e-07 -8.267195e-08 -1.261115e-06 4.497481e-05 -4.541971e-04 -2.523840e-05 3.703238e-05
11009.165795 -1.358452e-05 -5.749102e-07 -8.257320e-08 -1.244898e-06 4.307240e-05 -4.118210e-04 -2.970539e-05 4.487316e-05
11013.128967 -1.351574e-05 -5.705165e-07 -8.198884e-08 -1.240015e-06 3.163078e-05 -4.152109e-04 -3.399099e-05 4.617887e-05
11017.104331 -1.341239e-05 -5.667865e-07 -8.138487e-08 -1.232303e-06 2.824845e-05 -4.124881e-04 -2.991988e-05 4.415526e-05
11021.091888 -1.325944e-05 -5.633515e-07 -8.114957e-08 -1.219352e-06 2.786896e-05 -3.826485e-04 -2.993660e-05 4.835029e-05
11025.091636 -1.313745e-05 -5.607034e-07 -8.112215e-08 -1.209401e-06 3.064701e-05 -3.988592e-04 -3.676405e-05 4.596093e-05
11029.103575 -1.300470e-05 -5.585314e-07 -8.109222e-08 -1.198844e-06 2.983083e-05 -4.247713e-04 -2.174351e-05 4.195174e-05
11033.127707 -1.289513e-05 -5.551635e-07 -8.094427e-08 -1.189867e-06 2.483213e-05 -4.329841e-04 -2.497585e-05 3.288143e-05
11037.164031 -1.281713e-05 -5.517767e-07 -8.072546e-08 -1.184204e-06 2.138667e-05 -4.306365e-04 -1.845892e-05 4.597442e-05
11041.212547 -1.269389e-05 -5.483857e-07 -8.041934e-08 -1.174952e-06 1.598426e-05 -4.494839e-04 -1.538945e-05 5.196591e-05
11045.273254 -1.256216e-05 -5.455965e-07 -8.080205e-08 -1.164043e-06 1.146393e-05 -4.471622e-04 -1.621356e-05 4.603667e-05
11049.346154 -1.244957e-05 -5.425446e-07 -8.063530e-08 -1.154467e-06 3.251779e-05 -4.510762e-04 -2.204853e-05 5.086049e-05
11053.431245 -1.231266e-05 -5.394234e-07 -8.008297e-08 -1.143174e-06 3.322245e-05 -4.407290e-04 -1.319367e-05 6.037241e-05
11057.528529 -1.219793e-05 -5.361885e-07 -7.981865e-08 -1.133390e-06 2.934030e-05 -4.114836e-04 -8.145258e-06 6.612592e-05
11061.638004 -1.212054e-05 -5.331549e-07 -7.947773e-08 -1.127651e-06 3.039331e-05 -4.237418e-04 -1.082626e-05 6.622306e-05
11065.759671 -1.199780e-05 -5.297911e-07 -7.915667e-08 -1.117278e-06 3.422407e-05 -4.591768e-04 -1.277768e-05 6.843432e-05
11069.893530 -1.187770e-05 -5.261941e-07 -7.842957e-08 -1.107490e-06 3.675685e-05 -4.830982e-04 -1.283511e-05 5.326535e-05
11074.039581 -1.175710e-05 -5.228752e-07 -7.775935e-08 -1.097096e-06 3.057374e-05 -4.813744e-04 -1.223447e-05 5.532384e-05
11078.197824 -1.162335e-05 -5.197330e-07 -7.735816e-08 -1.085496e-06 3.286381e-05 -4.819756e-04 -1.553008e-05 4.800960e-05
11082.368258 -1.153961e-05 -5.167896e-07 -7.685716e-08 -1.079313e-06 4.285973e-05 -4.842084e-04 -1.623821e-05 5.403093e-05
11086.550885 -1.142408e-05 -5.137492e-07 -7.661044e-08 -1.069911e-06 3.423874e-05 -4.789753e-04 -2.489631e-05 5.444598e-05
11090.745704 -1.131628e-05 -5.108128e-07 -7.583841e-08 -1.060686e-06 3.403321e-05 -5.030558e-04 -1.894278e-05 6.012513e-05
11094.952714 -1.119962e-05 -5.079497e-07 -7.521048e-08 -1.051235e-06 2.130922e-05 -5.045173e-04 -1.791280e-05 5.675016e-05
11099.171916 -1.106490e-05 -5.043124e-07 -7.486080e-08 -1.040395e-06 2.187739e-05 -4.810708e-04 -1.634727e-05 4.862349e-05
11103.403311 -1.098871e-05 -5.011487e-07 -7.467928e-08 -1.034250e-06 2.436219e-05 -4.817092e-04 -1.948089e-05 4.105956e-05
11107.646897 -1.087839e-05 -4.978310e-07 -7.445203e-08 -1.024973e-06 2.406399e-05 -4.719845e-04 -1.210160e-05 4.516035e-05
11111.902675 -1.077384e-05 -4.945248e-07 -7.400117e-08 -1.016925e-06 2.274209e-05 -4.456693e-04 -1.224291e-05 5.285591e-05
11116.170645 -1.066478e-05 -4.913563e-07 -7.345627e-08 -1.008218e-06 2.246210e-05 -4.628297e-04 -1.434946e-05 4.613864e-05
11120.450807 -1.056387e-05 -4.883057e-07 -7.300667e-08 -9.993239e-07 2.860147e-05 -4.618924e-04 -1.752443e-05 3.968083e-05
11124.743161 -1.046116e-05 -4.848556e-07 -7.311646e-08 -9.906367e-07 3.614617e-05 -4.432068e-04 -2.078836e-05 4.336185e-05
11129.047707 -1.035335e-05 -4.817266e-07 -7.307794e-08 -9.825219e-07 3.518076e-05 -4.131751e-04 -1.865695e-05 4.896703e-05
11133.364444 -1.024644e-05 -4.788144e-07 -7.282922e-08 -9.734094e-07 3.993244e-05 -4.316039e-04 -1.504376e-05 5.588216e-05
11137.693374 -1.013875e-05 -4.749898e-07 -7.217747e-08 -9.637009e-07 3.883212e-05 -4.626831e-04 -1.099022e-05 6.094426e-05
11142.034495 -1.005454e-05 -4.722675e-07 -7.184381e-08 -9.569728e-07 2.935456e-05 -4.492829e-04 -7.849128e-06 6.315505e-05
11146.387809 -9.946030e-06 -4.685939e-07 -7.189133e-08 -9.484332e-07 2.707339e-05 -4.264940e-04 -9.842402e-06 6.661721e-05
11150.753314 -9.824863e-06 -4.642949e-07 -7.112670e-08 -9.377708e-07 2.450020e-05 -3.803211e-04 -1.622942e-05 6.128267e-05
11155.131011 -9.697701e-06 -4.596433e-07 -7.048226e-08 -9.277673e-07 2.921523e-05 -3.994752e-04 -1.647953e-05 6.098410e-05
11159.520900 -9.498773e-06 -4.506306e-07 -6.927166e-08 -9.108568e-07 2.900492e-05 -4.413467e-04 -1.100484e-05 5.801300e-05
11163.922981 -9.410250e-06 -4.502596e-07 -6.921832e-08 -9.001962e-07 3.057911e-05 -4.595861e-04 -1.044620e-05 5.428352e-05
11168.337254 -9.338677e-06 -4.470160e-07 -6.871935e-08 -8.977285e-07 3.200609e-05 -4.560772e-04 -1.098928e-06 5.801087e-05
11172.763719 -9.353554e-06 -4.485384e-07 -6.973780e-08 -9.001079e-07 3.941267e-05 -4.544818e-04 -1.063511e-05 5.241843e-05
11177.202376 -9.243435e-06 -4.444372e-07 -6.941502e-08 -8.905138e-07 3.720544e-05 -4.616911e-04 2.403305e-06 4.869368e-05
11181.653224 -9.163249e-06 -4.416259e-07 -6.904105e-08 -8.843931e-07 3.535112e-05 -4.501308e-04 -4.665737e-06 6.367892e-05
11186.116265 -9.074633e-06 -4.381689e-07 -6.874300e-08 -8.770165e-07 3.308127e-05 -4.571533e-04 -1.382780e-05 6.539090e-05
11190.591497 -8.962012e-06 -4.344050e-07 -6.838019e-08 -8.674586e-07 3.799867e-05 -4.598903e-04 -1.925319e-05 5.478616e-05
11195.078922 -8.859833e-06 -4.303675e-07 -6.795737e-08 -8.593295e-07 4.216583e-05 -4.754411e-04 -4.819155e-06 4.888593e-05
11199.578538 -8.739155e-06 -4.258784e-07 -6.741844e-08 -8.492528e-07 3.654923e-05 -4.799285e-04 -8.000771e-06 4.535061e-05
11204.090346 -8.647351e-06 -4.226786e-07 -6.665592e-08 -8.412806e-07 3.254870e-05 -4.883527e-04 -2.532024e-05 4.771844e-05
11208.614346 -8.578411e-06 -4.207268e-07 -6.659826e-08 -8.354486e-07 3.496144e-05 -5.081231e-04 -1.734448e-05 4.842068e-05
11213.150538 -8.491166e-06 -4.178961e-07 -6.625710e-08 -8.282829e-07 2.620166e-05 -4.990608e-04 -1.248172e-05 4.721117e-05
11217.698922 -8.417078e-06 -4.156761e-07 -6.556846e-08 -8.224286e-07 2.059939e-05 -4.782229e-04 -1.794281e-05 5.104677e-05
11222.259498 -8.317179e-06 -4.118688e-07 -6.542910e-08 -8.137373e-07 3.288423e-05 -4.806275e-04 -1.098311e-05 5.496362e-05
11226.832266 -8.224747e-06 -4.081625e-07 -6.482676e-08 -8.059661e-07 3.053759e-05 -4.807977e-04 -1.108550e-05 4.605493e-05
11231.417226 -8.147588e-06 -4.050796e-07 -6.408689e-08 -7.992912e-07 4.311912e-05 -4.400496e-04 -3.346688e-06 4.416708e-05
11236.014377 -8.017998e-06 -3.998536e-07 -6.331225e-08 -7.882607e-07 3.833000e-05 -4.469570e-04 -1.084992e-05 4.871523e-05
11240.623721 -7.948023e-06 -3.970659e-07 -6.299334e-08 -7.821310e-07 4.192868e-05 -4.592704e-04 -2.221985e-05 4.816401e-05
11245.245256 -7.865103e-06 -3.936717e-07 -6.235086e-08 -7.752062e-07 4.436319e-05 -4.572959e-04 -1.155279e-05 3.951788e-05
11249.878983 -7.790975e-06 -3.910040e-07 -6.218354e-08 -7.689251e-07 4.203698e-05 -4.465335e-04 -5.234986e-06 3.977904e-05
11254.524902 -7.723086e-06 -3.889452e-07 -6.161099e-08 -7.641774e-07 3.728363e-05 -4.246223e-04 -7.507308e-06 4.806838e-05
11259.183013 -7.636321e-06 -3.857230e-07 -6.141136e-08 -7.566284e-07 3.405099e-05 -4.194773e-04 -1.595216e-05 4.074774e-05
11263.853316 -7.543301e-06 -3.821469e-07 -6.084068e-08 -7.486514e-07 3.670309e-05 -4.266134e-04 -8.645969e-06 4.080914e-05
11268.535811 -7.454137e-06 -3.784170e-07 -6.084539e-08 -7.412762e-07 4.160797e-05 -4.442904e-04 -4.524861e-06 4.409525e-05
11273.230498 -7.372602e-06 -3.753199e-07 -6.051571e-08 -7.346828e-07 4.127837e-05 -4.258919e-04 -2.201746e-06 4.263530e-05
11277.937377 -7.297625e-06 -3.726409e-07 -6.026235e-08 -7.287511e-07 4.261884e-05 -4.175390e-04 -1.039629e-05 3.590908e-05
11282.656448 -7.221195e-06 -3.697465e-07 -5.975843e-08 -7.224903e-07 3.677740e-05 -4.268783e-04 -1.383356e-05 3.773713e-05
11287.387710 -7.148357e-06 -3.669046e-07 -5.962479e-08 -7.166125e-07 2.735512e-05 -4.369742e-04 -2.192118e-05 4.321251e-05
11292.131165 -7.055541e-06 -3.628225e-07 -5.939122e-08 -7.086069e-07 2.722052e-05 -4.344891e-04 -1.996967e-05 3.900232e-05
11296.886811 -6.977458e-06 -3.594362e-07 -5.875731e-08 -7.021253e-07 3.514585e-05 -3.944792e-04 -1.985131e-05 4.790069e-05
11301.654649 -6.889803e-06 -3.557701e-07 -5.821641e-08 -6.947936e-07 4.348851e-05 -4.015560e-04 -2.171761e-05 5.240089e-05
11306.434679 -6.804738e-06 -3.525631e-07 -5.769184e-08 -6.873171e-07 4.244801e-05 -4.267145e-04 -1.869255e-05 5.085302e-05
11311.226901 -6.709731e-06 -3.485760e-07 -5.710338e-08 -6.791194e-07 3.972183e-05 -4.423567e-04 -2.333148e-05 5.646986e-05
11316.031315 -6.650726e-06 -3.457672e-07 -5.692567e-08 -6.754934e-07 3.123513e-05 -4.491402e-04 -1.830328e-05 5.396872e-05
11320.847921 -6.610594e-06 -3.452591e-07 -5.673489e-08 -6.718332e-07 2.114090e-05 -4.728878e-04 -1.883003e-05 4.896772e-05
11325.676719 -6.525359e-06 -3.413982e-07 -5.624967e-08 -6.643251e-07 2.179680e-05 -4.978817e-04 -1.524362e-05 4.091284e-05
11330.517709 -6.435376e-06 -3.376827e-07 -5.573343e-08 -6.567280e-07 2.070727e-05 -4.829133e-04 -2.308375e-05 3.987801e-05
11335.370891 -6.333359e-06 -3.327422e-07 -5.496434e-08 -6.485088e-07 1.404403e-05 -4.626077e-04 -1.978862e-05 4.263883e-05
11340.236264 -6.319643e-06 -3.323274e-07 -5.511196e-08 -6.474389e-07 1.299094e-05 -4.645824e-04 -2.402300e-05 3.365614e-05
