# Facility.name: NSLS-II
# Facility.mode: Beam available
# Facility.current: 400.4200707461664
# Facility.current: 3 GeV
# Facility.year: 2023
# Facility.cycle: 2
# Facility.GUP: 312970
# Facility.SAF: 311402
# Experimenter.name: Esteban Fornero
# Beamline.name: ISS (8-ID)
# Beamline.x-ray_source: damping wiggler
# Beamline.collimation_mirror1.material: Si
# Beamline.collimation_mirror2.material: Pt
# Beamline.collimation_mirror2.bender_loading: -349.0
# Beamline.focusing: toroidal mirror
# Beamline.focusing.material: Pt
# Beamline.focusing.bender_loading: -419.0
# Beamline.harmonic_rejection: Si
# Mono.scan_mode: Si(111)
# Mono.d_spacing: 3.1354951
# Mono.scan_mode: pseudo-channel cut
# Mono.scan_type: fly_scan
# Mono.trajectory_name: 0f397ba2-1519.txt
# Mono.direction: None
# Mono.angle_offset: 0.69366577
# Mono.angle_offset: 39.744 deg
# Mono.encoder_resolution: 48.0 nrad
# Detector.I0: ion chamber
# Detector.I1: ion chamber
# Detector.I2: ion chamber
# Detector.IF: PIPS
# Detector.I0.length: 15 cm
# Detector.I1.length: 28 cm
# Detector.I2.length: 15 cm
# Detector.IF.thickness: 300 um
# Detector.I0.gas.N2: 38.0%
# Detector.I1.gas.N2: 38.0%
# Detector.I2.gas.N2: 38.0%
# Detector.I0.gas.He: 62.0%
# Detector.I1.gas.He: 62.0%
# Detector.I2.gas.He: 62.0%
# Detector.I0.voltage: -1650.001221
# Detector.I1.voltage: -1650.002319
# Detector.I2.voltage: -1650.000854
# Detector.I0.gain: 4
# Detector.I1.gain: 6
# Detector.I2.gain: 6
# Detector.IF.gain: 6
# Detector.aux: {}
# Element.symbol: Ga
# Element.edge: K
# Element.line: None
# Scan.transient_id: 371125
# Scan.uid: 596adfbd-4b01-49aa-8909-eff8df6b103f
# Scan.edge_energy: 10367.0
# Scan.start_time: 06/23/2023  07:01:18.057327
# Scan.end_time: 06/23/2023  07:01:51.708220
# Scan.name: Cu2O+Ga2O3-2nd H2-ramp (pos 001) Ga-K 0001
# Scan.comment: 
# Sample.name: Cu2O+Ga2O3-2nd
# Sample.comment: 
# Sample.position.x: -66.442995014
# Sample.position.y: 31.0990556475
# Sample.position.z: -10.184937499999995
# Sample.position.theta: 845.5790000000001
# SampleHeater.temperature1.setpoint: 300.0
# SampleHeater.temperature1.readback: 1372.0
# SampleHeater.current.setpoint: 0.0
# SampleHeater.current.readback: 0.0
# SampleHeater.temperature2.setpoint: 195.6098688880967
# SampleHeater.temperature2.readback: 200.4
# SampleHeater.voltage.setpoint: 0.4131425047960769
# SampleHeater.voltage.readback: 0.427
# SampleHeater.PID.P: 0.025
# SampleHeater.PID.I: 0.07
# SampleHeater.PID.D: 0.0
# SampleGasCart.MFC.CH4.setpoint: 0.0
# SampleGasCart.MFC.CH4.readback: 0.0
# SampleGasCart.MFC.CO.setpoint: 0.0
# SampleGasCart.MFC.CO.readback: 0.0
# SampleGasCart.MFC.H2.setpoint: 10.0
# SampleGasCart.MFC.H2.readback: 10.012
# SampleGasCart.MFC.exhaust.setpoint: 100.0
# SampleGasCart.MFC.exhaust.readback: 9.94
# SampleGasHandlingSystem.gas_a.name: None
# SampleGasHandlingSystem.gas_b.name: None
# SampleGasHandlingSystem.gas_c.name: None
# SampleGasHandlingSystem.gas_d.name: None
# SampleGasHandlingSystem.gas_e.name: He
# SampleGasHandlingSystem.MFC1.setpoint: 0.0
# SampleGasHandlingSystem.MFC1.readback: -0.1871744841337204
# SampleGasHandlingSystem.MFC2.setpoint: 0.0
# SampleGasHandlingSystem.MFC2.readback: -0.1180013045668602
# SampleGasHandlingSystem.MFC3.setpoint: 0.0
# SampleGasHandlingSystem.MFC3.readback: 0.02034505270421505
# SampleGasHandlingSystem.MFC4.setpoint: 0.0
# SampleGasHandlingSystem.MFC4.readback: -0.1057942733168602
# SampleGasHandlingSystem.MFC5.setpoint: 0.0
# SampleGasHandlingSystem.MFC5.readback: -0.01220703125
# SampleGasHandlingSystem.MFC6.setpoint: 0.0
# SampleGasHandlingSystem.MFC6.readback: -0.0406901054084301
# SampleGasHandlingSystem.MFC7.setpoint: 0.0
# SampleGasHandlingSystem.MFC7.readback: -0.0325520820915699
# SampleGasHandlingSystem.MFC8.setpoint: 0.0
# SampleGasHandlingSystem.MFC8.readback: -0.0773111954331398
# SampleGasHandlingSystem.MFC9.setpoint: 0.0
# SampleGasHandlingSystem.MFC9.readback: -0.0569661445915699
# SampleGasHandlingSystem.MFC10.setpoint: 0.0
# SampleGasHandlingSystem.MFC10.readback: 0.01220703125
# SampleGasHandlingSystem.MFC11.setpoint: 0.0
# SampleGasHandlingSystem.MFC11.readback: -0.09765625
# SampleGasHandlingSystem.MFC12.setpoint: 0.0
# SampleGasHandlingSystem.MFC12.readback: -0.0528971366584301
# SampleGasHandlingSystem.MFC13.setpoint: 0.0
# SampleGasHandlingSystem.MFC13.readback: -0.0569661445915699
# SampleGasHandlingSystem.MFC14.setpoint: 0.0
# SampleGasHandlingSystem.MFC14.readback: -0.0691731795668602
# SampleGasHandlingSystem.MFC15.setpoint: 0.0
# SampleGasHandlingSystem.MFC15.readback: -0.10986328125
# SampleGasHandlingSystem.MFC16.setpoint: 0.0
# SampleGasHandlingSystem.MFC16.readback: -0.0406901054084301
# SampleGasHandlingSystem.RGA.ch1.mass: 2
# SampleGasHandlingSystem.RGA.ch1.readback: 1.07594e-06
# SampleGasHandlingSystem.RGA.ch2.mass: 4
# SampleGasHandlingSystem.RGA.ch2.readback: 0.0
# SampleGasHandlingSystem.RGA.ch3.mass: 5
# SampleGasHandlingSystem.RGA.ch3.readback: 7.81276e-12
# SampleGasHandlingSystem.RGA.ch4.mass: 5
# SampleGasHandlingSystem.RGA.ch4.readback: 4.78717e-10
# SampleGasHandlingSystem.RGA.ch5.mass: 18
# SampleGasHandlingSystem.RGA.ch5.readback: 2.18695e-09
# SampleGasHandlingSystem.RGA.ch6.mass: 28
# SampleGasHandlingSystem.RGA.ch6.readback: 1.4534e-08
# SampleGasHandlingSystem.RGA.ch7.mass: 32
# SampleGasHandlingSystem.RGA.ch7.readback: 3.07315e-09
# SampleGasHandlingSystem.RGA.ch8.mass: 41
# SampleGasHandlingSystem.RGA.ch8.readback: 1.11477e-11
# SampleGasHandlingSystem.RGA.ch9.mass: 44
# SampleGasHandlingSystem.RGA.ch9.readback: 2.07863e-10
# energy  i0  it  ir  iff  aux1  aux2  aux3  aux4
10167.000000 -2.964081e-05 -8.195397e-07 -2.537029e-07 -9.338637e-07 5.785724e-05 -3.243677e-04 -3.436961e-05 1.412983e-05
10172.000000 -2.958648e-05 -8.157526e-07 -2.514708e-07 -9.351433e-07 5.083490e-05 -3.065587e-04 -2.946155e-05 1.798609e-05
10177.000000 -2.950625e-05 -8.158256e-07 -2.488074e-07 -9.343294e-07 4.355943e-05 -3.002181e-04 -2.201317e-05 7.906217e-06
10182.000000 -2.944448e-05 -8.160419e-07 -2.445807e-07 -9.352965e-07 4.025140e-05 -2.725226e-04 -2.666186e-05 -2.274656e-06
10187.000000 -2.936171e-05 -8.196744e-07 -2.374610e-07 -9.345576e-07 4.050544e-05 -2.970299e-04 -2.524413e-05 -1.293500e-05
10192.000000 -2.941326e-05 -8.229448e-07 -2.191936e-07 -9.383948e-07 3.988011e-05 -2.908308e-04 -3.250923e-05 -2.148979e-06
10197.000000 -2.935537e-05 -8.261220e-07 -1.637264e-07 -9.387224e-07 4.468936e-05 -2.770789e-04 -3.185340e-05 -1.106848e-05
10202.000000 -2.935316e-05 -8.264065e-07 -5.440497e-08 -9.413242e-07 4.468750e-05 -3.109881e-04 -3.523244e-05 -9.910142e-06
10207.000000 -2.929025e-05 -8.292117e-07 -2.401342e-08 -9.412761e-07 3.951411e-05 -3.262911e-04 -2.762699e-05 -2.525993e-06
10212.000000 -2.913762e-05 -8.352172e-07 -4.859161e-08 -9.374595e-07 4.277091e-05 -2.942142e-04 -2.913880e-05 5.339151e-06
10217.000000 -2.930231e-05 -8.315920e-07 -6.192107e-08 -9.469789e-07 4.538707e-05 -3.255625e-04 -1.820254e-05 1.130157e-05
10222.000000 -2.927260e-05 -8.326049e-07 -7.204193e-08 -9.485633e-07 4.047785e-05 -3.161100e-04 -7.182201e-06 1.203364e-05
10227.000000 -2.928218e-05 -8.315479e-07 -7.860648e-08 -9.518170e-07 4.499963e-05 -3.160328e-04 -1.178462e-05 8.885276e-06
10232.000000 -2.921297e-05 -8.307771e-07 -8.138134e-08 -9.525246e-07 4.781089e-05 -3.146974e-04 -1.841272e-05 5.060702e-06
10237.000000 -2.920831e-05 -8.335427e-07 -8.349443e-08 -9.550455e-07 4.738816e-05 -3.071512e-04 -2.063566e-05 7.966809e-06
10242.000000 -2.916618e-05 -8.366267e-07 -8.514220e-08 -9.562911e-07 4.758592e-05 -3.211556e-04 -2.093774e-05 9.708771e-06
10247.000000 -2.909059e-05 -8.373395e-07 -8.822930e-08 -9.567486e-07 4.480312e-05 -3.223147e-04 -2.378337e-05 9.539375e-06
10252.000000 -2.910133e-05 -8.396482e-07 -8.779745e-08 -9.604930e-07 4.357643e-05 -3.077654e-04 -1.500561e-05 4.996302e-06
10257.000000 -2.906503e-05 -8.423023e-07 -8.488909e-08 -9.620888e-07 4.727863e-05 -3.259721e-04 -2.005145e-05 1.240592e-05
10262.000000 -2.896166e-05 -8.450219e-07 -8.453810e-08 -9.617825e-07 5.141986e-05 -3.348613e-04 -2.933353e-05 1.628955e-05
10267.000000 -2.901232e-05 -8.493960e-07 -8.650903e-08 -9.677258e-07 4.555360e-05 -3.369556e-04 -1.826386e-05 1.582275e-05
10272.000000 -2.900590e-05 -8.521744e-07 -8.752959e-08 -9.709671e-07 4.343784e-05 -3.421202e-04 -2.070058e-05 6.760338e-06
10277.000000 -2.894809e-05 -8.543634e-07 -8.693718e-08 -9.709833e-07 3.995495e-05 -3.520688e-04 -1.360385e-05 7.558875e-06
10282.000000 -2.879906e-05 -8.542670e-07 -8.584528e-08 -9.684645e-07 4.463647e-05 -3.507414e-04 -1.126540e-05 1.642134e-05
10287.000000 -2.880183e-05 -8.616630e-07 -8.687795e-08 -9.709980e-07 4.376459e-05 -3.373209e-04 -1.139088e-05 1.153466e-05
10292.000000 -2.875107e-05 -8.654956e-07 -8.966892e-08 -9.710940e-07 4.513148e-05 -3.271910e-04 -2.079606e-05 1.372846e-05
10297.000000 -2.880202e-05 -8.666938e-07 -9.078470e-08 -9.756210e-07 4.478721e-05 -3.114686e-04 -1.663906e-05 1.147702e-05
10302.000000 -2.879661e-05 -8.707053e-07 -9.089441e-08 -9.781847e-07 4.884770e-05 -3.195935e-04 -2.836852e-05 1.805755e-05
10307.000000 -2.874971e-05 -8.745998e-07 -9.113010e-08 -9.793919e-07 4.494563e-05 -3.314375e-04 -2.751738e-05 7.056757e-06
10312.000000 -2.872004e-05 -8.778485e-07 -9.126996e-08 -9.815051e-07 4.629003e-05 -3.168488e-04 -2.455794e-05 3.907178e-06
10317.000000 -2.869642e-05 -8.807260e-07 -9.099616e-08 -9.844715e-07 5.185931e-05 -2.849968e-04 -2.547392e-05 4.248876e-06
10322.000000 -2.867159e-05 -8.841473e-07 -9.068718e-08 -9.876775e-07 5.283957e-05 -2.774839e-04 -2.991536e-05 1.043871e-05
10327.000000 -2.862928e-05 -8.862855e-07 -8.990078e-08 -9.912317e-07 4.538839e-05 -2.664951e-04 -3.175986e-05 -6.584095e-07
10332.000000 -2.851667e-05 -8.857138e-07 -8.907189e-08 -9.924253e-07 3.977009e-05 -2.456644e-04 -3.128995e-05 -4.653264e-06
10337.000000 -2.858943e-05 -8.920461e-07 -8.956979e-08 -9.983373e-07 4.880886e-05 -2.378878e-04 -3.496783e-05 -7.273408e-06
10341.000000 -2.857665e-05 -8.939950e-07 -9.018913e-08 -1.002299e-06 5.509376e-05 -2.584632e-04 -2.504417e-05 -1.303662e-05
10344.000000 -2.852113e-05 -8.940563e-07 -9.098694e-08 -1.003886e-06 5.565441e-05 -2.707001e-04 -1.853977e-05 -7.335784e-06
10346.000000 -2.847903e-05 -8.925461e-07 -9.171938e-08 -1.005987e-06 4.613124e-05 -2.637041e-04 -1.751274e-05 -1.204532e-05
10347.000000 -2.851875e-05 -8.925345e-07 -9.220280e-08 -1.010068e-06 4.070212e-05 -2.766761e-04 -3.009759e-05 -1.061860e-05
10347.200000 -2.851188e-05 -8.929542e-07 -9.240653e-08 -1.009948e-06 4.092584e-05 -2.741519e-04 -3.094703e-05 -1.110455e-05
10347.400000 -2.850190e-05 -8.899005e-07 -9.211445e-08 -1.010001e-06 4.342998e-05 -2.787388e-04 -3.255445e-05 -3.825323e-06
10347.600000 -2.852909e-05 -8.919062e-07 -9.248110e-08 -1.011913e-06 4.498379e-05 -2.955052e-04 -2.695611e-05 -5.638995e-06
10347.800000 -2.852137e-05 -8.909068e-07 -9.263681e-08 -1.012269e-06 5.027035e-05 -2.939138e-04 -1.965937e-05 -7.867476e-06
10348.000000 -2.851611e-05 -8.907196e-07 -9.265082e-08 -1.012601e-06 4.596856e-05 -2.813950e-04 -1.451835e-05 -7.307266e-06
10348.200000 -2.851728e-05 -8.923289e-07 -9.290422e-08 -1.013186e-06 4.994577e-05 -2.629259e-04 -2.559984e-05 -1.139156e-05
10348.400000 -2.848429e-05 -8.900743e-07 -9.257396e-08 -1.011511e-06 3.761446e-05 -2.623753e-04 -3.248935e-05 -1.612783e-05
10348.600000 -2.848213e-05 -8.915562e-07 -9.293555e-08 -1.011114e-06 4.296515e-05 -2.978338e-04 -2.629294e-05 -1.910127e-05
10348.800000 -2.851390e-05 -8.923970e-07 -9.287285e-08 -1.013870e-06 5.224428e-05 -2.999291e-04 -2.555475e-05 -8.809789e-06
10349.000000 -2.850893e-05 -8.929855e-07 -9.321980e-08 -1.013914e-06 5.298887e-05 -2.831412e-04 -3.710475e-05 -7.700461e-06
10349.200000 -2.849819e-05 -8.891810e-07 -9.279128e-08 -1.013684e-06 5.253277e-05 -2.869066e-04 -5.265710e-05 -1.752084e-05
10349.400000 -2.846361e-05 -8.895217e-07 -9.297830e-08 -1.013046e-06 5.397366e-05 -2.629591e-04 -4.188247e-05 -1.275190e-05
10349.600000 -2.846644e-05 -8.934349e-07 -9.317092e-08 -1.013226e-06 4.653597e-05 -2.754787e-04 -3.242002e-05 -1.343386e-05
10349.800000 -2.850061e-05 -8.968189e-07 -9.391262e-08 -1.014614e-06 5.755307e-05 -2.764367e-04 -3.567392e-05 -2.147508e-05
10350.000000 -2.847009e-05 -8.921475e-07 -9.369540e-08 -1.013872e-06 5.799003e-05 -2.807569e-04 -3.575862e-05 -2.571666e-05
10350.200000 -2.847700e-05 -8.920883e-07 -9.374726e-08 -1.014559e-06 5.742626e-05 -3.064603e-04 -3.135817e-05 -2.166381e-05
10350.400000 -2.846889e-05 -8.927826e-07 -9.403713e-08 -1.014498e-06 5.309785e-05 -2.849630e-04 -2.445333e-05 -2.354596e-05
10350.600000 -2.847249e-05 -8.913304e-07 -9.395213e-08 -1.015604e-06 4.962687e-05 -2.950796e-04 -3.059303e-05 -1.142176e-05
10350.800000 -2.846738e-05 -8.955054e-07 -9.439831e-08 -1.015343e-06 4.558942e-05 -2.867745e-04 -2.881533e-05 -1.642000e-06
10351.000000 -2.840319e-05 -8.930240e-07 -9.429196e-08 -1.012947e-06 4.423981e-05 -3.093628e-04 -2.802819e-05 1.979614e-06
10351.200000 -2.836148e-05 -8.920034e-07 -9.438546e-08 -1.012073e-06 4.411623e-05 -2.780091e-04 -2.327110e-05 2.009028e-06
10351.400000 -2.842291e-05 -8.957552e-07 -9.504956e-08 -1.014598e-06 4.455782e-05 -2.530380e-04 -2.746753e-05 -1.691208e-06
10351.600000 -2.847392e-05 -8.941971e-07 -9.476938e-08 -1.017694e-06 4.678908e-05 -2.351559e-04 -3.526215e-05 3.395907e-06
10351.800000 -2.846252e-05 -8.929452e-07 -9.478884e-08 -1.018490e-06 4.746690e-05 -2.469843e-04 -2.918358e-05 -1.152678e-06
10352.000000 -2.842891e-05 -8.965070e-07 -9.507205e-08 -1.016375e-06 4.795623e-05 -2.525933e-04 -2.770310e-05 -9.316932e-06
10352.200000 -2.833316e-05 -8.945813e-07 -9.475581e-08 -1.012646e-06 4.716077e-05 -2.536397e-04 -3.396390e-05 -1.397599e-05
10352.400000 -2.828411e-05 -8.960930e-07 -9.486070e-08 -1.011169e-06 5.490013e-05 -2.748766e-04 -3.172281e-05 -9.072682e-06
10352.600000 -2.837318e-05 -8.954002e-07 -9.481559e-08 -1.016157e-06 4.847395e-05 -2.828222e-04 -2.943348e-05 3.194143e-06
10352.800000 -2.835942e-05 -8.985004e-07 -9.526003e-08 -1.016038e-06 4.872708e-05 -2.747541e-04 -1.552738e-05 -7.462334e-06
10353.000000 -2.837832e-05 -8.930876e-07 -9.474497e-08 -1.017235e-06 6.411492e-05 -2.623588e-04 -2.297104e-05 -7.898276e-07
10353.200000 -2.836148e-05 -8.929272e-07 -9.490976e-08 -1.017075e-06 6.198732e-05 -2.585996e-04 -1.732880e-05 8.393483e-06
10353.400000 -2.838803e-05 -8.935546e-07 -9.503847e-08 -1.019207e-06 6.014417e-05 -2.276101e-04 -3.100404e-05 7.930218e-06
10353.600000 -2.835228e-05 -8.896337e-07 -9.437091e-08 -1.018990e-06 6.283129e-05 -2.299809e-04 -3.640604e-05 -2.173999e-06
10353.800000 -2.835109e-05 -8.921524e-07 -9.467740e-08 -1.018715e-06 6.502528e-05 -2.535527e-04 -3.309780e-05 -1.653061e-05
10354.000000 -2.831769e-05 -8.937336e-07 -9.495309e-08 -1.018045e-06 6.683361e-05 -2.411109e-04 -3.369191e-05 -1.896231e-05
10354.200000 -2.825023e-05 -8.924779e-07 -9.494420e-08 -1.015976e-06 7.086593e-05 -2.389519e-04 -2.475629e-05 2.257801e-06
10354.400000 -2.819166e-05 -8.958222e-07 -9.533646e-08 -1.014384e-06 6.768033e-05 -2.463355e-04 -3.299405e-05 -6.431867e-06
10354.600000 -2.817303e-05 -9.005806e-07 -9.610527e-08 -1.013476e-06 6.145383e-05 -2.384571e-04 -4.309995e-05 -9.133960e-06
10354.800000 -2.817084e-05 -9.010694e-07 -9.610925e-08 -1.014329e-06 5.918979e-05 -2.317347e-04 -4.316823e-05 -1.237628e-05
10355.000000 -2.818291e-05 -8.917284e-07 -9.521059e-08 -1.016553e-06 5.942713e-05 -2.898088e-04 -2.649827e-05 -1.894234e-07
10355.200000 -2.830916e-05 -8.918306e-07 -9.543603e-08 -1.022705e-06 6.460130e-05 -2.817946e-04 -2.890389e-05 -4.810914e-06
10355.400000 -2.823778e-05 -8.888202e-07 -9.510889e-08 -1.020998e-06 6.660956e-05 -2.790074e-04 -3.814569e-05 -1.000336e-05
10355.600000 -2.830251e-05 -8.942027e-07 -9.567363e-08 -1.024594e-06 6.537127e-05 -2.978554e-04 -3.454097e-05 2.174955e-06
10355.800000 -2.831935e-05 -8.907386e-07 -9.514322e-08 -1.026043e-06 6.684112e-05 -2.842499e-04 -3.033181e-05 2.813452e-06
10356.000000 -2.838136e-05 -8.913958e-07 -9.524382e-08 -1.029837e-06 6.696641e-05 -2.549744e-04 -1.221368e-05 -4.094506e-06
10356.200000 -2.842246e-05 -8.917000e-07 -9.514813e-08 -1.033119e-06 5.085822e-05 -2.587920e-04 -1.954113e-05 -6.477093e-06
10356.400000 -2.841700e-05 -8.921862e-07 -9.543388e-08 -1.033896e-06 5.386978e-05 -2.888642e-04 -2.734100e-05 -9.118519e-06
10356.600000 -2.839708e-05 -8.945224e-07 -9.569993e-08 -1.033718e-06 6.160166e-05 -3.160492e-04 -2.494927e-05 -6.781962e-06
10356.800000 -2.833085e-05 -8.889767e-07 -9.524380e-08 -1.032134e-06 5.553165e-05 -2.979217e-04 -2.071414e-05 -8.317133e-06
10357.000000 -2.827800e-05 -8.886696e-07 -9.522521e-08 -1.030544e-06 5.615612e-05 -2.766728e-04 -2.436345e-05 -2.689847e-05
10357.200000 -2.836919e-05 -8.901299e-07 -9.529016e-08 -1.035523e-06 4.917060e-05 -2.840241e-04 -2.237669e-05 -2.926851e-05
10357.400000 -2.835994e-05 -8.885186e-07 -9.493608e-08 -1.036841e-06 5.382382e-05 -2.699990e-04 -9.798545e-06 -2.342896e-05
10357.600000 -2.838207e-05 -8.895089e-07 -9.474675e-08 -1.039178e-06 6.113337e-05 -2.883258e-04 -1.581684e-05 -9.550098e-06
10357.800000 -2.833309e-05 -8.895781e-07 -9.478170e-08 -1.037240e-06 5.354424e-05 -2.929306e-04 -1.963704e-05 -1.350488e-05
10358.000000 -2.832058e-05 -8.905163e-07 -9.521232e-08 -1.037788e-06 5.383951e-05 -2.796702e-04 -2.743775e-05 -2.461856e-05
10358.200000 -2.831136e-05 -8.865901e-07 -9.480607e-08 -1.038857e-06 5.607214e-05 -2.884715e-04 -2.558146e-05 -2.432132e-05
10358.400000 -2.834553e-05 -8.854821e-07 -9.485678e-08 -1.042075e-06 6.757565e-05 -2.718126e-04 -1.405991e-05 -7.413630e-06
10358.600000 -2.838433e-05 -8.888884e-07 -9.518547e-08 -1.045364e-06 6.601770e-05 -2.576011e-04 -2.641744e-05 -2.730474e-06
10358.800000 -2.835267e-05 -8.870950e-07 -9.493864e-08 -1.044793e-06 5.612478e-05 -2.606773e-04 -2.661876e-05 -5.551907e-07
10359.000000 -2.835971e-05 -8.872809e-07 -9.501600e-08 -1.046437e-06 5.352711e-05 -2.701787e-04 -1.613024e-05 -3.749293e-06
10359.200000 -2.834752e-05 -8.864705e-07 -9.459809e-08 -1.047670e-06 4.879759e-05 -2.837835e-04 -8.442023e-06 -1.384734e-05
10359.400000 -2.832706e-05 -8.865160e-07 -9.478872e-08 -1.048436e-06 5.731309e-05 -3.003812e-04 -8.688680e-06 -1.658708e-05
10359.600000 -2.828634e-05 -8.849914e-07 -9.477257e-08 -1.047691e-06 6.194137e-05 -2.807651e-04 -9.594650e-06 -1.707930e-05
10359.800000 -2.827393e-05 -8.852162e-07 -9.493073e-08 -1.048849e-06 5.943244e-05 -2.636104e-04 -1.978796e-05 -1.135847e-05
10360.000000 -2.831616e-05 -8.852450e-07 -9.516241e-08 -1.052467e-06 5.276250e-05 -2.437310e-04 -1.797388e-05 -1.480777e-05
10360.200000 -2.833664e-05 -8.878565e-07 -9.529778e-08 -1.054683e-06 5.584087e-05 -2.529883e-04 -1.981843e-05 -5.264621e-06
10360.400000 -2.833396e-05 -8.842235e-07 -9.463264e-08 -1.056576e-06 5.947958e-05 -2.407722e-04 -2.158119e-05 -9.146345e-06
10360.600000 -2.834634e-05 -8.876948e-07 -9.517444e-08 -1.058974e-06 6.409683e-05 -2.237540e-04 -2.888767e-05 -1.552656e-05
10360.800000 -2.833595e-05 -8.858420e-07 -9.488502e-08 -1.061349e-06 6.034820e-05 -2.122967e-04 -2.198559e-05 -5.265991e-06
10361.000000 -2.831849e-05 -8.874263e-07 -9.477242e-08 -1.062085e-06 6.260955e-05 -2.210407e-04 -1.790742e-05 6.571004e-06
10361.200000 -2.826306e-05 -8.847620e-07 -9.478606e-08 -1.061100e-06 6.301583e-05 -2.365005e-04 -2.554410e-05 -1.057606e-06
10361.400000 -2.826771e-05 -8.809035e-07 -9.431168e-08 -1.063505e-06 6.286516e-05 -2.423131e-04 -2.192776e-05 3.147729e-06
10361.600000 -2.830948e-05 -8.825313e-07 -9.464664e-08 -1.067743e-06 5.990607e-05 -2.387376e-04 -2.075177e-05 -4.205526e-06
10361.800000 -2.832704e-05 -8.830152e-07 -9.463509e-08 -1.071210e-06 5.918380e-05 -2.111586e-04 -1.220813e-05 -6.156860e-06
10362.000000 -2.832669e-05 -8.853161e-07 -9.486222e-08 -1.073220e-06 6.283895e-05 -2.149309e-04 -2.497261e-05 -5.905484e-06
10362.200000 -2.830462e-05 -8.842641e-07 -9.468698e-08 -1.074623e-06 6.534641e-05 -2.210708e-04 -2.877684e-05 -1.391753e-05
10362.400000 -2.828703e-05 -8.840631e-07 -9.438779e-08 -1.076838e-06 5.774380e-05 -2.443566e-04 -3.951595e-05 -1.059549e-05
10362.600000 -2.831484e-05 -8.843777e-07 -9.443200e-08 -1.080601e-06 5.704365e-05 -2.405324e-04 -3.002146e-05 -1.515857e-05
10362.800000 -2.832026e-05 -8.820192e-07 -9.410656e-08 -1.083426e-06 6.179076e-05 -2.238872e-04 -2.802418e-05 -1.990967e-05
10363.000000 -2.832893e-05 -8.855314e-07 -9.450727e-08 -1.086997e-06 6.585447e-05 -2.332619e-04 -1.295689e-05 -1.484788e-05
10363.200000 -2.824983e-05 -8.824031e-07 -9.435825e-08 -1.086108e-06 6.915556e-05 -2.084415e-04 -6.358461e-06 2.849648e-07
10363.400000 -2.822778e-05 -8.816463e-07 -9.447926e-08 -1.087804e-06 6.285465e-05 -2.196638e-04 -2.795281e-05 -8.264192e-06
10363.600000 -2.828897e-05 -8.831424e-07 -9.450646e-08 -1.094494e-06 4.459265e-05 -2.231896e-04 -3.038168e-05 -1.263275e-05
10363.800000 -2.831090e-05 -8.820113e-07 -9.433788e-08 -1.099953e-06 4.758092e-05 -2.103857e-04 -3.118202e-05 -1.917313e-05
10364.000000 -2.832827e-05 -8.855633e-07 -9.459777e-08 -1.104266e-06 5.050186e-05 -2.161478e-04 -1.066907e-05 -2.140573e-06
10364.200000 -2.824370e-05 -8.784064e-07 -9.390470e-08 -1.103652e-06 5.522479e-05 -2.095216e-04 -8.699051e-06 -1.053665e-05
10364.400000 -2.822493e-05 -8.838458e-07 -9.447440e-08 -1.106820e-06 5.607655e-05 -2.275294e-04 -6.830644e-06 -1.851578e-05
10364.600000 -2.812755e-05 -8.804799e-07 -9.439928e-08 -1.107286e-06 5.567960e-05 -2.178001e-04 -1.086883e-07 -8.678184e-06
10364.800000 -2.812978e-05 -8.809458e-07 -9.458253e-08 -1.112514e-06 5.321540e-05 -2.025700e-04 1.232584e-06 2.698491e-06
10365.000000 -2.817222e-05 -8.779330e-07 -9.420939e-08 -1.119618e-06 5.034339e-05 -2.074933e-04 -3.890917e-06 -1.054137e-05
10365.200000 -2.820799e-05 -8.784058e-07 -9.421616e-08 -1.127114e-06 5.060854e-05 -2.202348e-04 -2.886725e-06 -7.646327e-06
10365.400000 -2.821416e-05 -8.806580e-07 -9.443638e-08 -1.133303e-06 4.643716e-05 -1.974266e-04 -5.616011e-06 -1.002145e-05
10365.600000 -2.815312e-05 -8.793695e-07 -9.413723e-08 -1.136240e-06 5.558862e-05 -2.083579e-04 -6.966176e-06 -1.329577e-05
10365.800000 -2.822020e-05 -8.794815e-07 -9.406148e-08 -1.146137e-06 5.045793e-05 -2.110843e-04 -5.370830e-06 -4.237863e-06
10366.000000 -2.823174e-05 -8.746782e-07 -9.349504e-08 -1.154658e-06 4.816078e-05 -2.310881e-04 1.214143e-06 -2.409935e-06
10366.200000 -2.818189e-05 -8.736742e-07 -9.338535e-08 -1.160023e-06 5.338233e-05 -2.157099e-04 2.103556e-06 3.172058e-07
10366.400000 -2.814720e-05 -8.739049e-07 -9.348477e-08 -1.167359e-06 5.314580e-05 -2.105754e-04 1.067217e-06 7.990531e-06
10366.600000 -2.815718e-05 -8.719389e-07 -9.344075e-08 -1.177407e-06 4.768523e-05 -2.356176e-04 -3.317592e-06 8.565230e-06
10366.800000 -2.824494e-05 -8.729719e-07 -9.345004e-08 -1.193059e-06 5.024757e-05 -2.239558e-04 -8.800301e-06 1.314217e-05
10367.000000 -2.827545e-05 -8.704010e-07 -9.301324e-08 -1.206886e-06 6.055730e-05 -2.111234e-04 -2.033847e-05 2.845365e-06
10367.200000 -2.825787e-05 -8.713884e-07 -9.316055e-08 -1.218686e-06 6.080415e-05 -2.273828e-04 -1.256104e-05 -3.658024e-06
10367.400000 -2.824859e-05 -8.668824e-07 -9.262576e-08 -1.233014e-06 5.418338e-05 -2.526241e-04 -1.668091e-05 -4.240985e-06
10367.600000 -2.821328e-05 -8.663472e-07 -9.256909e-08 -1.247027e-06 4.747158e-05 -2.214747e-04 -2.672403e-05 -1.149307e-05
10367.800000 -2.814861e-05 -8.637059e-07 -9.227631e-08 -1.262005e-06 5.250527e-05 -2.417857e-04 -2.960430e-05 -3.892406e-06
10368.000000 -2.814719e-05 -8.645123e-07 -9.259612e-08 -1.281724e-06 4.911539e-05 -2.503735e-04 -3.123656e-05 8.612572e-06
10368.200000 -2.817743e-05 -8.623103e-07 -9.246708e-08 -1.305998e-06 4.748298e-05 -2.425157e-04 -2.986022e-05 -1.868583e-06
10368.400000 -2.819195e-05 -8.573133e-07 -9.199428e-08 -1.332509e-06 5.665540e-05 -2.387661e-04 -2.545849e-05 4.155334e-06
10368.600000 -2.817021e-05 -8.541566e-07 -9.177384e-08 -1.360061e-06 5.531635e-05 -2.182037e-04 -3.683505e-05 -4.450634e-06
10368.800000 -2.815503e-05 -8.515567e-07 -9.164831e-08 -1.389726e-06 6.445669e-05 -2.257510e-04 -3.092895e-05 -4.008050e-06
10369.000000 -2.818225e-05 -8.507046e-07 -9.152354e-08 -1.424486e-06 5.223705e-05 -2.646395e-04 -2.925512e-05 8.140472e-07
10369.200000 -2.822029e-05 -8.442655e-07 -9.060995e-08 -1.463554e-06 5.575413e-05 -2.600176e-04 -1.553315e-05 1.474199e-05
10369.400000 -2.820481e-05 -8.379797e-07 -9.000769e-08 -1.502428e-06 5.655525e-05 -2.313707e-04 -1.137329e-05 5.915478e-06
10369.600000 -2.824399e-05 -8.371266e-07 -8.987981e-08 -1.548125e-06 5.222705e-05 -2.473781e-04 -1.884272e-05 -4.855452e-07
10369.800000 -2.821863e-05 -8.327519e-07 -8.954897e-08 -1.591249e-06 6.411991e-05 -2.295501e-04 -1.962806e-05 2.463200e-06
10370.000000 -2.823780e-05 -8.261904e-07 -8.911713e-08 -1.642425e-06 6.371647e-05 -2.034305e-04 -1.874406e-05 1.388039e-06
10370.200000 -2.823470e-05 -8.199662e-07 -8.867346e-08 -1.694707e-06 6.994980e-05 -2.018825e-04 -9.244522e-06 1.082991e-05
10370.400000 -2.824074e-05 -8.152988e-07 -8.834741e-08 -1.752653e-06 5.721674e-05 -2.093066e-04 -1.191050e-05 -6.731881e-07
10370.600000 -2.824055e-05 -8.063962e-07 -8.727964e-08 -1.814691e-06 5.826352e-05 -2.089759e-04 -1.227920e-05 -1.500034e-06
10370.800000 -2.822860e-05 -8.024617e-07 -8.675468e-08 -1.877433e-06 6.432202e-05 -2.137757e-04 -2.016493e-05 -1.393274e-05
10371.000000 -2.820254e-05 -7.957525e-07 -8.589021e-08 -1.942755e-06 5.947641e-05 -2.244479e-04 -1.493383e-05 -1.426137e-05
10371.200000 -2.818847e-05 -7.924895e-07 -8.553948e-08 -2.011075e-06 4.911960e-05 -2.334938e-04 -2.207901e-05 -9.084928e-06
10371.400000 -2.813746e-05 -7.827353e-07 -8.461330e-08 -2.076608e-06 5.305762e-05 -2.159726e-04 -1.852140e-05 -2.150890e-06
10371.600000 -2.805288e-05 -7.742226e-07 -8.383710e-08 -2.138359e-06 6.469645e-05 -2.145502e-04 -9.328170e-06 -1.677433e-05
10371.800000 -2.810436e-05 -7.742605e-07 -8.413886e-08 -2.208817e-06 5.814112e-05 -2.102687e-04 -1.351925e-05 -1.036260e-05
10372.000000 -2.813217e-05 -7.664107e-07 -8.327552e-08 -2.276181e-06 5.203973e-05 -2.115862e-04 -2.354764e-05 -1.415897e-05
10372.200000 -2.812963e-05 -7.620245e-07 -8.299160e-08 -2.332439e-06 4.896656e-05 -2.338244e-04 -2.360855e-05 -1.463816e-05
10372.400000 -2.812952e-05 -7.573884e-07 -8.253857e-08 -2.385351e-06 5.411034e-05 -2.082344e-04 -2.164810e-05 -9.658818e-06
10372.600000 -2.814360e-05 -7.557416e-07 -8.233047e-08 -2.433978e-06 5.614834e-05 -1.995074e-04 -1.994535e-05 -3.393911e-06
10372.800000 -2.817263e-05 -7.523172e-07 -8.186268e-08 -2.479232e-06 5.673311e-05 -2.038975e-04 -1.873612e-05 -6.652062e-06
10373.000000 -2.818674e-05 -7.475169e-07 -8.135284e-08 -2.516261e-06 5.578165e-05 -2.201319e-04 -1.323987e-05 -9.045239e-06
10373.200000 -2.815415e-05 -7.486128e-07 -8.161678e-08 -2.539641e-06 5.710550e-05 -2.084322e-04 -1.646658e-05 -1.283611e-05
10373.400000 -2.811260e-05 -7.432885e-07 -8.099381e-08 -2.560735e-06 4.959435e-05 -1.877349e-04 -2.078867e-05 -1.310136e-05
10373.600000 -2.808474e-05 -7.456316e-07 -8.129214e-08 -2.578654e-06 5.137831e-05 -1.931654e-04 -1.491085e-05 -1.067212e-05
10373.800000 -2.810918e-05 -7.396651e-07 -8.061906e-08 -2.600500e-06 4.977488e-05 -1.860792e-04 -2.345134e-05 -1.382867e-05
10374.000000 -2.817034e-05 -7.389811e-07 -8.083406e-08 -2.621028e-06 4.996887e-05 -1.908981e-04 -1.454245e-05 -3.596106e-06
10374.200000 -2.822115e-05 -7.397731e-07 -8.102658e-08 -2.639549e-06 5.242945e-05 -1.933033e-04 -4.476566e-06 1.685559e-06
10374.400000 -2.825232e-05 -7.403148e-07 -8.085884e-08 -2.653424e-06 5.384854e-05 -2.094164e-04 -5.756218e-06 -1.292748e-05
10374.600000 -2.817000e-05 -7.418563e-07 -8.111294e-08 -2.651787e-06 5.726384e-05 -1.896307e-04 -1.663889e-05 -5.379037e-06
10374.800000 -2.813234e-05 -7.410782e-07 -8.096310e-08 -2.656097e-06 6.010000e-05 -1.824565e-04 -1.122146e-05 2.937059e-06
10375.000000 -2.810943e-05 -7.405388e-07 -8.064642e-08 -2.660931e-06 5.286755e-05 -1.726763e-04 -1.739568e-05 -4.371242e-06
10375.200000 -2.803984e-05 -7.410536e-07 -8.046973e-08 -2.662233e-06 4.569093e-05 -1.841890e-04 -1.674038e-05 -1.205733e-05
10375.400000 -2.812551e-05 -7.398684e-07 -8.060646e-08 -2.677393e-06 4.718263e-05 -2.011393e-04 -5.021064e-06 -7.269845e-06
10375.600000 -2.821548e-05 -7.408219e-07 -8.072849e-08 -2.694140e-06 5.568301e-05 -1.693546e-04 -1.352553e-05 -4.772627e-06
10375.800000 -2.825401e-05 -7.392870e-07 -8.068033e-08 -2.706969e-06 6.000307e-05 -1.493442e-04 -1.501931e-05 -1.234724e-05
10376.000000 -2.828170e-05 -7.383327e-07 -8.072616e-08 -2.716379e-06 6.856196e-05 -1.451958e-04 -1.781863e-05 -1.222538e-05
10376.200000 -2.828200e-05 -7.363477e-07 -8.032087e-08 -2.722809e-06 7.701658e-05 -1.635155e-04 -2.125442e-05 -5.711601e-06
10376.400000 -2.826516e-05 -7.378240e-07 -8.052267e-08 -2.722647e-06 8.181199e-05 -1.713178e-04 -1.103829e-05 -1.267285e-06
10376.600000 -2.820550e-05 -7.374985e-07 -8.038850e-08 -2.717021e-06 7.664997e-05 -1.576641e-04 -1.792448e-05 4.680481e-06
10376.800000 -2.815640e-05 -7.398291e-07 -8.072845e-08 -2.708672e-06 6.873284e-05 -1.847436e-04 -3.035524e-05 -4.196330e-06
10377.000000 -2.820890e-05 -7.355985e-07 -8.027911e-08 -2.712487e-06 6.832115e-05 -1.800718e-04 -1.850939e-05 -3.457450e-06
10377.200000 -2.817803e-05 -7.385674e-07 -8.075748e-08 -2.702655e-06 7.783491e-05 -1.819277e-04 -2.300655e-05 -9.322863e-06
10377.400000 -2.821464e-05 -7.414107e-07 -8.110517e-08 -2.697518e-06 7.520119e-05 -1.644093e-04 -2.605583e-05 -3.550490e-06
10377.600000 -2.824930e-05 -7.399478e-07 -8.079092e-08 -2.691788e-06 6.311295e-05 -1.680264e-04 -2.691151e-05 -8.917604e-06
10377.800000 -2.825102e-05 -7.431932e-07 -8.117409e-08 -2.677350e-06 6.360930e-05 -1.761209e-04 -4.247939e-05 -3.353638e-05
10378.000000 -2.826537e-05 -7.445096e-07 -8.135570e-08 -2.663781e-06 6.308397e-05 -1.830094e-04 -3.574103e-05 -3.605308e-05
10378.200000 -2.824541e-05 -7.449934e-07 -8.165083e-08 -2.643203e-06 6.662022e-05 -1.683413e-04 -1.932578e-05 -2.877968e-05
10378.400000 -2.824220e-05 -7.478684e-07 -8.183646e-08 -2.623051e-06 6.376223e-05 -1.611227e-04 -1.128979e-05 -2.224472e-05
10378.600000 -2.818489e-05 -7.477983e-07 -8.178258e-08 -2.596814e-06 6.613147e-05 -1.736956e-04 -2.065134e-05 -2.233880e-05
10378.800000 -2.813035e-05 -7.525239e-07 -8.201708e-08 -2.571009e-06 7.002179e-05 -2.293684e-04 -2.357780e-05 -2.393944e-05
10379.000000 -2.815012e-05 -7.536264e-07 -8.200488e-08 -2.554802e-06 6.460651e-05 -2.345829e-04 -2.860625e-05 -3.065338e-05
10379.200000 -2.818995e-05 -7.527291e-07 -8.185200e-08 -2.537778e-06 5.422626e-05 -2.338507e-04 -2.609010e-05 -2.382214e-05
10379.400000 -2.814659e-05 -7.563943e-07 -8.237599e-08 -2.514828e-06 6.154632e-05 -2.297052e-04 -2.262464e-05 -2.524687e-05
10379.600000 -2.804653e-05 -7.628474e-07 -8.327158e-08 -2.486149e-06 6.377087e-05 -2.344970e-04 -2.795370e-05 -2.331445e-05
10379.800000 -2.807320e-05 -7.596614e-07 -8.290858e-08 -2.472595e-06 5.720330e-05 -2.220505e-04 -3.085818e-05 -2.597752e-05
10380.000000 -2.813587e-05 -7.580991e-07 -8.263386e-08 -2.459561e-06 5.738660e-05 -2.133152e-04 -2.345417e-05 -2.828301e-05
10380.200000 -2.814300e-05 -7.624465e-07 -8.281274e-08 -2.445815e-06 4.449628e-05 -2.290265e-04 -2.984003e-05 -2.704347e-05
10380.400000 -2.818303e-05 -7.607188e-07 -8.267650e-08 -2.436011e-06 3.955589e-05 -2.461800e-04 -2.005255e-05 -2.010625e-05
10380.600000 -2.818967e-05 -7.619642e-07 -8.267587e-08 -2.422019e-06 4.480807e-05 -2.478953e-04 -2.732067e-05 -3.091464e-05
10380.800000 -2.816958e-05 -7.652723e-07 -8.327972e-08 -2.407553e-06 5.961182e-05 -2.736794e-04 -2.224142e-05 -4.167818e-05
10381.000000 -2.816259e-05 -7.605887e-07 -8.289715e-08 -2.394270e-06 5.985582e-05 -2.470899e-04 -1.421067e-05 -4.514255e-05
10381.200000 -2.822444e-05 -7.666652e-07 -8.355798e-08 -2.390701e-06 7.003368e-05 -2.428635e-04 -2.191909e-05 -5.166820e-05
10381.400000 -2.822433e-05 -7.645214e-07 -8.335631e-08 -2.380888e-06 6.757054e-05 -2.284191e-04 -1.895407e-05 -5.270978e-05
10381.600000 -2.826408e-05 -7.672520e-07 -8.376979e-08 -2.375792e-06 6.393645e-05 -2.661429e-04 -1.165163e-05 -5.599571e-05
10381.800000 -2.825909e-05 -7.684004e-07 -8.359153e-08 -2.365161e-06 7.397043e-05 -2.752431e-04 -9.371268e-06 -4.426086e-05
10382.000000 -2.824607e-05 -7.705616e-07 -8.383587e-08 -2.354499e-06 6.759865e-05 -2.763898e-04 -1.145758e-05 -3.720950e-05
10382.200000 -2.822981e-05 -7.693661e-07 -8.382417e-08 -2.343910e-06 6.040465e-05 -2.824129e-04 -1.137541e-05 -3.891397e-05
10382.400000 -2.821252e-05 -7.726832e-07 -8.410357e-08 -2.331452e-06 6.101323e-05 -2.503057e-04 1.836640e-07 -3.960215e-05
10382.600000 -2.820154e-05 -7.744413e-07 -8.406176e-08 -2.321696e-06 6.243105e-05 -2.520405e-04 -7.583547e-06 -3.655977e-05
10382.800000 -2.813875e-05 -7.746731e-07 -8.393295e-08 -2.306910e-06 6.067693e-05 -2.665262e-04 -1.189315e-05 -4.254377e-05
10383.000000 -2.817914e-05 -7.726649e-07 -8.384699e-08 -2.301628e-06 5.923273e-05 -2.867762e-04 -1.779581e-05 -4.567009e-05
10383.200000 -2.819861e-05 -7.722653e-07 -8.347040e-08 -2.295072e-06 6.134324e-05 -2.691238e-04 -9.636934e-07 -4.221963e-05
10383.400000 -2.819418e-05 -7.766852e-07 -8.421393e-08 -2.285291e-06 6.448385e-05 -2.772048e-04 7.080281e-06 -3.068184e-05
10383.600000 -2.824702e-05 -7.769459e-07 -8.433358e-08 -2.282604e-06 6.835726e-05 -3.058539e-04 -6.964895e-07 -4.017089e-05
10383.800000 -2.824333e-05 -7.775283e-07 -8.436391e-08 -2.274909e-06 5.711409e-05 -3.099401e-04 -2.376056e-05 -4.210853e-05
10384.000000 -2.823515e-05 -7.789453e-07 -8.446667e-08 -2.265084e-06 5.409154e-05 -2.850771e-04 -1.677971e-05 -3.583637e-05
10384.200000 -2.820381e-05 -7.798739e-07 -8.478615e-08 -2.254402e-06 5.441486e-05 -2.939880e-04 -7.765443e-06 -3.169720e-05
10384.400000 -2.812309e-05 -7.802871e-07 -8.473710e-08 -2.240040e-06 5.877858e-05 -2.805764e-04 -5.915368e-06 -2.502041e-05
10384.600000 -2.808999e-05 -7.778218e-07 -8.434746e-08 -2.229150e-06 6.225142e-05 -2.697592e-04 -1.582519e-06 -3.101206e-05
10384.800000 -2.813847e-05 -7.847799e-07 -8.531959e-08 -2.227027e-06 5.620884e-05 -2.784628e-04 -1.264593e-05 -4.004294e-05
10385.000000 -2.817110e-05 -7.833834e-07 -8.501875e-08 -2.223797e-06 5.338554e-05 -2.614109e-04 -7.256456e-06 -2.586090e-05
10385.200000 -2.822588e-05 -7.812972e-07 -8.474690e-08 -2.222422e-06 5.677360e-05 -2.518487e-04 -5.771522e-06 -9.069758e-07
10385.400000 -2.822146e-05 -7.820698e-07 -8.476611e-08 -2.215415e-06 6.254117e-05 -2.419684e-04 -1.307960e-05 4.712777e-06
10385.600000 -2.824791e-05 -7.833151e-07 -8.490764e-08 -2.211861e-06 6.122868e-05 -2.364275e-04 -1.612652e-05 5.576565e-06
10385.800000 -2.824515e-05 -7.827675e-07 -8.449644e-08 -2.207823e-06 6.524808e-05 -1.977270e-04 -1.529640e-05 2.913328e-06
10386.000000 -2.823030e-05 -7.829638e-07 -8.441217e-08 -2.200255e-06 5.890838e-05 -2.176165e-04 -1.776228e-05 4.042010e-06
10386.200000 -2.816814e-05 -7.834457e-07 -8.448196e-08 -2.189373e-06 5.629807e-05 -2.374784e-04 -2.183398e-06 4.376083e-06
10386.400000 -2.815421e-05 -7.846139e-07 -8.443582e-08 -2.184316e-06 5.881507e-05 -2.367193e-04 5.984856e-07 1.085096e-05
10386.600000 -2.819748e-05 -7.867485e-07 -8.460099e-08 -2.183957e-06 5.695547e-05 -2.317224e-04 -1.122298e-06 -1.765092e-05
10386.800000 -2.823827e-05 -7.842871e-07 -8.410723e-08 -2.185332e-06 5.469962e-05 -2.427230e-04 -1.724690e-06 -1.950272e-05
10387.000000 -2.822474e-05 -7.875537e-07 -8.433159e-08 -2.179568e-06 6.059295e-05 -2.597241e-04 -1.448453e-05 -3.066736e-05
10387.200000 -2.819333e-05 -7.834333e-07 -8.369540e-08 -2.174221e-06 6.474649e-05 -2.501114e-04 -8.709696e-06 -2.344693e-05
10387.400000 -2.819241e-05 -7.857524e-07 -8.396610e-08 -2.171583e-06 6.676436e-05 -2.595823e-04 -9.954360e-06 -2.925520e-05
10387.600000 -2.819530e-05 -7.863055e-07 -8.424273e-08 -2.169595e-06 7.564299e-05 -2.737483e-04 -2.393004e-06 -2.707450e-05
10387.800000 -2.821739e-05 -7.857491e-07 -8.428775e-08 -2.171288e-06 7.561652e-05 -2.735498e-04 -5.259581e-06 -2.115327e-05
10388.000000 -2.822627e-05 -7.878568e-07 -8.456785e-08 -2.171441e-06 7.486200e-05 -2.709345e-04 -7.961712e-06 -2.038483e-05
10388.200000 -2.820461e-05 -7.840373e-07 -8.396747e-08 -2.167906e-06 7.757285e-05 -2.906375e-04 3.423909e-06 -1.298459e-05
10388.400000 -2.818724e-05 -7.867670e-07 -8.452785e-08 -2.163878e-06 7.203161e-05 -2.699634e-04 -8.899134e-06 -2.816821e-05
10388.600000 -2.813372e-05 -7.900491e-07 -8.443831e-08 -2.159162e-06 6.444903e-05 -2.473872e-04 -1.590552e-05 -1.591050e-05
10388.800000 -2.810821e-05 -7.863526e-07 -8.404264e-08 -2.156171e-06 5.063770e-05 -2.654458e-04 -2.152094e-06 -1.620562e-05
10389.000000 -2.810432e-05 -7.897437e-07 -8.454937e-08 -2.156121e-06 5.132279e-05 -2.546130e-04 -5.850271e-06 -1.977568e-05
10389.200000 -2.812656e-05 -7.843680e-07 -8.376867e-08 -2.157430e-06 4.778934e-05 -2.490022e-04 4.843571e-06 -2.580849e-05
10389.400000 -2.813957e-05 -7.913148e-07 -8.462581e-08 -2.158643e-06 6.025243e-05 -2.447455e-04 -4.586024e-06 -2.520274e-05
10389.600000 -2.808947e-05 -7.861528e-07 -8.369625e-08 -2.153753e-06 5.370340e-05 -2.473019e-04 1.276593e-05 -2.003075e-05
10389.800000 -2.810045e-05 -7.851909e-07 -8.356521e-08 -2.153863e-06 5.596479e-05 -2.391265e-04 1.802987e-06 -2.255583e-05
10390.000000 -2.815802e-05 -7.859607e-07 -8.336581e-08 -2.159228e-06 5.390370e-05 -2.307528e-04 3.216333e-06 -3.372120e-05
10390.200000 -2.817756e-05 -7.905851e-07 -8.395975e-08 -2.161356e-06 5.120114e-05 -2.433118e-04 2.796163e-06 -2.991233e-05
10390.400000 -2.817075e-05 -7.862636e-07 -8.358523e-08 -2.160155e-06 6.363786e-05 -2.570753e-04 1.218978e-05 -1.101548e-05
10390.600000 -2.817817e-05 -7.854531e-07 -8.333793e-08 -2.160845e-06 6.459733e-05 -2.736777e-04 -2.995054e-06 -2.312929e-05
10390.800000 -2.819069e-05 -7.882970e-07 -8.365208e-08 -2.161947e-06 6.812900e-05 -2.579322e-04 -1.858880e-05 -3.304595e-05
10391.000000 -2.816902e-05 -7.852710e-07 -8.309947e-08 -2.158987e-06 6.760139e-05 -2.561671e-04 -7.778131e-06 -2.985382e-05
10391.200000 -2.818156e-05 -7.877004e-07 -8.335719e-08 -2.160394e-06 6.632599e-05 -2.702156e-04 -2.553105e-06 -2.894534e-05
10391.400000 -2.821318e-05 -7.870165e-07 -8.291744e-08 -2.164907e-06 5.559265e-05 -2.741434e-04 1.554257e-06 -1.659838e-05
10391.600000 -2.820544e-05 -7.874655e-07 -8.291959e-08 -2.163791e-06 5.798653e-05 -2.617882e-04 -7.080300e-06 -2.472618e-05
10391.800000 -2.819346e-05 -7.867072e-07 -8.267972e-08 -2.162286e-06 5.950696e-05 -2.481348e-04 7.485367e-07 -6.061906e-06
10392.000000 -2.818316e-05 -7.859442e-07 -8.235088e-08 -2.161736e-06 5.806446e-05 -2.576903e-04 -5.687005e-06 1.884111e-06
10392.200000 -2.818213e-05 -7.883617e-07 -8.237698e-08 -2.161611e-06 5.523790e-05 -2.367250e-04 -1.054519e-05 -9.636961e-07
10392.400000 -2.818940e-05 -7.871484e-07 -8.213608e-08 -2.163359e-06 6.308307e-05 -2.755575e-04 -3.362724e-05 -2.737878e-06
10392.600000 -2.818451e-05 -7.884425e-07 -8.225091e-08 -2.163135e-06 5.652437e-05 -2.580384e-04 -4.238881e-05 -1.624098e-05
10392.800000 -2.817537e-05 -7.880134e-07 -8.209472e-08 -2.162442e-06 6.543382e-05 -2.523288e-04 -1.490711e-05 -1.467821e-05
10393.000000 -2.818203e-05 -7.912667e-07 -8.274152e-08 -2.163017e-06 5.742159e-05 -2.303541e-04 -5.650656e-06 -1.222814e-05
10393.200000 -2.816935e-05 -7.881283e-07 -8.240534e-08 -2.162959e-06 5.235101e-05 -2.306592e-04 -1.586129e-05 -9.450278e-06
10393.400000 -2.818089e-05 -7.881557e-07 -8.230943e-08 -2.165303e-06 5.161876e-05 -2.367556e-04 -1.484344e-05 -1.652907e-05
10393.600000 -2.818300e-05 -7.898594e-07 -8.236635e-08 -2.166482e-06 5.732923e-05 -2.610404e-04 -9.319280e-06 -1.618236e-05
10393.800000 -2.818827e-05 -7.911846e-07 -8.219094e-08 -2.169831e-06 5.956582e-05 -2.703668e-04 -1.181997e-05 -2.307404e-05
10394.000000 -2.819743e-05 -7.926133e-07 -8.211784e-08 -2.172132e-06 5.947262e-05 -2.635209e-04 -3.151204e-06 -2.153773e-05
10394.200000 -2.818468e-05 -7.896128e-07 -8.191115e-08 -2.170900e-06 6.073312e-05 -2.630042e-04 -2.106875e-05 -3.227688e-05
10394.400000 -2.820653e-05 -7.916712e-07 -8.210302e-08 -2.174769e-06 6.604235e-05 -2.584696e-04 -1.560880e-05 -3.126121e-05
10394.600000 -2.819943e-05 -7.901839e-07 -8.196264e-08 -2.174946e-06 6.941043e-05 -2.661763e-04 -7.778058e-06 -2.897418e-05
10394.800000 -2.819558e-05 -7.902887e-07 -8.199994e-08 -2.175606e-06 5.982645e-05 -2.400592e-04 -9.430451e-06 -3.762232e-05
10395.000000 -2.819419e-05 -7.903914e-07 -8.193496e-08 -2.175317e-06 6.372203e-05 -2.599155e-04 -1.774437e-05 -3.585067e-05
10395.200000 -2.817724e-05 -7.901941e-07 -8.162460e-08 -2.174650e-06 5.886715e-05 -2.370624e-04 -1.445572e-05 -2.308012e-05
10395.400000 -2.817657e-05 -7.893272e-07 -8.108536e-08 -2.175452e-06 4.926173e-05 -2.530567e-04 -1.201979e-05 -7.636999e-06
10395.600000 -2.818396e-05 -7.898090e-07 -8.108213e-08 -2.177139e-06 5.090288e-05 -2.598255e-04 -4.128054e-06 -4.800137e-06
10395.800000 -2.818194e-05 -7.910623e-07 -8.127186e-08 -2.176715e-06 4.367577e-05 -2.622473e-04 -6.010283e-06 -4.063587e-06
10396.000000 -2.816960e-05 -7.891620e-07 -8.091539e-08 -2.175313e-06 4.686202e-05 -2.744688e-04 -5.920662e-06 2.179988e-06
10396.200000 -2.816178e-05 -7.901332e-07 -8.110630e-08 -2.171859e-06 4.854745e-05 -2.642566e-04 -1.014469e-05 1.080833e-05
10396.400000 -2.814792e-05 -7.892311e-07 -8.105313e-08 -2.168913e-06 5.311107e-05 -2.649426e-04 -2.395314e-06 5.794158e-06
10396.600000 -2.816747e-05 -7.916030e-07 -8.133576e-08 -2.169297e-06 6.002185e-05 -2.870911e-04 -1.155417e-05 5.007204e-06
10396.800000 -2.817851e-05 -7.924791e-07 -8.114755e-08 -2.168710e-06 5.156670e-05 -2.906215e-04 -9.293696e-06 -2.475863e-06
10397.000000 -2.815757e-05 -7.928260e-07 -8.099548e-08 -2.163237e-06 5.632003e-05 -2.988457e-04 -5.197002e-06 -9.608805e-06
10397.227860 -2.809676e-05 -7.952479e-07 -8.114407e-08 -2.152910e-06 6.785556e-05 -3.007842e-04 -6.009111e-06 -1.234298e-05
10397.483581 -2.810454e-05 -7.957313e-07 -8.111062e-08 -2.149984e-06 6.507592e-05 -3.129701e-04 -4.904158e-06 -2.644949e-06
10397.767162 -2.816617e-05 -7.946254e-07 -8.083544e-08 -2.150017e-06 7.728689e-05 -2.864426e-04 -7.327385e-06 7.851361e-06
10398.078604 -2.816536e-05 -7.965135e-07 -8.112270e-08 -2.141416e-06 8.044329e-05 -2.808141e-04 -1.375992e-06 3.155535e-06
10398.417905 -2.817369e-05 -7.977284e-07 -8.135475e-08 -2.134073e-06 6.961457e-05 -2.908891e-04 -3.294643e-06 -8.352310e-07
10398.785067 -2.817239e-05 -7.985826e-07 -8.118416e-08 -2.123958e-06 7.055395e-05 -2.851876e-04 -8.419299e-06 4.706246e-06
10399.180090 -2.814741e-05 -7.997702e-07 -8.118640e-08 -2.109067e-06 7.130599e-05 -2.991176e-04 -7.894321e-06 1.902643e-06
10399.602973 -2.814114e-05 -7.997349e-07 -8.126945e-08 -2.096632e-06 6.678049e-05 -2.972364e-04 -1.054569e-05 -2.856016e-06
10400.053716 -2.809384e-05 -8.038977e-07 -8.162705e-08 -2.079252e-06 6.028973e-05 -2.958264e-04 -5.280099e-06 4.745775e-06
10400.532319 -2.805933e-05 -8.039299e-07 -8.122405e-08 -2.063588e-06 6.611597e-05 -2.768213e-04 -1.053639e-05 2.823705e-06
10401.038783 -2.809038e-05 -8.033096e-07 -8.089609e-08 -2.053627e-06 6.443685e-05 -2.679766e-04 -8.169442e-06 4.392415e-06
10401.573107 -2.805408e-05 -8.054153e-07 -8.131805e-08 -2.039017e-06 7.354563e-05 -2.999900e-04 -1.101538e-05 9.617051e-06
10402.135292 -2.804775e-05 -8.044511e-07 -8.136438e-08 -2.028257e-06 7.078934e-05 -3.080758e-04 -2.076519e-05 1.030849e-05
10402.725337 -2.797309e-05 -8.040779e-07 -8.150088e-08 -2.014497e-06 5.741437e-05 -3.145103e-04 -2.641216e-05 2.172336e-06
10403.343242 -2.804699e-05 -8.039288e-07 -8.155057e-08 -2.015543e-06 5.922428e-05 -2.946735e-04 -1.597456e-05 5.193782e-06
10403.989008 -2.808388e-05 -8.036568e-07 -8.200897e-08 -2.017147e-06 6.601159e-05 -3.159010e-04 -1.292229e-05 2.936124e-06
10404.662634 -2.807711e-05 -8.028642e-07 -8.210556e-08 -2.017376e-06 5.638481e-05 -2.971637e-04 -1.610916e-05 -2.730174e-09
10405.364120 -2.800787e-05 -8.044101e-07 -8.256439e-08 -2.013248e-06 4.853725e-05 -2.863474e-04 -9.654054e-06 -1.400572e-06
10406.093467 -2.796473e-05 -8.026983e-07 -8.301831e-08 -2.013932e-06 5.442231e-05 -2.752940e-04 -7.468334e-06 -7.401017e-07
10406.850674 -2.802278e-05 -8.007442e-07 -8.283013e-08 -2.024368e-06 5.080563e-05 -2.899775e-04 -1.449558e-05 -2.262275e-06
10407.635741 -2.797905e-05 -7.995543e-07 -8.354615e-08 -2.026231e-06 6.314902e-05 -3.170284e-04 -1.344525e-05 -1.616203e-06
10408.448669 -2.800399e-05 -7.974408e-07 -8.409526e-08 -2.035958e-06 6.508721e-05 -3.214437e-04 -1.745347e-05 -7.238870e-06
10409.289457 -2.798601e-05 -7.979820e-07 -8.471932e-08 -2.042692e-06 5.570115e-05 -3.173951e-04 -1.819872e-05 4.967834e-06
10410.158106 -2.797385e-05 -7.981534e-07 -8.552487e-08 -2.051563e-06 5.708856e-05 -3.372286e-04 -1.548671e-05 6.767946e-06
10411.054614 -2.797299e-05 -7.966124e-07 -8.616836e-08 -2.062647e-06 5.760144e-05 -3.255985e-04 -8.354455e-06 1.300687e-06
10411.978983 -2.789801e-05 -7.971933e-07 -8.675105e-08 -2.069617e-06 5.318424e-05 -3.423821e-04 -8.728815e-07 1.032494e-05
10412.931213 -2.785298e-05 -7.953709e-07 -8.714677e-08 -2.082829e-06 4.640117e-05 -3.250641e-04 1.229365e-06 1.479960e-05
10413.911303 -2.785207e-05 -7.927887e-07 -8.753501e-08 -2.101238e-06 4.648700e-05 -3.341717e-04 5.906650e-06 2.272650e-05
10414.919253 -2.791507e-05 -7.902721e-07 -8.771791e-08 -2.127135e-06 3.890633e-05 -3.124396e-04 1.698245e-05 1.599876e-05
10415.955064 -2.790019e-05 -7.880545e-07 -8.814271e-08 -2.145411e-06 3.824246e-05 -3.093191e-04 8.765215e-06 8.679654e-06
10417.018734 -2.788335e-05 -7.865709e-07 -8.811301e-08 -2.163465e-06 3.860883e-05 -3.218624e-04 5.414739e-06 9.709564e-06
10418.110266 -2.788460e-05 -7.843069e-07 -8.818753e-08 -2.180663e-06 5.056048e-05 -3.124290e-04 -3.693891e-06 1.028223e-05
10419.232723 -2.787208e-05 -7.831775e-07 -8.857902e-08 -2.194159e-06 4.877142e-05 -3.204712e-04 -4.837602e-06 1.681955e-05
10420.367373 -2.784025e-05 -7.833182e-07 -8.833769e-08 -2.204467e-06 4.793072e-05 -3.070383e-04 -1.124599e-05 1.142658e-05
10421.514214 -2.779130e-05 -7.825896e-07 -8.817455e-08 -2.210239e-06 4.596004e-05 -3.055736e-04 -1.266255e-05 8.008654e-06
10422.673248 -2.778031e-05 -7.813439e-07 -8.810195e-08 -2.218557e-06 3.316730e-05 -3.118159e-04 -7.045958e-06 6.100443e-06
10423.844473 -2.783977e-05 -7.806266e-07 -8.775292e-08 -2.232350e-06 3.408731e-05 -3.278025e-04 -9.775868e-06 -2.279548e-06
10425.027890 -2.779791e-05 -7.809491e-07 -8.761284e-08 -2.232831e-06 3.536223e-05 -3.316347e-04 -9.297434e-06 -2.693850e-06
10426.223499 -2.777128e-05 -7.802457e-07 -8.736427e-08 -2.232809e-06 3.628434e-05 -3.327086e-04 -7.357012e-06 4.377345e-06
10427.431300 -2.774972e-05 -7.811881e-07 -8.754104e-08 -2.233548e-06 4.280653e-05 -3.271054e-04 -1.031740e-05 1.150605e-05
10428.651293 -2.778323e-05 -7.796124e-07 -8.740566e-08 -2.238897e-06 4.787740e-05 -3.435795e-04 -8.501623e-06 7.453310e-06
10429.883478 -2.777732e-05 -7.798317e-07 -8.725988e-08 -2.240624e-06 4.096278e-05 -3.427245e-04 -1.547516e-05 -2.169875e-06
10431.127855 -2.775712e-05 -7.805742e-07 -8.720326e-08 -2.241401e-06 3.980808e-05 -3.412113e-04 -4.782553e-06 2.729412e-06
10432.384423 -2.773017e-05 -7.803960e-07 -8.733890e-08 -2.242264e-06 3.854612e-05 -3.458658e-04 -5.924442e-06 3.326222e-06
10433.653184 -2.775394e-05 -7.817617e-07 -8.746685e-08 -2.249036e-06 4.359049e-05 -3.274813e-04 -4.703287e-06 4.459300e-06
10434.934136 -2.773568e-05 -7.811022e-07 -8.738051e-08 -2.250477e-06 5.307291e-05 -3.205977e-04 -5.027823e-07 -4.549640e-06
10436.227280 -2.772470e-05 -7.813450e-07 -8.722714e-08 -2.251258e-06 5.825261e-05 -3.476921e-04 -4.113995e-06 -3.752801e-06
10437.532617 -2.768583e-05 -7.806113e-07 -8.700940e-08 -2.246566e-06 5.950550e-05 -3.286067e-04 -3.303709e-06 1.189943e-06
10438.850145 -2.767391e-05 -7.815165e-07 -8.688366e-08 -2.243708e-06 6.637170e-05 -3.293962e-04 -1.605869e-07 5.521019e-06
10440.179865 -2.767357e-05 -7.822298e-07 -8.699433e-08 -2.241517e-06 5.429735e-05 -3.445797e-04 -6.105457e-07 9.960709e-06
10441.521777 -2.765699e-05 -7.826576e-07 -8.711817e-08 -2.236250e-06 5.054117e-05 -3.430158e-04 2.775042e-06 1.273325e-05
10442.875881 -2.761656e-05 -7.835661e-07 -8.682032e-08 -2.228844e-06 5.004712e-05 -3.173624e-04 3.381814e-06 1.247425e-05
10444.242177 -2.757623e-05 -7.831388e-07 -8.637118e-08 -2.221710e-06 5.199814e-05 -3.127068e-04 -5.971093e-06 4.296996e-06
10445.620664 -2.757242e-05 -7.811907e-07 -8.600543e-08 -2.218081e-06 4.739506e-05 -3.267491e-04 -3.322349e-06 6.166189e-06
10447.011344 -2.755420e-05 -7.831056e-07 -8.625991e-08 -2.213036e-06 5.049144e-05 -3.517775e-04 -1.191876e-05 3.937529e-07
10448.414215 -2.752019e-05 -7.831170e-07 -8.625038e-08 -2.207598e-06 4.974373e-05 -3.610495e-04 -9.985861e-06 6.276494e-06
10449.829279 -2.753158e-05 -7.840315e-07 -8.619789e-08 -2.205035e-06 4.782415e-05 -3.455674e-04 -1.054327e-05 1.094612e-05
10451.256534 -2.750015e-05 -7.848655e-07 -8.601746e-08 -2.199789e-06 4.568975e-05 -3.656682e-04 -1.211972e-05 4.891286e-06
10452.695981 -2.749073e-05 -7.839010e-07 -8.573358e-08 -2.195003e-06 4.918784e-05 -3.571308e-04 -1.165437e-05 1.981295e-06
10454.147620 -2.749187e-05 -7.846440e-07 -8.583122e-08 -2.192224e-06 4.402449e-05 -3.652906e-04 -1.052238e-05 1.183798e-05
10455.611452 -2.743929e-05 -7.857946e-07 -8.599871e-08 -2.183913e-06 4.600088e-05 -3.611592e-04 4.593760e-06 1.714312e-05
10457.087475 -2.738074e-05 -7.873670e-07 -8.612377e-08 -2.176863e-06 4.037226e-05 -3.589566e-04 9.038965e-06 1.477498e-05
10458.575689 -2.731507e-05 -7.898990e-07 -8.644216e-08 -2.170258e-06 4.152215e-05 -3.404808e-04 6.185559e-06 1.418881e-05
10460.076096 -2.729810e-05 -7.902329e-07 -8.644241e-08 -2.167316e-06 4.644936e-05 -3.205606e-04 6.212909e-06 1.284071e-05
10461.588695 -2.734857e-05 -7.888469e-07 -8.597426e-08 -2.171141e-06 4.478256e-05 -3.233559e-04 2.203356e-07 1.563866e-05
10463.113485 -2.737395e-05 -7.872395e-07 -8.546039e-08 -2.173997e-06 4.632673e-05 -3.214548e-04 -1.163923e-05 2.574588e-05
10464.650468 -2.738932e-05 -7.871465e-07 -8.523942e-08 -2.176768e-06 4.296831e-05 -3.258482e-04 -2.606921e-05 1.948831e-05
10466.199642 -2.735992e-05 -7.876295e-07 -8.550107e-08 -2.175862e-06 4.636765e-05 -3.314614e-04 -1.787208e-05 1.636080e-05
10467.761009 -2.734639e-05 -7.883926e-07 -8.562060e-08 -2.174755e-06 5.529055e-05 -3.476498e-04 -1.015010e-05 1.239692e-05
10469.334567 -2.734193e-05 -7.886128e-07 -8.569696e-08 -2.176717e-06 7.039282e-05 -3.212703e-04 -8.653938e-06 1.587611e-05
10470.920317 -2.733348e-05 -7.890039e-07 -8.557355e-08 -2.177033e-06 7.412784e-05 -3.117445e-04 -8.959584e-06 2.587462e-05
10472.518259 -2.732344e-05 -7.897553e-07 -8.544771e-08 -2.176664e-06 6.144203e-05 -3.160384e-04 -1.347303e-05 1.533197e-05
10474.128393 -2.728623e-05 -7.900680e-07 -8.557939e-08 -2.173757e-06 5.971991e-05 -3.216644e-04 -1.190937e-06 1.958084e-05
10475.750719 -2.723995e-05 -7.897441e-07 -8.569726e-08 -2.169632e-06 6.138478e-05 -3.192313e-04 -2.134470e-06 1.872223e-05
10477.385237 -2.723623e-05 -7.899006e-07 -8.584554e-08 -2.170719e-06 6.298066e-05 -3.268733e-04 2.451394e-06 2.546684e-05
10479.031946 -2.719567e-05 -7.903206e-07 -8.633509e-08 -2.167701e-06 6.297589e-05 -3.188748e-04 4.621669e-06 1.500435e-05
10480.690848 -2.716662e-05 -7.903059e-07 -8.649170e-08 -2.166533e-06 5.857656e-05 -2.887967e-04 5.239956e-06 1.590924e-05
10482.361942 -2.713168e-05 -7.896129e-07 -8.660776e-08 -2.164799e-06 5.442281e-05 -2.700782e-04 5.028433e-06 2.491486e-05
10484.045227 -2.705248e-05 -7.880451e-07 -8.687534e-08 -2.159724e-06 5.210761e-05 -2.867382e-04 1.301348e-06 1.692572e-05
10485.740704 -2.704003e-05 -7.888301e-07 -8.768307e-08 -2.160423e-06 5.352012e-05 -3.198496e-04 7.283382e-06 1.945436e-05
10487.448374 -2.701921e-05 -7.889588e-07 -8.832791e-08 -2.159256e-06 5.243098e-05 -3.386028e-04 1.750536e-05 1.382074e-05
10489.168235 -2.701549e-05 -7.887514e-07 -8.861144e-08 -2.160955e-06 4.570311e-05 -3.499267e-04 1.776107e-05 1.830008e-05
10490.900288 -2.696718e-05 -7.906845e-07 -8.930064e-08 -2.158932e-06 4.955888e-05 -3.336204e-04 1.260920e-05 5.665261e-06
10492.644533 -2.697610e-05 -7.871866e-07 -8.900689e-08 -2.163350e-06 4.904204e-05 -3.165060e-04 1.206351e-05 6.808898e-06
10494.400970 -2.695990e-05 -7.854456e-07 -8.904991e-08 -2.164988e-06 5.367994e-05 -3.456199e-04 1.628628e-05 6.390083e-06
10496.169598 -2.696508e-05 -7.843137e-07 -8.910260e-08 -2.170360e-06 5.250549e-05 -3.324156e-04 5.199921e-06 1.132359e-05
10497.950419 -2.690501e-05 -7.871629e-07 -8.995278e-08 -2.169381e-06 5.787849e-05 -3.186323e-04 1.093681e-05 7.365421e-06
10499.743432 -2.687442e-05 -7.878207e-07 -9.057011e-08 -2.173394e-06 5.416862e-05 -3.061929e-04 -4.294591e-06 1.105850e-05
10501.548636 -2.688623e-05 -7.856703e-07 -9.044860e-08 -2.179882e-06 5.137760e-05 -3.191575e-04 -6.415575e-07 1.356770e-05
10503.366032 -2.684365e-05 -7.855844e-07 -9.056221e-08 -2.183503e-06 4.823939e-05 -3.055695e-04 7.228361e-07 1.187041e-05
10505.195621 -2.683325e-05 -7.839562e-07 -9.010007e-08 -2.188477e-06 5.704667e-05 -3.046276e-04 -4.373805e-06 1.221954e-05
10507.037401 -2.682271e-05 -7.848247e-07 -9.027180e-08 -2.192949e-06 5.253773e-05 -2.970646e-04 -1.161635e-05 9.689692e-06
10508.891373 -2.679508e-05 -7.855624e-07 -9.055580e-08 -2.195796e-06 4.705669e-05 -3.044978e-04 -2.673798e-06 8.483588e-06
10510.757537 -2.671437e-05 -7.863222e-07 -9.060811e-08 -2.193643e-06 4.835143e-05 -3.090575e-04 1.074142e-05 1.741150e-05
10512.635893 -2.666151e-05 -7.851426e-07 -9.030316e-08 -2.190119e-06 5.266386e-05 -2.784305e-04 6.929811e-06 2.799143e-05
10514.526441 -2.663526e-05 -7.818165e-07 -8.955566e-08 -2.188713e-06 4.420565e-05 -2.456022e-04 1.780935e-06 2.864893e-05
10516.429181 -2.664471e-05 -7.836717e-07 -8.945385e-08 -2.192932e-06 5.123300e-05 -2.763820e-04 3.745546e-06 3.122585e-05
10518.344112 -2.660381e-05 -7.816486e-07 -8.914156e-08 -2.190851e-06 4.444908e-05 -2.731290e-04 9.868424e-06 2.902590e-05
10520.271236 -2.648280e-05 -7.788777e-07 -8.875616e-08 -2.181570e-06 4.784892e-05 -3.009555e-04 1.216668e-05 2.086740e-05
10522.210552 -2.654745e-05 -7.833816e-07 -8.921081e-08 -2.188010e-06 5.583676e-05 -3.106605e-04 8.694619e-06 1.877161e-05
10524.162059 -2.654081e-05 -7.826569e-07 -8.896568e-08 -2.189200e-06 5.159721e-05 -2.895229e-04 -1.704585e-06 8.517794e-06
10526.125758 -2.646447e-05 -7.820162e-07 -8.872847e-08 -2.182510e-06 4.539589e-05 -2.866041e-04 -9.315298e-06 -2.860082e-06
10528.101649 -2.638261e-05 -7.797955e-07 -8.832534e-08 -2.175297e-06 5.125385e-05 -2.917454e-04 -1.293115e-05 1.087053e-05
10530.089733 -2.636605e-05 -7.811434e-07 -8.828111e-08 -2.173724e-06 5.244083e-05 -3.014106e-04 -9.369259e-06 1.972727e-05
10532.090008 -2.641857e-05 -7.827457e-07 -8.821118e-08 -2.178592e-06 5.490478e-05 -2.918073e-04 1.871523e-06 1.854987e-05
10534.102475 -2.636048e-05 -7.851723e-07 -8.843865e-08 -2.172180e-06 5.320248e-05 -2.771675e-04 -1.318070e-05 1.526710e-05
10536.127133 -2.630502e-05 -7.852374e-07 -8.839445e-08 -2.168409e-06 5.936304e-05 -3.020714e-04 -1.032154e-05 1.220253e-05
10538.163984 -2.630871e-05 -7.880968e-07 -8.903060e-08 -2.168468e-06 6.995461e-05 -3.129200e-04 -1.136770e-05 2.119272e-05
10540.213027 -2.632462e-05 -7.859104e-07 -8.888946e-08 -2.170110e-06 5.646901e-05 -2.882504e-04 -1.152904e-05 8.782191e-06
10542.274261 -2.630007e-05 -7.857463e-07 -8.893887e-08 -2.168124e-06 4.231012e-05 -2.735669e-04 -1.277453e-05 -5.143767e-07
10544.347688 -2.623024e-05 -7.891526e-07 -8.916578e-08 -2.162229e-06 4.139955e-05 -2.779068e-04 -1.260238e-05 2.303816e-06
10546.433306 -2.616480e-05 -7.904157e-07 -8.918392e-08 -2.157938e-06 4.809546e-05 -2.938620e-04 -1.092362e-06 5.763782e-06
10548.531117 -2.610394e-05 -7.903613e-07 -8.982079e-08 -2.154649e-06 4.171722e-05 -2.664532e-04 2.523571e-06 2.510642e-06
10550.641119 -2.601287e-05 -7.914873e-07 -9.054857e-08 -2.149932e-06 4.644907e-05 -2.521144e-04 4.115294e-06 2.613698e-06
10552.763313 -2.594593e-05 -7.921280e-07 -9.105017e-08 -2.145869e-06 5.496712e-05 -2.573722e-04 1.266362e-05 1.578403e-05
10554.897699 -2.595173e-05 -7.923221e-07 -9.117715e-08 -2.147600e-06 5.004654e-05 -2.217486e-04 1.093296e-05 6.833792e-06
10557.044277 -2.604928e-05 -7.857166e-07 -9.035858e-08 -2.156569e-06 4.523791e-05 -2.374582e-04 -7.793671e-07 2.074316e-05
10559.203047 -2.604859e-05 -7.878490e-07 -9.083228e-08 -2.158638e-06 5.130456e-05 -2.658905e-04 8.215968e-07 2.180697e-05
10561.374008 -2.599813e-05 -7.858738e-07 -9.092165e-08 -2.155823e-06 4.920372e-05 -2.704924e-04 -1.909054e-06 1.191347e-05
10563.557162 -2.596995e-05 -7.857937e-07 -9.139887e-08 -2.154501e-06 4.934884e-05 -2.485671e-04 -2.080907e-07 3.205570e-06
10565.752508 -2.593157e-05 -7.839047e-07 -9.146488e-08 -2.153768e-06 4.138297e-05 -2.805101e-04 5.979401e-06 8.150132e-07
10567.960045 -2.584505e-05 -7.868940e-07 -9.195138e-08 -2.148531e-06 3.662660e-05 -2.726779e-04 6.978097e-06 8.068822e-06
10570.179775 -2.580242e-05 -7.866398e-07 -9.199879e-08 -2.146286e-06 4.446882e-05 -2.605404e-04 4.298100e-06 -5.203664e-06
10572.411696 -2.579356e-05 -7.846531e-07 -9.178438e-08 -2.147520e-06 4.603875e-05 -2.656379e-04 1.405348e-05 -1.136332e-06
10574.655809 -2.571374e-05 -7.840141e-07 -9.195662e-08 -2.142562e-06 4.959796e-05 -2.812856e-04 1.295826e-05 -1.253126e-05
10576.912114 -2.567509e-05 -7.831024e-07 -9.212961e-08 -2.141158e-06 5.297320e-05 -2.864965e-04 1.175052e-05 -1.723913e-05
10579.180611 -2.562387e-05 -7.838868e-07 -9.252796e-08 -2.137689e-06 4.559159e-05 -2.830414e-04 -1.494258e-06 -1.318738e-05
10581.461300 -2.557916e-05 -7.810430e-07 -9.238577e-08 -2.135664e-06 4.914203e-05 -2.839613e-04 1.561208e-06 -1.170021e-05
10583.754181 -2.550610e-05 -7.817723e-07 -9.264586e-08 -2.129893e-06 3.417711e-05 -2.842692e-04 7.169907e-07 -8.947761e-06
10586.059254 -2.544105e-05 -7.804229e-07 -9.237956e-08 -2.126104e-06 4.127248e-05 -2.717001e-04 4.610582e-06 -4.711937e-07
10588.376518 -2.534762e-05 -7.805509e-07 -9.221229e-08 -2.118798e-06 4.458478e-05 -2.846157e-04 2.992177e-06 -2.372085e-07
10590.705975 -2.529060e-05 -7.777769e-07 -9.168980e-08 -2.114673e-06 4.289602e-05 -2.760770e-04 1.852839e-05 5.626256e-06
10593.047623 -2.523691e-05 -7.746873e-07 -9.125343e-08 -2.110626e-06 3.712743e-05 -2.767012e-04 1.785052e-07 -1.179167e-06
10595.401464 -2.520126e-05 -7.747382e-07 -9.129817e-08 -2.109171e-06 4.113762e-05 -2.924923e-04 8.292192e-06 -2.533508e-06
10597.767496 -2.518878e-05 -7.784412e-07 -9.200416e-08 -2.109031e-06 4.564637e-05 -2.900151e-04 7.247024e-06 2.420522e-06
10600.145720 -2.519185e-05 -7.760314e-07 -9.165922e-08 -2.110836e-06 3.414138e-05 -2.796109e-04 8.581532e-06 4.434574e-07
10602.536136 -2.515045e-05 -7.782218e-07 -9.198447e-08 -2.108561e-06 4.367185e-05 -2.949848e-04 6.604348e-06 -1.391419e-06
10604.938744 -2.501155e-05 -7.783385e-07 -9.196091e-08 -2.098554e-06 4.622339e-05 -2.886862e-04 6.367829e-06 7.580249e-07
10607.353544 -2.493409e-05 -7.788375e-07 -9.194133e-08 -2.093659e-06 4.239265e-05 -2.899267e-04 1.173973e-05 -8.760572e-06
10609.780536 -2.490030e-05 -7.768232e-07 -9.174896e-08 -2.093099e-06 4.728208e-05 -3.047328e-04 3.507461e-06 -1.025863e-05
10612.219720 -2.483953e-05 -7.793234e-07 -9.222236e-08 -2.089120e-06 4.956283e-05 -3.119955e-04 1.220242e-05 -1.370367e-05
10614.671096 -2.477924e-05 -7.848054e-07 -9.296850e-08 -2.089630e-06 4.760241e-05 -3.121708e-04 1.562172e-05 -4.534110e-06
10617.134663 -2.480804e-05 -7.836244e-07 -9.264986e-08 -2.093462e-06 5.081015e-05 -3.163712e-04 2.253220e-05 4.468736e-06
10619.610423 -2.482210e-05 -7.810970e-07 -9.223503e-08 -2.097116e-06 4.697900e-05 -3.007480e-04 4.407728e-06 2.790690e-06
10622.098374 -2.481747e-05 -7.806378e-07 -9.231044e-08 -2.099901e-06 4.212248e-05 -2.991501e-04 1.686973e-05 -2.324074e-06
10624.598517 -2.481193e-05 -7.792621e-07 -9.226759e-08 -2.100831e-06 4.181663e-05 -2.970334e-04 1.663909e-05 -3.973203e-06
10627.110852 -2.474108e-05 -7.804609e-07 -9.262441e-08 -2.097975e-06 4.359629e-05 -3.058952e-04 9.748889e-06 9.563215e-07
10629.635380 -2.464295e-05 -7.818976e-07 -9.323268e-08 -2.091813e-06 4.138108e-05 -3.035760e-04 1.508449e-05 4.412256e-07
10632.172099 -2.464807e-05 -7.779419e-07 -9.267274e-08 -2.093960e-06 3.491797e-05 -3.230738e-04 6.124785e-06 -6.279073e-06
10634.721009 -2.459944e-05 -7.752984e-07 -9.227629e-08 -2.091190e-06 4.019067e-05 -3.230582e-04 -3.308828e-06 -3.606341e-06
10637.282112 -2.452667e-05 -7.751832e-07 -9.215377e-08 -2.086505e-06 4.188407e-05 -3.103233e-04 1.024042e-05 -4.085016e-07
10639.855407 -2.448117e-05 -7.770232e-07 -9.231203e-08 -2.084190e-06 5.383781e-05 -3.168626e-04 1.619326e-05 1.030258e-06
10642.440894 -2.433672e-05 -7.817356e-07 -9.337213e-08 -2.075338e-06 6.390912e-05 -3.245502e-04 1.615588e-05 8.583619e-07
10645.038572 -2.430014e-05 -7.771919e-07 -9.322816e-08 -2.073043e-06 5.070865e-05 -3.349318e-04 1.358325e-05 2.996453e-06
10647.648443 -2.432397e-05 -7.739712e-07 -9.300765e-08 -2.075388e-06 5.265179e-05 -3.296985e-04 1.732273e-05 4.177728e-06
10650.270505 -2.427524e-05 -7.729665e-07 -9.300474e-08 -2.073717e-06 6.198052e-05 -3.222226e-04 4.266452e-06 -7.206744e-06
10652.904759 -2.417566e-05 -7.733867e-07 -9.326194e-08 -2.065414e-06 6.141647e-05 -3.135719e-04 4.088498e-06 4.084160e-06
10655.551205 -2.408086e-05 -7.751128e-07 -9.376329e-08 -2.058644e-06 5.123219e-05 -3.368222e-04 1.742647e-06 -5.173266e-06
10658.209844 -2.385436e-05 -7.765029e-07 -9.404363e-08 -2.042405e-06 4.901322e-05 -3.453360e-04 9.882014e-06 -5.904732e-07
10660.880674 -2.370181e-05 -7.844059e-07 -9.527635e-08 -2.033607e-06 4.343934e-05 -3.493199e-04 3.026484e-05 6.102902e-06
10663.563696 -2.382673e-05 -7.807256e-07 -9.524180e-08 -2.042947e-06 4.631088e-05 -3.415959e-04 1.393789e-05 1.318452e-06
10666.258909 -2.389453e-05 -7.741837e-07 -9.473521e-08 -2.047720e-06 5.451191e-05 -3.360457e-04 2.265819e-05 -1.804212e-06
10668.966315 -2.385333e-05 -7.721090e-07 -9.482490e-08 -2.044564e-06 6.562506e-05 -3.371305e-04 2.612680e-05 -1.047802e-05
10671.685913 -2.377415e-05 -7.723239e-07 -9.502323e-08 -2.038831e-06 6.626855e-05 -3.279290e-04 2.877248e-05 -1.717719e-05
10674.417702 -2.371978e-05 -7.690891e-07 -9.447997e-08 -2.037621e-06 6.230806e-05 -3.116298e-04 2.201221e-05 -8.573853e-06
10677.161684 -2.359987e-05 -7.715839e-07 -9.509637e-08 -2.029808e-06 5.543447e-05 -3.120158e-04 5.170232e-06 -2.169234e-05
10679.917857 -2.345505e-05 -7.705448e-07 -9.534098e-08 -2.020680e-06 6.298486e-05 -3.114460e-04 -7.559150e-06 -1.365037e-05
10682.686222 -2.344831e-05 -7.657076e-07 -9.494778e-08 -2.019214e-06 7.078121e-05 -3.140591e-04 -4.231779e-06 -1.826967e-05
10685.466780 -2.338947e-05 -7.630468e-07 -9.491663e-08 -2.013046e-06 7.161297e-05 -3.159544e-04 1.125661e-06 -2.636444e-05
10688.259529 -2.329273e-05 -7.605057e-07 -9.458095e-08 -2.006752e-06 5.496259e-05 -3.217494e-04 1.133252e-05 -1.767306e-05
10691.064470 -2.318640e-05 -7.606536e-07 -9.465216e-08 -1.999734e-06 5.239991e-05 -3.215057e-04 -2.966947e-06 -1.934756e-05
10693.881602 -2.319742e-05 -7.620280e-07 -9.479252e-08 -2.002800e-06 5.459127e-05 -3.203226e-04 4.859482e-06 -2.518505e-05
10696.710927 -2.322183e-05 -7.626329e-07 -9.492056e-08 -2.008049e-06 6.415740e-05 -3.408604e-04 7.643918e-06 -6.120263e-06
10699.552444 -2.314782e-05 -7.619718e-07 -9.509386e-08 -2.002570e-06 6.583025e-05 -3.263762e-04 -1.809839e-06 -8.754586e-06
10702.406153 -2.300971e-05 -7.623066e-07 -9.502665e-08 -1.991334e-06 6.591737e-05 -3.388851e-04 1.005384e-05 -1.838497e-05
10705.272053 -2.294740e-05 -7.589932e-07 -9.458175e-08 -1.987788e-06 5.991919e-05 -2.920813e-04 1.107447e-05 -2.482262e-05
10708.150146 -2.292741e-05 -7.600885e-07 -9.437860e-08 -1.987882e-06 5.806467e-05 -2.902096e-04 6.106717e-06 -2.170359e-05
10711.040430 -2.291202e-05 -7.624917e-07 -9.473138e-08 -1.987293e-06 6.222386e-05 -2.990213e-04 1.636760e-06 -1.799106e-05
10713.942906 -2.288185e-05 -7.621145e-07 -9.490989e-08 -1.985325e-06 7.486275e-05 -3.021949e-04 1.632000e-05 -1.472148e-05
10716.857574 -2.279725e-05 -7.621149e-07 -9.538093e-08 -1.979481e-06 8.306434e-05 -3.167035e-04 -4.216524e-06 -7.086187e-06
10719.784435 -2.276822e-05 -7.608604e-07 -9.551569e-08 -1.978043e-06 7.928094e-05 -3.345295e-04 -1.310776e-05 -1.608570e-05
10722.723487 -2.270204e-05 -7.608246e-07 -9.535197e-08 -1.973876e-06 7.565937e-05 -3.383799e-04 -7.640648e-06 -1.140615e-05
10725.674730 -2.260513e-05 -7.608601e-07 -9.539886e-08 -1.967103e-06 7.242680e-05 -3.187966e-04 7.147688e-06 -1.132488e-05
10728.638166 -2.251890e-05 -7.574747e-07 -9.515140e-08 -1.960491e-06 6.599071e-05 -3.094232e-04 7.031018e-06 -1.458562e-05
10731.613794 -2.243793e-05 -7.561149e-07 -9.507454e-08 -1.955281e-06 6.342841e-05 -3.299855e-04 1.058389e-05 -1.468906e-05
10734.601614 -2.240909e-05 -7.579944e-07 -9.537883e-08 -1.954970e-06 7.091170e-05 -3.020368e-04 1.083450e-05 -7.217422e-06
10737.601625 -2.234170e-05 -7.551728e-07 -9.492998e-08 -1.949601e-06 6.802547e-05 -2.934972e-04 5.829644e-06 -1.494034e-05
10740.613829 -2.227017e-05 -7.550018e-07 -9.504078e-08 -1.944836e-06 6.651059e-05 -2.793415e-04 1.703069e-05 -2.130130e-05
10743.638224 -2.217677e-05 -7.521805e-07 -9.467147e-08 -1.938036e-06 6.711107e-05 -2.798728e-04 2.272637e-05 -1.374516e-05
10746.674811 -2.207209e-05 -7.523090e-07 -9.482806e-08 -1.930393e-06 6.959747e-05 -2.826218e-04 9.472468e-06 -1.519052e-05
10749.723590 -2.192764e-05 -7.546181e-07 -9.543989e-08 -1.920703e-06 5.609406e-05 -2.996434e-04 6.232660e-06 -1.215476e-05
10752.784561 -2.189260e-05 -7.488964e-07 -9.491390e-08 -1.918285e-06 6.711500e-05 -2.897689e-04 1.501731e-05 -5.242748e-06
10755.857724 -2.174842e-05 -7.434566e-07 -9.445449e-08 -1.905352e-06 6.758890e-05 -2.658593e-04 1.336426e-05 -8.313465e-06
10758.943079 -2.171375e-05 -7.429104e-07 -9.428779e-08 -1.904843e-06 6.551807e-05 -2.798201e-04 1.205987e-05 -1.885376e-05
10762.040626 -2.166497e-05 -7.418549e-07 -9.401896e-08 -1.902054e-06 5.790842e-05 -2.710059e-04 1.026054e-05 -1.693735e-05
10765.150365 -2.151149e-05 -7.455146e-07 -9.469053e-08 -1.890694e-06 5.606792e-05 -2.463027e-04 1.102601e-05 -2.108271e-05
10768.272295 -2.145237e-05 -7.432048e-07 -9.451389e-08 -1.886021e-06 5.993009e-05 -2.641314e-04 1.053833e-05 -3.469264e-05
10771.406418 -2.139648e-05 -7.394215e-07 -9.406556e-08 -1.882111e-06 5.246389e-05 -2.582495e-04 1.394679e-05 -3.376164e-05
10774.552732 -2.129363e-05 -7.383055e-07 -9.369671e-08 -1.875046e-06 5.123294e-05 -2.739166e-04 2.146562e-05 -2.371063e-05
10777.711239 -2.117198e-05 -7.390560e-07 -9.406085e-08 -1.866939e-06 5.297375e-05 -2.599786e-04 1.729282e-05 -2.858249e-05
10780.881937 -2.110272e-05 -7.361722e-07 -9.444994e-08 -1.861190e-06 5.614756e-05 -2.652470e-04 1.276399e-05 -1.578531e-05
10784.064827 -2.105942e-05 -7.320628e-07 -9.460634e-08 -1.858625e-06 5.923550e-05 -2.673481e-04 1.712499e-05 -1.917090e-05
10787.259909 -2.098691e-05 -7.299672e-07 -9.469792e-08 -1.854282e-06 5.269648e-05 -2.731313e-04 9.857258e-06 -3.018471e-05
10790.467183 -2.087831e-05 -7.281563e-07 -9.477405e-08 -1.845967e-06 5.570162e-05 -2.612527e-04 7.961454e-06 -3.327904e-05
10793.686649 -2.076879e-05 -7.278669e-07 -9.525311e-08 -1.836922e-06 5.972580e-05 -2.574937e-04 1.094588e-05 -2.489350e-05
10796.918307 -2.065986e-05 -7.247161e-07 -9.535557e-08 -1.827718e-06 5.644867e-05 -2.358913e-04 1.841883e-05 -2.443748e-05
10800.162157 -2.055679e-05 -7.220520e-07 -9.520916e-08 -1.820109e-06 5.878809e-05 -2.254486e-04 4.647458e-06 -2.662769e-05
10803.418198 -2.044308e-05 -7.188153e-07 -9.515178e-08 -1.811922e-06 5.357411e-05 -2.395052e-04 1.890641e-05 -2.113377e-05
10806.686432 -2.026995e-05 -7.160521e-07 -9.486525e-08 -1.796299e-06 5.481911e-05 -2.384759e-04 9.910342e-06 -2.230024e-05
10809.966857 -2.022513e-05 -7.164738e-07 -9.488637e-08 -1.794019e-06 4.868899e-05 -2.338349e-04 7.210289e-06 -1.863059e-05
10813.259474 -2.013048e-05 -7.188993e-07 -9.526069e-08 -1.788176e-06 4.848822e-05 -2.543297e-04 1.250598e-05 -8.387794e-06
10816.564284 -2.000693e-05 -7.170788e-07 -9.533399e-08 -1.777701e-06 5.873691e-05 -2.758876e-04 7.348304e-06 -1.141613e-05
10819.881285 -1.994567e-05 -7.166112e-07 -9.524053e-08 -1.774998e-06 6.121168e-05 -2.636693e-04 1.172342e-05 -2.634748e-05
10823.210478 -1.988994e-05 -7.130770e-07 -9.430346e-08 -1.770249e-06 6.047867e-05 -2.393214e-04 1.804637e-05 -3.083989e-05
10826.551863 -1.978592e-05 -7.105918e-07 -9.373236e-08 -1.761024e-06 6.265240e-05 -2.007520e-04 2.827151e-05 -2.422053e-05
10829.905440 -1.965478e-05 -7.096997e-07 -9.350170e-08 -1.750756e-06 5.819176e-05 -2.481294e-04 1.838788e-05 -1.659612e-05
10833.271209 -1.957930e-05 -7.085971e-07 -9.325886e-08 -1.745605e-06 5.292636e-05 -2.539825e-04 1.868531e-05 -1.376101e-05
10836.649169 -1.949942e-05 -7.065367e-07 -9.282642e-08 -1.740494e-06 6.003136e-05 -2.503933e-04 2.322505e-05 -1.361492e-05
10840.039322 -1.938631e-05 -7.050305e-07 -9.265996e-08 -1.731931e-06 5.784145e-05 -2.589745e-04 2.778747e-05 -9.088505e-06
10843.441666 -1.928573e-05 -7.030803e-07 -9.223748e-08 -1.723234e-06 5.385967e-05 -2.612628e-04 1.503095e-05 -1.615041e-05
10846.856203 -1.914438e-05 -7.026395e-07 -9.209695e-08 -1.711753e-06 4.713503e-05 -2.350467e-04 2.048825e-05 -1.339112e-05
10850.282931 -1.902793e-05 -7.001560e-07 -9.206793e-08 -1.702157e-06 4.867072e-05 -2.545959e-04 1.714766e-05 -9.710392e-06
10853.721851 -1.889145e-05 -6.963372e-07 -9.222180e-08 -1.690674e-06 6.109831e-05 -2.241309e-04 1.810577e-05 -6.373906e-06
10857.172964 -1.878644e-05 -6.964104e-07 -9.279511e-08 -1.682806e-06 6.887577e-05 -2.233594e-04 9.106929e-06 -5.359456e-06
10860.636268 -1.864294e-05 -6.931012e-07 -9.274251e-08 -1.671411e-06 6.245537e-05 -2.375779e-04 7.267681e-06 -7.568376e-07
10864.111764 -1.856832e-05 -6.908425e-07 -9.265361e-08 -1.665820e-06 6.594051e-05 -2.495515e-04 -1.843338e-07 -6.722154e-06
10867.599451 -1.844860e-05 -6.868201e-07 -9.209254e-08 -1.656455e-06 6.321776e-05 -2.253287e-04 4.993817e-06 -5.650833e-06
10871.099331 -1.827915e-05 -6.874636e-07 -9.212378e-08 -1.642711e-06 5.997295e-05 -2.269277e-04 2.580021e-06 -8.966967e-07
10874.611403 -1.815707e-05 -6.841291e-07 -9.165023e-08 -1.631967e-06 5.181896e-05 -2.174105e-04 1.142448e-05 -4.950537e-06
10878.135666 -1.806645e-05 -6.804876e-07 -9.133296e-08 -1.624140e-06 5.281705e-05 -2.109103e-04 9.525797e-06 -9.003420e-06
10881.672122 -1.796145e-05 -6.811514e-07 -9.165635e-08 -1.615674e-06 5.584057e-05 -2.148401e-04 1.591524e-06 -9.328015e-06
10885.220769 -1.785492e-05 -6.789143e-07 -9.132225e-08 -1.607107e-06 4.678762e-05 -2.278451e-04 -4.423036e-06 -1.012675e-05
10888.781609 -1.774943e-05 -6.752407e-07 -9.102872e-08 -1.598843e-06 4.658597e-05 -2.359905e-04 -4.610853e-06 -7.299594e-06
10892.354640 -1.757562e-05 -6.750026e-07 -9.115557e-08 -1.584516e-06 5.060085e-05 -2.123086e-04 -4.564940e-06 -1.342577e-05
10895.939863 -1.742082e-05 -6.712767e-07 -9.092728e-08 -1.571665e-06 4.959952e-05 -2.033007e-04 5.569261e-06 -4.785958e-06
10899.537278 -1.728614e-05 -6.672798e-07 -9.070232e-08 -1.560795e-06 5.679073e-05 -1.968425e-04 1.625412e-05 1.128502e-05
10903.146885 -1.716313e-05 -6.626279e-07 -9.059923e-08 -1.550342e-06 5.803639e-05 -2.260375e-04 1.293107e-05 1.072532e-05
10906.768684 -1.709576e-05 -6.589014e-07 -9.067225e-08 -1.545186e-06 6.143805e-05 -2.408708e-04 6.877799e-06 3.914729e-06
10910.402675 -1.697011e-05 -6.570909e-07 -9.095072e-08 -1.534919e-06 6.496908e-05 -2.502545e-04 1.581735e-06 -9.785305e-07
10914.048857 -1.685167e-05 -6.531136e-07 -9.072597e-08 -1.526066e-06 6.207666e-05 -2.652989e-04 2.352864e-06 8.209676e-06
10917.707232 -1.671847e-05 -6.517203e-07 -9.062245e-08 -1.515331e-06 5.571961e-05 -2.459915e-04 -3.635868e-06 2.182258e-06
10921.377799 -1.660331e-05 -6.483928e-07 -9.037504e-08 -1.505596e-06 5.706299e-05 -2.617833e-04 2.967240e-06 4.461494e-06
10925.060557 -1.645665e-05 -6.467328e-07 -9.062689e-08 -1.493275e-06 5.684627e-05 -2.771910e-04 3.093789e-06 4.114497e-06
10928.755507 -1.632804e-05 -6.434834e-07 -9.045035e-08 -1.483333e-06 6.191330e-05 -2.537767e-04 6.176168e-06 4.440517e-06
10932.462650 -1.618084e-05 -6.415889e-07 -9.027819e-08 -1.471715e-06 6.043061e-05 -2.108930e-04 6.449998e-06 2.819024e-06
10936.181984 -1.604022e-05 -6.370444e-07 -8.949541e-08 -1.459710e-06 5.587606e-05 -2.424916e-04 -2.766089e-06 -3.481313e-06
10939.913510 -1.591636e-05 -6.336336e-07 -8.864928e-08 -1.449205e-06 5.425352e-05 -2.769565e-04 -3.210005e-07 1.856134e-06
10943.657228 -1.578351e-05 -6.313695e-07 -8.833320e-08 -1.438355e-06 5.119844e-05 -2.880691e-04 6.815763e-06 -9.091660e-06
10947.413138 -1.563969e-05 -6.280302e-07 -8.818135e-08 -1.426467e-06 4.892789e-05 -2.852064e-04 1.053441e-05 -1.631708e-05
10951.181239 -1.550430e-05 -6.218865e-07 -8.746656e-08 -1.414410e-06 5.145661e-05 -2.945013e-04 -1.816923e-06 -1.649185e-05
10954.961533 -1.539424e-05 -6.196859e-07 -8.717297e-08 -1.405121e-06 5.810966e-05 -2.802604e-04 1.759900e-06 -1.171340e-05
10958.754019 -1.528937e-05 -6.162066e-07 -8.654782e-08 -1.396145e-06 5.926860e-05 -2.570653e-04 -2.497097e-06 -5.631340e-06
10962.558696 -1.513503e-05 -6.127223e-07 -8.593561e-08 -1.383520e-06 6.077979e-05 -2.530396e-04 -1.597434e-05 -9.695900e-07
10966.375565 -1.503264e-05 -6.116039e-07 -8.561455e-08 -1.375586e-06 5.906013e-05 -2.217194e-04 -7.159041e-06 -6.970494e-06
10970.204627 -1.486775e-05 -6.115088e-07 -8.562900e-08 -1.362500e-06 6.193800e-05 -2.272748e-04 -6.795806e-06 -7.412423e-06
10974.045880 -1.476931e-05 -6.067139e-07 -8.487912e-08 -1.354634e-06 6.291201e-05 -2.218743e-04 -7.837653e-06 -4.701114e-06
10977.899325 -1.467851e-05 -6.013450e-07 -8.382500e-08 -1.346469e-06 5.676244e-05 -2.186661e-04 -6.562334e-06 -7.210347e-06
10981.764962 -1.451054e-05 -5.990958e-07 -8.337121e-08 -1.332540e-06 5.409694e-05 -2.445205e-04 -1.354575e-05 -6.883445e-06
10985.642791 -1.436654e-05 -5.954843e-07 -8.334337e-08 -1.320150e-06 6.101932e-05 -2.634450e-04 -4.742667e-06 8.088000e-06
10989.532812 -1.428181e-05 -5.912185e-07 -8.311241e-08 -1.313276e-06 6.885086e-05 -2.705766e-04 -7.531430e-06 1.300312e-05
10993.435025 -1.416412e-05 -5.887287e-07 -8.301274e-08 -1.303311e-06 6.178232e-05 -2.292564e-04 -9.989911e-06 7.200648e-06
10997.349429 -1.403998e-05 -5.856755e-07 -8.292029e-08 -1.293473e-06 5.110056e-05 -2.239940e-04 2.560725e-07 2.484528e-06
11001.276026 -1.392917e-05 -5.824928e-07 -8.292983e-08 -1.283986e-06 5.017341e-05 -2.446376e-04 -2.232263e-06 -4.728243e-06
11005.214814 -1.379789e-05 -5.800345e-07 -8.299088e-08 -1.273035e-06 5.287587e-05 -2.484149e-04 -7.422943e-06 -3.773414e-07
11009.165795 -1.367312e-05 -5.764359e-07 -8.248948e-08 -1.263072e-06 4.508342e-05 -2.445120e-04 -1.086975e-05 -6.806592e-06
11013.128967 -1.353798e-05 -5.723354e-07 -8.199394e-08 -1.251261e-06 4.006120e-05 -2.547470e-04 -1.229243e-05 -4.237519e-06
11017.104331 -1.339484e-05 -5.695727e-07 -8.206053e-08 -1.239367e-06 4.540070e-05 -2.327515e-04 -2.877124e-06 6.817240e-06
11021.091888 -1.327758e-05 -5.675132e-07 -8.188734e-08 -1.229895e-06 4.767933e-05 -2.262676e-04 -4.096013e-06 8.493437e-07
11025.091636 -1.318378e-05 -5.642415e-07 -8.145524e-08 -1.221685e-06 3.621402e-05 -2.074809e-04 -4.088774e-06 -4.885219e-06
11029.103575 -1.306408e-05 -5.624600e-07 -8.179909e-08 -1.212075e-06 3.667290e-05 -2.302757e-04 -8.073572e-06 -1.075989e-06
11033.127707 -1.294356e-05 -5.595052e-07 -8.188803e-08 -1.202366e-06 3.369046e-05 -2.257340e-04 -9.118779e-06 -2.320297e-07
11037.164031 -1.281108e-05 -5.565254e-07 -8.163791e-08 -1.191769e-06 4.222437e-05 -2.539961e-04 -3.198839e-06 4.248198e-06
11041.212547 -1.268383e-05 -5.537498e-07 -8.142493e-08 -1.181302e-06 4.297222e-05 -2.556967e-04 -8.034985e-06 9.234954e-06
11045.273254 -1.259947e-05 -5.507148e-07 -8.121242e-08 -1.174639e-06 3.656367e-05 -2.771472e-04 -9.170245e-06 1.262382e-05
11049.346154 -1.249222e-05 -5.476664e-07 -8.098332e-08 -1.166007e-06 3.997750e-05 -2.606949e-04 3.931521e-06 1.122023e-05
11053.431245 -1.238979e-05 -5.445107e-07 -8.051990e-08 -1.157707e-06 3.492546e-05 -2.614160e-04 6.812092e-06 1.009111e-05
11057.528529 -1.227096e-05 -5.411929e-07 -8.032256e-08 -1.148051e-06 3.090423e-05 -2.898735e-04 5.112950e-06 3.307977e-07
11061.638004 -1.213874e-05 -5.375007e-07 -8.018272e-08 -1.136795e-06 4.059156e-05 -2.747888e-04 2.475967e-06 -5.282073e-07
11065.759671 -1.202999e-05 -5.345214e-07 -7.943170e-08 -1.127659e-06 4.562732e-05 -2.632808e-04 1.073931e-05 1.271573e-05
11069.893530 -1.192082e-05 -5.315856e-07 -7.903609e-08 -1.118186e-06 4.139358e-05 -2.493586e-04 6.059640e-06 2.346895e-05
11074.039581 -1.181170e-05 -5.281753e-07 -7.888448e-08 -1.109046e-06 4.641389e-05 -2.456376e-04 5.677642e-06 1.975597e-05
11078.197824 -1.170389e-05 -5.255329e-07 -7.804608e-08 -1.100352e-06 3.946857e-05 -2.402824e-04 7.524659e-06 3.002434e-06
11082.368258 -1.159163e-05 -5.221530e-07 -7.752662e-08 -1.090720e-06 4.880314e-05 -2.489684e-04 6.043555e-06 1.119520e-05
11086.550885 -1.148044e-05 -5.187796e-07 -7.702690e-08 -1.081779e-06 5.649144e-05 -2.715589e-04 4.047997e-06 5.750199e-06
11090.745704 -1.135930e-05 -5.158033e-07 -7.622550e-08 -1.071655e-06 4.598080e-05 -2.990939e-04 3.487754e-06 9.768138e-06
11094.952714 -1.125775e-05 -5.133036e-07 -7.604133e-08 -1.063478e-06 4.011279e-05 -2.831718e-04 1.296110e-05 1.083240e-05
11099.171916 -1.116288e-05 -5.100901e-07 -7.576037e-08 -1.055953e-06 5.083109e-05 -2.935261e-04 9.497047e-06 1.568768e-05
11103.403311 -1.104429e-05 -5.069025e-07 -7.539969e-08 -1.045908e-06 5.645945e-05 -2.866063e-04 2.166295e-05 3.998071e-05
11107.646897 -1.093626e-05 -5.040426e-07 -7.513771e-08 -1.037620e-06 5.800102e-05 -2.892683e-04 1.314714e-05 3.406168e-05
11111.902675 -1.083803e-05 -5.013439e-07 -7.507637e-08 -1.029308e-06 4.796610e-05 -3.061544e-04 9.790399e-06 1.809398e-06
11116.170645 -1.073648e-05 -4.981759e-07 -7.473587e-08 -1.021249e-06 5.281499e-05 -3.155358e-04 1.784876e-06 -1.447994e-06
11120.450807 -1.058451e-05 -4.936315e-07 -7.406442e-08 -1.008203e-06 4.840182e-05 -3.024162e-04 1.575893e-05 6.414369e-06
11124.743161 -1.049808e-05 -4.911410e-07 -7.413264e-08 -1.000904e-06 5.007872e-05 -3.222130e-04 1.709927e-05 1.099203e-05
11129.047707 -1.042130e-05 -4.888952e-07 -7.394374e-08 -9.950207e-07 5.747220e-05 -3.044425e-04 9.433242e-06 2.263229e-06
11133.364444 -1.030220e-05 -4.850916e-07 -7.361021e-08 -9.850205e-07 5.387744e-05 -3.025763e-04 4.493465e-06 1.586064e-07
11137.693374 -1.019382e-05 -4.814670e-07 -7.348567e-08 -9.755662e-07 5.877813e-05 -3.130335e-04 1.460561e-05 -2.601346e-07
11142.034495 -1.010880e-05 -4.784263e-07 -7.322187e-08 -9.689410e-07 3.742284e-05 -3.153497e-04 1.020779e-05 -4.238934e-06
11146.387809 -9.998509e-06 -4.746352e-07 -7.240741e-08 -9.596716e-07 3.847474e-05 -2.870564e-04 5.486653e-07 7.470163e-06
11150.753314 -9.882771e-06 -4.708008e-07 -7.214223e-08 -9.501809e-07 3.914353e-05 -2.774487e-04 1.328791e-06 6.063547e-06
11155.131011 -9.741816e-06 -4.650193e-07 -7.119369e-08 -9.391262e-07 4.133867e-05 -2.869156e-04 -7.090878e-06 9.659111e-06
11159.520900 -9.556185e-06 -4.560790e-07 -6.983901e-08 -9.235908e-07 4.499110e-05 -2.963983e-04 -3.344810e-06 8.547282e-06
11163.922981 -9.465664e-06 -4.550314e-07 -7.013008e-08 -9.122960e-07 5.177826e-05 -2.796733e-04 -5.149984e-06 5.991377e-07
11168.337254 -9.407682e-06 -4.523887e-07 -7.009637e-08 -9.107969e-07 5.267325e-05 -2.754780e-04 -7.306009e-06 5.778425e-06
11172.763719 -9.402184e-06 -4.528127e-07 -7.020292e-08 -9.114790e-07 5.050066e-05 -2.608221e-04 -5.338570e-06 6.347350e-06
11177.202376 -9.324720e-06 -4.502740e-07 -7.024166e-08 -9.048964e-07 5.212519e-05 -2.586823e-04 9.892074e-06 8.692079e-06
11181.653224 -9.223714e-06 -4.466471e-07 -6.953922e-08 -8.966257e-07 5.201481e-05 -2.786817e-04 1.258740e-05 5.920730e-07
11186.116265 -9.126025e-06 -4.434427e-07 -6.934315e-08 -8.887373e-07 4.720250e-05 -2.677643e-04 1.144447e-05 5.123144e-06
11190.591497 -9.027485e-06 -4.403884e-07 -6.935189e-08 -8.807535e-07 4.723300e-05 -2.694774e-04 2.035166e-06 5.908506e-06
11195.078922 -8.926508e-06 -4.370695e-07 -6.886508e-08 -8.728141e-07 3.564391e-05 -2.793823e-04 3.899548e-06 7.294492e-06
11199.578538 -8.790647e-06 -4.319231e-07 -6.817801e-08 -8.611462e-07 3.887545e-05 -2.820815e-04 6.742850e-06 7.488472e-06
11204.090346 -8.721067e-06 -4.291605e-07 -6.795634e-08 -8.553765e-07 4.453242e-05 -2.888307e-04 1.434936e-05 -2.159340e-06
11208.614346 -8.629079e-06 -4.258315e-07 -6.723883e-08 -8.476492e-07 4.519223e-05 -2.919193e-04 2.040835e-05 -1.672796e-06
11213.150538 -8.566937e-06 -4.238428e-07 -6.696091e-08 -8.428379e-07 4.685577e-05 -2.764780e-04 1.947628e-05 3.430989e-06
11217.698922 -8.470006e-06 -4.201153e-07 -6.647128e-08 -8.342091e-07 3.999270e-05 -2.871231e-04 1.687406e-05 7.680327e-06
11222.259498 -8.373360e-06 -4.161844e-07 -6.576067e-08 -8.255386e-07 4.563369e-05 -2.695841e-04 1.263488e-05 7.208528e-06
11226.832266 -8.287416e-06 -4.131525e-07 -6.545234e-08 -8.182846e-07 3.250135e-05 -2.958528e-04 1.486408e-05 8.100817e-06
11231.417226 -8.194359e-06 -4.094110e-07 -6.489364e-08 -8.102984e-07 3.613312e-05 -2.902889e-04 1.540483e-05 6.389037e-06
11236.014377 -8.117680e-06 -4.065619e-07 -6.441434e-08 -8.042215e-07 3.683946e-05 -3.050874e-04 1.181491e-05 -1.440297e-06
11240.623721 -8.020748e-06 -4.027053e-07 -6.346801e-08 -7.957607e-07 3.563998e-05 -2.995032e-04 1.179741e-05 1.198288e-05
11245.245256 -7.932149e-06 -3.993486e-07 -6.320585e-08 -7.881896e-07 4.272807e-05 -3.047404e-04 8.097063e-06 3.266405e-05
11249.878983 -7.857443e-06 -3.964267e-07 -6.291330e-08 -7.819756e-07 4.992107e-05 -2.984546e-04 1.778240e-05 3.505014e-05
11254.524902 -7.773384e-06 -3.929583e-07 -6.265383e-08 -7.749407e-07 5.049737e-05 -3.129937e-04 1.544550e-05 3.951466e-05
11259.183013 -7.674995e-06 -3.890854e-07 -6.198931e-08 -7.663331e-07 5.040300e-05 -3.112844e-04 9.106216e-06 3.005853e-05
11263.853316 -7.588382e-06 -3.859982e-07 -6.162955e-08 -7.588108e-07 5.353196e-05 -3.063615e-04 1.069339e-05 3.381153e-05
11268.535811 -7.506641e-06 -3.828103e-07 -6.144243e-08 -7.521244e-07 6.004807e-05 -2.932866e-04 7.976857e-06 2.871581e-05
11273.230498 -7.417434e-06 -3.791372e-07 -6.123337e-08 -7.444763e-07 5.960011e-05 -3.015202e-04 -6.495745e-06 1.352178e-05
11277.937377 -7.325659e-06 -3.755534e-07 -6.075417e-08 -7.368269e-07 5.917578e-05 -3.050386e-04 -4.653832e-06 3.720971e-07
11282.656448 -7.258246e-06 -3.736803e-07 -6.057136e-08 -7.316706e-07 6.057129e-05 -2.949016e-04 6.422200e-06 -5.422914e-07
11287.387710 -7.162118e-06 -3.699535e-07 -6.024262e-08 -7.232539e-07 5.948714e-05 -3.020969e-04 -2.595458e-07 4.880035e-06
11292.131165 -7.088001e-06 -3.673237e-07 -6.004742e-08 -7.171763e-07 4.893304e-05 -3.012637e-04 6.878815e-06 3.840575e-06
11296.886811 -7.030550e-06 -3.655166e-07 -5.971790e-08 -7.123052e-07 4.843653e-05 -2.842882e-04 5.861704e-06 -5.765438e-06
11301.654649 -6.939887e-06 -3.614119e-07 -5.914074e-08 -7.045260e-07 4.954071e-05 -2.928512e-04 4.107610e-06 -4.955706e-06
11306.434679 -6.844652e-06 -3.568223e-07 -5.850138e-08 -6.961977e-07 5.289397e-05 -2.891880e-04 1.136887e-05 1.099139e-06
11311.226901 -6.740611e-06 -3.517059e-07 -5.757799e-08 -6.871251e-07 4.773997e-05 -3.040248e-04 1.061379e-05 -5.453492e-06
11316.031315 -6.684314e-06 -3.484105e-07 -5.716748e-08 -6.839012e-07 5.078082e-05 -2.895699e-04 2.786487e-06 3.813598e-06
11320.847921 -6.641502e-06 -3.471818e-07 -5.707141e-08 -6.799863e-07 5.686018e-05 -2.719421e-04 -2.200093e-06 1.636544e-05
11325.676719 -6.567709e-06 -3.443210e-07 -5.679548e-08 -6.740028e-07 5.998781e-05 -2.511506e-04 5.447726e-06 1.641775e-05
11330.517709 -6.473324e-06 -3.404653e-07 -5.630327e-08 -6.659715e-07 5.598215e-05 -2.463807e-04 1.065442e-06 3.168975e-06
11335.370891 -6.365578e-06 -3.357712e-07 -5.559765e-08 -6.570000e-07 4.937377e-05 -2.427556e-04 -1.799451e-06 -4.473673e-06
11340.236264 -6.350965e-06 -3.352212e-07 -5.561609e-08 -6.560937e-07 4.881009e-05 -2.764458e-04 6.107821e-06 1.753243e-06
