# Facility.name: NSLS-II
# Facility.mode: Beam available
# Facility.current: 400.2462740430192
# Facility.current: 3 GeV
# Facility.year: 2023
# Facility.cycle: 2
# Facility.GUP: 312970
# Facility.SAF: 311402
# Experimenter.name: Esteban Fornero
# Beamline.name: ISS (8-ID)
# Beamline.x-ray_source: damping wiggler
# Beamline.collimation_mirror1.material: Si
# Beamline.collimation_mirror2.material: Pt
# Beamline.collimation_mirror2.bender_loading: -349.0
# Beamline.focusing: toroidal mirror
# Beamline.focusing.material: Pt
# Beamline.focusing.bender_loading: -418.0
# Beamline.harmonic_rejection: Si
# Mono.scan_mode: Si(111)
# Mono.d_spacing: 3.1354951
# Mono.scan_mode: pseudo-channel cut
# Mono.scan_type: fly_scan
# Mono.trajectory_name: f950a534-6fd5.txt
# Mono.direction: None
# Mono.angle_offset: 0.69366577
# Mono.angle_offset: 39.744 deg
# Mono.encoder_resolution: 48.0 nrad
# Detector.I0: ion chamber
# Detector.I1: ion chamber
# Detector.I2: ion chamber
# Detector.IF: PIPS
# Detector.I0.length: 15 cm
# Detector.I1.length: 28 cm
# Detector.I2.length: 15 cm
# Detector.IF.thickness: 300 um
# Detector.I0.gas.N2: 38.0%
# Detector.I1.gas.N2: 38.0%
# Detector.I2.gas.N2: 38.0%
# Detector.I0.gas.He: 62.0%
# Detector.I1.gas.He: 62.0%
# Detector.I2.gas.He: 62.0%
# Detector.I0.voltage: -1649.991089
# Detector.I1.voltage: -1649.998657
# Detector.I2.voltage: -1649.999146
# Detector.I0.gain: 4
# Detector.I1.gain: 6
# Detector.I2.gain: 6
# Detector.IF.gain: 6
# Detector.aux: {}
# Element.symbol: Cu
# Element.edge: K
# Element.line: None
# Scan.transient_id: 371172
# Scan.uid: 2a5b0973-3c33-4b19-96be-6f0d95cbba96
# Scan.edge_energy: 8979.0
# Scan.start_time: 06/23/2023  08:14:46.554460
# Scan.end_time: 06/23/2023  08:15:19.501653
# Scan.name: Cu2O+Ga2O3-2nd PP+O2-ramp (pos 001) Cu-K 0001
# Scan.comment: 
# Sample.name: Cu2O+Ga2O3-2nd
# Sample.comment: 
# Sample.position.x: -66.442995014
# Sample.position.y: 31.099036574
# Sample.position.z: -10.184937499999995
# Sample.position.theta: 845.5790000000001
# SampleHeater.temperature1.setpoint: 300.0
# SampleHeater.temperature1.readback: 1372.0
# SampleHeater.current.setpoint: 0.0
# SampleHeater.current.readback: 0.0
# SampleHeater.temperature2.setpoint: 230.29747221867243
# SampleHeater.temperature2.readback: 229.4
# SampleHeater.voltage.setpoint: 0.6096637937221189
# SampleHeater.voltage.readback: 0.602
# SampleHeater.PID.P: 0.025
# SampleHeater.PID.I: 0.07
# SampleHeater.PID.D: 0.0
# SampleGasCart.MFC.CH4.setpoint: 3.0
# SampleGasCart.MFC.CH4.readback: 2.998
# SampleGasCart.MFC.CO.setpoint: 0.0
# SampleGasCart.MFC.CO.readback: 0.0
# SampleGasCart.MFC.H2.setpoint: 0.0
# SampleGasCart.MFC.H2.readback: 0.0
# SampleGasCart.MFC.exhaust.setpoint: 100.0
# SampleGasCart.MFC.exhaust.readback: 12.040000000000001
# SampleGasHandlingSystem.gas_a.name: None
# SampleGasHandlingSystem.gas_b.name: None
# SampleGasHandlingSystem.gas_c.name: None
# SampleGasHandlingSystem.gas_d.name: None
# SampleGasHandlingSystem.gas_e.name: He
# SampleGasHandlingSystem.MFC1.setpoint: 7.0
# SampleGasHandlingSystem.MFC1.readback: 6.998697757720947
# SampleGasHandlingSystem.MFC2.setpoint: 0.0
# SampleGasHandlingSystem.MFC2.readback: -0.0813802108168602
# SampleGasHandlingSystem.MFC3.setpoint: 0.0
# SampleGasHandlingSystem.MFC3.readback: 0.0244140625
# SampleGasHandlingSystem.MFC4.setpoint: 0.0
# SampleGasHandlingSystem.MFC4.readback: -0.0813802108168602
# SampleGasHandlingSystem.MFC5.setpoint: 0.0
# SampleGasHandlingSystem.MFC5.readback: -0.01220703125
# SampleGasHandlingSystem.MFC6.setpoint: 1.5
# SampleGasHandlingSystem.MFC6.readback: 1.50146484375
# SampleGasHandlingSystem.MFC7.setpoint: 0.0
# SampleGasHandlingSystem.MFC7.readback: -0.0406901054084301
# SampleGasHandlingSystem.MFC8.setpoint: 0.0
# SampleGasHandlingSystem.MFC8.readback: -0.0813802108168602
# SampleGasHandlingSystem.MFC9.setpoint: 0.0
# SampleGasHandlingSystem.MFC9.readback: -0.0895182266831398
# SampleGasHandlingSystem.MFC10.setpoint: 0.0
# SampleGasHandlingSystem.MFC10.readback: 0.01220703125
# SampleGasHandlingSystem.MFC11.setpoint: 0.0
# SampleGasHandlingSystem.MFC11.readback: -0.0528971366584301
# SampleGasHandlingSystem.MFC12.setpoint: 0.0
# SampleGasHandlingSystem.MFC12.readback: -0.01220703125
# SampleGasHandlingSystem.MFC13.setpoint: 0.0
# SampleGasHandlingSystem.MFC13.readback: -0.01220703125
# SampleGasHandlingSystem.MFC14.setpoint: 0.0
# SampleGasHandlingSystem.MFC14.readback: -0.0244140625
# SampleGasHandlingSystem.MFC15.setpoint: 0.0
# SampleGasHandlingSystem.MFC15.readback: -0.0732421875
# SampleGasHandlingSystem.MFC16.setpoint: 0.0
# SampleGasHandlingSystem.MFC16.readback: -0.02848307229578495
# SampleGasHandlingSystem.RGA.ch1.mass: 2
# SampleGasHandlingSystem.RGA.ch1.readback: 1.07594e-06
# SampleGasHandlingSystem.RGA.ch2.mass: 4
# SampleGasHandlingSystem.RGA.ch2.readback: 0.0
# SampleGasHandlingSystem.RGA.ch3.mass: 5
# SampleGasHandlingSystem.RGA.ch3.readback: 7.81276e-12
# SampleGasHandlingSystem.RGA.ch4.mass: 5
# SampleGasHandlingSystem.RGA.ch4.readback: 4.78717e-10
# SampleGasHandlingSystem.RGA.ch5.mass: 18
# SampleGasHandlingSystem.RGA.ch5.readback: 2.18695e-09
# SampleGasHandlingSystem.RGA.ch6.mass: 28
# SampleGasHandlingSystem.RGA.ch6.readback: 1.4534e-08
# SampleGasHandlingSystem.RGA.ch7.mass: 32
# SampleGasHandlingSystem.RGA.ch7.readback: 3.07315e-09
# SampleGasHandlingSystem.RGA.ch8.mass: 41
# SampleGasHandlingSystem.RGA.ch8.readback: 1.11477e-11
# SampleGasHandlingSystem.RGA.ch9.mass: 44
# SampleGasHandlingSystem.RGA.ch9.readback: 2.07863e-10
# energy  i0  it  ir  iff  aux1  aux2  aux3  aux4
 8779.000000 -3.435567e-05 -4.221957e-07 -2.797340e-07 -3.133271e-07 -1.400906e-06 -4.089294e-04 -3.185917e-05 6.037027e-05
 8784.000000 -3.441336e-05 -4.213655e-07 -2.793240e-07 -3.145577e-07 -7.651720e-06 -3.918105e-04 -2.896966e-05 5.675722e-05
 8789.000000 -3.434695e-05 -4.200737e-07 -2.785372e-07 -3.148506e-07 -9.362358e-06 -4.139150e-04 -2.755028e-05 5.879609e-05
 8794.000000 -3.417819e-05 -4.188395e-07 -2.778479e-07 -3.141214e-07 -4.194846e-06 -4.212388e-04 -2.520580e-05 6.277046e-05
 8799.000000 -3.383348e-05 -4.140264e-07 -2.748985e-07 -3.118565e-07 -9.687881e-07 -4.034329e-04 -3.142697e-05 5.899329e-05
 8804.000000 -3.414175e-05 -4.182927e-07 -2.779222e-07 -3.151472e-07 -1.023340e-05 -4.125387e-04 -3.035313e-05 6.355151e-05
 8809.000000 -3.407137e-05 -4.187387e-07 -2.784591e-07 -3.151650e-07 -1.881362e-05 -4.053853e-04 -3.297623e-05 5.738219e-05
 8814.000000 -3.386480e-05 -4.178025e-07 -2.779874e-07 -3.135782e-07 -1.050989e-05 -4.074324e-04 -3.334421e-05 4.664315e-05
 8819.000000 -3.388336e-05 -4.188353e-07 -2.786077e-07 -3.142831e-07 -1.149528e-05 -4.039900e-04 -3.287532e-05 4.783653e-05
 8824.000000 -3.375137e-05 -4.200834e-07 -2.798189e-07 -3.138344e-07 -6.508082e-06 -4.109694e-04 -2.602143e-05 5.250780e-05
 8829.000000 -3.365670e-05 -4.199500e-07 -2.801173e-07 -3.139211e-07 -1.129749e-05 -4.228491e-04 -3.092578e-05 5.420431e-05
 8834.000000 -3.357383e-05 -4.198159e-07 -2.801007e-07 -3.143111e-07 -1.611813e-05 -4.167182e-04 -2.531349e-05 4.834590e-05
 8839.000000 -3.326932e-05 -4.231299e-07 -2.827269e-07 -3.126656e-07 -1.676649e-05 -4.160146e-04 -2.621624e-05 4.096166e-05
 8844.000000 -3.337333e-05 -4.203532e-07 -2.813112e-07 -3.147429e-07 -1.376711e-05 -4.189725e-04 -3.553685e-05 4.180820e-05
 8849.000000 -3.322909e-05 -4.220226e-07 -2.823148e-07 -3.144587e-07 -2.121596e-05 -4.084670e-04 -3.703651e-05 3.980204e-05
 8854.000000 -3.319454e-05 -4.218381e-07 -2.822512e-07 -3.151433e-07 -2.253969e-05 -4.022754e-04 -3.017898e-05 4.851811e-05
 8859.000000 -3.310224e-05 -4.220802e-07 -2.826779e-07 -3.154888e-07 -1.570119e-05 -4.146708e-04 -2.200687e-05 4.209933e-05
 8864.000000 -3.300415e-05 -4.236185e-07 -2.838846e-07 -3.156364e-07 -1.031747e-05 -3.951944e-04 -3.230317e-05 4.729947e-05
 8869.000000 -3.283323e-05 -4.243510e-07 -2.846160e-07 -3.152911e-07 -2.374362e-05 -3.929252e-04 -4.002700e-05 4.854844e-05
 8874.000000 -3.278780e-05 -4.226269e-07 -2.838908e-07 -3.155933e-07 -2.417214e-05 -4.148714e-04 -3.403587e-05 4.804269e-05
 8879.000000 -3.268015e-05 -4.221609e-07 -2.834659e-07 -3.155081e-07 -2.892292e-05 -4.009725e-04 -3.842589e-05 4.522162e-05
 8884.000000 -3.241420e-05 -4.199180e-07 -2.821655e-07 -3.141929e-07 -2.048623e-05 -4.145185e-04 -3.736906e-05 4.284763e-05
 8889.000000 -3.217501e-05 -4.202802e-07 -2.825952e-07 -3.129885e-07 -1.974892e-05 -4.127498e-04 -2.588510e-05 4.283818e-05
 8894.000000 -3.219799e-05 -4.258903e-07 -2.862652e-07 -3.134550e-07 -1.576409e-05 -4.112293e-04 -2.106428e-05 4.214837e-05
 8899.000000 -3.213648e-05 -4.257209e-07 -2.864037e-07 -3.134211e-07 -1.476139e-05 -4.132169e-04 -2.549035e-05 3.533317e-05
 8904.000000 -3.212633e-05 -4.257177e-07 -2.867666e-07 -3.142206e-07 -1.820639e-05 -4.239829e-04 -2.806875e-05 3.024334e-05
 8909.000000 -3.192074e-05 -4.270560e-07 -2.875348e-07 -3.126095e-07 -2.038993e-05 -4.369877e-04 -3.246504e-05 3.914328e-05
 8914.000000 -3.165978e-05 -4.263206e-07 -2.872364e-07 -3.106559e-07 -2.343856e-05 -4.524415e-04 -4.887928e-05 3.464055e-05
 8919.000000 -3.163049e-05 -4.264134e-07 -2.870700e-07 -3.114516e-07 -2.217474e-05 -4.538728e-04 -5.715654e-05 3.351875e-05
 8924.000000 -3.147348e-05 -4.265730e-07 -2.874306e-07 -3.108368e-07 -2.026962e-06 -4.597682e-04 -4.709135e-05 4.469208e-05
 8929.000000 -3.150298e-05 -4.295795e-07 -2.894868e-07 -3.125588e-07 -2.751052e-06 -4.795812e-04 -3.741872e-05 4.446222e-05
 8934.000000 -3.140693e-05 -4.310798e-07 -2.905535e-07 -3.128780e-07 -1.884200e-06 -4.652746e-04 -2.886869e-05 5.163485e-05
 8939.000000 -3.132077e-05 -4.318666e-07 -2.910355e-07 -3.132767e-07 -4.723139e-06 -4.637389e-04 -2.827490e-05 4.866909e-05
 8944.000000 -3.118216e-05 -4.327709e-07 -2.916585e-07 -3.128415e-07 -6.491516e-06 -4.633760e-04 -3.316669e-05 4.667727e-05
 8949.000000 -3.106256e-05 -4.337101e-07 -2.921124e-07 -3.125853e-07 -1.664956e-05 -4.452857e-04 -2.857497e-05 5.960855e-05
 8953.000000 -3.096307e-05 -4.337029e-07 -2.917431e-07 -3.126868e-07 -1.372884e-05 -4.036119e-04 -1.953667e-05 5.678049e-05
 8956.000000 -3.088303e-05 -4.341737e-07 -2.917214e-07 -3.127924e-07 -2.616925e-05 -4.105626e-04 -1.748621e-05 4.762146e-05
 8958.000000 -3.085583e-05 -4.336991e-07 -2.911404e-07 -3.128449e-07 -2.668808e-05 -4.109543e-04 -1.514499e-05 4.592199e-05
 8959.000000 -3.086847e-05 -4.332277e-07 -2.905095e-07 -3.132084e-07 -3.757086e-05 -4.119544e-04 -2.044986e-05 4.360929e-05
 8959.200000 -3.086825e-05 -4.334507e-07 -2.906809e-07 -3.133674e-07 -4.209089e-05 -4.222611e-04 -2.672193e-05 3.205647e-05
 8959.400000 -3.080979e-05 -4.334696e-07 -2.907456e-07 -3.129155e-07 -3.681543e-05 -4.417982e-04 -1.745379e-05 3.459173e-05
 8959.600000 -3.077107e-05 -4.342704e-07 -2.910330e-07 -3.126143e-07 -2.813936e-05 -4.266894e-04 -1.602123e-05 4.887619e-05
 8959.800000 -3.080526e-05 -4.341928e-07 -2.908189e-07 -3.127849e-07 -3.053024e-05 -4.202791e-04 -3.113175e-05 4.686475e-05
 8960.000000 -3.086888e-05 -4.332974e-07 -2.901838e-07 -3.133406e-07 -2.483520e-05 -4.121384e-04 -3.357942e-05 5.079672e-05
 8960.200000 -3.084460e-05 -4.328541e-07 -2.901257e-07 -3.131893e-07 -2.698888e-05 -4.086808e-04 -3.407853e-05 5.092596e-05
 8960.400000 -3.085337e-05 -4.334864e-07 -2.906630e-07 -3.133662e-07 -3.230302e-05 -4.242132e-04 -2.224140e-05 4.945564e-05
 8960.600000 -3.086508e-05 -4.334878e-07 -2.906430e-07 -3.133485e-07 -4.407257e-05 -4.262897e-04 -2.889588e-05 4.429966e-05
 8960.800000 -3.081013e-05 -4.329301e-07 -2.903700e-07 -3.131002e-07 -4.395372e-05 -4.305861e-04 -3.914617e-05 4.412044e-05
 8961.000000 -3.073053e-05 -4.343963e-07 -2.913608e-07 -3.126527e-07 -4.118494e-05 -4.380228e-04 -4.027685e-05 3.960939e-05
 8961.200000 -3.067364e-05 -4.349630e-07 -2.916449e-07 -3.119976e-07 -3.817671e-05 -4.293039e-04 -3.714704e-05 5.291644e-05
 8961.400000 -3.069788e-05 -4.342305e-07 -2.909142e-07 -3.120205e-07 -3.709920e-05 -4.131552e-04 -3.547755e-05 5.594724e-05
 8961.600000 -3.078379e-05 -4.337979e-07 -2.908477e-07 -3.129674e-07 -3.028042e-05 -4.164101e-04 -2.705012e-05 4.897906e-05
 8961.800000 -3.080719e-05 -4.330771e-07 -2.903718e-07 -3.133426e-07 -2.130345e-05 -4.361360e-04 -1.539116e-05 4.364676e-05
 8962.000000 -3.076900e-05 -4.344546e-07 -2.909972e-07 -3.131062e-07 -1.624765e-05 -4.242902e-04 -1.938395e-05 3.783082e-05
 8962.200000 -3.066298e-05 -4.336856e-07 -2.903627e-07 -3.124122e-07 -1.740314e-05 -4.208748e-04 -2.566697e-05 3.466522e-05
 8962.400000 -3.065261e-05 -4.348917e-07 -2.910513e-07 -3.124790e-07 -2.539501e-05 -4.212870e-04 -2.375513e-05 4.100505e-05
 8962.600000 -3.073282e-05 -4.328433e-07 -2.894684e-07 -3.135417e-07 -2.119259e-05 -4.473920e-04 -1.394723e-05 4.551804e-05
 8962.800000 -3.081618e-05 -4.327104e-07 -2.894356e-07 -3.141271e-07 -1.229883e-05 -4.253542e-04 -9.411211e-06 5.459183e-05
 8963.000000 -3.082178e-05 -4.336253e-07 -2.901234e-07 -3.140992e-07 -2.053701e-05 -4.354072e-04 -2.317026e-05 4.147875e-05
 8963.200000 -3.080829e-05 -4.319610e-07 -2.889782e-07 -3.143130e-07 -1.912183e-05 -4.343127e-04 -1.552625e-05 4.108494e-05
 8963.400000 -3.081397e-05 -4.338733e-07 -2.899890e-07 -3.142475e-07 -2.025079e-05 -4.384637e-04 -1.336222e-05 4.207938e-05
 8963.600000 -3.080430e-05 -4.321217e-07 -2.885347e-07 -3.145402e-07 -3.294924e-05 -4.444256e-04 -2.862843e-05 4.249367e-05
 8963.800000 -3.076704e-05 -4.335469e-07 -2.893721e-07 -3.142939e-07 -2.395145e-05 -4.244464e-04 -2.612721e-05 4.536848e-05
 8964.000000 -3.071541e-05 -4.326413e-07 -2.887112e-07 -3.138027e-07 -2.552290e-05 -4.416168e-04 -2.660893e-05 4.518877e-05
 8964.200000 -3.067914e-05 -4.328111e-07 -2.889928e-07 -3.134226e-07 -2.132016e-05 -4.653623e-04 -2.934879e-05 5.387238e-05
 8964.400000 -3.071977e-05 -4.341103e-07 -2.901947e-07 -3.135926e-07 -2.081207e-05 -4.605298e-04 -1.948411e-05 5.189874e-05
 8964.600000 -3.073108e-05 -4.321022e-07 -2.888248e-07 -3.138779e-07 -1.841928e-05 -4.544146e-04 -2.069928e-05 5.540168e-05
 8964.800000 -3.073714e-05 -4.337468e-07 -2.898442e-07 -3.140081e-07 -1.553599e-05 -4.371233e-04 -2.756995e-05 5.248447e-05
 8965.000000 -3.066466e-05 -4.340377e-07 -2.898553e-07 -3.137516e-07 -1.101724e-05 -4.352550e-04 -3.299166e-05 5.407417e-05
 8965.200000 -3.065088e-05 -4.334129e-07 -2.890936e-07 -3.135412e-07 -1.453374e-05 -4.363246e-04 -2.083965e-05 6.923239e-05
 8965.400000 -3.071624e-05 -4.332757e-07 -2.887301e-07 -3.142797e-07 -2.090549e-05 -4.207231e-04 -2.510232e-05 6.643544e-05
 8965.600000 -3.069578e-05 -4.322508e-07 -2.883628e-07 -3.138756e-07 -1.466670e-05 -4.054478e-04 -2.881997e-05 5.319698e-05
 8965.800000 -3.071425e-05 -4.340871e-07 -2.897188e-07 -3.139653e-07 -1.278578e-05 -4.133765e-04 -3.108350e-05 4.536301e-05
 8966.000000 -3.071401e-05 -4.313806e-07 -2.880516e-07 -3.142169e-07 -1.053450e-05 -4.525112e-04 -3.687014e-05 4.335290e-05
 8966.200000 -3.068439e-05 -4.333082e-07 -2.890488e-07 -3.141279e-07 -1.780560e-05 -4.484694e-04 -3.077593e-05 4.481689e-05
 8966.400000 -3.065925e-05 -4.320884e-07 -2.880699e-07 -3.140069e-07 -1.308874e-05 -4.591019e-04 -2.775354e-05 4.911806e-05
 8966.600000 -3.068674e-05 -4.330431e-07 -2.882195e-07 -3.143855e-07 -1.202455e-05 -4.503536e-04 -1.330838e-05 5.775982e-05
 8966.800000 -3.066722e-05 -4.322374e-07 -2.877075e-07 -3.141144e-07 -1.270503e-05 -4.322230e-04 -2.304206e-05 5.977832e-05
 8967.000000 -3.060569e-05 -4.327509e-07 -2.878465e-07 -3.134352e-07 -2.001246e-05 -4.696608e-04 -1.926009e-05 5.810593e-05
 8967.200000 -3.065879e-05 -4.326614e-07 -2.877910e-07 -3.141063e-07 -2.142532e-05 -4.688203e-04 -2.532517e-05 5.085871e-05
 8967.400000 -3.065166e-05 -4.322417e-07 -2.873786e-07 -3.141678e-07 -2.335847e-05 -4.448991e-04 -2.974979e-05 4.236131e-05
 8967.600000 -3.063267e-05 -4.330079e-07 -2.878278e-07 -3.144742e-07 -2.673563e-05 -4.215124e-04 -2.373689e-05 4.290775e-05
 8967.800000 -3.061784e-05 -4.307946e-07 -2.862356e-07 -3.143124e-07 -1.971655e-05 -4.533418e-04 -1.452522e-05 4.985870e-05
 8968.000000 -3.063809e-05 -4.338147e-07 -2.880875e-07 -3.143240e-07 -1.209788e-05 -4.653146e-04 -2.076829e-05 4.898858e-05
 8968.200000 -3.066333e-05 -4.331665e-07 -2.876617e-07 -3.148286e-07 -1.501140e-05 -4.448722e-04 -3.429665e-05 4.462742e-05
 8968.400000 -3.064252e-05 -4.324894e-07 -2.870243e-07 -3.146929e-07 -1.587356e-05 -4.260085e-04 -3.702286e-05 3.856479e-05
 8968.600000 -3.061265e-05 -4.333629e-07 -2.872186e-07 -3.146048e-07 -2.146035e-05 -4.088564e-04 -2.130190e-05 3.764461e-05
 8968.800000 -3.058784e-05 -4.330086e-07 -2.868381e-07 -3.145124e-07 -1.226686e-05 -4.367701e-04 -1.970600e-05 4.646848e-05
 8969.000000 -3.059421e-05 -4.325791e-07 -2.866248e-07 -3.148408e-07 -1.724673e-05 -4.274768e-04 -2.128291e-05 4.281497e-05
 8969.200000 -3.058374e-05 -4.316834e-07 -2.858040e-07 -3.148659e-07 -2.375665e-05 -4.231840e-04 -2.999801e-05 4.091950e-05
 8969.400000 -3.054582e-05 -4.322145e-07 -2.859910e-07 -3.142955e-07 -1.615207e-05 -4.365001e-04 -2.098651e-05 4.817174e-05
 8969.600000 -3.052051e-05 -4.323402e-07 -2.862957e-07 -3.141074e-07 -2.167523e-05 -4.448972e-04 -3.314591e-05 4.834821e-05
 8969.800000 -3.051262e-05 -4.328758e-07 -2.863156e-07 -3.141282e-07 -3.426813e-05 -4.173363e-04 -3.861001e-05 4.840756e-05
 8970.000000 -3.059036e-05 -4.327444e-07 -2.859239e-07 -3.149493e-07 -3.376327e-05 -4.249772e-04 -2.722075e-05 5.277309e-05
 8970.200000 -3.059081e-05 -4.312247e-07 -2.846346e-07 -3.152418e-07 -3.205464e-05 -4.478558e-04 -2.416177e-05 6.390891e-05
 8970.400000 -3.057075e-05 -4.317189e-07 -2.846008e-07 -3.151663e-07 -2.952286e-05 -4.247391e-04 -3.351609e-05 6.003360e-05
 8970.600000 -3.059967e-05 -4.309277e-07 -2.837810e-07 -3.155568e-07 -2.793710e-05 -4.232229e-04 -4.113928e-05 5.276983e-05
 8970.800000 -3.061220e-05 -4.315078e-07 -2.839638e-07 -3.158344e-07 -2.468014e-05 -4.543905e-04 -4.982687e-05 5.173980e-05
 8971.000000 -3.060304e-05 -4.306414e-07 -2.834016e-07 -3.157990e-07 -2.565640e-05 -4.615082e-04 -4.529113e-05 4.861975e-05
 8971.200000 -3.054784e-05 -4.327445e-07 -2.844506e-07 -3.153250e-07 -2.785451e-05 -4.740330e-04 -4.997574e-05 3.945807e-05
 8971.400000 -3.042636e-05 -4.336091e-07 -2.847285e-07 -3.142690e-07 -2.797274e-05 -4.831603e-04 -5.614515e-05 3.285652e-05
 8971.600000 -3.040053e-05 -4.340497e-07 -2.845758e-07 -3.143817e-07 -2.871862e-05 -4.676477e-04 -4.497431e-05 4.780509e-05
 8971.800000 -3.048148e-05 -4.320321e-07 -2.829649e-07 -3.152037e-07 -3.635932e-05 -4.493766e-04 -5.028988e-05 4.869963e-05
 8972.000000 -3.053841e-05 -4.308216e-07 -2.815015e-07 -3.157733e-07 -4.553686e-05 -4.421512e-04 -4.319200e-05 5.575154e-05
 8972.200000 -3.057031e-05 -4.316667e-07 -2.819089e-07 -3.162441e-07 -3.819180e-05 -4.656641e-04 -3.662666e-05 5.045484e-05
 8972.400000 -3.054482e-05 -4.303570e-07 -2.808443e-07 -3.159775e-07 -3.770412e-05 -4.512347e-04 -3.302947e-05 4.249852e-05
 8972.600000 -3.053412e-05 -4.330896e-07 -2.824658e-07 -3.157840e-07 -3.574728e-05 -4.544270e-04 -5.370256e-05 3.467403e-05
 8972.800000 -3.051242e-05 -4.313284e-07 -2.812192e-07 -3.159747e-07 -2.862166e-05 -4.656283e-04 -4.778876e-05 3.881843e-05
 8973.000000 -3.052340e-05 -4.324775e-07 -2.813342e-07 -3.163727e-07 -3.182786e-05 -4.434893e-04 -5.404228e-05 3.349136e-05
 8973.200000 -3.054454e-05 -4.326068e-07 -2.808287e-07 -3.166487e-07 -2.969340e-05 -4.428143e-04 -5.863421e-05 3.558221e-05
 8973.400000 -3.057526e-05 -4.308060e-07 -2.789194e-07 -3.171548e-07 -1.759700e-05 -4.846342e-04 -5.372553e-05 4.319478e-05
 8973.600000 -3.051913e-05 -4.332962e-07 -2.800968e-07 -3.169916e-07 -1.816635e-05 -4.707274e-04 -5.882237e-05 4.379799e-05
 8973.800000 -3.043979e-05 -4.320477e-07 -2.786126e-07 -3.160968e-07 -2.047402e-05 -4.735431e-04 -4.653196e-05 4.581135e-05
 8974.000000 -3.038443e-05 -4.348559e-07 -2.799908e-07 -3.158384e-07 -1.393645e-05 -4.604949e-04 -5.008807e-05 4.622640e-05
 8974.200000 -3.029127e-05 -4.346098e-07 -2.793010e-07 -3.152654e-07 -1.962546e-05 -4.487225e-04 -5.016844e-05 4.460713e-05
 8974.400000 -3.033416e-05 -4.329388e-07 -2.773940e-07 -3.159944e-07 -2.165164e-05 -4.468568e-04 -5.038336e-05 4.018991e-05
 8974.600000 -3.036900e-05 -4.340196e-07 -2.772397e-07 -3.167609e-07 -1.872826e-05 -4.587985e-04 -5.368724e-05 4.443295e-05
 8974.800000 -3.047608e-05 -4.311358e-07 -2.743597e-07 -3.183992e-07 -1.711741e-05 -4.507150e-04 -6.377111e-05 4.781612e-05
 8975.000000 -3.053156e-05 -4.315809e-07 -2.735535e-07 -3.190633e-07 -1.377063e-05 -4.962902e-04 -5.467918e-05 4.916588e-05
 8975.200000 -3.051918e-05 -4.314818e-07 -2.723115e-07 -3.191180e-07 -2.048654e-05 -4.774894e-04 -5.071046e-05 3.765620e-05
 8975.400000 -3.049263e-05 -4.310129e-07 -2.706976e-07 -3.190171e-07 -2.162588e-05 -4.431207e-04 -4.864017e-05 3.420679e-05
 8975.600000 -3.036279e-05 -4.307092e-07 -2.691239e-07 -3.184376e-07 -2.717254e-05 -4.716208e-04 -4.926391e-05 4.057807e-05
 8975.800000 -3.029683e-05 -4.331681e-07 -2.689810e-07 -3.183409e-07 -2.477899e-05 -4.646797e-04 -4.164398e-05 4.046942e-05
 8976.000000 -3.031104e-05 -4.337684e-07 -2.673296e-07 -3.190302e-07 -2.313061e-05 -4.791358e-04 -6.040774e-05 3.537501e-05
 8976.200000 -3.027948e-05 -4.337737e-07 -2.651634e-07 -3.191970e-07 -2.290073e-05 -4.737482e-04 -4.542297e-05 3.523167e-05
 8976.400000 -3.033673e-05 -4.325026e-07 -2.618816e-07 -3.200877e-07 -1.334652e-05 -4.754009e-04 -4.666696e-05 3.802461e-05
 8976.600000 -3.044314e-05 -4.306119e-07 -2.576931e-07 -3.216140e-07 -1.015335e-05 -4.740013e-04 -4.965709e-05 4.026222e-05
 8976.800000 -3.041264e-05 -4.299705e-07 -2.535600e-07 -3.220336e-07 -1.576076e-05 -5.017834e-04 -3.341834e-05 4.236834e-05
 8977.000000 -3.039207e-05 -4.299870e-07 -2.492080e-07 -3.226582e-07 -2.060146e-05 -5.085931e-04 -2.175346e-05 3.687048e-05
 8977.200000 -3.035028e-05 -4.302254e-07 -2.440785e-07 -3.232806e-07 -2.083101e-05 -5.048324e-04 -2.795919e-05 3.277961e-05
 8977.400000 -3.042047e-05 -4.295639e-07 -2.373522e-07 -3.249462e-07 -1.080830e-05 -4.749697e-04 -2.268623e-05 3.666063e-05
 8977.600000 -3.043608e-05 -4.301229e-07 -2.304802e-07 -3.261675e-07 -7.603941e-06 -4.710201e-04 -3.255153e-05 3.553907e-05
 8977.800000 -3.039149e-05 -4.303128e-07 -2.222629e-07 -3.270312e-07 -2.851523e-06 -4.880003e-04 -1.630769e-05 4.871635e-05
 8978.000000 -3.036723e-05 -4.295200e-07 -2.120480e-07 -3.284408e-07 -1.035524e-05 -4.941433e-04 -3.411999e-05 5.084897e-05
 8978.200000 -3.037525e-05 -4.291891e-07 -2.016102e-07 -3.309392e-07 -2.122082e-05 -4.979894e-04 -5.082739e-05 2.881482e-05
 8978.400000 -3.035373e-05 -4.278744e-07 -1.901463e-07 -3.333207e-07 -2.993383e-05 -4.896771e-04 -4.034655e-05 2.730174e-05
 8978.600000 -3.036336e-05 -4.276151e-07 -1.794222e-07 -3.367111e-07 -1.991811e-05 -4.866602e-04 -3.142471e-05 3.742153e-05
 8978.800000 -3.032234e-05 -4.268631e-07 -1.691206e-07 -3.397989e-07 -2.218581e-05 -4.990043e-04 -3.997838e-05 3.439977e-05
 8979.000000 -3.024530e-05 -4.272743e-07 -1.599824e-07 -3.434953e-07 -1.383253e-05 -4.885940e-04 -1.895813e-05 4.856217e-05
 8979.200000 -3.024906e-05 -4.267779e-07 -1.511791e-07 -3.489274e-07 -1.697005e-05 -4.877300e-04 -2.550231e-05 4.584651e-05
 8979.400000 -3.029461e-05 -4.254173e-07 -1.431086e-07 -3.560390e-07 -2.660220e-05 -4.961087e-04 -2.079985e-05 4.009661e-05
 8979.600000 -3.027602e-05 -4.248966e-07 -1.364983e-07 -3.635072e-07 -3.287955e-05 -4.878013e-04 -2.568184e-05 3.255850e-05
 8979.800000 -3.026899e-05 -4.238179e-07 -1.306881e-07 -3.723634e-07 -3.679393e-05 -4.935086e-04 -2.867175e-05 2.637035e-05
 8980.000000 -3.024783e-05 -4.225797e-07 -1.260157e-07 -3.811505e-07 -3.355292e-05 -5.052455e-04 -3.263229e-05 2.337317e-05
 8980.200000 -3.021726e-05 -4.222253e-07 -1.229346e-07 -3.901274e-07 -2.596087e-05 -4.777701e-04 -2.435998e-05 3.737896e-05
 8980.400000 -3.019751e-05 -4.208559e-07 -1.208601e-07 -3.992786e-07 -3.057500e-05 -5.032805e-04 -9.257292e-06 5.116497e-05
 8980.600000 -3.015991e-05 -4.213283e-07 -1.197944e-07 -4.071969e-07 -3.591673e-05 -4.921550e-04 -1.171267e-05 4.448767e-05
 8980.800000 -3.012422e-05 -4.201143e-07 -1.190102e-07 -4.139836e-07 -2.819326e-05 -4.778982e-04 -2.762276e-05 3.714735e-05
 8981.000000 -3.016459e-05 -4.203659e-07 -1.188115e-07 -4.198546e-07 -2.896331e-05 -4.896926e-04 -2.754730e-05 3.979835e-05
 8981.200000 -3.014998e-05 -4.197473e-07 -1.187394e-07 -4.231552e-07 -3.112622e-05 -4.796102e-04 -3.564391e-05 2.861110e-05
 8981.400000 -3.002662e-05 -4.202190e-07 -1.189464e-07 -4.225962e-07 -3.785710e-05 -4.854775e-04 -2.759818e-05 3.593477e-05
 8981.600000 -2.998042e-05 -4.203276e-07 -1.198051e-07 -4.209577e-07 -3.558905e-05 -4.805018e-04 -2.647173e-05 4.178065e-05
 8981.800000 -3.004466e-05 -4.200320e-07 -1.205888e-07 -4.204674e-07 -3.563748e-05 -4.816374e-04 -1.211339e-05 3.538030e-05
 8982.000000 -3.010718e-05 -4.201508e-07 -1.215502e-07 -4.187161e-07 -3.851398e-05 -4.888013e-04 -2.877737e-05 2.879294e-05
 8982.200000 -3.011296e-05 -4.196097e-07 -1.220185e-07 -4.160100e-07 -3.757625e-05 -4.768336e-04 -3.024229e-05 2.870618e-05
 8982.400000 -3.006364e-05 -4.203644e-07 -1.225068e-07 -4.124173e-07 -4.444317e-05 -4.805585e-04 -2.415589e-05 3.593003e-05
 8982.600000 -3.000321e-05 -4.201154e-07 -1.223680e-07 -4.087837e-07 -4.893052e-05 -4.716961e-04 -2.162333e-05 2.175306e-05
 8982.800000 -2.991541e-05 -4.232379e-07 -1.227496e-07 -4.049480e-07 -5.141472e-05 -4.868685e-04 -8.325277e-06 2.637096e-05
 8983.000000 -3.000641e-05 -4.210377e-07 -1.217533e-07 -4.044265e-07 -4.403845e-05 -5.018512e-04 -2.035838e-05 3.199091e-05
 8983.200000 -3.007277e-05 -4.202761e-07 -1.207963e-07 -4.039453e-07 -4.368779e-05 -4.972246e-04 -2.859902e-05 3.248251e-05
 8983.400000 -3.008270e-05 -4.193144e-07 -1.194946e-07 -4.035118e-07 -4.792205e-05 -5.030575e-04 -3.723240e-05 3.712963e-05
 8983.600000 -3.010100e-05 -4.202510e-07 -1.186109e-07 -4.035945e-07 -4.657508e-05 -5.088329e-04 -2.673908e-05 3.414101e-05
 8983.800000 -3.007826e-05 -4.204906e-07 -1.171633e-07 -4.039883e-07 -3.769935e-05 -5.232004e-04 -1.974664e-05 3.059649e-05
 8984.000000 -3.005383e-05 -4.190121e-07 -1.149765e-07 -4.046594e-07 -3.733928e-05 -4.974008e-04 -1.696616e-05 3.920786e-05
 8984.200000 -3.003311e-05 -4.212528e-07 -1.138858e-07 -4.052061e-07 -4.340648e-05 -4.882289e-04 -1.215632e-05 3.909408e-05
 8984.400000 -2.998400e-05 -4.201181e-07 -1.121225e-07 -4.061673e-07 -3.201398e-05 -4.894775e-04 -1.379583e-05 3.062296e-05
 8984.600000 -2.997186e-05 -4.198451e-07 -1.105709e-07 -4.079044e-07 -4.179684e-05 -4.582072e-04 -2.064045e-05 3.183997e-05
 8984.800000 -2.995168e-05 -4.199332e-07 -1.091598e-07 -4.094144e-07 -4.100742e-05 -4.671924e-04 -2.236332e-05 3.702896e-05
 8985.000000 -3.003451e-05 -4.190076e-07 -1.074177e-07 -4.127570e-07 -3.808441e-05 -4.584197e-04 -2.233014e-05 3.898999e-05
 8985.200000 -3.003301e-05 -4.193111e-07 -1.061871e-07 -4.146439e-07 -3.096500e-05 -4.362935e-04 -2.031983e-05 3.848540e-05
 8985.400000 -3.003171e-05 -4.187258e-07 -1.044387e-07 -4.166061e-07 -2.584069e-05 -4.425037e-04 -1.709783e-05 2.786506e-05
 8985.600000 -3.003138e-05 -4.198312e-07 -1.033141e-07 -4.180243e-07 -1.938657e-05 -4.462300e-04 -2.405849e-05 2.599180e-05
 8985.800000 -3.001717e-05 -4.180552e-07 -1.012135e-07 -4.202317e-07 -1.245436e-05 -4.594527e-04 -3.582450e-05 3.208404e-05
 8986.000000 -3.002244e-05 -4.185692e-07 -9.984864e-08 -4.221481e-07 -2.122048e-05 -4.595520e-04 -5.109356e-05 3.113643e-05
 8986.200000 -3.000733e-05 -4.175093e-07 -9.802093e-08 -4.238277e-07 -1.983111e-05 -4.828717e-04 -2.999569e-05 3.682289e-05
 8986.400000 -2.998999e-05 -4.176276e-07 -9.636450e-08 -4.255277e-07 -2.257444e-05 -5.053320e-04 -3.295966e-05 2.404017e-05
 8986.600000 -2.997876e-05 -4.176061e-07 -9.465407e-08 -4.270539e-07 -2.373191e-05 -4.853244e-04 -3.972362e-05 2.815386e-05
 8986.800000 -2.995504e-05 -4.170650e-07 -9.283110e-08 -4.283186e-07 -2.137473e-05 -4.787669e-04 -3.336628e-05 3.979001e-05
 8987.000000 -2.991803e-05 -4.181545e-07 -9.143613e-08 -4.295287e-07 -2.044985e-05 -4.893996e-04 -2.057558e-05 4.243850e-05
 8987.200000 -2.990737e-05 -4.156571e-07 -8.897979e-08 -4.320384e-07 -2.203581e-05 -4.984849e-04 -1.060876e-05 4.480639e-05
 8987.400000 -2.991269e-05 -4.178243e-07 -8.740281e-08 -4.340619e-07 -2.984175e-05 -4.834980e-04 -1.260144e-05 3.475373e-05
 8987.600000 -2.994577e-05 -4.159717e-07 -8.474602e-08 -4.369457e-07 -3.607141e-05 -4.802549e-04 -1.904436e-05 3.314571e-05
 8987.800000 -2.994081e-05 -4.160019e-07 -8.255201e-08 -4.390485e-07 -3.368963e-05 -4.804592e-04 -2.178190e-05 3.342622e-05
 8988.000000 -2.992767e-05 -4.162555e-07 -8.034917e-08 -4.407195e-07 -3.500160e-05 -4.936360e-04 -2.316508e-05 3.807971e-05
 8988.200000 -2.992522e-05 -4.143365e-07 -7.784166e-08 -4.427802e-07 -3.702496e-05 -5.034505e-04 -2.755739e-05 2.328273e-05
 8988.400000 -2.993058e-05 -4.167059e-07 -7.652354e-08 -4.444991e-07 -2.734579e-05 -5.029825e-04 -1.733982e-05 2.745201e-05
 8988.600000 -2.990427e-05 -4.144350e-07 -7.397157e-08 -4.465114e-07 -3.772927e-05 -4.675936e-04 -2.445010e-05 3.006444e-05
 8988.800000 -2.989523e-05 -4.166727e-07 -7.227850e-08 -4.485240e-07 -3.990078e-05 -4.829119e-04 -3.352205e-05 3.214544e-05
 8989.000000 -2.989386e-05 -4.153933e-07 -6.969641e-08 -4.508460e-07 -3.310251e-05 -4.753725e-04 -1.212193e-05 4.095918e-05
 8989.200000 -2.985995e-05 -4.139523e-07 -6.718463e-08 -4.524363e-07 -3.072155e-05 -4.631531e-04 -1.836635e-05 4.047276e-05
 8989.400000 -2.986888e-05 -4.154253e-07 -6.516101e-08 -4.547995e-07 -2.185465e-05 -4.517686e-04 -4.248426e-05 3.307976e-05
 8989.600000 -2.985196e-05 -4.129837e-07 -6.283846e-08 -4.573116e-07 -1.709291e-05 -4.646713e-04 -3.106264e-05 4.068577e-05
 8989.800000 -2.981586e-05 -4.149541e-07 -6.127039e-08 -4.589388e-07 -1.472531e-05 -4.733394e-04 -2.090181e-05 4.515737e-05
 8990.000000 -2.982867e-05 -4.129497e-07 -5.928877e-08 -4.617220e-07 -1.287125e-05 -4.838663e-04 -1.776863e-05 4.727130e-05
 8990.200000 -2.985144e-05 -4.141681e-07 -5.762475e-08 -4.648678e-07 -1.627692e-05 -4.641542e-04 -1.411834e-05 4.725706e-05
 8990.400000 -2.985501e-05 -4.143586e-07 -5.596698e-08 -4.679807e-07 -1.998841e-05 -4.619802e-04 -1.752627e-05 3.804229e-05
 8990.600000 -2.983085e-05 -4.128889e-07 -5.417467e-08 -4.705518e-07 -1.705980e-05 -4.568887e-04 -2.688308e-05 4.252861e-05
 8990.800000 -2.983316e-05 -4.140024e-07 -5.262381e-08 -4.732326e-07 -1.624715e-05 -4.865166e-04 -1.756428e-05 5.178836e-05
 8991.000000 -2.976080e-05 -4.111323e-07 -5.108063e-08 -4.749243e-07 -2.168136e-05 -4.815937e-04 -2.098705e-05 4.219929e-05
 8991.200000 -2.976276e-05 -4.132728e-07 -4.985169e-08 -4.774936e-07 -1.342764e-05 -4.983306e-04 -2.222805e-05 3.440119e-05
 8991.400000 -2.978356e-05 -4.118063e-07 -4.831642e-08 -4.805341e-07 -1.290152e-05 -5.187948e-04 -3.061749e-05 3.356086e-05
 8991.600000 -2.977944e-05 -4.121841e-07 -4.725683e-08 -4.831809e-07 -8.663507e-06 -5.130194e-04 -2.940634e-05 2.993006e-05
 8991.800000 -2.976221e-05 -4.121161e-07 -4.614221e-08 -4.853600e-07 -1.115056e-05 -5.121147e-04 -2.706684e-05 3.439191e-05
 8992.000000 -2.972447e-05 -4.114775e-07 -4.518100e-08 -4.868741e-07 -1.921916e-05 -5.268367e-04 -2.529855e-05 3.611984e-05
 8992.200000 -2.971227e-05 -4.111955e-07 -4.425111e-08 -4.886300e-07 -2.095601e-05 -5.162067e-04 -1.562389e-05 4.766633e-05
 8992.400000 -2.971697e-05 -4.108028e-07 -4.393440e-08 -4.904360e-07 -1.759597e-05 -5.038639e-04 -1.763043e-05 4.354836e-05
 8992.600000 -2.974366e-05 -4.117418e-07 -4.351751e-08 -4.922333e-07 -9.215859e-06 -5.050397e-04 -2.043329e-05 3.058240e-05
 8992.800000 -2.973805e-05 -4.103479e-07 -4.298924e-08 -4.934019e-07 -1.158432e-05 -5.125403e-04 -7.327377e-06 4.255675e-05
 8993.000000 -2.972175e-05 -4.112850e-07 -4.275902e-08 -4.943794e-07 -1.658664e-05 -4.999920e-04 -1.478459e-05 5.440068e-05
 8993.200000 -2.971260e-05 -4.103373e-07 -4.248456e-08 -4.950405e-07 -2.300741e-05 -5.070748e-04 -2.113649e-05 4.332198e-05
 8993.400000 -2.969777e-05 -4.104711e-07 -4.245665e-08 -4.961808e-07 -2.063263e-05 -5.252876e-04 -1.429827e-05 5.653107e-05
 8993.600000 -2.962701e-05 -4.110327e-07 -4.284775e-08 -4.955105e-07 -2.145129e-05 -5.361384e-04 -2.294827e-05 5.141935e-05
 8993.800000 -2.961030e-05 -4.095310e-07 -4.324975e-08 -4.957576e-07 -2.458686e-05 -4.867484e-04 -2.827857e-05 4.209220e-05
 8994.000000 -2.962702e-05 -4.097544e-07 -4.368502e-08 -4.969080e-07 -1.964681e-05 -4.897746e-04 -3.071388e-05 3.834429e-05
 8994.200000 -2.957500e-05 -4.098863e-07 -4.404311e-08 -4.966353e-07 -1.419762e-05 -4.811027e-04 -2.787395e-05 4.778712e-05
 8994.400000 -2.950566e-05 -4.119508e-07 -4.454308e-08 -4.960168e-07 -1.882506e-05 -4.848515e-04 -2.722250e-05 4.863518e-05
 8994.600000 -2.945167e-05 -4.116232e-07 -4.480961e-08 -4.955681e-07 -1.301387e-05 -4.920894e-04 -3.439784e-05 4.676632e-05
 8994.800000 -2.941953e-05 -4.131254e-07 -4.513550e-08 -4.956253e-07 -1.283634e-05 -5.104396e-04 -1.831301e-05 4.947031e-05
 8995.000000 -2.945601e-05 -4.119613e-07 -4.567621e-08 -4.969302e-07 -1.697183e-05 -5.270720e-04 -1.351641e-05 3.282348e-05
 8995.200000 -2.953928e-05 -4.097764e-07 -4.595574e-08 -4.990818e-07 -2.540794e-05 -5.013236e-04 -2.119351e-05 3.631648e-05
 8995.400000 -2.956198e-05 -4.094693e-07 -4.657513e-08 -4.998069e-07 -1.583298e-05 -5.014837e-04 -1.321530e-05 3.538005e-05
 8995.600000 -2.957484e-05 -4.096205e-07 -4.719592e-08 -5.003348e-07 -9.314391e-06 -5.195446e-04 -3.362849e-06 3.527562e-05
 8995.800000 -2.955133e-05 -4.108251e-07 -4.798650e-08 -4.997348e-07 -1.226847e-05 -5.216518e-04 -1.042008e-05 4.347016e-05
 8996.000000 -2.957521e-05 -4.087796e-07 -4.814096e-08 -5.001738e-07 -1.617900e-05 -5.251737e-04 -2.261539e-05 4.139427e-05
 8996.200000 -2.959531e-05 -4.100544e-07 -4.876621e-08 -5.004102e-07 -1.138469e-05 -5.237553e-04 -2.045897e-05 3.306951e-05
 8996.400000 -2.960227e-05 -4.102439e-07 -4.938339e-08 -4.999920e-07 -1.151236e-05 -5.163306e-04 -1.276021e-05 3.891580e-05
 8996.600000 -2.959290e-05 -4.096091e-07 -4.970203e-08 -4.991513e-07 -2.223836e-05 -5.032871e-04 -1.571525e-05 4.448513e-05
 8996.800000 -2.958293e-05 -4.106251e-07 -4.980160e-08 -4.977757e-07 -3.050353e-05 -5.042894e-04 -2.349079e-05 3.846233e-05
 8997.000000 -2.954707e-05 -4.101314e-07 -4.999506e-08 -4.963402e-07 -2.646006e-05 -5.267186e-04 -1.521150e-05 3.284533e-05
 8997.200000 -2.955869e-05 -4.097102e-07 -5.003735e-08 -4.958674e-07 -2.712097e-05 -5.412625e-04 -9.945166e-06 3.316671e-05
 8997.400000 -2.960312e-05 -4.108010e-07 -5.042579e-08 -4.952908e-07 -3.110399e-05 -5.334474e-04 -1.648697e-05 3.612127e-05
 8997.600000 -2.959926e-05 -4.111372e-07 -5.061549e-08 -4.944426e-07 -2.516664e-05 -5.039241e-04 -1.523959e-05 4.128180e-05
 8997.800000 -2.957385e-05 -4.099024e-07 -5.082823e-08 -4.926105e-07 -1.434299e-05 -5.235702e-04 -1.843695e-05 3.465509e-05
 8998.000000 -2.956770e-05 -4.104483e-07 -5.108425e-08 -4.915304e-07 -1.706191e-05 -5.262466e-04 -1.789831e-05 3.556198e-05
 8998.200000 -2.958422e-05 -4.104692e-07 -5.106750e-08 -4.908546e-07 -2.447200e-05 -5.092475e-04 -3.363570e-05 2.757407e-05
 8998.400000 -2.954322e-05 -4.090243e-07 -5.079066e-08 -4.892482e-07 -2.541343e-05 -4.916639e-04 -4.434814e-05 2.113736e-05
 8998.600000 -2.954641e-05 -4.102284e-07 -5.062108e-08 -4.880022e-07 -1.474044e-05 -4.737103e-04 -4.013975e-05 2.643527e-05
 8998.800000 -2.949415e-05 -4.095198e-07 -4.998399e-08 -4.861007e-07 -1.724108e-05 -4.677041e-04 -3.865809e-05 3.788276e-05
 8999.000000 -2.948921e-05 -4.110455e-07 -4.987663e-08 -4.847897e-07 -1.740666e-05 -4.492308e-04 -4.922225e-05 4.991036e-05
 8999.200000 -2.953575e-05 -4.101596e-07 -4.953782e-08 -4.846023e-07 -2.970440e-05 -4.485436e-04 -4.112694e-05 4.554048e-05
 8999.400000 -2.950523e-05 -4.089692e-07 -4.895231e-08 -4.831853e-07 -2.430254e-05 -4.626767e-04 -3.529221e-05 4.211807e-05
 8999.600000 -2.947186e-05 -4.108851e-07 -4.847994e-08 -4.818374e-07 -2.255006e-05 -4.561515e-04 -2.651673e-05 3.487948e-05
 8999.800000 -2.952072e-05 -4.094645e-07 -4.779559e-08 -4.820865e-07 -2.096952e-05 -4.739554e-04 -2.574426e-05 2.868273e-05
 9000.000000 -2.952608e-05 -4.108219e-07 -4.740315e-08 -4.810695e-07 -1.419793e-05 -5.203104e-04 -2.402491e-05 3.594188e-05
 9000.200000 -2.948674e-05 -4.094876e-07 -4.643006e-08 -4.796598e-07 -2.084470e-05 -5.159427e-04 -2.159046e-05 4.167314e-05
 9000.400000 -2.946434e-05 -4.104354e-07 -4.588946e-08 -4.782116e-07 -6.300970e-06 -4.950978e-04 -2.187991e-05 4.588806e-05
 9000.600000 -2.945723e-05 -4.108437e-07 -4.522918e-08 -4.775953e-07 -9.753996e-06 -4.789014e-04 -2.967666e-05 4.623223e-05
 9000.800000 -2.940130e-05 -4.099263e-07 -4.442002e-08 -4.761321e-07 -1.274507e-05 -4.797624e-04 -2.869978e-05 4.294255e-05
 9001.000000 -2.938586e-05 -4.116339e-07 -4.393481e-08 -4.755488e-07 -7.850446e-06 -4.976510e-04 -3.130311e-05 4.376551e-05
 9001.200000 -2.933305e-05 -4.092979e-07 -4.314802e-08 -4.745861e-07 -1.500387e-05 -4.928663e-04 -3.393265e-05 3.968581e-05
 9001.400000 -2.923033e-05 -4.082314e-07 -4.273735e-08 -4.726891e-07 -2.017385e-05 -4.786126e-04 -4.249173e-05 4.161117e-05
 9001.600000 -2.903517e-05 -4.061285e-07 -4.212951e-08 -4.693703e-07 -2.127921e-05 -4.761278e-04 -4.125416e-05 4.587962e-05
 9001.800000 -2.886153e-05 -4.037363e-07 -4.178774e-08 -4.665148e-07 -1.830890e-05 -4.696556e-04 -2.983230e-05 5.413027e-05
 9002.000000 -2.883063e-05 -4.038439e-07 -4.163551e-08 -4.660362e-07 -1.911730e-05 -4.864002e-04 -4.118939e-05 5.381550e-05
 9002.200000 -2.885114e-05 -4.034380e-07 -4.140134e-08 -4.663914e-07 -1.416881e-05 -4.937434e-04 -3.910793e-05 4.838836e-05
 9002.400000 -2.891364e-05 -4.061019e-07 -4.137150e-08 -4.667679e-07 -1.188856e-05 -4.860690e-04 -3.018959e-05 5.573368e-05
 9002.600000 -2.905680e-05 -4.069176e-07 -4.164216e-08 -4.691215e-07 -1.192367e-05 -5.004908e-04 -3.062587e-05 5.685230e-05
 9002.800000 -2.923197e-05 -4.090675e-07 -4.183508e-08 -4.716849e-07 1.966008e-06 -5.086564e-04 -3.485841e-05 5.256103e-05
 9003.000000 -2.937175e-05 -4.113955e-07 -4.226085e-08 -4.736876e-07 6.702349e-06 -5.019392e-04 -3.293122e-05 5.029934e-05
 9003.200000 -2.939295e-05 -4.126427e-07 -4.311521e-08 -4.741454e-07 -8.410280e-06 -5.142628e-04 -3.538514e-05 5.207591e-05
 9003.400000 -2.934907e-05 -4.153460e-07 -4.374954e-08 -4.734721e-07 -1.449210e-05 -4.996552e-04 -2.351226e-05 5.007863e-05
 9003.600000 -2.936788e-05 -4.140168e-07 -4.389838e-08 -4.740816e-07 -1.503897e-05 -4.950725e-04 -2.103717e-05 4.675010e-05
 9003.800000 -2.940609e-05 -4.128165e-07 -4.400763e-08 -4.750774e-07 -1.332431e-05 -5.066571e-04 -1.936780e-05 6.080947e-05
 9004.000000 -2.933790e-05 -4.139293e-07 -4.421768e-08 -4.742049e-07 -9.765742e-06 -5.358125e-04 -3.392406e-05 5.198021e-05
 9004.200000 -2.932353e-05 -4.135157e-07 -4.447238e-08 -4.736849e-07 -1.230397e-05 -5.495135e-04 -2.769645e-05 5.324164e-05
 9004.400000 -2.937532e-05 -4.120580e-07 -4.498253e-08 -4.752108e-07 -4.780469e-06 -5.232500e-04 -3.900428e-05 4.704295e-05
 9004.600000 -2.938410e-05 -4.118294e-07 -4.570982e-08 -4.753697e-07 -3.658556e-06 -5.222903e-04 -3.165870e-05 4.986273e-05
 9004.800000 -2.935446e-05 -4.124404e-07 -4.630999e-08 -4.749558e-07 -5.670010e-07 -5.489327e-04 -1.949909e-05 5.585724e-05
 9005.000000 -2.938419e-05 -4.118176e-07 -4.683422e-08 -4.762347e-07 -1.526699e-05 -5.568879e-04 -2.557981e-05 5.097772e-05
 9005.200000 -2.937517e-05 -4.115264e-07 -4.733478e-08 -4.762080e-07 -1.583967e-05 -5.330897e-04 -3.112875e-05 3.977613e-05
 9005.400000 -2.941078e-05 -4.111746e-07 -4.748640e-08 -4.770757e-07 -6.384220e-06 -5.261102e-04 -3.026645e-05 4.323591e-05
 9005.600000 -2.942949e-05 -4.119844e-07 -4.769937e-08 -4.777341e-07 -3.818715e-06 -5.095050e-04 -2.342551e-05 4.637461e-05
 9005.800000 -2.943211e-05 -4.120597e-07 -4.833114e-08 -4.777417e-07 -8.230545e-06 -5.117575e-04 -2.876455e-05 4.401862e-05
 9006.000000 -2.943202e-05 -4.112497e-07 -4.871276e-08 -4.782419e-07 -1.267823e-05 -5.154880e-04 -2.690264e-05 3.060745e-05
 9006.200000 -2.943770e-05 -4.124139e-07 -4.932117e-08 -4.784321e-07 -2.643293e-06 -4.993687e-04 -2.610917e-05 3.730117e-05
 9006.400000 -2.942519e-05 -4.120915e-07 -4.980013e-08 -4.784604e-07 1.595506e-06 -5.333790e-04 -3.235885e-05 3.528165e-05
 9006.600000 -2.941587e-05 -4.119924e-07 -5.017143e-08 -4.786625e-07 1.849498e-06 -5.438806e-04 -2.672329e-05 4.276326e-05
 9006.800000 -2.940753e-05 -4.126709e-07 -5.065282e-08 -4.789835e-07 6.396985e-06 -5.386559e-04 -2.288721e-05 4.880376e-05
 9007.000000 -2.939367e-05 -4.122888e-07 -5.084734e-08 -4.789391e-07 -3.480930e-06 -5.317025e-04 -2.337048e-05 4.479370e-05
 9007.200000 -2.939616e-05 -4.130613e-07 -5.125102e-08 -4.792639e-07 -2.297170e-06 -5.451903e-04 -2.713239e-05 3.916554e-05
 9007.400000 -2.938197e-05 -4.123356e-07 -5.148060e-08 -4.794496e-07 1.039121e-05 -5.418375e-04 -2.571429e-05 5.517176e-05
 9007.600000 -2.938619e-05 -4.132733e-07 -5.180420e-08 -4.797298e-07 -1.442021e-06 -5.398418e-04 -3.308437e-05 4.906943e-05
 9007.800000 -2.936148e-05 -4.122251e-07 -5.193035e-08 -4.799929e-07 -3.406747e-06 -5.209749e-04 -2.594909e-05 5.693942e-05
 9008.000000 -2.933672e-05 -4.130561e-07 -5.227811e-08 -4.800394e-07 -1.310836e-05 -5.304778e-04 -4.190561e-05 4.935288e-05
 9008.200000 -2.933891e-05 -4.120438e-07 -5.243372e-08 -4.802826e-07 -7.040923e-06 -5.160795e-04 -4.413668e-05 4.116541e-05
 9008.400000 -2.933007e-05 -4.125498e-07 -5.294088e-08 -4.804894e-07 -4.744274e-06 -5.254340e-04 -2.490147e-05 4.706326e-05
 9008.600000 -2.931481e-05 -4.112866e-07 -5.327676e-08 -4.804996e-07 -1.421627e-05 -5.183315e-04 -4.512005e-05 3.504502e-05
 9008.800000 -2.933304e-05 -4.128366e-07 -5.382468e-08 -4.809546e-07 -1.213522e-05 -5.413400e-04 -4.123238e-05 3.648623e-05
 9009.000000 -2.934475e-05 -4.124959e-07 -5.388996e-08 -4.814702e-07 -6.034841e-06 -5.359124e-04 -2.968408e-05 5.137330e-05
 9009.227860 -2.931131e-05 -4.130130e-07 -5.395723e-08 -4.810147e-07 -3.963053e-06 -5.405676e-04 -4.231297e-05 4.819614e-05
 9009.483581 -2.928423e-05 -4.129218e-07 -5.413575e-08 -4.807835e-07 -1.943659e-05 -5.257101e-04 -3.793578e-05 4.430759e-05
 9009.767162 -2.928768e-05 -4.130518e-07 -5.462716e-08 -4.810802e-07 -2.301114e-05 -5.359545e-04 -4.685694e-05 4.789818e-05
 9010.078604 -2.928206e-05 -4.124036e-07 -5.519568e-08 -4.810782e-07 -2.246708e-05 -5.323951e-04 -4.908659e-05 5.179578e-05
 9010.417905 -2.923111e-05 -4.116433e-07 -5.535566e-08 -4.806933e-07 -2.926670e-05 -5.184491e-04 -4.940579e-05 3.849258e-05
 9010.785067 -2.908584e-05 -4.105949e-07 -5.499887e-08 -4.784102e-07 -2.108889e-05 -5.151255e-04 -4.587936e-05 3.091315e-05
 9011.180090 -2.895908e-05 -4.101939e-07 -5.478263e-08 -4.763386e-07 -1.887063e-05 -5.243537e-04 -3.433907e-05 4.247774e-05
 9011.602973 -2.893909e-05 -4.086990e-07 -5.467428e-08 -4.760800e-07 -2.133812e-05 -5.551113e-04 -4.846993e-05 4.247283e-05
 9012.053716 -2.890611e-05 -4.096659e-07 -5.480069e-08 -4.748454e-07 -2.548397e-05 -5.733553e-04 -5.487781e-05 3.419263e-05
 9012.532319 -2.897827e-05 -4.104434e-07 -5.473005e-08 -4.761804e-07 -1.952989e-05 -5.859839e-04 -5.490242e-05 3.154676e-05
 9013.038783 -2.905828e-05 -4.113358e-07 -5.434108e-08 -4.776360e-07 -1.268790e-05 -5.803622e-04 -5.094340e-05 2.435075e-05
 9013.573107 -2.915363e-05 -4.107531e-07 -5.374718e-08 -4.797380e-07 4.508681e-06 -5.581690e-04 -3.990894e-05 2.997500e-05
 9014.135292 -2.924483e-05 -4.110602e-07 -5.352930e-08 -4.814958e-07 -5.596316e-07 -5.701293e-04 -4.523291e-05 3.412838e-05
 9014.725337 -2.929678e-05 -4.132055e-07 -5.315677e-08 -4.818834e-07 -1.400084e-05 -5.492365e-04 -4.266544e-05 4.724147e-05
 9015.343242 -2.930417e-05 -4.144358e-07 -5.259105e-08 -4.810668e-07 -1.335017e-05 -5.360425e-04 -4.142183e-05 3.722947e-05
 9015.989008 -2.935332e-05 -4.149258e-07 -5.215619e-08 -4.811489e-07 -1.916194e-05 -5.577713e-04 -3.857415e-05 3.110358e-05
 9016.662634 -2.925888e-05 -4.153850e-07 -5.124250e-08 -4.783064e-07 -2.696100e-05 -5.833404e-04 -3.548287e-05 3.330550e-05
 9017.364120 -2.925671e-05 -4.144425e-07 -4.990276e-08 -4.770498e-07 -2.137353e-05 -5.581583e-04 -3.933079e-05 3.165205e-05
 9018.093467 -2.928469e-05 -4.145690e-07 -4.896781e-08 -4.762752e-07 -8.674734e-06 -5.358804e-04 -3.146977e-05 2.483904e-05
 9018.850674 -2.927698e-05 -4.145484e-07 -4.795202e-08 -4.753112e-07 -8.363690e-06 -5.333165e-04 -3.176038e-05 2.620015e-05
 9019.635741 -2.915437e-05 -4.156841e-07 -4.670673e-08 -4.721977e-07 -1.655509e-05 -5.326700e-04 -3.480421e-05 3.060078e-05
 9020.448669 -2.915824e-05 -4.151441e-07 -4.611947e-08 -4.714560e-07 -2.022526e-05 -5.440657e-04 -3.088148e-05 3.106124e-05
 9021.289457 -2.920604e-05 -4.139594e-07 -4.500209e-08 -4.720104e-07 -3.598190e-05 -5.487869e-04 -3.822019e-05 3.058030e-05
 9022.158106 -2.916053e-05 -4.139672e-07 -4.391619e-08 -4.705164e-07 -4.068823e-05 -5.364300e-04 -4.479522e-05 3.474090e-05
 9023.054614 -2.917735e-05 -4.132733e-07 -4.314627e-08 -4.702140e-07 -2.525315e-05 -5.612685e-04 -3.717426e-05 3.530138e-05
 9023.978983 -2.917634e-05 -4.128533e-07 -4.244451e-08 -4.701064e-07 -3.377964e-05 -5.582749e-04 -2.415787e-05 4.072286e-05
 9024.931213 -2.918532e-05 -4.132131e-07 -4.216000e-08 -4.698201e-07 -3.650890e-05 -5.114843e-04 -1.969908e-05 2.882045e-05
 9025.911303 -2.915913e-05 -4.126836e-07 -4.233551e-08 -4.694936e-07 -4.703017e-05 -5.177460e-04 -2.183529e-05 3.589658e-05
 9026.919253 -2.910639e-05 -4.124229e-07 -4.331136e-08 -4.685151e-07 -3.336331e-05 -5.157607e-04 -3.248257e-05 2.158911e-05
 9027.955064 -2.910118e-05 -4.120429e-07 -4.413447e-08 -4.687140e-07 -3.778186e-05 -5.117698e-04 -3.781086e-05 1.881001e-05
 9029.018734 -2.909285e-05 -4.119770e-07 -4.560172e-08 -4.690107e-07 -2.855263e-05 -5.057102e-04 -3.455627e-05 1.448349e-05
 9030.110266 -2.906292e-05 -4.118317e-07 -4.734470e-08 -4.692651e-07 -3.151351e-05 -5.140843e-04 -2.930611e-05 1.470383e-05
 9031.232723 -2.905713e-05 -4.116573e-07 -4.848329e-08 -4.700656e-07 -3.270182e-05 -5.179619e-04 -3.050869e-05 2.470804e-05
 9032.367373 -2.904565e-05 -4.111356e-07 -4.951522e-08 -4.710310e-07 -3.916142e-05 -5.088174e-04 -3.142155e-05 2.389164e-05
 9033.514214 -2.901520e-05 -4.109974e-07 -5.033993e-08 -4.720116e-07 -3.752064e-05 -5.025886e-04 -5.384562e-05 2.117965e-05
 9034.673248 -2.900086e-05 -4.108340e-07 -5.101041e-08 -4.732818e-07 -3.616016e-05 -5.081894e-04 -3.540208e-05 2.737751e-05
 9035.844473 -2.890697e-05 -4.112282e-07 -5.133108e-08 -4.733321e-07 -3.667795e-05 -5.157705e-04 -3.595431e-05 2.910159e-05
 9037.027890 -2.882753e-05 -4.121276e-07 -5.119389e-08 -4.735265e-07 -3.078678e-05 -5.178310e-04 -3.575991e-05 2.220605e-05
 9038.223499 -2.888680e-05 -4.113727e-07 -5.063088e-08 -4.762031e-07 -2.510569e-05 -4.817116e-04 -3.898863e-05 2.162328e-05
 9039.431300 -2.893406e-05 -4.108339e-07 -5.028608e-08 -4.787942e-07 -2.071361e-05 -4.839325e-04 -3.892835e-05 2.644495e-05
 9040.651293 -2.887890e-05 -4.114831e-07 -5.003735e-08 -4.793813e-07 -2.759202e-05 -5.079820e-04 -4.452885e-05 2.387942e-05
 9041.883478 -2.885800e-05 -4.111763e-07 -4.994543e-08 -4.806569e-07 -3.337447e-05 -4.945341e-04 -4.119691e-05 1.299500e-05
 9043.127855 -2.881682e-05 -4.105704e-07 -5.008123e-08 -4.815525e-07 -3.063626e-05 -5.034297e-04 -3.961075e-05 8.375512e-06
 9044.384423 -2.876623e-05 -4.110932e-07 -5.026634e-08 -4.822655e-07 -2.269600e-05 -4.914530e-04 -3.025298e-05 1.111660e-05
 9045.653184 -2.870620e-05 -4.116091e-07 -5.016920e-08 -4.820874e-07 -2.480902e-05 -4.547139e-04 -2.671884e-05 1.296358e-05
 9046.934136 -2.869629e-05 -4.105800e-07 -4.976105e-08 -4.829681e-07 -2.344800e-05 -4.410319e-04 -2.943410e-05 1.055069e-05
 9048.227280 -2.870066e-05 -4.103663e-07 -4.915709e-08 -4.839295e-07 -1.511377e-05 -4.520806e-04 -3.735794e-05 1.648718e-05
 9049.532617 -2.869079e-05 -4.111526e-07 -4.875745e-08 -4.840969e-07 -1.225009e-05 -4.554601e-04 -3.778443e-05 1.514095e-05
 9050.850145 -2.871473e-05 -4.108534e-07 -4.842811e-08 -4.849331e-07 -1.039802e-05 -4.739416e-04 -4.174150e-05 7.128536e-06
 9052.179865 -2.870239e-05 -4.101194e-07 -4.831243e-08 -4.851270e-07 -1.767236e-05 -4.765584e-04 -2.680819e-05 1.620170e-05
 9053.521777 -2.868751e-05 -4.096370e-07 -4.804349e-08 -4.853240e-07 -2.944358e-05 -4.982183e-04 -2.483879e-05 1.849358e-05
 9054.875881 -2.865360e-05 -4.099377e-07 -4.772258e-08 -4.850743e-07 -3.181416e-05 -5.140441e-04 -2.235627e-05 2.036122e-05
 9056.242177 -2.860784e-05 -4.095007e-07 -4.740354e-08 -4.846277e-07 -2.094590e-05 -4.992241e-04 -3.165868e-05 2.332513e-05
 9057.620664 -2.858508e-05 -4.095491e-07 -4.710352e-08 -4.846870e-07 -2.289308e-05 -4.940883e-04 -2.813091e-05 2.215133e-05
 9059.011344 -2.836132e-05 -4.094330e-07 -4.639535e-08 -4.811291e-07 -3.711244e-05 -4.779966e-04 -4.061786e-05 2.174253e-05
 9060.414215 -2.820138e-05 -4.090263e-07 -4.550822e-08 -4.785282e-07 -3.296691e-05 -5.114811e-04 -4.824341e-05 2.408420e-05
 9061.829279 -2.835230e-05 -4.090727e-07 -4.492352e-08 -4.815565e-07 -2.483680e-05 -5.116623e-04 -4.503976e-05 2.716135e-05
 9063.256534 -2.840114e-05 -4.103616e-07 -4.490835e-08 -4.827889e-07 -2.049592e-05 -5.075625e-04 -3.679788e-05 2.584347e-05
 9064.695981 -2.848898e-05 -4.080926e-07 -4.432576e-08 -4.849886e-07 -3.067023e-05 -5.330521e-04 -4.195711e-05 3.067176e-05
 9066.147620 -2.846865e-05 -4.081484e-07 -4.370307e-08 -4.853183e-07 -3.958498e-05 -5.448500e-04 -4.160029e-05 2.735269e-05
 9067.611452 -2.840080e-05 -4.077422e-07 -4.283859e-08 -4.848748e-07 -4.517405e-05 -5.444835e-04 -4.868289e-05 3.501983e-05
 9069.087475 -2.842411e-05 -4.073202e-07 -4.246666e-08 -4.860272e-07 -4.252015e-05 -5.254809e-04 -4.898499e-05 3.432083e-05
 9070.575689 -2.841193e-05 -4.078387e-07 -4.200591e-08 -4.862819e-07 -3.337855e-05 -5.318062e-04 -3.370712e-05 4.115463e-05
 9072.076096 -2.838808e-05 -4.075281e-07 -4.178989e-08 -4.864401e-07 -2.708787e-05 -5.320625e-04 -3.105770e-05 4.064741e-05
 9073.588695 -2.837182e-05 -4.067242e-07 -4.168829e-08 -4.867153e-07 -3.322618e-05 -5.325576e-04 -3.380669e-05 3.863674e-05
 9075.113485 -2.832786e-05 -4.070021e-07 -4.251127e-08 -4.863878e-07 -2.895678e-05 -5.320197e-04 -3.260953e-05 3.860538e-05
 9076.650468 -2.832631e-05 -4.063477e-07 -4.351282e-08 -4.871980e-07 -2.501635e-05 -5.440823e-04 -2.008778e-05 3.954110e-05
 9078.199642 -2.831900e-05 -4.068296e-07 -4.478104e-08 -4.877855e-07 -2.557362e-05 -5.131642e-04 -1.631257e-05 3.808609e-05
 9079.761009 -2.830699e-05 -4.069166e-07 -4.583927e-08 -4.880560e-07 -2.537080e-05 -5.344894e-04 -2.433380e-05 4.871905e-05
 9081.334567 -2.828262e-05 -4.054692e-07 -4.657795e-08 -4.884366e-07 -1.991451e-05 -5.384514e-04 -2.331174e-05 5.139289e-05
 9082.920317 -2.818795e-05 -4.043760e-07 -4.747029e-08 -4.868089e-07 -2.052318e-05 -5.389443e-04 -3.490972e-05 5.072529e-05
 9084.518259 -2.807548e-05 -4.068115e-07 -4.855236e-08 -4.848359e-07 -3.224267e-05 -5.368435e-04 -3.493029e-05 4.133754e-05
 9086.128393 -2.805729e-05 -4.075008e-07 -4.931684e-08 -4.847754e-07 -2.294223e-05 -5.486316e-04 -4.099208e-05 4.726990e-05
 9087.750719 -2.810719e-05 -4.066597e-07 -4.961685e-08 -4.859169e-07 -2.268252e-05 -5.636913e-04 -4.470418e-05 4.878517e-05
 9089.385237 -2.811331e-05 -4.074705e-07 -5.039731e-08 -4.856104e-07 -2.258538e-05 -5.610112e-04 -4.369885e-05 5.101304e-05
 9091.031946 -2.811159e-05 -4.066555e-07 -5.118348e-08 -4.855794e-07 -2.267029e-05 -5.600473e-04 -3.956793e-05 5.399819e-05
 9092.690848 -2.811723e-05 -4.072243e-07 -5.216052e-08 -4.859070e-07 -3.039248e-05 -5.497945e-04 -4.324054e-05 4.061951e-05
 9094.361942 -2.810735e-05 -4.059408e-07 -5.280728e-08 -4.859443e-07 -2.227841e-05 -5.558194e-04 -4.500623e-05 3.493966e-05
 9096.045227 -2.811053e-05 -4.069961e-07 -5.367371e-08 -4.857745e-07 -1.538977e-05 -5.559823e-04 -4.506387e-05 4.460661e-05
 9097.740704 -2.806138e-05 -4.072720e-07 -5.443275e-08 -4.846784e-07 -1.070260e-05 -5.584991e-04 -4.970611e-05 4.725690e-05
 9099.448374 -2.803708e-05 -4.081610e-07 -5.472536e-08 -4.845645e-07 -1.122540e-05 -5.678335e-04 -3.353701e-05 5.082392e-05
 9101.168235 -2.803613e-05 -4.082897e-07 -5.400058e-08 -4.851914e-07 -1.730862e-05 -5.647876e-04 -3.415524e-05 4.365265e-05
 9102.900288 -2.805399e-05 -4.074836e-07 -5.274783e-08 -4.860554e-07 -1.827458e-05 -5.705453e-04 -3.390015e-05 4.394192e-05
 9104.644533 -2.805399e-05 -4.078645e-07 -5.143308e-08 -4.865169e-07 -1.650392e-05 -5.848066e-04 -3.315111e-05 4.007053e-05
 9106.400970 -2.802990e-05 -4.076845e-07 -5.059079e-08 -4.863712e-07 -1.313142e-05 -5.767153e-04 -3.940649e-05 3.860571e-05
 9108.169598 -2.799701e-05 -4.075206e-07 -4.998040e-08 -4.862655e-07 -2.063656e-05 -5.461832e-04 -4.568150e-05 4.496927e-05
 9109.950419 -2.794068e-05 -4.080345e-07 -4.949053e-08 -4.860503e-07 -3.301504e-05 -5.401120e-04 -4.356726e-05 3.939530e-05
 9111.743432 -2.788997e-05 -4.107383e-07 -4.932177e-08 -4.857262e-07 -2.915888e-05 -5.482994e-04 -4.114476e-05 3.282534e-05
 9113.548636 -2.788420e-05 -4.104229e-07 -4.885448e-08 -4.867366e-07 -1.690660e-05 -5.429725e-04 -4.680249e-05 4.329320e-05
 9115.366032 -2.781265e-05 -4.126496e-07 -4.917775e-08 -4.862570e-07 -3.213864e-05 -5.409482e-04 -4.751235e-05 4.753106e-05
 9117.195621 -2.780872e-05 -4.122521e-07 -4.919201e-08 -4.869076e-07 -2.548637e-05 -5.433652e-04 -4.758806e-05 3.718665e-05
 9119.037401 -2.783516e-05 -4.108314e-07 -4.891760e-08 -4.884265e-07 -2.000795e-05 -5.288645e-04 -4.864227e-05 2.592227e-05
 9120.891373 -2.784729e-05 -4.085568e-07 -4.807025e-08 -4.900432e-07 -2.413655e-05 -5.378791e-04 -5.979355e-05 2.460343e-05
 9122.757537 -2.784173e-05 -4.078469e-07 -4.683771e-08 -4.907741e-07 -3.195784e-05 -5.415069e-04 -5.938121e-05 3.672649e-05
 9124.635893 -2.782343e-05 -4.088449e-07 -4.563558e-08 -4.910952e-07 -2.453930e-05 -5.280337e-04 -6.496192e-05 4.145882e-05
 9126.526441 -2.782674e-05 -4.084607e-07 -4.432492e-08 -4.918763e-07 -2.265056e-05 -5.547663e-04 -5.539720e-05 4.333710e-05
 9128.429181 -2.772432e-05 -4.099242e-07 -4.313303e-08 -4.907946e-07 -2.266657e-05 -5.316866e-04 -5.790007e-05 3.954686e-05
 9130.344112 -2.764964e-05 -4.081505e-07 -4.215319e-08 -4.902368e-07 -2.931698e-05 -5.382867e-04 -4.806535e-05 3.616664e-05
 9132.271236 -2.775929e-05 -4.071500e-07 -4.181956e-08 -4.939118e-07 -1.869434e-05 -5.413295e-04 -5.176138e-05 2.428383e-05
 9134.210552 -2.779842e-05 -4.051787e-07 -4.206129e-08 -4.956403e-07 -1.311418e-05 -5.422689e-04 -3.818061e-05 3.255162e-05
 9136.162059 -2.776668e-05 -4.039827e-07 -4.262618e-08 -4.959631e-07 -2.757139e-05 -5.676965e-04 -3.437011e-05 3.429363e-05
 9138.125758 -2.774380e-05 -4.054987e-07 -4.353921e-08 -4.957237e-07 -3.155645e-05 -5.519750e-04 -2.363574e-05 4.283414e-05
 9140.101649 -2.776432e-05 -4.057974e-07 -4.433065e-08 -4.972341e-07 -3.021390e-05 -5.559670e-04 -4.539330e-05 3.795429e-05
 9142.089733 -2.777435e-05 -4.070488e-07 -4.530466e-08 -4.984803e-07 -2.680969e-05 -5.358502e-04 -3.571118e-05 4.242952e-05
 9144.090008 -2.774876e-05 -4.068387e-07 -4.650125e-08 -4.983846e-07 -2.828439e-05 -5.494008e-04 -3.068175e-05 4.619779e-05
 9146.102475 -2.770349e-05 -4.077199e-07 -4.831321e-08 -4.981066e-07 -3.893906e-05 -5.343337e-04 -3.114687e-05 4.442777e-05
 9148.127133 -2.764544e-05 -4.098953e-07 -5.053869e-08 -4.975175e-07 -3.265039e-05 -5.315031e-04 -3.267895e-05 3.913801e-05
 9150.163984 -2.763417e-05 -4.097468e-07 -5.234542e-08 -4.980558e-07 -2.619256e-05 -5.299858e-04 -3.556557e-05 3.077892e-05
 9152.213027 -2.763629e-05 -4.085881e-07 -5.409582e-08 -4.989239e-07 -2.409720e-05 -5.503008e-04 -2.751346e-05 3.763129e-05
 9154.274261 -2.741132e-05 -4.053953e-07 -5.518293e-08 -4.958035e-07 -2.563387e-05 -5.653128e-04 -2.411193e-05 4.288950e-05
 9156.347688 -2.726867e-05 -4.021880e-07 -5.592944e-08 -4.941865e-07 -2.411153e-05 -5.524009e-04 -2.330773e-05 3.945327e-05
 9158.433306 -2.769608e-05 -4.105318e-07 -5.766993e-08 -5.017782e-07 -1.480010e-05 -5.625987e-04 -2.118228e-05 4.388146e-05
 9160.531117 -2.763905e-05 -4.125011e-07 -5.780499e-08 -5.011662e-07 -1.793287e-05 -5.237413e-04 -2.604176e-05 3.706398e-05
 9162.641119 -2.763792e-05 -4.122995e-07 -5.694478e-08 -5.016209e-07 -2.114913e-05 -5.372961e-04 -2.653813e-05 3.099721e-05
 9164.763313 -2.769598e-05 -4.088417e-07 -5.494014e-08 -5.041258e-07 -2.236346e-05 -5.009261e-04 -3.027187e-05 3.259328e-05
 9166.897699 -2.760633e-05 -4.093305e-07 -5.345509e-08 -5.030760e-07 -2.247003e-05 -5.171144e-04 -2.531154e-05 4.232298e-05
 9169.044277 -2.733703e-05 -4.062841e-07 -5.144957e-08 -4.989378e-07 -1.794260e-05 -5.138030e-04 -2.349207e-05 4.442752e-05
 9171.203047 -2.733849e-05 -4.077502e-07 -5.057796e-08 -4.991297e-07 -1.629725e-05 -5.165826e-04 -2.184589e-05 4.469724e-05
 9173.374008 -2.757724e-05 -4.106407e-07 -5.037687e-08 -5.045099e-07 -2.245690e-05 -5.053752e-04 -2.229570e-05 3.644909e-05
 9175.557162 -2.758715e-05 -4.152890e-07 -5.073199e-08 -5.048216e-07 -2.048480e-05 -5.039137e-04 -1.568795e-05 3.275453e-05
 9177.752508 -2.764127e-05 -4.128367e-07 -5.062386e-08 -5.070959e-07 -2.446759e-05 -4.940032e-04 -2.067687e-05 3.141253e-05
 9179.960045 -2.768544e-05 -4.097838e-07 -5.059184e-08 -5.090745e-07 -2.995548e-05 -4.984098e-04 -3.576693e-05 3.853502e-05
 9182.179775 -2.771084e-05 -4.107221e-07 -5.083188e-08 -5.100656e-07 -2.591819e-05 -5.010113e-04 -2.042112e-05 5.744169e-05
 9184.411696 -2.772679e-05 -4.089286e-07 -5.070530e-08 -5.111482e-07 -2.412257e-05 -5.036676e-04 -2.229822e-05 4.670612e-05
 9186.655809 -2.772827e-05 -4.104109e-07 -5.078087e-08 -5.118832e-07 -2.651411e-05 -4.821937e-04 -2.392424e-05 4.605290e-05
 9188.912114 -2.773343e-05 -4.093769e-07 -5.088733e-08 -5.129109e-07 -2.949989e-05 -4.857251e-04 -2.871727e-05 3.865279e-05
 9191.180611 -2.773505e-05 -4.097768e-07 -5.106151e-08 -5.136495e-07 -2.542779e-05 -4.909626e-04 -2.507313e-05 4.092873e-05
 9193.461300 -2.773643e-05 -4.089316e-07 -5.133383e-08 -5.142388e-07 -2.456881e-05 -5.023965e-04 -2.421554e-05 4.208991e-05
 9195.754181 -2.775001e-05 -4.100625e-07 -5.168632e-08 -5.153410e-07 -2.543718e-05 -4.961022e-04 -2.416441e-05 4.306182e-05
 9198.059254 -2.772981e-05 -4.101729e-07 -5.124127e-08 -5.158316e-07 -2.921024e-05 -4.899468e-04 -3.595271e-05 3.541435e-05
 9200.376518 -2.776155e-05 -4.108442e-07 -5.084117e-08 -5.169712e-07 -2.838190e-05 -4.955107e-04 -3.819779e-05 3.781825e-05
 9202.705975 -2.777817e-05 -4.106228e-07 -4.976466e-08 -5.180830e-07 -3.478317e-05 -4.861791e-04 -3.570518e-05 4.124942e-05
 9205.047623 -2.779458e-05 -4.100211e-07 -4.905998e-08 -5.189471e-07 -3.268176e-05 -4.970011e-04 -4.468751e-05 3.717900e-05
 9207.401464 -2.779181e-05 -4.122206e-07 -4.882882e-08 -5.193635e-07 -2.810798e-05 -4.921071e-04 -2.813659e-05 3.807724e-05
 9209.767496 -2.774288e-05 -4.152656e-07 -4.889556e-08 -5.189004e-07 -2.475464e-05 -5.078948e-04 -3.044587e-05 3.354914e-05
 9212.145720 -2.770315e-05 -4.186770e-07 -4.919561e-08 -5.188870e-07 -2.605601e-05 -5.111678e-04 -2.485590e-05 3.985987e-05
 9214.536136 -2.765902e-05 -4.227519e-07 -4.997327e-08 -5.181659e-07 -2.525610e-05 -5.288611e-04 -1.967579e-05 4.775387e-05
 9216.938744 -2.773729e-05 -4.193288e-07 -4.995509e-08 -5.208433e-07 -2.964030e-05 -5.345476e-04 -4.294346e-05 3.714122e-05
 9219.353544 -2.784369e-05 -4.151650e-07 -5.022707e-08 -5.242580e-07 -2.416955e-05 -5.224552e-04 -2.728644e-05 3.975398e-05
 9221.780536 -2.790002e-05 -4.139327e-07 -5.094014e-08 -5.262616e-07 -2.775535e-05 -5.339049e-04 -3.375983e-05 3.680760e-05
 9224.219720 -2.790758e-05 -4.131259e-07 -5.184925e-08 -5.274532e-07 -2.677628e-05 -5.460805e-04 -2.995509e-05 3.915064e-05
 9226.671096 -2.792371e-05 -4.123226e-07 -5.269025e-08 -5.284739e-07 -2.683268e-05 -5.455457e-04 -3.918150e-05 3.688046e-05
 9229.134663 -2.792255e-05 -4.129857e-07 -5.378305e-08 -5.293579e-07 -2.996681e-05 -5.457735e-04 -4.281600e-05 4.303431e-05
 9231.610423 -2.787226e-05 -4.180487e-07 -5.551206e-08 -5.287799e-07 -3.346454e-05 -5.309605e-04 -4.663529e-05 3.863608e-05
 9234.098374 -2.791886e-05 -4.182256e-07 -5.653584e-08 -5.306714e-07 -3.082317e-05 -5.342743e-04 -5.254946e-05 2.746330e-05
 9236.598517 -2.795116e-05 -4.194464e-07 -5.727354e-08 -5.320632e-07 -3.188360e-05 -5.522295e-04 -2.815719e-05 3.144213e-05
 9239.110852 -2.794181e-05 -4.221791e-07 -5.784911e-08 -5.324326e-07 -2.391121e-05 -5.515678e-04 -3.260502e-05 3.555785e-05
 9241.635380 -2.801638e-05 -4.203150e-07 -5.749594e-08 -5.349783e-07 -3.168181e-05 -5.616345e-04 -3.189169e-05 3.707386e-05
 9244.172099 -2.807905e-05 -4.178165e-07 -5.707394e-08 -5.370170e-07 -3.003616e-05 -5.460793e-04 -2.729599e-05 4.249107e-05
 9246.721009 -2.809002e-05 -4.168297e-07 -5.689886e-08 -5.385905e-07 -2.806318e-05 -5.297340e-04 -3.086075e-05 4.172353e-05
 9249.282112 -2.809622e-05 -4.174937e-07 -5.715274e-08 -5.394920e-07 -2.794606e-05 -5.241913e-04 -2.452909e-05 4.818711e-05
 9251.855407 -2.813455e-05 -4.182889e-07 -5.720658e-08 -5.412700e-07 -2.987591e-05 -5.268058e-04 -1.468535e-05 5.814260e-05
 9254.440894 -2.815952e-05 -4.202685e-07 -5.729070e-08 -5.425099e-07 -3.672616e-05 -5.270001e-04 -2.380093e-05 5.972339e-05
 9257.038572 -2.820132e-05 -4.194708e-07 -5.681722e-08 -5.446030e-07 -2.960562e-05 -5.397439e-04 -2.671395e-05 4.638900e-05
 9259.648443 -2.824347e-05 -4.191757e-07 -5.669902e-08 -5.464332e-07 -2.602321e-05 -5.459101e-04 -2.780313e-05 4.228179e-05
 9262.270505 -2.826923e-05 -4.192646e-07 -5.676849e-08 -5.478081e-07 -2.149337e-05 -5.513600e-04 -2.748558e-05 3.253399e-05
 9264.904759 -2.826328e-05 -4.192408e-07 -5.636982e-08 -5.486430e-07 -1.629928e-05 -5.495869e-04 -2.579009e-05 3.372312e-05
 9267.551205 -2.821350e-05 -4.235947e-07 -5.648376e-08 -5.485300e-07 -1.860455e-05 -5.462203e-04 -1.393032e-05 4.768313e-05
 9270.209844 -2.824493e-05 -4.238327e-07 -5.607990e-08 -5.503186e-07 -2.286701e-05 -5.260900e-04 -2.526805e-05 4.851910e-05
 9272.880674 -2.828216e-05 -4.234633e-07 -5.609795e-08 -5.518535e-07 -2.036711e-05 -5.271392e-04 -2.476876e-05 4.834804e-05
 9275.563696 -2.834700e-05 -4.230259e-07 -5.601005e-08 -5.541678e-07 -1.851407e-05 -5.096979e-04 -2.923956e-05 4.565919e-05
 9278.258909 -2.840214e-05 -4.227397e-07 -5.562703e-08 -5.564945e-07 -1.984445e-05 -5.160403e-04 -2.851886e-05 4.074129e-05
 9280.966315 -2.845475e-05 -4.236863e-07 -5.539155e-08 -5.586212e-07 -2.503778e-05 -4.923859e-04 -2.287849e-05 4.186412e-05
 9283.685913 -2.850694e-05 -4.262553e-07 -5.571045e-08 -5.603540e-07 -1.321124e-05 -5.022297e-04 -3.011154e-05 4.723107e-05
 9286.417702 -2.849799e-05 -4.294893e-07 -5.650717e-08 -5.610287e-07 -1.583283e-05 -5.047792e-04 -2.978393e-05 4.351519e-05
 9289.161684 -2.841944e-05 -4.300245e-07 -5.647401e-08 -5.604632e-07 -3.317236e-05 -5.133542e-04 -2.088496e-05 4.513619e-05
 9291.917857 -2.844101e-05 -4.335870e-07 -5.669724e-08 -5.616634e-07 -2.860599e-05 -4.831806e-04 -2.648981e-05 4.522725e-05
 9294.686222 -2.861084e-05 -4.321211e-07 -5.623126e-08 -5.662147e-07 -1.832783e-05 -4.727385e-04 -3.293463e-05 4.497215e-05
 9297.466780 -2.863870e-05 -4.298123e-07 -5.612662e-08 -5.678491e-07 -2.536802e-05 -4.879667e-04 -3.386044e-05 4.859966e-05
 9300.259529 -2.855051e-05 -4.300944e-07 -5.663811e-08 -5.666880e-07 -3.610508e-05 -4.861314e-04 -3.255584e-05 4.534821e-05
 9303.064470 -2.878705e-05 -4.334477e-07 -5.748174e-08 -5.726020e-07 -2.645768e-05 -4.892822e-04 -2.423059e-05 4.331501e-05
 9305.881602 -2.879684e-05 -4.352834e-07 -5.801811e-08 -5.734058e-07 -2.131768e-05 -4.784718e-04 -2.033959e-05 5.094802e-05
 9308.710927 -2.880287e-05 -4.369424e-07 -5.867357e-08 -5.743877e-07 -1.867817e-05 -4.827099e-04 -1.914349e-05 5.715718e-05
 9311.552444 -2.888505e-05 -4.387844e-07 -5.960838e-08 -5.770187e-07 -2.165555e-05 -4.812722e-04 -2.438036e-05 5.817941e-05
 9314.406153 -2.896608e-05 -4.411399e-07 -6.070624e-08 -5.795698e-07 -2.220641e-05 -4.697883e-04 -2.321498e-05 5.840774e-05
 9317.272053 -2.904801e-05 -4.423390e-07 -6.145402e-08 -5.824256e-07 -1.674354e-05 -4.659924e-04 -2.511782e-05 5.451866e-05
 9320.150146 -2.896588e-05 -4.484680e-07 -6.253813e-08 -5.810102e-07 -1.545960e-05 -4.759219e-04 -2.679260e-05 5.997283e-05
 9323.040430 -2.896555e-05 -4.488902e-07 -6.283726e-08 -5.815247e-07 -2.346468e-05 -5.016919e-04 -3.528365e-05 5.296814e-05
 9325.942906 -2.894441e-05 -4.469004e-07 -6.263440e-08 -5.824475e-07 -1.897411e-05 -5.301579e-04 -3.614936e-05 4.612116e-05
 9328.857574 -2.921282e-05 -4.483761e-07 -6.309516e-08 -5.891440e-07 -2.277928e-05 -5.370965e-04 -3.732569e-05 4.016693e-05
 9331.784435 -2.927086e-05 -4.487461e-07 -6.333568e-08 -5.911333e-07 -2.355194e-05 -5.158407e-04 -3.277622e-05 3.820118e-05
 9334.723487 -2.929352e-05 -4.509562e-07 -6.399372e-08 -5.923927e-07 -1.625962e-05 -4.985349e-04 -2.843913e-05 5.125146e-05
 9337.674730 -2.938606e-05 -4.525169e-07 -6.445456e-08 -5.952940e-07 -1.841845e-05 -4.743994e-04 -2.455354e-05 5.683846e-05
 9340.638166 -2.941308e-05 -4.551320e-07 -6.519627e-08 -5.966284e-07 -2.013808e-05 -4.619998e-04 -2.928277e-05 5.426876e-05
 9343.613794 -2.948917e-05 -4.537193e-07 -6.548382e-08 -5.995255e-07 -2.441719e-05 -4.763190e-04 -2.156094e-05 5.701145e-05
 9346.601614 -2.954493e-05 -4.563393e-07 -6.599555e-08 -6.019067e-07 -2.582786e-05 -4.552025e-04 -2.011759e-05 5.552163e-05
 9349.601625 -2.959430e-05 -4.570498e-07 -6.576497e-08 -6.039084e-07 -3.213277e-05 -4.538664e-04 -2.219923e-05 5.073044e-05
 9352.613829 -2.963775e-05 -4.589373e-07 -6.589110e-08 -6.055767e-07 -3.667876e-05 -4.617650e-04 -2.424889e-05 4.840356e-05
 9355.638224 -2.962999e-05 -4.614222e-07 -6.638926e-08 -6.060890e-07 -2.202778e-05 -4.488431e-04 -2.658572e-05 5.279846e-05
 9358.674811 -2.968584e-05 -4.633076e-07 -6.678982e-08 -6.085906e-07 -1.482482e-05 -4.689257e-04 -3.098452e-05 4.361578e-05
 9361.723590 -2.975265e-05 -4.644351e-07 -6.666546e-08 -6.112875e-07 -2.298913e-05 -4.715615e-04 -1.765155e-05 4.402731e-05
 9364.784561 -2.977644e-05 -4.676393e-07 -6.679578e-08 -6.124580e-07 -3.431393e-05 -4.499700e-04 -1.388422e-05 4.677052e-05
 9367.857724 -2.983263e-05 -4.685232e-07 -6.693061e-08 -6.148159e-07 -3.223759e-05 -4.691609e-04 -1.833478e-05 6.158644e-05
 9370.943079 -2.990401e-05 -4.685421e-07 -6.714522e-08 -6.175450e-07 -1.888000e-05 -4.526978e-04 -1.934179e-05 5.935001e-05
 9374.040626 -2.991492e-05 -4.698745e-07 -6.722470e-08 -6.189962e-07 -1.655652e-05 -4.532766e-04 -2.819484e-05 5.575985e-05
 9377.150365 -2.996980e-05 -4.709948e-07 -6.726937e-08 -6.209069e-07 -2.703462e-05 -4.424039e-04 -2.128892e-05 5.394084e-05
 9380.272295 -3.003009e-05 -4.729216e-07 -6.762811e-08 -6.229061e-07 -3.060805e-05 -4.440297e-04 -2.437148e-05 5.165673e-05
 9383.406418 -3.004595e-05 -4.737099e-07 -6.807512e-08 -6.243544e-07 -2.718996e-05 -4.445611e-04 -2.495997e-05 5.755460e-05
 9386.552732 -3.003177e-05 -4.756114e-07 -6.842985e-08 -6.245533e-07 -2.310932e-05 -4.552664e-04 -1.460269e-05 5.958234e-05
 9389.711239 -3.004584e-05 -4.766641e-07 -6.855656e-08 -6.259746e-07 -2.330058e-05 -4.621090e-04 -2.147234e-05 5.816517e-05
 9392.881937 -3.011282e-05 -4.780114e-07 -6.857754e-08 -6.290682e-07 -3.088469e-05 -4.702799e-04 -2.776210e-05 5.268638e-05
 9396.064827 -3.015350e-05 -4.794643e-07 -6.894043e-08 -6.311784e-07 -1.477451e-05 -4.916866e-04 -3.528477e-05 5.412319e-05
 9399.259909 -3.020002e-05 -4.818092e-07 -6.948412e-08 -6.330627e-07 -1.620664e-05 -5.008207e-04 -3.284606e-05 4.527975e-05
 9402.467183 -3.026709e-05 -4.824618e-07 -6.941408e-08 -6.356786e-07 -2.378728e-05 -4.905594e-04 -2.264839e-05 5.335319e-05
 9405.686649 -3.027541e-05 -4.849817e-07 -6.990917e-08 -6.367169e-07 -2.509710e-05 -4.725639e-04 -2.905553e-05 5.721736e-05
 9408.918307 -3.020066e-05 -4.894042e-07 -7.129280e-08 -6.356056e-07 -2.102238e-05 -4.662445e-04 -2.725068e-05 5.623636e-05
 9412.162157 -3.021040e-05 -4.919832e-07 -7.229194e-08 -6.371694e-07 -2.054641e-05 -4.490157e-04 -2.728809e-05 5.537440e-05
 9415.418198 -3.027658e-05 -4.940915e-07 -7.277989e-08 -6.397778e-07 -2.665536e-05 -4.372684e-04 -3.497649e-05 4.203967e-05
 9418.686432 -3.037748e-05 -4.940008e-07 -7.320799e-08 -6.433049e-07 -2.985098e-05 -4.386945e-04 -2.930111e-05 3.729594e-05
 9421.966857 -3.041878e-05 -4.918931e-07 -7.356873e-08 -6.459606e-07 -3.126188e-05 -4.444476e-04 -3.867258e-05 3.381109e-05
 9425.259474 -3.054673e-05 -4.935974e-07 -7.394522e-08 -6.502534e-07 -2.838292e-05 -4.533329e-04 -3.607605e-05 2.985664e-05
 9428.564284 -3.070035e-05 -4.966879e-07 -7.406134e-08 -6.542756e-07 -2.550537e-05 -4.488336e-04 -1.756646e-05 3.396167e-05
 9431.881285 -3.070843e-05 -4.986703e-07 -7.463971e-08 -6.551924e-07 -2.893802e-05 -4.477245e-04 -7.890943e-06 4.604749e-05
 9435.210478 -3.068605e-05 -5.026189e-07 -7.558238e-08 -6.558241e-07 -3.116973e-05 -4.691087e-04 -1.139112e-05 4.394990e-05
 9438.551863 -3.069579e-05 -5.057503e-07 -7.613375e-08 -6.570804e-07 -3.297828e-05 -4.644171e-04 -1.480713e-05 4.373266e-05
 9441.905440 -3.073905e-05 -5.083904e-07 -7.647344e-08 -6.588270e-07 -3.077804e-05 -4.807328e-04 -1.658094e-05 4.626799e-05
 9445.271209 -3.086385e-05 -5.073721e-07 -7.673542e-08 -6.628966e-07 -3.581715e-05 -4.787904e-04 -3.114624e-05 3.804359e-05
 9448.649169 -3.083589e-05 -5.111155e-07 -7.791352e-08 -6.631986e-07 -3.326146e-05 -4.644391e-04 -2.479929e-05 4.500525e-05
 9452.039322 -3.083695e-05 -5.143057e-07 -7.881156e-08 -6.643666e-07 -2.734807e-05 -4.692467e-04 -3.175106e-05 4.065149e-05
 9455.441666 -3.087477e-05 -5.153899e-07 -7.909321e-08 -6.661563e-07 -3.064738e-05 -4.980780e-04 -3.563475e-05 4.286315e-05
 9458.856203 -3.089533e-05 -5.184178e-07 -7.982734e-08 -6.675591e-07 -3.219719e-05 -4.944563e-04 -1.137106e-05 4.273935e-05
 9462.282931 -3.102534e-05 -5.184944e-07 -7.980412e-08 -6.720268e-07 -2.837363e-05 -4.728161e-04 -1.982689e-05 3.843000e-05
 9465.721851 -3.112992e-05 -5.206316e-07 -8.028489e-08 -6.756558e-07 -1.508282e-05 -4.872984e-04 -2.193494e-05 3.796511e-05
 9469.172964 -3.114939e-05 -5.217368e-07 -8.077964e-08 -6.770241e-07 -1.405139e-05 -4.892826e-04 -2.659737e-05 3.653371e-05
 9472.636268 -3.117103e-05 -5.233485e-07 -8.128906e-08 -6.785653e-07 -1.887747e-05 -4.782470e-04 -2.682474e-05 4.200205e-05
 9476.111764 -3.111649e-05 -5.258105e-07 -8.154341e-08 -6.786453e-07 -2.845266e-05 -4.639413e-04 -2.172699e-05 3.958303e-05
 9479.599451 -3.095186e-05 -5.323051e-07 -8.231671e-08 -6.755140e-07 -3.730921e-05 -4.727173e-04 -2.437590e-05 4.363417e-05
 9483.099331 -3.111795e-05 -5.301016e-07 -8.222415e-08 -6.807789e-07 -3.942512e-05 -4.897986e-04 -3.274444e-05 3.533185e-05
 9486.611403 -3.127312e-05 -5.284659e-07 -8.228972e-08 -6.862572e-07 -3.369368e-05 -4.786622e-04 -3.737723e-05 2.608077e-05
 9490.135666 -3.124389e-05 -5.313484e-07 -8.251899e-08 -6.871361e-07 -2.942354e-05 -4.624382e-04 -3.590146e-05 3.303735e-05
 9493.672122 -3.130063e-05 -5.313072e-07 -8.243713e-08 -6.903575e-07 -3.744373e-05 -4.694950e-04 -3.627592e-05 2.998763e-05
 9497.220769 -3.132514e-05 -5.332967e-07 -8.304482e-08 -6.922389e-07 -1.671717e-05 -4.531385e-04 -3.154719e-05 2.614777e-05
 9500.781609 -3.127890e-05 -5.363627e-07 -8.358114e-08 -6.923183e-07 -1.658505e-05 -4.444596e-04 -2.848002e-05 3.457502e-05
 9504.354640 -3.128971e-05 -5.361965e-07 -8.316145e-08 -6.947543e-07 -2.350515e-05 -4.599001e-04 -2.830427e-05 3.966906e-05
 9507.939863 -3.149063e-05 -5.400015e-07 -8.379682e-08 -6.998899e-07 -1.537381e-05 -4.634471e-04 -3.542821e-05 4.352093e-05
 9511.537278 -3.148878e-05 -5.424468e-07 -8.455574e-08 -7.009665e-07 -6.549542e-06 -4.526877e-04 -3.014093e-05 3.941672e-05
 9515.146885 -3.145269e-05 -5.471888e-07 -8.545277e-08 -7.014612e-07 -1.685367e-06 -4.604858e-04 -2.272793e-05 3.904466e-05
 9518.768684 -3.145460e-05 -5.508319e-07 -8.624966e-08 -7.019461e-07 -1.242908e-05 -4.681946e-04 -2.329829e-05 4.356752e-05
 9522.402675 -3.159097e-05 -5.498466e-07 -8.658329e-08 -7.064759e-07 -9.074565e-06 -4.500253e-04 -2.305963e-05 4.190635e-05
 9526.048857 -3.162389e-05 -5.497822e-07 -8.701784e-08 -7.085367e-07 -2.170753e-05 -4.316442e-04 -3.714017e-05 2.734716e-05
 9529.707232 -3.163775e-05 -5.515315e-07 -8.794419e-08 -7.101699e-07 -1.964984e-05 -4.338310e-04 -3.207916e-05 3.754702e-05
 9533.377799 -3.169211e-05 -5.539345e-07 -8.854160e-08 -7.126915e-07 -2.429384e-05 -4.584666e-04 -3.722452e-05 4.684332e-05
 9537.060557 -3.170018e-05 -5.556406e-07 -8.876540e-08 -7.145389e-07 -2.389400e-05 -4.559024e-04 -4.402910e-05 4.855976e-05
 9540.755507 -3.153985e-05 -5.574811e-07 -8.940971e-08 -7.122919e-07 -1.744308e-05 -4.317721e-04 -3.072987e-05 5.656661e-05
 9544.462650 -3.179191e-05 -5.624332e-07 -9.063028e-08 -7.194315e-07 -4.347283e-06 -4.121899e-04 -3.585438e-05 4.599970e-05
 9548.181984 -3.182166e-05 -5.642867e-07 -9.090411e-08 -7.222138e-07 -1.971694e-06 -4.165035e-04 -3.103016e-05 5.089617e-05
 9551.913510 -3.182774e-05 -5.669741e-07 -9.122499e-08 -7.240042e-07 -3.578735e-06 -4.230212e-04 -3.724780e-05 5.615244e-05
 9555.657228 -3.187982e-05 -5.684759e-07 -9.158189e-08 -7.266395e-07 9.347103e-07 -4.325070e-04 -2.818148e-05 5.451274e-05
 9559.413138 -3.185217e-05 -5.716880e-07 -9.244762e-08 -7.273178e-07 -1.473079e-06 -4.324876e-04 -4.145270e-05 5.067980e-05
 9563.181239 -3.183892e-05 -5.743180e-07 -9.327987e-08 -7.283213e-07 -3.676627e-06 -4.294688e-04 -4.954441e-05 5.220453e-05
 9566.961533 -3.194786e-05 -5.740629e-07 -9.350748e-08 -7.324461e-07 -7.706256e-06 -4.042450e-04 -5.184260e-05 4.202852e-05
 9570.754019 -3.193137e-05 -5.749705e-07 -9.377002e-08 -7.332519e-07 -4.625890e-06 -4.036913e-04 -5.277619e-05 4.191496e-05
 9574.558696 -3.200874e-05 -5.783277e-07 -9.477837e-08 -7.364820e-07 4.255849e-06 -3.981528e-04 -5.116107e-05 3.858046e-05
 9578.375565 -3.204036e-05 -5.805730e-07 -9.562688e-08 -7.387069e-07 1.973812e-06 -4.056653e-04 -4.325878e-05 4.136824e-05
 9582.204627 -3.203196e-05 -5.826561e-07 -9.596347e-08 -7.399717e-07 1.686470e-06 -4.067159e-04 -2.943078e-05 4.166781e-05
 9586.045880 -3.205699e-05 -5.851160e-07 -9.639917e-08 -7.415823e-07 -7.854507e-06 -4.038470e-04 -2.720095e-05 4.944278e-05
 9589.899325 -3.205078e-05 -5.874604e-07 -9.724595e-08 -7.429496e-07 -1.741356e-06 -3.832022e-04 -3.503565e-05 4.730686e-05
 9593.764962 -3.203175e-05 -5.898402e-07 -9.774478e-08 -7.441691e-07 2.536077e-06 -3.703667e-04 -4.174127e-05 3.463738e-05
 9597.642791 -3.200470e-05 -5.941246e-07 -9.846305e-08 -7.449866e-07 4.889543e-06 -3.803755e-04 -2.573043e-05 4.624678e-05
 9601.532812 -3.211610e-05 -5.945476e-07 -9.883063e-08 -7.492010e-07 4.115886e-06 -3.692303e-04 -2.399513e-05 4.703987e-05
 9605.435025 -3.214303e-05 -5.955325e-07 -9.916032e-08 -7.518372e-07 5.688805e-06 -3.559825e-04 -3.169098e-05 4.678414e-05
 9609.349429 -3.216515e-05 -5.983316e-07 -9.968097e-08 -7.542538e-07 -1.085050e-05 -3.818950e-04 -2.118604e-05 4.849940e-05
 9613.276026 -3.214054e-05 -6.023529e-07 -1.008909e-07 -7.547169e-07 -1.066154e-05 -3.948327e-04 -2.623137e-05 3.523950e-05
 9617.214814 -3.193922e-05 -6.082157e-07 -1.021951e-07 -7.507195e-07 -3.183818e-06 -3.661444e-04 -4.105346e-05 3.479268e-05
 9621.165795 -3.207940e-05 -6.063221e-07 -1.017315e-07 -7.565828e-07 -6.577386e-06 -3.662265e-04 -3.078552e-05 4.093886e-05
 9625.128967 -3.218928e-05 -6.058563e-07 -1.015688e-07 -7.611022e-07 -7.751661e-06 -3.529543e-04 -2.693161e-05 3.524047e-05
 9629.104331 -3.221646e-05 -6.065467e-07 -1.018893e-07 -7.631052e-07 -1.229503e-05 -3.701968e-04 -2.886486e-05 2.202104e-05
 9633.091888 -3.220604e-05 -6.090361e-07 -1.027455e-07 -7.641694e-07 -1.272205e-05 -3.800879e-04 -2.357954e-05 -5.169849e-06
 9637.091636 -3.224037e-05 -6.116641e-07 -1.035786e-07 -7.666709e-07 -8.197147e-06 -3.835982e-04 -1.931707e-05 -1.256281e-05
 9641.103575 -3.225955e-05 -6.149670e-07 -1.041381e-07 -7.687233e-07 -4.724365e-06 -3.761693e-04 -3.416695e-05 -1.254243e-05
 9645.127707 -3.225741e-05 -6.174406e-07 -1.045290e-07 -7.700414e-07 -1.087576e-05 -3.776225e-04 -3.416156e-05 -2.100706e-05
 9649.164031 -3.231514e-05 -6.171107e-07 -1.046609e-07 -7.727492e-07 -8.458651e-06 -3.755445e-04 -2.412820e-05 -2.268000e-05
 9653.212547 -3.230384e-05 -6.194936e-07 -1.054953e-07 -7.740946e-07 3.456055e-06 -3.658682e-04 -2.665545e-05 -2.339362e-05
 9657.273254 -3.229280e-05 -6.217062e-07 -1.062789e-07 -7.757207e-07 -4.007323e-06 -3.767084e-04 -3.182080e-05 -2.769482e-05
 9661.346154 -3.211976e-05 -6.271920e-07 -1.073617e-07 -7.725874e-07 -1.635022e-05 -3.910138e-04 -2.030452e-05 -2.765818e-05
 9665.431245 -3.200733e-05 -6.279382e-07 -1.077916e-07 -7.717129e-07 -9.089028e-06 -3.717186e-04 -1.955195e-05 -2.049523e-05
 9669.528529 -3.226275e-05 -6.282094e-07 -1.082929e-07 -7.807312e-07 -1.309474e-05 -3.387283e-04 -2.115566e-05 -1.681942e-05
 9673.638004 -3.232546e-05 -6.283516e-07 -1.085556e-07 -7.838786e-07 -1.457910e-05 -3.746945e-04 -2.281766e-05 -6.757933e-06
 9677.759671 -3.234158e-05 -6.306393e-07 -1.091788e-07 -7.857990e-07 -1.862477e-05 -4.020566e-04 -1.766795e-05 -2.040872e-05
 9681.893530 -3.234040e-05 -6.327022e-07 -1.095384e-07 -7.875830e-07 -1.489466e-05 -3.956907e-04 -1.999581e-05 -1.682461e-05
 9686.039581 -3.230941e-05 -6.356935e-07 -1.102887e-07 -7.880899e-07 -1.907507e-05 -4.027061e-04 -2.250178e-05 -3.026294e-06
 9690.197824 -3.233043e-05 -6.382206e-07 -1.113492e-07 -7.901555e-07 -9.936360e-06 -3.951320e-04 -2.581348e-05 -1.390767e-05
 9694.368258 -3.234266e-05 -6.396876e-07 -1.119214e-07 -7.922778e-07 -1.193126e-05 -4.079799e-04 -2.968045e-05 -1.493242e-05
 9698.550885 -3.236045e-05 -6.409959e-07 -1.123878e-07 -7.944423e-07 -7.844875e-06 -4.029241e-04 -3.548473e-05 -1.458998e-05
 9702.745704 -3.232526e-05 -6.427161e-07 -1.129749e-07 -7.950750e-07 -1.349355e-05 -3.996017e-04 -3.474955e-05 -1.942479e-05
 9706.952714 -3.234525e-05 -6.441133e-07 -1.137217e-07 -7.974827e-07 -1.799398e-05 -3.960148e-04 -3.327113e-05 -1.636389e-05
 9711.171916 -3.232369e-05 -6.466213e-07 -1.144531e-07 -7.988932e-07 -1.983647e-05 -3.819334e-04 -2.966158e-05 -1.007141e-05
 9715.403311 -3.238522e-05 -6.503463e-07 -1.150871e-07 -8.020510e-07 -1.683535e-05 -3.712251e-04 -3.007876e-05 -1.329491e-05
 9719.646897 -3.238157e-05 -6.521956e-07 -1.157952e-07 -8.040192e-07 -2.147982e-05 -3.766047e-04 -2.658953e-05 -1.353763e-05
 9723.902675 -3.234938e-05 -6.543566e-07 -1.164465e-07 -8.052681e-07 -2.339703e-05 -3.689469e-04 -2.021640e-05 -4.971764e-06
 9728.170645 -3.233501e-05 -6.548664e-07 -1.168132e-07 -8.069242e-07 -1.291044e-05 -3.982264e-04 -2.853925e-05 -5.304173e-06
 9732.450807 -3.234279e-05 -6.566471e-07 -1.173982e-07 -8.090771e-07 -9.065669e-06 -3.995050e-04 -2.085510e-05 -4.128398e-06
 9736.743161 -3.234658e-05 -6.590299e-07 -1.183009e-07 -8.104418e-07 -5.577354e-06 -4.226498e-04 -2.911224e-05 -1.390109e-05
 9741.047707 -3.236464e-05 -6.609038e-07 -1.188723e-07 -8.125483e-07 2.802491e-06 -4.230943e-04 -3.205121e-05 -1.200514e-05
 9745.364444 -3.236672e-05 -6.630677e-07 -1.191356e-07 -8.140878e-07 -5.069062e-06 -4.072031e-04 -2.446810e-05 -1.469143e-05
 9749.693374 -3.231281e-05 -6.654466e-07 -1.200087e-07 -8.143933e-07 -1.396678e-05 -4.151268e-04 -2.733215e-05 -4.343176e-06
 9754.034495 -3.230043e-05 -6.671840e-07 -1.201559e-07 -8.159107e-07 -2.653129e-05 -4.014464e-04 -3.556593e-05 -5.856487e-06
 9758.387809 -3.231538e-05 -6.697525e-07 -1.212192e-07 -8.184675e-07 -3.210653e-05 -4.196322e-04 -2.703605e-05 -5.393925e-06
 9762.753314 -3.223935e-05 -6.729045e-07 -1.219068e-07 -8.186060e-07 -3.026822e-05 -4.387007e-04 -3.006500e-05 -1.201185e-05
 9767.131011 -3.229378e-05 -6.745305e-07 -1.224056e-07 -8.221250e-07 -1.873916e-05 -4.475705e-04 -3.682024e-05 -1.874483e-05
 9771.520900 -3.226525e-05 -6.769146e-07 -1.231290e-07 -8.235468e-07 -2.847081e-05 -4.528044e-04 -2.963822e-05 -2.272022e-05
 9775.922981 -3.225201e-05 -6.792471e-07 -1.238257e-07 -8.252360e-07 -3.357503e-05 -4.567207e-04 -3.122623e-05 -1.942200e-05
 9780.337254 -3.214392e-05 -6.778194e-07 -1.234982e-07 -8.243618e-07 -3.174785e-05 -4.412441e-04 -2.396628e-05 -6.587226e-06
 9784.763719 -3.217689e-05 -6.806949e-07 -1.245626e-07 -8.270847e-07 -2.355591e-05 -4.333661e-04 -9.375905e-06 -1.148411e-05
 9789.202376 -3.223238e-05 -6.830152e-07 -1.252981e-07 -8.301488e-07 -2.332884e-05 -4.515157e-04 -2.176246e-05 -1.498355e-05
 9793.653224 -3.206244e-05 -6.832044e-07 -1.255406e-07 -8.275465e-07 -3.173452e-05 -4.443473e-04 -3.253613e-05 -7.935335e-06
 9798.116265 -3.217925e-05 -6.881399e-07 -1.269920e-07 -8.323607e-07 -2.897901e-05 -4.354231e-04 -2.085865e-05 -1.446380e-05
 9802.591497 -3.212346e-05 -6.914513e-07 -1.276316e-07 -8.327596e-07 -2.946702e-05 -4.353047e-04 -1.954545e-05 -1.975899e-05
 9807.078922 -3.211016e-05 -6.930028e-07 -1.281275e-07 -8.342952e-07 -2.165256e-05 -4.453460e-04 -2.312153e-05 -1.075553e-05
 9811.578538 -3.212877e-05 -6.931132e-07 -1.283512e-07 -8.367565e-07 -2.828661e-05 -4.365220e-04 -3.270315e-05 -9.113971e-06
 9816.090346 -3.201784e-05 -6.947603e-07 -1.292563e-07 -8.357136e-07 -2.230689e-05 -4.134762e-04 -2.178273e-05 -9.387399e-06
 9820.614346 -3.200794e-05 -6.957922e-07 -1.297501e-07 -8.374729e-07 -1.996519e-05 -4.152948e-04 -3.158491e-05 -2.031982e-05
 9825.150538 -3.201492e-05 -6.949905e-07 -1.299988e-07 -8.403838e-07 -1.303754e-05 -4.081155e-04 -3.096616e-05 -1.976447e-05
 9829.698922 -3.175345e-05 -6.929169e-07 -1.299793e-07 -8.359556e-07 -2.152394e-05 -3.924589e-04 -3.487791e-05 -1.775677e-05
 9834.259498 -3.171560e-05 -6.965038e-07 -1.306824e-07 -8.361504e-07 -2.996957e-05 -3.965053e-04 -2.981033e-05 -1.073143e-05
 9838.832266 -3.174484e-05 -7.005794e-07 -1.319122e-07 -8.381379e-07 -2.502482e-05 -4.187269e-04 -1.593409e-05 -6.809673e-06
 9843.417226 -3.178146e-05 -7.050894e-07 -1.330482e-07 -8.406412e-07 -2.339246e-05 -4.310217e-04 -1.361809e-05 -1.176276e-05
 9848.014377 -3.188969e-05 -7.059852e-07 -1.336745e-07 -8.458566e-07 -2.766582e-05 -4.382201e-04 -1.415458e-05 -1.004740e-05
 9852.623721 -3.187661e-05 -7.080412e-07 -1.343746e-07 -8.473250e-07 -2.920650e-05 -4.111014e-04 -1.763724e-05 -9.036675e-06
 9857.245256 -3.190673e-05 -7.099780e-07 -1.349092e-07 -8.505709e-07 -3.323540e-05 -4.111641e-04 -2.259048e-05 -5.392784e-07
 9861.878983 -3.186753e-05 -7.117222e-07 -1.356989e-07 -8.516821e-07 -1.568837e-05 -4.188494e-04 -2.779677e-05 3.051560e-05
 9866.524902 -3.184383e-05 -7.141472e-07 -1.365191e-07 -8.532445e-07 -1.390250e-05 -4.102600e-04 -1.802689e-05 3.172999e-05
 9871.183013 -3.179247e-05 -7.179727e-07 -1.374793e-07 -8.537439e-07 -1.571076e-05 -4.121616e-04 -2.207252e-05 2.644846e-05
 9875.853316 -3.181736e-05 -7.206347e-07 -1.382764e-07 -8.566099e-07 -1.675360e-05 -4.190440e-04 -2.729443e-05 3.041231e-05
 9880.535811 -3.177461e-05 -7.240286e-07 -1.392635e-07 -8.576044e-07 -1.340278e-05 -4.027639e-04 -2.248305e-05 2.879901e-05
 9885.230498 -3.170260e-05 -7.279037e-07 -1.404491e-07 -8.574148e-07 -1.563019e-05 -3.940836e-04 -2.517575e-05 2.353989e-05
 9889.937377 -3.175952e-05 -7.283145e-07 -1.406221e-07 -8.620012e-07 -2.127553e-05 -3.800097e-04 -3.552958e-05 2.670045e-05
 9894.656448 -3.173929e-05 -7.305878e-07 -1.415290e-07 -8.637309e-07 -2.446708e-05 -3.899240e-04 -3.592696e-05 2.305616e-05
 9899.387710 -3.175844e-05 -7.339248e-07 -1.427184e-07 -8.666895e-07 -2.509695e-05 -3.596043e-04 -2.522017e-05 2.510032e-05
 9904.131165 -3.173887e-05 -7.359005e-07 -1.431905e-07 -8.684842e-07 -1.716020e-05 -3.656634e-04 -2.532981e-05 2.488547e-05
 9908.886811 -3.161732e-05 -7.359532e-07 -1.434224e-07 -8.671392e-07 -1.578324e-05 -3.681663e-04 -3.346462e-05 2.008580e-05
 9913.654649 -3.156378e-05 -7.377191e-07 -1.441253e-07 -8.678241e-07 -2.143085e-05 -3.734626e-04 -3.261045e-05 1.925167e-05
 9918.434679 -3.161950e-05 -7.395378e-07 -1.448141e-07 -8.715754e-07 -2.596712e-05 -3.990672e-04 -1.990774e-05 2.243897e-05
 9923.226901 -3.152031e-05 -7.408903e-07 -1.453029e-07 -8.701717e-07 -1.855221e-05 -4.159448e-04 -1.278638e-05 2.636560e-05
 9928.031315 -3.149973e-05 -7.430490e-07 -1.459166e-07 -8.718044e-07 -1.418652e-05 -4.080958e-04 -2.117102e-05 2.292764e-05
 9932.847921 -3.151895e-05 -7.460009e-07 -1.468911e-07 -8.744103e-07 -1.519230e-05 -4.041384e-04 -8.031183e-06 2.930660e-05
 9937.676719 -3.138593e-05 -7.465036e-07 -1.473734e-07 -8.729835e-07 -1.280660e-05 -4.270406e-04 -1.373430e-05 3.055214e-05
 9942.517709 -3.125408e-05 -7.472160e-07 -1.479237e-07 -8.719452e-07 -1.991238e-05 -4.311029e-04 -2.952571e-05 3.100038e-05
 9947.370891 -3.128063e-05 -7.484634e-07 -1.484803e-07 -8.753154e-07 -2.422631e-05 -4.517620e-04 -3.951499e-05 3.631230e-05
 9952.236264 -3.135862e-05 -7.539708e-07 -1.498306e-07 -8.788683e-07 -1.827806e-05 -4.471698e-04 -3.682416e-05 3.068940e-05
