# Facility.name: NSLS-II
# Facility.mode: Beam available
# Facility.current: 400.16150172712946
# Facility.current: 3 GeV
# Facility.year: 2023
# Facility.cycle: 2
# Facility.GUP: 312970
# Facility.SAF: 311402
# Experimenter.name: Esteban Fornero
# Beamline.name: ISS (8-ID)
# Beamline.x-ray_source: damping wiggler
# Beamline.collimation_mirror1.material: Si
# Beamline.collimation_mirror2.material: Pt
# Beamline.collimation_mirror2.bender_loading: -349.0
# Beamline.focusing: toroidal mirror
# Beamline.focusing.material: Pt
# Beamline.focusing.bender_loading: -419.0
# Beamline.harmonic_rejection: Si
# Mono.scan_mode: Si(111)
# Mono.d_spacing: 3.1354951
# Mono.scan_mode: pseudo-channel cut
# Mono.scan_type: fly_scan
# Mono.trajectory_name: f950a534-6fd5.txt
# Mono.direction: None
# Mono.angle_offset: 0.69366577
# Mono.angle_offset: 39.744 deg
# Mono.encoder_resolution: 48.0 nrad
# Detector.I0: ion chamber
# Detector.I1: ion chamber
# Detector.I2: ion chamber
# Detector.IF: PIPS
# Detector.I0.length: 15 cm
# Detector.I1.length: 28 cm
# Detector.I2.length: 15 cm
# Detector.IF.thickness: 300 um
# Detector.I0.gas.N2: 38.0%
# Detector.I1.gas.N2: 38.0%
# Detector.I2.gas.N2: 38.0%
# Detector.I0.gas.He: 62.0%
# Detector.I1.gas.He: 62.0%
# Detector.I2.gas.He: 62.0%
# Detector.I0.voltage: -1650.001343
# Detector.I1.voltage: -1649.999512
# Detector.I2.voltage: -1650.000366
# Detector.I0.gain: 4
# Detector.I1.gain: 6
# Detector.I2.gain: 6
# Detector.IF.gain: 6
# Detector.aux: {}
# Element.symbol: Cu
# Element.edge: K
# Element.line: None
# Scan.transient_id: 371118
# Scan.uid: a864a6d7-daa7-4574-baf7-187b7c01d317
# Scan.edge_energy: 8979.0
# Scan.start_time: 06/23/2023  06:54:16.540903
# Scan.end_time: 06/23/2023  06:54:50.821421
# Scan.name: Cu2O+Ga2O3-2nd H2-ramp (pos 001) Cu-K 0001
# Scan.comment: 
# Sample.name: Cu2O+Ga2O3-2nd
# Sample.comment: 
# Sample.position.x: -66.442995014
# Sample.position.y: 31.09896028
# Sample.position.z: -10.184937499999995
# Sample.position.theta: 845.5790000000001
# SampleHeater.temperature1.setpoint: 300.0
# SampleHeater.temperature1.readback: 1372.0
# SampleHeater.current.setpoint: 0.0
# SampleHeater.current.readback: 0.0
# SampleHeater.temperature2.setpoint: 123.90997860934756
# SampleHeater.temperature2.readback: 124.10000000000001
# SampleHeater.voltage.setpoint: 0.39276410670639594
# SampleHeater.voltage.readback: 0.39
# SampleHeater.PID.P: 0.025
# SampleHeater.PID.I: 0.07
# SampleHeater.PID.D: 0.0
# SampleGasCart.MFC.CH4.setpoint: 0.0
# SampleGasCart.MFC.CH4.readback: 0.0
# SampleGasCart.MFC.CO.setpoint: 0.0
# SampleGasCart.MFC.CO.readback: 0.0
# SampleGasCart.MFC.H2.setpoint: 10.0
# SampleGasCart.MFC.H2.readback: 10.012
# SampleGasCart.MFC.exhaust.setpoint: 100.0
# SampleGasCart.MFC.exhaust.readback: 10.09
# SampleGasHandlingSystem.gas_a.name: None
# SampleGasHandlingSystem.gas_b.name: None
# SampleGasHandlingSystem.gas_c.name: None
# SampleGasHandlingSystem.gas_d.name: None
# SampleGasHandlingSystem.gas_e.name: He
# SampleGasHandlingSystem.MFC1.setpoint: 0.0
# SampleGasHandlingSystem.MFC1.readback: -0.1953125
# SampleGasHandlingSystem.MFC2.setpoint: 0.0
# SampleGasHandlingSystem.MFC2.readback: -0.10986328125
# SampleGasHandlingSystem.MFC3.setpoint: 0.0
# SampleGasHandlingSystem.MFC3.readback: 0.02034505270421505
# SampleGasHandlingSystem.MFC4.setpoint: 0.0
# SampleGasHandlingSystem.MFC4.readback: -0.1017252579331398
# SampleGasHandlingSystem.MFC5.setpoint: 0.0
# SampleGasHandlingSystem.MFC5.readback: -0.01220703125
# SampleGasHandlingSystem.MFC6.setpoint: 0.0
# SampleGasHandlingSystem.MFC6.readback: -0.0406901054084301
# SampleGasHandlingSystem.MFC7.setpoint: 0.0
# SampleGasHandlingSystem.MFC7.readback: -0.03662109375
# SampleGasHandlingSystem.MFC8.setpoint: 0.0
# SampleGasHandlingSystem.MFC8.readback: -0.0773111954331398
# SampleGasHandlingSystem.MFC9.setpoint: 0.0
# SampleGasHandlingSystem.MFC9.readback: -0.0569661445915699
# SampleGasHandlingSystem.MFC10.setpoint: 0.0
# SampleGasHandlingSystem.MFC10.readback: 0.01220703125
# SampleGasHandlingSystem.MFC11.setpoint: 0.0
# SampleGasHandlingSystem.MFC11.readback: -0.09765625
# SampleGasHandlingSystem.MFC12.setpoint: 0.0
# SampleGasHandlingSystem.MFC12.readback: -0.0528971366584301
# SampleGasHandlingSystem.MFC13.setpoint: 0.0
# SampleGasHandlingSystem.MFC13.readback: -0.0569661445915699
# SampleGasHandlingSystem.MFC14.setpoint: 0.0
# SampleGasHandlingSystem.MFC14.readback: -0.0651041641831398
# SampleGasHandlingSystem.MFC15.setpoint: 0.0
# SampleGasHandlingSystem.MFC15.readback: -0.1139322891831398
# SampleGasHandlingSystem.MFC16.setpoint: 0.0
# SampleGasHandlingSystem.MFC16.readback: -0.03662109375
# SampleGasHandlingSystem.RGA.ch1.mass: 2
# SampleGasHandlingSystem.RGA.ch1.readback: 1.07594e-06
# SampleGasHandlingSystem.RGA.ch2.mass: 4
# SampleGasHandlingSystem.RGA.ch2.readback: 0.0
# SampleGasHandlingSystem.RGA.ch3.mass: 5
# SampleGasHandlingSystem.RGA.ch3.readback: 7.81276e-12
# SampleGasHandlingSystem.RGA.ch4.mass: 5
# SampleGasHandlingSystem.RGA.ch4.readback: 4.78717e-10
# SampleGasHandlingSystem.RGA.ch5.mass: 18
# SampleGasHandlingSystem.RGA.ch5.readback: 2.18695e-09
# SampleGasHandlingSystem.RGA.ch6.mass: 28
# SampleGasHandlingSystem.RGA.ch6.readback: 1.4534e-08
# SampleGasHandlingSystem.RGA.ch7.mass: 32
# SampleGasHandlingSystem.RGA.ch7.readback: 3.07315e-09
# SampleGasHandlingSystem.RGA.ch8.mass: 41
# SampleGasHandlingSystem.RGA.ch8.readback: 1.11477e-11
# SampleGasHandlingSystem.RGA.ch9.mass: 44
# SampleGasHandlingSystem.RGA.ch9.readback: 2.07863e-10
# energy  i0  it  ir  iff  aux1  aux2  aux3  aux4
 8779.000000 -3.453062e-05 -4.035361e-07 -2.671403e-07 -3.140625e-07 6.648976e-06 -2.903128e-04 1.371245e-05 8.792830e-05
 8784.000000 -3.454349e-05 -4.039462e-07 -2.675486e-07 -3.147571e-07 7.783972e-06 -2.867970e-04 2.687728e-05 8.129957e-05
 8789.000000 -3.447909e-05 -4.021257e-07 -2.666494e-07 -3.148512e-07 -5.716308e-07 -2.788118e-04 2.181034e-05 7.568947e-05
 8794.000000 -3.430515e-05 -3.999825e-07 -2.653031e-07 -3.140428e-07 -6.448382e-08 -2.787843e-04 2.417557e-05 7.770023e-05
 8799.000000 -3.391160e-05 -3.965949e-07 -2.633918e-07 -3.114430e-07 3.706865e-06 -2.701649e-04 2.354613e-05 8.027360e-05
 8804.000000 -3.421043e-05 -4.007006e-07 -2.662896e-07 -3.148114e-07 1.233263e-05 -2.740654e-04 2.188248e-05 7.381687e-05
 8809.000000 -3.418585e-05 -4.018349e-07 -2.674219e-07 -3.152292e-07 1.289282e-05 -2.897513e-04 2.264207e-05 7.400724e-05
 8814.000000 -3.401444e-05 -4.012277e-07 -2.673276e-07 -3.141263e-07 8.438493e-06 -2.839390e-04 3.094567e-05 8.513589e-05
 8819.000000 -3.395382e-05 -4.034484e-07 -2.688651e-07 -3.144658e-07 5.431530e-06 -2.992749e-04 2.598159e-05 9.184965e-05
 8824.000000 -3.391042e-05 -4.045909e-07 -2.697522e-07 -3.147427e-07 7.532306e-06 -2.952078e-04 2.242312e-05 9.216499e-05
 8829.000000 -3.386343e-05 -4.049474e-07 -2.702491e-07 -3.150680e-07 4.133737e-06 -2.975742e-04 2.056190e-05 8.170774e-05
 8834.000000 -3.378842e-05 -4.044528e-07 -2.698082e-07 -3.157019e-07 9.935941e-06 -3.011021e-04 1.973787e-05 8.241043e-05
 8839.000000 -3.368128e-05 -4.042541e-07 -2.699098e-07 -3.157067e-07 8.784679e-06 -2.811319e-04 1.026281e-05 8.784039e-05
 8844.000000 -3.355896e-05 -4.047237e-07 -2.705603e-07 -3.156770e-07 7.106445e-06 -2.670928e-04 1.936830e-05 8.911005e-05
 8849.000000 -3.345668e-05 -4.051243e-07 -2.712123e-07 -3.158963e-07 1.141580e-05 -2.934545e-04 7.805272e-06 8.512178e-05
 8854.000000 -3.333027e-05 -4.052857e-07 -2.712707e-07 -3.157984e-07 2.341716e-05 -3.243503e-04 7.045754e-06 8.390373e-05
 8859.000000 -3.322707e-05 -4.057832e-07 -2.717133e-07 -3.158082e-07 2.268148e-05 -3.214564e-04 7.810564e-06 7.959053e-05
 8864.000000 -3.317027e-05 -4.070120e-07 -2.728037e-07 -3.162697e-07 1.096893e-05 -3.229693e-04 1.317912e-05 8.143011e-05
 8869.000000 -3.306460e-05 -4.076151e-07 -2.734669e-07 -3.159552e-07 8.562521e-06 -3.163278e-04 1.838255e-05 7.893592e-05
 8874.000000 -3.295905e-05 -4.082008e-07 -2.739221e-07 -3.156507e-07 2.119904e-06 -3.228063e-04 1.265569e-05 8.118423e-05
 8879.000000 -3.282902e-05 -4.085793e-07 -2.742226e-07 -3.156177e-07 3.583744e-06 -3.225267e-04 1.452068e-05 7.844851e-05
 8884.000000 -3.258925e-05 -4.067593e-07 -2.732834e-07 -3.145436e-07 4.815331e-06 -3.273102e-04 1.761954e-05 8.131506e-05
 8889.000000 -3.235155e-05 -4.065331e-07 -2.734003e-07 -3.136078e-07 5.420011e-06 -3.130890e-04 9.209793e-06 8.456060e-05
 8894.000000 -3.251828e-05 -4.102206e-07 -2.758796e-07 -3.155075e-07 9.757774e-06 -3.254149e-04 8.793427e-06 7.668026e-05
 8899.000000 -3.239076e-05 -4.106345e-07 -2.762044e-07 -3.146216e-07 1.140819e-05 -3.173066e-04 1.067231e-05 7.419429e-05
 8904.000000 -3.226338e-05 -4.114583e-07 -2.771472e-07 -3.138767e-07 1.422324e-05 -3.219644e-04 5.993618e-06 7.750585e-05
 8909.000000 -3.213624e-05 -4.116651e-07 -2.772946e-07 -3.133175e-07 8.299534e-06 -3.424814e-04 1.295388e-05 7.844120e-05
 8914.000000 -3.186523e-05 -4.103182e-07 -2.762372e-07 -3.113490e-07 1.731368e-05 -3.280420e-04 8.645153e-06 8.409423e-05
 8919.000000 -3.173544e-05 -4.115525e-07 -2.772573e-07 -3.112487e-07 5.227474e-06 -3.339702e-04 8.716139e-07 7.828834e-05
 8924.000000 -3.157707e-05 -4.117815e-07 -2.774558e-07 -3.108263e-07 5.615016e-06 -3.579224e-04 -1.265565e-05 7.656205e-05
 8929.000000 -3.160463e-05 -4.143246e-07 -2.793736e-07 -3.126246e-07 8.292438e-06 -3.477529e-04 -6.562167e-06 8.489619e-05
 8934.000000 -3.150302e-05 -4.148533e-07 -2.798515e-07 -3.129454e-07 1.539703e-05 -3.431170e-04 -8.054921e-08 8.803369e-05
 8939.000000 -3.118946e-05 -4.172628e-07 -2.812845e-07 -3.111549e-07 9.779532e-06 -3.378901e-04 -1.551921e-06 8.489069e-05
 8944.000000 -3.126490e-05 -4.152365e-07 -2.798903e-07 -3.126197e-07 1.226179e-05 -3.704648e-04 6.217115e-06 8.257682e-05
 8949.000000 -3.118370e-05 -4.143805e-07 -2.791400e-07 -3.128145e-07 2.348907e-05 -3.400147e-04 2.135489e-05 8.021396e-05
 8953.000000 -3.108673e-05 -4.144562e-07 -2.789134e-07 -3.129487e-07 2.586814e-05 -3.113389e-04 2.182966e-05 7.625028e-05
 8956.000000 -3.100405e-05 -4.148095e-07 -2.788607e-07 -3.129397e-07 1.410704e-05 -3.044759e-04 2.148435e-05 7.779733e-05
 8958.000000 -3.099184e-05 -4.143911e-07 -2.784652e-07 -3.134904e-07 5.960250e-06 -2.867962e-04 9.683497e-06 8.150747e-05
 8959.000000 -3.096542e-05 -4.144319e-07 -2.780398e-07 -3.132893e-07 7.652056e-06 -2.765854e-04 1.418233e-05 8.210120e-05
 8959.200000 -3.096814e-05 -4.143485e-07 -2.780800e-07 -3.132029e-07 5.283354e-06 -2.753778e-04 1.476150e-05 7.566890e-05
 8959.400000 -3.096896e-05 -4.147446e-07 -2.784370e-07 -3.133075e-07 1.347315e-05 -2.710697e-04 2.715711e-05 8.621160e-05
 8959.600000 -3.093597e-05 -4.157256e-07 -2.790313e-07 -3.128464e-07 4.793567e-06 -2.715790e-04 1.816409e-05 8.423693e-05
 8959.800000 -3.092676e-05 -4.150272e-07 -2.786155e-07 -3.130524e-07 -6.775939e-06 -2.939382e-04 1.227613e-05 7.218206e-05
 8960.000000 -3.094329e-05 -4.148751e-07 -2.783508e-07 -3.132713e-07 5.900338e-06 -2.669117e-04 1.281652e-05 7.530719e-05
 8960.200000 -3.097287e-05 -4.147805e-07 -2.784761e-07 -3.136870e-07 9.963999e-06 -2.672352e-04 1.849981e-05 7.018297e-05
 8960.400000 -3.098543e-05 -4.145077e-07 -2.781636e-07 -3.141388e-07 2.479491e-05 -2.545794e-04 2.398778e-05 7.385055e-05
 8960.600000 -3.097108e-05 -4.151153e-07 -2.785723e-07 -3.139188e-07 1.655961e-05 -2.642894e-04 1.497084e-05 7.237902e-05
 8960.800000 -3.094160e-05 -4.154898e-07 -2.786680e-07 -3.139239e-07 1.962853e-05 -2.568567e-04 1.492801e-05 7.227842e-05
 8961.000000 -3.090322e-05 -4.155891e-07 -2.785566e-07 -3.135502e-07 1.384202e-05 -2.312854e-04 1.218359e-05 7.136996e-05
 8961.200000 -3.093475e-05 -4.147082e-07 -2.778195e-07 -3.140900e-07 1.071220e-05 -2.178262e-04 1.573361e-05 7.080516e-05
 8961.400000 -3.091338e-05 -4.156056e-07 -2.780629e-07 -3.136714e-07 1.573715e-05 -2.283538e-04 1.005367e-05 7.215595e-05
 8961.600000 -3.091561e-05 -4.146307e-07 -2.778127e-07 -3.136843e-07 2.143121e-05 -2.722644e-04 2.919758e-06 7.853354e-05
 8961.800000 -3.093705e-05 -4.143164e-07 -2.776736e-07 -3.139504e-07 1.282064e-05 -2.501168e-04 6.795384e-06 7.881873e-05
 8962.000000 -3.091357e-05 -4.143501e-07 -2.774584e-07 -3.136944e-07 1.350334e-05 -2.326885e-04 1.292534e-05 7.848587e-05
 8962.200000 -3.087384e-05 -4.143922e-07 -2.775682e-07 -3.137513e-07 7.608508e-06 -2.575407e-04 5.426899e-06 7.369244e-05
 8962.400000 -3.088946e-05 -4.154175e-07 -2.782206e-07 -3.139853e-07 1.113964e-05 -2.448900e-04 7.567015e-06 7.584533e-05
 8962.600000 -3.090791e-05 -4.154436e-07 -2.778714e-07 -3.141007e-07 1.268350e-05 -2.339995e-04 1.999380e-05 9.252662e-05
 8962.800000 -3.090537e-05 -4.154589e-07 -2.780830e-07 -3.142012e-07 1.589804e-05 -2.503697e-04 2.106978e-05 9.440065e-05
 8963.000000 -3.086111e-05 -4.150442e-07 -2.778670e-07 -3.139379e-07 2.386765e-05 -2.405367e-04 1.582252e-05 8.493390e-05
 8963.200000 -3.084688e-05 -4.158938e-07 -2.785984e-07 -3.135367e-07 1.312280e-05 -2.490901e-04 1.758656e-05 7.964440e-05
 8963.400000 -3.085141e-05 -4.145685e-07 -2.775505e-07 -3.136440e-07 2.263763e-05 -2.276095e-04 1.778233e-05 7.998581e-05
 8963.600000 -3.090108e-05 -4.145129e-07 -2.772378e-07 -3.137871e-07 1.376969e-05 -2.128466e-04 7.634399e-06 8.008304e-05
 8963.800000 -3.088704e-05 -4.146129e-07 -2.773057e-07 -3.138906e-07 1.393772e-05 -2.218339e-04 2.211053e-05 8.050686e-05
 8964.000000 -3.084795e-05 -4.154114e-07 -2.778125e-07 -3.135503e-07 2.008802e-05 -2.315187e-04 2.061922e-05 7.451937e-05
 8964.200000 -3.084910e-05 -4.148911e-07 -2.773627e-07 -3.137420e-07 1.719864e-05 -2.461197e-04 1.411212e-05 7.895918e-05
 8964.400000 -3.086354e-05 -4.147590e-07 -2.770971e-07 -3.140802e-07 9.526791e-06 -2.650670e-04 1.902116e-05 8.280029e-05
 8964.600000 -3.086827e-05 -4.145380e-07 -2.768410e-07 -3.142553e-07 1.790798e-05 -2.579360e-04 2.053493e-05 8.311076e-05
 8964.800000 -3.084139e-05 -4.143985e-07 -2.767318e-07 -3.143686e-07 1.657012e-05 -2.516711e-04 2.369218e-05 7.636220e-05
 8965.000000 -3.085658e-05 -4.137864e-07 -2.764481e-07 -3.144619e-07 1.153035e-05 -2.446688e-04 1.699824e-05 8.373751e-05
 8965.200000 -3.082546e-05 -4.145143e-07 -2.769063e-07 -3.142206e-07 1.236388e-05 -2.698176e-04 7.288390e-06 7.008505e-05
 8965.400000 -3.080811e-05 -4.144471e-07 -2.764856e-07 -3.142575e-07 2.322741e-05 -2.631612e-04 4.830053e-06 6.985278e-05
 8965.600000 -3.079312e-05 -4.145891e-07 -2.767668e-07 -3.140132e-07 2.216981e-05 -2.784712e-04 1.094795e-05 7.049015e-05
 8965.800000 -3.077819e-05 -4.138522e-07 -2.760659e-07 -3.139423e-07 3.173583e-05 -2.513011e-04 1.510708e-05 8.164691e-05
 8966.000000 -3.073222e-05 -4.156519e-07 -2.773844e-07 -3.134817e-07 3.176030e-05 -2.694110e-04 1.241641e-05 8.355373e-05
 8966.200000 -3.066796e-05 -4.146750e-07 -2.764166e-07 -3.130436e-07 3.265050e-05 -2.417516e-04 5.833543e-06 7.951393e-05
 8966.400000 -3.067365e-05 -4.141897e-07 -2.758953e-07 -3.132739e-07 2.175535e-05 -2.673122e-04 9.684869e-06 7.572781e-05
 8966.600000 -3.064966e-05 -4.141900e-07 -2.757200e-07 -3.132952e-07 2.437441e-05 -2.697507e-04 2.667234e-06 6.461594e-05
 8966.800000 -3.057875e-05 -4.154722e-07 -2.761696e-07 -3.128069e-07 2.604221e-05 -2.904001e-04 5.026300e-06 6.398909e-05
 8967.000000 -3.050252e-05 -4.183163e-07 -2.780374e-07 -3.121205e-07 3.072527e-05 -2.679924e-04 1.309958e-05 6.522243e-05
 8967.200000 -3.052333e-05 -4.157192e-07 -2.763188e-07 -3.124361e-07 2.407742e-05 -2.724728e-04 1.132258e-05 5.887990e-05
 8967.400000 -3.055459e-05 -4.153291e-07 -2.758527e-07 -3.125326e-07 1.328808e-05 -2.870074e-04 7.597592e-06 6.850170e-05
 8967.600000 -3.061459e-05 -4.174650e-07 -2.774169e-07 -3.131725e-07 1.063857e-05 -3.278882e-04 3.203634e-06 6.953193e-05
 8967.800000 -3.060414e-05 -4.143223e-07 -2.752141e-07 -3.132167e-07 1.320415e-05 -3.290607e-04 -3.812417e-07 6.599718e-05
 8968.000000 -3.053257e-05 -4.159891e-07 -2.762670e-07 -3.126385e-07 2.342890e-05 -2.930643e-04 7.272689e-06 6.530594e-05
 8968.200000 -3.048046e-05 -4.166089e-07 -2.767150e-07 -3.123421e-07 2.454761e-05 -2.904152e-04 1.695325e-05 6.397493e-05
 8968.400000 -3.062315e-05 -4.155339e-07 -2.759966e-07 -3.136371e-07 3.180072e-05 -2.700370e-04 1.034957e-05 5.381893e-05
 8968.600000 -3.066023e-05 -4.141747e-07 -2.748730e-07 -3.142414e-07 2.316544e-05 -2.595471e-04 1.555530e-05 6.231042e-05
 8968.800000 -3.068405e-05 -4.153705e-07 -2.752965e-07 -3.143485e-07 3.059766e-05 -2.398767e-04 1.643249e-05 6.954517e-05
 8969.000000 -3.072962e-05 -4.137338e-07 -2.742110e-07 -3.149477e-07 2.658219e-05 -2.758358e-04 1.264141e-05 7.059460e-05
 8969.200000 -3.073673e-05 -4.136684e-07 -2.738204e-07 -3.150255e-07 1.288009e-05 -2.482817e-04 6.090824e-06 6.741981e-05
 8969.400000 -3.073503e-05 -4.138642e-07 -2.734956e-07 -3.149936e-07 1.331040e-05 -2.522287e-04 3.999143e-06 6.031814e-05
 8969.600000 -3.072826e-05 -4.127320e-07 -2.728965e-07 -3.151344e-07 1.730770e-05 -2.606962e-04 2.073959e-07 6.675401e-05
 8969.800000 -3.073152e-05 -4.146641e-07 -2.740854e-07 -3.150764e-07 1.676683e-05 -2.488828e-04 -2.562912e-06 6.372407e-05
 8970.000000 -3.070745e-05 -4.123658e-07 -2.724102e-07 -3.151370e-07 1.797933e-05 -2.558558e-04 8.399372e-06 6.500370e-05
 8970.200000 -3.070430e-05 -4.142706e-07 -2.736444e-07 -3.152252e-07 7.854871e-06 -2.633876e-04 9.140574e-06 6.123043e-05
 8970.400000 -3.065921e-05 -4.144251e-07 -2.735612e-07 -3.149388e-07 1.003101e-05 -2.743566e-04 4.745592e-06 7.157885e-05
 8970.600000 -3.061082e-05 -4.151402e-07 -2.737682e-07 -3.147614e-07 6.260381e-06 -2.457049e-04 -7.215781e-06 7.139199e-05
 8970.800000 -3.067536e-05 -4.136203e-07 -2.724227e-07 -3.155076e-07 4.912888e-06 -2.485537e-04 1.231772e-05 7.334458e-05
 8971.000000 -3.068986e-05 -4.131584e-07 -2.719691e-07 -3.158506e-07 9.794008e-06 -2.739315e-04 1.868548e-05 6.786755e-05
 8971.200000 -3.065566e-05 -4.133636e-07 -2.718203e-07 -3.157113e-07 1.287408e-05 -2.444286e-04 1.488043e-05 7.226934e-05
 8971.400000 -3.068165e-05 -4.123040e-07 -2.708397e-07 -3.160453e-07 1.852678e-05 -2.564376e-04 1.007269e-05 7.793870e-05
 8971.600000 -3.069108e-05 -4.135514e-07 -2.712939e-07 -3.159561e-07 1.205796e-05 -2.701354e-04 6.388481e-06 7.494463e-05
 8971.800000 -3.068121e-05 -4.126066e-07 -2.703740e-07 -3.159994e-07 1.664860e-05 -2.800336e-04 4.641143e-06 6.676993e-05
 8972.000000 -3.067274e-05 -4.132867e-07 -2.704600e-07 -3.159954e-07 1.517282e-05 -2.599166e-04 4.909717e-06 7.374613e-05
 8972.200000 -3.067306e-05 -4.126727e-07 -2.697063e-07 -3.162241e-07 1.303466e-05 -2.762897e-04 5.749476e-06 6.693405e-05
 8972.400000 -3.066785e-05 -4.126709e-07 -2.693713e-07 -3.163378e-07 1.743856e-05 -2.734332e-04 -6.061999e-06 6.257740e-05
 8972.600000 -3.066045e-05 -4.117993e-07 -2.682817e-07 -3.166863e-07 2.523009e-05 -2.889747e-04 6.424495e-07 5.865950e-05
 8972.800000 -3.066841e-05 -4.128256e-07 -2.688221e-07 -3.168867e-07 9.401634e-06 -2.771998e-04 -4.010282e-06 6.011025e-05
 8973.000000 -3.063650e-05 -4.134545e-07 -2.686728e-07 -3.166927e-07 -2.361020e-06 -2.314627e-04 -3.044576e-06 6.508953e-05
 8973.200000 -3.062116e-05 -4.122672e-07 -2.676861e-07 -3.166871e-07 1.296279e-06 -2.558611e-04 -2.241484e-06 7.678260e-05
 8973.400000 -3.065018e-05 -4.144563e-07 -2.685433e-07 -3.168957e-07 1.448996e-05 -2.538899e-04 -1.449106e-06 7.841217e-05
 8973.600000 -3.064184e-05 -4.123376e-07 -2.667834e-07 -3.172086e-07 1.919831e-05 -2.516297e-04 -1.976434e-06 8.310796e-05
 8973.800000 -3.061943e-05 -4.130599e-07 -2.668016e-07 -3.173532e-07 1.459562e-05 -2.839842e-04 8.984122e-06 7.689172e-05
 8974.000000 -3.062051e-05 -4.127494e-07 -2.658485e-07 -3.174404e-07 2.238194e-05 -2.742195e-04 8.760271e-06 6.764933e-05
 8974.200000 -3.063836e-05 -4.131467e-07 -2.653663e-07 -3.178839e-07 2.332573e-05 -2.608031e-04 4.037828e-06 6.127971e-05
 8974.400000 -3.062251e-05 -4.136913e-07 -2.648521e-07 -3.179081e-07 1.766596e-05 -2.957518e-04 1.222038e-05 7.333372e-05
 8974.600000 -3.061623e-05 -4.121753e-07 -2.631058e-07 -3.184099e-07 8.872137e-06 -2.785938e-04 6.469690e-06 6.552678e-05
 8974.800000 -3.062673e-05 -4.137646e-07 -2.628382e-07 -3.186367e-07 3.023060e-06 -2.805995e-04 6.836287e-06 6.093688e-05
 8975.000000 -3.061991e-05 -4.127361e-07 -2.612489e-07 -3.191353e-07 8.778668e-06 -3.069659e-04 7.138835e-06 6.610129e-05
 8975.200000 -3.059723e-05 -4.139281e-07 -2.611543e-07 -3.191441e-07 -5.091466e-06 -3.171302e-04 4.330849e-07 6.624238e-05
 8975.400000 -3.056999e-05 -4.133085e-07 -2.596234e-07 -3.190324e-07 9.459683e-06 -3.179778e-04 1.945609e-06 7.843977e-05
 8975.600000 -3.057720e-05 -4.130571e-07 -2.581060e-07 -3.195009e-07 2.448358e-05 -2.799638e-04 1.801951e-05 8.675146e-05
 8975.800000 -3.058591e-05 -4.134588e-07 -2.566529e-07 -3.199959e-07 2.324383e-05 -3.078375e-04 6.798041e-06 7.391923e-05
 8976.000000 -3.056137e-05 -4.122949e-07 -2.541187e-07 -3.200382e-07 1.151857e-05 -2.907623e-04 1.213960e-05 6.821823e-05
 8976.200000 -3.055747e-05 -4.134083e-07 -2.526886e-07 -3.205037e-07 1.199133e-05 -2.661414e-04 9.240252e-06 6.877240e-05
 8976.400000 -3.055274e-05 -4.120721e-07 -2.495607e-07 -3.213687e-07 1.869571e-05 -2.873447e-04 1.254627e-05 7.366852e-05
 8976.600000 -3.051198e-05 -4.137460e-07 -2.473632e-07 -3.213762e-07 2.561878e-05 -2.882047e-04 3.881510e-06 7.137595e-05
 8976.800000 -3.048804e-05 -4.131399e-07 -2.432914e-07 -3.219140e-07 1.518296e-05 -2.820996e-04 1.441334e-05 8.109750e-05
 8977.000000 -3.046977e-05 -4.129445e-07 -2.387099e-07 -3.228334e-07 2.023432e-05 -2.809469e-04 -2.548588e-06 8.277313e-05
 8977.200000 -3.047350e-05 -4.137693e-07 -2.337854e-07 -3.236393e-07 2.474558e-05 -3.173430e-04 -7.939150e-06 8.000364e-05
 8977.400000 -3.047626e-05 -4.109890e-07 -2.259934e-07 -3.245353e-07 2.553873e-05 -3.157291e-04 -7.640575e-06 7.157734e-05
 8977.600000 -3.051015e-05 -4.126249e-07 -2.194649e-07 -3.260299e-07 2.545481e-05 -2.997027e-04 -7.838535e-06 7.821709e-05
 8977.800000 -3.049726e-05 -4.108355e-07 -2.104403e-07 -3.272819e-07 1.670680e-05 -3.009144e-04 -9.024751e-06 7.852676e-05
 8978.000000 -3.048108e-05 -4.118769e-07 -2.016460e-07 -3.288139e-07 1.658286e-05 -2.960067e-04 1.061640e-05 8.682688e-05
 8978.200000 -3.037112e-05 -4.119429e-07 -1.918931e-07 -3.297551e-07 2.243322e-05 -2.691847e-04 1.668662e-06 7.561479e-05
 8978.400000 -3.024909e-05 -4.137784e-07 -1.825902e-07 -3.308697e-07 9.333566e-06 -3.104278e-04 8.183374e-06 7.742935e-05
 8978.600000 -3.016791e-05 -4.149869e-07 -1.729607e-07 -3.332118e-07 8.380668e-06 -3.014478e-04 1.125597e-05 7.268990e-05
 8978.800000 -3.026130e-05 -4.109242e-07 -1.616491e-07 -3.380098e-07 7.213003e-06 -2.978283e-04 8.213387e-06 8.248565e-05
 8979.000000 -3.030119e-05 -4.114401e-07 -1.528876e-07 -3.425627e-07 1.149451e-05 -2.947548e-04 1.190325e-05 8.927462e-05
 8979.200000 -3.038385e-05 -4.085529e-07 -1.436391e-07 -3.488462e-07 1.226210e-05 -2.495904e-04 -3.743906e-06 8.213948e-05
 8979.400000 -3.039478e-05 -4.085021e-07 -1.364823e-07 -3.552841e-07 1.039987e-05 -2.501715e-04 -1.189688e-05 8.055064e-05
 8979.600000 -3.036952e-05 -4.071375e-07 -1.297982e-07 -3.624437e-07 3.720227e-07 -2.841410e-04 7.212908e-06 9.052278e-05
 8979.800000 -3.033278e-05 -4.060854e-07 -1.247326e-07 -3.708404e-07 7.299849e-06 -2.629300e-04 1.824256e-05 8.711412e-05
 8980.000000 -3.024415e-05 -4.068011e-07 -1.211465e-07 -3.794194e-07 4.682793e-06 -2.397044e-04 9.895629e-07 7.855593e-05
 8980.200000 -3.026195e-05 -4.048354e-07 -1.177687e-07 -3.898332e-07 7.969395e-06 -2.591607e-04 -3.500275e-06 8.429994e-05
 8980.400000 -3.028644e-05 -4.041770e-07 -1.159028e-07 -4.004892e-07 7.865555e-07 -2.858045e-04 1.480970e-05 9.660255e-05
 8980.600000 -3.027721e-05 -4.027062e-07 -1.144530e-07 -4.096773e-07 7.355056e-06 -2.875427e-04 -2.252564e-06 8.860071e-05
 8980.800000 -3.025709e-05 -4.023535e-07 -1.141002e-07 -4.169772e-07 1.702402e-05 -2.913944e-04 -4.410195e-06 9.049408e-05
 8981.000000 -3.026304e-05 -4.023259e-07 -1.140090e-07 -4.224947e-07 9.480517e-06 -3.090290e-04 -1.086563e-05 8.138978e-05
 8981.200000 -3.022442e-05 -4.014991e-07 -1.139437e-07 -4.257230e-07 1.299950e-05 -3.094391e-04 -7.420956e-06 7.225476e-05
 8981.400000 -3.024420e-05 -4.015069e-07 -1.145633e-07 -4.270787e-07 2.572995e-05 -2.872548e-04 -2.180933e-05 6.628070e-05
 8981.600000 -3.022512e-05 -4.013268e-07 -1.149916e-07 -4.263440e-07 2.811634e-05 -2.901984e-04 -1.307058e-05 8.180696e-05
 8981.800000 -3.020383e-05 -4.013539e-07 -1.157758e-07 -4.240502e-07 3.026629e-05 -2.752386e-04 -7.464579e-06 8.380750e-05
 8982.000000 -3.019864e-05 -4.018878e-07 -1.166305e-07 -4.209565e-07 3.430217e-05 -2.804379e-04 4.812171e-07 8.275305e-05
 8982.200000 -3.012210e-05 -4.013284e-07 -1.165975e-07 -4.165784e-07 2.957888e-05 -2.815919e-04 -7.478095e-06 7.576642e-05
 8982.400000 -3.000602e-05 -4.041332e-07 -1.175060e-07 -4.113146e-07 2.771527e-05 -2.924970e-04 -6.517575e-06 7.765382e-05
 8982.600000 -2.997589e-05 -4.033007e-07 -1.174198e-07 -4.076897e-07 2.233230e-05 -3.005290e-04 -3.297324e-06 9.091390e-05
 8982.800000 -3.005540e-05 -4.032426e-07 -1.170395e-07 -4.061482e-07 1.379440e-05 -2.970037e-04 -7.524060e-06 8.574241e-05
 8983.000000 -3.009532e-05 -4.027613e-07 -1.163956e-07 -4.048188e-07 2.148283e-05 -3.025784e-04 -2.446308e-06 8.192408e-05
 8983.200000 -3.012459e-05 -4.020025e-07 -1.156512e-07 -4.035771e-07 1.522708e-05 -2.829502e-04 4.985117e-07 7.285920e-05
 8983.400000 -3.013290e-05 -4.029579e-07 -1.149556e-07 -4.025264e-07 2.382875e-05 -2.972583e-04 9.948839e-06 8.276711e-05
 8983.600000 -3.011090e-05 -4.028411e-07 -1.135567e-07 -4.020806e-07 1.909433e-05 -2.643050e-04 2.065845e-05 9.102450e-05
 8983.800000 -3.006185e-05 -4.032829e-07 -1.123462e-07 -4.019400e-07 1.394404e-05 -2.648615e-04 1.723949e-05 8.774308e-05
 8984.000000 -2.999111e-05 -4.049013e-07 -1.113000e-07 -4.020721e-07 1.301938e-05 -2.452840e-04 -3.464258e-06 7.180224e-05
 8984.200000 -2.999293e-05 -4.044800e-07 -1.093128e-07 -4.033652e-07 8.313442e-06 -2.603491e-04 3.551917e-06 8.103291e-05
 8984.400000 -3.005611e-05 -4.028558e-07 -1.073273e-07 -4.058792e-07 1.141931e-05 -2.506290e-04 -1.622762e-06 8.108153e-05
 8984.600000 -3.008643e-05 -4.020063e-07 -1.054575e-07 -4.084082e-07 2.270562e-05 -2.457105e-04 3.495773e-06 8.162846e-05
 8984.800000 -3.011085e-05 -4.014632e-07 -1.037213e-07 -4.107575e-07 2.255935e-05 -2.533611e-04 3.338327e-06 7.910116e-05
 8985.000000 -3.011617e-05 -4.017867e-07 -1.025125e-07 -4.126214e-07 9.105327e-06 -2.351468e-04 -5.175305e-06 8.672999e-05
 8985.200000 -3.008656e-05 -4.006996e-07 -1.008666e-07 -4.143812e-07 5.148487e-06 -2.397187e-04 -3.945447e-06 9.001714e-05
 8985.400000 -3.007994e-05 -4.006278e-07 -9.931225e-08 -4.165160e-07 1.296038e-05 -2.197913e-04 9.896165e-07 8.893718e-05
 8985.600000 -3.005067e-05 -4.002839e-07 -9.797263e-08 -4.179472e-07 2.428730e-05 -2.249734e-04 1.236300e-05 9.824659e-05
 8985.800000 -3.000716e-05 -4.005765e-07 -9.698070e-08 -4.189945e-07 8.435837e-06 -2.306615e-04 1.589848e-05 9.876151e-05
 8986.000000 -2.999820e-05 -4.003361e-07 -9.559314e-08 -4.207545e-07 5.968748e-06 -2.534984e-04 1.662509e-06 9.177515e-05
 8986.200000 -3.002189e-05 -3.986905e-07 -9.374648e-08 -4.233391e-07 1.386534e-05 -2.515853e-04 -1.283960e-06 8.592421e-05
 8986.400000 -2.999005e-05 -3.996221e-07 -9.235388e-08 -4.248786e-07 2.164728e-05 -2.345794e-04 -6.328876e-07 8.033966e-05
 8986.600000 -3.000774e-05 -3.985680e-07 -9.036814e-08 -4.271076e-07 3.317314e-05 -2.651860e-04 5.110530e-06 9.320861e-05
 8986.800000 -3.000486e-05 -3.997268e-07 -8.898526e-08 -4.285435e-07 2.928236e-05 -2.823966e-04 -7.713880e-06 9.208508e-05
 8987.000000 -2.997289e-05 -3.978766e-07 -8.661760e-08 -4.305777e-07 1.259478e-05 -2.786324e-04 -7.131262e-06 9.831113e-05
 8987.200000 -2.996692e-05 -3.990455e-07 -8.522939e-08 -4.323161e-07 1.949981e-05 -2.836310e-04 -2.239482e-05 8.199269e-05
 8987.400000 -2.993962e-05 -3.990552e-07 -8.323946e-08 -4.337849e-07 1.901413e-05 -2.747634e-04 -1.378731e-05 8.094616e-05
 8987.600000 -2.994789e-05 -3.983402e-07 -8.109603e-08 -4.360464e-07 -2.943510e-06 -2.533609e-04 -6.973489e-06 8.612268e-05
 8987.800000 -2.995776e-05 -3.984370e-07 -7.888120e-08 -4.385668e-07 -3.431579e-06 -2.364265e-04 -1.541081e-06 8.710554e-05
 8988.000000 -2.995752e-05 -3.972271e-07 -7.673823e-08 -4.406633e-07 7.129631e-07 -2.370524e-04 -8.190146e-06 7.970910e-05
 8988.200000 -2.997061e-05 -3.981204e-07 -7.494349e-08 -4.431084e-07 5.265674e-06 -2.555588e-04 -7.297692e-06 8.677361e-05
 8988.400000 -2.993572e-05 -3.970389e-07 -7.264267e-08 -4.448984e-07 1.722595e-05 -3.056069e-04 6.369458e-06 9.156080e-05
 8988.600000 -2.995561e-05 -3.978436e-07 -7.079176e-08 -4.471865e-07 2.320121e-05 -2.736630e-04 5.707142e-06 8.346639e-05
 8988.800000 -2.991717e-05 -3.970826e-07 -6.851872e-08 -4.485418e-07 1.922857e-05 -2.463502e-04 1.024520e-05 8.028357e-05
 8989.000000 -2.981770e-05 -3.979577e-07 -6.656542e-08 -4.490108e-07 2.109665e-05 -2.463312e-04 5.509472e-06 7.957847e-05
 8989.200000 -2.976159e-05 -3.995106e-07 -6.469577e-08 -4.501206e-07 2.156726e-05 -2.521374e-04 4.425050e-06 8.453408e-05
 8989.400000 -2.970269e-05 -3.975368e-07 -6.228131e-08 -4.514318e-07 2.064196e-05 -2.689222e-04 3.194173e-06 7.870640e-05
 8989.600000 -2.954954e-05 -4.021892e-07 -6.071135e-08 -4.509294e-07 3.426956e-05 -2.735735e-04 5.039961e-06 8.584835e-05
 8989.800000 -2.956264e-05 -4.000148e-07 -5.853750e-08 -4.538150e-07 3.495508e-05 -2.883089e-04 -1.722807e-06 9.010247e-05
 8990.000000 -2.970871e-05 -3.980041e-07 -5.633964e-08 -4.591939e-07 2.669472e-05 -2.894876e-04 2.601063e-06 9.176939e-05
 8990.200000 -2.980197e-05 -3.969433e-07 -5.449488e-08 -4.638452e-07 2.750937e-05 -2.865423e-04 -1.456491e-05 8.898577e-05
 8990.400000 -2.974904e-05 -3.966649e-07 -5.271381e-08 -4.654896e-07 2.628378e-05 -2.885987e-04 -1.244816e-05 9.583891e-05
 8990.600000 -2.969264e-05 -3.971136e-07 -5.137120e-08 -4.676917e-07 2.202327e-05 -2.758436e-04 -1.401570e-05 9.314756e-05
 8990.800000 -2.972299e-05 -3.930973e-07 -4.932530e-08 -4.715442e-07 2.312697e-05 -2.649758e-04 6.642278e-06 9.659083e-05
 8991.000000 -2.979895e-05 -3.934346e-07 -4.807664e-08 -4.758358e-07 1.839733e-05 -2.844665e-04 5.904829e-06 9.323585e-05
 8991.200000 -2.981561e-05 -3.923321e-07 -4.691592e-08 -4.789350e-07 2.216432e-05 -2.682666e-04 6.513311e-06 9.310128e-05
 8991.400000 -2.980086e-05 -3.924269e-07 -4.593409e-08 -4.820592e-07 3.381938e-05 -2.349555e-04 4.892503e-06 1.026146e-04
 8991.600000 -2.978038e-05 -3.922488e-07 -4.487236e-08 -4.848061e-07 3.642125e-05 -2.196148e-04 8.227684e-07 9.592003e-05
 8991.800000 -2.978918e-05 -3.914697e-07 -4.373944e-08 -4.871646e-07 3.666033e-05 -2.452357e-04 -1.679582e-05 7.869629e-05
 8992.000000 -2.973293e-05 -3.920813e-07 -4.277936e-08 -4.885504e-07 2.802978e-05 -2.469430e-04 -2.325619e-05 8.122205e-05
 8992.200000 -2.971946e-05 -3.910523e-07 -4.193311e-08 -4.904478e-07 3.472262e-05 -2.425320e-04 -2.057524e-05 8.457114e-05
 8992.400000 -2.974809e-05 -3.912287e-07 -4.142630e-08 -4.929717e-07 3.665558e-05 -2.532835e-04 -1.971294e-05 8.583887e-05
 8992.600000 -2.974128e-05 -3.908120e-07 -4.105721e-08 -4.945415e-07 3.842856e-05 -2.659462e-04 -1.562683e-05 8.912175e-05
 8992.800000 -2.973965e-05 -3.917730e-07 -4.110721e-08 -4.954723e-07 4.628154e-05 -2.456876e-04 -1.749114e-05 8.754613e-05
 8993.000000 -2.974375e-05 -3.901613e-07 -4.099153e-08 -4.967877e-07 3.682352e-05 -2.486356e-04 -8.481020e-06 9.331585e-05
 8993.200000 -2.972290e-05 -3.909212e-07 -4.100345e-08 -4.976089e-07 2.998004e-05 -2.407483e-04 -5.696203e-06 8.583631e-05
 8993.400000 -2.969405e-05 -3.914123e-07 -4.104598e-08 -4.977811e-07 2.295471e-05 -2.577353e-04 -2.137352e-05 8.798464e-05
 8993.600000 -2.964077e-05 -3.906524e-07 -4.094388e-08 -4.977760e-07 1.977009e-05 -2.313713e-04 -1.715854e-05 8.765108e-05
 8993.800000 -2.954476e-05 -3.943606e-07 -4.145301e-08 -4.964214e-07 1.686565e-05 -2.392542e-04 7.163939e-07 9.080282e-05
 8994.000000 -2.954251e-05 -3.923013e-07 -4.163724e-08 -4.974332e-07 2.158533e-05 -2.220368e-04 1.269769e-05 8.641855e-05
 8994.200000 -2.953572e-05 -3.933978e-07 -4.186511e-08 -4.981222e-07 2.433216e-05 -2.186132e-04 1.698592e-08 8.181923e-05
 8994.400000 -2.934166e-05 -3.964895e-07 -4.244844e-08 -4.944488e-07 3.111123e-05 -2.104369e-04 1.138544e-05 8.748040e-05
 8994.600000 -2.932290e-05 -3.964649e-07 -4.300722e-08 -4.944484e-07 3.393281e-05 -2.010926e-04 6.989842e-07 8.684195e-05
 8994.800000 -2.947526e-05 -3.931834e-07 -4.319293e-08 -4.983608e-07 2.454595e-05 -2.070335e-04 -1.059395e-06 9.276386e-05
 8995.000000 -2.959951e-05 -3.902056e-07 -4.337730e-08 -5.016783e-07 2.271237e-05 -2.107809e-04 -2.888825e-06 9.398993e-05
 8995.200000 -2.959069e-05 -3.908972e-07 -4.413137e-08 -5.018491e-07 2.669380e-05 -2.364381e-04 -1.927429e-05 9.108166e-05
 8995.400000 -2.949991e-05 -3.904987e-07 -4.470329e-08 -5.002846e-07 1.897322e-05 -2.676154e-04 -9.315002e-06 9.427480e-05
 8995.600000 -2.938415e-05 -3.937013e-07 -4.549096e-08 -4.976680e-07 2.044547e-05 -2.594840e-04 -3.834342e-06 9.463794e-05
 8995.800000 -2.944765e-05 -3.938502e-07 -4.609024e-08 -4.990188e-07 2.011535e-05 -2.329584e-04 1.811115e-06 8.836252e-05
 8996.000000 -2.948813e-05 -3.920772e-07 -4.617911e-08 -4.998229e-07 3.888857e-05 -2.568421e-04 2.373410e-05 9.292874e-05
 8996.200000 -2.950959e-05 -3.922334e-07 -4.638932e-08 -4.996523e-07 4.162511e-05 -2.542739e-04 7.275337e-06 8.492555e-05
 8996.400000 -2.950138e-05 -3.922393e-07 -4.682181e-08 -4.983871e-07 3.987809e-05 -2.716055e-04 -3.490029e-07 8.666935e-05
 8996.600000 -2.956277e-05 -3.908900e-07 -4.721581e-08 -4.991897e-07 3.368050e-05 -2.575895e-04 -1.615828e-05 8.766856e-05
 8996.800000 -2.959965e-05 -3.896671e-07 -4.744879e-08 -4.990748e-07 2.937137e-05 -2.577680e-04 -8.966959e-06 1.009909e-04
 8997.000000 -2.962208e-05 -3.894794e-07 -4.782641e-08 -4.983181e-07 2.607124e-05 -2.422789e-04 -1.172132e-05 9.305952e-05
 8997.200000 -2.959298e-05 -3.904490e-07 -4.817599e-08 -4.963289e-07 2.285562e-05 -2.677000e-04 -1.219382e-05 9.090366e-05
 8997.400000 -2.950081e-05 -3.913150e-07 -4.846168e-08 -4.932641e-07 1.328824e-05 -2.441228e-04 -2.398866e-05 8.113786e-05
 8997.600000 -2.937134e-05 -3.932107e-07 -4.896343e-08 -4.892058e-07 2.678656e-05 -2.337669e-04 -1.307317e-05 7.796373e-05
 8997.800000 -2.945390e-05 -3.923348e-07 -4.886049e-08 -4.897567e-07 2.637551e-05 -2.561639e-04 -1.326539e-05 7.944985e-05
 8998.000000 -2.949709e-05 -3.917505e-07 -4.893296e-08 -4.899455e-07 2.969607e-05 -2.599630e-04 -6.502923e-06 9.127246e-05
 8998.200000 -2.954052e-05 -3.905506e-07 -4.882592e-08 -4.894849e-07 2.641489e-05 -2.831636e-04 -1.908619e-05 8.005874e-05
 8998.400000 -2.952637e-05 -3.904201e-07 -4.867298e-08 -4.879179e-07 3.044718e-05 -2.690257e-04 -3.432975e-05 8.806883e-05
 8998.600000 -2.946985e-05 -3.913402e-07 -4.843026e-08 -4.858699e-07 3.229061e-05 -2.582656e-04 -1.525233e-05 9.051514e-05
 8998.800000 -2.943698e-05 -3.912378e-07 -4.800489e-08 -4.840844e-07 1.774028e-05 -2.538838e-04 -9.781598e-06 9.474364e-05
 8999.000000 -2.941297e-05 -3.922334e-07 -4.758536e-08 -4.825087e-07 2.535496e-05 -2.653506e-04 -1.777377e-05 9.365908e-05
 8999.200000 -2.932889e-05 -3.962952e-07 -4.737558e-08 -4.795989e-07 1.212842e-05 -2.613206e-04 -1.444179e-05 9.503696e-05
 8999.400000 -2.938826e-05 -3.919107e-07 -4.666540e-08 -4.798074e-07 8.024952e-06 -2.380767e-04 -9.210739e-06 8.687058e-05
 8999.600000 -2.943965e-05 -3.910556e-07 -4.614136e-08 -4.802428e-07 6.815674e-06 -2.578108e-04 -2.032452e-06 8.282805e-05
 8999.800000 -2.946384e-05 -3.905277e-07 -4.531294e-08 -4.796158e-07 1.033341e-05 -2.502256e-04 -4.240999e-06 8.362272e-05
 9000.000000 -2.946926e-05 -3.891671e-07 -4.451640e-08 -4.790272e-07 1.758177e-05 -2.433826e-04 -5.508880e-06 8.523877e-05
 9000.200000 -2.946438e-05 -3.903196e-07 -4.407303e-08 -4.783336e-07 1.281404e-05 -2.262836e-04 -1.817025e-06 8.196363e-05
 9000.400000 -2.943702e-05 -3.889390e-07 -4.332483e-08 -4.769521e-07 1.304323e-05 -2.468616e-04 1.226111e-05 8.846628e-05
 9000.600000 -2.946667e-05 -3.898333e-07 -4.297153e-08 -4.766904e-07 9.345164e-06 -2.401084e-04 7.676935e-06 8.711485e-05
 9000.800000 -2.943473e-05 -3.900646e-07 -4.231423e-08 -4.757745e-07 3.718256e-06 -2.354023e-04 -2.021796e-06 7.918970e-05
 9001.000000 -2.938470e-05 -3.892246e-07 -4.155106e-08 -4.746115e-07 6.514952e-07 -2.318035e-04 3.530205e-06 8.813060e-05
 9001.200000 -2.932017e-05 -3.896446e-07 -4.080269e-08 -4.731537e-07 1.317763e-05 -2.213113e-04 5.474186e-06 9.275536e-05
 9001.400000 -2.919566e-05 -3.868302e-07 -3.988686e-08 -4.709070e-07 1.498300e-05 -2.214153e-04 5.580870e-06 8.494887e-05
 9001.600000 -2.898573e-05 -3.865423e-07 -3.945891e-08 -4.671485e-07 1.288716e-05 -2.358290e-04 -8.637624e-07 8.354525e-05
 9001.800000 -2.878488e-05 -3.825992e-07 -3.869721e-08 -4.637879e-07 9.479716e-06 -2.483427e-04 6.748739e-06 9.237507e-05
 9002.000000 -2.875061e-05 -3.834312e-07 -3.892683e-08 -4.633183e-07 6.140323e-06 -2.462140e-04 4.908810e-06 9.245113e-05
 9002.200000 -2.882515e-05 -3.825498e-07 -3.890543e-08 -4.644071e-07 1.201378e-05 -2.535741e-04 -6.264685e-06 8.122347e-05
 9002.400000 -2.898278e-05 -3.849655e-07 -3.921438e-08 -4.667555e-07 2.571395e-05 -2.565061e-04 -1.086644e-05 7.406693e-05
 9002.600000 -2.911011e-05 -3.862275e-07 -3.937588e-08 -4.688446e-07 2.361142e-05 -2.563528e-04 -5.006403e-06 8.787448e-05
 9002.800000 -2.925331e-05 -3.872149e-07 -3.964234e-08 -4.712521e-07 1.882102e-05 -2.747025e-04 -1.831227e-05 9.067892e-05
 9003.000000 -2.940580e-05 -3.911803e-07 -4.009028e-08 -4.737051e-07 2.090354e-05 -2.356632e-04 -2.802680e-05 9.090827e-05
 9003.200000 -2.945503e-05 -3.897081e-07 -4.011858e-08 -4.745193e-07 1.168549e-05 -2.419641e-04 -3.393194e-05 8.588012e-05
 9003.400000 -2.947782e-05 -3.922369e-07 -4.083485e-08 -4.747575e-07 9.576050e-06 -2.316206e-04 -2.300322e-05 8.600835e-05
 9003.600000 -2.946106e-05 -3.917684e-07 -4.101142e-08 -4.746564e-07 8.015215e-06 -2.282641e-04 -2.927934e-05 8.208376e-05
 9003.800000 -2.942257e-05 -3.921153e-07 -4.144304e-08 -4.741850e-07 1.489275e-05 -2.624099e-04 -8.489674e-06 9.216825e-05
 9004.000000 -2.940808e-05 -3.925912e-07 -4.224049e-08 -4.743849e-07 9.629548e-06 -2.710771e-04 -1.275240e-05 9.037509e-05
 9004.200000 -2.939771e-05 -3.910630e-07 -4.238963e-08 -4.745894e-07 8.818137e-06 -2.530422e-04 -4.180974e-06 9.524248e-05
 9004.400000 -2.940528e-05 -3.916742e-07 -4.288627e-08 -4.750233e-07 1.136091e-05 -2.564574e-04 -5.811732e-06 9.533902e-05
 9004.600000 -2.942354e-05 -3.899009e-07 -4.323130e-08 -4.757997e-07 1.987879e-05 -2.507878e-04 3.576772e-06 8.686238e-05
 9004.800000 -2.944091e-05 -3.904969e-07 -4.416558e-08 -4.766480e-07 1.734119e-05 -2.607478e-04 -2.641876e-06 7.256773e-05
 9005.000000 -2.944271e-05 -3.905431e-07 -4.466292e-08 -4.772776e-07 1.735148e-05 -2.839222e-04 7.750668e-06 8.709434e-05
 9005.200000 -2.942716e-05 -3.899000e-07 -4.491014e-08 -4.773157e-07 7.575635e-06 -2.947464e-04 -6.872978e-06 8.794675e-05
 9005.400000 -2.940365e-05 -3.911786e-07 -4.535767e-08 -4.769945e-07 8.792885e-07 -2.977006e-04 -1.496618e-05 8.857323e-05
 9005.600000 -2.933946e-05 -3.909395e-07 -4.554799e-08 -4.761556e-07 -8.900123e-07 -3.027503e-04 -1.067244e-05 9.135533e-05
 9005.800000 -2.929214e-05 -3.915148e-07 -4.596527e-08 -4.752326e-07 6.447749e-07 -2.961677e-04 1.343865e-06 1.077520e-04
 9006.000000 -2.932288e-05 -3.917155e-07 -4.634296e-08 -4.760819e-07 -1.658005e-06 -2.965775e-04 9.518407e-07 9.726377e-05
 9006.200000 -2.931327e-05 -3.916225e-07 -4.679555e-08 -4.761517e-07 1.729802e-06 -2.833509e-04 -1.089052e-05 9.795819e-05
 9006.400000 -2.927991e-05 -3.905927e-07 -4.712077e-08 -4.761080e-07 8.283541e-06 -2.775223e-04 -2.494688e-06 8.963996e-05
 9006.600000 -2.932681e-05 -3.911543e-07 -4.751570e-08 -4.775560e-07 3.410776e-06 -2.682251e-04 -8.121736e-06 8.036462e-05
 9006.800000 -2.934636e-05 -3.911933e-07 -4.784669e-08 -4.784622e-07 5.542180e-06 -2.558133e-04 -4.597097e-06 8.807350e-05
 9007.000000 -2.936907e-05 -3.901722e-07 -4.770026e-08 -4.792043e-07 3.515031e-06 -2.729819e-04 -9.148248e-06 8.764570e-05
 9007.200000 -2.936205e-05 -3.899566e-07 -4.804840e-08 -4.794095e-07 8.013028e-08 -2.885182e-04 -1.054289e-05 8.542351e-05
 9007.400000 -2.935078e-05 -3.908755e-07 -4.872680e-08 -4.794862e-07 -1.437996e-06 -2.722049e-04 -6.668217e-06 8.883527e-05
 9007.600000 -2.932463e-05 -3.903967e-07 -4.915002e-08 -4.795397e-07 4.727524e-06 -2.664132e-04 -1.346061e-06 8.794727e-05
 9007.800000 -2.932500e-05 -3.898804e-07 -4.934322e-08 -4.799085e-07 -4.064128e-06 -2.687886e-04 1.089721e-05 9.775046e-05
 9008.000000 -2.932770e-05 -3.904186e-07 -4.967503e-08 -4.805172e-07 -4.473721e-06 -2.791289e-04 1.727246e-06 1.041920e-04
 9008.200000 -2.933165e-05 -3.900436e-07 -4.976209e-08 -4.809851e-07 -9.609131e-07 -2.862919e-04 -1.133883e-05 8.739502e-05
 9008.400000 -2.934721e-05 -3.905883e-07 -4.994095e-08 -4.819451e-07 4.347701e-08 -3.180028e-04 -8.478195e-06 8.143301e-05
 9008.600000 -2.933878e-05 -3.903214e-07 -5.018565e-08 -4.823118e-07 2.019834e-06 -3.144339e-04 1.583705e-06 7.909916e-05
 9008.800000 -2.933637e-05 -3.902526e-07 -5.050088e-08 -4.828061e-07 -5.254519e-07 -3.035577e-04 2.058406e-06 6.366825e-05
 9009.000000 -2.931534e-05 -3.909340e-07 -5.105681e-08 -4.825300e-07 -1.390734e-06 -3.166188e-04 7.087195e-06 7.377637e-05
 9009.227860 -2.926851e-05 -3.900471e-07 -5.147431e-08 -4.819928e-07 8.610854e-06 -3.220525e-04 -2.859279e-07 8.963643e-05
 9009.483581 -2.926465e-05 -3.909575e-07 -5.183790e-08 -4.822310e-07 1.481599e-06 -3.134936e-04 -1.180033e-05 8.552228e-05
 9009.767162 -2.923321e-05 -3.900612e-07 -5.193256e-08 -4.820112e-07 1.462290e-06 -3.209499e-04 -2.579249e-06 9.308114e-05
 9010.078604 -2.925572e-05 -3.896344e-07 -5.220443e-08 -4.830744e-07 2.231648e-06 -3.174042e-04 -1.888388e-06 8.570423e-05
 9010.417905 -2.913713e-05 -3.902746e-07 -5.228458e-08 -4.811483e-07 6.672156e-06 -3.325492e-04 -3.253095e-06 8.316011e-05
 9010.785067 -2.903366e-05 -3.889279e-07 -5.196585e-08 -4.795712e-07 4.143179e-06 -3.452627e-04 -1.223654e-05 8.079689e-05
 9011.180090 -2.901986e-05 -3.858835e-07 -5.144903e-08 -4.799209e-07 1.116452e-05 -3.416556e-04 -4.291584e-06 8.338171e-05
 9011.602973 -2.899641e-05 -3.856183e-07 -5.167737e-08 -4.794165e-07 1.073125e-05 -3.093391e-04 -4.907462e-06 8.804126e-05
 9012.053716 -2.893840e-05 -3.864675e-07 -5.167556e-08 -4.780216e-07 1.450503e-05 -3.160221e-04 -8.917597e-07 8.904573e-05
 9012.532319 -2.899613e-05 -3.885455e-07 -5.161773e-08 -4.788088e-07 1.745510e-05 -3.297888e-04 -1.380396e-06 8.672235e-05
 9013.038783 -2.903009e-05 -3.895483e-07 -5.150881e-08 -4.791767e-07 1.881346e-05 -3.075576e-04 8.731919e-06 7.816383e-05
 9013.573107 -2.899495e-05 -3.904197e-07 -5.121766e-08 -4.785509e-07 1.976438e-05 -3.025324e-04 1.822883e-05 7.859039e-05
 9014.135292 -2.914317e-05 -3.901019e-07 -5.097414e-08 -4.813158e-07 2.405434e-05 -3.251392e-04 2.090147e-05 7.264740e-05
 9014.725337 -2.926434e-05 -3.914259e-07 -5.081528e-08 -4.832234e-07 1.737440e-05 -3.343630e-04 1.185340e-05 7.736311e-05
 9015.343242 -2.929343e-05 -3.922089e-07 -5.013870e-08 -4.828792e-07 1.706072e-05 -3.188877e-04 1.621304e-05 7.850755e-05
 9015.989008 -2.932304e-05 -3.914563e-07 -4.904536e-08 -4.826730e-07 1.248240e-05 -2.962585e-04 1.090794e-05 7.874278e-05
 9016.662634 -2.931700e-05 -3.913887e-07 -4.799873e-08 -4.812744e-07 1.194905e-05 -3.007797e-04 9.714183e-06 7.634867e-05
 9017.364120 -2.929009e-05 -3.917058e-07 -4.724777e-08 -4.791412e-07 1.124534e-05 -3.087367e-04 1.336830e-05 7.356819e-05
 9018.093467 -2.926611e-05 -3.917957e-07 -4.621562e-08 -4.769475e-07 2.044062e-05 -3.145758e-04 9.282430e-06 7.352626e-05
 9018.850674 -2.925921e-05 -3.919168e-07 -4.496444e-08 -4.756237e-07 2.232416e-05 -3.197117e-04 6.836308e-06 7.175568e-05
 9019.635741 -2.921124e-05 -3.920701e-07 -4.402356e-08 -4.737627e-07 2.184792e-05 -3.180801e-04 2.190993e-05 8.948282e-05
 9020.448669 -2.919226e-05 -3.919325e-07 -4.338950e-08 -4.724611e-07 1.531245e-05 -3.194776e-04 1.397276e-05 8.770324e-05
 9021.289457 -2.919749e-05 -3.913357e-07 -4.262594e-08 -4.721134e-07 2.009601e-05 -3.228308e-04 1.620882e-05 7.943323e-05
 9022.158106 -2.918070e-05 -3.905628e-07 -4.140298e-08 -4.712326e-07 1.590886e-05 -3.530172e-04 1.655461e-05 7.682947e-05
 9023.054614 -2.917395e-05 -3.904126e-07 -4.071396e-08 -4.704506e-07 2.133096e-05 -3.718440e-04 1.390478e-05 7.326037e-05
 9023.978983 -2.914813e-05 -3.906271e-07 -4.040805e-08 -4.697942e-07 2.814261e-05 -3.600307e-04 1.553202e-05 6.843836e-05
 9024.931213 -2.911495e-05 -3.908185e-07 -4.025242e-08 -4.691028e-07 2.466569e-05 -3.580939e-04 1.139700e-05 7.199187e-05
 9025.911303 -2.904709e-05 -3.916396e-07 -4.029731e-08 -4.675473e-07 2.448030e-05 -3.543898e-04 -5.221074e-07 5.849261e-05
 9026.919253 -2.898687e-05 -3.917748e-07 -4.088107e-08 -4.663831e-07 3.106541e-05 -3.295235e-04 1.405356e-06 5.016923e-05
 9027.955064 -2.900538e-05 -3.906268e-07 -4.202859e-08 -4.672754e-07 2.508849e-05 -3.433285e-04 1.413501e-05 5.353533e-05
 9029.018734 -2.902511e-05 -3.897298e-07 -4.314005e-08 -4.680821e-07 2.792841e-05 -3.279973e-04 7.149811e-06 5.196201e-05
 9030.110266 -2.895881e-05 -3.891236e-07 -4.458547e-08 -4.675323e-07 2.217062e-05 -3.422499e-04 7.524578e-06 4.686085e-05
 9031.232723 -2.892242e-05 -3.886018e-07 -4.584269e-08 -4.678259e-07 8.042021e-06 -3.404412e-04 5.007867e-06 4.811170e-05
 9032.367373 -2.890855e-05 -3.882690e-07 -4.689020e-08 -4.689278e-07 1.271354e-05 -2.910059e-04 1.885385e-06 6.531622e-05
 9033.514214 -2.888934e-05 -3.876808e-07 -4.789620e-08 -4.700125e-07 1.312410e-05 -2.904014e-04 -1.348978e-05 5.751135e-05
 9034.673248 -2.881606e-05 -3.878096e-07 -4.816122e-08 -4.703943e-07 2.104670e-05 -3.041860e-04 2.833808e-06 5.793588e-05
 9035.844473 -2.882960e-05 -3.870251e-07 -4.820608e-08 -4.725105e-07 2.192410e-05 -2.853409e-04 1.245782e-05 5.574826e-05
 9037.027890 -2.877044e-05 -3.873537e-07 -4.802257e-08 -4.729045e-07 9.278840e-06 -3.000111e-04 1.172452e-05 4.829398e-05
 9038.223499 -2.868066e-05 -3.893293e-07 -4.808484e-08 -4.726449e-07 1.787892e-05 -3.315270e-04 1.290606e-05 5.059772e-05
 9039.431300 -2.858033e-05 -3.916804e-07 -4.813715e-08 -4.723778e-07 1.338828e-05 -3.239609e-04 9.150268e-06 4.728403e-05
 9040.651293 -2.870609e-05 -3.887581e-07 -4.759706e-08 -4.770011e-07 2.009464e-05 -3.139484e-04 2.877013e-06 4.578413e-05
 9041.883478 -2.876261e-05 -3.875792e-07 -4.702650e-08 -4.804770e-07 2.732244e-05 -3.084140e-04 1.211372e-05 4.603604e-05
 9043.127855 -2.873981e-05 -3.868640e-07 -4.677584e-08 -4.818694e-07 2.191041e-05 -3.078632e-04 1.137452e-05 4.310447e-05
 9044.384423 -2.870909e-05 -3.859020e-07 -4.693689e-08 -4.829125e-07 1.838098e-05 -3.197809e-04 9.486120e-06 4.246851e-05
 9045.653184 -2.865672e-05 -3.859651e-07 -4.702287e-08 -4.831597e-07 2.623530e-05 -2.956945e-04 1.989564e-05 5.592899e-05
 9046.934136 -2.851144e-05 -3.893784e-07 -4.733062e-08 -4.810858e-07 3.407547e-05 -2.934000e-04 5.725169e-06 6.403521e-05
 9048.227280 -2.837908e-05 -3.918054e-07 -4.719923e-08 -4.783709e-07 2.953091e-05 -3.137736e-04 9.991056e-06 7.380937e-05
 9049.532617 -2.840763e-05 -3.899051e-07 -4.643864e-08 -4.791755e-07 2.679222e-05 -3.243490e-04 1.543393e-05 7.123087e-05
 9050.850145 -2.854961e-05 -3.860490e-07 -4.572272e-08 -4.822216e-07 2.115369e-05 -3.168919e-04 1.047048e-05 7.719516e-05
 9052.179865 -2.857475e-05 -3.856321e-07 -4.545666e-08 -4.830436e-07 1.976334e-05 -3.186815e-04 1.763577e-05 7.962099e-05
 9053.521777 -2.855190e-05 -3.858432e-07 -4.549082e-08 -4.829021e-07 1.888985e-05 -3.332156e-04 2.355339e-05 8.678142e-05
 9054.875881 -2.852817e-05 -3.852541e-07 -4.524511e-08 -4.829393e-07 1.999827e-05 -3.266316e-04 -4.638863e-06 8.241198e-05
 9056.242177 -2.848348e-05 -3.851018e-07 -4.444643e-08 -4.824449e-07 2.067461e-05 -3.188200e-04 -1.402708e-05 7.187668e-05
 9057.620664 -2.846181e-05 -3.851476e-07 -4.385754e-08 -4.825371e-07 1.837143e-05 -3.311699e-04 5.706864e-06 8.054980e-05
 9059.011344 -2.829172e-05 -3.841116e-07 -4.321975e-08 -4.798154e-07 1.975701e-05 -3.156457e-04 -2.280116e-06 7.705460e-05
 9060.414215 -2.815327e-05 -3.833269e-07 -4.264906e-08 -4.774994e-07 1.553793e-05 -3.259350e-04 1.470927e-06 7.826663e-05
 9061.829279 -2.830798e-05 -3.830317e-07 -4.202369e-08 -4.806901e-07 2.174424e-05 -3.087982e-04 1.380725e-05 8.383094e-05
 9063.256534 -2.834292e-05 -3.840780e-07 -4.188537e-08 -4.816684e-07 2.604551e-05 -3.239275e-04 9.765295e-06 9.554673e-05
 9064.695981 -2.833044e-05 -3.846431e-07 -4.193674e-08 -4.818730e-07 2.219416e-05 -3.204430e-04 -5.012377e-06 9.044504e-05
 9066.147620 -2.834999e-05 -3.841732e-07 -4.135969e-08 -4.831022e-07 1.713442e-05 -3.369041e-04 -1.053760e-06 9.443005e-05
 9067.611452 -2.832620e-05 -3.835068e-07 -4.069684e-08 -4.835634e-07 1.797736e-05 -3.326768e-04 -2.509437e-06 8.639571e-05
 9069.087475 -2.824356e-05 -3.839192e-07 -3.979750e-08 -4.828521e-07 1.930313e-05 -3.234505e-04 -2.694499e-06 8.524023e-05
 9070.575689 -2.811603e-05 -3.862000e-07 -3.967690e-08 -4.811014e-07 1.710054e-05 -3.135443e-04 -3.841754e-06 8.418519e-05
 9072.076096 -2.809069e-05 -3.872736e-07 -3.957167e-08 -4.812882e-07 1.795553e-05 -2.982808e-04 6.581785e-06 7.796132e-05
 9073.588695 -2.811279e-05 -3.858206e-07 -3.989806e-08 -4.828228e-07 1.914612e-05 -2.731650e-04 8.823212e-06 8.446514e-05
 9075.113485 -2.813673e-05 -3.842664e-07 -4.041359e-08 -4.838650e-07 1.862150e-05 -3.042801e-04 -1.669043e-06 8.566077e-05
 9076.650468 -2.809812e-05 -3.852481e-07 -4.154007e-08 -4.839182e-07 1.473273e-05 -2.922718e-04 -7.339081e-06 8.092458e-05
 9078.199642 -2.799749e-05 -3.869838e-07 -4.278229e-08 -4.824600e-07 1.194088e-05 -3.097215e-04 -1.527175e-06 8.079212e-05
 9079.761009 -2.802621e-05 -3.861372e-07 -4.355266e-08 -4.838328e-07 1.300127e-05 -3.478775e-04 3.554851e-07 8.313176e-05
 9081.334567 -2.801114e-05 -3.856670e-07 -4.438947e-08 -4.843215e-07 2.137202e-05 -3.278237e-04 -1.270916e-06 7.838600e-05
 9082.920317 -2.794744e-05 -3.838456e-07 -4.504331e-08 -4.838869e-07 1.554021e-05 -3.458591e-04 -7.922617e-06 8.461765e-05
 9084.518259 -2.796080e-05 -3.831880e-07 -4.605959e-08 -4.841902e-07 1.683894e-05 -3.445350e-04 -4.710303e-06 8.742649e-05
 9086.128393 -2.793812e-05 -3.838779e-07 -4.679079e-08 -4.840943e-07 7.190315e-06 -3.426890e-04 -1.016627e-06 8.488713e-05
 9087.750719 -2.795635e-05 -3.839081e-07 -4.725027e-08 -4.846857e-07 1.192828e-05 -3.369830e-04 3.588059e-06 7.723791e-05
 9089.385237 -2.797977e-05 -3.838933e-07 -4.791418e-08 -4.852078e-07 1.945971e-05 -3.067683e-04 4.541322e-06 7.561989e-05
 9091.031946 -2.794883e-05 -3.844927e-07 -4.875941e-08 -4.844189e-07 1.818881e-05 -3.056389e-04 -2.658742e-06 7.179509e-05
 9092.690848 -2.797655e-05 -3.828979e-07 -4.953612e-08 -4.850420e-07 1.581470e-05 -3.240819e-04 2.642747e-06 7.334488e-05
 9094.361942 -2.795408e-05 -3.833530e-07 -5.050023e-08 -4.843465e-07 8.667636e-06 -3.165929e-04 -3.974652e-06 7.399468e-05
 9096.045227 -2.787367e-05 -3.840699e-07 -5.122092e-08 -4.824428e-07 3.281958e-06 -3.260655e-04 -9.952461e-07 8.473433e-05
 9097.740704 -2.785778e-05 -3.840294e-07 -5.147422e-08 -4.817873e-07 9.274135e-06 -3.049173e-04 6.753854e-06 7.943906e-05
 9099.448374 -2.788087e-05 -3.832183e-07 -5.106494e-08 -4.825588e-07 8.997671e-07 -3.122225e-04 1.066642e-05 7.949974e-05
 9101.168235 -2.787853e-05 -3.828220e-07 -5.062721e-08 -4.826347e-07 1.296664e-06 -3.175333e-04 -2.655397e-06 7.783726e-05
 9102.900288 -2.783636e-05 -3.829252e-07 -4.972765e-08 -4.823498e-07 8.143430e-06 -3.183715e-04 1.571344e-05 7.815584e-05
 9104.644533 -2.783390e-05 -3.815869e-07 -4.868351e-08 -4.828779e-07 1.300850e-05 -3.035755e-04 2.455794e-05 8.625644e-05
 9106.400970 -2.782297e-05 -3.819373e-07 -4.753050e-08 -4.830977e-07 2.458788e-05 -3.318173e-04 1.399173e-05 8.509265e-05
 9108.169598 -2.780196e-05 -3.822352e-07 -4.670345e-08 -4.834462e-07 1.882370e-05 -3.371307e-04 1.809264e-05 8.330539e-05
 9109.950419 -2.779743e-05 -3.823906e-07 -4.611024e-08 -4.842187e-07 1.425233e-05 -3.445164e-04 1.487186e-05 7.985424e-05
 9111.743432 -2.776432e-05 -3.821712e-07 -4.546645e-08 -4.847371e-07 1.302689e-05 -3.204681e-04 1.628495e-05 8.217711e-05
 9113.548636 -2.774959e-05 -3.822053e-07 -4.538644e-08 -4.858101e-07 2.026480e-05 -3.230280e-04 6.597182e-06 7.278611e-05
 9115.366032 -2.776100e-05 -3.818402e-07 -4.540587e-08 -4.869595e-07 1.822686e-05 -2.974899e-04 7.188840e-06 6.676780e-05
 9117.195621 -2.772094e-05 -3.831798e-07 -4.591062e-08 -4.869391e-07 2.428161e-05 -2.857093e-04 1.856706e-05 6.708302e-05
 9119.037401 -2.766700e-05 -3.840785e-07 -4.580891e-08 -4.867742e-07 3.261731e-05 -2.995459e-04 3.049313e-05 7.889790e-05
 9120.891373 -2.766100e-05 -3.836573e-07 -4.527609e-08 -4.875618e-07 3.015608e-05 -2.919014e-04 3.169250e-05 7.440163e-05
 9122.757537 -2.765641e-05 -3.828270e-07 -4.399593e-08 -4.883715e-07 3.123911e-05 -2.919067e-04 2.074757e-05 6.429170e-05
 9124.635893 -2.765531e-05 -3.832498e-07 -4.301883e-08 -4.889674e-07 3.179635e-05 -2.807745e-04 2.694140e-05 8.029057e-05
 9126.526441 -2.767312e-05 -3.822679e-07 -4.152566e-08 -4.903411e-07 1.750056e-05 -2.854563e-04 3.043585e-05 8.606247e-05
 9128.429181 -2.760813e-05 -3.823188e-07 -4.053251e-08 -4.902466e-07 9.289015e-06 -2.958298e-04 2.338602e-05 8.584525e-05
 9130.344112 -2.752224e-05 -3.811203e-07 -3.943288e-08 -4.897255e-07 1.142782e-05 -2.969632e-04 1.274086e-05 9.123651e-05
 9132.271236 -2.756848e-05 -3.820179e-07 -3.935170e-08 -4.911784e-07 1.555021e-05 -2.717187e-04 -2.757386e-06 8.104285e-05
 9134.210552 -2.750500e-05 -3.830633e-07 -3.965018e-08 -4.906787e-07 8.742495e-06 -2.761909e-04 -8.067108e-06 7.940499e-05
 9136.162059 -2.748342e-05 -3.824713e-07 -4.008407e-08 -4.911866e-07 2.192065e-05 -2.738109e-04 2.572986e-06 8.185440e-05
 9138.125758 -2.744073e-05 -3.840570e-07 -4.091253e-08 -4.911986e-07 1.686991e-05 -2.578030e-04 -6.373998e-06 6.862238e-05
 9140.101649 -2.751320e-05 -3.842601e-07 -4.152092e-08 -4.934528e-07 2.163243e-05 -2.636399e-04 1.050635e-05 7.714404e-05
 9142.089733 -2.754894e-05 -3.833213e-07 -4.233765e-08 -4.953159e-07 1.846609e-05 -2.652510e-04 -1.810463e-06 7.004247e-05
 9144.090008 -2.755038e-05 -3.829247e-07 -4.380044e-08 -4.962773e-07 1.628750e-05 -2.598695e-04 -2.989694e-06 7.286901e-05
 9146.102475 -2.752404e-05 -3.842885e-07 -4.548578e-08 -4.963174e-07 1.840300e-05 -2.732018e-04 -1.638099e-06 7.233627e-05
 9148.127133 -2.747115e-05 -3.843787e-07 -4.742260e-08 -4.958441e-07 2.202962e-05 -2.688823e-04 -3.425875e-06 6.525737e-05
 9150.163984 -2.744737e-05 -3.847800e-07 -4.932683e-08 -4.954412e-07 2.794754e-05 -2.688655e-04 -9.263705e-07 7.097169e-05
 9152.213027 -2.737129e-05 -3.869191e-07 -5.121510e-08 -4.941447e-07 2.699510e-05 -2.794573e-04 6.392782e-06 6.975313e-05
 9154.274261 -2.718969e-05 -3.836393e-07 -5.229167e-08 -4.917434e-07 2.394336e-05 -2.764255e-04 4.990626e-06 7.610041e-05
 9156.347688 -2.707299e-05 -3.800116e-07 -5.310195e-08 -4.909303e-07 2.533651e-05 -2.752163e-04 1.652812e-05 7.329851e-05
 9158.433306 -2.752105e-05 -3.857112e-07 -5.459550e-08 -4.989370e-07 2.138307e-05 -2.502045e-04 1.662835e-05 7.819535e-05
 9160.531117 -2.751969e-05 -3.862010e-07 -5.418086e-08 -4.997469e-07 1.845976e-05 -2.537297e-04 1.714654e-05 7.883977e-05
 9162.641119 -2.752486e-05 -3.861710e-07 -5.318871e-08 -5.004619e-07 2.675332e-05 -2.330674e-04 2.353322e-05 7.634152e-05
 9164.763313 -2.752041e-05 -3.858219e-07 -5.169195e-08 -5.013874e-07 3.104838e-05 -2.426973e-04 1.795956e-05 6.504493e-05
 9166.897699 -2.750175e-05 -3.851694e-07 -5.008597e-08 -5.021361e-07 3.880291e-05 -2.569177e-04 1.408990e-05 7.260580e-05
 9169.044277 -2.722512e-05 -3.816438e-07 -4.845908e-08 -4.981005e-07 3.901622e-05 -2.758700e-04 6.775498e-06 7.218716e-05
 9171.203047 -2.719004e-05 -3.838388e-07 -4.775037e-08 -4.973213e-07 4.241473e-05 -2.643219e-04 1.789759e-05 7.234999e-05
 9173.374008 -2.747320e-05 -3.857497e-07 -4.728514e-08 -5.038919e-07 4.621317e-05 -2.450151e-04 9.252818e-06 6.405191e-05
 9175.557162 -2.751599e-05 -3.879991e-07 -4.720078e-08 -5.049990e-07 3.267557e-05 -2.511879e-04 -1.313318e-06 6.267038e-05
 9177.752508 -2.750490e-05 -3.866376e-07 -4.687867e-08 -5.054553e-07 3.348681e-05 -2.556425e-04 1.422061e-06 7.315651e-05
 9179.960045 -2.750319e-05 -3.869807e-07 -4.745568e-08 -5.062473e-07 2.604857e-05 -2.581615e-04 1.762950e-06 7.668350e-05
 9182.179775 -2.748169e-05 -3.855984e-07 -4.772174e-08 -5.067116e-07 2.919997e-05 -2.460793e-04 1.247756e-05 8.309081e-05
 9184.411696 -2.747569e-05 -3.881771e-07 -4.822175e-08 -5.072175e-07 3.876406e-05 -2.577993e-04 7.535226e-06 7.514091e-05
 9186.655809 -2.747223e-05 -3.865080e-07 -4.807825e-08 -5.078742e-07 3.844174e-05 -2.806754e-04 2.197465e-05 7.915536e-05
 9188.912114 -2.747714e-05 -3.865259e-07 -4.794083e-08 -5.088067e-07 3.013008e-05 -2.653194e-04 2.545039e-05 9.115753e-05
 9191.180611 -2.750124e-05 -3.858423e-07 -4.787039e-08 -5.101476e-07 1.081834e-05 -2.559825e-04 1.802999e-05 8.866340e-05
 9193.461300 -2.750927e-05 -3.858857e-07 -4.818098e-08 -5.109432e-07 1.461973e-06 -2.526610e-04 1.535082e-05 8.725824e-05
 9195.754181 -2.751411e-05 -3.872626e-07 -4.875301e-08 -5.116355e-07 1.562086e-05 -2.466003e-04 4.477250e-06 8.804982e-05
 9198.059254 -2.753463e-05 -3.868180e-07 -4.879059e-08 -5.127689e-07 1.834184e-05 -2.469843e-04 1.395605e-05 9.217503e-05
 9200.376518 -2.754021e-05 -3.869541e-07 -4.801667e-08 -5.139432e-07 2.272815e-05 -2.647319e-04 2.548931e-05 9.306928e-05
 9202.705975 -2.758668e-05 -3.881098e-07 -4.725858e-08 -5.152348e-07 2.485947e-05 -2.494094e-04 2.417013e-05 8.525741e-05
 9205.047623 -2.759307e-05 -3.885173e-07 -4.634074e-08 -5.161281e-07 1.965717e-05 -2.413795e-04 1.939942e-05 6.903419e-05
 9207.401464 -2.757810e-05 -3.893988e-07 -4.574551e-08 -5.161795e-07 1.639904e-05 -2.605867e-04 2.438571e-05 6.664314e-05
 9209.767496 -2.761337e-05 -3.887423e-07 -4.545862e-08 -5.177615e-07 1.089828e-05 -2.638550e-04 3.068545e-05 8.014904e-05
 9212.145720 -2.763800e-05 -3.892715e-07 -4.541714e-08 -5.187929e-07 1.038580e-05 -2.526314e-04 1.292251e-05 7.108891e-05
 9214.536136 -2.763686e-05 -3.896386e-07 -4.608439e-08 -5.195708e-07 1.344107e-05 -2.532136e-04 5.089219e-06 7.406834e-05
 9216.938744 -2.764712e-05 -3.908092e-07 -4.659382e-08 -5.206854e-07 1.737542e-05 -2.591795e-04 4.235749e-06 6.729260e-05
 9219.353544 -2.761499e-05 -3.906717e-07 -4.703606e-08 -5.205160e-07 1.827945e-05 -2.531056e-04 8.588728e-06 6.810544e-05
 9221.780536 -2.766832e-05 -3.895599e-07 -4.761896e-08 -5.223659e-07 1.135938e-05 -2.410281e-04 1.799493e-05 7.724208e-05
 9224.219720 -2.769865e-05 -3.911048e-07 -4.846059e-08 -5.237064e-07 1.081351e-05 -2.187078e-04 1.403308e-05 7.400728e-05
 9226.671096 -2.770322e-05 -3.899779e-07 -4.942810e-08 -5.249686e-07 1.102860e-05 -2.136266e-04 1.504886e-05 7.428309e-05
 9229.134663 -2.774517e-05 -3.916090e-07 -5.090641e-08 -5.266963e-07 1.220590e-05 -2.143800e-04 2.126155e-05 7.284848e-05
 9231.610423 -2.778337e-05 -3.925492e-07 -5.232629e-08 -5.280075e-07 1.101621e-05 -2.340902e-04 2.155846e-05 8.020993e-05
 9234.098374 -2.780376e-05 -3.930418e-07 -5.294492e-08 -5.290850e-07 1.375387e-05 -2.336874e-04 2.800463e-05 8.743420e-05
 9236.598517 -2.785480e-05 -3.937899e-07 -5.337331e-08 -5.310937e-07 6.650377e-06 -2.356537e-04 1.732452e-05 8.300587e-05
 9239.110852 -2.785660e-05 -3.945859e-07 -5.382227e-08 -5.320299e-07 7.344866e-06 -2.348071e-04 -2.160129e-06 7.596041e-05
 9241.635380 -2.784492e-05 -3.976251e-07 -5.441991e-08 -5.323836e-07 1.040871e-05 -2.417326e-04 2.204497e-06 8.035367e-05
 9244.172099 -2.786949e-05 -3.992933e-07 -5.486520e-08 -5.334768e-07 -4.977797e-07 -2.259440e-04 6.903887e-06 7.936458e-05
 9246.721009 -2.780934e-05 -4.009171e-07 -5.468450e-08 -5.329478e-07 -2.605011e-06 -2.011404e-04 6.455220e-06 7.622991e-05
 9249.282112 -2.789549e-05 -3.995214e-07 -5.420683e-08 -5.361835e-07 1.188075e-06 -2.195639e-04 1.595669e-06 7.383316e-05
 9251.855407 -2.794663e-05 -4.002157e-07 -5.441949e-08 -5.384977e-07 5.356385e-06 -2.328938e-04 3.153714e-06 7.164829e-05
 9254.440894 -2.794931e-05 -4.012128e-07 -5.483788e-08 -5.393755e-07 6.400920e-06 -2.400218e-04 2.979964e-06 7.523234e-05
 9257.038572 -2.795946e-05 -4.050625e-07 -5.532998e-08 -5.401232e-07 7.564345e-06 -2.486992e-04 3.218020e-06 8.527653e-05
 9259.648443 -2.795288e-05 -4.048668e-07 -5.485263e-08 -5.410276e-07 5.554655e-06 -2.831377e-04 7.336627e-06 7.598431e-05
 9262.270505 -2.797326e-05 -4.055855e-07 -5.455985e-08 -5.422381e-07 4.212058e-06 -2.800776e-04 2.078110e-05 7.888718e-05
 9264.904759 -2.808929e-05 -4.023085e-07 -5.418903e-08 -5.459564e-07 7.346949e-06 -2.645942e-04 1.674321e-05 7.261181e-05
 9267.551205 -2.816398e-05 -4.003320e-07 -5.354379e-08 -5.487543e-07 7.210060e-06 -2.520307e-04 2.697590e-05 7.581172e-05
 9270.209844 -2.822032e-05 -4.022697e-07 -5.327265e-08 -5.510142e-07 1.272334e-05 -2.770315e-04 3.602031e-05 8.620026e-05
 9272.880674 -2.824997e-05 -4.024570e-07 -5.280687e-08 -5.523697e-07 5.330291e-06 -2.927868e-04 2.804531e-05 7.766010e-05
 9275.563696 -2.829181e-05 -4.033120e-07 -5.319458e-08 -5.542348e-07 -7.112177e-07 -2.854991e-04 3.463809e-05 7.750981e-05
 9278.258909 -2.831507e-05 -4.042991e-07 -5.357538e-08 -5.557247e-07 3.498058e-06 -2.792156e-04 2.065229e-05 7.659885e-05
 9280.966315 -2.833234e-05 -4.038803e-07 -5.343268e-08 -5.571541e-07 6.316356e-06 -2.790079e-04 1.433501e-05 7.924066e-05
 9283.685913 -2.838088e-05 -4.044507e-07 -5.336400e-08 -5.590163e-07 1.723727e-05 -2.822872e-04 1.412333e-05 9.391108e-05
 9286.417702 -2.840148e-05 -4.050327e-07 -5.327663e-08 -5.603350e-07 1.798890e-05 -2.831500e-04 1.687647e-05 9.604498e-05
 9289.161684 -2.830367e-05 -4.051519e-07 -5.350372e-08 -5.590097e-07 8.457762e-06 -2.778014e-04 1.783677e-05 8.600964e-05
 9291.917857 -2.836596e-05 -4.067762e-07 -5.335921e-08 -5.611749e-07 4.444335e-06 -2.894068e-04 2.168825e-05 8.874775e-05
 9294.686222 -2.847653e-05 -4.074910e-07 -5.308085e-08 -5.641232e-07 1.085219e-05 -3.097787e-04 2.721473e-05 8.977118e-05
 9297.466780 -2.846977e-05 -4.061691e-07 -5.290283e-08 -5.653488e-07 1.794675e-05 -3.057071e-04 6.482297e-06 7.113238e-05
 9300.259529 -2.838954e-05 -4.055803e-07 -5.330840e-08 -5.644488e-07 1.541912e-05 -2.950681e-04 -9.810887e-07 6.862091e-05
 9303.064470 -2.859150e-05 -4.108092e-07 -5.429741e-08 -5.688542e-07 1.257243e-05 -2.773140e-04 1.060054e-05 7.646102e-05
 9305.881602 -2.858076e-05 -4.116816e-07 -5.478028e-08 -5.694975e-07 1.295686e-05 -2.751213e-04 -7.619326e-06 6.911422e-05
 9308.710927 -2.857525e-05 -4.117115e-07 -5.541424e-08 -5.702614e-07 1.119258e-05 -2.948610e-04 -6.520707e-06 7.381397e-05
 9311.552444 -2.866688e-05 -4.134476e-07 -5.629770e-08 -5.733177e-07 4.181928e-06 -2.990869e-04 4.189698e-06 8.459738e-05
 9314.406153 -2.865369e-05 -4.176092e-07 -5.756173e-08 -5.734982e-07 1.121478e-05 -2.936829e-04 1.961500e-05 7.786294e-05
 9317.272053 -2.873795e-05 -4.183688e-07 -5.803705e-08 -5.763193e-07 1.536862e-05 -3.089285e-04 2.535829e-05 6.692582e-05
 9320.150146 -2.882724e-05 -4.167044e-07 -5.789220e-08 -5.791217e-07 1.882857e-05 -3.097749e-04 2.134085e-05 6.211716e-05
 9323.040430 -2.880845e-05 -4.170123e-07 -5.803889e-08 -5.795872e-07 1.923754e-05 -3.046565e-04 1.610027e-05 6.031409e-05
 9325.942906 -2.870993e-05 -4.170770e-07 -5.835376e-08 -5.787108e-07 2.320843e-05 -2.994322e-04 3.418009e-05 7.124609e-05
 9328.857574 -2.893444e-05 -4.203002e-07 -5.884650e-08 -5.844480e-07 2.264653e-05 -3.093104e-04 2.775404e-05 7.842946e-05
 9331.784435 -2.901824e-05 -4.192025e-07 -5.856890e-08 -5.876021e-07 2.300918e-05 -2.909178e-04 3.130247e-05 7.927859e-05
 9334.723487 -2.907167e-05 -4.205191e-07 -5.920647e-08 -5.894324e-07 3.715558e-05 -2.748274e-04 2.368046e-05 7.322392e-05
 9337.674730 -2.915088e-05 -4.229950e-07 -6.055257e-08 -5.914437e-07 3.045033e-05 -2.900418e-04 3.114195e-05 7.502450e-05
 9340.638166 -2.917734e-05 -4.250260e-07 -6.135081e-08 -5.931454e-07 2.879834e-05 -2.753361e-04 1.601060e-05 6.570241e-05
 9343.613794 -2.921551e-05 -4.268933e-07 -6.172414e-08 -5.950251e-07 2.985355e-05 -2.931829e-04 1.422352e-05 7.206315e-05
 9346.601614 -2.925330e-05 -4.279633e-07 -6.154154e-08 -5.966549e-07 2.349864e-05 -2.836841e-04 1.539990e-05 7.797428e-05
 9349.601625 -2.933259e-05 -4.285986e-07 -6.189832e-08 -5.990925e-07 2.841328e-05 -2.616217e-04 3.437244e-05 8.788148e-05
 9352.613829 -2.938384e-05 -4.294588e-07 -6.212916e-08 -6.011858e-07 2.138784e-05 -2.698765e-04 2.991738e-05 7.639349e-05
 9355.638224 -2.938673e-05 -4.315408e-07 -6.244192e-08 -6.025887e-07 1.380318e-05 -2.504880e-04 2.912380e-05 7.750228e-05
 9358.674811 -2.942796e-05 -4.325886e-07 -6.217047e-08 -6.042833e-07 1.548080e-05 -2.343929e-04 2.721375e-05 7.356057e-05
 9361.723590 -2.942426e-05 -4.332085e-07 -6.205167e-08 -6.050046e-07 1.298095e-05 -2.457488e-04 3.624252e-05 7.094939e-05
 9364.784561 -2.948264e-05 -4.343702e-07 -6.249325e-08 -6.072386e-07 1.787951e-05 -2.593947e-04 4.214018e-05 7.371723e-05
 9367.857724 -2.959954e-05 -4.349185e-07 -6.249107e-08 -6.113773e-07 2.329943e-05 -2.739621e-04 4.380597e-05 6.718710e-05
 9370.943079 -2.968331e-05 -4.380520e-07 -6.271981e-08 -6.139017e-07 2.508998e-05 -2.778060e-04 2.991314e-05 7.746048e-05
 9374.040626 -2.972989e-05 -4.389099e-07 -6.286902e-08 -6.159245e-07 3.375044e-05 -2.954067e-04 3.470060e-05 7.327138e-05
 9377.150365 -2.978106e-05 -4.415879e-07 -6.347151e-08 -6.179455e-07 1.711896e-05 -3.024132e-04 3.978259e-05 7.337854e-05
 9380.272295 -2.975710e-05 -4.455390e-07 -6.397076e-08 -6.182369e-07 1.737941e-05 -3.115487e-04 2.845659e-05 6.747477e-05
 9383.406418 -2.982009e-05 -4.472320e-07 -6.409958e-08 -6.206867e-07 1.641715e-05 -2.988868e-04 3.102908e-05 6.986083e-05
 9386.552732 -2.987272e-05 -4.477363e-07 -6.426103e-08 -6.228185e-07 3.067250e-05 -3.073351e-04 3.865022e-05 7.472857e-05
 9389.711239 -2.998093e-05 -4.484287e-07 -6.426929e-08 -6.265264e-07 3.959759e-05 -3.229985e-04 4.102913e-05 7.760835e-05
 9392.881937 -3.005868e-05 -4.492339e-07 -6.444514e-08 -6.291705e-07 3.930864e-05 -3.276101e-04 4.156396e-05 7.099845e-05
 9396.064827 -3.009590e-05 -4.508512e-07 -6.453364e-08 -6.310189e-07 3.998083e-05 -3.204724e-04 3.328477e-05 7.935651e-05
 9399.259909 -3.009074e-05 -4.532644e-07 -6.481359e-08 -6.321277e-07 2.216591e-05 -3.345624e-04 3.335621e-05 7.947321e-05
 9402.467183 -2.993806e-05 -4.585558e-07 -6.585910e-08 -6.290705e-07 1.709226e-05 -3.363075e-04 3.007484e-05 7.495023e-05
 9405.686649 -2.998117e-05 -4.594661e-07 -6.649932e-08 -6.309630e-07 2.037547e-05 -3.240099e-04 2.045250e-05 7.859962e-05
 9408.918307 -3.014753e-05 -4.557782e-07 -6.608166e-08 -6.367091e-07 1.311365e-05 -3.045730e-04 2.284576e-05 8.383437e-05
 9412.162157 -3.019090e-05 -4.572201e-07 -6.679103e-08 -6.385179e-07 2.284584e-05 -3.243046e-04 1.778235e-05 7.528364e-05
 9415.418198 -3.014516e-05 -4.606604e-07 -6.807219e-08 -6.379683e-07 2.395479e-05 -3.301649e-04 2.616584e-05 6.864186e-05
 9418.686432 -3.018149e-05 -4.607701e-07 -6.865858e-08 -6.399293e-07 1.870367e-05 -3.108201e-04 3.387726e-05 7.504631e-05
 9421.966857 -3.006362e-05 -4.617957e-07 -6.895660e-08 -6.385094e-07 2.683297e-05 -2.993761e-04 3.650101e-05 8.061684e-05
 9425.259474 -3.022402e-05 -4.623028e-07 -6.884016e-08 -6.436806e-07 2.694986e-05 -3.095113e-04 3.130851e-05 9.085284e-05
 9428.564284 -3.038442e-05 -4.649972e-07 -6.920492e-08 -6.484084e-07 2.294887e-05 -2.993353e-04 2.890102e-05 9.210577e-05
 9431.881285 -3.044819e-05 -4.660712e-07 -6.942997e-08 -6.509845e-07 2.909415e-05 -2.652083e-04 2.582437e-05 8.868772e-05
 9435.210478 -3.043114e-05 -4.694843e-07 -7.039000e-08 -6.514377e-07 3.170818e-05 -2.707843e-04 2.153648e-05 8.579380e-05
 9438.551863 -3.048238e-05 -4.712625e-07 -7.110329e-08 -6.541395e-07 2.449886e-05 -2.981342e-04 2.937339e-05 7.601863e-05
 9441.905440 -3.054604e-05 -4.727145e-07 -7.118633e-08 -6.570302e-07 1.872236e-05 -2.932253e-04 3.224092e-05 7.566181e-05
 9445.271209 -3.058569e-05 -4.735527e-07 -7.148769e-08 -6.586341e-07 1.879028e-05 -2.603232e-04 4.440159e-05 6.926643e-05
 9448.649169 -3.049449e-05 -4.780202e-07 -7.267530e-08 -6.569623e-07 1.943640e-05 -2.825337e-04 3.109980e-05 8.114846e-05
 9452.039322 -3.051333e-05 -4.827087e-07 -7.394593e-08 -6.584694e-07 2.132148e-05 -2.834748e-04 1.410938e-05 8.627814e-05
 9455.441666 -3.049206e-05 -4.881976e-07 -7.491670e-08 -6.589890e-07 3.004866e-05 -2.478234e-04 1.612643e-05 8.132101e-05
 9458.856203 -3.070228e-05 -4.842029e-07 -7.438773e-08 -6.663530e-07 2.501973e-05 -2.663646e-04 2.692170e-05 7.870266e-05
 9462.282931 -3.079776e-05 -4.842233e-07 -7.480833e-08 -6.694580e-07 1.870292e-05 -2.424860e-04 2.813403e-05 7.493286e-05
 9465.721851 -3.084659e-05 -4.850838e-07 -7.512306e-08 -6.711349e-07 1.767511e-05 -2.915243e-04 3.401064e-05 8.101259e-05
 9469.172964 -3.087491e-05 -4.885974e-07 -7.556173e-08 -6.722813e-07 2.354099e-05 -3.030294e-04 2.640271e-05 7.127302e-05
 9472.636268 -3.086920e-05 -4.926680e-07 -7.615150e-08 -6.731145e-07 1.777849e-05 -2.969636e-04 1.241010e-05 6.240333e-05
 9476.111764 -3.096768e-05 -4.931582e-07 -7.628286e-08 -6.766735e-07 1.406756e-05 -2.974284e-04 1.590475e-05 5.361404e-05
 9479.599451 -3.103488e-05 -4.942132e-07 -7.664025e-08 -6.794870e-07 1.307810e-05 -2.911382e-04 2.157798e-05 5.751647e-05
 9483.099331 -3.102109e-05 -4.978765e-07 -7.751939e-08 -6.799510e-07 2.865290e-05 -2.613478e-04 2.186111e-05 5.180422e-05
 9486.611403 -3.103050e-05 -5.020750e-07 -7.846009e-08 -6.814919e-07 2.387267e-05 -2.724034e-04 1.917560e-05 6.267109e-05
 9490.135666 -3.108467e-05 -5.029516e-07 -7.831252e-08 -6.844276e-07 2.286582e-05 -2.392406e-04 1.078543e-05 5.774412e-05
 9493.672122 -3.114065e-05 -5.060519e-07 -7.855034e-08 -6.867615e-07 2.962497e-05 -2.557117e-04 1.222983e-05 5.561871e-05
 9497.220769 -3.121757e-05 -5.079335e-07 -7.912586e-08 -6.898693e-07 3.736351e-05 -2.697871e-04 1.844965e-05 5.562179e-05
 9500.781609 -3.117124e-05 -5.088926e-07 -7.933739e-08 -6.907430e-07 4.011087e-05 -2.752556e-04 1.396670e-05 5.721062e-05
 9504.354640 -3.110616e-05 -5.112754e-07 -7.957314e-08 -6.906995e-07 3.921877e-05 -2.770393e-04 1.696350e-05 7.028212e-05
 9507.939863 -3.122971e-05 -5.186249e-07 -8.046549e-08 -6.937078e-07 3.555172e-05 -2.734952e-04 1.333507e-06 6.774581e-05
 9511.537278 -3.135893e-05 -5.188851e-07 -8.088061e-08 -6.985240e-07 3.792746e-05 -2.807593e-04 -1.693075e-06 6.297956e-05
 9515.146885 -3.144998e-05 -5.181126e-07 -8.106478e-08 -7.024411e-07 3.230612e-05 -2.689529e-04 9.124636e-07 6.507080e-05
 9518.768684 -3.145323e-05 -5.196694e-07 -8.144944e-08 -7.038115e-07 4.222265e-05 -2.723263e-04 1.549476e-05 6.893312e-05
 9522.402675 -3.146754e-05 -5.212834e-07 -8.215029e-08 -7.052399e-07 4.299866e-05 -2.705077e-04 2.267212e-05 6.909342e-05
 9526.048857 -3.146283e-05 -5.217030e-07 -8.272331e-08 -7.062883e-07 4.282511e-05 -2.739624e-04 2.768327e-05 6.659473e-05
 9529.707232 -3.148000e-05 -5.242619e-07 -8.335599e-08 -7.081295e-07 3.787912e-05 -2.530344e-04 1.542276e-05 6.279566e-05
 9533.377799 -3.149455e-05 -5.264103e-07 -8.400348e-08 -7.095957e-07 3.119152e-05 -2.579646e-04 1.430137e-05 7.190242e-05
 9537.060557 -3.146330e-05 -5.278266e-07 -8.419107e-08 -7.100805e-07 2.193488e-05 -2.705761e-04 1.803618e-05 7.235670e-05
 9540.755507 -3.132157e-05 -5.274631e-07 -8.440577e-08 -7.085292e-07 2.284666e-05 -2.579153e-04 2.450886e-05 7.365296e-05
 9544.462650 -3.153296e-05 -5.325559e-07 -8.548460e-08 -7.146069e-07 2.003015e-05 -2.494757e-04 2.653838e-05 6.855676e-05
 9548.181984 -3.157184e-05 -5.346370e-07 -8.577928e-08 -7.170789e-07 1.629078e-05 -2.537129e-04 2.819220e-05 7.533632e-05
 9551.913510 -3.163694e-05 -5.352698e-07 -8.596655e-08 -7.210282e-07 1.692956e-05 -2.380926e-04 2.612599e-05 6.966159e-05
 9555.657228 -3.163711e-05 -5.375950e-07 -8.699356e-08 -7.229096e-07 2.242236e-05 -2.343853e-04 1.902453e-05 6.866714e-05
 9559.413138 -3.159788e-05 -5.406904e-07 -8.790525e-08 -7.235063e-07 2.809436e-05 -2.301836e-04 1.471638e-05 7.764200e-05
 9563.181239 -3.160933e-05 -5.416019e-07 -8.791659e-08 -7.250326e-07 2.354265e-05 -2.443485e-04 1.711379e-05 7.060350e-05
 9566.961533 -3.171116e-05 -5.446187e-07 -8.892967e-08 -7.283949e-07 2.908991e-05 -2.278061e-04 2.232352e-05 6.297678e-05
 9570.754019 -3.167893e-05 -5.467839e-07 -8.980811e-08 -7.286310e-07 3.819964e-05 -2.117858e-04 2.035165e-05 6.741067e-05
 9574.558696 -3.177129e-05 -5.491728e-07 -8.989042e-08 -7.325503e-07 2.842750e-05 -2.346111e-04 1.297684e-05 6.671374e-05
 9578.375565 -3.182877e-05 -5.517086e-07 -9.068321e-08 -7.348243e-07 3.609085e-05 -2.449570e-04 2.159059e-05 5.905906e-05
 9582.204627 -3.187927e-05 -5.535232e-07 -9.143122e-08 -7.377957e-07 3.427879e-05 -2.485343e-04 2.946005e-05 6.010642e-05
 9586.045880 -3.191023e-05 -5.565635e-07 -9.172296e-08 -7.401250e-07 3.271495e-05 -2.526258e-04 2.413456e-05 6.897918e-05
 9589.899325 -3.186696e-05 -5.604471e-07 -9.284078e-08 -7.400843e-07 2.850870e-05 -2.575182e-04 2.165607e-05 6.578805e-05
 9593.764962 -3.185540e-05 -5.613502e-07 -9.320865e-08 -7.415628e-07 3.338149e-05 -2.504322e-04 3.014745e-05 7.237889e-05
 9597.642791 -3.182089e-05 -5.635694e-07 -9.361076e-08 -7.421306e-07 4.215050e-05 -2.559412e-04 2.376587e-05 7.553484e-05
 9601.532812 -3.191531e-05 -5.652903e-07 -9.426431e-08 -7.462122e-07 4.237367e-05 -2.461841e-04 2.157028e-05 7.189023e-05
 9605.435025 -3.197331e-05 -5.684490e-07 -9.484887e-08 -7.493790e-07 4.254474e-05 -2.444369e-04 2.315751e-05 7.632090e-05
 9609.349429 -3.199614e-05 -5.698822e-07 -9.488850e-08 -7.520728e-07 4.523339e-05 -2.286716e-04 2.731898e-05 7.908937e-05
 9613.276026 -3.201229e-05 -5.708648e-07 -9.538449e-08 -7.542948e-07 4.609005e-05 -2.384464e-04 3.734032e-05 8.472554e-05
 9617.214814 -3.185823e-05 -5.777938e-07 -9.675151e-08 -7.508931e-07 5.023332e-05 -2.356660e-04 2.911619e-05 7.995785e-05
 9621.165795 -3.191998e-05 -5.780221e-07 -9.704602e-08 -7.541542e-07 4.516524e-05 -2.202248e-04 3.502250e-05 7.943105e-05
 9625.128967 -3.206117e-05 -5.780042e-07 -9.754360e-08 -7.597967e-07 5.028772e-05 -2.150134e-04 2.851267e-05 8.355895e-05
 9629.104331 -3.203234e-05 -5.821992e-07 -9.814383e-08 -7.601355e-07 4.890519e-05 -2.020073e-04 1.267001e-05 8.618917e-05
 9633.091888 -3.202627e-05 -5.824760e-07 -9.811767e-08 -7.615824e-07 3.638561e-05 -2.112254e-04 2.197615e-05 7.972350e-05
 9637.091636 -3.199989e-05 -5.872381e-07 -9.929866e-08 -7.618278e-07 3.601537e-05 -2.004169e-04 2.024500e-05 7.949010e-05
 9641.103575 -3.200189e-05 -5.898189e-07 -9.959573e-08 -7.631490e-07 4.391149e-05 -2.257087e-04 1.553093e-05 9.009446e-05
 9645.127707 -3.209414e-05 -5.906751e-07 -1.002227e-07 -7.673198e-07 4.118572e-05 -2.526128e-04 3.341211e-05 9.878351e-05
 9649.164031 -3.212624e-05 -5.931225e-07 -1.013790e-07 -7.698959e-07 4.200980e-05 -2.375246e-04 2.334796e-05 9.631825e-05
 9653.212547 -3.217464e-05 -5.959100e-07 -1.017264e-07 -7.731055e-07 3.781102e-05 -2.386752e-04 2.976967e-05 8.405511e-05
 9657.273254 -3.221752e-05 -5.983975e-07 -1.026720e-07 -7.761687e-07 4.231088e-05 -2.228775e-04 3.328742e-05 8.351430e-05
 9661.346154 -3.209129e-05 -6.002600e-07 -1.033207e-07 -7.748002e-07 4.883279e-05 -2.450400e-04 2.666078e-05 8.900915e-05
 9665.431245 -3.208363e-05 -5.989136e-07 -1.028644e-07 -7.776976e-07 4.605656e-05 -2.442614e-04 2.021410e-05 9.364833e-05
 9669.528529 -3.212997e-05 -6.026251e-07 -1.039716e-07 -7.801424e-07 3.939891e-05 -2.289288e-04 2.932571e-05 1.033229e-04
 9673.638004 -3.211787e-05 -6.054085e-07 -1.045495e-07 -7.818177e-07 3.893178e-05 -2.208467e-04 2.931219e-05 1.056445e-04
 9677.759671 -3.216208e-05 -6.074405e-07 -1.050087e-07 -7.842911e-07 4.796223e-05 -2.551735e-04 2.574139e-05 1.009209e-04
 9681.893530 -3.216709e-05 -6.088040e-07 -1.055959e-07 -7.859667e-07 4.333614e-05 -2.504102e-04 1.416323e-05 9.470977e-05
 9686.039581 -3.213069e-05 -6.121779e-07 -1.066910e-07 -7.862916e-07 5.034036e-05 -2.453846e-04 2.016934e-05 9.359683e-05
 9690.197824 -3.221053e-05 -6.133438e-07 -1.071980e-07 -7.902395e-07 5.247082e-05 -2.503581e-04 1.504802e-05 8.777184e-05
 9694.368258 -3.218118e-05 -6.154116e-07 -1.075882e-07 -7.909529e-07 4.993198e-05 -2.702070e-04 1.909560e-05 9.145339e-05
 9698.550885 -3.220680e-05 -6.175098e-07 -1.082309e-07 -7.934321e-07 5.976236e-05 -2.758608e-04 1.465236e-05 9.109955e-05
 9702.745704 -3.221308e-05 -6.192685e-07 -1.086969e-07 -7.955856e-07 4.126962e-05 -2.768103e-04 1.079125e-05 8.348065e-05
 9706.952714 -3.217056e-05 -6.209044e-07 -1.091442e-07 -7.961060e-07 3.420652e-05 -2.607550e-04 1.579300e-05 8.364857e-05
 9711.171916 -3.207431e-05 -6.246717e-07 -1.104046e-07 -7.947083e-07 3.503246e-05 -2.635896e-04 5.353475e-06 7.989409e-05
 9715.403311 -3.218401e-05 -6.265592e-07 -1.109377e-07 -7.998923e-07 3.001933e-05 -2.883996e-04 2.268644e-05 8.333351e-05
 9719.646897 -3.220001e-05 -6.279392e-07 -1.116364e-07 -8.022369e-07 3.771821e-05 -2.750609e-04 2.940183e-05 9.044365e-05
 9723.902675 -3.215999e-05 -6.317342e-07 -1.125841e-07 -8.025749e-07 4.229410e-05 -2.721029e-04 3.192618e-05 9.046745e-05
 9728.170645 -3.215309e-05 -6.332554e-07 -1.127498e-07 -8.035722e-07 3.731878e-05 -2.787233e-04 1.771067e-05 8.285396e-05
 9732.450807 -3.221046e-05 -6.345285e-07 -1.132110e-07 -8.070280e-07 2.937700e-05 -2.624564e-04 1.537487e-05 9.034930e-05
 9736.743161 -3.220617e-05 -6.375343e-07 -1.140391e-07 -8.085811e-07 2.414897e-05 -2.819721e-04 1.375447e-05 9.036160e-05
 9741.047707 -3.217318e-05 -6.408362e-07 -1.150451e-07 -8.092627e-07 3.358552e-05 -2.741493e-04 2.618881e-05 8.910547e-05
 9745.364444 -3.216988e-05 -6.431884e-07 -1.155121e-07 -8.108415e-07 3.577051e-05 -2.660846e-04 3.028940e-05 9.235180e-05
 9749.693374 -3.202207e-05 -6.470327e-07 -1.165974e-07 -8.078801e-07 3.895915e-05 -2.750781e-04 2.626358e-05 9.762876e-05
 9754.034495 -3.199086e-05 -6.490305e-07 -1.171036e-07 -8.083063e-07 3.307697e-05 -2.759624e-04 2.609541e-05 9.376672e-05
 9758.387809 -3.206515e-05 -6.500752e-07 -1.175123e-07 -8.127485e-07 3.027813e-05 -2.665289e-04 2.033993e-05 9.225297e-05
 9762.753314 -3.205510e-05 -6.511389e-07 -1.179861e-07 -8.147340e-07 3.131636e-05 -2.559815e-04 2.201084e-05 9.072770e-05
 9767.131011 -3.214534e-05 -6.520411e-07 -1.181941e-07 -8.200213e-07 3.216363e-05 -2.522628e-04 1.525708e-05 8.944119e-05
 9771.520900 -3.217471e-05 -6.530684e-07 -1.188510e-07 -8.228628e-07 3.792983e-05 -2.613689e-04 1.232405e-05 9.605425e-05
 9775.922981 -3.211139e-05 -6.560082e-07 -1.195780e-07 -8.228573e-07 3.409523e-05 -2.617381e-04 1.299022e-05 9.363185e-05
 9780.337254 -3.188195e-05 -6.562209e-07 -1.197376e-07 -8.181490e-07 3.260049e-05 -2.789206e-04 1.325965e-05 8.827248e-05
 9784.763719 -3.177881e-05 -6.603999e-07 -1.209428e-07 -8.164294e-07 3.402385e-05 -2.901902e-04 5.508185e-06 8.729139e-05
 9789.202376 -3.199462e-05 -6.603586e-07 -1.210582e-07 -8.253129e-07 3.563581e-05 -2.804009e-04 6.106697e-06 8.522091e-05
 9793.653224 -3.178547e-05 -6.615823e-07 -1.216464e-07 -8.216925e-07 3.786942e-05 -2.750452e-04 1.353657e-05 8.484312e-05
 9798.116265 -3.203446e-05 -6.646161e-07 -1.224621e-07 -8.306654e-07 2.613864e-05 -2.779623e-04 1.540215e-05 8.285445e-05
 9802.591497 -3.205569e-05 -6.669765e-07 -1.233502e-07 -8.331631e-07 2.097144e-05 -2.729777e-04 8.950870e-06 7.832894e-05
 9807.078922 -3.203842e-05 -6.687269e-07 -1.236945e-07 -8.345270e-07 2.765133e-05 -2.650864e-04 1.139233e-05 8.045063e-05
 9811.578538 -3.201088e-05 -6.696537e-07 -1.242342e-07 -8.357591e-07 3.507327e-05 -2.402865e-04 2.301914e-05 7.716932e-05
 9816.090346 -3.200175e-05 -6.696385e-07 -1.244866e-07 -8.376149e-07 3.174919e-05 -2.512249e-04 1.770083e-05 7.578411e-05
 9820.614346 -3.189636e-05 -6.725328e-07 -1.254660e-07 -8.359135e-07 3.789553e-05 -2.592198e-04 2.650890e-05 7.696704e-05
 9825.150538 -3.186538e-05 -6.720468e-07 -1.258090e-07 -8.371494e-07 4.085554e-05 -2.649258e-04 2.534457e-05 7.903774e-05
 9829.698922 -3.163525e-05 -6.696554e-07 -1.255891e-07 -8.337313e-07 3.515365e-05 -2.853203e-04 1.997041e-05 8.188476e-05
 9834.259498 -3.169658e-05 -6.732978e-07 -1.265444e-07 -8.369443e-07 2.719993e-05 -2.801425e-04 9.759038e-06 8.752893e-05
 9838.832266 -3.174668e-05 -6.770797e-07 -1.274336e-07 -8.396136e-07 2.897115e-05 -2.637499e-04 1.400464e-05 8.842110e-05
 9843.417226 -3.184227e-05 -6.818043e-07 -1.285847e-07 -8.440246e-07 3.490618e-05 -2.696168e-04 1.536822e-05 9.243639e-05
 9848.014377 -3.185959e-05 -6.843460e-07 -1.292826e-07 -8.469957e-07 2.186186e-05 -2.942192e-04 8.162663e-06 9.440229e-05
 9852.623721 -3.178612e-05 -6.872012e-07 -1.302469e-07 -8.465948e-07 2.086359e-05 -2.791978e-04 1.330917e-05 9.160829e-05
 9857.245256 -3.171106e-05 -6.896325e-07 -1.312143e-07 -8.463195e-07 3.185686e-05 -2.660667e-04 2.247961e-05 9.255618e-05
 9861.878983 -3.169025e-05 -6.902394e-07 -1.316429e-07 -8.480683e-07 4.286909e-05 -2.704058e-04 1.561364e-05 8.279069e-05
 9866.524902 -3.170831e-05 -6.898451e-07 -1.318027e-07 -8.510060e-07 4.311052e-05 -2.790956e-04 2.733958e-05 9.218071e-05
 9871.183013 -3.167789e-05 -6.914442e-07 -1.324433e-07 -8.523785e-07 4.606522e-05 -2.777532e-04 1.938319e-05 8.831722e-05
 9875.853316 -3.166966e-05 -6.946355e-07 -1.333610e-07 -8.543682e-07 3.931403e-05 -2.860392e-04 1.515960e-05 8.637649e-05
 9880.535811 -3.168367e-05 -6.973127e-07 -1.341004e-07 -8.574846e-07 5.125443e-05 -2.863573e-04 4.166235e-06 8.541662e-05
 9885.230498 -3.168186e-05 -6.985380e-07 -1.344499e-07 -8.599857e-07 4.529290e-05 -2.831333e-04 3.776580e-06 7.954625e-05
 9889.937377 -3.154420e-05 -7.025065e-07 -1.356754e-07 -8.571218e-07 3.712328e-05 -2.703893e-04 2.434518e-06 6.696771e-05
 9894.656448 -3.144322e-05 -7.045739e-07 -1.364091e-07 -8.558994e-07 3.540471e-05 -2.633655e-04 -3.774696e-06 6.429629e-05
 9899.387710 -3.140166e-05 -7.081490e-07 -1.373640e-07 -8.563324e-07 3.403432e-05 -2.942828e-04 -9.827844e-06 5.969428e-05
 9904.131165 -3.153927e-05 -7.099022e-07 -1.378008e-07 -8.629397e-07 3.412571e-05 -2.930054e-04 -3.803616e-07 6.349503e-05
 9908.886811 -3.149740e-05 -7.129218e-07 -1.388248e-07 -8.636249e-07 3.226038e-05 -2.689719e-04 5.947929e-06 7.302333e-05
 9913.654649 -3.135835e-05 -7.168386e-07 -1.399209e-07 -8.612392e-07 3.334367e-05 -2.556799e-04 5.779524e-06 6.432227e-05
 9918.434679 -3.142538e-05 -7.180595e-07 -1.402906e-07 -8.665721e-07 2.855036e-05 -2.717831e-04 3.953042e-06 7.531122e-05
 9923.226901 -3.137761e-05 -7.198465e-07 -1.411680e-07 -8.679047e-07 3.210901e-05 -2.684048e-04 6.211227e-06 7.308948e-05
 9928.031315 -3.139678e-05 -7.209807e-07 -1.416640e-07 -8.697748e-07 3.853415e-05 -2.697879e-04 1.028174e-05 7.586562e-05
 9932.847921 -3.142700e-05 -7.215427e-07 -1.420880e-07 -8.730142e-07 3.919132e-05 -2.883175e-04 1.431568e-05 7.955744e-05
 9937.676719 -3.129164e-05 -7.214958e-07 -1.423372e-07 -8.716812e-07 3.401282e-05 -2.744201e-04 1.051849e-05 6.908345e-05
 9942.517709 -3.115728e-05 -7.223055e-07 -1.429102e-07 -8.703690e-07 3.817652e-05 -2.910532e-04 1.233334e-05 6.948246e-05
 9947.370891 -3.116406e-05 -7.249851e-07 -1.438060e-07 -8.731909e-07 2.836323e-05 -3.038718e-04 7.397837e-06 7.511262e-05
 9952.236264 -3.124924e-05 -7.289662e-07 -1.448113e-07 -8.769208e-07 2.621434e-05 -3.109482e-04 7.039069e-06 7.004030e-05
