# Facility.name: NSLS-II
# Facility.mode: Beam available
# Facility.current: 400.1587156671304
# Facility.current: 3 GeV
# Facility.year: 2023
# Facility.cycle: 2
# Facility.GUP: 312970
# Facility.SAF: 311402
# Experimenter.name: Esteban Fornero
# Beamline.name: ISS (8-ID)
# Beamline.x-ray_source: damping wiggler
# Beamline.collimation_mirror1.material: Si
# Beamline.collimation_mirror2.material: Pt
# Beamline.collimation_mirror2.bender_loading: -349.0
# Beamline.focusing: toroidal mirror
# Beamline.focusing.material: Pt
# Beamline.focusing.bender_loading: -419.0
# Beamline.harmonic_rejection: Si
# Mono.scan_mode: Si(111)
# Mono.d_spacing: 3.1354951
# Mono.scan_mode: pseudo-channel cut
# Mono.scan_type: fly_scan
# Mono.trajectory_name: f950a534-6fd5.txt
# Mono.direction: None
# Mono.angle_offset: 0.69366577
# Mono.angle_offset: 39.744 deg
# Mono.encoder_resolution: 48.0 nrad
# Detector.I0: ion chamber
# Detector.I1: ion chamber
# Detector.I2: ion chamber
# Detector.IF: PIPS
# Detector.I0.length: 15 cm
# Detector.I1.length: 28 cm
# Detector.I2.length: 15 cm
# Detector.IF.thickness: 300 um
# Detector.I0.gas.N2: 38.0%
# Detector.I1.gas.N2: 38.0%
# Detector.I2.gas.N2: 38.0%
# Detector.I0.gas.He: 62.0%
# Detector.I1.gas.He: 62.0%
# Detector.I2.gas.He: 62.0%
# Detector.I0.voltage: -1649.997437
# Detector.I1.voltage: -1649.999023
# Detector.I2.voltage: -1650.000977
# Detector.I0.gain: 4
# Detector.I1.gain: 6
# Detector.I2.gain: 6
# Detector.IF.gain: 6
# Detector.aux: {}
# Element.symbol: Cu
# Element.edge: K
# Element.line: None
# Scan.transient_id: 370866
# Scan.uid: efc279d1-ccdc-43cb-afc5-ebaac185c373
# Scan.edge_energy: 8979.0
# Scan.start_time: 06/23/2023  01:35:46.515609
# Scan.end_time: 06/23/2023  01:36:20.791111
# Scan.name: Cu2O+Ga2O3-1st O2-RT (pos 001) Cu-K 0001
# Scan.comment: 
# Sample.name: Cu2O+Ga2O3-1st
# Sample.comment: 
# Sample.position.x: -66.61000258
# Sample.position.y: 30.049994074
# Sample.position.z: -10.184937499999995
# Sample.position.theta: 845.5790000000001
# SampleHeater.temperature1.setpoint: 300.0
# SampleHeater.temperature1.readback: 1372.0
# SampleHeater.current.setpoint: 0.0
# SampleHeater.current.readback: 0.0
# SampleHeater.temperature2.setpoint: 25.0
# SampleHeater.temperature2.readback: 28.0
# SampleHeater.voltage.setpoint: 0.0
# SampleHeater.voltage.readback: 0.0
# SampleHeater.PID.P: 0.025
# SampleHeater.PID.I: 0.07
# SampleHeater.PID.D: 0.0
# SampleGasCart.MFC.CH4.setpoint: 0.0
# SampleGasCart.MFC.CH4.readback: 0.0
# SampleGasCart.MFC.CO.setpoint: 0.0
# SampleGasCart.MFC.CO.readback: 0.0
# SampleGasCart.MFC.H2.setpoint: 0.0
# SampleGasCart.MFC.H2.readback: 0.0
# SampleGasCart.MFC.exhaust.setpoint: 100.0
# SampleGasCart.MFC.exhaust.readback: 8.93
# SampleGasHandlingSystem.gas_a.name: None
# SampleGasHandlingSystem.gas_b.name: None
# SampleGasHandlingSystem.gas_c.name: None
# SampleGasHandlingSystem.gas_d.name: None
# SampleGasHandlingSystem.gas_e.name: He
# SampleGasHandlingSystem.MFC1.setpoint: 8.0
# SampleGasHandlingSystem.MFC1.readback: 7.999674320220947
# SampleGasHandlingSystem.MFC2.setpoint: 0.0
# SampleGasHandlingSystem.MFC2.readback: -0.08544921875
# SampleGasHandlingSystem.MFC3.setpoint: 0.0
# SampleGasHandlingSystem.MFC3.readback: 0.0244140625
# SampleGasHandlingSystem.MFC4.setpoint: 0.0
# SampleGasHandlingSystem.MFC4.readback: -0.0813802108168602
# SampleGasHandlingSystem.MFC5.setpoint: 0.0
# SampleGasHandlingSystem.MFC5.readback: -0.0040690102614462376
# SampleGasHandlingSystem.MFC6.setpoint: 2.0
# SampleGasHandlingSystem.MFC6.readback: 2.001953125
# SampleGasHandlingSystem.MFC7.setpoint: 0.0
# SampleGasHandlingSystem.MFC7.readback: -0.01627604104578495
# SampleGasHandlingSystem.MFC8.setpoint: 0.0
# SampleGasHandlingSystem.MFC8.readback: -0.06103515625
# SampleGasHandlingSystem.MFC9.setpoint: 0.0
# SampleGasHandlingSystem.MFC9.readback: -0.0406901054084301
# SampleGasHandlingSystem.MFC10.setpoint: 0.0
# SampleGasHandlingSystem.MFC10.readback: 0.01220703125
# SampleGasHandlingSystem.MFC11.setpoint: 0.0
# SampleGasHandlingSystem.MFC11.readback: -0.08544921875
# SampleGasHandlingSystem.MFC12.setpoint: 0.0
# SampleGasHandlingSystem.MFC12.readback: -0.0406901054084301
# SampleGasHandlingSystem.MFC13.setpoint: 0.0
# SampleGasHandlingSystem.MFC13.readback: -0.0447591133415699
# SampleGasHandlingSystem.MFC14.setpoint: 0.0
# SampleGasHandlingSystem.MFC14.readback: -0.0732421875
# SampleGasHandlingSystem.MFC15.setpoint: 0.0
# SampleGasHandlingSystem.MFC15.readback: -0.09765625
# SampleGasHandlingSystem.MFC16.setpoint: 0.0
# SampleGasHandlingSystem.MFC16.readback: -0.02848307229578495
# SampleGasHandlingSystem.RGA.ch1.mass: 2
# SampleGasHandlingSystem.RGA.ch1.readback: 1.27454e-09
# SampleGasHandlingSystem.RGA.ch2.mass: 4
# SampleGasHandlingSystem.RGA.ch2.readback: 2.26137e-07
# SampleGasHandlingSystem.RGA.ch3.mass: 5
# SampleGasHandlingSystem.RGA.ch3.readback: 7.81276e-12
# SampleGasHandlingSystem.RGA.ch4.mass: 5
# SampleGasHandlingSystem.RGA.ch4.readback: 4.78717e-10
# SampleGasHandlingSystem.RGA.ch5.mass: 18
# SampleGasHandlingSystem.RGA.ch5.readback: 4.95191e-10
# SampleGasHandlingSystem.RGA.ch6.mass: 28
# SampleGasHandlingSystem.RGA.ch6.readback: 1.09582e-09
# SampleGasHandlingSystem.RGA.ch7.mass: 32
# SampleGasHandlingSystem.RGA.ch7.readback: 1.44318e-09
# SampleGasHandlingSystem.RGA.ch8.mass: 41
# SampleGasHandlingSystem.RGA.ch8.readback: 1.11477e-11
# SampleGasHandlingSystem.RGA.ch9.mass: 44
# SampleGasHandlingSystem.RGA.ch9.readback: 1.46361e-11
# energy  i0  it  ir  iff  aux1  aux2  aux3  aux4
 8779.000000 -3.491622e-05 -4.321614e-07 -2.861885e-07 -2.873229e-07 2.946881e-05 2.938490e-05 -3.304808e-05 -3.715059e-06
 8784.000000 -3.506425e-05 -4.341910e-07 -2.875507e-07 -2.889437e-07 3.083594e-05 6.306303e-05 -2.736453e-05 4.192718e-06
 8789.000000 -3.494240e-05 -4.329852e-07 -2.870577e-07 -2.886760e-07 3.144647e-05 7.436653e-05 -2.599822e-05 5.589783e-06
 8794.000000 -3.471914e-05 -4.310980e-07 -2.859320e-07 -2.874663e-07 3.085431e-05 8.824403e-05 -2.098190e-05 1.063624e-05
 8799.000000 -3.432558e-05 -4.282112e-07 -2.842961e-07 -2.850096e-07 2.958914e-05 7.383369e-05 -2.377752e-05 5.273824e-06
 8804.000000 -3.469400e-05 -4.345430e-07 -2.888243e-07 -2.883938e-07 4.608837e-05 6.171053e-05 -1.892420e-05 4.011673e-06
 8809.000000 -3.464866e-05 -4.354310e-07 -2.894271e-07 -2.887617e-07 3.873606e-05 7.910938e-05 -2.839575e-05 -1.875858e-06
 8814.000000 -3.437787e-05 -4.339368e-07 -2.884856e-07 -2.869007e-07 4.048964e-05 1.054674e-04 -2.543311e-05 5.635954e-06
 8819.000000 -3.445279e-05 -4.370280e-07 -2.906071e-07 -2.878003e-07 3.683354e-05 1.052860e-04 -1.651451e-05 1.140310e-05
 8824.000000 -3.443557e-05 -4.392553e-07 -2.925887e-07 -2.885024e-07 3.443726e-05 1.035223e-04 -1.450060e-05 1.455931e-06
 8829.000000 -3.433035e-05 -4.403525e-07 -2.932825e-07 -2.885853e-07 3.388492e-05 8.533673e-05 -1.943701e-05 3.827665e-06
 8834.000000 -3.420267e-05 -4.413339e-07 -2.941060e-07 -2.885022e-07 3.036928e-05 7.547555e-05 -2.342900e-05 9.738010e-07
 8839.000000 -3.410182e-05 -4.424959e-07 -2.950377e-07 -2.886832e-07 2.988101e-05 9.115041e-05 -1.480633e-05 -2.871681e-06
 8844.000000 -3.394583e-05 -4.434361e-07 -2.961828e-07 -2.884877e-07 2.217758e-05 1.196256e-04 -7.241105e-06 -1.100962e-06
 8849.000000 -3.387579e-05 -4.458218e-07 -2.980088e-07 -2.889752e-07 3.413129e-05 1.036761e-04 -1.089107e-05 1.065825e-05
 8854.000000 -3.376794e-05 -4.466706e-07 -2.987546e-07 -2.891794e-07 3.928974e-05 8.383488e-05 -8.557461e-06 3.924662e-06
 8859.000000 -3.372033e-05 -4.491026e-07 -3.003221e-07 -2.898540e-07 3.920000e-05 5.994417e-05 -1.226883e-05 9.001847e-07
 8864.000000 -3.365721e-05 -4.510377e-07 -3.018008e-07 -2.901628e-07 4.749895e-05 6.054755e-05 -2.036323e-05 -5.399230e-06
 8869.000000 -3.355738e-05 -4.526832e-07 -3.032638e-07 -2.901989e-07 3.504678e-05 6.132230e-05 -1.967334e-05 -3.594951e-06
 8874.000000 -3.343368e-05 -4.537654e-07 -3.040471e-07 -2.900260e-07 3.474274e-05 5.866933e-05 -9.540990e-06 4.063185e-06
 8879.000000 -3.330554e-05 -4.547861e-07 -3.048883e-07 -2.898303e-07 4.190732e-05 6.629979e-05 -1.167346e-05 2.697766e-06
 8884.000000 -3.300515e-05 -4.531725e-07 -3.039876e-07 -2.882403e-07 4.532879e-05 9.084650e-05 -1.642406e-05 2.409232e-06
 8889.000000 -3.281611e-05 -4.534147e-07 -3.045303e-07 -2.881661e-07 2.889591e-05 8.334521e-05 -1.082405e-05 1.358147e-05
 8894.000000 -3.295941e-05 -4.576616e-07 -3.074994e-07 -2.898931e-07 3.294511e-05 7.767298e-05 -6.916665e-06 1.564526e-05
 8899.000000 -3.284549e-05 -4.585785e-07 -3.081897e-07 -2.893919e-07 3.836524e-05 6.908401e-05 -8.626107e-06 9.714631e-06
 8904.000000 -3.273696e-05 -4.600604e-07 -3.092984e-07 -2.889370e-07 3.760906e-05 5.665497e-05 -1.310562e-05 4.935626e-06
 8909.000000 -3.257052e-05 -4.602563e-07 -3.096964e-07 -2.881637e-07 3.470072e-05 5.604702e-05 -9.449010e-06 3.268560e-06
 8914.000000 -3.228208e-05 -4.591412e-07 -3.089753e-07 -2.861625e-07 3.757344e-05 6.285672e-05 -9.040578e-06 -3.139893e-06
 8919.000000 -3.223703e-05 -4.615735e-07 -3.105481e-07 -2.865379e-07 3.230821e-05 5.178912e-05 -6.576234e-06 -1.336463e-06
 8924.000000 -3.212021e-05 -4.626264e-07 -3.115959e-07 -2.865042e-07 2.642064e-05 5.285929e-05 -1.028774e-05 4.652257e-07
 8929.000000 -3.210295e-05 -4.660503e-07 -3.139792e-07 -2.875352e-07 3.352341e-05 8.001759e-05 -1.336363e-05 -1.727204e-06
 8934.000000 -3.202438e-05 -4.684406e-07 -3.157117e-07 -2.880286e-07 4.290214e-05 9.821170e-05 -1.497513e-05 -6.735226e-07
 8939.000000 -3.186106e-05 -4.693454e-07 -3.160308e-07 -2.875714e-07 3.730526e-05 8.989117e-05 -1.678088e-05 5.243471e-06
 8944.000000 -3.171927e-05 -4.700730e-07 -3.164672e-07 -2.871892e-07 2.865000e-05 7.221631e-05 -2.030871e-05 7.952345e-06
 8949.000000 -3.160702e-05 -4.694691e-07 -3.158210e-07 -2.870118e-07 2.654870e-05 4.319309e-05 -2.846169e-05 4.590348e-06
 8953.000000 -3.150892e-05 -4.684743e-07 -3.149085e-07 -2.869765e-07 2.301299e-05 1.097152e-05 -4.275046e-05 3.549371e-06
 8956.000000 -3.144739e-05 -4.694145e-07 -3.150875e-07 -2.871928e-07 2.467552e-05 -2.877257e-06 -5.255264e-05 2.861120e-06
 8958.000000 -3.140487e-05 -4.704332e-07 -3.156041e-07 -2.872490e-07 2.304104e-05 1.239938e-07 -4.994970e-05 1.580443e-05
 8959.000000 -3.129738e-05 -4.693636e-07 -3.148504e-07 -2.865277e-07 2.134029e-05 1.026076e-05 -4.495167e-05 1.951948e-05
 8959.200000 -3.128129e-05 -4.695212e-07 -3.148783e-07 -2.864103e-07 2.810295e-05 1.078429e-05 -4.110730e-05 2.815629e-05
 8959.400000 -3.129210e-05 -4.696123e-07 -3.146964e-07 -2.866536e-07 2.342888e-05 1.351599e-05 -4.534927e-05 2.484081e-05
 8959.600000 -3.134993e-05 -4.707299e-07 -3.154914e-07 -2.872719e-07 2.599584e-05 1.736643e-05 -4.586017e-05 1.627671e-05
 8959.800000 -3.140462e-05 -4.718127e-07 -3.161924e-07 -2.878462e-07 3.476582e-05 2.260241e-05 -3.152417e-05 1.250750e-05
 8960.000000 -3.139781e-05 -4.721308e-07 -3.163636e-07 -2.879684e-07 2.521539e-05 1.433779e-05 -2.999840e-05 -2.014752e-06
 8960.200000 -3.137255e-05 -4.723477e-07 -3.163824e-07 -2.877981e-07 2.263860e-05 1.493119e-06 -2.761493e-05 -2.222673e-07
 8960.400000 -3.133844e-05 -4.706998e-07 -3.152616e-07 -2.873092e-07 1.966018e-05 2.693396e-05 -1.873520e-05 -6.646185e-06
 8960.600000 -3.130329e-05 -4.708572e-07 -3.151720e-07 -2.871160e-07 2.966454e-05 1.808443e-05 -2.777260e-05 -5.501786e-06
 8960.800000 -3.126954e-05 -4.700242e-07 -3.145436e-07 -2.869811e-07 2.646103e-05 3.656223e-05 -2.704790e-05 -2.098775e-06
 8961.000000 -3.122098e-05 -4.689591e-07 -3.138515e-07 -2.866637e-07 2.471263e-05 3.406637e-05 -3.184780e-05 -2.563949e-06
 8961.200000 -3.130577e-05 -4.712851e-07 -3.155649e-07 -2.872782e-07 3.600306e-05 1.865904e-05 -3.339448e-05 -4.676630e-08
 8961.400000 -3.134810e-05 -4.714707e-07 -3.156026e-07 -2.879048e-07 3.833616e-05 1.342306e-05 -2.416869e-05 -1.102949e-05
 8961.600000 -3.137212e-05 -4.722583e-07 -3.161770e-07 -2.881669e-07 4.056842e-05 1.929472e-05 -2.773415e-05 -1.161677e-05
 8961.800000 -3.137701e-05 -4.727539e-07 -3.162242e-07 -2.883015e-07 4.728750e-05 2.669098e-05 -3.439627e-05 -1.092540e-05
 8962.000000 -3.137310e-05 -4.722851e-07 -3.158864e-07 -2.885554e-07 5.167310e-05 3.130427e-05 -3.419513e-05 -8.808299e-06
 8962.200000 -3.134810e-05 -4.720024e-07 -3.158337e-07 -2.883145e-07 4.368037e-05 4.368457e-05 -3.273151e-05 -7.716926e-06
 8962.400000 -3.134825e-05 -4.724726e-07 -3.162333e-07 -2.881014e-07 4.812743e-05 2.891042e-05 -3.206411e-05 -6.530896e-06
 8962.600000 -3.135014e-05 -4.725521e-07 -3.160348e-07 -2.880858e-07 3.708774e-05 3.599881e-05 -2.285287e-05 -6.141361e-06
 8962.800000 -3.133684e-05 -4.725870e-07 -3.159484e-07 -2.880971e-07 2.871055e-05 3.282221e-05 -3.702822e-05 -8.050087e-06
 8963.000000 -3.132651e-05 -4.715937e-07 -3.152610e-07 -2.883043e-07 3.734157e-05 3.385457e-05 -3.287944e-05 3.006393e-06
 8963.200000 -3.132864e-05 -4.728285e-07 -3.159144e-07 -2.882879e-07 4.239298e-05 1.996626e-05 -2.712034e-05 -9.187020e-08
 8963.400000 -3.131044e-05 -4.712614e-07 -3.146579e-07 -2.879624e-07 3.435976e-05 9.444266e-06 -2.984601e-05 -2.966716e-06
 8963.600000 -3.127801e-05 -4.716560e-07 -3.150475e-07 -2.877723e-07 3.237290e-05 -7.435170e-06 -3.185986e-05 -9.770995e-06
 8963.800000 -3.127118e-05 -4.720612e-07 -3.153740e-07 -2.877595e-07 2.566622e-05 1.612368e-05 -3.936618e-05 -1.582978e-05
 8964.000000 -3.130087e-05 -4.717498e-07 -3.152858e-07 -2.883570e-07 2.371244e-05 2.736480e-05 -4.480229e-05 -9.888715e-06
 8964.200000 -3.129714e-05 -4.718619e-07 -3.152607e-07 -2.880839e-07 3.933739e-05 1.240627e-05 -3.452721e-05 -1.438801e-05
 8964.400000 -3.129625e-05 -4.720945e-07 -3.154301e-07 -2.882482e-07 3.800163e-05 3.604423e-05 -2.979993e-05 -1.549455e-05
 8964.600000 -3.125442e-05 -4.721174e-07 -3.153039e-07 -2.879185e-07 3.021763e-05 3.478060e-05 -3.718747e-05 -2.408589e-05
 8964.800000 -3.122493e-05 -4.717026e-07 -3.146679e-07 -2.877470e-07 3.192908e-05 3.919152e-05 -4.669318e-05 -2.098625e-05
 8965.000000 -3.115765e-05 -4.698591e-07 -3.134830e-07 -2.871764e-07 4.431609e-05 3.994953e-05 -3.904547e-05 -2.404887e-05
 8965.200000 -3.118300e-05 -4.713233e-07 -3.143830e-07 -2.876341e-07 3.660040e-05 4.917824e-05 -2.964500e-05 -2.329245e-05
 8965.400000 -3.123404e-05 -4.715979e-07 -3.142129e-07 -2.880541e-07 2.639611e-05 5.068451e-05 -1.720140e-05 -1.907602e-05
 8965.600000 -3.125286e-05 -4.720026e-07 -3.144739e-07 -2.884063e-07 2.472538e-05 4.095984e-05 -2.516392e-05 -1.302988e-05
 8965.800000 -3.124000e-05 -4.717202e-07 -3.143800e-07 -2.881356e-07 2.704979e-05 2.708228e-05 -2.554847e-05 -6.958127e-06
 8966.000000 -3.118535e-05 -4.714341e-07 -3.139013e-07 -2.876618e-07 3.776246e-05 2.500029e-05 -2.703392e-05 -3.081461e-06
 8966.200000 -3.116849e-05 -4.710315e-07 -3.137108e-07 -2.876669e-07 3.143657e-05 4.006673e-05 -4.863480e-05 -8.687052e-06
 8966.400000 -3.114654e-05 -4.695097e-07 -3.126534e-07 -2.873303e-07 2.972481e-05 4.302895e-05 -5.565298e-05 -1.664782e-05
 8966.600000 -3.113545e-05 -4.696732e-07 -3.125387e-07 -2.874882e-07 2.705867e-05 4.411647e-05 -5.745614e-05 -1.905030e-05
 8966.800000 -3.113090e-05 -4.697726e-07 -3.125719e-07 -2.876116e-07 1.990389e-05 2.144575e-05 -4.541472e-05 -8.840733e-06
 8967.000000 -3.109058e-05 -4.703939e-07 -3.128219e-07 -2.874460e-07 1.731328e-05 1.095514e-05 -3.717283e-05 -1.433369e-05
 8967.200000 -3.110298e-05 -4.688620e-07 -3.115840e-07 -2.874652e-07 2.201492e-05 1.292590e-05 -3.583487e-05 -2.128185e-05
 8967.400000 -3.113009e-05 -4.700452e-07 -3.121608e-07 -2.877217e-07 2.608221e-05 1.856776e-05 -5.676526e-05 -2.116002e-05
 8967.600000 -3.115835e-05 -4.702679e-07 -3.124844e-07 -2.879572e-07 4.306333e-05 1.302280e-05 -4.796836e-05 -3.788810e-06
 8967.800000 -3.119191e-05 -4.710842e-07 -3.131406e-07 -2.884602e-07 5.113332e-05 5.151223e-05 -4.404298e-05 -4.737776e-06
 8968.000000 -3.118760e-05 -4.711256e-07 -3.130485e-07 -2.883788e-07 4.098280e-05 3.503361e-05 -4.395787e-05 3.100963e-08
 8968.200000 -3.117945e-05 -4.711903e-07 -3.128911e-07 -2.886673e-07 4.344227e-05 2.607262e-05 -5.447142e-05 -3.829775e-06
 8968.400000 -3.118522e-05 -4.714330e-07 -3.128676e-07 -2.886839e-07 3.433492e-05 1.815551e-05 -4.804831e-05 -1.132044e-05
 8968.600000 -3.117441e-05 -4.714144e-07 -3.125056e-07 -2.887395e-07 3.984766e-05 2.104958e-05 -5.036445e-05 -5.283750e-06
 8968.800000 -3.116384e-05 -4.715096e-07 -3.122992e-07 -2.885278e-07 4.176331e-05 8.897643e-06 -5.454817e-05 -4.464748e-07
 8969.000000 -3.116208e-05 -4.723189e-07 -3.128867e-07 -2.886710e-07 3.485798e-05 6.890908e-06 -5.847353e-05 5.175987e-07
 8969.200000 -3.115494e-05 -4.720044e-07 -3.127131e-07 -2.888446e-07 3.721799e-05 9.948980e-06 -5.828878e-05 -9.570457e-06
 8969.400000 -3.110950e-05 -4.717703e-07 -3.123687e-07 -2.883404e-07 4.198715e-05 3.144468e-05 -4.172132e-05 -1.326266e-05
 8969.600000 -3.106989e-05 -4.711139e-07 -3.116670e-07 -2.882264e-07 3.600354e-05 3.569922e-05 -4.250972e-05 -1.528030e-05
 8969.800000 -3.100786e-05 -4.699817e-07 -3.106678e-07 -2.877985e-07 3.575598e-05 1.700960e-05 -3.902365e-05 -1.537517e-05
 8970.000000 -3.101408e-05 -4.701394e-07 -3.103434e-07 -2.880129e-07 3.917801e-05 2.660321e-05 -3.671648e-05 -4.172608e-06
 8970.200000 -3.091968e-05 -4.687780e-07 -3.090426e-07 -2.873145e-07 3.800523e-05 3.170519e-05 -4.521865e-05 -1.931534e-05
 8970.400000 -3.091171e-05 -4.690783e-07 -3.091539e-07 -2.875302e-07 3.827036e-05 1.866332e-05 -5.039724e-05 -1.764174e-05
 8970.600000 -3.103215e-05 -4.716289e-07 -3.106384e-07 -2.888143e-07 3.959998e-05 2.124612e-05 -4.480237e-05 -2.555143e-05
 8970.800000 -3.106916e-05 -4.723982e-07 -3.110489e-07 -2.891488e-07 3.690450e-05 2.704880e-05 -4.206575e-05 -1.380913e-05
 8971.000000 -3.110480e-05 -4.721651e-07 -3.107673e-07 -2.896063e-07 4.715914e-05 1.581241e-05 -4.058965e-05 -2.963075e-06
 8971.200000 -3.102784e-05 -4.711055e-07 -3.096921e-07 -2.890281e-07 5.297673e-05 9.621135e-06 -3.283265e-05 -1.020290e-05
 8971.400000 -3.104347e-05 -4.719076e-07 -3.096549e-07 -2.893140e-07 4.967131e-05 -8.086811e-06 -1.971535e-05 -1.693753e-06
 8971.600000 -3.103171e-05 -4.705928e-07 -3.084913e-07 -2.891936e-07 3.944718e-05 -1.117041e-05 -2.127145e-05 3.518646e-07
 8971.800000 -3.106412e-05 -4.720922e-07 -3.091474e-07 -2.896332e-07 3.044857e-05 -1.463147e-05 -4.013803e-05 2.315974e-07
 8972.000000 -3.109018e-05 -4.724806e-07 -3.091947e-07 -2.899819e-07 3.123330e-05 -7.326523e-06 -4.122830e-05 -4.287087e-06
 8972.200000 -3.108848e-05 -4.730752e-07 -3.092318e-07 -2.903451e-07 3.897509e-05 1.736935e-06 -3.107738e-05 3.860471e-06
 8972.400000 -3.104640e-05 -4.722302e-07 -3.081927e-07 -2.901171e-07 4.240366e-05 -1.183723e-05 -4.393095e-05 1.086423e-05
 8972.600000 -3.099601e-05 -4.712049e-07 -3.073395e-07 -2.897355e-07 4.191761e-05 -3.514763e-05 -3.758716e-05 1.957552e-05
 8972.800000 -3.098860e-05 -4.720773e-07 -3.073808e-07 -2.895538e-07 3.647386e-05 -2.933491e-05 -5.345076e-05 1.410625e-05
 8973.000000 -3.105597e-05 -4.710149e-07 -3.065410e-07 -2.904412e-07 4.138681e-05 -3.664174e-05 -4.933126e-05 1.089652e-05
 8973.200000 -3.108001e-05 -4.728421e-07 -3.071032e-07 -2.907880e-07 4.557898e-05 -1.848858e-05 -5.278770e-05 8.741165e-06
 8973.400000 -3.108045e-05 -4.721670e-07 -3.061888e-07 -2.909849e-07 4.236919e-05 -3.576876e-05 -5.817205e-05 7.543460e-06
 8973.600000 -3.106091e-05 -4.719983e-07 -3.054084e-07 -2.914950e-07 3.891527e-05 -2.795832e-05 -4.553479e-05 1.123095e-05
 8973.800000 -3.103236e-05 -4.718857e-07 -3.045361e-07 -2.912672e-07 3.485496e-05 -3.690656e-05 -4.608924e-05 8.769654e-06
 8974.000000 -3.104804e-05 -4.714782e-07 -3.035870e-07 -2.917751e-07 3.510059e-05 -3.453337e-05 -3.943996e-05 1.457012e-05
 8974.200000 -3.104739e-05 -4.714037e-07 -3.025095e-07 -2.919500e-07 3.488496e-05 -3.134572e-05 -4.094792e-05 2.615411e-05
 8974.400000 -3.100587e-05 -4.702066e-07 -3.010677e-07 -2.917894e-07 3.464216e-05 -2.589358e-05 -5.138349e-05 1.999880e-05
 8974.600000 -3.097884e-05 -4.703422e-07 -3.004817e-07 -2.918717e-07 3.731133e-05 -3.360562e-05 -3.573576e-05 1.306638e-05
 8974.800000 -3.098993e-05 -4.709690e-07 -2.996792e-07 -2.923379e-07 4.088349e-05 -3.403659e-05 -3.300060e-05 4.690790e-07
 8975.000000 -3.098925e-05 -4.700720e-07 -2.982015e-07 -2.926388e-07 4.416982e-05 -3.225522e-05 -2.779266e-05 9.644720e-06
 8975.200000 -3.095268e-05 -4.700854e-07 -2.969894e-07 -2.929085e-07 4.422964e-05 -1.943653e-05 -2.818440e-05 2.611374e-06
 8975.400000 -3.097316e-05 -4.704392e-07 -2.956883e-07 -2.935154e-07 5.209282e-05 -3.693576e-05 -3.697095e-05 1.033517e-05
 8975.600000 -3.099005e-05 -4.704849e-07 -2.943953e-07 -2.940652e-07 4.657541e-05 -1.516680e-05 -3.992969e-05 1.503574e-05
 8975.800000 -3.099301e-05 -4.710873e-07 -2.930854e-07 -2.947635e-07 4.897124e-05 -1.549736e-05 -3.641717e-05 1.361839e-05
 8976.000000 -3.100569e-05 -4.705471e-07 -2.906552e-07 -2.954604e-07 4.813141e-05 -4.026568e-05 -2.842167e-05 1.777925e-05
 8976.200000 -3.093704e-05 -4.691293e-07 -2.876601e-07 -2.956751e-07 4.397616e-05 -3.944217e-05 -3.619530e-05 1.535378e-05
 8976.400000 -3.088064e-05 -4.691015e-07 -2.848090e-07 -2.958007e-07 3.713860e-05 -2.391821e-05 -3.838003e-05 1.139337e-05
 8976.600000 -3.079280e-05 -4.665778e-07 -2.800090e-07 -2.961883e-07 4.803371e-05 -1.873692e-05 -3.411739e-05 -3.353787e-06
 8976.800000 -3.077792e-05 -4.649935e-07 -2.754093e-07 -2.972919e-07 4.370043e-05 3.892585e-06 -4.728000e-05 -2.432136e-06
 8977.000000 -3.076547e-05 -4.652054e-07 -2.713823e-07 -2.986407e-07 3.496802e-05 8.166083e-06 -4.512879e-05 6.801141e-06
 8977.200000 -3.087334e-05 -4.664522e-07 -2.670244e-07 -3.012094e-07 3.235529e-05 9.847554e-07 -3.311797e-05 9.398559e-06
 8977.400000 -3.089830e-05 -4.660427e-07 -2.606020e-07 -3.038434e-07 4.416621e-05 1.352457e-05 -2.876976e-05 1.109261e-05
 8977.600000 -3.092223e-05 -4.652914e-07 -2.526444e-07 -3.066457e-07 4.023405e-05 5.451756e-06 -3.530772e-05 3.900122e-06
 8977.800000 -3.091193e-05 -4.645427e-07 -2.433028e-07 -3.099565e-07 3.987909e-05 -8.745214e-06 -3.120442e-05 1.384591e-05
 8978.000000 -3.085204e-05 -4.619349e-07 -2.317448e-07 -3.134503e-07 4.082626e-05 -2.119332e-05 -3.530074e-05 1.734331e-05
 8978.200000 -3.083162e-05 -4.599757e-07 -2.191924e-07 -3.177968e-07 4.052306e-05 -2.821330e-05 -4.503796e-05 1.178008e-05
 8978.400000 -3.079045e-05 -4.585736e-07 -2.066386e-07 -3.224405e-07 3.345906e-05 -1.212364e-05 -5.287315e-05 6.114218e-06
 8978.600000 -3.075798e-05 -4.559839e-07 -1.930636e-07 -3.277036e-07 3.908823e-05 -2.263279e-05 -3.179012e-05 1.255997e-05
 8978.800000 -3.075493e-05 -4.532509e-07 -1.798908e-07 -3.331104e-07 4.567229e-05 -3.193839e-05 -4.371542e-05 1.661403e-05
 8979.000000 -3.080980e-05 -4.523565e-07 -1.683232e-07 -3.387526e-07 5.230761e-05 -2.971263e-05 -4.252477e-05 1.215351e-05
 8979.200000 -3.079824e-05 -4.505035e-07 -1.576748e-07 -3.435261e-07 5.661215e-05 1.172568e-06 -3.047687e-05 1.484058e-05
 8979.400000 -3.075984e-05 -4.479011e-07 -1.481229e-07 -3.476697e-07 5.241443e-05 9.195772e-06 -2.556958e-05 1.968297e-05
 8979.600000 -3.066412e-05 -4.453718e-07 -1.403528e-07 -3.508413e-07 4.653522e-05 2.862561e-05 -4.067763e-05 1.384665e-05
 8979.800000 -3.057607e-05 -4.423620e-07 -1.343385e-07 -3.533587e-07 5.032194e-05 2.414138e-06 -3.567891e-05 3.725961e-06
 8980.000000 -3.059800e-05 -4.430142e-07 -1.306393e-07 -3.557576e-07 5.258584e-05 1.859211e-05 -4.055155e-05 1.588592e-06
 8980.200000 -3.067707e-05 -4.431016e-07 -1.278452e-07 -3.581252e-07 5.019014e-05 2.729444e-05 -4.381048e-05 -9.717402e-07
 8980.400000 -3.065343e-05 -4.429991e-07 -1.258367e-07 -3.593115e-07 4.781152e-05 1.581864e-05 -4.402858e-05 -5.677361e-06
 8980.600000 -3.067948e-05 -4.430137e-07 -1.246950e-07 -3.600849e-07 4.804036e-05 2.094979e-05 -2.997728e-05 3.255549e-06
 8980.800000 -3.067865e-05 -4.423583e-07 -1.240610e-07 -3.606122e-07 4.600161e-05 2.921991e-05 -2.367375e-05 -8.803134e-08
 8981.000000 -3.062534e-05 -4.422426e-07 -1.240044e-07 -3.601999e-07 5.688617e-05 5.881654e-06 -2.224308e-05 2.602349e-07
 8981.200000 -3.059657e-05 -4.409667e-07 -1.240516e-07 -3.601023e-07 6.196230e-05 -4.880234e-06 -2.792388e-05 -9.525624e-07
 8981.400000 -3.054442e-05 -4.408475e-07 -1.246299e-07 -3.594381e-07 5.807302e-05 2.383654e-05 -3.661966e-05 9.445247e-08
 8981.600000 -3.053778e-05 -4.402429e-07 -1.252733e-07 -3.589254e-07 4.882690e-05 2.753165e-05 -4.410482e-05 7.506368e-08
 8981.800000 -3.052100e-05 -4.410672e-07 -1.262931e-07 -3.583243e-07 4.952618e-05 3.018333e-05 -4.827991e-05 -1.733035e-06
 8982.000000 -3.056164e-05 -4.419537e-07 -1.275137e-07 -3.578360e-07 5.744949e-05 1.349886e-05 -5.957297e-05 -1.978670e-08
 8982.200000 -3.060191e-05 -4.422582e-07 -1.283428e-07 -3.575825e-07 6.006979e-05 -7.170921e-06 -4.731670e-05 2.935997e-06
 8982.400000 -3.058596e-05 -4.432256e-07 -1.294963e-07 -3.567061e-07 5.710934e-05 1.733699e-05 -2.831909e-05 8.069730e-06
 8982.600000 -3.053037e-05 -4.416473e-07 -1.295827e-07 -3.562136e-07 5.784382e-05 1.056552e-05 -2.678902e-05 1.109365e-05
 8982.800000 -3.046545e-05 -4.413661e-07 -1.293684e-07 -3.560238e-07 6.960986e-05 4.069045e-06 -2.761082e-05 4.976923e-06
 8983.000000 -3.046672e-05 -4.408682e-07 -1.288688e-07 -3.563048e-07 5.950933e-05 1.935116e-05 -4.546562e-05 9.415053e-06
 8983.200000 -3.046999e-05 -4.398863e-07 -1.274224e-07 -3.568143e-07 5.092244e-05 1.798277e-05 -5.161067e-05 9.448525e-06
 8983.400000 -3.047029e-05 -4.399388e-07 -1.261172e-07 -3.573235e-07 5.085053e-05 6.766689e-06 -6.549033e-05 -1.153794e-06
 8983.600000 -3.047219e-05 -4.413189e-07 -1.249208e-07 -3.582829e-07 5.475531e-05 8.915239e-06 -5.812038e-05 6.236716e-07
 8983.800000 -3.045759e-05 -4.393145e-07 -1.228331e-07 -3.592467e-07 6.188875e-05 1.162302e-06 -4.487839e-05 3.673143e-06
 8984.000000 -3.050995e-05 -4.390967e-07 -1.212710e-07 -3.603132e-07 5.087370e-05 -4.337529e-06 -4.726978e-05 -7.242444e-06
 8984.200000 -3.056376e-05 -4.407122e-07 -1.199905e-07 -3.620884e-07 3.868946e-05 -6.389928e-06 -4.360267e-05 -3.493874e-06
 8984.400000 -3.054727e-05 -4.404503e-07 -1.182802e-07 -3.630107e-07 2.788352e-05 -1.109449e-05 -4.931674e-05 9.816947e-07
 8984.600000 -3.053002e-05 -4.391789e-07 -1.160872e-07 -3.640803e-07 3.233354e-05 4.801448e-06 -4.372982e-05 3.193631e-06
 8984.800000 -3.048314e-05 -4.386900e-07 -1.141940e-07 -3.647872e-07 3.921789e-05 1.423295e-05 -3.262410e-05 5.048594e-06
 8985.000000 -3.042103e-05 -4.362802e-07 -1.117442e-07 -3.655019e-07 3.820267e-05 2.274469e-05 -5.015931e-05 -4.458194e-06
 8985.200000 -3.041855e-05 -4.367517e-07 -1.104719e-07 -3.667314e-07 4.127102e-05 3.306757e-05 -3.869149e-05 1.522173e-06
 8985.400000 -3.040112e-05 -4.364320e-07 -1.088713e-07 -3.673843e-07 4.282306e-05 1.331889e-05 -4.993741e-05 -6.748562e-06
 8985.600000 -3.041867e-05 -4.355614e-07 -1.070770e-07 -3.681793e-07 4.621904e-05 1.155475e-06 -4.055126e-05 1.626047e-06
 8985.800000 -3.042838e-05 -4.377530e-07 -1.061454e-07 -3.692670e-07 5.334737e-05 1.278686e-05 -3.203479e-05 5.689113e-06
 8986.000000 -3.035883e-05 -4.359096e-07 -1.040267e-07 -3.699622e-07 5.124465e-05 2.074188e-05 -3.619081e-05 -3.239057e-06
 8986.200000 -3.020793e-05 -4.322424e-07 -1.015137e-07 -3.698753e-07 5.810636e-05 -3.028609e-05 -3.345401e-05 -2.572514e-06
 8986.400000 -3.030886e-05 -4.341641e-07 -1.004226e-07 -3.720001e-07 4.117569e-05 -5.793148e-05 -2.483195e-05 2.687465e-06
 8986.600000 -3.036946e-05 -4.341558e-07 -9.874354e-08 -3.736922e-07 3.486577e-05 -3.960269e-05 -2.456718e-05 7.890615e-06
 8986.800000 -3.034692e-05 -4.333542e-07 -9.674388e-08 -3.745328e-07 3.163088e-05 -5.485492e-05 -3.859532e-05 5.533733e-07
 8987.000000 -3.032970e-05 -4.328178e-07 -9.463912e-08 -3.757697e-07 3.802440e-05 -5.744058e-05 -3.730423e-05 4.135976e-06
 8987.200000 -3.029210e-05 -4.315056e-07 -9.223860e-08 -3.768639e-07 4.203823e-05 -5.056690e-05 -3.436971e-05 4.475644e-06
 8987.400000 -3.032290e-05 -4.318866e-07 -9.017301e-08 -3.785729e-07 5.270776e-05 -4.695948e-05 -3.621550e-05 1.330398e-06
 8987.600000 -3.036133e-05 -4.323885e-07 -8.813928e-08 -3.803861e-07 4.903084e-05 -6.969759e-05 -3.480363e-05 6.034948e-07
 8987.800000 -3.040706e-05 -4.321886e-07 -8.616647e-08 -3.826473e-07 4.477458e-05 -4.175436e-05 -3.544157e-05 -1.179575e-06
 8988.000000 -3.039288e-05 -4.313059e-07 -8.396087e-08 -3.844972e-07 5.889781e-05 -3.280618e-05 -3.294150e-05 -6.733147e-07
 8988.200000 -3.033799e-05 -4.300404e-07 -8.155005e-08 -3.855554e-07 5.265638e-05 -4.157306e-05 -4.418813e-05 -1.414988e-05
 8988.400000 -3.037225e-05 -4.302883e-07 -7.929623e-08 -3.874762e-07 4.923994e-05 -6.163433e-05 -4.053424e-05 -3.174896e-06
 8988.600000 -3.038802e-05 -4.297220e-07 -7.690947e-08 -3.895638e-07 5.263508e-05 -5.240816e-05 -2.940165e-05 8.883979e-06
 8988.800000 -3.032303e-05 -4.279024e-07 -7.403096e-08 -3.913208e-07 5.698269e-05 -4.481320e-05 -4.561911e-05 3.551784e-08
 8989.000000 -3.029868e-05 -4.265825e-07 -7.117827e-08 -3.934556e-07 5.618548e-05 -4.451088e-05 -5.941379e-05 2.299438e-06
 8989.200000 -3.027336e-05 -4.259498e-07 -6.918437e-08 -3.950897e-07 5.181837e-05 -2.410107e-05 -5.439198e-05 2.731459e-06
 8989.400000 -3.023509e-05 -4.258921e-07 -6.705284e-08 -3.968346e-07 5.457812e-05 -2.458276e-05 -4.565484e-05 5.933693e-06
 8989.600000 -3.017125e-05 -4.230692e-07 -6.461052e-08 -3.984322e-07 5.125511e-05 -4.397189e-06 -5.107062e-05 -5.017495e-06
 8989.800000 -3.023599e-05 -4.234707e-07 -6.249878e-08 -4.011335e-07 5.348930e-05 -1.553113e-05 -4.587908e-05 -4.459591e-06
 8990.000000 -3.027949e-05 -4.229387e-07 -6.037992e-08 -4.033363e-07 5.663085e-05 -2.033564e-05 -3.290810e-05 1.306787e-05
 8990.200000 -3.028845e-05 -4.235633e-07 -5.827051e-08 -4.054290e-07 4.970595e-05 -3.765231e-05 -4.274928e-05 1.014700e-05
 8990.400000 -3.029415e-05 -4.234560e-07 -5.624590e-08 -4.071217e-07 5.184536e-05 -2.796460e-05 -3.514576e-05 1.790133e-05
 8990.600000 -3.025606e-05 -4.216646e-07 -5.467463e-08 -4.085424e-07 4.583927e-05 -2.220017e-05 -3.780516e-05 8.197920e-06
 8990.800000 -3.022585e-05 -4.209264e-07 -5.311814e-08 -4.101516e-07 4.133590e-05 -3.290199e-05 -2.884853e-05 -1.884991e-06
 8991.000000 -3.022714e-05 -4.195242e-07 -5.167700e-08 -4.117985e-07 5.167772e-05 -5.020661e-05 -3.302948e-05 -9.165081e-06
 8991.200000 -3.021700e-05 -4.197156e-07 -5.046919e-08 -4.129461e-07 5.654603e-05 -5.276037e-05 -2.723176e-05 -1.260165e-06
 8991.400000 -3.021140e-05 -4.183617e-07 -4.906600e-08 -4.145235e-07 5.106659e-05 -3.801720e-05 -3.410075e-05 -2.370164e-06
 8991.600000 -3.021852e-05 -4.186161e-07 -4.782482e-08 -4.158443e-07 5.227379e-05 -1.241390e-05 -3.709799e-05 -1.884655e-06
 8991.800000 -3.020580e-05 -4.181208e-07 -4.678510e-08 -4.168591e-07 5.474825e-05 -4.010926e-05 -2.894018e-05 -6.600171e-06
 8992.000000 -3.015948e-05 -4.171376e-07 -4.584534e-08 -4.177502e-07 4.449526e-05 -5.384863e-05 -4.528027e-05 -1.351522e-05
 8992.200000 -3.007347e-05 -4.149284e-07 -4.473863e-08 -4.176694e-07 4.684385e-05 -2.386851e-05 -3.204956e-05 -1.003527e-05
 8992.400000 -3.007440e-05 -4.147910e-07 -4.415554e-08 -4.186863e-07 3.651046e-05 -2.800551e-05 -3.120598e-05 -5.851509e-06
 8992.600000 -3.010677e-05 -4.158506e-07 -4.394147e-08 -4.197286e-07 4.099082e-05 -1.429589e-05 -4.342835e-05 -1.064534e-05
 8992.800000 -3.014911e-05 -4.158244e-07 -4.342717e-08 -4.206712e-07 3.992838e-05 -2.390617e-05 -4.774944e-05 -1.826867e-05
 8993.000000 -3.017509e-05 -4.165357e-07 -4.331470e-08 -4.207966e-07 4.446176e-05 -2.487774e-05 -4.070992e-05 -1.711423e-05
 8993.200000 -3.015828e-05 -4.168117e-07 -4.334201e-08 -4.209553e-07 4.257109e-05 -4.422053e-05 -4.156839e-05 -1.393454e-05
 8993.400000 -3.014111e-05 -4.169948e-07 -4.335401e-08 -4.207990e-07 4.228504e-05 -3.843126e-05 -3.650198e-05 -9.410760e-06
 8993.600000 -3.015978e-05 -4.167961e-07 -4.337821e-08 -4.208676e-07 4.203837e-05 -2.944746e-05 -3.457954e-05 -1.349404e-05
 8993.800000 -3.013048e-05 -4.170443e-07 -4.343435e-08 -4.203886e-07 4.294375e-05 -4.370195e-05 -4.857627e-05 -1.567259e-05
 8994.000000 -3.004493e-05 -4.156574e-07 -4.354796e-08 -4.195731e-07 4.218131e-05 -7.078877e-06 -4.355216e-05 -1.759499e-05
 8994.200000 -2.999027e-05 -4.144952e-07 -4.374569e-08 -4.187930e-07 3.837341e-05 3.890280e-06 -3.987402e-05 -2.231506e-05
 8994.400000 -3.000459e-05 -4.160018e-07 -4.424409e-08 -4.181875e-07 4.427932e-05 1.234179e-05 -3.181309e-05 -2.532561e-05
 8994.600000 -3.008599e-05 -4.179036e-07 -4.528897e-08 -4.182571e-07 4.994288e-05 -3.629988e-06 -1.666509e-05 -2.643385e-05
 8994.800000 -3.009298e-05 -4.182227e-07 -4.575060e-08 -4.177854e-07 4.206861e-05 -2.182215e-05 -1.925733e-05 -2.186181e-05
 8995.000000 -3.009760e-05 -4.185863e-07 -4.647547e-08 -4.173569e-07 3.784546e-05 -4.863872e-05 -2.566580e-05 -2.175206e-05
 8995.200000 -3.008840e-05 -4.192298e-07 -4.707335e-08 -4.168843e-07 3.726607e-05 -5.517551e-05 -2.315804e-05 -2.651289e-05
 8995.400000 -3.008126e-05 -4.192655e-07 -4.738688e-08 -4.159494e-07 4.263444e-05 -5.459822e-05 -1.600978e-05 -2.534175e-05
 8995.600000 -3.008375e-05 -4.189507e-07 -4.771380e-08 -4.156177e-07 4.192445e-05 -4.381184e-05 -1.367953e-05 -2.065147e-05
 8995.800000 -3.001020e-05 -4.187170e-07 -4.830248e-08 -4.143134e-07 2.279615e-05 -2.494581e-06 -3.430420e-05 -2.482195e-05
 8996.000000 -3.000480e-05 -4.190219e-07 -4.901888e-08 -4.137925e-07 3.048568e-05 2.996097e-05 -2.525793e-05 -1.504904e-05
 8996.200000 -3.001353e-05 -4.185624e-07 -4.933814e-08 -4.132502e-07 3.207750e-05 -1.982558e-06 -2.287747e-05 -3.597462e-06
 8996.400000 -3.006196e-05 -4.203127e-07 -5.018447e-08 -4.129350e-07 3.479242e-05 -3.136838e-05 -2.005356e-05 -1.198081e-05
 8996.600000 -3.007318e-05 -4.206133e-07 -5.080087e-08 -4.126386e-07 3.171082e-05 -1.543303e-05 -2.101616e-05 -1.341038e-05
 8996.800000 -3.006757e-05 -4.213277e-07 -5.131384e-08 -4.121648e-07 2.344075e-05 -2.023105e-05 -3.599086e-05 -2.176833e-05
 8997.000000 -3.004602e-05 -4.201345e-07 -5.137229e-08 -4.117210e-07 3.642172e-05 -2.226690e-05 -2.224259e-05 -1.451476e-05
 8997.200000 -2.999900e-05 -4.210166e-07 -5.188499e-08 -4.114727e-07 2.806484e-05 -1.023114e-05 -1.921856e-05 -7.225918e-06
 8997.400000 -3.001879e-05 -4.204430e-07 -5.192683e-08 -4.112344e-07 3.482544e-05 -3.165321e-05 -2.597455e-05 -8.243744e-06
 8997.600000 -3.002769e-05 -4.205955e-07 -5.200939e-08 -4.111707e-07 4.178177e-05 -5.168591e-05 -1.610981e-05 -1.032692e-05
 8997.800000 -3.001065e-05 -4.212033e-07 -5.232938e-08 -4.107562e-07 4.214563e-05 -5.296263e-05 -3.205612e-05 -1.354269e-05
 8998.000000 -2.999717e-05 -4.202252e-07 -5.226821e-08 -4.105752e-07 4.394111e-05 -4.202256e-05 -3.369228e-05 -1.352102e-05
 8998.200000 -2.999192e-05 -4.228928e-07 -5.266867e-08 -4.107080e-07 4.847812e-05 -4.603998e-05 -3.491257e-05 -1.154215e-05
 8998.400000 -2.999271e-05 -4.211177e-07 -5.219292e-08 -4.108407e-07 4.777913e-05 -5.356743e-05 -2.289024e-05 -4.992177e-06
 8998.600000 -2.996398e-05 -4.207974e-07 -5.189643e-08 -4.110084e-07 4.257824e-05 -6.024877e-05 -1.723572e-05 -1.987194e-06
 8998.800000 -2.998997e-05 -4.214850e-07 -5.159373e-08 -4.112191e-07 4.157801e-05 -5.434837e-05 -2.959377e-05 -1.638197e-05
 8999.000000 -2.998492e-05 -4.216503e-07 -5.108195e-08 -4.115808e-07 3.400087e-05 -7.829438e-05 -2.953049e-05 -1.868994e-05
 8999.200000 -2.997072e-05 -4.215122e-07 -5.057532e-08 -4.119347e-07 2.768982e-05 -7.999924e-05 -2.666034e-05 -1.036671e-05
 8999.400000 -2.998417e-05 -4.216508e-07 -4.996049e-08 -4.126409e-07 2.385677e-05 -4.678463e-05 -2.445835e-05 -1.169080e-05
 8999.600000 -2.996818e-05 -4.217080e-07 -4.939850e-08 -4.131789e-07 3.272929e-05 -2.609042e-05 -2.248396e-05 -1.701742e-05
 8999.800000 -2.995233e-05 -4.213270e-07 -4.897978e-08 -4.138308e-07 3.949374e-05 -2.647870e-05 -3.174799e-05 -1.919518e-05
 9000.000000 -2.990752e-05 -4.197432e-07 -4.830993e-08 -4.142545e-07 3.117226e-05 -3.406769e-05 -3.675400e-05 -1.840309e-05
 9000.200000 -2.990462e-05 -4.204933e-07 -4.776977e-08 -4.150096e-07 4.120055e-05 -2.858518e-05 -3.525597e-05 -2.219393e-05
 9000.400000 -2.983078e-05 -4.185420e-07 -4.672780e-08 -4.153243e-07 3.844154e-05 -3.064781e-05 -2.961890e-05 -2.201707e-05
 9000.600000 -2.980253e-05 -4.180518e-07 -4.599283e-08 -4.163612e-07 2.568000e-05 -3.528375e-05 -4.095581e-05 -2.795544e-05
 9000.800000 -2.986048e-05 -4.198476e-07 -4.523718e-08 -4.171649e-07 3.395819e-05 -2.874023e-05 -1.324635e-05 2.253740e-07
 9001.000000 -2.985317e-05 -4.189126e-07 -4.439645e-08 -4.175252e-07 3.181943e-05 -1.983632e-05 -3.803124e-06 1.187684e-05
 9001.200000 -2.979523e-05 -4.180579e-07 -4.398192e-08 -4.173330e-07 3.363492e-05 -8.826271e-06 -2.160078e-05 5.342929e-06
 9001.400000 -2.967656e-05 -4.163475e-07 -4.337191e-08 -4.167566e-07 3.552536e-05 -2.872323e-05 -1.226844e-05 1.910236e-06
 9001.600000 -2.946837e-05 -4.133691e-07 -4.265297e-08 -4.144559e-07 3.694332e-05 -4.096299e-06 -1.052430e-05 -6.817133e-07
 9001.800000 -2.922416e-05 -4.089590e-07 -4.205013e-08 -4.121709e-07 3.272550e-05 1.027552e-05 -2.032703e-05 2.329629e-06
 9002.000000 -2.916696e-05 -4.089317e-07 -4.189798e-08 -4.121138e-07 3.386320e-05 -1.863266e-05 -1.967562e-06 1.554883e-05
 9002.200000 -2.927498e-05 -4.096440e-07 -4.173856e-08 -4.132534e-07 2.500922e-05 -1.590198e-05 -9.392648e-06 6.296797e-06
 9002.400000 -2.941095e-05 -4.117422e-07 -4.155789e-08 -4.150990e-07 1.946379e-05 9.020072e-06 -1.888556e-05 4.152512e-06
 9002.600000 -2.952418e-05 -4.131686e-07 -4.190820e-08 -4.167344e-07 2.356574e-05 1.474583e-05 -1.006837e-05 1.561997e-05
 9002.800000 -2.963607e-05 -4.146207e-07 -4.204282e-08 -4.183200e-07 1.870921e-05 -1.082045e-05 -3.542972e-05 -2.705558e-06
 9003.000000 -2.970423e-05 -4.154628e-07 -4.227494e-08 -4.196470e-07 2.008978e-05 -2.113136e-05 -3.866697e-05 2.624181e-06
 9003.200000 -2.980042e-05 -4.178415e-07 -4.279872e-08 -4.202399e-07 2.447392e-05 -2.152796e-05 -2.494757e-05 1.187161e-05
 9003.400000 -2.985303e-05 -4.177145e-07 -4.292180e-08 -4.205128e-07 3.769682e-05 -1.173868e-05 -2.956062e-05 7.359530e-06
 9003.600000 -2.982066e-05 -4.182842e-07 -4.348020e-08 -4.197509e-07 4.769387e-05 -4.703706e-06 -1.939306e-05 1.011470e-06
 9003.800000 -2.981623e-05 -4.187724e-07 -4.408580e-08 -4.193557e-07 4.409642e-05 -2.255179e-05 -2.093301e-05 -2.315628e-06
 9004.000000 -2.986095e-05 -4.186794e-07 -4.470380e-08 -4.188132e-07 3.990172e-05 -2.384054e-05 -2.668731e-05 6.110902e-06
 9004.200000 -2.989911e-05 -4.198000e-07 -4.533694e-08 -4.183052e-07 4.930854e-05 -4.059692e-05 -1.842745e-05 2.531769e-06
 9004.400000 -2.988799e-05 -4.206637e-07 -4.598301e-08 -4.178634e-07 4.615998e-05 -5.489217e-05 -3.810129e-05 -4.724813e-07
 9004.600000 -2.988717e-05 -4.212070e-07 -4.671176e-08 -4.170687e-07 4.531889e-05 -6.571718e-05 -4.155804e-05 1.201201e-05
 9004.800000 -2.990067e-05 -4.212101e-07 -4.720184e-08 -4.164968e-07 4.390418e-05 -6.085173e-05 -4.430945e-05 7.764842e-06
 9005.000000 -2.986438e-05 -4.210143e-07 -4.752870e-08 -4.154358e-07 5.328064e-05 -6.051158e-05 -3.344870e-05 1.239819e-05
 9005.200000 -2.985209e-05 -4.207391e-07 -4.788164e-08 -4.149731e-07 4.866988e-05 -6.147014e-05 -4.284230e-05 7.953259e-06
 9005.400000 -2.986277e-05 -4.214395e-07 -4.853514e-08 -4.144514e-07 4.486637e-05 -3.374305e-05 -3.639951e-05 1.126325e-05
 9005.600000 -2.984845e-05 -4.214744e-07 -4.902719e-08 -4.137228e-07 4.668548e-05 -2.208919e-05 -2.666703e-05 1.806860e-05
 9005.800000 -2.985636e-05 -4.220846e-07 -4.952246e-08 -4.135433e-07 4.117072e-05 -4.409009e-05 -4.278180e-05 1.332004e-05
 9006.000000 -2.983157e-05 -4.221429e-07 -4.996847e-08 -4.128569e-07 4.578791e-05 -4.225708e-05 -3.742252e-05 2.289320e-05
 9006.200000 -2.978868e-05 -4.212818e-07 -5.031698e-08 -4.123092e-07 4.962753e-05 -3.152428e-05 -2.950302e-05 2.721261e-05
 9006.400000 -2.977616e-05 -4.224442e-07 -5.078679e-08 -4.117873e-07 4.327219e-05 -3.708401e-05 -4.820515e-05 8.208937e-06
 9006.600000 -2.981363e-05 -4.217362e-07 -5.117489e-08 -4.116193e-07 4.107173e-05 -2.355964e-05 -3.551403e-05 1.980155e-05
 9006.800000 -2.981070e-05 -4.230177e-07 -5.191475e-08 -4.112191e-07 3.684840e-05 -1.443886e-05 -3.846132e-05 1.483365e-05
 9007.000000 -2.979685e-05 -4.227398e-07 -5.230013e-08 -4.107106e-07 4.605009e-05 -1.602962e-05 -3.066044e-05 2.127703e-05
 9007.200000 -2.980212e-05 -4.237335e-07 -5.273256e-08 -4.103113e-07 4.014466e-05 -3.214126e-06 -3.624232e-05 1.602460e-05
 9007.400000 -2.981267e-05 -4.250983e-07 -5.324913e-08 -4.102589e-07 3.016925e-05 -3.511022e-06 -3.852306e-05 1.274328e-05
 9007.600000 -2.980909e-05 -4.235769e-07 -5.323619e-08 -4.095907e-07 3.749055e-05 -8.152422e-06 -2.725883e-05 7.851848e-06
 9007.800000 -2.979778e-05 -4.242236e-07 -5.352535e-08 -4.090989e-07 3.130393e-05 -2.146304e-05 -2.364034e-05 -2.419299e-06
 9008.000000 -2.978724e-05 -4.242792e-07 -5.386581e-08 -4.087703e-07 3.031273e-05 -1.014309e-05 -1.743653e-05 -3.175999e-06
 9008.200000 -2.978652e-05 -4.238732e-07 -5.412615e-08 -4.084985e-07 3.103365e-05 -1.610581e-05 -1.924712e-05 -5.267130e-06
 9008.400000 -2.978016e-05 -4.242553e-07 -5.444037e-08 -4.084276e-07 3.949634e-05 -1.566170e-05 -2.061560e-05 -1.062461e-05
 9008.600000 -2.979109e-05 -4.242529e-07 -5.464977e-08 -4.081181e-07 2.831434e-05 -4.702643e-06 -1.512196e-05 -2.478261e-06
 9008.800000 -2.978493e-05 -4.251000e-07 -5.517290e-08 -4.077125e-07 2.615014e-05 1.928817e-05 -1.533540e-05 6.466738e-07
 9009.000000 -2.975248e-05 -4.247836e-07 -5.521593e-08 -4.068658e-07 3.704167e-05 3.582171e-06 -1.769492e-05 -8.360171e-06
 9009.227860 -2.972968e-05 -4.246017e-07 -5.542466e-08 -4.066847e-07 2.595345e-05 -3.578984e-06 -2.594677e-05 -9.735427e-06
 9009.483581 -2.969708e-05 -4.241154e-07 -5.588924e-08 -4.061854e-07 2.736026e-05 -1.320315e-05 -2.376420e-05 -1.265975e-05
 9009.767162 -2.971082e-05 -4.247529e-07 -5.630558e-08 -4.060193e-07 2.963775e-05 -2.200331e-05 -2.488343e-05 -3.186679e-06
 9010.078604 -2.971642e-05 -4.250954e-07 -5.668445e-08 -4.055167e-07 3.468218e-05 -3.574964e-05 -3.382478e-05 -6.631015e-06
 9010.417905 -2.967329e-05 -4.247402e-07 -5.677345e-08 -4.051912e-07 2.542764e-05 -3.309914e-05 -3.393212e-05 -6.605792e-06
 9010.785067 -2.962090e-05 -4.237055e-07 -5.685086e-08 -4.047654e-07 2.803593e-05 -1.455475e-05 -3.247701e-05 2.808572e-06
 9011.180090 -2.952861e-05 -4.218793e-07 -5.667004e-08 -4.037767e-07 3.798020e-05 -2.437068e-05 -2.399579e-05 4.276441e-06
 9011.602973 -2.941130e-05 -4.198342e-07 -5.603402e-08 -4.026750e-07 2.985906e-05 -2.186664e-05 -2.704170e-05 1.147114e-05
 9012.053716 -2.934456e-05 -4.179137e-07 -5.558096e-08 -4.019529e-07 2.551757e-05 -2.288493e-05 -3.254660e-05 1.103233e-05
 9012.532319 -2.943409e-05 -4.194400e-07 -5.576954e-08 -4.029026e-07 2.621281e-05 -2.370780e-05 -2.076247e-05 1.050753e-05
 9013.038783 -2.949121e-05 -4.216498e-07 -5.588135e-08 -4.040673e-07 3.713952e-05 -5.592467e-05 -2.136761e-05 1.239124e-05
 9013.573107 -2.956684e-05 -4.236198e-07 -5.588303e-08 -4.056012e-07 4.146458e-05 -3.512736e-05 -2.171334e-05 1.982740e-05
 9014.135292 -2.961834e-05 -4.239790e-07 -5.545884e-08 -4.074380e-07 4.184303e-05 -4.353438e-05 -2.598185e-05 4.994503e-06
 9014.725337 -2.974758e-05 -4.254514e-07 -5.480684e-08 -4.096545e-07 4.429255e-05 -3.924036e-05 -2.702710e-05 -6.947898e-06
 9015.343242 -2.977168e-05 -4.257263e-07 -5.410096e-08 -4.109486e-07 4.040475e-05 -3.670958e-05 -1.640153e-05 3.264356e-06
 9015.989008 -2.974907e-05 -4.251816e-07 -5.326839e-08 -4.118410e-07 4.071246e-05 -4.561332e-05 -1.858480e-05 2.008589e-05
 9016.662634 -2.974402e-05 -4.250000e-07 -5.241304e-08 -4.128924e-07 4.078985e-05 -3.907858e-05 -2.849667e-05 1.354468e-05
 9017.364120 -2.971614e-05 -4.246652e-07 -5.109542e-08 -4.140305e-07 3.361068e-05 -4.446334e-05 -3.003596e-05 4.796448e-06
 9018.093467 -2.972383e-05 -4.247186e-07 -5.001855e-08 -4.152861e-07 3.864057e-05 -3.489764e-05 -2.694628e-05 3.997441e-06
 9018.850674 -2.969021e-05 -4.239182e-07 -4.901583e-08 -4.162832e-07 3.413926e-05 -2.466448e-05 -3.006887e-05 9.767010e-07
 9019.635741 -2.967449e-05 -4.236800e-07 -4.808138e-08 -4.175085e-07 3.313959e-05 -1.823731e-05 -2.282730e-05 -2.404566e-06
 9020.448669 -2.966914e-05 -4.241043e-07 -4.701097e-08 -4.187773e-07 3.043772e-05 -2.628209e-05 -2.268332e-05 -2.505918e-06
 9021.289457 -2.961238e-05 -4.230319e-07 -4.560306e-08 -4.196730e-07 3.062198e-05 -2.508583e-05 -2.651349e-05 -8.322317e-07
 9022.158106 -2.961282e-05 -4.227093e-07 -4.476734e-08 -4.208493e-07 3.493643e-05 -1.640336e-05 -2.708472e-05 -2.352811e-07
 9023.054614 -2.962348e-05 -4.225121e-07 -4.391325e-08 -4.221430e-07 3.299319e-05 -5.649269e-06 -3.492721e-05 5.748490e-06
 9023.978983 -2.955849e-05 -4.214843e-07 -4.323798e-08 -4.226110e-07 4.521074e-05 2.366308e-05 -3.556237e-05 6.497153e-06
 9024.931213 -2.952593e-05 -4.211672e-07 -4.275676e-08 -4.227723e-07 4.505008e-05 4.946065e-05 -3.120959e-05 1.378909e-06
 9025.911303 -2.955456e-05 -4.222191e-07 -4.297012e-08 -4.228748e-07 3.805439e-05 2.747696e-05 -2.810769e-05 9.287326e-06
 9026.919253 -2.945752e-05 -4.209011e-07 -4.372214e-08 -4.213282e-07 3.680923e-05 4.222830e-05 -3.556653e-05 1.905519e-05
 9027.955064 -2.943987e-05 -4.219491e-07 -4.522730e-08 -4.198649e-07 4.588351e-05 3.703063e-05 -3.225667e-05 1.602428e-05
 9029.018734 -2.946277e-05 -4.234121e-07 -4.693009e-08 -4.181309e-07 4.988285e-05 4.440195e-05 -3.730032e-05 6.576238e-06
 9030.110266 -2.942076e-05 -4.236482e-07 -4.841378e-08 -4.162348e-07 4.885181e-05 4.623106e-05 -3.505458e-05 1.253697e-05
 9031.232723 -2.944285e-05 -4.254639e-07 -5.008873e-08 -4.149712e-07 4.545203e-05 3.824227e-05 -3.464960e-05 6.065108e-06
 9032.367373 -2.943014e-05 -4.260515e-07 -5.143823e-08 -4.136276e-07 4.036252e-05 3.698670e-05 -2.707698e-05 1.070509e-05
 9033.514214 -2.940621e-05 -4.265057e-07 -5.229746e-08 -4.126065e-07 5.005605e-05 3.490535e-05 -3.198485e-05 7.603102e-06
 9034.673248 -2.937486e-05 -4.268675e-07 -5.317023e-08 -4.119417e-07 4.387927e-05 1.856882e-05 -2.568083e-05 1.362100e-05
 9035.844473 -2.932452e-05 -4.262938e-07 -5.331893e-08 -4.117493e-07 3.670406e-05 1.718973e-05 -2.740731e-05 1.022892e-05
 9037.027890 -2.929146e-05 -4.255685e-07 -5.290506e-08 -4.118024e-07 3.544077e-05 3.291358e-05 -3.041268e-05 8.703540e-06
 9038.223499 -2.932580e-05 -4.267649e-07 -5.274909e-08 -4.124340e-07 4.433975e-05 5.320020e-05 -3.151414e-05 1.345871e-05
 9039.431300 -2.930732e-05 -4.268395e-07 -5.229461e-08 -4.129117e-07 4.263427e-05 5.053355e-05 -3.300817e-05 7.461131e-06
 9040.651293 -2.927531e-05 -4.265015e-07 -5.170990e-08 -4.134913e-07 4.985116e-05 8.663137e-06 -2.630318e-05 1.123294e-05
 9041.883478 -2.925048e-05 -4.268444e-07 -5.172685e-08 -4.138969e-07 4.371467e-05 2.876499e-06 -3.077408e-05 1.074794e-05
 9043.127855 -2.919833e-05 -4.261778e-07 -5.173855e-08 -4.137126e-07 4.183391e-05 6.816441e-06 -2.369635e-05 1.355410e-05
 9044.384423 -2.917238e-05 -4.260200e-07 -5.172774e-08 -4.134961e-07 4.497027e-05 -4.261552e-07 -2.277501e-05 5.832363e-06
 9045.653184 -2.905922e-05 -4.243842e-07 -5.164179e-08 -4.128554e-07 3.711126e-05 3.178481e-05 -2.851730e-05 1.106700e-05
 9046.934136 -2.908841e-05 -4.258247e-07 -5.152034e-08 -4.138087e-07 3.938032e-05 3.632171e-05 -2.646315e-05 1.983143e-05
 9048.227280 -2.908792e-05 -4.260299e-07 -5.084489e-08 -4.147043e-07 3.693645e-05 3.538711e-05 -3.832323e-05 1.717067e-05
 9049.532617 -2.906489e-05 -4.255657e-07 -5.021411e-08 -4.154972e-07 3.508463e-05 4.342234e-05 -3.324798e-05 2.426307e-05
 9050.850145 -2.903784e-05 -4.254292e-07 -5.012099e-08 -4.160690e-07 3.019563e-05 4.026299e-05 -2.913201e-05 1.676786e-05
 9052.179865 -2.899385e-05 -4.250735e-07 -5.015284e-08 -4.162569e-07 3.531767e-05 3.355843e-05 -3.715359e-05 1.598149e-05
 9053.521777 -2.899126e-05 -4.258286e-07 -5.019627e-08 -4.168770e-07 3.635901e-05 2.931775e-05 -5.636184e-05 1.506290e-05
 9054.875881 -2.900703e-05 -4.264600e-07 -5.021382e-08 -4.175297e-07 3.998965e-05 1.460813e-05 -3.879785e-05 2.873530e-05
 9056.242177 -2.897580e-05 -4.258504e-07 -4.967366e-08 -4.182543e-07 3.798414e-05 3.018455e-05 -4.224988e-05 2.174395e-05
 9057.620664 -2.893942e-05 -4.258244e-07 -4.884261e-08 -4.190025e-07 2.953449e-05 2.871926e-05 -3.618743e-05 2.652295e-05
 9059.011344 -2.880713e-05 -4.245304e-07 -4.758965e-08 -4.183748e-07 3.484966e-05 8.630856e-06 -4.551285e-05 2.006224e-05
 9060.414215 -2.867296e-05 -4.219925e-07 -4.670310e-08 -4.177062e-07 4.077776e-05 2.823299e-05 -3.487339e-05 2.340768e-05
 9061.829279 -2.880406e-05 -4.243274e-07 -4.679554e-08 -4.206693e-07 3.849435e-05 3.387258e-05 -3.513190e-05 1.597691e-05
 9063.256534 -2.886535e-05 -4.253253e-07 -4.658420e-08 -4.223394e-07 3.271457e-05 1.707992e-05 -3.127597e-05 1.169929e-05
 9064.695981 -2.881000e-05 -4.242127e-07 -4.605806e-08 -4.231137e-07 2.457455e-05 2.353764e-05 -4.795766e-05 5.263091e-06
 9066.147620 -2.881664e-05 -4.255106e-07 -4.555874e-08 -4.243738e-07 2.446885e-05 2.364186e-05 -4.751702e-05 2.473913e-06
 9067.611452 -2.882289e-05 -4.254008e-07 -4.469001e-08 -4.252923e-07 3.916427e-05 7.115355e-05 -3.878050e-05 9.432093e-07
 9069.087475 -2.880331e-05 -4.257789e-07 -4.405269e-08 -4.260598e-07 4.624919e-05 6.873117e-05 -2.016569e-05 6.493992e-06
 9070.575689 -2.878658e-05 -4.259511e-07 -4.380263e-08 -4.265244e-07 4.376136e-05 6.878321e-05 -2.522773e-05 6.734573e-06
 9072.076096 -2.876754e-05 -4.265420e-07 -4.382135e-08 -4.265786e-07 4.271575e-05 7.983344e-05 -3.374052e-05 1.122805e-05
 9073.588695 -2.873104e-05 -4.269598e-07 -4.439059e-08 -4.259849e-07 4.772750e-05 6.678026e-05 -4.611662e-05 4.183745e-06
 9075.113485 -2.870110e-05 -4.273593e-07 -4.501849e-08 -4.250097e-07 4.696194e-05 6.581681e-05 -2.844453e-05 4.335481e-06
 9076.650468 -2.868218e-05 -4.280635e-07 -4.596863e-08 -4.235873e-07 4.959488e-05 1.097693e-04 -2.185629e-05 -9.499188e-07
 9078.199642 -2.865797e-05 -4.288205e-07 -4.709786e-08 -4.222409e-07 4.467120e-05 1.046130e-04 -3.827533e-05 -2.521520e-06
 9079.761009 -2.863599e-05 -4.290109e-07 -4.843854e-08 -4.210586e-07 3.476718e-05 1.187485e-04 -4.540663e-05 -3.805252e-06
 9081.334567 -2.862877e-05 -4.300556e-07 -4.991041e-08 -4.199332e-07 3.719643e-05 1.080675e-04 -3.971214e-05 5.404853e-06
 9082.920317 -2.854594e-05 -4.298715e-07 -5.096741e-08 -4.182461e-07 3.716357e-05 7.877400e-05 -4.464808e-05 7.728748e-06
 9084.518259 -2.853872e-05 -4.309707e-07 -5.180901e-08 -4.174543e-07 4.468006e-05 8.355499e-05 -5.069397e-05 7.921871e-06
 9086.128393 -2.851352e-05 -4.315874e-07 -5.211734e-08 -4.169608e-07 5.091017e-05 9.994777e-05 -5.144956e-05 6.913775e-06
 9087.750719 -2.849839e-05 -4.319054e-07 -5.279693e-08 -4.170529e-07 5.390505e-05 8.816658e-05 -4.260041e-05 1.114995e-05
 9089.385237 -2.853701e-05 -4.330861e-07 -5.356720e-08 -4.174084e-07 5.413299e-05 9.976538e-05 -4.440477e-05 7.786206e-06
 9091.031946 -2.851075e-05 -4.330975e-07 -5.433863e-08 -4.165926e-07 6.350076e-05 9.691488e-05 -2.992214e-05 8.702430e-06
 9092.690848 -2.850004e-05 -4.345672e-07 -5.571644e-08 -4.155665e-07 5.973120e-05 1.101721e-04 -3.623778e-05 3.346525e-06
 9094.361942 -2.844956e-05 -4.344589e-07 -5.692412e-08 -4.143312e-07 6.031439e-05 1.327858e-04 -3.355370e-05 4.864772e-06
 9096.045227 -2.844529e-05 -4.361943e-07 -5.815704e-08 -4.138718e-07 6.706676e-05 1.624719e-04 -4.236665e-05 7.671311e-06
 9097.740704 -2.844629e-05 -4.368165e-07 -5.844085e-08 -4.138889e-07 8.134721e-05 1.460307e-04 -3.469092e-05 1.876178e-05
 9099.448374 -2.845088e-05 -4.377437e-07 -5.837745e-08 -4.145465e-07 6.737315e-05 1.072785e-04 -4.384369e-05 2.031810e-05
 9101.168235 -2.843923e-05 -4.382070e-07 -5.773329e-08 -4.153022e-07 6.022875e-05 8.648115e-05 -6.611131e-05 1.327090e-05
 9102.900288 -2.840988e-05 -4.373296e-07 -5.648930e-08 -4.166083e-07 5.796123e-05 8.159712e-05 -4.645704e-05 1.561813e-05
 9104.644533 -2.837805e-05 -4.372937e-07 -5.563263e-08 -4.180259e-07 5.946429e-05 9.083568e-05 -4.199311e-05 6.439234e-06
 9106.400970 -2.838676e-05 -4.379246e-07 -5.468854e-08 -4.196977e-07 5.373357e-05 8.419301e-05 -4.654804e-05 8.619444e-06
 9108.169598 -2.838507e-05 -4.385458e-07 -5.385658e-08 -4.212914e-07 5.246779e-05 7.886464e-05 -4.391418e-05 1.898087e-05
 9109.950419 -2.836848e-05 -4.393400e-07 -5.314702e-08 -4.222911e-07 6.231089e-05 8.576666e-05 -4.218356e-05 7.381450e-06
 9111.743432 -2.834154e-05 -4.382638e-07 -5.248903e-08 -4.231216e-07 6.112354e-05 6.488318e-05 -4.532323e-05 4.475019e-06
 9113.548636 -2.832067e-05 -4.387635e-07 -5.258300e-08 -4.236289e-07 4.891927e-05 8.850287e-05 -4.690725e-05 -5.658608e-06
 9115.366032 -2.829155e-05 -4.385134e-07 -5.237754e-08 -4.237565e-07 4.371723e-05 1.242187e-04 -4.520379e-05 -2.289494e-06
 9117.195621 -2.828110e-05 -4.385084e-07 -5.221562e-08 -4.241833e-07 4.869636e-05 1.067795e-04 -4.818718e-05 1.638430e-06
 9119.037401 -2.825887e-05 -4.393034e-07 -5.207431e-08 -4.246218e-07 5.453454e-05 1.100093e-04 -3.432369e-05 2.207171e-05
 9120.891373 -2.821047e-05 -4.394373e-07 -5.137290e-08 -4.254804e-07 4.516721e-05 1.090887e-04 -3.407111e-05 1.228264e-05
 9122.757537 -2.819916e-05 -4.389512e-07 -5.036473e-08 -4.269983e-07 4.421741e-05 1.161114e-04 -3.736105e-05 6.573118e-06
 9124.635893 -2.823055e-05 -4.400449e-07 -4.910948e-08 -4.294654e-07 4.956335e-05 1.163506e-04 -4.134325e-05 5.034094e-06
 9126.526441 -2.822804e-05 -4.400793e-07 -4.757511e-08 -4.318901e-07 4.943203e-05 9.000939e-05 -4.152556e-05 7.581279e-06
 9128.429181 -2.817096e-05 -4.394709e-07 -4.633806e-08 -4.328929e-07 4.315952e-05 9.124490e-05 -4.245999e-05 2.757336e-06
 9130.344112 -2.806276e-05 -4.386386e-07 -4.538831e-08 -4.330707e-07 3.335491e-05 8.109566e-05 -5.541761e-05 4.728882e-06
 9132.271236 -2.815398e-05 -4.402998e-07 -4.555962e-08 -4.349181e-07 3.377924e-05 7.681016e-05 -5.104597e-05 1.202259e-07
 9134.210552 -2.814679e-05 -4.413852e-07 -4.603212e-08 -4.350139e-07 3.529117e-05 8.164127e-05 -3.775573e-05 7.578688e-07
 9136.162059 -2.807936e-05 -4.410748e-07 -4.641614e-08 -4.342750e-07 3.695437e-05 7.446382e-05 -4.760381e-05 -4.018797e-06
 9138.125758 -2.802776e-05 -4.405721e-07 -4.692576e-08 -4.331049e-07 4.820729e-05 1.014419e-04 -3.141268e-05 5.291274e-06
 9140.101649 -2.804252e-05 -4.422467e-07 -4.789979e-08 -4.330722e-07 4.588926e-05 6.916739e-05 -3.569015e-05 4.563720e-06
 9142.089733 -2.802864e-05 -4.430133e-07 -4.920776e-08 -4.321831e-07 4.888363e-05 4.820380e-05 -3.401540e-05 -2.668100e-07
 9144.090008 -2.803175e-05 -4.444870e-07 -5.086333e-08 -4.311030e-07 4.197924e-05 4.397289e-05 -2.848747e-05 3.982909e-06
 9146.102475 -2.801084e-05 -4.452295e-07 -5.252374e-08 -4.294676e-07 3.606746e-05 5.221555e-05 -2.752961e-05 -3.703524e-06
 9148.127133 -2.801002e-05 -4.465645e-07 -5.470897e-08 -4.277614e-07 4.668048e-05 9.557450e-05 -2.590192e-05 4.834435e-06
 9150.163984 -2.800988e-05 -4.484079e-07 -5.684990e-08 -4.262603e-07 4.571863e-05 9.813212e-05 -2.727817e-05 9.026768e-06
 9152.213027 -2.800105e-05 -4.502155e-07 -5.926140e-08 -4.246957e-07 2.898906e-05 1.162091e-04 -2.768292e-05 9.995896e-06
 9154.274261 -2.777473e-05 -4.490769e-07 -6.128813e-08 -4.202545e-07 2.972423e-05 1.374018e-04 -2.550959e-05 1.963777e-05
 9156.347688 -2.759005e-05 -4.463454e-07 -6.236453e-08 -4.169250e-07 2.284613e-05 1.028744e-04 -2.596264e-05 1.296578e-05
 9158.433306 -2.802714e-05 -4.552475e-07 -6.413157e-08 -4.229156e-07 3.563725e-05 1.063062e-04 -3.311206e-05 4.332711e-06
 9160.531117 -2.802534e-05 -4.563326e-07 -6.404034e-08 -4.241478e-07 4.725582e-05 7.354757e-05 -3.993480e-05 7.598132e-06
 9162.641119 -2.802922e-05 -4.570548e-07 -6.303791e-08 -4.258544e-07 4.216220e-05 6.973884e-05 -5.119850e-05 4.068146e-06
 9164.763313 -2.801240e-05 -4.570147e-07 -6.141109e-08 -4.278149e-07 3.682867e-05 7.472461e-05 -4.775956e-05 7.199282e-06
 9166.897699 -2.797481e-05 -4.566746e-07 -5.947499e-08 -4.296249e-07 3.068821e-05 8.033901e-05 -4.967253e-05 7.129381e-06
 9169.044277 -2.774438e-05 -4.531906e-07 -5.744959e-08 -4.287319e-07 2.843565e-05 9.359904e-05 -6.006987e-05 1.449431e-05
 9171.203047 -2.768146e-05 -4.524137e-07 -5.619066e-08 -4.290794e-07 3.585232e-05 9.227982e-05 -4.525058e-05 1.612485e-05
 9173.374008 -2.787912e-05 -4.575667e-07 -5.609371e-08 -4.339158e-07 3.922122e-05 8.489502e-05 -3.543132e-05 2.365324e-05
 9175.557162 -2.796941e-05 -4.589429e-07 -5.610400e-08 -4.361699e-07 4.284281e-05 9.278605e-05 -2.857565e-05 2.613392e-05
 9177.752508 -2.800238e-05 -4.592037e-07 -5.621494e-08 -4.371717e-07 4.004788e-05 1.056788e-04 -3.106602e-05 2.483943e-05
 9179.960045 -2.800072e-05 -4.609511e-07 -5.658753e-08 -4.379005e-07 3.319291e-05 1.104483e-04 -2.656553e-05 1.462200e-05
 9182.179775 -2.798862e-05 -4.610976e-07 -5.670973e-08 -4.383139e-07 3.097955e-05 1.065449e-04 -1.757734e-05 1.841579e-05
 9184.411696 -2.794264e-05 -4.604946e-07 -5.654406e-08 -4.383454e-07 4.415637e-05 1.169356e-04 -2.715124e-05 1.536775e-05
 9186.655809 -2.794338e-05 -4.612730e-07 -5.688053e-08 -4.387033e-07 3.868250e-05 1.285359e-04 -3.071597e-05 -4.894107e-06
 9188.912114 -2.785340e-05 -4.607537e-07 -5.692161e-08 -4.383797e-07 4.154809e-05 1.269531e-04 -2.577842e-05 -3.022829e-06
 9191.180611 -2.788415e-05 -4.628523e-07 -5.751569e-08 -4.392777e-07 3.890828e-05 1.000499e-04 -3.204916e-05 4.282651e-06
 9193.461300 -2.796894e-05 -4.658969e-07 -5.835421e-08 -4.406553e-07 3.690870e-05 7.951014e-05 -2.736139e-05 1.788546e-05
 9195.754181 -2.800227e-05 -4.671424e-07 -5.870359e-08 -4.416590e-07 3.785404e-05 7.190032e-05 -3.700602e-05 1.165111e-05
 9198.059254 -2.800836e-05 -4.687061e-07 -5.900912e-08 -4.426803e-07 4.665545e-05 7.518308e-05 -4.101657e-05 1.317388e-05
 9200.376518 -2.800351e-05 -4.690026e-07 -5.834798e-08 -4.443354e-07 4.473700e-05 8.335959e-05 -3.643540e-05 1.243918e-05
 9202.705975 -2.798218e-05 -4.690352e-07 -5.735851e-08 -4.462461e-07 4.404855e-05 7.636756e-05 -3.556141e-05 -1.379179e-08
 9205.047623 -2.802244e-05 -4.702130e-07 -5.628109e-08 -4.484102e-07 4.575871e-05 5.092967e-05 -3.568997e-05 3.989907e-07
 9207.401464 -2.804845e-05 -4.708086e-07 -5.548954e-08 -4.501594e-07 4.155356e-05 4.199956e-05 -2.935543e-05 1.320325e-06
 9209.767496 -2.807877e-05 -4.730871e-07 -5.554054e-08 -4.515327e-07 4.693646e-05 5.854763e-05 -3.859588e-05 3.539466e-06
 9212.145720 -2.808321e-05 -4.731092e-07 -5.562998e-08 -4.525400e-07 6.433722e-05 5.734149e-05 -2.381755e-05 3.659481e-06
 9214.536136 -2.808442e-05 -4.746730e-07 -5.618116e-08 -4.531495e-07 6.442562e-05 6.728617e-05 -2.788117e-05 3.423108e-06
 9216.938744 -2.808725e-05 -4.754622e-07 -5.659517e-08 -4.535429e-07 5.294312e-05 8.128321e-05 -4.335420e-05 3.439640e-06
 9219.353544 -2.808743e-05 -4.767171e-07 -5.737510e-08 -4.536017e-07 5.996176e-05 7.299351e-05 -4.027265e-05 4.669016e-06
 9221.780536 -2.809408e-05 -4.777166e-07 -5.854671e-08 -4.533817e-07 5.061402e-05 9.591264e-05 -3.130455e-05 7.127089e-06
 9224.219720 -2.810336e-05 -4.799260e-07 -6.003187e-08 -4.532700e-07 5.527453e-05 9.556667e-05 -4.474573e-05 1.643360e-05
 9226.671096 -2.806770e-05 -4.805221e-07 -6.135203e-08 -4.524234e-07 6.297048e-05 5.761235e-05 -5.724923e-05 7.246783e-06
 9229.134663 -2.810015e-05 -4.830906e-07 -6.283450e-08 -4.523761e-07 6.678822e-05 7.620821e-05 -5.422162e-05 -1.244464e-06
 9231.610423 -2.812999e-05 -4.838360e-07 -6.416483e-08 -4.524549e-07 6.242482e-05 7.879832e-05 -4.280914e-05 -4.251264e-07
 9234.098374 -2.816976e-05 -4.866692e-07 -6.576958e-08 -4.526711e-07 5.528570e-05 8.977271e-05 -4.654279e-05 -9.978230e-07
 9236.598517 -2.815768e-05 -4.872983e-07 -6.663415e-08 -4.528706e-07 5.555081e-05 7.129850e-05 -3.211643e-05 1.435578e-06
 9239.110852 -2.812271e-05 -4.877756e-07 -6.713961e-08 -4.531449e-07 5.839411e-05 6.674389e-05 -4.177280e-05 -3.460921e-06
 9241.635380 -2.810940e-05 -4.882757e-07 -6.729058e-08 -4.541247e-07 6.326610e-05 8.738410e-05 -3.165601e-05 -6.526469e-06
 9244.172099 -2.818795e-05 -4.910306e-07 -6.721907e-08 -4.560806e-07 5.717713e-05 6.127247e-05 -1.476539e-05 1.372550e-06
 9246.721009 -2.825938e-05 -4.937721e-07 -6.759481e-08 -4.579652e-07 4.227904e-05 5.021882e-05 -2.858344e-05 4.761011e-06
 9249.282112 -2.824514e-05 -4.954294e-07 -6.767502e-08 -4.592428e-07 4.244819e-05 4.542971e-05 -4.187783e-05 -4.906524e-08
 9251.855407 -2.820358e-05 -4.958195e-07 -6.764188e-08 -4.594077e-07 5.261547e-05 3.976816e-05 -4.609507e-05 7.066295e-06
 9254.440894 -2.821197e-05 -4.965561e-07 -6.742459e-08 -4.605855e-07 4.924975e-05 4.168085e-05 -4.103419e-05 1.459498e-05
 9257.038572 -2.818928e-05 -4.965217e-07 -6.730690e-08 -4.614616e-07 5.410117e-05 6.787161e-05 -3.383597e-05 1.300501e-05
 9259.648443 -2.833408e-05 -5.008662e-07 -6.803983e-08 -4.641003e-07 4.544079e-05 6.817106e-05 -3.270084e-05 1.069081e-05
 9262.270505 -2.844161e-05 -5.036840e-07 -6.827924e-08 -4.667121e-07 3.661011e-05 6.397594e-05 -4.435284e-05 3.690043e-06
 9264.904759 -2.847035e-05 -5.054547e-07 -6.804360e-08 -4.684196e-07 4.849779e-05 6.546378e-05 -2.265895e-05 1.199581e-05
 9267.551205 -2.845765e-05 -5.061169e-07 -6.764794e-08 -4.694438e-07 5.917891e-05 6.706955e-05 -1.629326e-05 4.312463e-06
 9270.209844 -2.846517e-05 -5.077435e-07 -6.753348e-08 -4.709169e-07 6.177476e-05 5.111969e-05 -1.831231e-05 7.765514e-06
 9272.880674 -2.849776e-05 -5.094959e-07 -6.747596e-08 -4.726101e-07 6.373604e-05 4.145353e-05 -2.125329e-05 1.153615e-05
 9275.563696 -2.852955e-05 -5.114379e-07 -6.751437e-08 -4.739046e-07 5.277138e-05 3.978829e-05 -3.324648e-05 1.176850e-05
 9278.258909 -2.855163e-05 -5.127347e-07 -6.751063e-08 -4.755740e-07 5.749453e-05 2.380803e-05 -2.081358e-05 1.311290e-05
 9280.966315 -2.858963e-05 -5.148528e-07 -6.758241e-08 -4.773865e-07 5.047155e-05 3.058630e-05 -1.665024e-05 8.768062e-06
 9283.685913 -2.859872e-05 -5.166746e-07 -6.792315e-08 -4.789049e-07 5.435032e-05 3.952466e-05 -2.295837e-05 7.908777e-06
 9286.417702 -2.862283e-05 -5.184497e-07 -6.817681e-08 -4.804433e-07 5.405892e-05 3.426156e-05 -1.780254e-05 1.470757e-05
 9289.161684 -2.860038e-05 -5.193075e-07 -6.817134e-08 -4.809193e-07 5.844090e-05 2.683893e-05 -1.629551e-05 1.276902e-05
 9291.917857 -2.865959e-05 -5.210789e-07 -6.826526e-08 -4.829107e-07 5.233717e-05 2.933191e-05 -3.145098e-05 1.043731e-05
 9294.686222 -2.871373e-05 -5.229601e-07 -6.836502e-08 -4.848119e-07 5.315877e-05 3.489757e-05 -2.732294e-05 1.314118e-05
 9297.466780 -2.872301e-05 -5.247061e-07 -6.869975e-08 -4.858504e-07 5.370957e-05 5.509715e-05 -2.207688e-05 1.196974e-05
 9300.259529 -2.864335e-05 -5.241482e-07 -6.894869e-08 -4.850778e-07 5.087847e-05 5.915463e-05 -2.361004e-05 1.029793e-05
 9303.064470 -2.886625e-05 -5.299959e-07 -7.028544e-08 -4.892582e-07 4.861402e-05 9.192298e-05 -3.496007e-05 5.483209e-06
 9305.881602 -2.892887e-05 -5.327344e-07 -7.134989e-08 -4.904392e-07 4.872073e-05 1.011065e-04 -3.542661e-05 1.115794e-05
 9308.710927 -2.891214e-05 -5.343467e-07 -7.245053e-08 -4.902972e-07 4.473322e-05 9.232550e-05 -2.096581e-05 9.903103e-06
 9311.552444 -2.898118e-05 -5.381081e-07 -7.365981e-08 -4.918366e-07 5.231423e-05 5.929328e-05 -1.913316e-05 1.677887e-05
 9314.406153 -2.905629e-05 -5.403317e-07 -7.433875e-08 -4.934544e-07 5.363358e-05 4.567064e-05 -2.418847e-05 1.610475e-05
 9317.272053 -2.912465e-05 -5.438142e-07 -7.509931e-08 -4.949006e-07 4.536080e-05 6.817873e-05 -2.324916e-05 2.328993e-05
 9320.150146 -2.914311e-05 -5.454843e-07 -7.584629e-08 -4.958378e-07 4.465364e-05 7.871779e-05 -1.218827e-05 2.959532e-05
 9323.040430 -2.910817e-05 -5.458924e-07 -7.623837e-08 -4.962748e-07 5.433862e-05 8.372470e-05 -1.043923e-05 2.578738e-05
 9325.942906 -2.898232e-05 -5.458036e-07 -7.644749e-08 -4.950595e-07 5.748419e-05 8.485526e-05 -1.244742e-05 1.639042e-05
 9328.857574 -2.920932e-05 -5.521831e-07 -7.736447e-08 -4.997900e-07 4.944454e-05 8.158780e-05 -1.161426e-05 1.325858e-05
 9331.784435 -2.929092e-05 -5.551902e-07 -7.790425e-08 -5.017167e-07 4.790003e-05 6.176263e-05 -1.046252e-05 4.255492e-06
 9334.723487 -2.933860e-05 -5.576432e-07 -7.871600e-08 -5.031643e-07 4.227647e-05 5.787581e-05 -1.076462e-05 1.230577e-05
 9337.674730 -2.937798e-05 -5.597811e-07 -7.977038e-08 -5.042603e-07 3.990686e-05 5.898765e-05 -1.559672e-05 6.551027e-06
 9340.638166 -2.936904e-05 -5.613161e-07 -8.074479e-08 -5.046668e-07 5.034660e-05 6.455389e-05 -2.072962e-05 1.559886e-05
 9343.613794 -2.936186e-05 -5.628777e-07 -8.144258e-08 -5.055659e-07 4.484676e-05 6.139514e-05 -2.089610e-05 1.632313e-05
 9346.601614 -2.934253e-05 -5.645061e-07 -8.179785e-08 -5.065506e-07 5.081067e-05 7.760813e-05 -2.563974e-05 1.156339e-05
 9349.601625 -2.931973e-05 -5.668632e-07 -8.199124e-08 -5.075539e-07 4.504875e-05 8.791885e-05 -1.698729e-05 7.641619e-06
 9352.613829 -2.945972e-05 -5.707921e-07 -8.241185e-08 -5.104773e-07 4.295668e-05 8.874315e-05 -1.047722e-05 1.330972e-05
 9355.638224 -2.956665e-05 -5.747156e-07 -8.280852e-08 -5.134567e-07 4.038420e-05 6.220681e-05 -2.357744e-05 1.152970e-05
 9358.674811 -2.968666e-05 -5.786727e-07 -8.360170e-08 -5.162016e-07 3.853899e-05 5.735315e-05 -2.150118e-05 1.669786e-05
 9361.723590 -2.978372e-05 -5.825100e-07 -8.411930e-08 -5.188419e-07 3.697615e-05 7.810360e-05 -3.074599e-05 1.575043e-05
 9364.784561 -2.982757e-05 -5.851382e-07 -8.421713e-08 -5.207779e-07 3.881800e-05 6.463067e-05 -3.257445e-05 2.010610e-05
 9367.857724 -2.985216e-05 -5.872899e-07 -8.424054e-08 -5.225144e-07 3.728651e-05 7.084599e-05 -2.803178e-05 1.218861e-05
 9370.943079 -2.989372e-05 -5.894666e-07 -8.448112e-08 -5.243651e-07 3.878863e-05 7.849275e-05 -2.211424e-05 1.584758e-05
 9374.040626 -2.992597e-05 -5.923934e-07 -8.471005e-08 -5.261393e-07 3.577406e-05 9.104164e-05 -2.254665e-05 2.437484e-05
 9377.150365 -2.996405e-05 -5.943250e-07 -8.481901e-08 -5.280461e-07 3.744523e-05 7.886325e-05 -2.576288e-05 1.862521e-05
 9380.272295 -3.008159e-05 -5.980970e-07 -8.543204e-08 -5.310094e-07 3.317620e-05 5.688968e-05 -3.384461e-05 7.190534e-06
 9383.406418 -3.010606e-05 -6.003215e-07 -8.609784e-08 -5.329507e-07 3.803820e-05 4.711034e-05 -2.361456e-05 1.380944e-05
 9386.552732 -3.008888e-05 -6.013942e-07 -8.625609e-08 -5.338693e-07 4.378518e-05 3.702527e-05 -2.168855e-05 1.019100e-05
 9389.711239 -3.010292e-05 -6.030020e-07 -8.620013e-08 -5.350881e-07 3.821913e-05 4.708947e-05 -2.981739e-05 3.964149e-07
 9392.881937 -3.010735e-05 -6.045594e-07 -8.645044e-08 -5.365159e-07 4.289641e-05 3.327922e-05 -1.976240e-05 8.802051e-06
 9396.064827 -3.011317e-05 -6.064077e-07 -8.700487e-08 -5.377259e-07 4.034873e-05 2.779077e-05 -2.695312e-05 1.212733e-05
 9399.259909 -3.023080e-05 -6.106288e-07 -8.798805e-08 -5.399811e-07 4.393161e-05 3.859004e-05 -2.755164e-05 1.381449e-05
 9402.467183 -3.033445e-05 -6.147791e-07 -8.861479e-08 -5.427264e-07 3.831803e-05 4.439345e-05 -3.319074e-05 1.188648e-05
 9405.686649 -3.035345e-05 -6.172128e-07 -8.911955e-08 -5.438889e-07 4.582795e-05 3.908269e-05 -3.056356e-05 8.090991e-06
 9408.918307 -3.039177e-05 -6.205901e-07 -9.023631e-08 -5.450847e-07 4.843018e-05 3.723205e-05 -2.410057e-05 9.881074e-06
 9412.162157 -3.041407e-05 -6.227453e-07 -9.144586e-08 -5.463471e-07 4.666030e-05 2.948579e-05 -2.302687e-05 1.427207e-05
 9415.418198 -3.042857e-05 -6.262606e-07 -9.231950e-08 -5.477865e-07 4.554965e-05 6.423934e-06 -3.325419e-05 8.441711e-06
 9418.686432 -3.050601e-05 -6.304496e-07 -9.331268e-08 -5.500272e-07 5.267238e-05 -5.767121e-06 -2.622695e-05 1.602967e-05
 9421.966857 -3.046259e-05 -6.315805e-07 -9.380361e-08 -5.499102e-07 5.066363e-05 -5.268599e-08 -2.275196e-05 2.166640e-05
 9425.259474 -3.055704e-05 -6.344625e-07 -9.463626e-08 -5.523296e-07 6.103977e-05 7.860478e-06 -3.038611e-05 1.495675e-05
 9428.564284 -3.071688e-05 -6.397874e-07 -9.566305e-08 -5.562827e-07 6.097846e-05 -2.712067e-06 -2.367841e-05 1.996356e-05
 9431.881285 -3.075979e-05 -6.432790e-07 -9.661998e-08 -5.584171e-07 5.120122e-05 7.243198e-06 -2.170659e-05 1.538239e-05
 9435.210478 -3.072027e-05 -6.441147e-07 -9.674851e-08 -5.590624e-07 5.169377e-05 2.126756e-05 -1.562122e-05 1.101913e-05
 9438.551863 -3.077204e-05 -6.473026e-07 -9.716504e-08 -5.609576e-07 5.504687e-05 2.591031e-05 -9.223259e-06 9.812395e-06
 9441.905440 -3.089401e-05 -6.516400e-07 -9.805302e-08 -5.638771e-07 5.248469e-05 2.964278e-05 -1.680154e-05 2.041130e-05
 9445.271209 -3.092772e-05 -6.542816e-07 -9.923713e-08 -5.654499e-07 5.916088e-05 2.692232e-05 -2.701268e-05 3.098896e-05
 9448.649169 -3.094141e-05 -6.565291e-07 -9.993484e-08 -5.665277e-07 6.111260e-05 4.994011e-05 -4.259371e-05 2.016826e-05
 9452.039322 -3.099320e-05 -6.602713e-07 -1.007388e-07 -5.684014e-07 5.547396e-05 5.812100e-05 -3.872619e-05 1.508986e-05
 9455.441666 -3.102841e-05 -6.633051e-07 -1.015070e-07 -5.698290e-07 6.072344e-05 4.086889e-05 -2.908303e-05 2.067817e-05
 9458.856203 -3.105701e-05 -6.659605e-07 -1.022575e-07 -5.715771e-07 5.244188e-05 3.762019e-06 -3.432479e-05 1.596295e-05
 9462.282931 -3.110526e-05 -6.691061e-07 -1.030828e-07 -5.734091e-07 4.980334e-05 2.617010e-06 -3.180688e-05 1.786503e-05
 9465.721851 -3.117205e-05 -6.729044e-07 -1.038828e-07 -5.757030e-07 5.116138e-05 1.181972e-05 -2.858318e-05 3.097260e-05
 9469.172964 -3.122397e-05 -6.766717e-07 -1.047081e-07 -5.779101e-07 5.960082e-05 4.343890e-05 -3.384476e-05 1.828962e-05
 9472.636268 -3.127429e-05 -6.806789e-07 -1.052705e-07 -5.802168e-07 5.650862e-05 5.549892e-05 -3.300562e-05 7.667835e-06
 9476.111764 -3.131435e-05 -6.836462e-07 -1.059375e-07 -5.821929e-07 5.564061e-05 5.455261e-05 -3.778782e-05 3.937975e-06
 9479.599451 -3.134230e-05 -6.862233e-07 -1.067716e-07 -5.839833e-07 6.013028e-05 3.365144e-05 -3.089263e-05 7.749945e-06
 9483.099331 -3.138379e-05 -6.891134e-07 -1.072851e-07 -5.862011e-07 5.642002e-05 5.312280e-05 -3.358930e-05 8.496276e-06
 9486.611403 -3.140483e-05 -6.912535e-07 -1.072506e-07 -5.879741e-07 5.584694e-05 4.036314e-05 -2.058500e-05 1.657949e-05
 9490.135666 -3.139776e-05 -6.933524e-07 -1.076836e-07 -5.892304e-07 5.796988e-05 3.844098e-05 -2.482175e-05 1.850113e-05
 9493.672122 -3.145910e-05 -6.963466e-07 -1.082943e-07 -5.911352e-07 5.677490e-05 3.337515e-05 -2.654971e-05 1.982808e-05
 9497.220769 -3.150514e-05 -6.994934e-07 -1.086854e-07 -5.933326e-07 6.009714e-05 6.194876e-05 -3.046743e-05 1.015513e-05
 9500.781609 -3.142485e-05 -6.997072e-07 -1.084555e-07 -5.935042e-07 6.886745e-05 5.429275e-05 -3.298669e-05 5.703757e-06
 9504.354640 -3.137396e-05 -7.011894e-07 -1.089357e-07 -5.941208e-07 6.482384e-05 4.675340e-05 -3.310934e-05 1.028510e-05
 9507.939863 -3.158254e-05 -7.084472e-07 -1.104042e-07 -5.989690e-07 5.591233e-05 4.275406e-05 -2.700583e-05 3.050617e-05
 9511.537278 -3.168106e-05 -7.142070e-07 -1.113530e-07 -6.016958e-07 4.731335e-05 3.196753e-05 -3.026219e-05 2.327524e-05
 9515.146885 -3.171417e-05 -7.163103e-07 -1.120085e-07 -6.034293e-07 4.664996e-05 4.719142e-05 -3.464450e-05 1.642765e-05
 9518.768684 -3.171722e-05 -7.186543e-07 -1.127689e-07 -6.045054e-07 4.429055e-05 5.671610e-05 -4.490279e-05 1.741822e-05
 9522.402675 -3.173924e-05 -7.211526e-07 -1.135449e-07 -6.058867e-07 4.028709e-05 5.205828e-05 -5.119184e-05 1.098237e-05
 9526.048857 -3.180177e-05 -7.253426e-07 -1.146799e-07 -6.082728e-07 4.334309e-05 6.446948e-05 -5.466139e-05 1.501355e-05
 9529.707232 -3.180953e-05 -7.274418e-07 -1.156712e-07 -6.095259e-07 4.011424e-05 7.025014e-05 -5.218781e-05 1.508681e-05
 9533.377799 -3.183060e-05 -7.302863e-07 -1.164789e-07 -6.110062e-07 4.463673e-05 7.620936e-05 -5.479378e-05 6.933631e-06
 9537.060557 -3.178942e-05 -7.318808e-07 -1.168699e-07 -6.115128e-07 4.211857e-05 8.142488e-05 -5.046472e-05 5.667154e-06
 9540.755507 -3.165807e-05 -7.316904e-07 -1.170754e-07 -6.105724e-07 3.632794e-05 7.689403e-05 -4.442476e-05 5.396226e-06
 9544.462650 -3.191336e-05 -7.394564e-07 -1.184715e-07 -6.165555e-07 4.537820e-05 9.679393e-05 -4.728999e-05 3.248211e-06
 9548.181984 -3.192464e-05 -7.420641e-07 -1.191667e-07 -6.179878e-07 4.849731e-05 9.865409e-05 -3.817854e-05 8.141364e-06
 9551.913510 -3.191831e-05 -7.451610e-07 -1.204008e-07 -6.192151e-07 4.860160e-05 1.158359e-04 -4.357809e-05 7.785135e-06
 9555.657228 -3.194099e-05 -7.485186e-07 -1.213185e-07 -6.212125e-07 4.323914e-05 1.061373e-04 -3.559412e-05 1.170980e-05
 9559.413138 -3.205581e-05 -7.539057e-07 -1.221964e-07 -6.248991e-07 3.857379e-05 9.516576e-05 -4.889951e-05 7.779270e-06
 9563.181239 -3.203168e-05 -7.553719e-07 -1.226476e-07 -6.260863e-07 4.111352e-05 1.310261e-04 -4.627843e-05 1.918666e-05
 9566.961533 -3.203607e-05 -7.584598e-07 -1.236648e-07 -6.273722e-07 3.957276e-05 1.218301e-04 -4.076284e-05 2.479446e-05
 9570.754019 -3.199536e-05 -7.598261e-07 -1.242508e-07 -6.275647e-07 4.854007e-05 1.503845e-04 -4.216420e-05 1.816394e-05
 9574.558696 -3.213120e-05 -7.667274e-07 -1.253823e-07 -6.308888e-07 4.248748e-05 1.426042e-04 -4.283777e-05 1.060271e-05
 9578.375565 -3.218270e-05 -7.699559e-07 -1.262946e-07 -6.331311e-07 4.388693e-05 1.173958e-04 -4.628578e-05 9.612030e-06
 9582.204627 -3.214506e-05 -7.715678e-07 -1.269025e-07 -6.342199e-07 4.310150e-05 9.813252e-05 -3.928281e-05 3.158438e-06
 9586.045880 -3.217906e-05 -7.748969e-07 -1.276829e-07 -6.359990e-07 3.959135e-05 8.244825e-05 -4.212699e-05 3.773647e-06
 9589.899325 -3.221876e-05 -7.779742e-07 -1.286956e-07 -6.377635e-07 4.444316e-05 8.806882e-05 -4.849273e-05 9.860009e-06
 9593.764962 -3.219888e-05 -7.803997e-07 -1.295874e-07 -6.390295e-07 5.137631e-05 6.508286e-05 -3.542582e-05 4.079860e-06
 9597.642791 -3.214997e-05 -7.812360e-07 -1.298643e-07 -6.397412e-07 4.827603e-05 4.521484e-05 -2.422803e-05 8.127718e-06
 9601.532812 -3.222543e-05 -7.868470e-07 -1.311156e-07 -6.428260e-07 4.517171e-05 4.975972e-05 -3.747192e-05 1.376972e-05
 9605.435025 -3.232837e-05 -7.928372e-07 -1.321372e-07 -6.459369e-07 4.151278e-05 5.315413e-05 -3.583623e-05 9.411490e-06
 9609.349429 -3.225313e-05 -7.921910e-07 -1.319712e-07 -6.462710e-07 3.513394e-05 4.559990e-05 -2.776532e-05 1.721076e-05
 9613.276026 -3.223389e-05 -7.938340e-07 -1.326243e-07 -6.475298e-07 3.955380e-05 3.790711e-05 -3.071342e-05 1.469550e-05
 9617.214814 -3.233753e-05 -8.002783e-07 -1.341294e-07 -6.505373e-07 4.421207e-05 2.916941e-05 -3.527826e-05 1.700712e-05
 9621.165795 -3.237899e-05 -8.046402e-07 -1.350352e-07 -6.528015e-07 4.612088e-05 2.219715e-05 -3.088917e-05 1.714235e-05
 9625.128967 -3.237419e-05 -8.070040e-07 -1.359780e-07 -6.540381e-07 5.246759e-05 2.819263e-05 -2.575475e-05 2.033059e-05
 9629.104331 -3.236982e-05 -8.094950e-07 -1.363237e-07 -6.555832e-07 5.759827e-05 4.065957e-05 -3.146855e-05 5.017160e-06
 9633.091888 -3.242284e-05 -8.144803e-07 -1.371911e-07 -6.579616e-07 5.303771e-05 2.347430e-05 -2.733819e-05 -1.834449e-06
 9637.091636 -3.244788e-05 -8.174523e-07 -1.380564e-07 -6.600618e-07 4.852550e-05 4.747478e-06 -2.564471e-05 8.087528e-06
 9641.103575 -3.250937e-05 -8.225782e-07 -1.389323e-07 -6.628236e-07 5.056771e-05 1.075283e-05 -1.318110e-05 1.438067e-05
 9645.127707 -3.250796e-05 -8.250103e-07 -1.397818e-07 -6.649318e-07 4.543934e-05 -2.084768e-06 -1.659381e-05 1.412455e-05
 9649.164031 -3.253337e-05 -8.289288e-07 -1.409330e-07 -6.673153e-07 4.995399e-05 -1.260497e-05 -1.924397e-05 1.492110e-05
 9653.212547 -3.252254e-05 -8.319431e-07 -1.416860e-07 -6.682547e-07 5.402259e-05 3.775455e-06 -2.072455e-05 1.313190e-05
 9657.273254 -3.254369e-05 -8.356405e-07 -1.430332e-07 -6.701652e-07 4.367150e-05 7.702185e-07 -2.479305e-05 -4.760893e-07
 9661.346154 -3.250951e-05 -8.373814e-07 -1.434792e-07 -6.717729e-07 3.454500e-05 1.093391e-05 -2.395728e-05 6.144303e-06
 9665.431245 -3.243878e-05 -8.383644e-07 -1.438785e-07 -6.719701e-07 4.450695e-05 9.219080e-06 -2.854157e-05 1.557540e-05
 9669.528529 -3.258149e-05 -8.452965e-07 -1.456390e-07 -6.759296e-07 4.542260e-05 6.606489e-06 -3.537739e-05 4.838270e-05
 9673.638004 -3.256194e-05 -8.470407e-07 -1.461711e-07 -6.769819e-07 5.196489e-05 1.229452e-05 -2.644726e-05 6.875343e-05
 9677.759671 -3.258073e-05 -8.506743e-07 -1.472040e-07 -6.787079e-07 4.828404e-05 3.252229e-06 -2.355949e-05 7.383343e-05
 9681.893530 -3.258183e-05 -8.538277e-07 -1.483199e-07 -6.801679e-07 3.478836e-05 -1.138844e-05 -3.361526e-05 8.232202e-05
 9686.039581 -3.253423e-05 -8.540376e-07 -1.487230e-07 -6.808799e-07 3.805167e-05 7.901359e-06 -4.201557e-05 7.215228e-05
 9690.197824 -3.243303e-05 -8.524666e-07 -1.488355e-07 -6.804838e-07 4.526877e-05 -7.563919e-06 -3.939863e-05 6.431459e-05
 9694.368258 -3.252405e-05 -8.590165e-07 -1.503069e-07 -6.835593e-07 5.076957e-05 -5.341008e-06 -3.401690e-05 6.403659e-05
 9698.550885 -3.262549e-05 -8.653642e-07 -1.514634e-07 -6.872872e-07 4.025346e-05 -2.519960e-05 -3.019204e-05 5.656223e-05
 9702.745704 -3.262417e-05 -8.684932e-07 -1.524066e-07 -6.888068e-07 4.006479e-05 -2.944065e-05 -2.853044e-05 9.720591e-06
 9706.952714 -3.258233e-05 -8.693743e-07 -1.530818e-07 -6.895357e-07 4.177834e-05 -3.262398e-05 -3.166219e-05 -1.371425e-06
 9711.171916 -3.249008e-05 -8.683270e-07 -1.532515e-07 -6.895731e-07 4.352067e-05 -1.186662e-05 -2.630318e-05 9.120553e-06
 9715.403311 -3.259764e-05 -8.742910e-07 -1.547932e-07 -6.933745e-07 3.841793e-05 -1.783680e-05 -2.930907e-05 1.831341e-05
 9719.646897 -3.259846e-05 -8.775789e-07 -1.554841e-07 -6.951245e-07 4.320834e-05 -2.641162e-05 -2.538330e-05 1.696037e-05
 9723.902675 -3.256746e-05 -8.801996e-07 -1.563117e-07 -6.961695e-07 4.097617e-05 -4.862979e-05 -1.989939e-05 1.654645e-05
 9728.170645 -3.240354e-05 -8.785699e-07 -1.564431e-07 -6.949935e-07 4.550412e-05 -4.143312e-05 -2.357405e-05 2.099583e-05
 9732.450807 -3.235764e-05 -8.799960e-07 -1.570517e-07 -6.958411e-07 5.687122e-05 -4.564957e-05 -2.731419e-05 1.392532e-05
 9736.743161 -3.251527e-05 -8.895199e-07 -1.593171e-07 -7.000673e-07 6.157915e-05 -3.092760e-05 -4.500335e-05 1.244394e-05
 9741.047707 -3.256391e-05 -8.942021e-07 -1.603176e-07 -7.023945e-07 6.107041e-05 -4.663810e-05 -4.602674e-05 1.114345e-05
 9745.364444 -3.259580e-05 -8.986573e-07 -1.615337e-07 -7.046927e-07 6.285159e-05 -4.754712e-05 -4.205987e-05 1.131300e-05
 9749.693374 -3.257141e-05 -9.012228e-07 -1.623873e-07 -7.062687e-07 6.556337e-05 -3.622346e-05 -3.361996e-05 4.458485e-06
 9754.034495 -3.250777e-05 -9.011728e-07 -1.625658e-07 -7.069251e-07 5.195013e-05 -2.951034e-05 -3.368333e-05 3.195843e-06
 9758.387809 -3.247126e-05 -9.033969e-07 -1.630173e-07 -7.080934e-07 5.936905e-05 -3.810956e-05 -2.908866e-05 4.518011e-07
 9762.753314 -3.253225e-05 -9.101569e-07 -1.646710e-07 -7.100747e-07 6.111255e-05 -4.586897e-05 -3.375422e-05 4.178603e-06
 9767.131011 -3.249441e-05 -9.119338e-07 -1.656289e-07 -7.108194e-07 5.290578e-05 -3.658060e-05 -3.754919e-05 4.818813e-06
 9771.520900 -3.252499e-05 -9.175046e-07 -1.669168e-07 -7.128600e-07 6.273849e-05 -4.132903e-05 -3.107097e-05 1.408176e-05
 9775.922981 -3.250103e-05 -9.201396e-07 -1.678644e-07 -7.137428e-07 5.663821e-05 -4.769391e-05 -2.639723e-05 1.521906e-05
 9780.337254 -3.238907e-05 -9.198185e-07 -1.679103e-07 -7.131091e-07 5.517878e-05 -3.131300e-05 -2.551766e-05 1.744144e-05
 9784.763719 -3.237797e-05 -9.225276e-07 -1.687931e-07 -7.150625e-07 5.318264e-05 -5.260995e-05 -2.296674e-05 1.262217e-05
 9789.202376 -3.244416e-05 -9.286321e-07 -1.702411e-07 -7.180652e-07 5.399443e-05 -5.713543e-05 -2.189940e-05 1.331836e-05
 9793.653224 -3.229676e-05 -9.272019e-07 -1.704112e-07 -7.168081e-07 5.068706e-05 -3.713493e-05 -2.407298e-05 6.624110e-06
 9798.116265 -3.241002e-05 -9.343930e-07 -1.724324e-07 -7.212126e-07 4.378374e-05 -4.898594e-05 -4.135636e-05 -5.223470e-06
 9802.591497 -3.240686e-05 -9.376823e-07 -1.731084e-07 -7.227385e-07 4.960895e-05 -2.515736e-05 -2.874594e-05 1.156963e-05
 9807.078922 -3.242145e-05 -9.415498e-07 -1.740636e-07 -7.247479e-07 5.568616e-05 -1.790882e-05 -2.743767e-05 1.503110e-05
 9811.578538 -3.239677e-05 -9.443480e-07 -1.751341e-07 -7.259178e-07 5.739770e-05 -2.063672e-05 -2.419824e-05 8.134629e-06
 9816.090346 -3.236555e-05 -9.477342e-07 -1.762600e-07 -7.271074e-07 5.702230e-05 -2.533429e-05 -3.697233e-05 6.964216e-06
 9820.614346 -3.230152e-05 -9.494727e-07 -1.768056e-07 -7.278375e-07 6.507719e-05 8.888578e-06 -3.408380e-05 5.296632e-06
 9825.150538 -3.228715e-05 -9.536890e-07 -1.782050e-07 -7.289945e-07 6.697523e-05 2.019527e-05 -3.596151e-05 1.384456e-06
 9829.698922 -3.204129e-05 -9.507963e-07 -1.781636e-07 -7.257095e-07 7.105288e-05 -1.364407e-06 -3.708411e-05 -7.792601e-06
 9834.259498 -3.209199e-05 -9.540753e-07 -1.789975e-07 -7.283789e-07 6.884437e-05 2.838755e-06 -2.523075e-05 3.775406e-06
 9838.832266 -3.206060e-05 -9.554596e-07 -1.797868e-07 -7.295360e-07 6.538573e-05 2.164662e-05 -2.215390e-05 1.334187e-06
 9843.417226 -3.223219e-05 -9.649225e-07 -1.821351e-07 -7.350341e-07 6.177259e-05 1.543996e-05 -2.524371e-05 1.665469e-06
 9848.014377 -3.219740e-05 -9.673859e-07 -1.826420e-07 -7.364800e-07 5.791478e-05 2.814160e-05 -4.069625e-05 7.982134e-06
 9852.623721 -3.217953e-05 -9.702026e-07 -1.837824e-07 -7.379964e-07 6.312707e-05 3.381451e-06 -4.947523e-05 1.112106e-05
 9857.245256 -3.217830e-05 -9.740596e-07 -1.850875e-07 -7.395859e-07 5.398406e-05 1.492071e-05 -3.554670e-05 1.035434e-05
 9861.878983 -3.214657e-05 -9.767040e-07 -1.861056e-07 -7.401086e-07 4.841926e-05 8.836758e-06 -3.164099e-05 9.397857e-06
 9866.524902 -3.207972e-05 -9.780290e-07 -1.865386e-07 -7.402552e-07 4.197914e-05 1.917014e-05 -2.847110e-05 1.414455e-05
 9871.183013 -3.209693e-05 -9.832640e-07 -1.878569e-07 -7.421703e-07 3.998773e-05 -2.288493e-06 -2.162682e-05 8.098283e-06
 9875.853316 -3.209472e-05 -9.881532e-07 -1.894295e-07 -7.440334e-07 4.983440e-05 5.649386e-07 -1.963749e-05 1.217580e-05
 9880.535811 -3.206502e-05 -9.909983e-07 -1.903093e-07 -7.454714e-07 5.285748e-05 -1.504015e-05 -1.737733e-05 1.586347e-05
 9885.230498 -3.202509e-05 -9.928132e-07 -1.910906e-07 -7.468172e-07 5.427963e-05 -9.208433e-06 -2.159948e-05 1.071940e-05
 9889.937377 -3.195856e-05 -9.941428e-07 -1.917758e-07 -7.480776e-07 4.417119e-05 2.807501e-06 -2.296675e-05 9.401974e-06
 9894.656448 -3.198924e-05 -1.000608e-06 -1.933944e-07 -7.508176e-07 5.170344e-05 1.950461e-05 -2.155873e-05 1.078985e-05
 9899.387710 -3.194704e-05 -1.004120e-06 -1.943693e-07 -7.514857e-07 5.177855e-05 3.199330e-05 -3.078608e-05 1.022802e-05
 9904.131165 -3.193656e-05 -1.008134e-06 -1.959016e-07 -7.525175e-07 4.965279e-05 6.014314e-05 -3.527055e-05 3.475908e-06
 9908.886811 -3.191711e-05 -1.012104e-06 -1.968124e-07 -7.535104e-07 4.538818e-05 7.333914e-05 -3.312394e-05 -1.270909e-06
 9913.654649 -3.186174e-05 -1.015595e-06 -1.980631e-07 -7.541496e-07 4.123803e-05 5.367210e-05 -3.197465e-05 2.151804e-05
 9918.434679 -3.181928e-05 -1.019583e-06 -1.991516e-07 -7.552105e-07 5.333918e-05 2.185880e-05 -3.253651e-05 1.100724e-05
 9923.226901 -3.178435e-05 -1.021876e-06 -2.003695e-07 -7.562959e-07 4.530401e-05 -2.044473e-07 -4.003869e-05 1.232748e-05
 9928.031315 -3.180558e-05 -1.026263e-06 -2.014941e-07 -7.586743e-07 4.562835e-05 -3.143893e-06 -3.503276e-05 3.612302e-05
 9932.847921 -3.180062e-05 -1.030642e-06 -2.027256e-07 -7.604896e-07 4.838119e-05 4.202512e-06 -3.772579e-05 1.248778e-05
 9937.676719 -3.167433e-05 -1.031949e-06 -2.035306e-07 -7.596051e-07 5.537347e-05 -8.933771e-06 -4.170548e-05 1.771519e-05
 9942.517709 -3.150294e-05 -1.027368e-06 -2.030179e-07 -7.574436e-07 4.225211e-05 -2.142478e-05 -3.038351e-05 1.692788e-05
 9947.370891 -3.155286e-05 -1.034702e-06 -2.048518e-07 -7.606251e-07 3.996322e-05 1.364772e-05 -2.957094e-05 1.357363e-05
 9952.236264 -3.159786e-05 -1.040570e-06 -2.064149e-07 -7.632377e-07 4.553482e-05 1.818605e-05 -3.025444e-05 1.363848e-05
