# Facility.name: NSLS-II
# Facility.mode: Beam available
# Facility.current: 400.60103886531465
# Facility.current: 3 GeV
# Facility.year: 2023
# Facility.cycle: 2
# Facility.GUP: 312970
# Facility.SAF: 311402
# Experimenter.name: Esteban Fornero
# Beamline.name: ISS (8-ID)
# Beamline.x-ray_source: damping wiggler
# Beamline.collimation_mirror1.material: Si
# Beamline.collimation_mirror2.material: Pt
# Beamline.collimation_mirror2.bender_loading: -348.0
# Beamline.focusing: toroidal mirror
# Beamline.focusing.material: Pt
# Beamline.focusing.bender_loading: -418.0
# Beamline.harmonic_rejection: Si
# Mono.scan_mode: Si(111)
# Mono.d_spacing: 3.1354951
# Mono.scan_mode: pseudo-channel cut
# Mono.scan_type: fly_scan
# Mono.trajectory_name: 0f397ba2-1519.txt
# Mono.direction: None
# Mono.angle_offset: 0.69366577
# Mono.angle_offset: 39.744 deg
# Mono.encoder_resolution: 48.0 nrad
# Detector.I0: ion chamber
# Detector.I1: ion chamber
# Detector.I2: ion chamber
# Detector.IF: PIPS
# Detector.I0.length: 15 cm
# Detector.I1.length: 28 cm
# Detector.I2.length: 15 cm
# Detector.IF.thickness: 300 um
# Detector.I0.gas.N2: 38.0%
# Detector.I1.gas.N2: 38.0%
# Detector.I2.gas.N2: 38.0%
# Detector.I0.gas.He: 62.0%
# Detector.I1.gas.He: 62.0%
# Detector.I2.gas.He: 62.0%
# Detector.I0.voltage: -1650.001099
# Detector.I1.voltage: -1650.001953
# Detector.I2.voltage: -1650.00293
# Detector.I0.gain: 4
# Detector.I1.gain: 6
# Detector.I2.gain: 6
# Detector.IF.gain: 6
# Detector.aux: {}
# Element.symbol: Ga
# Element.edge: K
# Element.line: None
# Scan.transient_id: 370848
# Scan.uid: 091b75a8-6476-4c0e-995e-ea7f087928ea
# Scan.edge_energy: 10367.0
# Scan.start_time: 06/23/2023  01:11:23.508100
# Scan.end_time: 06/23/2023  01:11:55.803440
# Scan.name: Cu2O+Ga2O3-1st H2-ramp (pos 001) Ga-K 0001
# Scan.comment: 
# Sample.name: Cu2O+Ga2O3-1st
# Sample.comment: 
# Sample.position.x: -66.61000258
# Sample.position.y: 30.049994074
# Sample.position.z: -10.184937499999995
# Sample.position.theta: 845.5790000000001
# SampleHeater.temperature1.setpoint: 300.0
# SampleHeater.temperature1.readback: 1372.0
# SampleHeater.current.setpoint: 0.0
# SampleHeater.current.readback: 0.0
# SampleHeater.temperature2.setpoint: 332.7440699206458
# SampleHeater.temperature2.readback: 333.3
# SampleHeater.voltage.setpoint: 0.7321096995052027
# SampleHeater.voltage.readback: 0.721
# SampleHeater.PID.P: 0.025
# SampleHeater.PID.I: 0.07
# SampleHeater.PID.D: 0.0
# SampleGasCart.MFC.CH4.setpoint: 0.0
# SampleGasCart.MFC.CH4.readback: 0.0
# SampleGasCart.MFC.CO.setpoint: 0.0
# SampleGasCart.MFC.CO.readback: 0.0
# SampleGasCart.MFC.H2.setpoint: 10.0
# SampleGasCart.MFC.H2.readback: 10.012
# SampleGasCart.MFC.exhaust.setpoint: 100.0
# SampleGasCart.MFC.exhaust.readback: 10.3
# SampleGasHandlingSystem.gas_a.name: None
# SampleGasHandlingSystem.gas_b.name: None
# SampleGasHandlingSystem.gas_c.name: None
# SampleGasHandlingSystem.gas_d.name: None
# SampleGasHandlingSystem.gas_e.name: He
# SampleGasHandlingSystem.MFC1.setpoint: 0.0
# SampleGasHandlingSystem.MFC1.readback: -0.1220703125
# SampleGasHandlingSystem.MFC2.setpoint: 0.0
# SampleGasHandlingSystem.MFC2.readback: -0.0813802108168602
# SampleGasHandlingSystem.MFC3.setpoint: 0.0
# SampleGasHandlingSystem.MFC3.readback: 0.0244140625
# SampleGasHandlingSystem.MFC4.setpoint: 0.0
# SampleGasHandlingSystem.MFC4.readback: -0.0773111954331398
# SampleGasHandlingSystem.MFC5.setpoint: 0.0
# SampleGasHandlingSystem.MFC5.readback: -0.0040690102614462376
# SampleGasHandlingSystem.MFC6.setpoint: 0.0
# SampleGasHandlingSystem.MFC6.readback: -0.0244140625
# SampleGasHandlingSystem.MFC7.setpoint: 0.0
# SampleGasHandlingSystem.MFC7.readback: -0.01220703125
# SampleGasHandlingSystem.MFC8.setpoint: 0.0
# SampleGasHandlingSystem.MFC8.readback: -0.0528971366584301
# SampleGasHandlingSystem.MFC9.setpoint: 0.0
# SampleGasHandlingSystem.MFC9.readback: -0.0325520820915699
# SampleGasHandlingSystem.MFC10.setpoint: 0.0
# SampleGasHandlingSystem.MFC10.readback: 0.01220703125
# SampleGasHandlingSystem.MFC11.setpoint: 0.0
# SampleGasHandlingSystem.MFC11.readback: -0.0773111954331398
# SampleGasHandlingSystem.MFC12.setpoint: 0.0
# SampleGasHandlingSystem.MFC12.readback: -0.0406901054084301
# SampleGasHandlingSystem.MFC13.setpoint: 0.0
# SampleGasHandlingSystem.MFC13.readback: -0.0406901054084301
# SampleGasHandlingSystem.MFC14.setpoint: 0.0
# SampleGasHandlingSystem.MFC14.readback: -0.0569661445915699
# SampleGasHandlingSystem.MFC15.setpoint: 0.0
# SampleGasHandlingSystem.MFC15.readback: -0.0895182266831398
# SampleGasHandlingSystem.MFC16.setpoint: 0.0
# SampleGasHandlingSystem.MFC16.readback: -0.0244140625
# SampleGasHandlingSystem.RGA.ch1.mass: 2
# SampleGasHandlingSystem.RGA.ch1.readback: 8.01692e-07
# SampleGasHandlingSystem.RGA.ch2.mass: 4
# SampleGasHandlingSystem.RGA.ch2.readback: 2.60687e-11
# SampleGasHandlingSystem.RGA.ch3.mass: 5
# SampleGasHandlingSystem.RGA.ch3.readback: 7.81276e-12
# SampleGasHandlingSystem.RGA.ch4.mass: 5
# SampleGasHandlingSystem.RGA.ch4.readback: 4.78717e-10
# SampleGasHandlingSystem.RGA.ch5.mass: 18
# SampleGasHandlingSystem.RGA.ch5.readback: 2.77887e-09
# SampleGasHandlingSystem.RGA.ch6.mass: 28
# SampleGasHandlingSystem.RGA.ch6.readback: 1.1653e-08
# SampleGasHandlingSystem.RGA.ch7.mass: 32
# SampleGasHandlingSystem.RGA.ch7.readback: 1.69984e-09
# SampleGasHandlingSystem.RGA.ch8.mass: 41
# SampleGasHandlingSystem.RGA.ch8.readback: 1.11477e-11
# SampleGasHandlingSystem.RGA.ch9.mass: 44
# SampleGasHandlingSystem.RGA.ch9.readback: 2.11721e-11
# energy  i0  it  ir  iff  aux1  aux2  aux3  aux4
10167.000000 -3.010430e-05 -1.081158e-06 -3.155222e-07 -8.266998e-07 6.032173e-05 1.028266e-04 -6.916356e-05 5.176830e-05
10172.000000 -3.003127e-05 -1.080244e-06 -3.134823e-07 -8.265141e-07 6.581461e-05 1.291524e-04 -6.482329e-05 4.318900e-05
10177.000000 -2.994483e-05 -1.076701e-06 -3.094715e-07 -8.257682e-07 4.976426e-05 1.452848e-04 -6.673255e-05 4.844501e-05
10182.000000 -2.989699e-05 -1.077333e-06 -3.039987e-07 -8.266295e-07 5.249346e-05 1.501252e-04 -6.155417e-05 5.273336e-05
10187.000000 -2.991759e-05 -1.082346e-06 -2.941169e-07 -8.295583e-07 5.998248e-05 1.475592e-04 -6.408679e-05 4.487462e-05
10192.000000 -2.996668e-05 -1.087808e-06 -2.704226e-07 -8.329038e-07 5.326796e-05 1.703887e-04 -5.759238e-05 4.589525e-05
10197.000000 -2.990628e-05 -1.086187e-06 -1.999716e-07 -8.334386e-07 5.009761e-05 1.749724e-04 -6.947326e-05 4.282911e-05
10202.000000 -2.990458e-05 -1.091661e-06 -6.479100e-08 -8.359257e-07 4.807974e-05 1.697236e-04 -7.120187e-05 4.868619e-05
10207.000000 -2.987930e-05 -1.094719e-06 -2.568287e-08 -8.378093e-07 4.211946e-05 1.610670e-04 -7.055866e-05 4.931525e-05
10212.000000 -2.983505e-05 -1.096416e-06 -5.410431e-08 -8.391648e-07 4.556987e-05 1.703738e-04 -7.457905e-05 5.085089e-05
10217.000000 -2.978124e-05 -1.098012e-06 -7.003311e-08 -8.399946e-07 4.637650e-05 1.577251e-04 -8.008110e-05 4.570808e-05
10222.000000 -2.971564e-05 -1.098864e-06 -8.243146e-08 -8.402420e-07 4.599288e-05 1.776062e-04 -8.348983e-05 4.312665e-05
10227.000000 -2.973435e-05 -1.108986e-06 -9.170770e-08 -8.420464e-07 5.226790e-05 1.877062e-04 -8.488415e-05 4.182639e-05
10232.000000 -2.966508e-05 -1.109269e-06 -9.495884e-08 -8.416599e-07 4.567986e-05 1.831232e-04 -8.021851e-05 4.498807e-05
10237.000000 -2.956437e-05 -1.104406e-06 -9.664219e-08 -8.411882e-07 4.753909e-05 1.750598e-04 -7.849967e-05 4.688119e-05
10242.000000 -2.945084e-05 -1.100862e-06 -9.816505e-08 -8.403793e-07 4.771796e-05 1.596915e-04 -7.649033e-05 4.949487e-05
10247.000000 -2.940430e-05 -1.104769e-06 -1.026970e-07 -8.413014e-07 3.575292e-05 1.609299e-04 -8.002702e-05 4.778237e-05
10252.000000 -2.929536e-05 -1.101719e-06 -1.018500e-07 -8.408964e-07 4.175708e-05 1.635784e-04 -7.712750e-05 4.838397e-05
10257.000000 -2.913681e-05 -1.094376e-06 -9.731337e-08 -8.379207e-07 4.483520e-05 1.647937e-04 -8.122638e-05 3.602738e-05
10262.000000 -2.912143e-05 -1.102552e-06 -9.720919e-08 -8.395299e-07 4.559497e-05 1.809820e-04 -7.203035e-05 3.113073e-05
10267.000000 -2.929300e-05 -1.121592e-06 -1.002144e-07 -8.474750e-07 5.260312e-05 1.840197e-04 -7.511126e-05 3.806016e-05
10272.000000 -2.932126e-05 -1.130891e-06 -1.017165e-07 -8.501865e-07 4.567081e-05 1.608233e-04 -6.674440e-05 3.705774e-05
10277.000000 -2.935535e-05 -1.144577e-06 -1.017107e-07 -8.530146e-07 4.077229e-05 1.598830e-04 -6.888990e-05 3.627870e-05
10282.000000 -2.921032e-05 -1.143013e-06 -1.001268e-07 -8.513335e-07 4.638445e-05 1.581700e-04 -7.257711e-05 2.830687e-05
10287.000000 -2.926230e-05 -1.151653e-06 -1.018268e-07 -8.548457e-07 5.201267e-05 1.597341e-04 -6.145086e-05 4.594386e-05
10292.000000 -2.916639e-05 -1.149324e-06 -1.047389e-07 -8.547754e-07 4.958771e-05 1.685689e-04 -5.941238e-05 4.075012e-05
10297.000000 -2.914062e-05 -1.154201e-06 -1.062516e-07 -8.560902e-07 5.258589e-05 1.806894e-04 -6.699335e-05 4.336969e-05
10302.000000 -2.916818e-05 -1.164437e-06 -1.068608e-07 -8.582367e-07 5.427875e-05 1.646233e-04 -6.967657e-05 4.849226e-05
10307.000000 -2.906236e-05 -1.161433e-06 -1.064314e-07 -8.583656e-07 4.968136e-05 1.334916e-04 -7.772595e-05 5.388583e-05
10312.000000 -2.908695e-05 -1.173623e-06 -1.072648e-07 -8.613527e-07 5.114005e-05 1.384618e-04 -6.977930e-05 4.935490e-05
10317.000000 -2.905039e-05 -1.178836e-06 -1.071687e-07 -8.632982e-07 4.819401e-05 1.375689e-04 -7.150505e-05 5.173941e-05
10322.000000 -2.902618e-05 -1.183748e-06 -1.064819e-07 -8.652650e-07 5.083635e-05 1.148515e-04 -6.824972e-05 5.320262e-05
10327.000000 -2.897680e-05 -1.186435e-06 -1.056435e-07 -8.674086e-07 5.880930e-05 1.262946e-04 -6.906337e-05 5.449771e-05
10332.000000 -2.886961e-05 -1.188300e-06 -1.047955e-07 -8.680558e-07 4.768084e-05 1.624954e-04 -6.920354e-05 4.615435e-05
10337.000000 -2.895463e-05 -1.198555e-06 -1.055514e-07 -8.732397e-07 3.936707e-05 2.282565e-04 -6.392083e-05 5.579121e-05
10341.000000 -2.892155e-05 -1.202208e-06 -1.065156e-07 -8.751666e-07 4.532651e-05 2.538276e-04 -7.148198e-05 4.844306e-05
10344.000000 -2.888531e-05 -1.204371e-06 -1.078629e-07 -8.767243e-07 4.941547e-05 2.594223e-04 -6.991197e-05 4.367501e-05
10346.000000 -2.885294e-05 -1.203201e-06 -1.087067e-07 -8.784302e-07 5.130369e-05 2.717119e-04 -7.100152e-05 4.338449e-05
10347.000000 -2.879342e-05 -1.196133e-06 -1.086518e-07 -8.789603e-07 4.339112e-05 2.603677e-04 -8.139696e-05 4.837654e-05
10347.200000 -2.878360e-05 -1.194522e-06 -1.085860e-07 -8.791325e-07 4.135267e-05 2.616902e-04 -8.339149e-05 5.091641e-05
10347.400000 -2.875052e-05 -1.189705e-06 -1.082130e-07 -8.782995e-07 3.740817e-05 2.699874e-04 -8.223669e-05 4.438893e-05
10347.600000 -2.879128e-05 -1.194550e-06 -1.085922e-07 -8.789799e-07 4.192570e-05 2.515253e-04 -6.951475e-05 5.307053e-05
10347.800000 -2.884062e-05 -1.203236e-06 -1.094593e-07 -8.804024e-07 4.170135e-05 2.644150e-04 -7.980010e-05 5.429137e-05
10348.000000 -2.884956e-05 -1.203506e-06 -1.096704e-07 -8.802477e-07 4.443467e-05 2.659939e-04 -6.729397e-05 6.261721e-05
10348.200000 -2.886096e-05 -1.206915e-06 -1.102937e-07 -8.803871e-07 4.727428e-05 2.499320e-04 -7.075820e-05 6.315042e-05
10348.400000 -2.885484e-05 -1.207001e-06 -1.105809e-07 -8.807296e-07 4.538521e-05 2.565770e-04 -7.225225e-05 5.742521e-05
10348.600000 -2.884668e-05 -1.204777e-06 -1.105100e-07 -8.808467e-07 4.299666e-05 2.829332e-04 -7.509566e-05 5.882408e-05
10348.800000 -2.881674e-05 -1.200384e-06 -1.102855e-07 -8.804646e-07 3.528280e-05 2.725666e-04 -8.191553e-05 5.139228e-05
10349.000000 -2.881056e-05 -1.200797e-06 -1.103249e-07 -8.811249e-07 3.419789e-05 2.555797e-04 -6.943652e-05 5.136549e-05
10349.200000 -2.883385e-05 -1.205057e-06 -1.106596e-07 -8.816813e-07 3.859808e-05 2.318077e-04 -7.203220e-05 5.504929e-05
10349.400000 -2.881766e-05 -1.201323e-06 -1.103944e-07 -8.813974e-07 4.624571e-05 2.387621e-04 -7.580203e-05 6.011851e-05
10349.600000 -2.881482e-05 -1.202000e-06 -1.105243e-07 -8.815334e-07 5.150174e-05 2.531303e-04 -7.112607e-05 5.027518e-05
10349.800000 -2.880271e-05 -1.199539e-06 -1.105182e-07 -8.817706e-07 5.600657e-05 2.524082e-04 -6.199432e-05 6.051243e-05
10350.000000 -2.880917e-05 -1.200455e-06 -1.109625e-07 -8.819072e-07 4.569419e-05 2.681357e-04 -6.436594e-05 5.937212e-05
10350.200000 -2.879383e-05 -1.198606e-06 -1.108646e-07 -8.822196e-07 4.402454e-05 2.603245e-04 -6.498845e-05 6.035661e-05
10350.400000 -2.880777e-05 -1.201511e-06 -1.111483e-07 -8.819278e-07 5.722549e-05 2.685013e-04 -5.136625e-05 6.019401e-05
10350.600000 -2.882749e-05 -1.205353e-06 -1.114452e-07 -8.829857e-07 5.835120e-05 2.983087e-04 -6.297504e-05 6.139878e-05
10350.800000 -2.880697e-05 -1.201973e-06 -1.111794e-07 -8.827015e-07 5.683050e-05 2.968105e-04 -6.748975e-05 6.180857e-05
10351.000000 -2.877763e-05 -1.199102e-06 -1.111244e-07 -8.824124e-07 5.116471e-05 2.893019e-04 -5.364133e-05 7.689145e-05
10351.200000 -2.879294e-05 -1.201140e-06 -1.113312e-07 -8.826880e-07 4.422365e-05 2.722254e-04 -5.173793e-05 7.183951e-05
10351.400000 -2.879743e-05 -1.201922e-06 -1.115128e-07 -8.825729e-07 4.466525e-05 3.059166e-04 -5.931352e-05 6.964068e-05
10351.600000 -2.880942e-05 -1.205015e-06 -1.117709e-07 -8.825600e-07 4.843801e-05 3.168034e-04 -5.678586e-05 6.946877e-05
10351.800000 -2.880623e-05 -1.204401e-06 -1.117154e-07 -8.829225e-07 5.796353e-05 2.937548e-04 -6.070363e-05 6.686139e-05
10352.000000 -2.879229e-05 -1.201263e-06 -1.114966e-07 -8.835674e-07 4.963849e-05 2.666643e-04 -7.351965e-05 5.947945e-05
10352.200000 -2.879161e-05 -1.203811e-06 -1.120212e-07 -8.838073e-07 4.829302e-05 2.633407e-04 -7.915674e-05 5.881213e-05
10352.400000 -2.879010e-05 -1.200110e-06 -1.117434e-07 -8.842059e-07 5.420035e-05 2.764774e-04 -5.737758e-05 6.229145e-05
10352.600000 -2.880451e-05 -1.204905e-06 -1.124113e-07 -8.842393e-07 6.252449e-05 2.783727e-04 -6.201772e-05 6.285663e-05
10352.800000 -2.879440e-05 -1.203405e-06 -1.124229e-07 -8.845985e-07 6.121499e-05 2.908516e-04 -7.126570e-05 5.512791e-05
10353.000000 -2.878988e-05 -1.203526e-06 -1.123804e-07 -8.850034e-07 4.593552e-05 2.896754e-04 -6.044886e-05 5.784387e-05
10353.200000 -2.879043e-05 -1.203672e-06 -1.122056e-07 -8.849149e-07 4.420657e-05 2.762904e-04 -6.239506e-05 6.748957e-05
10353.400000 -2.878184e-05 -1.204721e-06 -1.121652e-07 -8.852292e-07 5.457392e-05 2.608049e-04 -5.564187e-05 6.836827e-05
10353.600000 -2.877365e-05 -1.203887e-06 -1.124090e-07 -8.853474e-07 6.213608e-05 2.562484e-04 -5.948181e-05 7.858375e-05
10353.800000 -2.875064e-05 -1.199080e-06 -1.118460e-07 -8.850643e-07 7.227742e-05 2.508732e-04 -6.023647e-05 8.591452e-05
10354.000000 -2.873364e-05 -1.198753e-06 -1.120936e-07 -8.851904e-07 6.384768e-05 2.413470e-04 -6.108956e-05 7.193038e-05
10354.200000 -2.873541e-05 -1.198824e-06 -1.122825e-07 -8.857490e-07 6.670817e-05 2.544787e-04 -5.813127e-05 6.276597e-05
10354.400000 -2.871764e-05 -1.197631e-06 -1.124669e-07 -8.862900e-07 6.837826e-05 2.720948e-04 -8.285605e-05 5.751524e-05
10354.600000 -2.866181e-05 -1.190254e-06 -1.117998e-07 -8.850957e-07 6.348426e-05 2.599636e-04 -7.000896e-05 6.548304e-05
10354.800000 -2.861919e-05 -1.185252e-06 -1.114330e-07 -8.851802e-07 6.070948e-05 2.514132e-04 -6.253678e-05 6.907493e-05
10355.000000 -2.865047e-05 -1.186008e-06 -1.115397e-07 -8.868711e-07 4.706045e-05 2.511417e-04 -6.883656e-05 6.153492e-05
10355.200000 -2.872661e-05 -1.199183e-06 -1.126497e-07 -8.886169e-07 4.954529e-05 2.375431e-04 -7.253258e-05 6.256180e-05
10355.400000 -2.876166e-05 -1.205689e-06 -1.133159e-07 -8.896325e-07 5.550895e-05 2.395483e-04 -7.506025e-05 5.956704e-05
10355.600000 -2.874178e-05 -1.203804e-06 -1.130974e-07 -8.900451e-07 5.148557e-05 2.621762e-04 -6.726674e-05 6.702819e-05
10355.800000 -2.873591e-05 -1.200053e-06 -1.127947e-07 -8.901971e-07 6.327292e-05 2.515860e-04 -6.343431e-05 7.339683e-05
10356.000000 -2.872032e-05 -1.197997e-06 -1.124479e-07 -8.900702e-07 5.649743e-05 2.381401e-04 -7.974951e-05 7.241240e-05
10356.200000 -2.868454e-05 -1.194793e-06 -1.120945e-07 -8.901743e-07 5.158808e-05 2.393492e-04 -6.536234e-05 7.232789e-05
10356.400000 -2.866432e-05 -1.191811e-06 -1.119323e-07 -8.902735e-07 4.836459e-05 2.334578e-04 -4.835307e-05 7.108118e-05
10356.600000 -2.869627e-05 -1.198824e-06 -1.125192e-07 -8.909509e-07 5.466105e-05 2.418716e-04 -5.691410e-05 6.960981e-05
10356.800000 -2.872553e-05 -1.201557e-06 -1.129165e-07 -8.919586e-07 5.690206e-05 2.472146e-04 -5.096306e-05 6.707919e-05
10357.000000 -2.871732e-05 -1.201169e-06 -1.130610e-07 -8.922440e-07 5.490654e-05 2.410433e-04 -5.660471e-05 6.487255e-05
10357.200000 -2.870948e-05 -1.199395e-06 -1.128668e-07 -8.925193e-07 5.320501e-05 2.041680e-04 -5.554939e-05 7.052128e-05
10357.400000 -2.871005e-05 -1.201733e-06 -1.129306e-07 -8.929577e-07 4.627772e-05 2.008185e-04 -6.189828e-05 6.243166e-05
10357.600000 -2.872487e-05 -1.204362e-06 -1.131618e-07 -8.934039e-07 4.419524e-05 2.086056e-04 -6.826103e-05 5.785290e-05
10357.800000 -2.873536e-05 -1.207094e-06 -1.133843e-07 -8.941850e-07 4.334132e-05 2.191909e-04 -5.904729e-05 7.264442e-05
10358.000000 -2.872283e-05 -1.204294e-06 -1.130047e-07 -8.942758e-07 4.935809e-05 2.006202e-04 -4.643189e-05 7.908303e-05
10358.200000 -2.871238e-05 -1.204659e-06 -1.130057e-07 -8.954229e-07 5.045181e-05 2.055532e-04 -5.192491e-05 7.064594e-05
10358.400000 -2.869824e-05 -1.203222e-06 -1.129632e-07 -8.953840e-07 3.401384e-05 2.238680e-04 -5.085167e-05 6.610733e-05
10358.600000 -2.871328e-05 -1.204049e-06 -1.130807e-07 -8.961415e-07 3.368989e-05 2.213834e-04 -5.382758e-05 5.231422e-05
10358.800000 -2.872035e-05 -1.207277e-06 -1.135065e-07 -8.967967e-07 3.882764e-05 2.134874e-04 -3.904538e-05 6.850060e-05
10359.000000 -2.870795e-05 -1.204299e-06 -1.134356e-07 -8.975938e-07 3.914076e-05 2.077962e-04 -5.085460e-05 6.293357e-05
10359.200000 -2.870839e-05 -1.208676e-06 -1.140500e-07 -8.985120e-07 3.731212e-05 2.023676e-04 -5.179849e-05 4.918447e-05
10359.400000 -2.867312e-05 -1.200491e-06 -1.131530e-07 -8.985030e-07 4.188020e-05 2.127025e-04 -6.794779e-05 3.585505e-05
10359.600000 -2.864583e-05 -1.195013e-06 -1.126403e-07 -8.987645e-07 4.326506e-05 2.147313e-04 -5.928948e-05 4.059063e-05
10359.800000 -2.863997e-05 -1.198661e-06 -1.132570e-07 -8.997755e-07 4.019238e-05 2.217257e-04 -6.567897e-05 4.458965e-05
10360.000000 -2.864517e-05 -1.197900e-06 -1.128913e-07 -9.001927e-07 4.293728e-05 2.193069e-04 -5.549096e-05 5.794931e-05
10360.200000 -2.866640e-05 -1.200752e-06 -1.129090e-07 -9.011180e-07 5.045265e-05 2.106706e-04 -6.170519e-05 5.150590e-05
10360.400000 -2.867320e-05 -1.203052e-06 -1.132864e-07 -9.020663e-07 5.208888e-05 1.972195e-04 -5.500225e-05 5.997398e-05
10360.600000 -2.867394e-05 -1.201929e-06 -1.131602e-07 -9.032480e-07 4.450724e-05 1.845908e-04 -6.850415e-05 5.530104e-05
10360.800000 -2.866832e-05 -1.201017e-06 -1.130231e-07 -9.038197e-07 4.383318e-05 2.044380e-04 -7.316941e-05 5.809770e-05
10361.000000 -2.866086e-05 -1.198814e-06 -1.127715e-07 -9.045066e-07 4.036830e-05 1.916286e-04 -7.636139e-05 5.616256e-05
10361.200000 -2.858094e-05 -1.187724e-06 -1.119714e-07 -9.043129e-07 3.715083e-05 1.925821e-04 -7.281979e-05 5.617860e-05
10361.400000 -2.851024e-05 -1.175831e-06 -1.108533e-07 -9.041524e-07 2.978008e-05 1.853863e-04 -7.488319e-05 5.496326e-05
10361.600000 -2.850825e-05 -1.178001e-06 -1.109722e-07 -9.051298e-07 3.803154e-05 1.881931e-04 -8.194190e-05 4.741271e-05
10361.800000 -2.850141e-05 -1.175758e-06 -1.110005e-07 -9.062082e-07 4.013631e-05 2.075172e-04 -7.197824e-05 4.985257e-05
10362.000000 -2.856589e-05 -1.183996e-06 -1.114831e-07 -9.097757e-07 3.801266e-05 2.181901e-04 -6.683941e-05 5.254432e-05
10362.200000 -2.860484e-05 -1.189066e-06 -1.117811e-07 -9.115976e-07 3.571987e-05 2.127289e-04 -5.842601e-05 5.694457e-05
10362.400000 -2.859269e-05 -1.188001e-06 -1.115459e-07 -9.126855e-07 4.389954e-05 2.188290e-04 -5.513748e-05 6.915324e-05
10362.600000 -2.857293e-05 -1.185956e-06 -1.112511e-07 -9.136884e-07 3.369569e-05 2.259687e-04 -5.686330e-05 6.034179e-05
10362.800000 -2.854694e-05 -1.183520e-06 -1.110867e-07 -9.148584e-07 4.385323e-05 2.201339e-04 -6.011952e-05 6.646775e-05
10363.000000 -2.853406e-05 -1.178509e-06 -1.107496e-07 -9.160295e-07 4.507879e-05 2.203929e-04 -6.025650e-05 7.628500e-05
10363.200000 -2.851059e-05 -1.178916e-06 -1.108874e-07 -9.170417e-07 4.708495e-05 2.048422e-04 -7.668686e-05 6.513116e-05
10363.400000 -2.850747e-05 -1.177209e-06 -1.109812e-07 -9.189168e-07 5.006753e-05 2.192614e-04 -5.758864e-05 6.816195e-05
10363.600000 -2.851447e-05 -1.178048e-06 -1.112661e-07 -9.209775e-07 4.710355e-05 2.337071e-04 -4.897850e-05 6.768025e-05
10363.800000 -2.852749e-05 -1.178347e-06 -1.110853e-07 -9.231460e-07 3.447660e-05 2.397826e-04 -5.908454e-05 6.733076e-05
10364.000000 -2.854256e-05 -1.182033e-06 -1.114071e-07 -9.256726e-07 3.391902e-05 2.120830e-04 -5.038975e-05 6.957877e-05
10364.200000 -2.853494e-05 -1.182750e-06 -1.115931e-07 -9.276481e-07 3.843418e-05 2.095918e-04 -5.692023e-05 5.708637e-05
10364.400000 -2.849881e-05 -1.177173e-06 -1.111368e-07 -9.287565e-07 3.668242e-05 2.226391e-04 -6.722137e-05 4.449704e-05
10364.600000 -2.854928e-05 -1.182363e-06 -1.113966e-07 -9.326752e-07 3.817762e-05 2.472005e-04 -6.887256e-05 4.789131e-05
10364.800000 -2.857733e-05 -1.187072e-06 -1.117339e-07 -9.354019e-07 3.852714e-05 2.676895e-04 -7.529089e-05 5.584563e-05
10365.000000 -2.859429e-05 -1.186226e-06 -1.113124e-07 -9.385633e-07 4.251521e-05 2.829631e-04 -7.112150e-05 6.607360e-05
10365.200000 -2.860170e-05 -1.189410e-06 -1.118414e-07 -9.419539e-07 3.975871e-05 2.807972e-04 -7.236841e-05 6.174367e-05
10365.400000 -2.857388e-05 -1.183800e-06 -1.112915e-07 -9.445288e-07 4.004707e-05 2.891479e-04 -5.949803e-05 7.037349e-05
10365.600000 -2.856677e-05 -1.179912e-06 -1.109164e-07 -9.479873e-07 4.133753e-05 2.791217e-04 -7.749639e-05 6.789222e-05
10365.800000 -2.858787e-05 -1.184999e-06 -1.116645e-07 -9.516077e-07 4.642704e-05 2.674920e-04 -7.155484e-05 6.401839e-05
10366.000000 -2.856868e-05 -1.178408e-06 -1.109736e-07 -9.563471e-07 4.170821e-05 2.745157e-04 -7.041537e-05 6.079554e-05
10366.200000 -2.858650e-05 -1.182702e-06 -1.112258e-07 -9.610862e-07 4.359127e-05 2.766523e-04 -7.133836e-05 5.972559e-05
10366.400000 -2.854265e-05 -1.173220e-06 -1.103114e-07 -9.655351e-07 4.727427e-05 2.787921e-04 -7.392979e-05 6.502116e-05
10366.600000 -2.855635e-05 -1.174710e-06 -1.104170e-07 -9.712794e-07 3.868894e-05 2.568149e-04 -8.059115e-05 6.458208e-05
10366.800000 -2.858385e-05 -1.178143e-06 -1.103050e-07 -9.776130e-07 3.493596e-05 2.312613e-04 -8.712179e-05 5.470259e-05
10367.000000 -2.856265e-05 -1.171276e-06 -1.098756e-07 -9.842254e-07 4.135553e-05 2.239681e-04 -8.631697e-05 5.890263e-05
10367.200000 -2.856332e-05 -1.170772e-06 -1.099168e-07 -9.918430e-07 5.254072e-05 2.410560e-04 -7.700400e-05 5.372247e-05
10367.400000 -2.858946e-05 -1.172617e-06 -1.101509e-07 -1.000814e-06 5.856225e-05 2.545777e-04 -6.614487e-05 6.302957e-05
10367.600000 -2.856822e-05 -1.165804e-06 -1.095089e-07 -1.010570e-06 5.453291e-05 2.460383e-04 -5.437001e-05 6.963110e-05
10367.800000 -2.856020e-05 -1.160238e-06 -1.088702e-07 -1.021840e-06 5.010535e-05 2.370644e-04 -6.215293e-05 6.878436e-05
10368.000000 -2.858668e-05 -1.163238e-06 -1.093697e-07 -1.034226e-06 5.320298e-05 2.429376e-04 -5.274956e-05 7.582090e-05
10368.200000 -2.858558e-05 -1.158545e-06 -1.089868e-07 -1.048007e-06 4.762516e-05 2.427552e-04 -5.485093e-05 7.215257e-05
10368.400000 -2.857951e-05 -1.152839e-06 -1.084579e-07 -1.063654e-06 4.979040e-05 2.404265e-04 -5.821223e-05 6.209867e-05
10368.600000 -2.859609e-05 -1.151181e-06 -1.082162e-07 -1.080288e-06 4.735024e-05 2.521072e-04 -5.196996e-05 6.345392e-05
10368.800000 -2.859805e-05 -1.145527e-06 -1.077784e-07 -1.098657e-06 5.316562e-05 2.563386e-04 -6.820805e-05 6.397295e-05
10369.000000 -2.858848e-05 -1.139282e-06 -1.070380e-07 -1.118609e-06 4.822751e-05 2.686836e-04 -6.182194e-05 7.299245e-05
10369.200000 -2.857351e-05 -1.130799e-06 -1.061798e-07 -1.140401e-06 4.321241e-05 2.746502e-04 -5.680917e-05 6.784236e-05
10369.400000 -2.858749e-05 -1.125125e-06 -1.054142e-07 -1.163991e-06 4.342254e-05 2.667252e-04 -7.326015e-05 6.626573e-05
10369.600000 -2.858528e-05 -1.118708e-06 -1.048461e-07 -1.189942e-06 3.978609e-05 2.524749e-04 -6.654675e-05 7.198167e-05
10369.800000 -2.859469e-05 -1.112116e-06 -1.044114e-07 -1.217693e-06 3.827084e-05 2.455883e-04 -7.222930e-05 7.605908e-05
10370.000000 -2.858811e-05 -1.101548e-06 -1.037310e-07 -1.247572e-06 3.849388e-05 2.256576e-04 -7.091027e-05 7.852392e-05
10370.200000 -2.858216e-05 -1.091434e-06 -1.028041e-07 -1.280658e-06 3.331367e-05 2.290055e-04 -7.862707e-05 7.259593e-05
10370.400000 -2.857279e-05 -1.078789e-06 -1.016505e-07 -1.315094e-06 4.036335e-05 2.326808e-04 -6.174282e-05 7.737727e-05
10370.600000 -2.856526e-05 -1.069619e-06 -1.007936e-07 -1.352363e-06 4.451035e-05 2.413720e-04 -6.411183e-05 7.320563e-05
10370.800000 -2.853383e-05 -1.053600e-06 -9.947485e-08 -1.391983e-06 3.764965e-05 2.477476e-04 -6.842818e-05 6.593833e-05
10371.000000 -2.850448e-05 -1.038791e-06 -9.802489e-08 -1.432820e-06 3.370320e-05 2.340616e-04 -5.957724e-05 6.682112e-05
10371.200000 -2.841520e-05 -1.013506e-06 -9.598849e-08 -1.473285e-06 3.198849e-05 2.269265e-04 -6.102373e-05 6.578734e-05
10371.400000 -2.828464e-05 -9.900275e-07 -9.415144e-08 -1.511337e-06 3.268903e-05 2.230286e-04 -6.467547e-05 5.774554e-05
10371.600000 -2.826270e-05 -9.730622e-07 -9.271054e-08 -1.554673e-06 4.179935e-05 2.275917e-04 -6.622241e-05 5.589705e-05
10371.800000 -2.837518e-05 -9.774673e-07 -9.252823e-08 -1.600422e-06 3.513579e-05 2.244266e-04 -6.060255e-05 5.359835e-05
10372.000000 -2.847037e-05 -9.785941e-07 -9.240839e-08 -1.641389e-06 2.729629e-05 2.156061e-04 -5.028010e-05 4.986611e-05
10372.200000 -2.848473e-05 -9.701558e-07 -9.143444e-08 -1.677727e-06 3.666904e-05 2.250189e-04 -4.864970e-05 6.789638e-05
10372.400000 -2.846002e-05 -9.586493e-07 -9.046852e-08 -1.711494e-06 4.190220e-05 2.402605e-04 -6.240984e-05 7.096920e-05
10372.600000 -2.847978e-05 -9.502037e-07 -8.972196e-08 -1.740788e-06 3.903022e-05 2.359417e-04 -7.445770e-05 6.664749e-05
10372.800000 -2.846684e-05 -9.415410e-07 -8.883868e-08 -1.766037e-06 3.400503e-05 2.249097e-04 -6.817627e-05 7.682103e-05
10373.000000 -2.844878e-05 -9.296514e-07 -8.784714e-08 -1.788361e-06 4.948806e-05 2.245755e-04 -5.940427e-05 8.306465e-05
10373.200000 -2.844261e-05 -9.277869e-07 -8.782280e-08 -1.806944e-06 3.941906e-05 2.099489e-04 -7.288569e-05 7.842916e-05
10373.400000 -2.843443e-05 -9.213982e-07 -8.706280e-08 -1.822353e-06 3.626245e-05 2.271632e-04 -6.773688e-05 7.211607e-05
10373.600000 -2.850396e-05 -9.278628e-07 -8.742097e-08 -1.835744e-06 4.553948e-05 2.277395e-04 -5.058452e-05 7.883879e-05
10373.800000 -2.853229e-05 -9.270005e-07 -8.733012e-08 -1.846464e-06 4.792995e-05 2.277792e-04 -5.064892e-05 6.985203e-05
10374.000000 -2.853143e-05 -9.234566e-07 -8.696546e-08 -1.858257e-06 4.743140e-05 2.103391e-04 -3.960221e-05 7.345966e-05
10374.200000 -2.853029e-05 -9.221213e-07 -8.694189e-08 -1.866371e-06 5.108530e-05 1.978406e-04 -3.735747e-05 6.810349e-05
10374.400000 -2.854219e-05 -9.209598e-07 -8.671542e-08 -1.873185e-06 4.144184e-05 2.274220e-04 -4.024470e-05 6.474621e-05
10374.600000 -2.857524e-05 -9.211870e-07 -8.647653e-08 -1.878136e-06 4.682081e-05 2.040009e-04 -5.358861e-05 5.539982e-05
10374.800000 -2.858914e-05 -9.203070e-07 -8.644662e-08 -1.885059e-06 5.395569e-05 2.088345e-04 -5.032952e-05 6.046144e-05
10375.000000 -2.858786e-05 -9.193568e-07 -8.626038e-08 -1.893054e-06 4.857217e-05 2.199454e-04 -5.436524e-05 5.481748e-05
10375.200000 -2.857648e-05 -9.142798e-07 -8.591696e-08 -1.897076e-06 4.531952e-05 2.260580e-04 -4.664487e-05 5.705396e-05
10375.400000 -2.855586e-05 -9.080140e-07 -8.557555e-08 -1.902511e-06 4.720822e-05 2.155907e-04 -4.584997e-05 6.373309e-05
10375.600000 -2.854536e-05 -9.087882e-07 -8.591105e-08 -1.908272e-06 4.891372e-05 2.163078e-04 -4.911991e-05 6.269099e-05
10375.800000 -2.857887e-05 -9.113969e-07 -8.600472e-08 -1.911868e-06 5.278268e-05 2.324437e-04 -4.910704e-05 7.200237e-05
10376.000000 -2.856410e-05 -9.068983e-07 -8.568480e-08 -1.917705e-06 6.212406e-05 2.342369e-04 -5.602216e-05 7.171984e-05
10376.200000 -2.851762e-05 -9.015267e-07 -8.522293e-08 -1.919947e-06 6.454174e-05 2.246038e-04 -4.674785e-05 7.485373e-05
10376.400000 -2.846444e-05 -8.922437e-07 -8.442212e-08 -1.920064e-06 5.952154e-05 2.170345e-04 -4.804583e-05 7.361929e-05
10376.600000 -2.847939e-05 -8.949202e-07 -8.463750e-08 -1.922093e-06 4.223252e-05 2.124722e-04 -5.354876e-05 6.354781e-05
10376.800000 -2.850111e-05 -8.984408e-07 -8.471294e-08 -1.921584e-06 4.497693e-05 2.078873e-04 -5.817214e-05 6.081848e-05
10377.000000 -2.851210e-05 -9.002281e-07 -8.468177e-08 -1.917819e-06 4.650077e-05 2.024861e-04 -6.273343e-05 6.355254e-05
10377.200000 -2.849888e-05 -8.999626e-07 -8.462403e-08 -1.912853e-06 4.764691e-05 2.244737e-04 -6.082950e-05 6.271878e-05
10377.400000 -2.853856e-05 -9.091074e-07 -8.518632e-08 -1.906655e-06 4.686281e-05 2.447703e-04 -6.393753e-05 6.529371e-05
10377.600000 -2.854528e-05 -9.118308e-07 -8.560092e-08 -1.898360e-06 4.698970e-05 2.425429e-04 -6.310411e-05 7.781293e-05
10377.800000 -2.853737e-05 -9.136663e-07 -8.578616e-08 -1.889441e-06 3.552753e-05 2.290147e-04 -5.989498e-05 7.659366e-05
10378.000000 -2.851582e-05 -9.135121e-07 -8.604372e-08 -1.877949e-06 2.955343e-05 2.340743e-04 -6.425972e-05 7.811538e-05
10378.200000 -2.853886e-05 -9.219720e-07 -8.707263e-08 -1.866983e-06 3.616264e-05 2.368144e-04 -5.337840e-05 7.812611e-05
10378.400000 -2.857804e-05 -9.310284e-07 -8.788025e-08 -1.853380e-06 3.716998e-05 2.327333e-04 -6.064788e-05 6.977284e-05
10378.600000 -2.858665e-05 -9.362563e-07 -8.822865e-08 -1.839270e-06 4.490479e-05 2.386183e-04 -5.679269e-05 7.729530e-05
10378.800000 -2.857248e-05 -9.373829e-07 -8.830052e-08 -1.826754e-06 5.704428e-05 2.320515e-04 -5.361660e-05 7.736181e-05
10379.000000 -2.856369e-05 -9.415490e-07 -8.862855e-08 -1.813079e-06 5.279557e-05 2.388501e-04 -6.634218e-05 7.552560e-05
10379.200000 -2.857815e-05 -9.483678e-07 -8.935818e-08 -1.800032e-06 5.900376e-05 2.346290e-04 -6.289022e-05 8.267927e-05
10379.400000 -2.860552e-05 -9.561269e-07 -9.013019e-08 -1.786165e-06 6.569234e-05 2.111202e-04 -6.004680e-05 8.155377e-05
10379.600000 -2.860208e-05 -9.599390e-07 -9.021972e-08 -1.773436e-06 6.146709e-05 2.170351e-04 -5.352715e-05 8.803721e-05
10379.800000 -2.859642e-05 -9.630572e-07 -9.056222e-08 -1.761997e-06 5.859481e-05 2.034294e-04 -7.050385e-05 8.424893e-05
10380.000000 -2.858480e-05 -9.658964e-07 -9.072693e-08 -1.751167e-06 5.528219e-05 1.899083e-04 -6.909390e-05 7.566246e-05
10380.200000 -2.857091e-05 -9.661480e-07 -9.088359e-08 -1.742034e-06 4.807548e-05 1.940688e-04 -6.963983e-05 6.929767e-05
10380.400000 -2.845670e-05 -9.520593e-07 -8.960771e-08 -1.730539e-06 4.712789e-05 2.070022e-04 -5.904290e-05 6.921866e-05
10380.600000 -2.840781e-05 -9.515341e-07 -8.993256e-08 -1.719931e-06 4.934826e-05 2.126042e-04 -5.157016e-05 7.617654e-05
10380.800000 -2.845579e-05 -9.574747e-07 -9.040488e-08 -1.713254e-06 3.924519e-05 2.041384e-04 -5.323820e-05 8.188124e-05
10381.000000 -2.847965e-05 -9.608294e-07 -9.094926e-08 -1.706089e-06 4.417242e-05 2.012231e-04 -5.651562e-05 6.763092e-05
10381.200000 -2.853286e-05 -9.742325e-07 -9.230551e-08 -1.700339e-06 4.646292e-05 1.949393e-04 -6.677893e-05 5.609241e-05
10381.400000 -2.856341e-05 -9.818138e-07 -9.268279e-08 -1.693329e-06 4.611666e-05 2.161092e-04 -5.192522e-05 5.960371e-05
10381.600000 -2.853584e-05 -9.790799e-07 -9.210394e-08 -1.686152e-06 4.376265e-05 2.288718e-04 -5.614157e-05 5.857729e-05
10381.800000 -2.850832e-05 -9.771885e-07 -9.200749e-08 -1.679661e-06 3.736440e-05 2.260984e-04 -4.994158e-05 7.039986e-05
10382.000000 -2.854695e-05 -9.851967e-07 -9.265695e-08 -1.673841e-06 3.451020e-05 2.109118e-04 -6.124188e-05 6.587700e-05
10382.200000 -2.856965e-05 -9.889281e-07 -9.323082e-08 -1.668001e-06 3.560802e-05 2.026134e-04 -4.634561e-05 6.888576e-05
10382.400000 -2.856493e-05 -9.902027e-07 -9.328749e-08 -1.662471e-06 3.496799e-05 2.155758e-04 -5.075221e-05 6.203342e-05
10382.600000 -2.858165e-05 -9.947037e-07 -9.386371e-08 -1.656342e-06 3.297016e-05 1.953013e-04 -4.838992e-05 6.228248e-05
10382.800000 -2.858112e-05 -9.958639e-07 -9.403530e-08 -1.651108e-06 3.723784e-05 1.639950e-04 -5.627463e-05 6.911305e-05
10383.000000 -2.855671e-05 -9.952499e-07 -9.394358e-08 -1.645733e-06 4.163621e-05 1.818788e-04 -4.924451e-05 7.598405e-05
10383.200000 -2.853785e-05 -9.942918e-07 -9.405674e-08 -1.641242e-06 3.945734e-05 1.771096e-04 -4.930414e-05 7.708669e-05
10383.400000 -2.853871e-05 -9.954342e-07 -9.401819e-08 -1.635797e-06 4.123482e-05 2.021888e-04 -5.082138e-05 7.328788e-05
10383.600000 -2.855415e-05 -9.984731e-07 -9.410248e-08 -1.629674e-06 3.812554e-05 2.051376e-04 -5.752798e-05 6.914759e-05
10383.800000 -2.858116e-05 -1.006254e-06 -9.479450e-08 -1.624444e-06 4.768934e-05 2.030078e-04 -5.516072e-05 6.749882e-05
10384.000000 -2.859077e-05 -1.010077e-06 -9.490178e-08 -1.619780e-06 4.518445e-05 2.068270e-04 -5.301192e-05 7.165815e-05
10384.200000 -2.858497e-05 -1.009892e-06 -9.462763e-08 -1.615314e-06 3.822668e-05 1.943613e-04 -4.806168e-05 7.994086e-05
10384.400000 -2.858478e-05 -1.011517e-06 -9.455509e-08 -1.610718e-06 2.747097e-05 1.835686e-04 -5.328081e-05 7.062594e-05
10384.600000 -2.857365e-05 -1.012404e-06 -9.464423e-08 -1.607410e-06 2.890595e-05 1.997994e-04 -6.744016e-05 7.490387e-05
10384.800000 -2.856641e-05 -1.010213e-06 -9.440281e-08 -1.602304e-06 3.438425e-05 1.929682e-04 -6.095420e-05 6.706385e-05
10385.000000 -2.856738e-05 -1.013092e-06 -9.479483e-08 -1.599637e-06 3.888340e-05 2.000855e-04 -5.029676e-05 7.597817e-05
10385.200000 -2.856562e-05 -1.013437e-06 -9.483902e-08 -1.595577e-06 4.360103e-05 2.021073e-04 -4.849272e-05 6.224227e-05
10385.400000 -2.857353e-05 -1.016595e-06 -9.508079e-08 -1.591211e-06 3.705247e-05 2.026012e-04 -5.489228e-05 6.158050e-05
10385.600000 -2.857722e-05 -1.017920e-06 -9.522394e-08 -1.588359e-06 2.787759e-05 2.097409e-04 -6.236786e-05 5.841687e-05
10385.800000 -2.856790e-05 -1.017498e-06 -9.514278e-08 -1.584795e-06 3.741161e-05 2.163666e-04 -7.266220e-05 6.654070e-05
10386.000000 -2.853269e-05 -1.013012e-06 -9.494732e-08 -1.583247e-06 4.103632e-05 2.074740e-04 -8.827168e-05 6.524645e-05
10386.200000 -2.849769e-05 -1.009186e-06 -9.471702e-08 -1.580445e-06 3.523508e-05 2.258672e-04 -6.616287e-05 5.731248e-05
10386.400000 -2.849454e-05 -1.007780e-06 -9.425578e-08 -1.577791e-06 4.110146e-05 2.366077e-04 -6.151460e-05 5.603285e-05
10386.600000 -2.851476e-05 -1.013537e-06 -9.472282e-08 -1.574890e-06 4.037145e-05 2.218840e-04 -6.465460e-05 5.504111e-05
10386.800000 -2.852078e-05 -1.016990e-06 -9.496918e-08 -1.573322e-06 4.651804e-05 2.112627e-04 -5.783934e-05 5.247819e-05
10387.000000 -2.848265e-05 -1.009756e-06 -9.431000e-08 -1.570426e-06 4.267420e-05 1.955250e-04 -5.658339e-05 5.494692e-05
10387.200000 -2.843450e-05 -1.006296e-06 -9.392046e-08 -1.567573e-06 3.159607e-05 2.101247e-04 -5.815648e-05 5.852984e-05
10387.400000 -2.842761e-05 -1.004958e-06 -9.397665e-08 -1.566155e-06 2.818202e-05 2.256594e-04 -8.069789e-05 6.135430e-05
10387.600000 -2.840356e-05 -1.001566e-06 -9.351569e-08 -1.563638e-06 3.203430e-05 2.448515e-04 -7.651361e-05 5.870501e-05
10387.800000 -2.839304e-05 -1.002609e-06 -9.369131e-08 -1.562040e-06 2.215707e-05 2.356251e-04 -6.816608e-05 6.304870e-05
10388.000000 -2.834689e-05 -9.973029e-07 -9.328589e-08 -1.559144e-06 2.683926e-05 2.410825e-04 -6.496740e-05 6.061803e-05
10388.200000 -2.833478e-05 -9.996511e-07 -9.354336e-08 -1.557540e-06 4.378705e-05 2.329534e-04 -5.788657e-05 5.333988e-05
10388.400000 -2.839134e-05 -1.003319e-06 -9.376159e-08 -1.559554e-06 5.180509e-05 2.315404e-04 -6.466914e-05 4.749430e-05
10388.600000 -2.844944e-05 -1.013714e-06 -9.448951e-08 -1.559328e-06 5.391729e-05 2.319966e-04 -5.934809e-05 5.035532e-05
10388.800000 -2.851148e-05 -1.021652e-06 -9.499992e-08 -1.559813e-06 5.720334e-05 2.289342e-04 -6.597540e-05 4.423373e-05
10389.000000 -2.850616e-05 -1.021470e-06 -9.469570e-08 -1.558164e-06 5.678983e-05 2.460050e-04 -5.950306e-05 4.988321e-05
10389.200000 -2.852993e-05 -1.026586e-06 -9.508238e-08 -1.557614e-06 5.064196e-05 2.244415e-04 -4.724562e-05 6.031961e-05
10389.400000 -2.854529e-05 -1.031349e-06 -9.541322e-08 -1.557663e-06 5.103171e-05 2.273197e-04 -4.645986e-05 6.155412e-05
10389.600000 -2.852068e-05 -1.025039e-06 -9.441699e-08 -1.557315e-06 5.115307e-05 2.491719e-04 -5.717497e-05 5.733387e-05
10389.800000 -2.847734e-05 -1.017639e-06 -9.346294e-08 -1.557453e-06 4.509369e-05 2.583942e-04 -6.613851e-05 6.649389e-05
10390.000000 -2.845673e-05 -1.019964e-06 -9.400545e-08 -1.556676e-06 5.064103e-05 2.431604e-04 -5.604123e-05 6.722002e-05
10390.200000 -2.850372e-05 -1.025998e-06 -9.443693e-08 -1.555470e-06 4.661163e-05 2.407447e-04 -4.609805e-05 7.455723e-05
10390.400000 -2.853335e-05 -1.030469e-06 -9.455324e-08 -1.553678e-06 4.151790e-05 2.291190e-04 -5.576653e-05 6.521999e-05
10390.600000 -2.851911e-05 -1.029670e-06 -9.446681e-08 -1.554290e-06 3.864387e-05 2.323383e-04 -8.446566e-05 4.803014e-05
10390.800000 -2.852582e-05 -1.030103e-06 -9.442871e-08 -1.553840e-06 4.365328e-05 2.396883e-04 -7.783837e-05 5.409602e-05
10391.000000 -2.849945e-05 -1.026085e-06 -9.385497e-08 -1.553001e-06 4.750765e-05 2.408284e-04 -5.748461e-05 5.409069e-05
10391.200000 -2.847002e-05 -1.022275e-06 -9.361459e-08 -1.553316e-06 3.938235e-05 2.365513e-04 -6.391604e-05 6.084797e-05
10391.400000 -2.845593e-05 -1.018608e-06 -9.319679e-08 -1.552027e-06 4.684195e-05 2.280573e-04 -7.090378e-05 6.934683e-05
10391.600000 -2.848267e-05 -1.026242e-06 -9.360684e-08 -1.552656e-06 4.737333e-05 2.166463e-04 -6.492356e-05 6.916722e-05
10391.800000 -2.845592e-05 -1.021477e-06 -9.301879e-08 -1.552638e-06 4.037483e-05 2.170727e-04 -6.458956e-05 6.419157e-05
10392.000000 -2.842388e-05 -1.016862e-06 -9.233156e-08 -1.551971e-06 5.149289e-05 2.156248e-04 -6.211451e-05 6.291055e-05
10392.200000 -2.840576e-05 -1.013695e-06 -9.181220e-08 -1.551288e-06 5.637492e-05 2.315401e-04 -5.508929e-05 6.005872e-05
10392.400000 -2.834845e-05 -1.006040e-06 -9.099844e-08 -1.548351e-06 4.436449e-05 2.236936e-04 -6.245991e-05 5.768005e-05
10392.600000 -2.841075e-05 -1.015104e-06 -9.155012e-08 -1.550663e-06 4.849263e-05 2.070452e-04 -6.698747e-05 5.958429e-05
10392.800000 -2.846911e-05 -1.026091e-06 -9.270037e-08 -1.550342e-06 5.029472e-05 2.233971e-04 -6.702338e-05 5.514622e-05
10393.000000 -2.844794e-05 -1.022081e-06 -9.238520e-08 -1.550424e-06 6.094993e-05 2.131639e-04 -8.148559e-05 5.412339e-05
10393.200000 -2.847557e-05 -1.027013e-06 -9.282254e-08 -1.549953e-06 5.196456e-05 2.245053e-04 -8.058333e-05 6.051067e-05
10393.400000 -2.849903e-05 -1.031400e-06 -9.302981e-08 -1.549826e-06 4.763489e-05 2.339801e-04 -7.200014e-05 6.056869e-05
10393.600000 -2.850945e-05 -1.032570e-06 -9.293388e-08 -1.549637e-06 3.831124e-05 2.440797e-04 -6.947889e-05 6.115020e-05
10393.800000 -2.850592e-05 -1.032893e-06 -9.266257e-08 -1.548679e-06 3.080336e-05 2.340659e-04 -5.984094e-05 6.229479e-05
10394.000000 -2.850640e-05 -1.032975e-06 -9.270909e-08 -1.548956e-06 2.859769e-05 2.561637e-04 -7.293146e-05 6.000894e-05
10394.200000 -2.850254e-05 -1.034566e-06 -9.252840e-08 -1.548465e-06 3.083113e-05 2.680088e-04 -7.300926e-05 5.281232e-05
10394.400000 -2.849133e-05 -1.033032e-06 -9.244344e-08 -1.548567e-06 3.666346e-05 2.565913e-04 -6.952791e-05 4.830034e-05
10394.600000 -2.847830e-05 -1.032537e-06 -9.248708e-08 -1.548847e-06 3.688974e-05 2.556972e-04 -7.181903e-05 5.529147e-05
10394.800000 -2.845327e-05 -1.027599e-06 -9.188343e-08 -1.548731e-06 3.720665e-05 2.492757e-04 -7.338004e-05 5.040767e-05
10395.000000 -2.844741e-05 -1.026166e-06 -9.159865e-08 -1.548837e-06 3.270392e-05 2.228603e-04 -7.156509e-05 5.260805e-05
10395.200000 -2.841250e-05 -1.023280e-06 -9.128528e-08 -1.548930e-06 3.263885e-05 2.514894e-04 -5.719369e-05 6.182297e-05
10395.400000 -2.831516e-05 -1.009848e-06 -9.059539e-08 -1.545993e-06 4.033295e-05 2.562126e-04 -6.107929e-05 6.243897e-05
10395.600000 -2.831010e-05 -1.010042e-06 -9.051041e-08 -1.544996e-06 3.023949e-05 2.746514e-04 -6.622530e-05 6.004186e-05
10395.800000 -2.838852e-05 -1.020909e-06 -9.102038e-08 -1.546962e-06 3.911704e-05 2.793217e-04 -5.463733e-05 6.227504e-05
10396.000000 -2.844798e-05 -1.030156e-06 -9.154662e-08 -1.546589e-06 4.984757e-05 2.755915e-04 -4.838527e-05 6.183454e-05
10396.200000 -2.845504e-05 -1.033814e-06 -9.152144e-08 -1.544941e-06 4.723686e-05 2.920177e-04 -5.474386e-05 5.298444e-05
10396.400000 -2.844810e-05 -1.032099e-06 -9.113143e-08 -1.542782e-06 3.614470e-05 2.799351e-04 -5.913381e-05 5.575246e-05
10396.600000 -2.842824e-05 -1.029200e-06 -9.073343e-08 -1.542080e-06 4.326622e-05 2.756153e-04 -6.104951e-05 6.195942e-05
10396.800000 -2.839222e-05 -1.024706e-06 -9.049802e-08 -1.540101e-06 4.178917e-05 2.666034e-04 -5.918560e-05 6.777094e-05
10397.000000 -2.838237e-05 -1.022598e-06 -9.019896e-08 -1.537765e-06 3.741554e-05 2.480827e-04 -6.340790e-05 5.476508e-05
10397.227860 -2.841459e-05 -1.028523e-06 -9.062674e-08 -1.536022e-06 4.741014e-05 2.627890e-04 -5.927887e-05 5.679614e-05
10397.483581 -2.844661e-05 -1.034679e-06 -9.094522e-08 -1.531930e-06 4.687254e-05 2.525758e-04 -6.121419e-05 6.050800e-05
10397.767162 -2.847451e-05 -1.041240e-06 -9.145195e-08 -1.527594e-06 3.510778e-05 2.270145e-04 -4.878195e-05 5.846615e-05
10398.078604 -2.845537e-05 -1.040390e-06 -9.145170e-08 -1.523197e-06 3.045672e-05 2.353068e-04 -5.619585e-05 5.058042e-05
10398.417905 -2.843071e-05 -1.038487e-06 -9.126260e-08 -1.518599e-06 3.867493e-05 2.371235e-04 -5.550765e-05 5.312016e-05
10398.785067 -2.842357e-05 -1.039695e-06 -9.110728e-08 -1.513284e-06 3.809599e-05 2.359524e-04 -6.199499e-05 5.137798e-05
10399.180090 -2.844238e-05 -1.045443e-06 -9.158177e-08 -1.506148e-06 3.916383e-05 2.201290e-04 -6.249312e-05 5.237096e-05
10399.602973 -2.842447e-05 -1.045483e-06 -9.180162e-08 -1.498887e-06 3.666727e-05 2.301882e-04 -6.893066e-05 6.174045e-05
10400.053716 -2.843372e-05 -1.049389e-06 -9.208519e-08 -1.491379e-06 4.592043e-05 2.350962e-04 -6.721392e-05 6.264240e-05
10400.532319 -2.845404e-05 -1.056721e-06 -9.242930e-08 -1.484117e-06 4.858711e-05 2.321273e-04 -6.761852e-05 5.595159e-05
10401.038783 -2.845922e-05 -1.060249e-06 -9.242865e-08 -1.477016e-06 4.902447e-05 2.413213e-04 -8.051214e-05 5.322722e-05
10401.573107 -2.846332e-05 -1.063913e-06 -9.290593e-08 -1.470560e-06 5.726822e-05 2.229962e-04 -7.448962e-05 6.885548e-05
10402.135292 -2.846040e-05 -1.066394e-06 -9.337728e-08 -1.464834e-06 5.344249e-05 2.218967e-04 -7.246608e-05 6.642952e-05
10402.725337 -2.845159e-05 -1.067632e-06 -9.348265e-08 -1.460459e-06 4.986433e-05 2.126668e-04 -7.736437e-05 5.835266e-05
10403.343242 -2.844535e-05 -1.068544e-06 -9.355322e-08 -1.457412e-06 4.865338e-05 2.151627e-04 -7.583183e-05 5.451378e-05
10403.989008 -2.843592e-05 -1.068056e-06 -9.381915e-08 -1.456037e-06 5.411155e-05 2.215716e-04 -7.235669e-05 5.554249e-05
10404.662634 -2.841360e-05 -1.064907e-06 -9.408055e-08 -1.456518e-06 4.318556e-05 2.245161e-04 -7.964891e-05 5.523625e-05
10405.364120 -2.840689e-05 -1.065264e-06 -9.451435e-08 -1.457250e-06 3.645650e-05 2.433194e-04 -7.224032e-05 4.938543e-05
10406.093467 -2.840395e-05 -1.065226e-06 -9.483872e-08 -1.459267e-06 3.436276e-05 2.380716e-04 -7.146984e-05 4.912009e-05
10406.850674 -2.838770e-05 -1.062087e-06 -9.518520e-08 -1.462534e-06 3.965372e-05 2.299168e-04 -8.198900e-05 5.530184e-05
10407.635741 -2.838385e-05 -1.062215e-06 -9.599072e-08 -1.465648e-06 3.583993e-05 2.413239e-04 -8.374588e-05 5.406605e-05
10408.448669 -2.835816e-05 -1.058347e-06 -9.619244e-08 -1.470212e-06 3.453530e-05 2.594666e-04 -7.084273e-05 5.782826e-05
10409.289457 -2.835055e-05 -1.057688e-06 -9.706833e-08 -1.474690e-06 4.228622e-05 2.354186e-04 -6.197338e-05 6.822657e-05
10410.158106 -2.836330e-05 -1.060908e-06 -9.832568e-08 -1.478744e-06 4.105715e-05 2.384825e-04 -7.302420e-05 6.659396e-05
10411.054614 -2.834386e-05 -1.057461e-06 -9.882364e-08 -1.484152e-06 4.571340e-05 2.503869e-04 -6.859913e-05 6.419378e-05
10411.978983 -2.826437e-05 -1.044707e-06 -9.856510e-08 -1.491244e-06 4.165786e-05 2.385541e-04 -6.247379e-05 5.981665e-05
10412.931213 -2.829215e-05 -1.047014e-06 -9.972801e-08 -1.500703e-06 4.276659e-05 2.495867e-04 -6.894912e-05 5.858049e-05
10413.911303 -2.831310e-05 -1.048198e-06 -1.008277e-07 -1.511607e-06 3.729369e-05 2.207867e-04 -7.486572e-05 6.150158e-05
10414.919253 -2.831048e-05 -1.046282e-06 -1.010246e-07 -1.522965e-06 3.259676e-05 2.158882e-04 -6.216780e-05 5.694236e-05
10415.955064 -2.830271e-05 -1.044849e-06 -1.011331e-07 -1.534199e-06 3.880030e-05 2.262650e-04 -5.193432e-05 5.818906e-05
10417.018734 -2.829048e-05 -1.042620e-06 -1.010081e-07 -1.544998e-06 3.880860e-05 2.463722e-04 -5.247069e-05 6.257661e-05
10418.110266 -2.828152e-05 -1.039411e-06 -1.010666e-07 -1.554127e-06 3.994811e-05 2.438848e-04 -5.896692e-05 6.174609e-05
10419.232723 -2.824517e-05 -1.032086e-06 -1.008046e-07 -1.563619e-06 3.771160e-05 2.374611e-04 -6.710052e-05 5.982475e-05
10420.367373 -2.823924e-05 -1.031304e-06 -1.007049e-07 -1.571075e-06 4.023127e-05 2.428701e-04 -7.227838e-05 5.330297e-05
10421.514214 -2.819883e-05 -1.026057e-06 -1.001532e-07 -1.577105e-06 4.153721e-05 2.457445e-04 -6.832791e-05 6.184787e-05
10422.673248 -2.806836e-05 -1.007255e-06 -9.837146e-08 -1.581117e-06 3.882431e-05 2.268435e-04 -6.994430e-05 5.097020e-05
10423.844473 -2.806241e-05 -1.006183e-06 -9.803338e-08 -1.586027e-06 3.218799e-05 2.205595e-04 -8.167067e-05 4.650536e-05
10425.027890 -2.815050e-05 -1.017999e-06 -9.894077e-08 -1.590685e-06 3.028881e-05 2.128692e-04 -7.403263e-05 4.930736e-05
10426.223499 -2.815477e-05 -1.020110e-06 -9.889924e-08 -1.593115e-06 3.622314e-05 2.068298e-04 -6.839142e-05 5.851980e-05
10427.431300 -2.813868e-05 -1.019388e-06 -9.854220e-08 -1.594624e-06 3.975774e-05 2.081585e-04 -7.351098e-05 6.530588e-05
10428.651293 -2.810574e-05 -1.014786e-06 -9.804116e-08 -1.596549e-06 5.247970e-05 1.911303e-04 -7.341886e-05 6.228740e-05
10429.883478 -2.810867e-05 -1.017080e-06 -9.799113e-08 -1.597906e-06 4.697260e-05 1.638417e-04 -6.404010e-05 5.847529e-05
10431.127855 -2.812256e-05 -1.020012e-06 -9.812288e-08 -1.599407e-06 4.152916e-05 1.523027e-04 -6.432130e-05 5.650985e-05
10432.384423 -2.812020e-05 -1.021446e-06 -9.846714e-08 -1.601152e-06 4.632719e-05 1.590589e-04 -6.913623e-05 5.398058e-05
10433.653184 -2.809778e-05 -1.020119e-06 -9.854527e-08 -1.603385e-06 4.947925e-05 1.544617e-04 -6.268546e-05 6.302926e-05
10434.934136 -2.806194e-05 -1.017399e-06 -9.807013e-08 -1.604398e-06 4.141466e-05 1.441647e-04 -6.812147e-05 6.137647e-05
10436.227280 -2.803554e-05 -1.016801e-06 -9.784880e-08 -1.604100e-06 4.256457e-05 1.359345e-04 -6.526535e-05 6.948795e-05
10437.532617 -2.800440e-05 -1.015360e-06 -9.762616e-08 -1.603840e-06 4.176590e-05 1.408711e-04 -7.425574e-05 6.309957e-05
10438.850145 -2.802885e-05 -1.021856e-06 -9.802651e-08 -1.602500e-06 4.196676e-05 1.582235e-04 -7.466585e-05 6.332343e-05
10440.179865 -2.803359e-05 -1.025039e-06 -9.817392e-08 -1.600882e-06 4.061512e-05 1.514450e-04 -6.696266e-05 6.488484e-05
10441.521777 -2.799409e-05 -1.021943e-06 -9.791364e-08 -1.598870e-06 3.601725e-05 1.505830e-04 -6.032697e-05 6.698208e-05
10442.875881 -2.792199e-05 -1.014131e-06 -9.706024e-08 -1.595997e-06 4.868375e-05 1.404806e-04 -6.802147e-05 6.104710e-05
10444.242177 -2.795444e-05 -1.022657e-06 -9.750473e-08 -1.594515e-06 4.295778e-05 1.424224e-04 -7.226564e-05 5.062721e-05
10445.620664 -2.794752e-05 -1.024650e-06 -9.720317e-08 -1.591861e-06 4.577199e-05 1.367535e-04 -8.205281e-05 4.015208e-05
10447.011344 -2.789207e-05 -1.019870e-06 -9.674409e-08 -1.588810e-06 4.259958e-05 1.217199e-04 -7.841810e-05 4.245737e-05
10448.414215 -2.789395e-05 -1.024328e-06 -9.711236e-08 -1.586538e-06 4.243726e-05 1.182718e-04 -7.651464e-05 4.921411e-05
10449.829279 -2.784164e-05 -1.020728e-06 -9.670893e-08 -1.582952e-06 3.445101e-05 1.138962e-04 -7.698637e-05 5.469212e-05
10451.256534 -2.783222e-05 -1.022085e-06 -9.674111e-08 -1.579592e-06 4.510577e-05 1.264690e-04 -7.123758e-05 5.160300e-05
10452.695981 -2.784250e-05 -1.028342e-06 -9.742509e-08 -1.577245e-06 5.794226e-05 1.256037e-04 -8.283847e-05 4.700556e-05
10454.147620 -2.780964e-05 -1.026883e-06 -9.743027e-08 -1.574564e-06 6.149703e-05 1.293233e-04 -6.974635e-05 4.908266e-05
10455.611452 -2.779393e-05 -1.027426e-06 -9.727772e-08 -1.571525e-06 5.750820e-05 1.177343e-04 -5.820889e-05 4.747526e-05
10457.087475 -2.776517e-05 -1.027574e-06 -9.709958e-08 -1.568577e-06 4.998630e-05 1.190741e-04 -7.368257e-05 5.191544e-05
10458.575689 -2.772245e-05 -1.025711e-06 -9.686339e-08 -1.566072e-06 4.263841e-05 1.262120e-04 -7.803904e-05 4.791786e-05
10460.076096 -2.771087e-05 -1.026600e-06 -9.678508e-08 -1.563838e-06 3.768394e-05 1.270191e-04 -7.454795e-05 5.116516e-05
10461.588695 -2.774987e-05 -1.035646e-06 -9.737701e-08 -1.563146e-06 3.869359e-05 1.349866e-04 -7.639294e-05 5.329592e-05
10463.113485 -2.775360e-05 -1.038945e-06 -9.755247e-08 -1.561917e-06 4.653546e-05 1.461963e-04 -8.026212e-05 5.668379e-05
10464.650468 -2.775122e-05 -1.042639e-06 -9.787158e-08 -1.560458e-06 4.105574e-05 1.314427e-04 -7.665994e-05 6.372191e-05
10466.199642 -2.771672e-05 -1.040584e-06 -9.774848e-08 -1.559649e-06 3.954845e-05 1.445023e-04 -8.309074e-05 6.812786e-05
10467.761009 -2.770832e-05 -1.042337e-06 -9.783943e-08 -1.559588e-06 3.998216e-05 1.203791e-04 -7.838214e-05 7.447603e-05
10469.334567 -2.769420e-05 -1.043452e-06 -9.767860e-08 -1.559172e-06 4.071426e-05 1.138462e-04 -8.096190e-05 7.148669e-05
10470.920317 -2.768736e-05 -1.046206e-06 -9.757320e-08 -1.558684e-06 2.968848e-05 1.134234e-04 -8.823212e-05 6.843960e-05
10472.518259 -2.767380e-05 -1.048310e-06 -9.773827e-08 -1.559116e-06 3.416345e-05 1.232831e-04 -7.112292e-05 6.446080e-05
10474.128393 -2.763492e-05 -1.044718e-06 -9.742022e-08 -1.558205e-06 3.973236e-05 1.253408e-04 -6.923511e-05 6.184453e-05
10475.750719 -2.761158e-05 -1.044491e-06 -9.757633e-08 -1.557883e-06 4.758780e-05 1.512996e-04 -7.015279e-05 5.853387e-05
10477.385237 -2.760180e-05 -1.044790e-06 -9.780322e-08 -1.557002e-06 4.349922e-05 1.593919e-04 -7.496544e-05 4.488376e-05
10479.031946 -2.757802e-05 -1.045689e-06 -9.821341e-08 -1.556205e-06 3.141536e-05 1.344818e-04 -6.585479e-05 6.157773e-05
10480.690848 -2.755667e-05 -1.046559e-06 -9.890195e-08 -1.555805e-06 4.047181e-05 1.128750e-04 -6.839064e-05 5.019896e-05
10482.361942 -2.751576e-05 -1.045464e-06 -9.934708e-08 -1.554799e-06 4.154935e-05 1.080733e-04 -5.296106e-05 5.129619e-05
10484.045227 -2.746358e-05 -1.042736e-06 -9.959477e-08 -1.553043e-06 3.511666e-05 1.181542e-04 -7.103541e-05 4.196610e-05
10485.740704 -2.747517e-05 -1.045847e-06 -1.002497e-07 -1.554147e-06 3.222344e-05 1.104464e-04 -5.956121e-05 4.908320e-05
10487.448374 -2.747084e-05 -1.045938e-06 -1.006015e-07 -1.555382e-06 3.157090e-05 1.197149e-04 -6.302232e-05 4.454978e-05
10489.168235 -2.746546e-05 -1.049073e-06 -1.014601e-07 -1.555994e-06 2.593593e-05 1.468216e-04 -6.746921e-05 4.643864e-05
10490.900288 -2.743242e-05 -1.046934e-06 -1.016573e-07 -1.556794e-06 3.151227e-05 1.447589e-04 -5.656307e-05 5.703334e-05
10492.644533 -2.742100e-05 -1.049184e-06 -1.021652e-07 -1.557789e-06 3.439426e-05 1.414766e-04 -7.039257e-05 5.636313e-05
10494.400970 -2.739153e-05 -1.047807e-06 -1.024964e-07 -1.558301e-06 3.915140e-05 1.258298e-04 -7.187007e-05 5.707042e-05
10496.169598 -2.736047e-05 -1.046079e-06 -1.026358e-07 -1.560275e-06 4.433020e-05 1.334065e-04 -5.863514e-05 4.653191e-05
10497.950419 -2.734059e-05 -1.047400e-06 -1.033367e-07 -1.562111e-06 3.371411e-05 1.436976e-04 -6.640011e-05 3.940169e-05
10499.743432 -2.731654e-05 -1.047434e-06 -1.037847e-07 -1.563705e-06 2.954734e-05 1.254819e-04 -5.779744e-05 4.536411e-05
10501.548636 -2.729445e-05 -1.048249e-06 -1.040321e-07 -1.566096e-06 3.193057e-05 1.195250e-04 -4.690413e-05 4.841393e-05
10503.366032 -2.723875e-05 -1.044875e-06 -1.038241e-07 -1.567972e-06 3.720246e-05 1.402129e-04 -4.987453e-05 4.531663e-05
10505.195621 -2.720581e-05 -1.044032e-06 -1.036515e-07 -1.569128e-06 4.467667e-05 1.316573e-04 -5.166453e-05 4.861163e-05
10507.037401 -2.721237e-05 -1.048997e-06 -1.041256e-07 -1.571074e-06 3.568953e-05 1.210468e-04 -5.820867e-05 5.223608e-05
10508.891373 -2.719771e-05 -1.050202e-06 -1.040324e-07 -1.573343e-06 3.710786e-05 1.165273e-04 -6.371049e-05 5.058925e-05
10510.757537 -2.714994e-05 -1.048620e-06 -1.037934e-07 -1.573158e-06 2.934217e-05 1.161699e-04 -6.869404e-05 5.172893e-05
10512.635893 -2.708040e-05 -1.046947e-06 -1.035731e-07 -1.571376e-06 2.835108e-05 1.020283e-04 -6.930874e-05 4.741932e-05
10514.526441 -2.702779e-05 -1.044426e-06 -1.031418e-07 -1.570927e-06 3.401752e-05 1.249145e-04 -6.493883e-05 4.565707e-05
10516.429181 -2.703117e-05 -1.043918e-06 -1.029660e-07 -1.574298e-06 4.205941e-05 1.369118e-04 -4.246717e-05 4.815864e-05
10518.344112 -2.699466e-05 -1.043727e-06 -1.029934e-07 -1.573597e-06 5.604323e-05 1.604771e-04 -4.164132e-05 4.524000e-05
10520.271236 -2.689363e-05 -1.045162e-06 -1.029914e-07 -1.567507e-06 4.634907e-05 1.508758e-04 -3.971485e-05 5.169762e-05
10522.210552 -2.697272e-05 -1.048975e-06 -1.030092e-07 -1.573240e-06 4.671509e-05 1.349763e-04 -3.891546e-05 5.486303e-05
10524.162059 -2.695597e-05 -1.052237e-06 -1.030729e-07 -1.573681e-06 4.211219e-05 1.158421e-04 -6.431335e-05 5.097074e-05
10526.125758 -2.687961e-05 -1.050606e-06 -1.026074e-07 -1.569251e-06 3.555268e-05 1.094947e-04 -7.120842e-05 3.744171e-05
10528.101649 -2.680454e-05 -1.050451e-06 -1.021178e-07 -1.563660e-06 3.293596e-05 1.012748e-04 -5.069998e-05 5.045056e-05
10530.089733 -2.679477e-05 -1.052562e-06 -1.021000e-07 -1.564150e-06 3.147637e-05 1.113204e-04 -5.729724e-05 5.899260e-05
10532.090008 -2.687794e-05 -1.058527e-06 -1.026668e-07 -1.569288e-06 2.918333e-05 1.190712e-04 -4.401973e-05 6.579683e-05
10534.102475 -2.680351e-05 -1.054004e-06 -1.020251e-07 -1.566033e-06 2.899150e-05 1.179782e-04 -5.211811e-05 5.678531e-05
10536.127133 -2.674070e-05 -1.051886e-06 -1.019224e-07 -1.563527e-06 3.180436e-05 1.121190e-04 -4.758297e-05 6.233714e-05
10538.163984 -2.676152e-05 -1.054909e-06 -1.022833e-07 -1.564935e-06 3.233289e-05 1.423490e-04 -5.957759e-05 6.305810e-05
10540.213027 -2.668648e-05 -1.047969e-06 -1.020166e-07 -1.562763e-06 3.586495e-05 1.458612e-04 -6.246577e-05 5.902684e-05
10542.274261 -2.661182e-05 -1.042732e-06 -1.019232e-07 -1.559971e-06 3.807296e-05 1.411892e-04 -5.185189e-05 6.767919e-05
10544.347688 -2.668239e-05 -1.058151e-06 -1.031668e-07 -1.560779e-06 4.898442e-05 1.268867e-04 -6.201637e-05 6.249683e-05
10546.433306 -2.668650e-05 -1.064796e-06 -1.039038e-07 -1.559536e-06 4.631327e-05 1.379092e-04 -5.656952e-05 6.150088e-05
10548.531117 -2.664902e-05 -1.065772e-06 -1.043953e-07 -1.558538e-06 5.184620e-05 1.129026e-04 -6.492134e-05 5.837241e-05
10550.641119 -2.655639e-05 -1.059084e-06 -1.042359e-07 -1.556239e-06 4.888736e-05 1.120064e-04 -4.887852e-05 6.432867e-05
10552.763313 -2.648595e-05 -1.057691e-06 -1.044319e-07 -1.553358e-06 4.969174e-05 1.321266e-04 -4.666643e-05 7.000359e-05
10554.897699 -2.647255e-05 -1.061534e-06 -1.049571e-07 -1.553093e-06 5.083312e-05 1.497655e-04 -5.043786e-05 7.751683e-05
10557.044277 -2.647418e-05 -1.065970e-06 -1.055022e-07 -1.552815e-06 5.571121e-05 1.569008e-04 -5.845689e-05 7.620556e-05
10559.203047 -2.646246e-05 -1.068641e-06 -1.062470e-07 -1.552134e-06 5.592947e-05 1.615631e-04 -7.131978e-05 7.227413e-05
10561.374008 -2.640651e-05 -1.065560e-06 -1.062669e-07 -1.550214e-06 6.589988e-05 1.639175e-04 -5.603299e-05 7.426629e-05
10563.557162 -2.636028e-05 -1.065443e-06 -1.066615e-07 -1.549396e-06 6.715138e-05 1.772588e-04 -5.133357e-05 7.733463e-05
10565.752508 -2.632487e-05 -1.065129e-06 -1.068699e-07 -1.548094e-06 6.028941e-05 1.850510e-04 -5.655853e-05 7.531117e-05
10567.960045 -2.629589e-05 -1.068274e-06 -1.073660e-07 -1.546537e-06 5.874691e-05 1.711691e-04 -6.491697e-05 6.892267e-05
10570.179775 -2.624745e-05 -1.067157e-06 -1.075472e-07 -1.545298e-06 5.838138e-05 1.863499e-04 -6.554445e-05 7.163033e-05
10572.411696 -2.620228e-05 -1.068736e-06 -1.083359e-07 -1.544448e-06 6.208521e-05 1.816187e-04 -5.500863e-05 6.953165e-05
10574.655809 -2.615060e-05 -1.067471e-06 -1.084450e-07 -1.542422e-06 7.083489e-05 1.884471e-04 -4.655818e-05 6.433533e-05
10576.912114 -2.610371e-05 -1.068069e-06 -1.086030e-07 -1.540616e-06 7.030865e-05 2.095469e-04 -5.259131e-05 6.249838e-05
10579.180611 -2.604181e-05 -1.065505e-06 -1.086618e-07 -1.538877e-06 5.898036e-05 2.008558e-04 -6.495082e-05 5.370548e-05
10581.461300 -2.601529e-05 -1.067669e-06 -1.089235e-07 -1.537861e-06 5.315255e-05 2.013725e-04 -5.621296e-05 5.254543e-05
10583.754181 -2.595438e-05 -1.066047e-06 -1.089745e-07 -1.535657e-06 6.096050e-05 1.785202e-04 -5.807742e-05 6.091994e-05
10586.059254 -2.589399e-05 -1.065983e-06 -1.090336e-07 -1.533174e-06 5.982578e-05 1.807571e-04 -6.292337e-05 6.624658e-05
10588.376518 -2.581819e-05 -1.066322e-06 -1.088329e-07 -1.529052e-06 5.443877e-05 1.658368e-04 -6.835907e-05 6.543367e-05
10590.705975 -2.573223e-05 -1.066258e-06 -1.085518e-07 -1.523799e-06 5.923924e-05 1.732909e-04 -5.907114e-05 7.066557e-05
10593.047623 -2.560467e-05 -1.059099e-06 -1.079116e-07 -1.518358e-06 6.065608e-05 1.673324e-04 -5.395994e-05 7.278774e-05
10595.401464 -2.556354e-05 -1.056425e-06 -1.077601e-07 -1.518443e-06 5.986787e-05 1.639584e-04 -4.411827e-05 6.804597e-05
10597.767496 -2.558697e-05 -1.061170e-06 -1.080520e-07 -1.520209e-06 6.012852e-05 1.458931e-04 -4.889574e-05 6.469067e-05
10600.145720 -2.557782e-05 -1.063734e-06 -1.082327e-07 -1.520711e-06 6.529862e-05 1.384814e-04 -4.185181e-05 5.779950e-05
10602.536136 -2.551587e-05 -1.062773e-06 -1.080940e-07 -1.518576e-06 6.710704e-05 1.487955e-04 -4.803642e-05 6.098066e-05
10604.938744 -2.546746e-05 -1.068916e-06 -1.087541e-07 -1.515100e-06 6.691303e-05 1.614273e-04 -4.826039e-05 6.670784e-05
10607.353544 -2.540341e-05 -1.069197e-06 -1.089512e-07 -1.511226e-06 6.788619e-05 1.593386e-04 -4.863131e-05 6.163605e-05
10609.780536 -2.534325e-05 -1.067243e-06 -1.090246e-07 -1.509725e-06 6.362942e-05 1.299911e-04 -4.191052e-05 5.710985e-05
10612.219720 -2.531807e-05 -1.071441e-06 -1.094373e-07 -1.509178e-06 5.839791e-05 1.369582e-04 -4.150328e-05 6.654719e-05
10614.671096 -2.534189e-05 -1.075253e-06 -1.096831e-07 -1.512179e-06 5.318612e-05 1.189788e-04 -5.446991e-05 4.978895e-05
10617.134663 -2.535562e-05 -1.078791e-06 -1.100831e-07 -1.514520e-06 5.426083e-05 1.282463e-04 -5.518142e-05 4.915729e-05
10619.610423 -2.533910e-05 -1.080514e-06 -1.104128e-07 -1.515206e-06 5.150667e-05 1.390836e-04 -5.844523e-05 4.609890e-05
10622.098374 -2.527970e-05 -1.077364e-06 -1.102918e-07 -1.513787e-06 4.393840e-05 1.293845e-04 -6.354864e-05 4.854618e-05
10624.598517 -2.522321e-05 -1.074558e-06 -1.101468e-07 -1.512186e-06 4.407752e-05 1.233305e-04 -6.297306e-05 5.048498e-05
10627.110852 -2.520903e-05 -1.080947e-06 -1.108649e-07 -1.511707e-06 4.170583e-05 1.218743e-04 -6.815674e-05 5.155605e-05
10629.635380 -2.516830e-05 -1.084757e-06 -1.112713e-07 -1.509924e-06 4.555990e-05 1.266801e-04 -6.216778e-05 4.173735e-05
10632.172099 -2.512136e-05 -1.084202e-06 -1.114310e-07 -1.508695e-06 5.128232e-05 1.125573e-04 -6.010193e-05 4.302628e-05
10634.721009 -2.504501e-05 -1.083090e-06 -1.113862e-07 -1.505363e-06 4.868146e-05 1.129664e-04 -7.510716e-05 3.877500e-05
10637.282112 -2.498623e-05 -1.082657e-06 -1.112236e-07 -1.503027e-06 4.583803e-05 1.233292e-04 -7.711059e-05 3.619007e-05
10639.855407 -2.491751e-05 -1.079079e-06 -1.107960e-07 -1.500708e-06 5.493042e-05 1.236738e-04 -7.377973e-05 4.155305e-05
10642.440894 -2.480443e-05 -1.072302e-06 -1.103650e-07 -1.496450e-06 5.049734e-05 1.358661e-04 -7.142443e-05 4.157565e-05
10645.038572 -2.467143e-05 -1.060997e-06 -1.096946e-07 -1.491619e-06 4.744624e-05 1.038181e-04 -7.469458e-05 3.923289e-05
10647.648443 -2.461473e-05 -1.059770e-06 -1.097471e-07 -1.489312e-06 4.770405e-05 1.060062e-04 -6.458198e-05 5.761993e-05
10650.270505 -2.462308e-05 -1.071630e-06 -1.109589e-07 -1.489344e-06 5.000012e-05 1.061538e-04 -6.573279e-05 5.666732e-05
10652.904759 -2.458345e-05 -1.075484e-06 -1.116095e-07 -1.486729e-06 5.858603e-05 1.196590e-04 -5.995996e-05 6.359282e-05
10655.551205 -2.452844e-05 -1.076675e-06 -1.123519e-07 -1.484102e-06 5.432517e-05 1.256164e-04 -6.806758e-05 6.108562e-05
10658.209844 -2.439129e-05 -1.073048e-06 -1.123023e-07 -1.477417e-06 6.397963e-05 1.382988e-04 -6.664661e-05 5.367560e-05
10660.880674 -2.438723e-05 -1.076807e-06 -1.128260e-07 -1.478199e-06 5.886216e-05 1.374311e-04 -7.528521e-05 4.562782e-05
10663.563696 -2.437393e-05 -1.077162e-06 -1.128513e-07 -1.477602e-06 5.653631e-05 1.472798e-04 -7.829059e-05 4.447443e-05
10666.258909 -2.431700e-05 -1.077440e-06 -1.132011e-07 -1.474777e-06 6.150999e-05 1.547571e-04 -8.108569e-05 5.928210e-05
10668.966315 -2.424324e-05 -1.075565e-06 -1.136138e-07 -1.471428e-06 5.275463e-05 1.468187e-04 -8.374765e-05 5.881275e-05
10671.685913 -2.416169e-05 -1.073314e-06 -1.138798e-07 -1.467325e-06 6.477446e-05 1.489845e-04 -8.178859e-05 7.075536e-05
10674.417702 -2.404557e-05 -1.065347e-06 -1.133858e-07 -1.461963e-06 6.868285e-05 1.317700e-04 -8.179553e-05 7.148984e-05
10677.161684 -2.399647e-05 -1.069662e-06 -1.136835e-07 -1.458801e-06 7.224722e-05 9.109006e-05 -7.836926e-05 6.235732e-05
10679.917857 -2.388548e-05 -1.068810e-06 -1.137650e-07 -1.452635e-06 6.683092e-05 8.066969e-05 -7.128635e-05 6.274160e-05
10682.686222 -2.382709e-05 -1.072556e-06 -1.140794e-07 -1.448731e-06 6.109497e-05 6.740769e-05 -8.890393e-05 5.543879e-05
10685.466780 -2.369848e-05 -1.064336e-06 -1.135021e-07 -1.443478e-06 6.207848e-05 6.756315e-05 -8.055828e-05 5.589547e-05
10688.259529 -2.355494e-05 -1.056852e-06 -1.129864e-07 -1.436096e-06 5.617414e-05 7.497335e-05 -8.483236e-05 5.466798e-05
10691.064470 -2.350364e-05 -1.061354e-06 -1.136811e-07 -1.433390e-06 5.496759e-05 8.130948e-05 -7.560117e-05 6.750512e-05
10693.881602 -2.354735e-05 -1.069028e-06 -1.146767e-07 -1.436691e-06 6.741907e-05 1.223424e-04 -8.060397e-05 6.442302e-05
10696.710927 -2.356656e-05 -1.075816e-06 -1.152603e-07 -1.438439e-06 6.199543e-05 1.478670e-04 -8.324382e-05 6.808180e-05
10699.552444 -2.350059e-05 -1.075150e-06 -1.151813e-07 -1.435957e-06 5.245327e-05 1.565473e-04 -7.292021e-05 7.291930e-05
10702.406153 -2.336368e-05 -1.070566e-06 -1.145682e-07 -1.428890e-06 5.760081e-05 1.682758e-04 -8.695965e-05 6.712485e-05
10705.272053 -2.328695e-05 -1.070195e-06 -1.143803e-07 -1.425001e-06 5.937806e-05 1.500053e-04 -9.920150e-05 5.210125e-05
10708.150146 -2.330358e-05 -1.075307e-06 -1.148685e-07 -1.426630e-06 6.127426e-05 1.489931e-04 -7.825868e-05 5.566935e-05
10711.040430 -2.330991e-05 -1.079932e-06 -1.155434e-07 -1.428224e-06 5.248060e-05 1.283765e-04 -8.151739e-05 5.238079e-05
10713.942906 -2.325935e-05 -1.078325e-06 -1.157225e-07 -1.426445e-06 4.749638e-05 1.272952e-04 -9.762413e-05 4.207583e-05
10716.857574 -2.320898e-05 -1.079254e-06 -1.161154e-07 -1.424220e-06 5.240407e-05 1.180937e-04 -7.227175e-05 5.526166e-05
10719.784435 -2.315061e-05 -1.080654e-06 -1.164805e-07 -1.421756e-06 5.255848e-05 1.348279e-04 -7.483416e-05 6.161375e-05
10722.723487 -2.308540e-05 -1.080538e-06 -1.165098e-07 -1.418596e-06 4.310571e-05 1.296540e-04 -6.273392e-05 6.214912e-05
10725.674730 -2.301439e-05 -1.079570e-06 -1.164516e-07 -1.415245e-06 4.139013e-05 1.170120e-04 -6.930520e-05 5.144117e-05
10728.638166 -2.289409e-05 -1.073584e-06 -1.160392e-07 -1.409636e-06 5.195633e-05 1.242960e-04 -7.192449e-05 4.731386e-05
10731.613794 -2.279881e-05 -1.070891e-06 -1.157494e-07 -1.405124e-06 4.801265e-05 1.192397e-04 -7.279739e-05 5.540965e-05
10734.601614 -2.277884e-05 -1.073647e-06 -1.159940e-07 -1.404736e-06 4.439606e-05 1.254764e-04 -8.377852e-05 5.453341e-05
10737.601625 -2.272876e-05 -1.077025e-06 -1.163499e-07 -1.402387e-06 4.418473e-05 1.410789e-04 -7.626286e-05 5.178785e-05
10740.613829 -2.264887e-05 -1.075541e-06 -1.165653e-07 -1.398993e-06 4.867914e-05 1.522823e-04 -5.388177e-05 5.351917e-05
10743.638224 -2.255038e-05 -1.070102e-06 -1.162670e-07 -1.394770e-06 5.411538e-05 1.362258e-04 -5.393663e-05 4.736599e-05
10746.674811 -2.246710e-05 -1.068590e-06 -1.160554e-07 -1.390776e-06 5.256297e-05 1.391324e-04 -7.172952e-05 4.617502e-05
10749.723590 -2.241956e-05 -1.072641e-06 -1.165563e-07 -1.388127e-06 4.600564e-05 1.342761e-04 -7.669261e-05 4.392830e-05
10752.784561 -2.231817e-05 -1.069725e-06 -1.167805e-07 -1.383329e-06 4.871437e-05 1.362068e-04 -6.199582e-05 4.494054e-05
10755.857724 -2.215655e-05 -1.061579e-06 -1.163822e-07 -1.375067e-06 5.386478e-05 1.344810e-04 -4.795889e-05 5.251523e-05
10758.943079 -2.210338e-05 -1.061361e-06 -1.165602e-07 -1.373669e-06 4.934034e-05 1.205569e-04 -6.973042e-05 3.969484e-05
10762.040626 -2.204793e-05 -1.059204e-06 -1.163032e-07 -1.371708e-06 5.442998e-05 1.325045e-04 -7.883177e-05 5.280798e-05
10765.150365 -2.199149e-05 -1.062229e-06 -1.162555e-07 -1.368747e-06 5.201145e-05 1.573497e-04 -7.461752e-05 5.443950e-05
10768.272295 -2.192993e-05 -1.063546e-06 -1.161783e-07 -1.365924e-06 5.691952e-05 1.271719e-04 -6.973659e-05 5.380192e-05
10771.406418 -2.183272e-05 -1.060201e-06 -1.157745e-07 -1.361870e-06 6.415501e-05 1.189588e-04 -6.868892e-05 5.545947e-05
10774.552732 -2.175712e-05 -1.061052e-06 -1.160639e-07 -1.358069e-06 5.393827e-05 1.394495e-04 -7.365853e-05 6.444715e-05
10777.711239 -2.167374e-05 -1.060299e-06 -1.165481e-07 -1.353608e-06 5.305351e-05 1.374494e-04 -7.986626e-05 6.439148e-05
10780.881937 -2.158958e-05 -1.059115e-06 -1.171154e-07 -1.348821e-06 5.346531e-05 1.524037e-04 -8.203451e-05 6.152943e-05
10784.064827 -2.148405e-05 -1.054803e-06 -1.173056e-07 -1.343637e-06 5.739918e-05 1.533562e-04 -8.011353e-05 5.644485e-05
10787.259909 -2.136640e-05 -1.049077e-06 -1.173648e-07 -1.337972e-06 5.100360e-05 1.484176e-04 -8.258518e-05 5.256302e-05
10790.467183 -2.129000e-05 -1.049387e-06 -1.178763e-07 -1.334012e-06 4.879404e-05 1.449647e-04 -8.908443e-05 5.509320e-05
10793.686649 -2.121479e-05 -1.050058e-06 -1.185315e-07 -1.330130e-06 4.976877e-05 1.254003e-04 -9.105036e-05 5.188150e-05
10796.918307 -2.109592e-05 -1.045705e-06 -1.185508e-07 -1.323912e-06 4.512262e-05 1.335465e-04 -8.752822e-05 5.238496e-05
10800.162157 -2.098748e-05 -1.041217e-06 -1.184521e-07 -1.318498e-06 5.677571e-05 1.269437e-04 -7.796297e-05 5.988577e-05
10803.418198 -2.086067e-05 -1.036319e-06 -1.182361e-07 -1.311675e-06 5.606822e-05 1.208341e-04 -7.157209e-05 6.443939e-05
10806.686432 -2.067650e-05 -1.028007e-06 -1.175459e-07 -1.301011e-06 5.651017e-05 9.945555e-05 -6.849591e-05 5.629878e-05
10809.966857 -2.063897e-05 -1.030152e-06 -1.178050e-07 -1.299685e-06 5.411355e-05 1.191965e-04 -6.678227e-05 5.668786e-05
10813.259474 -2.058046e-05 -1.027709e-06 -1.174737e-07 -1.297009e-06 5.669864e-05 1.240756e-04 -7.093689e-05 5.439369e-05
10816.564284 -2.043346e-05 -1.019001e-06 -1.166195e-07 -1.288678e-06 4.595537e-05 9.891199e-05 -7.786123e-05 4.721549e-05
10819.881285 -2.033991e-05 -1.015450e-06 -1.164112e-07 -1.284039e-06 4.385058e-05 1.095983e-04 -6.563099e-05 4.269555e-05
10823.210478 -2.023019e-05 -1.010797e-06 -1.159651e-07 -1.277910e-06 5.751184e-05 1.076685e-04 -6.385647e-05 5.284085e-05
10826.551863 -2.017464e-05 -1.016137e-06 -1.162814e-07 -1.274015e-06 5.120580e-05 1.221561e-04 -5.620866e-05 4.566345e-05
10829.905440 -2.008530e-05 -1.015555e-06 -1.157794e-07 -1.268855e-06 4.340335e-05 1.102910e-04 -5.593572e-05 3.792846e-05
10833.271209 -1.999820e-05 -1.015462e-06 -1.151819e-07 -1.264521e-06 4.131573e-05 1.147306e-04 -5.546775e-05 3.904049e-05
10836.649169 -1.989087e-05 -1.012142e-06 -1.142385e-07 -1.258770e-06 4.938055e-05 1.127058e-04 -3.082305e-05 5.019424e-05
10840.039322 -1.976998e-05 -1.007392e-06 -1.136238e-07 -1.252244e-06 4.988588e-05 9.311979e-05 -3.875352e-05 3.553817e-05
10843.441666 -1.963410e-05 -9.997332e-07 -1.130813e-07 -1.245011e-06 5.509998e-05 1.097337e-04 -4.203497e-05 4.273142e-05
10846.856203 -1.954386e-05 -9.990281e-07 -1.131775e-07 -1.239974e-06 5.973499e-05 1.161932e-04 -4.724343e-05 5.441669e-05
10850.282931 -1.944845e-05 -9.984907e-07 -1.131842e-07 -1.234524e-06 5.333154e-05 1.065945e-04 -5.601228e-05 4.779694e-05
10853.721851 -1.930163e-05 -9.927560e-07 -1.129569e-07 -1.226121e-06 5.307912e-05 1.049364e-04 -6.121939e-05 4.380454e-05
10857.172964 -1.919945e-05 -9.886047e-07 -1.129074e-07 -1.220633e-06 5.936286e-05 1.008114e-04 -4.853229e-05 4.761404e-05
10860.636268 -1.904928e-05 -9.827863e-07 -1.125235e-07 -1.211695e-06 6.080890e-05 1.219546e-04 -4.397986e-05 3.636391e-05
10864.111764 -1.895365e-05 -9.800833e-07 -1.127653e-07 -1.205867e-06 6.169007e-05 1.305485e-04 -4.233170e-05 3.903680e-05
10867.599451 -1.880792e-05 -9.716979e-07 -1.124021e-07 -1.197874e-06 6.408619e-05 1.126518e-04 -3.965881e-05 4.790630e-05
10871.099331 -1.868267e-05 -9.685716e-07 -1.123508e-07 -1.190876e-06 6.526726e-05 1.015421e-04 -3.803094e-05 5.609165e-05
10874.611403 -1.855403e-05 -9.649380e-07 -1.119396e-07 -1.183123e-06 6.308728e-05 1.091507e-04 -3.231025e-05 5.427009e-05
10878.135666 -1.843875e-05 -9.634829e-07 -1.117664e-07 -1.176226e-06 6.033132e-05 1.185614e-04 -4.678453e-05 3.991463e-05
10881.672122 -1.835543e-05 -9.619715e-07 -1.115992e-07 -1.172260e-06 5.682574e-05 8.908635e-05 -5.437384e-05 2.906489e-05
10885.220769 -1.826509e-05 -9.598331e-07 -1.112576e-07 -1.167741e-06 5.550423e-05 9.730465e-05 -5.779902e-05 2.868425e-05
10888.781609 -1.813943e-05 -9.548121e-07 -1.111828e-07 -1.160461e-06 5.483952e-05 8.322588e-05 -5.304805e-05 3.921837e-05
10892.354640 -1.802674e-05 -9.527034e-07 -1.114723e-07 -1.153861e-06 6.340722e-05 9.621431e-05 -6.022758e-05 4.029389e-05
10895.939863 -1.788751e-05 -9.470859e-07 -1.110847e-07 -1.145670e-06 5.363671e-05 1.092626e-04 -7.083635e-05 3.406826e-05
10899.537278 -1.774764e-05 -9.413678e-07 -1.106000e-07 -1.137386e-06 6.062930e-05 9.393220e-05 -6.406785e-05 3.531046e-05
10903.146885 -1.763031e-05 -9.386540e-07 -1.106111e-07 -1.130147e-06 5.620948e-05 8.052318e-05 -7.187886e-05 3.080965e-05
10906.768684 -1.749027e-05 -9.313188e-07 -1.103736e-07 -1.122294e-06 5.816412e-05 9.562084e-05 -6.640982e-05 3.196654e-05
10910.402675 -1.733211e-05 -9.217137e-07 -1.100060e-07 -1.113359e-06 5.923687e-05 1.145674e-04 -6.825391e-05 3.234050e-05
10914.048857 -1.720066e-05 -9.156896e-07 -1.101096e-07 -1.106003e-06 5.370351e-05 1.164639e-04 -6.544563e-05 3.749770e-05
10917.707232 -1.714579e-05 -9.203798e-07 -1.109474e-07 -1.102436e-06 5.885754e-05 1.025534e-04 -6.900759e-05 2.091836e-05
10921.377799 -1.701364e-05 -9.160949e-07 -1.104224e-07 -1.094836e-06 6.277191e-05 1.000370e-04 -6.671393e-05 2.620134e-05
10925.060557 -1.688764e-05 -9.118746e-07 -1.101481e-07 -1.087531e-06 5.408905e-05 1.041079e-04 -7.302014e-05 1.820711e-05
10928.755507 -1.675255e-05 -9.063140e-07 -1.098130e-07 -1.079480e-06 4.888727e-05 9.881278e-05 -6.184690e-05 2.214795e-05
10932.462650 -1.657366e-05 -8.962321e-07 -1.088706e-07 -1.069205e-06 4.995034e-05 8.633610e-05 -7.091672e-05 1.421025e-05
10936.181984 -1.642283e-05 -8.893349e-07 -1.083938e-07 -1.060098e-06 4.384905e-05 5.633009e-05 -6.814689e-05 2.020724e-05
10939.913510 -1.628984e-05 -8.845388e-07 -1.076739e-07 -1.052623e-06 4.558116e-05 4.609810e-05 -5.772959e-05 2.759733e-05
10943.657228 -1.618550e-05 -8.821033e-07 -1.070419e-07 -1.046653e-06 4.810901e-05 6.939259e-05 -5.990662e-05 2.619359e-05
10947.413138 -1.602771e-05 -8.736067e-07 -1.061515e-07 -1.037754e-06 4.426551e-05 9.213086e-05 -5.041508e-05 2.233806e-05
10951.181239 -1.574428e-05 -8.536704e-07 -1.042400e-07 -1.021351e-06 4.428023e-05 6.665437e-05 -4.154362e-05 2.108891e-05
10954.961533 -1.558236e-05 -8.434628e-07 -1.032089e-07 -1.012418e-06 4.830573e-05 6.284405e-05 -3.991984e-05 2.671365e-05
10958.754019 -1.553682e-05 -8.466812e-07 -1.034758e-07 -1.008957e-06 5.830565e-05 5.720717e-05 -4.058744e-05 3.374739e-05
10962.558696 -1.547069e-05 -8.510297e-07 -1.034779e-07 -1.004863e-06 5.701102e-05 6.023803e-05 -4.377864e-05 4.276470e-05
10966.375565 -1.540158e-05 -8.508998e-07 -1.031338e-07 -1.001607e-06 5.079387e-05 5.624351e-05 -4.763595e-05 4.870777e-05
10970.204627 -1.529043e-05 -8.455646e-07 -1.025755e-07 -9.954890e-07 5.522312e-05 8.287647e-05 -3.719912e-05 4.885351e-05
10974.045880 -1.517531e-05 -8.423481e-07 -1.023009e-07 -9.885561e-07 5.027195e-05 7.760060e-05 -5.101991e-05 4.030078e-05
10977.899325 -1.506040e-05 -8.398165e-07 -1.016987e-07 -9.818648e-07 4.921137e-05 9.733036e-05 -6.332308e-05 3.832997e-05
10981.764962 -1.493408e-05 -8.343926e-07 -1.008997e-07 -9.743620e-07 5.457742e-05 6.601297e-05 -6.594952e-05 3.330967e-05
10985.642791 -1.476934e-05 -8.250253e-07 -1.001157e-07 -9.648151e-07 5.351852e-05 8.239520e-05 -6.529355e-05 4.254440e-05
10989.532812 -1.459915e-05 -8.139731e-07 -9.949742e-08 -9.553697e-07 4.761966e-05 9.906689e-05 -5.976682e-05 4.054150e-05
10993.435025 -1.453372e-05 -8.159220e-07 -1.000952e-07 -9.514245e-07 4.103607e-05 1.038449e-04 -4.993188e-05 2.830260e-05
10997.349429 -1.443544e-05 -8.140425e-07 -1.001858e-07 -9.459490e-07 5.179007e-05 9.664459e-05 -6.311195e-05 3.023619e-05
11001.276026 -1.427374e-05 -8.045014e-07 -9.930054e-08 -9.364174e-07 5.202873e-05 9.946114e-05 -5.326342e-05 3.678748e-05
11005.214814 -1.412873e-05 -7.971121e-07 -9.901592e-08 -9.278583e-07 4.434005e-05 1.115512e-04 -5.377981e-05 3.970990e-05
11009.165795 -1.403795e-05 -7.958554e-07 -9.925370e-08 -9.229739e-07 4.476394e-05 1.057845e-04 -4.284526e-05 3.979451e-05
11013.128967 -1.392038e-05 -7.918128e-07 -9.873421e-08 -9.162044e-07 3.364416e-05 1.082041e-04 -4.381233e-05 4.139940e-05
11017.104331 -1.377790e-05 -7.842966e-07 -9.795352e-08 -9.078659e-07 2.654303e-05 8.540890e-05 -5.309031e-05 4.216732e-05
11021.091888 -1.366214e-05 -7.796623e-07 -9.781920e-08 -9.008337e-07 3.537349e-05 9.337686e-05 -4.678259e-05 3.458415e-05
11025.091636 -1.354812e-05 -7.753844e-07 -9.765425e-08 -8.940386e-07 4.202031e-05 7.925287e-05 -4.576203e-05 3.160156e-05
11029.103575 -1.339709e-05 -7.666287e-07 -9.704717e-08 -8.854817e-07 5.188242e-05 9.898769e-05 -4.468185e-05 3.910012e-05
11033.127707 -1.325202e-05 -7.585963e-07 -9.633881e-08 -8.766629e-07 4.747794e-05 9.183301e-05 -4.545315e-05 3.800540e-05
11037.164031 -1.317431e-05 -7.580653e-07 -9.642066e-08 -8.723956e-07 5.055986e-05 1.018123e-04 -4.196596e-05 3.143295e-05
11041.212547 -1.305701e-05 -7.525150e-07 -9.631716e-08 -8.653481e-07 5.598922e-05 9.585581e-05 -6.853606e-05 1.884910e-05
11045.273254 -1.294192e-05 -7.480840e-07 -9.627867e-08 -8.590781e-07 5.566916e-05 9.651097e-05 -8.173885e-05 2.065069e-05
11049.346154 -1.282402e-05 -7.429665e-07 -9.589452e-08 -8.523976e-07 4.627856e-05 9.383218e-05 -7.567249e-05 2.596697e-05
11053.431245 -1.268781e-05 -7.355981e-07 -9.514821e-08 -8.443030e-07 5.503603e-05 7.538135e-05 -7.346400e-05 2.968617e-05
11057.528529 -1.258450e-05 -7.322748e-07 -9.485077e-08 -8.386638e-07 5.255287e-05 1.045324e-04 -5.917177e-05 2.970237e-05
11061.638004 -1.247105e-05 -7.278848e-07 -9.470850e-08 -8.317028e-07 4.614026e-05 1.154067e-04 -5.631781e-05 3.398223e-05
11065.759671 -1.235166e-05 -7.225842e-07 -9.423936e-08 -8.243217e-07 5.043579e-05 9.898697e-05 -6.225792e-05 3.165483e-05
11069.893530 -1.223999e-05 -7.178538e-07 -9.329146e-08 -8.178063e-07 6.219244e-05 1.021348e-04 -7.357903e-05 2.926341e-05
11074.039581 -1.211822e-05 -7.127161e-07 -9.239644e-08 -8.107595e-07 6.819321e-05 9.733248e-05 -6.923664e-05 2.257926e-05
11078.197824 -1.200605e-05 -7.079216e-07 -9.176099e-08 -8.045481e-07 6.701299e-05 1.100558e-04 -6.194139e-05 2.223747e-05
11082.368258 -1.190722e-05 -7.037939e-07 -9.140426e-08 -7.986603e-07 5.095987e-05 1.267495e-04 -4.678614e-05 2.553354e-05
11086.550885 -1.178997e-05 -6.981394e-07 -9.049241e-08 -7.918241e-07 4.732388e-05 1.362272e-04 -4.912054e-05 2.736051e-05
11090.745704 -1.165922e-05 -6.907921e-07 -8.927667e-08 -7.843078e-07 4.033089e-05 1.377157e-04 -4.600123e-05 2.789822e-05
11094.952714 -1.152621e-05 -6.833127e-07 -8.829348e-08 -7.763221e-07 4.714343e-05 1.030800e-04 -5.563969e-05 2.809030e-05
11099.171916 -1.142378e-05 -6.795057e-07 -8.797442e-08 -7.703750e-07 4.410054e-05 8.890688e-05 -5.479172e-05 3.635582e-05
11103.403311 -1.132229e-05 -6.753515e-07 -8.785239e-08 -7.646588e-07 3.822967e-05 9.634508e-05 -6.779720e-05 2.654543e-05
11107.646897 -1.120913e-05 -6.700564e-07 -8.732125e-08 -7.578983e-07 4.472928e-05 1.255977e-04 -6.360215e-05 3.420389e-05
11111.902675 -1.105864e-05 -6.601653e-07 -8.618109e-08 -7.490647e-07 4.870619e-05 1.436813e-04 -6.627365e-05 3.293926e-05
11116.170645 -1.100019e-05 -6.598554e-07 -8.637249e-08 -7.457124e-07 4.286632e-05 1.673022e-04 -6.843605e-05 2.690211e-05
11120.450807 -1.088862e-05 -6.543060e-07 -8.620642e-08 -7.387838e-07 4.960962e-05 1.813863e-04 -6.264284e-05 4.294938e-05
11124.743161 -1.080499e-05 -6.514972e-07 -8.593625e-08 -7.342623e-07 6.010977e-05 1.861168e-04 -6.365833e-05 4.100827e-05
11129.047707 -1.068747e-05 -6.456846e-07 -8.529327e-08 -7.271012e-07 5.946332e-05 1.650321e-04 -6.896656e-05 4.228022e-05
11133.364444 -1.056212e-05 -6.384787e-07 -8.498875e-08 -7.192684e-07 5.357515e-05 1.512047e-04 -7.394123e-05 3.557946e-05
11137.693374 -1.049559e-05 -6.376415e-07 -8.518028e-08 -7.155390e-07 5.186753e-05 1.593664e-04 -7.115787e-05 3.111430e-05
11142.034495 -1.037294e-05 -6.305806e-07 -8.444282e-08 -7.083137e-07 4.823883e-05 1.527530e-04 -8.090218e-05 3.349643e-05
11146.387809 -1.029092e-05 -6.280498e-07 -8.394756e-08 -7.038589e-07 4.564971e-05 1.482481e-04 -7.326612e-05 4.981120e-05
11150.753314 -1.019120e-05 -6.235231e-07 -8.355940e-08 -6.978622e-07 4.051588e-05 1.588687e-04 -7.257826e-05 5.213365e-05
11155.131011 -1.005273e-05 -6.161818e-07 -8.273076e-08 -6.896578e-07 4.542405e-05 1.516744e-04 -7.382252e-05 3.832403e-05
11159.520900 -9.827959e-06 -6.021195e-07 -8.097893e-08 -6.759096e-07 5.380715e-05 1.851214e-04 -7.156170e-05 3.309230e-05
11163.922981 -9.762529e-06 -6.001847e-07 -8.070712e-08 -6.705619e-07 4.594213e-05 1.969658e-04 -6.368480e-05 3.678933e-05
11168.337254 -9.702307e-06 -6.001048e-07 -8.110260e-08 -6.685173e-07 4.186817e-05 2.151633e-04 -5.115777e-05 3.670203e-05
11172.763719 -9.683951e-06 -5.983001e-07 -8.150688e-08 -6.679943e-07 4.535113e-05 1.936607e-04 -5.933938e-05 3.619462e-05
11177.202376 -9.555143e-06 -5.898648e-07 -8.082436e-08 -6.600676e-07 5.208762e-05 1.720609e-04 -6.324141e-05 3.501191e-05
11181.653224 -9.488974e-06 -5.886516e-07 -8.080748e-08 -6.565486e-07 5.694406e-05 1.630042e-04 -5.748610e-05 3.652842e-05
11186.116265 -9.410742e-06 -5.856127e-07 -8.101899e-08 -6.516777e-07 5.912822e-05 1.587484e-04 -5.622502e-05 2.927895e-05
11190.591497 -9.316739e-06 -5.810267e-07 -8.058181e-08 -6.460492e-07 5.583301e-05 1.740457e-04 -5.328096e-05 2.815483e-05
11195.078922 -9.231533e-06 -5.772107e-07 -7.991285e-08 -6.410991e-07 4.598882e-05 1.821639e-04 -5.185962e-05 3.789542e-05
11199.578538 -9.120671e-06 -5.707151e-07 -7.926704e-08 -6.344901e-07 4.667626e-05 1.729167e-04 -5.276148e-05 3.924289e-05
11204.090346 -9.011317e-06 -5.641703e-07 -7.859161e-08 -6.279135e-07 4.671660e-05 1.817198e-04 -5.322442e-05 4.924563e-05
11208.614346 -8.939050e-06 -5.615629e-07 -7.824191e-08 -6.238556e-07 4.900770e-05 1.814345e-04 -4.998321e-05 5.423819e-05
11213.150538 -8.847289e-06 -5.568715e-07 -7.782675e-08 -6.185865e-07 4.479144e-05 1.511380e-04 -4.830558e-05 6.155231e-05
11217.698922 -8.753591e-06 -5.518907e-07 -7.737511e-08 -6.126581e-07 4.859692e-05 1.475176e-04 -5.388448e-05 5.950395e-05
11222.259498 -8.661490e-06 -5.470953e-07 -7.642407e-08 -6.072033e-07 5.264511e-05 1.577409e-04 -5.533838e-05 5.285823e-05
11226.832266 -8.568090e-06 -5.422111e-07 -7.564371e-08 -6.015188e-07 5.670056e-05 1.545117e-04 -4.848044e-05 5.534662e-05
11231.417226 -8.460766e-06 -5.354396e-07 -7.483120e-08 -5.951190e-07 5.872109e-05 1.636619e-04 -5.500763e-05 5.175640e-05
11236.014377 -8.346106e-06 -5.282281e-07 -7.362484e-08 -5.883268e-07 5.859355e-05 1.558994e-04 -6.482993e-05 4.481708e-05
11240.623721 -8.259795e-06 -5.235481e-07 -7.330167e-08 -5.829732e-07 5.168738e-05 1.544437e-04 -5.869973e-05 4.285634e-05
11245.245256 -8.204180e-06 -5.221456e-07 -7.294253e-08 -5.796924e-07 4.774151e-05 1.647897e-04 -6.604384e-05 4.010455e-05
11249.878983 -8.118642e-06 -5.174261e-07 -7.243432e-08 -5.746842e-07 4.688608e-05 1.461674e-04 -6.954142e-05 5.088433e-05
11254.524902 -8.009011e-06 -5.103455e-07 -7.152393e-08 -5.682625e-07 5.149679e-05 1.426842e-04 -6.464111e-05 4.761323e-05
11259.183013 -7.928871e-06 -5.061011e-07 -7.094348e-08 -5.633285e-07 5.026440e-05 1.641124e-04 -6.798308e-05 4.692880e-05
11263.853316 -7.825132e-06 -4.994744e-07 -7.045091e-08 -5.569508e-07 5.264443e-05 1.491235e-04 -5.968784e-05 5.539334e-05
11268.535811 -7.760846e-06 -4.970803e-07 -7.025901e-08 -5.535373e-07 5.479203e-05 1.033585e-04 -4.375707e-05 6.033038e-05
11273.230498 -7.679383e-06 -4.927897e-07 -7.008530e-08 -5.486986e-07 6.317992e-05 1.318686e-04 -4.020324e-05 6.248158e-05
11277.937377 -7.595069e-06 -4.887758e-07 -6.955974e-08 -5.437075e-07 5.298058e-05 1.526854e-04 -4.875965e-05 6.171215e-05
11282.656448 -7.504485e-06 -4.834442e-07 -6.920933e-08 -5.380720e-07 5.415035e-05 1.435081e-04 -4.187770e-05 6.546575e-05
11287.387710 -7.426451e-06 -4.797732e-07 -6.891713e-08 -5.330769e-07 5.506728e-05 1.336018e-04 -4.364515e-05 6.626882e-05
11292.131165 -7.340168e-06 -4.750758e-07 -6.843010e-08 -5.281086e-07 5.510824e-05 1.213685e-04 -5.147226e-05 5.738255e-05
11296.886811 -7.257818e-06 -4.697791e-07 -6.800114e-08 -5.231714e-07 5.245890e-05 1.025274e-04 -6.247555e-05 5.604910e-05
11301.654649 -7.162616e-06 -4.640551e-07 -6.707580e-08 -5.174427e-07 4.682615e-05 1.290008e-04 -6.266664e-05 5.635213e-05
11306.434679 -7.064074e-06 -4.583741e-07 -6.641579e-08 -5.111392e-07 4.609498e-05 1.545517e-04 -4.443036e-05 6.416907e-05
11311.226901 -6.961804e-06 -4.517268e-07 -6.573974e-08 -5.045350e-07 4.647374e-05 1.787287e-04 -4.263200e-05 6.880618e-05
11316.031315 -6.900283e-06 -4.492372e-07 -6.528161e-08 -5.018024e-07 5.295125e-05 1.749164e-04 -4.301602e-05 7.052039e-05
11320.847921 -6.863973e-06 -4.479001e-07 -6.531014e-08 -4.995824e-07 5.169828e-05 1.644139e-04 -4.536327e-05 7.366896e-05
11325.676719 -6.787639e-06 -4.437508e-07 -6.481021e-08 -4.947684e-07 5.923581e-05 1.444288e-04 -5.010890e-05 7.212454e-05
11330.517709 -6.692134e-06 -4.381956e-07 -6.421591e-08 -4.887142e-07 6.476958e-05 1.325833e-04 -5.057949e-05 6.283372e-05
11335.370891 -6.575710e-06 -4.298831e-07 -6.314510e-08 -4.817680e-07 6.853385e-05 1.327778e-04 -4.302232e-05 5.407639e-05
11340.236264 -6.570071e-06 -4.303370e-07 -6.325822e-08 -4.818101e-07 6.429535e-05 1.160455e-04 -4.789449e-05 5.979086e-05
