# Facility.name: NSLS-II
# Facility.mode: Beam available
# Facility.current: 399.60859860933346
# Facility.current: 3 GeV
# Facility.year: 2023
# Facility.cycle: 2
# Facility.GUP: 312970
# Facility.SAF: 311402
# Experimenter.name: Esteban Fornero
# Beamline.name: ISS (8-ID)
# Beamline.x-ray_source: damping wiggler
# Beamline.collimation_mirror1.material: Si
# Beamline.collimation_mirror2.material: Pt
# Beamline.collimation_mirror2.bender_loading: -348.0
# Beamline.focusing: toroidal mirror
# Beamline.focusing.material: Pt
# Beamline.focusing.bender_loading: -418.0
# Beamline.harmonic_rejection: Si
# Mono.scan_mode: Si(111)
# Mono.d_spacing: 3.1354951
# Mono.scan_mode: pseudo-channel cut
# Mono.scan_type: fly_scan
# Mono.trajectory_name: f950a534-6fd5.txt
# Mono.direction: None
# Mono.angle_offset: 0.69366577
# Mono.angle_offset: 39.744 deg
# Mono.encoder_resolution: 48.0 nrad
# Detector.I0: ion chamber
# Detector.I1: ion chamber
# Detector.I2: ion chamber
# Detector.IF: PIPS
# Detector.I0.length: 15 cm
# Detector.I1.length: 28 cm
# Detector.I2.length: 15 cm
# Detector.IF.thickness: 300 um
# Detector.I0.gas.N2: 38.0%
# Detector.I1.gas.N2: 38.0%
# Detector.I2.gas.N2: 38.0%
# Detector.I0.gas.He: 62.0%
# Detector.I1.gas.He: 62.0%
# Detector.I2.gas.He: 62.0%
# Detector.I0.voltage: -1649.99939
# Detector.I1.voltage: -1650.001709
# Detector.I2.voltage: -1649.998779
# Detector.I0.gain: 4
# Detector.I1.gain: 6
# Detector.I2.gain: 6
# Detector.IF.gain: 6
# Detector.aux: {}
# Element.symbol: Cu
# Element.edge: K
# Element.line: None
# Scan.transient_id: 370823
# Scan.uid: 7b86dac6-0379-4745-9d94-21c91c2e3c69
# Scan.edge_energy: 8979.0
# Scan.start_time: 06/23/2023  00:46:24.546340
# Scan.end_time: 06/23/2023  00:46:57.803638
# Scan.name: Cu2O+Ga2O3-1st H2-ramp (pos 001) Cu-K 0001
# Scan.comment: 
# Sample.name: Cu2O+Ga2O3-1st
# Sample.comment: 
# Sample.position.x: -66.61000258
# Sample.position.y: 30.049994074
# Sample.position.z: -10.184937499999995
# Sample.position.theta: 845.5790000000001
# SampleHeater.temperature1.setpoint: 300.0
# SampleHeater.temperature1.readback: 1372.0
# SampleHeater.current.setpoint: 0.0
# SampleHeater.current.readback: 0.0
# SampleHeater.temperature2.setpoint: 266.4936308285646
# SampleHeater.temperature2.readback: 270.40000000000003
# SampleHeater.voltage.setpoint: 0.5403678923855771
# SampleHeater.voltage.readback: 0.531
# SampleHeater.PID.P: 0.025
# SampleHeater.PID.I: 0.07
# SampleHeater.PID.D: 0.0
# SampleGasCart.MFC.CH4.setpoint: 0.0
# SampleGasCart.MFC.CH4.readback: 0.0
# SampleGasCart.MFC.CO.setpoint: 0.0
# SampleGasCart.MFC.CO.readback: 0.0
# SampleGasCart.MFC.H2.setpoint: 10.0
# SampleGasCart.MFC.H2.readback: 10.012
# SampleGasCart.MFC.exhaust.setpoint: 100.0
# SampleGasCart.MFC.exhaust.readback: 10.200000000000001
# SampleGasHandlingSystem.gas_a.name: None
# SampleGasHandlingSystem.gas_b.name: None
# SampleGasHandlingSystem.gas_c.name: None
# SampleGasHandlingSystem.gas_d.name: None
# SampleGasHandlingSystem.gas_e.name: He
# SampleGasHandlingSystem.MFC1.setpoint: 0.0
# SampleGasHandlingSystem.MFC1.readback: -0.1057942733168602
# SampleGasHandlingSystem.MFC2.setpoint: 0.0
# SampleGasHandlingSystem.MFC2.readback: -0.0691731795668602
# SampleGasHandlingSystem.MFC3.setpoint: 0.0
# SampleGasHandlingSystem.MFC3.readback: 0.02034505270421505
# SampleGasHandlingSystem.MFC4.setpoint: 0.0
# SampleGasHandlingSystem.MFC4.readback: -0.0651041641831398
# SampleGasHandlingSystem.MFC5.setpoint: 0.0
# SampleGasHandlingSystem.MFC5.readback: 0.0
# SampleGasHandlingSystem.MFC6.setpoint: 0.0
# SampleGasHandlingSystem.MFC6.readback: -0.02034505270421505
# SampleGasHandlingSystem.MFC7.setpoint: 0.0
# SampleGasHandlingSystem.MFC7.readback: -0.008138020522892475
# SampleGasHandlingSystem.MFC8.setpoint: 0.0
# SampleGasHandlingSystem.MFC8.readback: -0.0447591133415699
# SampleGasHandlingSystem.MFC9.setpoint: 0.0
# SampleGasHandlingSystem.MFC9.readback: -0.0244140625
# SampleGasHandlingSystem.MFC10.setpoint: 0.0
# SampleGasHandlingSystem.MFC10.readback: 0.01220703125
# SampleGasHandlingSystem.MFC11.setpoint: 0.0
# SampleGasHandlingSystem.MFC11.readback: -0.0691731795668602
# SampleGasHandlingSystem.MFC12.setpoint: 0.0
# SampleGasHandlingSystem.MFC12.readback: -0.0325520820915699
# SampleGasHandlingSystem.MFC13.setpoint: 0.0
# SampleGasHandlingSystem.MFC13.readback: -0.0325520820915699
# SampleGasHandlingSystem.MFC14.setpoint: 0.0
# SampleGasHandlingSystem.MFC14.readback: -0.048828125
# SampleGasHandlingSystem.MFC15.setpoint: 0.0
# SampleGasHandlingSystem.MFC15.readback: -0.0813802108168602
# SampleGasHandlingSystem.MFC16.setpoint: 0.0
# SampleGasHandlingSystem.MFC16.readback: -0.02034505270421505
# SampleGasHandlingSystem.RGA.ch1.mass: 2
# SampleGasHandlingSystem.RGA.ch1.readback: 7.74602e-07
# SampleGasHandlingSystem.RGA.ch2.mass: 4
# SampleGasHandlingSystem.RGA.ch2.readback: 9.29069e-11
# SampleGasHandlingSystem.RGA.ch3.mass: 5
# SampleGasHandlingSystem.RGA.ch3.readback: 7.81276e-12
# SampleGasHandlingSystem.RGA.ch4.mass: 5
# SampleGasHandlingSystem.RGA.ch4.readback: 4.78717e-10
# SampleGasHandlingSystem.RGA.ch5.mass: 18
# SampleGasHandlingSystem.RGA.ch5.readback: 2.61762e-09
# SampleGasHandlingSystem.RGA.ch6.mass: 28
# SampleGasHandlingSystem.RGA.ch6.readback: 1.2083e-08
# SampleGasHandlingSystem.RGA.ch7.mass: 32
# SampleGasHandlingSystem.RGA.ch7.readback: 1.76434e-09
# SampleGasHandlingSystem.RGA.ch8.mass: 41
# SampleGasHandlingSystem.RGA.ch8.readback: 1.11477e-11
# SampleGasHandlingSystem.RGA.ch9.mass: 44
# SampleGasHandlingSystem.RGA.ch9.readback: 2.95324e-11
# energy  i0  it  ir  iff  aux1  aux2  aux3  aux4
 8779.000000 -3.508782e-05 -4.096572e-07 -2.711694e-07 -2.922254e-07 9.111727e-05 5.998670e-04 -3.266471e-05 -1.351673e-06
 8784.000000 -3.515191e-05 -4.103577e-07 -2.716049e-07 -2.933180e-07 8.070048e-05 5.934625e-04 -3.653117e-05 -1.827773e-06
 8789.000000 -3.511894e-05 -4.111132e-07 -2.725530e-07 -2.938000e-07 8.384843e-05 5.695652e-04 -4.792401e-05 -1.404058e-05
 8794.000000 -3.496276e-05 -4.105456e-07 -2.723343e-07 -2.933633e-07 8.112068e-05 5.591694e-04 -6.004701e-05 -1.176321e-05
 8799.000000 -3.457853e-05 -4.082490e-07 -2.707390e-07 -2.914902e-07 8.368783e-05 5.673063e-04 -5.605610e-05 -5.654385e-06
 8804.000000 -3.485807e-05 -4.128423e-07 -2.741013e-07 -2.946025e-07 8.863519e-05 5.592184e-04 -5.538963e-05 -6.027100e-07
 8809.000000 -3.479032e-05 -4.141807e-07 -2.752999e-07 -2.945166e-07 7.835868e-05 5.544796e-04 -5.059624e-05 -8.796179e-06
 8814.000000 -3.462592e-05 -4.149506e-07 -2.758989e-07 -2.933771e-07 8.126504e-05 5.454585e-04 -5.353035e-05 -1.230034e-05
 8819.000000 -3.462377e-05 -4.171307e-07 -2.773007e-07 -2.939497e-07 8.995869e-05 5.417238e-04 -4.986751e-05 -3.882179e-06
 8824.000000 -3.452017e-05 -4.173525e-07 -2.776119e-07 -2.937581e-07 9.377408e-05 5.523863e-04 -4.710286e-05 2.696028e-07
 8829.000000 -3.449102e-05 -4.203074e-07 -2.800174e-07 -2.942674e-07 9.504368e-05 5.398045e-04 -5.197605e-05 -2.923976e-06
 8834.000000 -3.431222e-05 -4.193806e-07 -2.797948e-07 -2.938098e-07 9.560726e-05 5.291520e-04 -5.424336e-05 -4.675287e-06
 8839.000000 -3.416262e-05 -4.196080e-07 -2.800624e-07 -2.938114e-07 9.744535e-05 5.554935e-04 -5.738737e-05 -6.290138e-06
 8844.000000 -3.407698e-05 -4.213224e-07 -2.812946e-07 -2.942664e-07 8.908662e-05 5.512469e-04 -5.679783e-05 -4.198748e-06
 8849.000000 -3.411472e-05 -4.258657e-07 -2.843996e-07 -2.954419e-07 8.238237e-05 5.543066e-04 -5.281485e-05 -2.176598e-06
 8854.000000 -3.401891e-05 -4.270836e-07 -2.856789e-07 -2.958717e-07 7.635751e-05 5.691828e-04 -6.202933e-05 -1.064498e-05
 8859.000000 -3.389101e-05 -4.276024e-07 -2.860655e-07 -2.959412e-07 8.032436e-05 5.693463e-04 -6.214824e-05 -6.339136e-06
 8864.000000 -3.380687e-05 -4.294986e-07 -2.876019e-07 -2.959822e-07 7.951221e-05 5.565755e-04 -5.153527e-05 -6.289241e-06
 8869.000000 -3.360782e-05 -4.285537e-07 -2.870093e-07 -2.949326e-07 7.734106e-05 5.708840e-04 -5.413456e-05 -6.605077e-07
 8874.000000 -3.355664e-05 -4.313103e-07 -2.889532e-07 -2.951158e-07 6.688164e-05 5.838779e-04 -6.110950e-05 -4.055753e-06
 8879.000000 -3.346831e-05 -4.329026e-07 -2.901855e-07 -2.953481e-07 7.402140e-05 5.711081e-04 -4.982360e-05 -4.653012e-06
 8884.000000 -3.317503e-05 -4.301602e-07 -2.886993e-07 -2.940199e-07 7.243416e-05 5.692635e-04 -4.684105e-05 -2.186658e-06
 8889.000000 -3.278146e-05 -4.262522e-07 -2.863569e-07 -2.917483e-07 8.023711e-05 5.725888e-04 -5.799508e-05 -1.402933e-05
 8894.000000 -3.304918e-05 -4.330375e-07 -2.911360e-07 -2.942545e-07 8.102450e-05 5.929530e-04 -2.904685e-05 -1.152282e-05
 8899.000000 -3.302806e-05 -4.361454e-07 -2.931617e-07 -2.947085e-07 7.330321e-05 6.247585e-04 -3.431115e-05 -9.188693e-06
 8904.000000 -3.285088e-05 -4.357709e-07 -2.930795e-07 -2.934000e-07 6.296356e-05 6.020982e-04 -3.278859e-05 -1.589647e-05
 8909.000000 -3.271397e-05 -4.364720e-07 -2.938376e-07 -2.924740e-07 7.018195e-05 5.751677e-04 -3.564389e-05 -5.691894e-06
 8914.000000 -3.246680e-05 -4.363863e-07 -2.939490e-07 -2.910338e-07 7.264329e-05 5.648809e-04 -5.064843e-05 -3.375473e-06
 8919.000000 -3.239194e-05 -4.388759e-07 -2.955023e-07 -2.914006e-07 7.687254e-05 5.433768e-04 -5.077162e-05 -1.553026e-06
 8924.000000 -3.220200e-05 -4.389257e-07 -2.956216e-07 -2.906277e-07 7.702272e-05 5.400925e-04 -4.938693e-05 -1.210652e-05
 8929.000000 -3.221183e-05 -4.419997e-07 -2.978390e-07 -2.921318e-07 8.785839e-05 5.170436e-04 -5.502041e-05 -1.248169e-05
 8934.000000 -3.210864e-05 -4.431917e-07 -2.986416e-07 -2.925469e-07 8.876382e-05 5.372946e-04 -4.958707e-05 -9.966444e-06
 8939.000000 -3.202738e-05 -4.457048e-07 -3.003764e-07 -2.928320e-07 8.334389e-05 5.660602e-04 -4.939375e-05 -9.172590e-06
 8944.000000 -3.188328e-05 -4.464729e-07 -3.007180e-07 -2.928040e-07 6.813325e-05 5.731325e-04 -4.746009e-05 -1.377867e-05
 8949.000000 -3.170513e-05 -4.454994e-07 -2.998826e-07 -2.923157e-07 6.510470e-05 5.871296e-04 -4.427159e-05 -1.324350e-05
 8953.000000 -3.162184e-05 -4.460939e-07 -2.999302e-07 -2.923399e-07 7.094767e-05 6.031331e-04 -3.646654e-05 -1.458370e-05
 8956.000000 -3.155107e-05 -4.466189e-07 -2.999549e-07 -2.923144e-07 7.124131e-05 5.917503e-04 -3.428767e-05 -1.640114e-05
 8958.000000 -3.147985e-05 -4.449199e-07 -2.984060e-07 -2.923935e-07 6.903439e-05 5.900069e-04 -3.805287e-05 -1.982731e-05
 8959.000000 -3.144702e-05 -4.454521e-07 -2.982936e-07 -2.923260e-07 6.241762e-05 5.643367e-04 -3.217689e-05 -1.485659e-05
 8959.200000 -3.146615e-05 -4.463745e-07 -2.989127e-07 -2.925643e-07 6.736328e-05 5.673181e-04 -2.517954e-05 -3.815056e-06
 8959.400000 -3.148884e-05 -4.455983e-07 -2.984625e-07 -2.924255e-07 6.586612e-05 5.637884e-04 -2.807965e-05 -1.147248e-05
 8959.600000 -3.150321e-05 -4.467756e-07 -2.994142e-07 -2.924882e-07 5.735642e-05 5.949550e-04 -2.894203e-05 -1.708276e-05
 8959.800000 -3.153381e-05 -4.479582e-07 -3.002554e-07 -2.928745e-07 6.726603e-05 6.043392e-04 -3.724409e-05 -1.919194e-05
 8960.000000 -3.154564e-05 -4.484821e-07 -3.007316e-07 -2.928311e-07 6.346112e-05 6.027678e-04 -4.623780e-05 -2.493726e-05
 8960.200000 -3.153661e-05 -4.481416e-07 -3.004386e-07 -2.928794e-07 4.947843e-05 6.033103e-04 -4.067224e-05 -2.231256e-05
 8960.400000 -3.153715e-05 -4.491403e-07 -3.010292e-07 -2.929877e-07 5.022067e-05 5.920805e-04 -3.283766e-05 -1.637773e-05
 8960.600000 -3.153305e-05 -4.483908e-07 -3.006899e-07 -2.930643e-07 4.959565e-05 5.840918e-04 -4.415211e-05 -1.778013e-05
 8960.800000 -3.147584e-05 -4.471619e-07 -2.998114e-07 -2.926927e-07 5.444577e-05 6.041928e-04 -5.337528e-05 -2.299915e-05
 8961.000000 -3.143923e-05 -4.459551e-07 -2.990314e-07 -2.922221e-07 4.857972e-05 6.090508e-04 -5.522354e-05 -1.845209e-05
 8961.200000 -3.145765e-05 -4.461386e-07 -2.990844e-07 -2.924350e-07 4.474173e-05 5.834254e-04 -5.047504e-05 -2.755235e-05
 8961.400000 -3.151409e-05 -4.483727e-07 -3.003259e-07 -2.928062e-07 4.476040e-05 5.615024e-04 -3.859705e-05 -3.025306e-05
 8961.600000 -3.150010e-05 -4.474217e-07 -2.995530e-07 -2.927663e-07 4.484262e-05 5.765546e-04 -2.770776e-05 -2.232270e-05
 8961.800000 -3.148347e-05 -4.475812e-07 -2.994713e-07 -2.928285e-07 5.231758e-05 6.429711e-04 -2.552276e-05 -2.587804e-05
 8962.000000 -3.149097e-05 -4.473493e-07 -2.994234e-07 -2.931934e-07 7.136727e-05 6.401289e-04 -4.473398e-05 -2.654236e-05
 8962.200000 -3.150071e-05 -4.473792e-07 -2.992821e-07 -2.932784e-07 6.351878e-05 6.574414e-04 -3.791657e-05 -2.769218e-05
 8962.400000 -3.146381e-05 -4.463641e-07 -2.985765e-07 -2.928904e-07 5.392570e-05 6.599825e-04 -3.753016e-05 -2.194436e-05
 8962.600000 -3.140887e-05 -4.450906e-07 -2.975812e-07 -2.924344e-07 5.557772e-05 6.209853e-04 -2.334464e-05 -2.232969e-05
 8962.800000 -3.141017e-05 -4.457607e-07 -2.978732e-07 -2.926445e-07 5.694122e-05 6.048183e-04 -3.488646e-05 -2.828786e-05
 8963.000000 -3.141672e-05 -4.452386e-07 -2.974477e-07 -2.927676e-07 6.748636e-05 5.995755e-04 -3.153062e-05 -2.913707e-05
 8963.200000 -3.146181e-05 -4.478053e-07 -2.990398e-07 -2.930001e-07 6.669218e-05 6.011740e-04 -3.217599e-05 -4.524910e-05
 8963.400000 -3.147700e-05 -4.489709e-07 -2.999896e-07 -2.930469e-07 6.477295e-05 6.070392e-04 -3.597855e-05 -4.190265e-05
 8963.600000 -3.147395e-05 -4.486277e-07 -2.997784e-07 -2.928442e-07 6.224477e-05 6.335196e-04 -3.960345e-05 -2.843293e-05
 8963.800000 -3.145265e-05 -4.484422e-07 -2.996831e-07 -2.928773e-07 6.093655e-05 6.259243e-04 -2.966400e-05 -3.205214e-05
 8964.000000 -3.143683e-05 -4.480339e-07 -2.992953e-07 -2.930056e-07 6.664936e-05 6.088161e-04 -2.037629e-05 -1.884426e-05
 8964.200000 -3.143778e-05 -4.478194e-07 -2.991242e-07 -2.931263e-07 7.235439e-05 5.812761e-04 -2.289622e-05 -2.142258e-05
 8964.400000 -3.139522e-05 -4.469281e-07 -2.982290e-07 -2.928581e-07 6.821344e-05 5.816491e-04 -2.057893e-05 -2.364735e-05
 8964.600000 -3.138705e-05 -4.468795e-07 -2.980838e-07 -2.929298e-07 6.541183e-05 5.654049e-04 -3.093149e-05 -3.777298e-05
 8964.800000 -3.140464e-05 -4.469917e-07 -2.981951e-07 -2.931189e-07 6.715168e-05 5.774864e-04 -1.938556e-05 -3.614607e-05
 8965.000000 -3.137212e-05 -4.473331e-07 -2.982867e-07 -2.930050e-07 6.920474e-05 5.864219e-04 -2.291172e-05 -3.425296e-05
 8965.200000 -3.134991e-05 -4.470799e-07 -2.979499e-07 -2.931341e-07 6.819499e-05 6.053476e-04 -4.111526e-05 -2.785371e-05
 8965.400000 -3.138345e-05 -4.483669e-07 -2.987778e-07 -2.936922e-07 6.754748e-05 6.020576e-04 -4.026972e-05 -2.956747e-05
 8965.600000 -3.139053e-05 -4.480488e-07 -2.984497e-07 -2.935374e-07 7.393067e-05 6.108929e-04 -3.121084e-05 -1.652747e-05
 8965.800000 -3.138540e-05 -4.476094e-07 -2.979694e-07 -2.935793e-07 6.940730e-05 6.071503e-04 -1.092494e-05 -9.534488e-06
 8966.000000 -3.138666e-05 -4.489481e-07 -2.987764e-07 -2.936279e-07 7.051080e-05 5.939796e-04 -8.841245e-06 -1.458576e-05
 8966.200000 -3.138277e-05 -4.486964e-07 -2.987620e-07 -2.935660e-07 6.265448e-05 6.094926e-04 -2.709499e-05 -2.339068e-05
 8966.400000 -3.136796e-05 -4.479398e-07 -2.982339e-07 -2.932077e-07 6.393648e-05 6.078658e-04 -2.387992e-05 -2.691527e-05
 8966.600000 -3.131992e-05 -4.468635e-07 -2.975796e-07 -2.930431e-07 7.065560e-05 6.052045e-04 -2.465882e-05 -2.330427e-05
 8966.800000 -3.132570e-05 -4.479042e-07 -2.980448e-07 -2.929701e-07 8.141929e-05 5.861300e-04 -2.162034e-05 -2.615860e-05
 8967.000000 -3.130277e-05 -4.475603e-07 -2.977079e-07 -2.929908e-07 8.048570e-05 6.027216e-04 -1.783695e-05 -2.423726e-05
 8967.200000 -3.127072e-05 -4.464841e-07 -2.966545e-07 -2.927959e-07 7.364405e-05 5.956335e-04 -5.132671e-06 -1.187401e-05
 8967.400000 -3.127419e-05 -4.470237e-07 -2.971023e-07 -2.928834e-07 7.493726e-05 5.753139e-04 -1.425124e-05 1.519398e-05
 8967.600000 -3.125456e-05 -4.460173e-07 -2.964398e-07 -2.929347e-07 7.913800e-05 5.515124e-04 -1.731853e-05 1.584791e-05
 8967.800000 -3.125359e-05 -4.466870e-07 -2.967075e-07 -2.931752e-07 8.012043e-05 5.529979e-04 -2.869748e-05 2.590794e-06
 8968.000000 -3.121934e-05 -4.457741e-07 -2.959172e-07 -2.931248e-07 7.605335e-05 5.361905e-04 -1.984712e-05 3.828706e-06
 8968.200000 -3.125014e-05 -4.469510e-07 -2.964511e-07 -2.934922e-07 7.403023e-05 5.251410e-04 -2.856648e-05 5.173758e-06
 8968.400000 -3.128824e-05 -4.482888e-07 -2.970767e-07 -2.938265e-07 6.379990e-05 5.393423e-04 -3.828326e-05 5.382371e-06
 8968.600000 -3.130654e-05 -4.491856e-07 -2.974094e-07 -2.941335e-07 6.455306e-05 5.421312e-04 -3.113844e-05 1.643800e-05
 8968.800000 -3.129159e-05 -4.490562e-07 -2.974030e-07 -2.939012e-07 5.521859e-05 5.513753e-04 -3.470861e-05 1.590192e-05
 8969.000000 -3.128922e-05 -4.494847e-07 -2.974130e-07 -2.939142e-07 5.908519e-05 5.548907e-04 -2.138789e-05 1.604028e-05
 8969.200000 -3.129480e-05 -4.497519e-07 -2.975658e-07 -2.942086e-07 7.238650e-05 5.701044e-04 -2.733986e-05 1.008498e-05
 8969.400000 -3.129899e-05 -4.497487e-07 -2.975116e-07 -2.941908e-07 6.713073e-05 5.744438e-04 -2.513440e-05 1.774540e-05
 8969.600000 -3.128431e-05 -4.498919e-07 -2.971982e-07 -2.941212e-07 6.376994e-05 5.890455e-04 -3.230693e-05 1.694170e-05
 8969.800000 -3.124777e-05 -4.481671e-07 -2.959719e-07 -2.940095e-07 6.817962e-05 5.867531e-04 -3.307539e-05 3.085952e-05
 8970.000000 -3.126493e-05 -4.492420e-07 -2.964610e-07 -2.942281e-07 7.066308e-05 5.873344e-04 -3.611434e-05 2.514930e-05
 8970.200000 -3.125905e-05 -4.494104e-07 -2.965427e-07 -2.941780e-07 7.683173e-05 5.983317e-04 -3.179817e-05 2.313660e-05
 8970.400000 -3.126452e-05 -4.488206e-07 -2.958985e-07 -2.942810e-07 7.706399e-05 5.919149e-04 -3.686612e-05 1.751133e-05
 8970.600000 -3.124969e-05 -4.495748e-07 -2.962270e-07 -2.945856e-07 7.503281e-05 5.949974e-04 -2.474342e-05 2.498111e-05
 8970.800000 -3.125990e-05 -4.487318e-07 -2.956682e-07 -2.949538e-07 6.157758e-05 5.874996e-04 -3.208373e-05 2.351421e-05
 8971.000000 -3.124720e-05 -4.481718e-07 -2.949707e-07 -2.946756e-07 4.816095e-05 5.883916e-04 -4.269270e-05 2.507341e-05
 8971.200000 -3.122822e-05 -4.483848e-07 -2.945968e-07 -2.944827e-07 5.321891e-05 5.682289e-04 -2.910738e-05 2.840603e-05
 8971.400000 -3.123947e-05 -4.484588e-07 -2.943662e-07 -2.948074e-07 4.580997e-05 5.950645e-04 -4.388034e-05 1.061347e-06
 8971.600000 -3.122795e-05 -4.490734e-07 -2.948144e-07 -2.950259e-07 5.180780e-05 5.890632e-04 -1.991486e-05 -1.845793e-05
 8971.800000 -3.120420e-05 -4.480394e-07 -2.938622e-07 -2.950677e-07 5.251483e-05 5.933940e-04 -2.655205e-05 -2.029101e-05
 8972.000000 -3.122129e-05 -4.488845e-07 -2.939762e-07 -2.952985e-07 5.466018e-05 5.940819e-04 -3.040259e-05 -1.309627e-05
 8972.200000 -3.124095e-05 -4.491438e-07 -2.937263e-07 -2.955107e-07 5.365629e-05 5.699936e-04 -3.742966e-05 -2.897112e-05
 8972.400000 -3.122072e-05 -4.482273e-07 -2.927253e-07 -2.952093e-07 6.240448e-05 5.745494e-04 -1.634413e-05 -1.129291e-05
 8972.600000 -3.120477e-05 -4.484241e-07 -2.923046e-07 -2.953042e-07 6.680788e-05 5.737776e-04 -1.360533e-05 -1.688304e-05
 8972.800000 -3.117546e-05 -4.468069e-07 -2.909877e-07 -2.952930e-07 6.679022e-05 5.580463e-04 -1.634711e-05 -1.926986e-05
 8973.000000 -3.113114e-05 -4.463749e-07 -2.903442e-07 -2.953282e-07 6.705884e-05 5.638275e-04 -1.787419e-05 -1.973668e-05
 8973.200000 -3.116539e-05 -4.472366e-07 -2.903634e-07 -2.957125e-07 6.839706e-05 5.668270e-04 -2.748306e-05 -2.376778e-05
 8973.400000 -3.118388e-05 -4.482277e-07 -2.904544e-07 -2.959744e-07 6.493268e-05 5.592646e-04 -2.936695e-05 -3.122389e-05
 8973.600000 -3.120066e-05 -4.481740e-07 -2.898382e-07 -2.964192e-07 6.347403e-05 5.725905e-04 -4.563986e-05 -3.128830e-05
 8973.800000 -3.119811e-05 -4.484198e-07 -2.893434e-07 -2.966710e-07 5.761774e-05 5.652410e-04 -2.889860e-05 -1.828588e-05
 8974.000000 -3.118292e-05 -4.481807e-07 -2.884347e-07 -2.967701e-07 5.740204e-05 5.458924e-04 -3.017769e-05 -5.805870e-06
 8974.200000 -3.117109e-05 -4.477322e-07 -2.876647e-07 -2.969516e-07 7.258766e-05 5.518983e-04 -3.111473e-05 -9.751443e-06
 8974.400000 -3.116956e-05 -4.476180e-07 -2.870586e-07 -2.970998e-07 6.960906e-05 5.483382e-04 -1.146467e-05 -1.182322e-05
 8974.600000 -3.117390e-05 -4.480314e-07 -2.864796e-07 -2.971521e-07 6.697649e-05 5.598610e-04 -3.038541e-05 -1.252136e-05
 8974.800000 -3.116979e-05 -4.481185e-07 -2.856721e-07 -2.974691e-07 6.934519e-05 5.577807e-04 -3.072458e-05 -2.116617e-05
 8975.000000 -3.117320e-05 -4.487496e-07 -2.851645e-07 -2.980066e-07 6.948570e-05 5.350956e-04 -3.317337e-05 -2.322681e-05
 8975.200000 -3.116409e-05 -4.481006e-07 -2.835321e-07 -2.982281e-07 6.788646e-05 5.253913e-04 -3.473759e-05 -2.273724e-05
 8975.400000 -3.115116e-05 -4.483422e-07 -2.823387e-07 -2.985899e-07 7.399390e-05 5.472846e-04 -3.356868e-05 -2.119379e-05
 8975.600000 -3.114390e-05 -4.485698e-07 -2.812288e-07 -2.989480e-07 7.522783e-05 5.508710e-04 -3.860461e-05 -2.695858e-05
 8975.800000 -3.115579e-05 -4.491383e-07 -2.798760e-07 -2.995690e-07 7.713152e-05 5.119226e-04 -3.836378e-05 -2.614930e-05
 8976.000000 -3.114329e-05 -4.485211e-07 -2.774633e-07 -2.999864e-07 7.415737e-05 4.991867e-04 -3.489121e-05 -2.844155e-05
 8976.200000 -3.112330e-05 -4.474869e-07 -2.746808e-07 -3.004020e-07 7.678832e-05 5.319271e-04 -3.419045e-05 -2.555486e-05
 8976.400000 -3.104477e-05 -4.452948e-07 -2.708451e-07 -3.007332e-07 7.723074e-05 5.169276e-04 -3.655846e-05 -1.948217e-05
 8976.600000 -3.099154e-05 -4.431945e-07 -2.664176e-07 -3.009450e-07 6.957080e-05 5.331497e-04 -1.700133e-05 -1.878001e-05
 8976.800000 -3.097654e-05 -4.423420e-07 -2.627586e-07 -3.018036e-07 6.719155e-05 5.435494e-04 -3.314431e-05 -1.520408e-05
 8977.000000 -3.104952e-05 -4.442109e-07 -2.598299e-07 -3.034039e-07 5.203892e-05 5.497263e-04 -3.239498e-05 -5.896467e-06
 8977.200000 -3.108610e-05 -4.458968e-07 -2.560947e-07 -3.049614e-07 5.309386e-05 5.525272e-04 -1.294429e-05 5.981786e-06
 8977.400000 -3.105361e-05 -4.443290e-07 -2.491649e-07 -3.064265e-07 5.448919e-05 5.454385e-04 -1.760200e-05 -4.137595e-06
 8977.600000 -3.095906e-05 -4.412947e-07 -2.403686e-07 -3.076135e-07 5.848750e-05 5.260681e-04 -4.171481e-05 -1.557053e-05
 8977.800000 -3.098532e-05 -4.415956e-07 -2.321809e-07 -3.102147e-07 6.957700e-05 5.057743e-04 -1.426466e-05 -3.945543e-06
 8978.000000 -3.103199e-05 -4.418109e-07 -2.225619e-07 -3.135123e-07 6.933037e-05 5.179566e-04 -4.253927e-06 -8.518171e-06
 8978.200000 -3.103375e-05 -4.412161e-07 -2.114926e-07 -3.165395e-07 7.764127e-05 5.395876e-04 1.856635e-07 6.652672e-07
 8978.400000 -3.101867e-05 -4.400893e-07 -1.993323e-07 -3.202039e-07 7.557139e-05 5.185889e-04 -1.251134e-05 -4.925866e-06
 8978.600000 -3.100480e-05 -4.382764e-07 -1.865856e-07 -3.242117e-07 7.033333e-05 5.309196e-04 -2.446262e-05 -5.944323e-06
 8978.800000 -3.098536e-05 -4.357657e-07 -1.739287e-07 -3.286503e-07 7.318035e-05 5.368368e-04 -2.397221e-05 -5.458654e-06
 8979.000000 -3.094372e-05 -4.335692e-07 -1.621778e-07 -3.331788e-07 7.115354e-05 5.475138e-04 -1.811315e-05 -2.553437e-06
 8979.200000 -3.092785e-05 -4.312214e-07 -1.515870e-07 -3.379141e-07 6.349996e-05 5.536235e-04 -2.325839e-05 2.034305e-06
 8979.400000 -3.088421e-05 -4.284934e-07 -1.423003e-07 -3.424363e-07 6.667022e-05 5.607343e-04 -1.983160e-05 5.544744e-06
 8979.600000 -3.092316e-05 -4.275449e-07 -1.355395e-07 -3.477962e-07 7.611632e-05 5.706567e-04 -2.098719e-05 -1.205391e-06
 8979.800000 -3.088278e-05 -4.252213e-07 -1.296293e-07 -3.527361e-07 7.098605e-05 5.706091e-04 -6.807784e-06 -1.124568e-05
 8980.000000 -3.084468e-05 -4.228542e-07 -1.250440e-07 -3.574508e-07 6.093585e-05 5.779620e-04 -1.395568e-05 -7.211850e-06
 8980.200000 -3.087426e-05 -4.224185e-07 -1.221228e-07 -3.621929e-07 4.598980e-05 5.697637e-04 -7.914120e-06 9.970876e-07
 8980.400000 -3.083186e-05 -4.207387e-07 -1.198566e-07 -3.667505e-07 4.935475e-05 5.465638e-04 -1.091593e-06 3.602489e-06
 8980.600000 -3.081880e-05 -4.191790e-07 -1.181906e-07 -3.708179e-07 5.125641e-05 5.620592e-04 -1.831602e-05 -6.635049e-06
 8980.800000 -3.082281e-05 -4.187913e-07 -1.173696e-07 -3.741226e-07 5.626953e-05 5.527471e-04 -2.011621e-05 -8.682600e-06
 8981.000000 -3.084154e-05 -4.182480e-07 -1.173568e-07 -3.765553e-07 6.361093e-05 5.463169e-04 -8.999660e-06 -1.735935e-05
 8981.200000 -3.081250e-05 -4.184610e-07 -1.177539e-07 -3.773682e-07 6.473665e-05 5.214865e-04 -1.782552e-05 -2.088442e-05
 8981.400000 -3.079880e-05 -4.176470e-07 -1.180773e-07 -3.779475e-07 5.744465e-05 5.180944e-04 -1.969421e-05 -1.594550e-05
 8981.600000 -3.076941e-05 -4.177412e-07 -1.189646e-07 -3.774678e-07 6.578373e-05 5.162922e-04 -1.508767e-05 -1.317757e-05
 8981.800000 -3.071445e-05 -4.163988e-07 -1.193680e-07 -3.762548e-07 6.125679e-05 5.339858e-04 -2.045972e-05 -3.341709e-06
 8982.000000 -3.072352e-05 -4.176131e-07 -1.204888e-07 -3.751831e-07 6.335457e-05 5.215663e-04 -1.148016e-05 -1.046753e-05
 8982.200000 -3.071164e-05 -4.182028e-07 -1.214012e-07 -3.734046e-07 5.916041e-05 5.235189e-04 -1.277173e-05 -1.303686e-05
 8982.400000 -3.071398e-05 -4.188056e-07 -1.223280e-07 -3.720622e-07 5.715395e-05 5.252868e-04 -2.341077e-05 -8.338598e-06
 8982.600000 -3.071580e-05 -4.195322e-07 -1.228839e-07 -3.704998e-07 4.954577e-05 5.225639e-04 -2.661758e-05 -9.491992e-06
 8982.800000 -3.073442e-05 -4.206501e-07 -1.232893e-07 -3.694398e-07 5.418316e-05 5.380558e-04 -2.635881e-05 -9.671939e-06
 8983.000000 -3.072178e-05 -4.202709e-07 -1.229972e-07 -3.685044e-07 6.618748e-05 5.424432e-04 -1.625206e-05 -1.017340e-05
 8983.200000 -3.071175e-05 -4.207178e-07 -1.223566e-07 -3.679578e-07 6.859202e-05 5.407062e-04 -2.225135e-05 -1.802290e-05
 8983.400000 -3.070147e-05 -4.204670e-07 -1.209089e-07 -3.681068e-07 6.085201e-05 5.372329e-04 -3.116688e-05 -2.529755e-05
 8983.600000 -3.069834e-05 -4.205283e-07 -1.195878e-07 -3.685795e-07 6.143562e-05 5.467509e-04 -2.850058e-05 -2.170926e-05
 8983.800000 -3.069611e-05 -4.197974e-07 -1.179187e-07 -3.691997e-07 5.203592e-05 5.559245e-04 -2.598913e-05 -2.197424e-05
 8984.000000 -3.069103e-05 -4.194232e-07 -1.161672e-07 -3.700369e-07 4.756369e-05 5.470481e-04 -2.123783e-05 -1.433878e-05
 8984.200000 -3.069227e-05 -4.189963e-07 -1.140248e-07 -3.711608e-07 5.392896e-05 5.599938e-04 -3.291422e-05 -2.009218e-05
 8984.400000 -3.068823e-05 -4.191569e-07 -1.123271e-07 -3.723596e-07 5.099108e-05 5.551246e-04 -3.844851e-05 -1.058272e-05
 8984.600000 -3.067520e-05 -4.189031e-07 -1.104666e-07 -3.734156e-07 6.123628e-05 5.355879e-04 -4.289037e-05 -1.773622e-05
 8984.800000 -3.064787e-05 -4.172399e-07 -1.083116e-07 -3.745873e-07 6.374227e-05 5.451393e-04 -3.812621e-05 -2.448015e-05
 8985.000000 -3.065718e-05 -4.179915e-07 -1.072774e-07 -3.758303e-07 6.953681e-05 5.495530e-04 -2.024929e-05 -1.245106e-05
 8985.200000 -3.065884e-05 -4.174126e-07 -1.057893e-07 -3.771285e-07 6.885245e-05 5.789349e-04 -2.631576e-05 -1.364552e-05
 8985.400000 -3.063396e-05 -4.163375e-07 -1.042147e-07 -3.782102e-07 6.618962e-05 5.705838e-04 -2.135381e-05 -1.299579e-05
 8985.600000 -3.061170e-05 -4.164332e-07 -1.029285e-07 -3.795940e-07 5.343318e-05 5.513481e-04 -2.054872e-05 -1.874793e-05
 8985.800000 -3.061707e-05 -4.149975e-07 -1.010567e-07 -3.808489e-07 6.189587e-05 5.388406e-04 -1.094030e-05 2.429645e-07
 8986.000000 -3.058329e-05 -4.143097e-07 -9.913425e-08 -3.820094e-07 6.614929e-05 5.269237e-04 -1.948902e-05 -8.085187e-06
 8986.200000 -3.060182e-05 -4.144139e-07 -9.760112e-08 -3.833846e-07 7.350633e-05 5.502155e-04 -3.141557e-05 -2.055546e-06
 8986.400000 -3.055172e-05 -4.126921e-07 -9.569062e-08 -3.844030e-07 6.706822e-05 5.563443e-04 -2.368111e-05 -1.432336e-06
 8986.600000 -3.052303e-05 -4.110893e-07 -9.361388e-08 -3.856657e-07 7.195613e-05 5.566017e-04 -1.778987e-05 4.615522e-06
 8986.800000 -3.051110e-05 -4.119884e-07 -9.212666e-08 -3.872371e-07 6.601389e-05 5.654452e-04 -1.670785e-05 6.199912e-07
 8987.000000 -3.051322e-05 -4.111768e-07 -9.023522e-08 -3.888701e-07 6.234797e-05 5.710619e-04 -2.631321e-05 -7.332305e-06
 8987.200000 -3.056687e-05 -4.119367e-07 -8.851225e-08 -3.907510e-07 6.036616e-05 5.687056e-04 -1.301044e-05 -9.995618e-06
 8987.400000 -3.056704e-05 -4.118432e-07 -8.642867e-08 -3.927123e-07 6.105965e-05 5.764901e-04 3.438799e-07 1.680373e-06
 8987.600000 -3.053860e-05 -4.099800e-07 -8.414403e-08 -3.943319e-07 7.435182e-05 5.734307e-04 -9.075401e-06 -7.527171e-06
 8987.800000 -3.050573e-05 -4.086986e-07 -8.195546e-08 -3.956625e-07 7.062058e-05 5.756693e-04 -1.748135e-05 -9.671715e-06
 8988.000000 -3.052171e-05 -4.083496e-07 -7.981704e-08 -3.977223e-07 6.297225e-05 5.736915e-04 -2.215745e-05 -1.497511e-05
 8988.200000 -3.053204e-05 -4.086541e-07 -7.771165e-08 -3.993387e-07 6.652554e-05 5.870879e-04 -1.975139e-05 -1.875284e-07
 8988.400000 -3.053027e-05 -4.089559e-07 -7.554145e-08 -4.009741e-07 6.952700e-05 6.027333e-04 -3.318981e-05 -1.262095e-05
 8988.600000 -3.053123e-05 -4.072302e-07 -7.303414e-08 -4.029419e-07 7.103832e-05 6.039749e-04 -2.352711e-05 4.476879e-07
 8988.800000 -3.053045e-05 -4.076715e-07 -7.067787e-08 -4.045871e-07 6.620049e-05 5.870037e-04 -1.688413e-05 1.707348e-06
 8989.000000 -3.053186e-05 -4.060017e-07 -6.848085e-08 -4.067486e-07 6.382740e-05 5.885586e-04 -8.437839e-06 -3.915748e-07
 8989.200000 -3.050075e-05 -4.048023e-07 -6.615247e-08 -4.083742e-07 5.828447e-05 5.752679e-04 -1.826023e-06 1.134256e-05
 8989.400000 -3.047409e-05 -4.043051e-07 -6.397864e-08 -4.103491e-07 6.117526e-05 5.870200e-04 -5.506631e-06 3.710542e-06
 8989.600000 -3.048726e-05 -4.037351e-07 -6.182323e-08 -4.123903e-07 6.122444e-05 5.938018e-04 1.369867e-06 -7.212671e-06
 8989.800000 -3.044194e-05 -4.028046e-07 -5.959442e-08 -4.140873e-07 6.013415e-05 6.045816e-04 -6.860630e-06 -1.182196e-05
 8990.000000 -3.041228e-05 -4.008471e-07 -5.733986e-08 -4.159257e-07 6.086162e-05 6.066714e-04 -1.977776e-05 -1.515630e-05
 8990.200000 -3.039502e-05 -4.007218e-07 -5.523494e-08 -4.178684e-07 5.472300e-05 6.022464e-04 -3.672569e-05 -2.129662e-05
 8990.400000 -3.038777e-05 -3.985208e-07 -5.346380e-08 -4.200512e-07 6.215232e-05 5.837689e-04 -3.398935e-05 -1.118683e-05
 8990.600000 -3.036980e-05 -3.976195e-07 -5.183488e-08 -4.217210e-07 6.840776e-05 5.940402e-04 -3.137043e-05 -3.380789e-06
 8990.800000 -3.034045e-05 -3.968998e-07 -5.023231e-08 -4.235729e-07 6.277279e-05 6.215052e-04 -2.142730e-05 3.304799e-06
 8991.000000 -3.039265e-05 -3.982614e-07 -4.894300e-08 -4.257093e-07 5.266775e-05 6.063304e-04 -2.537798e-05 -3.202963e-06
 8991.200000 -3.042599e-05 -3.991606e-07 -4.760336e-08 -4.275967e-07 5.822044e-05 5.885254e-04 -3.100577e-05 -1.278965e-05
 8991.400000 -3.034310e-05 -3.962414e-07 -4.619165e-08 -4.287138e-07 5.771256e-05 5.834284e-04 -3.029202e-05 -9.548072e-06
 8991.600000 -3.019986e-05 -3.925908e-07 -4.473291e-08 -4.294350e-07 5.908473e-05 5.900333e-04 -3.141140e-05 -1.806325e-06
 8991.800000 -3.018209e-05 -3.905409e-07 -4.360150e-08 -4.308456e-07 5.200907e-05 5.952858e-04 -3.252994e-05 -3.245161e-06
 8992.000000 -3.025869e-05 -3.930879e-07 -4.324728e-08 -4.327567e-07 6.142404e-05 5.718503e-04 -2.356953e-05 -1.460053e-06
 8992.200000 -3.034991e-05 -3.954432e-07 -4.292181e-08 -4.344576e-07 6.126417e-05 5.833346e-04 -2.191626e-05 4.889184e-06
 8992.400000 -3.033766e-05 -3.952370e-07 -4.219946e-08 -4.353258e-07 5.310689e-05 5.817024e-04 -2.061875e-05 8.451833e-06
 8992.600000 -3.027737e-05 -3.931757e-07 -4.160986e-08 -4.357006e-07 5.140160e-05 5.872761e-04 -2.749812e-05 3.235127e-06
 8992.800000 -3.031960e-05 -3.936515e-07 -4.110581e-08 -4.367854e-07 5.033151e-05 5.928281e-04 -1.304930e-05 1.887803e-06
 8993.000000 -3.034463e-05 -3.951822e-07 -4.101996e-08 -4.376292e-07 5.192692e-05 5.830723e-04 -1.004662e-05 -3.376189e-06
 8993.200000 -3.032393e-05 -3.948570e-07 -4.088414e-08 -4.381510e-07 4.752176e-05 6.041921e-04 -1.741702e-05 4.960582e-06
 8993.400000 -3.031102e-05 -3.945412e-07 -4.087019e-08 -4.382831e-07 5.109445e-05 5.977424e-04 -1.824617e-05 6.861139e-06
 8993.600000 -3.024070e-05 -3.921907e-07 -4.063693e-08 -4.382310e-07 5.250067e-05 6.242034e-04 -2.144955e-05 2.765147e-06
 8993.800000 -3.017092e-05 -3.917891e-07 -4.070827e-08 -4.376963e-07 5.346263e-05 6.326729e-04 -2.383266e-05 -1.078702e-05
 8994.000000 -3.018967e-05 -3.901595e-07 -4.082713e-08 -4.379930e-07 5.587684e-05 6.044152e-04 -2.600700e-05 -1.062766e-05
 8994.200000 -3.022242e-05 -3.933128e-07 -4.143086e-08 -4.380416e-07 5.599301e-05 6.083936e-04 -2.596697e-05 -1.763602e-05
 8994.400000 -3.028993e-05 -3.952325e-07 -4.222545e-08 -4.383262e-07 6.165077e-05 6.219077e-04 -3.261691e-05 -3.454304e-05
 8994.600000 -3.027266e-05 -3.941317e-07 -4.267699e-08 -4.384008e-07 6.378947e-05 6.004626e-04 -2.637876e-05 -2.830861e-05
 8994.800000 -3.026671e-05 -3.946437e-07 -4.332475e-08 -4.382849e-07 7.073679e-05 6.025170e-04 -2.743254e-05 -2.659847e-05
 8995.000000 -3.023786e-05 -3.945528e-07 -4.373290e-08 -4.380378e-07 7.174086e-05 6.316190e-04 -3.482101e-05 -2.979348e-05
 8995.200000 -3.023279e-05 -3.934921e-07 -4.420965e-08 -4.380801e-07 6.145455e-05 6.523905e-04 -2.976612e-05 -2.286556e-05
 8995.400000 -3.017324e-05 -3.915543e-07 -4.451108e-08 -4.376404e-07 5.630216e-05 6.429917e-04 -1.988464e-05 -5.767932e-06
 8995.600000 -3.011120e-05 -3.913427e-07 -4.484531e-08 -4.367273e-07 5.300815e-05 6.255048e-04 -1.864016e-05 3.581833e-07
 8995.800000 -3.010045e-05 -3.906082e-07 -4.538786e-08 -4.367131e-07 4.215454e-05 6.176470e-04 -2.718662e-05 -1.761523e-05
 8996.000000 -3.012909e-05 -3.917542e-07 -4.604788e-08 -4.362693e-07 4.363134e-05 6.165052e-04 -2.688854e-05 -1.320793e-05
 8996.200000 -3.019797e-05 -3.945786e-07 -4.694696e-08 -4.363892e-07 5.315898e-05 5.906271e-04 -1.717399e-05 -7.697420e-06
 8996.400000 -3.024122e-05 -3.960914e-07 -4.746285e-08 -4.360003e-07 6.189542e-05 6.035531e-04 -2.837427e-05 -1.414508e-05
 8996.600000 -3.021670e-05 -3.959746e-07 -4.779590e-08 -4.353002e-07 6.006359e-05 6.198058e-04 -2.079005e-05 -8.865630e-06
 8996.800000 -3.017454e-05 -3.939219e-07 -4.780859e-08 -4.349294e-07 5.330776e-05 6.324864e-04 -3.010223e-05 3.463646e-06
 8997.000000 -3.014215e-05 -3.933389e-07 -4.792468e-08 -4.341836e-07 4.539301e-05 6.065826e-04 -3.316093e-05 1.344435e-05
 8997.200000 -3.016564e-05 -3.941655e-07 -4.848605e-08 -4.338476e-07 5.362470e-05 6.252964e-04 -1.518253e-05 2.137441e-05
 8997.400000 -3.015792e-05 -3.944201e-07 -4.877082e-08 -4.331326e-07 5.544051e-05 6.172865e-04 -1.894710e-05 -1.530556e-06
 8997.600000 -3.011246e-05 -3.933940e-07 -4.880001e-08 -4.321729e-07 5.912902e-05 6.081430e-04 -1.326296e-05 -1.123916e-05
 8997.800000 -3.010853e-05 -3.931564e-07 -4.890738e-08 -4.315817e-07 6.046864e-05 6.073735e-04 -1.965424e-05 -8.814091e-06
 8998.000000 -3.009875e-05 -3.937776e-07 -4.896877e-08 -4.315046e-07 6.376297e-05 5.863548e-04 -2.619813e-05 -1.343122e-05
 8998.200000 -3.011490e-05 -3.936568e-07 -4.875686e-08 -4.311416e-07 6.767847e-05 5.856056e-04 -3.685743e-05 -1.486267e-05
 8998.400000 -3.006892e-05 -3.919519e-07 -4.848692e-08 -4.301371e-07 7.075683e-05 6.050176e-04 -3.370362e-05 -1.631191e-05
 8998.600000 -3.000546e-05 -3.907093e-07 -4.833660e-08 -4.295844e-07 6.304692e-05 6.283159e-04 -2.634403e-05 -1.407445e-05
 8998.800000 -2.997806e-05 -3.900830e-07 -4.798856e-08 -4.293831e-07 5.922849e-05 6.223482e-04 -1.995839e-05 -1.504425e-05
 8999.000000 -3.003443e-05 -3.941393e-07 -4.813967e-08 -4.293451e-07 5.512809e-05 6.295094e-04 -1.052918e-05 -2.804981e-06
 8999.200000 -3.015651e-05 -3.960073e-07 -4.792709e-08 -4.299492e-07 5.912374e-05 6.311194e-04 -1.015765e-05 -8.679794e-06
 8999.400000 -3.014646e-05 -3.964289e-07 -4.727009e-08 -4.298100e-07 6.161337e-05 6.288313e-04 -8.946766e-06 -9.679052e-06
 8999.600000 -3.011160e-05 -3.948144e-07 -4.640120e-08 -4.296825e-07 5.873241e-05 6.315553e-04 -4.994503e-06 -1.273331e-05
 8999.800000 -3.011917e-05 -3.955887e-07 -4.591197e-08 -4.293806e-07 6.161973e-05 6.528385e-04 -6.378090e-06 -7.765959e-06
 9000.000000 -3.013139e-05 -3.962902e-07 -4.548166e-08 -4.293168e-07 5.470253e-05 6.562696e-04 3.499749e-06 -1.268109e-05
 9000.200000 -3.010415e-05 -3.957057e-07 -4.464638e-08 -4.290279e-07 5.735952e-05 6.256804e-04 -9.482051e-07 -1.223123e-05
 9000.400000 -3.003631e-05 -3.941884e-07 -4.379998e-08 -4.287740e-07 6.669272e-05 5.854739e-04 -1.551786e-05 -8.705707e-06
 9000.600000 -3.001711e-05 -3.938488e-07 -4.309293e-08 -4.290342e-07 6.981092e-05 5.793435e-04 -1.075553e-05 6.670187e-06
 9000.800000 -3.001320e-05 -3.933471e-07 -4.235965e-08 -4.287941e-07 7.009332e-05 5.924966e-04 -1.262708e-05 6.506446e-06
 9001.000000 -2.998728e-05 -3.937498e-07 -4.184568e-08 -4.282387e-07 8.227884e-05 5.896929e-04 -4.327703e-06 -3.033389e-06
 9001.200000 -2.995621e-05 -3.940447e-07 -4.160674e-08 -4.280082e-07 7.024923e-05 5.973182e-04 -9.707196e-07 2.163015e-06
 9001.400000 -2.984931e-05 -3.928126e-07 -4.110121e-08 -4.265966e-07 7.026328e-05 5.958939e-04 -1.480980e-05 -1.059759e-05
 9001.600000 -2.967020e-05 -3.906589e-07 -4.068107e-08 -4.241594e-07 7.593203e-05 6.080947e-04 -9.173205e-06 -1.767528e-06
 9001.800000 -2.946499e-05 -3.881982e-07 -4.009244e-08 -4.218644e-07 7.365847e-05 6.013917e-04 -1.731278e-05 -6.432311e-06
 9002.000000 -2.940642e-05 -3.872788e-07 -3.977954e-08 -4.212974e-07 6.770553e-05 5.998028e-04 -2.960798e-05 -1.185455e-05
 9002.200000 -2.944007e-05 -3.869470e-07 -3.941026e-08 -4.219991e-07 6.159887e-05 5.940763e-04 -1.240064e-05 -1.356531e-05
 9002.400000 -2.952697e-05 -3.876053e-07 -3.924853e-08 -4.233141e-07 6.786893e-05 5.945195e-04 -1.322594e-05 -7.389103e-06
 9002.600000 -2.965267e-05 -3.896571e-07 -3.951150e-08 -4.247031e-07 7.031734e-05 6.120188e-04 -1.319960e-05 -1.392088e-06
 9002.800000 -2.978601e-05 -3.895236e-07 -3.960580e-08 -4.263527e-07 6.543525e-05 6.152571e-04 -2.116961e-05 -3.386772e-06
 9003.000000 -2.993592e-05 -3.928372e-07 -4.013279e-08 -4.280883e-07 6.527549e-05 6.080845e-04 -8.059451e-06 5.353334e-06
 9003.200000 -3.002716e-05 -3.956308e-07 -4.069611e-08 -4.287741e-07 6.217822e-05 6.167440e-04 -3.313595e-06 2.052914e-06
 9003.400000 -3.008379e-05 -3.978498e-07 -4.115241e-08 -4.293143e-07 6.399387e-05 5.952303e-04 -1.365931e-05 1.562491e-06
 9003.600000 -3.008961e-05 -3.973639e-07 -4.131014e-08 -4.289989e-07 7.379837e-05 5.820187e-04 -1.211930e-05 5.853624e-06
 9003.800000 -3.008760e-05 -3.976859e-07 -4.192379e-08 -4.288164e-07 7.132768e-05 5.832359e-04 -1.189376e-05 -2.920215e-06
 9004.000000 -3.008050e-05 -3.982317e-07 -4.265587e-08 -4.287331e-07 6.566562e-05 5.852195e-04 -2.282848e-06 -1.166360e-06
 9004.200000 -3.004582e-05 -3.973699e-07 -4.294368e-08 -4.282903e-07 7.787140e-05 6.023657e-04 4.822459e-06 -1.626354e-06
 9004.400000 -3.003555e-05 -3.970787e-07 -4.332477e-08 -4.284243e-07 7.412165e-05 6.162874e-04 -4.264521e-06 -6.936476e-06
 9004.600000 -2.999241e-05 -3.950664e-07 -4.372170e-08 -4.279583e-07 8.247080e-05 6.147072e-04 -3.594967e-06 -2.313360e-06
 9004.800000 -2.994875e-05 -3.947880e-07 -4.408982e-08 -4.274687e-07 7.553909e-05 6.122016e-04 9.862284e-06 -7.981363e-06
 9005.000000 -2.999090e-05 -3.973324e-07 -4.469835e-08 -4.275863e-07 7.324689e-05 6.023705e-04 -4.208936e-06 -1.412260e-05
 9005.200000 -3.001621e-05 -3.977122e-07 -4.537922e-08 -4.274305e-07 7.159748e-05 6.085099e-04 -3.239014e-06 -1.772042e-05
 9005.400000 -3.000441e-05 -3.976913e-07 -4.592808e-08 -4.276216e-07 6.071084e-05 6.066600e-04 1.634895e-06 -9.111225e-06
 9005.600000 -2.998467e-05 -3.979393e-07 -4.641200e-08 -4.273096e-07 5.994932e-05 5.883071e-04 1.337400e-06 -2.712582e-06
 9005.800000 -3.002989e-05 -3.986102e-07 -4.689106e-08 -4.272678e-07 7.108683e-05 5.990220e-04 -2.816607e-06 -4.098321e-06
 9006.000000 -3.003604e-05 -3.994815e-07 -4.720781e-08 -4.270026e-07 8.364244e-05 6.118179e-04 -6.259098e-06 -5.711298e-06
 9006.200000 -3.002216e-05 -3.988595e-07 -4.743845e-08 -4.270076e-07 8.321676e-05 6.054185e-04 -1.455927e-05 -6.766304e-06
 9006.400000 -3.002192e-05 -3.995923e-07 -4.782562e-08 -4.268315e-07 7.433686e-05 6.087913e-04 -4.016816e-06 7.253986e-07
 9006.600000 -3.000994e-05 -3.995979e-07 -4.827094e-08 -4.268429e-07 7.386742e-05 5.926503e-04 -1.258458e-06 -7.662360e-07
 9006.800000 -2.998785e-05 -3.988318e-07 -4.843689e-08 -4.269164e-07 7.356567e-05 6.053188e-04 1.306180e-06 -1.947525e-06
 9007.000000 -2.999033e-05 -3.991872e-07 -4.884208e-08 -4.266644e-07 7.419713e-05 6.039319e-04 1.289208e-06 -3.946584e-06
 9007.200000 -2.998289e-05 -3.992239e-07 -4.910233e-08 -4.264690e-07 7.063206e-05 5.831165e-04 -1.932888e-06 -6.533736e-06
 9007.400000 -2.997904e-05 -3.990627e-07 -4.934516e-08 -4.264727e-07 7.049540e-05 6.012339e-04 -6.593038e-06 -1.267151e-05
 9007.600000 -2.998833e-05 -4.000831e-07 -4.976246e-08 -4.264072e-07 7.170367e-05 5.875734e-04 -9.879627e-06 -9.493354e-06
 9007.800000 -2.998068e-05 -3.994694e-07 -5.015972e-08 -4.262970e-07 8.229304e-05 5.930086e-04 -1.057357e-05 -5.179739e-06
 9008.000000 -2.995134e-05 -3.989021e-07 -5.064560e-08 -4.260358e-07 8.413100e-05 5.878502e-04 -4.427635e-06 -8.105871e-06
 9008.200000 -2.993011e-05 -3.988270e-07 -5.099499e-08 -4.260618e-07 7.115213e-05 5.954298e-04 -2.902008e-06 -1.495557e-05
 9008.400000 -2.990797e-05 -3.977352e-07 -5.119530e-08 -4.259410e-07 6.425201e-05 5.829109e-04 -1.441651e-05 -1.552505e-05
 9008.600000 -2.988629e-05 -3.974494e-07 -5.147471e-08 -4.257651e-07 6.006381e-05 5.996109e-04 -2.074239e-05 -1.942582e-05
 9008.800000 -2.989630e-05 -3.967941e-07 -5.173820e-08 -4.261589e-07 6.383830e-05 6.140526e-04 -1.755353e-05 -1.222849e-05
 9009.000000 -2.993293e-05 -3.992377e-07 -5.200346e-08 -4.260801e-07 5.698257e-05 5.891413e-04 -2.024739e-05 -1.932190e-05
 9009.227860 -2.992861e-05 -3.985772e-07 -5.225908e-08 -4.262410e-07 5.559355e-05 6.021593e-04 -1.013419e-05 -1.643207e-05
 9009.483581 -2.992200e-05 -3.992668e-07 -5.271521e-08 -4.260358e-07 6.358498e-05 6.130430e-04 -9.955232e-06 -7.061173e-06
 9009.767162 -2.992167e-05 -3.995847e-07 -5.306442e-08 -4.259905e-07 6.350184e-05 6.200043e-04 -1.325188e-05 -5.671885e-06
 9010.078604 -2.991342e-05 -4.000172e-07 -5.327419e-08 -4.257439e-07 6.027088e-05 6.267931e-04 -1.000604e-05 -1.701468e-05
 9010.417905 -2.988035e-05 -3.997900e-07 -5.343406e-08 -4.252477e-07 6.165121e-05 6.305407e-04 -6.603527e-06 -1.832409e-05
 9010.785067 -2.981508e-05 -3.986194e-07 -5.367652e-08 -4.244943e-07 6.751232e-05 6.239103e-04 -1.593204e-05 -1.107053e-05
 9011.180090 -2.969463e-05 -3.965579e-07 -5.354497e-08 -4.235388e-07 7.103669e-05 6.205663e-04 -1.340476e-05 -9.186076e-06
 9011.602973 -2.962920e-05 -3.952348e-07 -5.319131e-08 -4.229213e-07 6.715402e-05 6.130378e-04 -9.097150e-06 -1.570264e-05
 9012.053716 -2.961687e-05 -3.945438e-07 -5.285990e-08 -4.226232e-07 6.114941e-05 5.928453e-04 -7.556051e-06 -9.711979e-06
 9012.532319 -2.961362e-05 -3.942087e-07 -5.251995e-08 -4.228942e-07 6.016296e-05 5.722430e-04 -8.002917e-06 -1.123365e-05
 9013.038783 -2.969207e-05 -3.969158e-07 -5.220959e-08 -4.236680e-07 6.902424e-05 5.801028e-04 -8.250790e-06 -4.830887e-06
 9013.573107 -2.972572e-05 -3.980776e-07 -5.208154e-08 -4.247564e-07 6.964905e-05 6.125369e-04 -6.501259e-06 -1.170085e-05
 9014.135292 -2.983656e-05 -4.002793e-07 -5.216167e-08 -4.265435e-07 6.658304e-05 5.996044e-04 -1.071290e-05 -5.604941e-06
 9014.725337 -2.993634e-05 -4.005560e-07 -5.185891e-08 -4.282682e-07 6.764366e-05 5.919638e-04 -1.733886e-05 -9.097001e-06
 9015.343242 -2.996211e-05 -4.007894e-07 -5.136534e-08 -4.287534e-07 7.313351e-05 6.101048e-04 -1.108566e-05 -2.300210e-05
 9015.989008 -2.994559e-05 -4.008013e-07 -5.025637e-08 -4.288128e-07 6.830292e-05 6.124576e-04 -7.027254e-06 -1.068065e-05
 9016.662634 -2.995006e-05 -4.015523e-07 -4.942738e-08 -4.287244e-07 6.592052e-05 6.022777e-04 -1.359975e-05 -9.542005e-06
 9017.364120 -2.992428e-05 -4.011409e-07 -4.823051e-08 -4.290839e-07 6.098163e-05 6.070854e-04 -2.176284e-05 -5.189019e-06
 9018.093467 -2.986507e-05 -3.992036e-07 -4.716643e-08 -4.288926e-07 5.924036e-05 6.183789e-04 -2.094963e-05 -1.284586e-05
 9018.850674 -2.989867e-05 -4.008470e-07 -4.666915e-08 -4.292198e-07 5.799250e-05 6.033092e-04 -9.051417e-06 -1.802920e-05
 9019.635741 -2.985300e-05 -3.998446e-07 -4.563089e-08 -4.292782e-07 7.154945e-05 6.121875e-04 -1.925581e-05 -1.909654e-05
 9020.448669 -2.982098e-05 -3.995446e-07 -4.443342e-08 -4.292269e-07 6.853898e-05 6.062356e-04 -1.779991e-05 -1.737349e-05
 9021.289457 -2.984154e-05 -4.009327e-07 -4.325691e-08 -4.294733e-07 6.235944e-05 6.178015e-04 -1.763990e-05 -9.604287e-06
 9022.158106 -2.982373e-05 -4.005489e-07 -4.235950e-08 -4.294798e-07 6.589208e-05 6.170754e-04 -1.853245e-05 -7.046463e-06
 9023.054614 -2.980323e-05 -4.001254e-07 -4.160060e-08 -4.296939e-07 6.234485e-05 6.200127e-04 -1.612399e-05 -9.587691e-06
 9023.978983 -2.980595e-05 -4.009864e-07 -4.125798e-08 -4.297004e-07 5.963084e-05 6.212996e-04 -1.938456e-05 -8.651452e-06
 9024.931213 -2.979273e-05 -4.011531e-07 -4.082091e-08 -4.294244e-07 5.530414e-05 6.134079e-04 -1.929051e-05 -9.522740e-06
 9025.911303 -2.977378e-05 -4.012923e-07 -4.109925e-08 -4.292918e-07 5.154670e-05 6.327730e-04 -2.358874e-05 -1.468212e-05
 9026.919253 -2.977390e-05 -4.024083e-07 -4.210832e-08 -4.288417e-07 5.405843e-05 6.360702e-04 -1.744151e-05 -2.326984e-06
 9027.955064 -2.975090e-05 -4.025713e-07 -4.339252e-08 -4.280063e-07 5.643030e-05 6.306285e-04 -1.562958e-05 -1.543034e-05
 9029.018734 -2.973656e-05 -4.031454e-07 -4.486022e-08 -4.272778e-07 5.890663e-05 6.200725e-04 -2.565095e-05 -2.600316e-05
 9030.110266 -2.969413e-05 -4.023035e-07 -4.589218e-08 -4.267893e-07 5.444935e-05 6.160989e-04 -2.730765e-05 -2.197090e-05
 9031.232723 -2.967846e-05 -4.026275e-07 -4.741396e-08 -4.264368e-07 5.221736e-05 6.061295e-04 -2.054096e-05 -1.096859e-05
 9032.367373 -2.961308e-05 -4.011070e-07 -4.864299e-08 -4.259268e-07 5.858451e-05 6.066671e-04 -2.392601e-05 -1.985869e-05
 9033.514214 -2.963753e-05 -4.030998e-07 -4.969932e-08 -4.262216e-07 5.578532e-05 6.299864e-04 -1.083236e-05 -2.406385e-05
 9034.673248 -2.960161e-05 -4.021133e-07 -4.996371e-08 -4.264873e-07 5.700108e-05 6.303059e-04 -1.486421e-05 -2.317054e-05
 9035.844473 -2.953492e-05 -4.003723e-07 -4.966367e-08 -4.267418e-07 6.291735e-05 6.371303e-04 -4.429485e-06 -1.717176e-05
 9037.027890 -2.951416e-05 -4.002444e-07 -4.958980e-08 -4.270078e-07 6.201506e-05 6.428044e-04 -4.363423e-06 -1.818081e-05
 9038.223499 -2.955026e-05 -4.025734e-07 -4.983661e-08 -4.280790e-07 5.932045e-05 6.452656e-04 -1.757781e-05 -2.193999e-05
 9039.431300 -2.953576e-05 -4.026984e-07 -4.954378e-08 -4.289517e-07 6.405374e-05 6.201895e-04 -2.273037e-05 -7.676421e-07
 9040.651293 -2.951999e-05 -4.032952e-07 -4.919164e-08 -4.297605e-07 6.489240e-05 6.081982e-04 -2.250465e-05 3.034042e-05
 9041.883478 -2.948354e-05 -4.026250e-07 -4.899497e-08 -4.302263e-07 6.587913e-05 6.173972e-04 -2.255445e-05 3.470919e-05
 9043.127855 -2.947331e-05 -4.032160e-07 -4.887282e-08 -4.308139e-07 7.120807e-05 6.158813e-04 -2.733020e-05 2.620474e-05
 9044.384423 -2.945639e-05 -4.040243e-07 -4.894297e-08 -4.314665e-07 7.156410e-05 6.149376e-04 -2.818062e-05 2.989189e-05
 9045.653184 -2.942385e-05 -4.038439e-07 -4.916326e-08 -4.319361e-07 6.949607e-05 6.165995e-04 -1.393638e-05 2.688424e-05
 9046.934136 -2.939701e-05 -4.040375e-07 -4.900780e-08 -4.325360e-07 5.745475e-05 6.458475e-04 -1.080317e-05 2.730027e-05
 9048.227280 -2.936888e-05 -4.033986e-07 -4.844446e-08 -4.327394e-07 5.620228e-05 6.506933e-04 -1.852101e-05 2.173863e-05
 9049.532617 -2.935231e-05 -4.044305e-07 -4.798066e-08 -4.329773e-07 6.526981e-05 6.397713e-04 -7.681608e-06 2.514778e-05
 9050.850145 -2.933874e-05 -4.044464e-07 -4.762959e-08 -4.331497e-07 6.201745e-05 6.385226e-04 -1.436120e-06 2.801408e-05
 9052.179865 -2.926521e-05 -4.024747e-07 -4.722304e-08 -4.331118e-07 6.284901e-05 6.484534e-04 3.328666e-06 2.734905e-05
 9053.521777 -2.919722e-05 -4.001882e-07 -4.672208e-08 -4.329725e-07 7.609240e-05 6.219680e-04 -1.876755e-06 2.726462e-05
 9054.875881 -2.920713e-05 -4.017406e-07 -4.684049e-08 -4.336334e-07 7.348129e-05 6.220543e-04 7.261511e-06 2.561718e-05
 9056.242177 -2.919674e-05 -4.027061e-07 -4.680095e-08 -4.338240e-07 7.104829e-05 6.215874e-04 9.760236e-06 2.226987e-05
 9057.620664 -2.924790e-05 -4.055484e-07 -4.660310e-08 -4.346289e-07 6.739848e-05 6.407065e-04 1.459507e-05 2.084043e-05
 9059.011344 -2.910563e-05 -4.039651e-07 -4.566942e-08 -4.332162e-07 6.688735e-05 6.531764e-04 9.474097e-06 -5.659243e-06
 9060.414215 -2.899966e-05 -4.015852e-07 -4.469795e-08 -4.325236e-07 6.431834e-05 6.396841e-04 -2.210258e-07 1.851788e-07
 9061.829279 -2.913136e-05 -4.038175e-07 -4.433725e-08 -4.351314e-07 6.768716e-05 6.187368e-04 -1.152808e-05 -9.025570e-06
 9063.256534 -2.916020e-05 -4.047196e-07 -4.398338e-08 -4.363760e-07 6.564361e-05 6.179453e-04 -5.737018e-06 -5.687630e-06
 9064.695981 -2.909851e-05 -4.023443e-07 -4.330946e-08 -4.366898e-07 5.553143e-05 6.110833e-04 -1.486662e-05 -2.198738e-06
 9066.147620 -2.904024e-05 -4.009823e-07 -4.276768e-08 -4.365987e-07 5.853138e-05 6.013680e-04 -1.387517e-05 -7.929370e-07
 9067.611452 -2.910399e-05 -4.039210e-07 -4.273976e-08 -4.376199e-07 4.873571e-05 6.117805e-04 2.424444e-06 1.533785e-06
 9069.087475 -2.910292e-05 -4.051022e-07 -4.239721e-08 -4.382087e-07 4.852861e-05 6.110346e-04 3.935026e-06 5.532762e-07
 9070.575689 -2.909754e-05 -4.065356e-07 -4.186028e-08 -4.388916e-07 5.715503e-05 6.330768e-04 1.189404e-05 -5.975866e-06
 9072.076096 -2.908253e-05 -4.067899e-07 -4.168894e-08 -4.390363e-07 5.726120e-05 6.452094e-04 1.489080e-05 -7.311817e-06
 9073.588695 -2.904962e-05 -4.061956e-07 -4.185038e-08 -4.390869e-07 5.224948e-05 6.429940e-04 6.131835e-06 -1.301043e-05
 9075.113485 -2.900145e-05 -4.046254e-07 -4.231494e-08 -4.388093e-07 5.124038e-05 6.516556e-04 6.024314e-07 -1.518423e-05
 9076.650468 -2.900670e-05 -4.059924e-07 -4.345403e-08 -4.386479e-07 5.608662e-05 6.478146e-04 -1.795517e-06 -5.954465e-06
 9078.199642 -2.899519e-05 -4.068927e-07 -4.470767e-08 -4.384176e-07 5.847899e-05 6.194700e-04 3.643048e-06 -9.368532e-06
 9079.761009 -2.898953e-05 -4.072651e-07 -4.603834e-08 -4.385556e-07 5.454934e-05 6.239807e-04 9.138877e-06 -9.987079e-06
 9081.334567 -2.892641e-05 -4.061684e-07 -4.696741e-08 -4.379351e-07 5.752473e-05 5.944730e-04 6.707312e-06 -7.163174e-06
 9082.920317 -2.884776e-05 -4.053874e-07 -4.784162e-08 -4.369098e-07 5.869497e-05 6.044055e-04 4.360377e-06 2.914876e-06
 9084.518259 -2.883450e-05 -4.063182e-07 -4.878568e-08 -4.365165e-07 5.803711e-05 6.147705e-04 1.489028e-05 9.913677e-07
 9086.128393 -2.882920e-05 -4.076227e-07 -4.938667e-08 -4.364962e-07 6.595206e-05 6.078497e-04 -2.184884e-06 -2.584978e-06
 9087.750719 -2.885020e-05 -4.090508e-07 -4.988454e-08 -4.370617e-07 6.582856e-05 6.198856e-04 8.651074e-07 -1.321500e-06
 9089.385237 -2.886953e-05 -4.099731e-07 -5.073587e-08 -4.372867e-07 5.998543e-05 6.221301e-04 7.224902e-06 -3.972540e-06
 9091.031946 -2.883898e-05 -4.095782e-07 -5.145849e-08 -4.370029e-07 6.089819e-05 6.234574e-04 -6.874360e-07 -7.151766e-06
 9092.690848 -2.875773e-05 -4.076639e-07 -5.213760e-08 -4.362515e-07 6.483513e-05 6.236811e-04 -1.000988e-06 -1.887822e-06
 9094.361942 -2.879453e-05 -4.100632e-07 -5.360738e-08 -4.362993e-07 6.181634e-05 6.151947e-04 6.267771e-06 1.409050e-05
 9096.045227 -2.879886e-05 -4.117132e-07 -5.485765e-08 -4.364019e-07 6.017299e-05 6.066685e-04 5.734991e-06 1.477703e-05
 9097.740704 -2.879748e-05 -4.128940e-07 -5.550046e-08 -4.362144e-07 6.429167e-05 6.117946e-04 -8.329457e-06 8.593171e-06
 9099.448374 -2.877735e-05 -4.125408e-07 -5.517317e-08 -4.362024e-07 7.117639e-05 6.170876e-04 2.583475e-06 9.081786e-06
 9101.168235 -2.873008e-05 -4.116178e-07 -5.423408e-08 -4.361674e-07 6.513832e-05 6.112273e-04 -4.745852e-06 2.778746e-06
 9102.900288 -2.871590e-05 -4.121127e-07 -5.307479e-08 -4.368974e-07 6.259867e-05 6.011356e-04 4.215663e-06 9.521212e-06
 9104.644533 -2.868806e-05 -4.123888e-07 -5.206929e-08 -4.373725e-07 6.495640e-05 6.136785e-04 5.888389e-06 8.179485e-06
 9106.400970 -2.871555e-05 -4.144283e-07 -5.145294e-08 -4.382392e-07 6.501431e-05 6.241955e-04 6.710273e-06 1.100382e-05
 9108.169598 -2.871003e-05 -4.151787e-07 -5.065497e-08 -4.387980e-07 6.568993e-05 6.375499e-04 5.318834e-06 1.557858e-05
 9109.950419 -2.869203e-05 -4.152032e-07 -5.006561e-08 -4.392985e-07 6.044750e-05 6.314695e-04 -5.740512e-07 1.961693e-06
 9111.743432 -2.869092e-05 -4.156869e-07 -4.955605e-08 -4.401291e-07 6.736583e-05 6.419813e-04 -3.078467e-06 2.716146e-06
 9113.548636 -2.865797e-05 -4.155456e-07 -4.929479e-08 -4.405007e-07 6.253762e-05 6.416169e-04 -1.156856e-05 2.022461e-06
 9115.366032 -2.861888e-05 -4.147697e-07 -4.910119e-08 -4.410843e-07 5.745105e-05 6.362546e-04 -1.361018e-05 -1.099933e-05
 9117.195621 -2.864727e-05 -4.167437e-07 -4.929583e-08 -4.419714e-07 5.772495e-05 6.626772e-04 -2.630280e-05 -6.248889e-06
 9119.037401 -2.859800e-05 -4.158674e-07 -4.905018e-08 -4.421442e-07 5.762888e-05 6.355963e-04 -7.935779e-06 -9.622791e-06
 9120.891373 -2.851211e-05 -4.129665e-07 -4.816789e-08 -4.419845e-07 5.287739e-05 6.128187e-04 3.271300e-07 -1.084739e-05
 9122.757537 -2.849020e-05 -4.131547e-07 -4.746014e-08 -4.427519e-07 6.061246e-05 6.176676e-04 8.456191e-07 -5.824519e-06
 9124.635893 -2.842548e-05 -4.115318e-07 -4.605641e-08 -4.430666e-07 7.250794e-05 6.336292e-04 -7.589055e-06 -1.001095e-05
 9126.526441 -2.835755e-05 -4.106233e-07 -4.452589e-08 -4.432521e-07 7.445970e-05 6.276787e-04 -1.265661e-05 -4.903379e-06
 9128.429181 -2.841164e-05 -4.138854e-07 -4.362619e-08 -4.446192e-07 7.510602e-05 6.329036e-04 -2.086670e-05 -9.965720e-06
 9130.344112 -2.838693e-05 -4.156397e-07 -4.296581e-08 -4.447959e-07 6.849764e-05 6.377051e-04 -8.692504e-06 -1.029436e-05
 9132.271236 -2.850608e-05 -4.196626e-07 -4.334337e-08 -4.470998e-07 6.652582e-05 6.138554e-04 -7.518418e-06 -1.101933e-05
 9134.210552 -2.849652e-05 -4.195188e-07 -4.354536e-08 -4.477787e-07 6.640733e-05 6.154554e-04 1.373005e-06 -9.659659e-06
 9136.162059 -2.847730e-05 -4.206966e-07 -4.418206e-08 -4.476258e-07 7.065071e-05 6.079318e-04 5.396165e-06 -1.074065e-05
 9138.125758 -2.840926e-05 -4.189241e-07 -4.466337e-08 -4.469869e-07 6.998146e-05 6.069924e-04 5.256336e-06 -4.602318e-06
 9140.101649 -2.842519e-05 -4.192321e-07 -4.532319e-08 -4.475887e-07 6.070521e-05 6.243745e-04 4.790994e-06 -6.253005e-06
 9142.089733 -2.846635e-05 -4.215832e-07 -4.689792e-08 -4.482239e-07 6.717644e-05 6.442552e-04 1.785297e-06 -4.373832e-07
 9144.090008 -2.846847e-05 -4.239891e-07 -4.872842e-08 -4.483248e-07 7.366566e-05 6.414353e-04 -5.437593e-06 -7.326692e-06
 9146.102475 -2.843071e-05 -4.233420e-07 -5.015286e-08 -4.477953e-07 7.211931e-05 6.123839e-04 3.900900e-06 -4.856808e-06
 9148.127133 -2.840314e-05 -4.240244e-07 -5.202411e-08 -4.473494e-07 6.871536e-05 6.077747e-04 7.465824e-06 5.542309e-06
 9150.163984 -2.840881e-05 -4.251015e-07 -5.375348e-08 -4.476055e-07 6.844904e-05 6.141733e-04 1.061022e-05 2.765857e-06
 9152.213027 -2.836556e-05 -4.255055e-07 -5.582636e-08 -4.471434e-07 6.928104e-05 6.173069e-04 5.573174e-06 4.048873e-06
 9154.274261 -2.805038e-05 -4.196719e-07 -5.678421e-08 -4.432326e-07 6.626466e-05 6.107073e-04 6.377752e-07 3.508015e-06
 9156.347688 -2.776121e-05 -4.136761e-07 -5.717986e-08 -4.396777e-07 6.573277e-05 5.956169e-04 6.358990e-07 -2.781772e-06
 9158.433306 -2.825913e-05 -4.235580e-07 -5.927946e-08 -4.471683e-07 6.993304e-05 5.695230e-04 3.361949e-06 3.813215e-06
 9160.531117 -2.837317e-05 -4.287451e-07 -5.987439e-08 -4.492313e-07 7.056380e-05 5.620954e-04 2.446659e-06 1.073153e-06
 9162.641119 -2.836299e-05 -4.291228e-07 -5.902741e-08 -4.497559e-07 6.702670e-05 5.807239e-04 1.274444e-05 -8.847282e-06
 9164.763313 -2.830134e-05 -4.273547e-07 -5.759427e-08 -4.499677e-07 6.780168e-05 6.072352e-04 1.219441e-05 -6.729103e-06
 9166.897699 -2.819795e-05 -4.251027e-07 -5.562957e-08 -4.498223e-07 7.491305e-05 5.837967e-04 2.084472e-05 1.409315e-06
 9169.044277 -2.793993e-05 -4.210055e-07 -5.354814e-08 -4.473480e-07 8.070838e-05 5.897054e-04 2.189449e-05 1.125397e-05
 9171.203047 -2.788128e-05 -4.210045e-07 -5.226195e-08 -4.467827e-07 7.995567e-05 6.002516e-04 2.172772e-05 3.142598e-06
 9173.374008 -2.824329e-05 -4.308735e-07 -5.262418e-08 -4.528597e-07 7.155248e-05 5.809830e-04 6.773573e-06 1.582260e-06
 9175.557162 -2.837306e-05 -4.346472e-07 -5.292542e-08 -4.551301e-07 6.375548e-05 5.643474e-04 3.494570e-06 6.308109e-06
 9177.752508 -2.836945e-05 -4.350144e-07 -5.306172e-08 -4.558494e-07 6.359859e-05 6.035184e-04 1.053268e-05 9.205899e-06
 9179.960045 -2.836862e-05 -4.359247e-07 -5.336864e-08 -4.564522e-07 5.713272e-05 6.175646e-04 1.451983e-05 4.645965e-06
 9182.179775 -2.835145e-05 -4.356293e-07 -5.375643e-08 -4.567378e-07 5.512197e-05 6.110172e-04 1.637130e-05 6.181805e-06
 9184.411696 -2.835812e-05 -4.369312e-07 -5.421070e-08 -4.573678e-07 5.130240e-05 6.487774e-04 1.527904e-05 8.206263e-06
 9186.655809 -2.834201e-05 -4.368850e-07 -5.444102e-08 -4.576363e-07 5.570157e-05 6.686481e-04 1.348035e-05 1.119365e-05
 9188.912114 -2.833091e-05 -4.377769e-07 -5.461380e-08 -4.582060e-07 5.920116e-05 6.254931e-04 1.535206e-05 1.465452e-06
 9191.180611 -2.832714e-05 -4.382575e-07 -5.473467e-08 -4.588588e-07 6.124438e-05 6.015285e-04 1.360941e-05 -6.965893e-06
 9193.461300 -2.832833e-05 -4.391678e-07 -5.497676e-08 -4.593418e-07 5.365043e-05 5.947876e-04 8.449188e-06 -8.956445e-06
 9195.754181 -2.831751e-05 -4.395838e-07 -5.491563e-08 -4.599909e-07 5.283134e-05 5.866436e-04 1.834393e-06 1.016873e-05
 9198.059254 -2.832974e-05 -4.413182e-07 -5.511972e-08 -4.610228e-07 6.199955e-05 5.860070e-04 7.139994e-06 2.210602e-05
 9200.376518 -2.834791e-05 -4.421129e-07 -5.456218e-08 -4.620170e-07 5.778501e-05 5.955442e-04 -2.357116e-06 1.075367e-05
 9202.705975 -2.834683e-05 -4.426912e-07 -5.371137e-08 -4.627161e-07 5.811385e-05 5.992681e-04 -1.056871e-06 1.650249e-05
 9205.047623 -2.833431e-05 -4.423470e-07 -5.259998e-08 -4.636118e-07 5.395418e-05 5.923893e-04 5.995455e-08 1.179170e-05
 9207.401464 -2.833298e-05 -4.430806e-07 -5.199044e-08 -4.648498e-07 5.376831e-05 5.912594e-04 -9.133893e-06 5.384100e-06
 9209.767496 -2.833698e-05 -4.441169e-07 -5.208043e-08 -4.655237e-07 5.353007e-05 5.863525e-04 -9.979534e-06 1.749254e-05
 9212.145720 -2.837397e-05 -4.467660e-07 -5.268128e-08 -4.666152e-07 5.782621e-05 5.877042e-04 -5.352482e-06 1.805791e-05
 9214.536136 -2.840835e-05 -4.491583e-07 -5.293871e-08 -4.674784e-07 6.285807e-05 6.052600e-04 -2.275995e-06 1.154339e-05
 9216.938744 -2.837771e-05 -4.491991e-07 -5.338530e-08 -4.677524e-07 5.082430e-05 6.085691e-04 -8.770941e-06 3.628859e-06
 9219.353544 -2.837298e-05 -4.497956e-07 -5.389454e-08 -4.681408e-07 5.152624e-05 6.147489e-04 -1.623605e-05 8.836157e-06
 9221.780536 -2.842426e-05 -4.534527e-07 -5.530988e-08 -4.693516e-07 5.951508e-05 5.916610e-04 -1.813140e-05 1.118043e-05
 9224.219720 -2.846837e-05 -4.559395e-07 -5.675201e-08 -4.705693e-07 5.261390e-05 5.917213e-04 -1.686893e-05 6.766030e-06
 9226.671096 -2.847266e-05 -4.571167e-07 -5.819491e-08 -4.712319e-07 4.974490e-05 5.873064e-04 -1.079727e-05 9.032562e-06
 9229.134663 -2.847485e-05 -4.582080e-07 -5.970257e-08 -4.719831e-07 5.264374e-05 6.061537e-04 -1.489267e-05 1.436155e-05
 9231.610423 -2.845241e-05 -4.575033e-07 -6.084140e-08 -4.724340e-07 5.498981e-05 6.149112e-04 2.758196e-06 1.669015e-05
 9234.098374 -2.846707e-05 -4.588015e-07 -6.216098e-08 -4.729877e-07 6.248462e-05 6.287578e-04 -3.625836e-06 1.168054e-05
 9236.598517 -2.852173e-05 -4.611268e-07 -6.317844e-08 -4.745452e-07 6.200993e-05 6.229416e-04 -1.172470e-05 1.052382e-05
 9239.110852 -2.856344e-05 -4.636093e-07 -6.380463e-08 -4.758726e-07 5.619102e-05 6.314503e-04 -2.743711e-05 8.443807e-06
 9241.635380 -2.859154e-05 -4.653684e-07 -6.388736e-08 -4.769157e-07 6.326687e-05 6.198952e-04 -1.214357e-05 1.580606e-05
 9244.172099 -2.857918e-05 -4.647494e-07 -6.345075e-08 -4.774579e-07 5.900831e-05 6.214889e-04 -1.032555e-05 1.355087e-05
 9246.721009 -2.857131e-05 -4.651065e-07 -6.336058e-08 -4.783207e-07 5.919492e-05 6.222733e-04 -9.110178e-06 5.619450e-06
 9249.282112 -2.851467e-05 -4.639948e-07 -6.305375e-08 -4.786059e-07 6.160700e-05 5.967382e-04 -3.865560e-06 6.699636e-06
 9251.855407 -2.853276e-05 -4.641545e-07 -6.310822e-08 -4.797298e-07 5.726839e-05 5.954433e-04 -3.393834e-06 4.836671e-06
 9254.440894 -2.858599e-05 -4.673869e-07 -6.338461e-08 -4.812474e-07 6.073987e-05 5.951504e-04 -7.627575e-06 8.597405e-06
 9257.038572 -2.857704e-05 -4.674811e-07 -6.333962e-08 -4.823156e-07 6.323570e-05 6.011222e-04 6.765106e-06 5.046546e-06
 9259.648443 -2.857776e-05 -4.683599e-07 -6.351841e-08 -4.834718e-07 6.584944e-05 5.865205e-04 6.593883e-06 1.228213e-05
 9262.270505 -2.854071e-05 -4.683949e-07 -6.328673e-08 -4.840402e-07 6.776838e-05 5.699462e-04 -1.551921e-06 1.940541e-05
 9264.904759 -2.849342e-05 -4.678765e-07 -6.268153e-08 -4.848796e-07 6.152241e-05 5.735569e-04 -8.197358e-06 1.380070e-05
 9267.551205 -2.854452e-05 -4.699961e-07 -6.233333e-08 -4.861714e-07 5.116238e-05 5.844226e-04 -5.563170e-06 2.145699e-05
 9270.209844 -2.867561e-05 -4.746668e-07 -6.263805e-08 -4.886300e-07 4.300072e-05 5.903068e-04 3.995444e-06 1.698247e-05
 9272.880674 -2.871755e-05 -4.768374e-07 -6.283600e-08 -4.899757e-07 4.809768e-05 6.194918e-04 -1.359681e-06 1.588681e-05
 9275.563696 -2.876797e-05 -4.792092e-07 -6.299006e-08 -4.914329e-07 5.522932e-05 6.326633e-04 -9.287967e-06 5.917771e-06
 9278.258909 -2.878327e-05 -4.800074e-07 -6.310862e-08 -4.926040e-07 5.291411e-05 5.787763e-04 -6.940620e-07 1.152117e-05
 9280.966315 -2.878504e-05 -4.811041e-07 -6.328662e-08 -4.936658e-07 5.450829e-05 5.666202e-04 3.669510e-06 1.049948e-05
 9283.685913 -2.879808e-05 -4.819736e-07 -6.354434e-08 -4.949632e-07 5.500446e-05 5.763075e-04 2.866211e-06 1.464386e-05
 9286.417702 -2.885168e-05 -4.851676e-07 -6.408103e-08 -4.968277e-07 5.801509e-05 5.808696e-04 1.796533e-06 7.374936e-06
 9289.161684 -2.879497e-05 -4.858707e-07 -6.400641e-08 -4.964542e-07 6.648746e-05 5.779744e-04 3.758230e-06 -1.109181e-06
 9291.917857 -2.888011e-05 -4.882320e-07 -6.392046e-08 -4.988128e-07 7.139285e-05 5.869359e-04 3.114405e-06 1.168541e-05
 9294.686222 -2.896640e-05 -4.917157e-07 -6.440835e-08 -5.011233e-07 6.409965e-05 5.769246e-04 -1.979631e-06 5.063105e-06
 9297.466780 -2.895246e-05 -4.935797e-07 -6.453609e-08 -5.013127e-07 6.562662e-05 5.756871e-04 4.421735e-06 9.450049e-07
 9300.259529 -2.889672e-05 -4.945599e-07 -6.490705e-08 -5.011629e-07 5.724347e-05 5.955160e-04 1.558171e-06 -5.522889e-06
 9303.064470 -2.909667e-05 -4.985004e-07 -6.586232e-08 -5.055450e-07 5.031317e-05 5.990601e-04 -3.266455e-06 -5.136404e-06
 9305.881602 -2.910864e-05 -5.000748e-07 -6.671372e-08 -5.064496e-07 5.777785e-05 5.945375e-04 3.626621e-06 2.480644e-06
 9308.710927 -2.907460e-05 -5.006578e-07 -6.753434e-08 -5.064850e-07 6.146504e-05 5.940969e-04 5.632526e-06 -9.190151e-06
 9311.552444 -2.913231e-05 -5.030652e-07 -6.847995e-08 -5.083616e-07 4.887175e-05 5.876557e-04 -3.130378e-06 -8.550357e-06
 9314.406153 -2.919960e-05 -5.056030e-07 -6.931867e-08 -5.099706e-07 5.529988e-05 5.642721e-04 6.332247e-06 -4.197472e-06
 9317.272053 -2.925031e-05 -5.077716e-07 -6.993547e-08 -5.115325e-07 5.593554e-05 5.863647e-04 -4.894576e-06 -1.217373e-05
 9320.150146 -2.928265e-05 -5.098188e-07 -7.068008e-08 -5.127976e-07 5.639935e-05 6.047443e-04 -6.663119e-06 -1.185377e-05
 9323.040430 -2.929925e-05 -5.125155e-07 -7.128710e-08 -5.139701e-07 5.658136e-05 6.191175e-04 -6.348754e-07 -1.056426e-05
 9325.942906 -2.921417e-05 -5.131973e-07 -7.144427e-08 -5.133266e-07 6.431958e-05 6.122365e-04 2.924738e-07 -2.853664e-06
 9328.857574 -2.940012e-05 -5.171711e-07 -7.209480e-08 -5.176793e-07 7.516031e-05 6.037061e-04 -6.647574e-06 -9.352496e-06
 9331.784435 -2.941203e-05 -5.183612e-07 -7.280883e-08 -5.186291e-07 7.128712e-05 6.085448e-04 -9.089242e-06 -1.166513e-05
 9334.723487 -2.945525e-05 -5.202929e-07 -7.381259e-08 -5.201116e-07 5.858260e-05 5.758982e-04 2.717155e-06 2.338675e-06
 9337.674730 -2.955903e-05 -5.250584e-07 -7.487987e-08 -5.222937e-07 5.243245e-05 5.507675e-04 -1.648056e-07 7.628486e-07
 9340.638166 -2.958889e-05 -5.265689e-07 -7.555637e-08 -5.239589e-07 5.492549e-05 5.498811e-04 -7.414787e-06 3.463093e-06
 9343.613794 -2.960244e-05 -5.281835e-07 -7.598453e-08 -5.253328e-07 6.383252e-05 5.400823e-04 2.528134e-06 9.297152e-06
 9346.601614 -2.962657e-05 -5.297608e-07 -7.638184e-08 -5.265836e-07 5.916396e-05 5.525576e-04 -3.415024e-06 2.965422e-06
 9349.601625 -2.973452e-05 -5.342892e-07 -7.691282e-08 -5.292264e-07 6.350468e-05 5.346312e-04 -3.894810e-06 -1.086547e-05
 9352.613829 -2.976351e-05 -5.360494e-07 -7.723261e-08 -5.307525e-07 6.748484e-05 5.380943e-04 -2.905585e-06 1.142340e-06
 9355.638224 -2.978625e-05 -5.380578e-07 -7.779738e-08 -5.322084e-07 6.706406e-05 5.305869e-04 7.953618e-06 1.473163e-05
 9358.674811 -2.979902e-05 -5.389827e-07 -7.784281e-08 -5.337278e-07 6.476651e-05 5.336195e-04 9.767140e-06 1.494342e-05
 9361.723590 -2.985796e-05 -5.421411e-07 -7.782890e-08 -5.356868e-07 6.776457e-05 5.328921e-04 4.274403e-06 1.168763e-05
 9364.784561 -2.988086e-05 -5.440777e-07 -7.795175e-08 -5.372241e-07 6.896747e-05 5.438132e-04 2.449997e-06 -1.993540e-06
 9367.857724 -2.989705e-05 -5.453855e-07 -7.802591e-08 -5.383374e-07 7.438447e-05 5.587803e-04 4.118321e-06 2.312453e-06
 9370.943079 -2.991269e-05 -5.460591e-07 -7.826817e-08 -5.397630e-07 7.591419e-05 5.758462e-04 -2.086430e-06 2.579696e-06
 9374.040626 -2.994236e-05 -5.482640e-07 -7.854964e-08 -5.413768e-07 7.598133e-05 5.674919e-04 -8.984781e-06 6.031529e-06
 9377.150365 -3.005046e-05 -5.534896e-07 -7.913422e-08 -5.441744e-07 8.031914e-05 5.935129e-04 -1.489941e-05 7.481964e-06
 9380.272295 -3.015041e-05 -5.583386e-07 -7.983269e-08 -5.470681e-07 7.759466e-05 6.153511e-04 -4.596870e-06 3.010138e-06
 9383.406418 -3.019240e-05 -5.609103e-07 -8.017564e-08 -5.485602e-07 6.640982e-05 6.055303e-04 -6.843134e-06 -1.516937e-06
 9386.552732 -3.019644e-05 -5.621103e-07 -8.040460e-08 -5.496506e-07 6.846321e-05 6.186870e-04 8.227658e-06 9.841102e-06
 9389.711239 -3.019211e-05 -5.623548e-07 -8.043097e-08 -5.507880e-07 7.616962e-05 6.179932e-04 8.194681e-06 1.430600e-05
 9392.881937 -3.024869e-05 -5.651859e-07 -8.076066e-08 -5.526788e-07 7.177852e-05 6.054875e-04 -3.282940e-06 5.460821e-06
 9396.064827 -3.038558e-05 -5.715979e-07 -8.199354e-08 -5.557812e-07 6.535073e-05 5.918424e-04 -5.405553e-06 4.817289e-06
 9399.259909 -3.043599e-05 -5.744349e-07 -8.250711e-08 -5.577887e-07 5.490589e-05 5.766418e-04 6.911167e-07 -5.796981e-07
 9402.467183 -3.047904e-05 -5.777401e-07 -8.339211e-08 -5.594681e-07 5.540100e-05 5.872549e-04 -7.072182e-07 -1.046784e-06
 9405.686649 -3.050289e-05 -5.798251e-07 -8.424924e-08 -5.609316e-07 5.679929e-05 5.793314e-04 2.341421e-06 3.097309e-06
 9408.918307 -3.054623e-05 -5.827663e-07 -8.528957e-08 -5.627416e-07 5.339818e-05 5.856516e-04 -3.246367e-07 8.774357e-06
 9412.162157 -3.058816e-05 -5.860747e-07 -8.608132e-08 -5.645151e-07 4.900551e-05 5.588172e-04 -2.126298e-05 1.867890e-06
 9415.418198 -3.060756e-05 -5.882625e-07 -8.673042e-08 -5.660940e-07 4.901825e-05 5.718249e-04 -2.619492e-05 -8.628066e-06
 9418.686432 -3.065613e-05 -5.913726e-07 -8.754380e-08 -5.679370e-07 4.946425e-05 5.774676e-04 -1.067180e-05 -1.860296e-06
 9421.966857 -3.058971e-05 -5.925952e-07 -8.800796e-08 -5.677856e-07 5.157096e-05 5.622980e-04 -1.170802e-05 4.148512e-06
 9425.259474 -3.068650e-05 -5.960631e-07 -8.882184e-08 -5.704343e-07 5.763176e-05 5.842042e-04 -1.986700e-05 1.838020e-05
 9428.564284 -3.085043e-05 -6.009910e-07 -8.963687e-08 -5.743677e-07 4.855358e-05 5.906842e-04 -8.834234e-06 1.514656e-05
 9431.881285 -3.087672e-05 -6.032177e-07 -9.042498e-08 -5.761106e-07 5.174142e-05 5.696632e-04 -8.126266e-07 2.469756e-06
 9435.210478 -3.089738e-05 -6.054951e-07 -9.094611e-08 -5.777266e-07 5.474620e-05 5.841681e-04 -8.151468e-06 -6.356478e-06
 9438.551863 -3.093894e-05 -6.080660e-07 -9.151858e-08 -5.794779e-07 5.547463e-05 5.737976e-04 -1.646121e-05 -2.558653e-06
 9441.905440 -3.097863e-05 -6.101300e-07 -9.196856e-08 -5.814618e-07 5.968982e-05 5.820358e-04 -2.322835e-05 5.218513e-06
 9445.271209 -3.103714e-05 -6.135674e-07 -9.282371e-08 -5.835753e-07 5.248497e-05 5.725836e-04 -2.318365e-05 1.912899e-06
 9448.649169 -3.108483e-05 -6.167426e-07 -9.357221e-08 -5.853913e-07 4.974208e-05 5.630585e-04 -3.733389e-05 4.333694e-06
 9452.039322 -3.112366e-05 -6.199853e-07 -9.435335e-08 -5.871216e-07 5.352251e-05 5.498324e-04 -4.049073e-05 -3.158323e-06
 9455.441666 -3.112559e-05 -6.204555e-07 -9.502560e-08 -5.882256e-07 4.802656e-05 5.602456e-04 -2.355969e-05 -4.813902e-06
 9458.856203 -3.110620e-05 -6.216520e-07 -9.566916e-08 -5.892765e-07 5.078852e-05 5.633473e-04 -1.905743e-05 -5.514907e-06
 9462.282931 -3.102491e-05 -6.199806e-07 -9.562043e-08 -5.890876e-07 5.626269e-05 5.830625e-04 -1.821564e-05 -1.515352e-05
 9465.721851 -3.116865e-05 -6.276377e-07 -9.699073e-08 -5.926479e-07 5.973602e-05 5.569514e-04 -1.357130e-05 -1.163019e-05
 9469.172964 -3.129510e-05 -6.337351e-07 -9.817947e-08 -5.956975e-07 5.691999e-05 5.376288e-04 -5.607256e-06 -5.152657e-06
 9472.636268 -3.134995e-05 -6.372587e-07 -9.890569e-08 -5.975024e-07 5.667930e-05 5.400984e-04 -8.919130e-06 -6.644537e-06
 9476.111764 -3.140436e-05 -6.413127e-07 -9.962591e-08 -5.998917e-07 5.266451e-05 5.256733e-04 -1.503784e-05 -2.830383e-06
 9479.599451 -3.143834e-05 -6.445522e-07 -1.001674e-07 -6.018627e-07 5.509873e-05 5.294248e-04 -2.006461e-05 -4.353727e-06
 9483.099331 -3.151464e-05 -6.490916e-07 -1.007410e-07 -6.044013e-07 6.461202e-05 5.230825e-04 -1.891443e-05 -1.030589e-05
 9486.611403 -3.155357e-05 -6.513118e-07 -1.010367e-07 -6.063647e-07 6.234225e-05 5.141282e-04 -2.027045e-05 -3.596505e-06
 9490.135666 -3.158930e-05 -6.539318e-07 -1.012979e-07 -6.079962e-07 5.314693e-05 5.139099e-04 -7.063344e-06 -7.128789e-06
 9493.672122 -3.156008e-05 -6.542937e-07 -1.016019e-07 -6.090128e-07 5.480053e-05 5.026859e-04 7.460948e-06 -1.092332e-05
 9497.220769 -3.152579e-05 -6.545347e-07 -1.017984e-07 -6.100143e-07 5.705348e-05 4.996558e-04 4.947053e-06 -1.034312e-05
 9500.781609 -3.150981e-05 -6.570323e-07 -1.022960e-07 -6.108289e-07 6.151987e-05 5.367353e-04 -5.614953e-06 -9.377856e-06
 9504.354640 -3.153284e-05 -6.608811e-07 -1.028682e-07 -6.125772e-07 5.698538e-05 5.418860e-04 -5.787957e-06 -3.612328e-06
 9507.939863 -3.174198e-05 -6.673165e-07 -1.037228e-07 -6.175408e-07 5.095144e-05 5.423783e-04 -7.603868e-06 -2.053478e-06
 9511.537278 -3.174525e-05 -6.686471e-07 -1.039437e-07 -6.193307e-07 4.751218e-05 5.540934e-04 -1.050472e-05 5.588535e-06
 9515.146885 -3.171088e-05 -6.686783e-07 -1.039966e-07 -6.204671e-07 5.087654e-05 5.589329e-04 -2.249438e-05 7.366387e-06
 9518.768684 -3.181454e-05 -6.750309e-07 -1.055180e-07 -6.234404e-07 5.648655e-05 5.618429e-04 -2.273437e-05 1.583378e-05
 9522.402675 -3.189089e-05 -6.801394e-07 -1.070604e-07 -6.258331e-07 5.859891e-05 5.623493e-04 -1.860091e-05 1.279320e-05
 9526.048857 -3.187559e-05 -6.812655e-07 -1.077846e-07 -6.268296e-07 6.065051e-05 5.838808e-04 -1.887996e-05 -6.700399e-06
 9529.707232 -3.186812e-05 -6.834268e-07 -1.088038e-07 -6.279544e-07 6.284599e-05 5.885054e-04 -4.462898e-06 -8.600850e-06
 9533.377799 -3.197501e-05 -6.898286e-07 -1.102877e-07 -6.306845e-07 5.888653e-05 5.918340e-04 -9.384776e-06 -6.680416e-06
 9537.060557 -3.193051e-05 -6.906432e-07 -1.104910e-07 -6.307829e-07 5.263062e-05 5.950227e-04 -1.322576e-05 -2.322938e-06
 9540.755507 -3.176840e-05 -6.885733e-07 -1.103842e-07 -6.291197e-07 4.918156e-05 6.140511e-04 -1.608858e-05 1.381744e-05
 9544.462650 -3.209010e-05 -6.993186e-07 -1.122992e-07 -6.365406e-07 5.387119e-05 5.944182e-04 -1.982444e-05 1.106463e-05
 9548.181984 -3.214032e-05 -7.026133e-07 -1.130182e-07 -6.385084e-07 5.188566e-05 5.736564e-04 -1.494550e-05 1.195456e-05
 9551.913510 -3.215860e-05 -7.042102e-07 -1.136198e-07 -6.396611e-07 5.018446e-05 5.851723e-04 -2.004664e-05 7.939651e-06
 9555.657228 -3.211967e-05 -7.046663e-07 -1.140593e-07 -6.408063e-07 4.966546e-05 5.989884e-04 -1.676565e-05 3.285474e-06
 9559.413138 -3.213990e-05 -7.075062e-07 -1.147224e-07 -6.432372e-07 4.731367e-05 6.145069e-04 -1.524814e-05 -2.551073e-07
 9563.181239 -3.215185e-05 -7.096457e-07 -1.153282e-07 -6.449749e-07 4.764775e-05 6.271005e-04 5.446491e-06 9.245315e-06
 9566.961533 -3.217978e-05 -7.115072e-07 -1.159588e-07 -6.466030e-07 5.944822e-05 6.095828e-04 7.672430e-07 8.325666e-06
 9570.754019 -3.224155e-05 -7.169412e-07 -1.169491e-07 -6.487211e-07 5.338710e-05 5.993860e-04 -4.747807e-06 1.067858e-05
 9574.558696 -3.216304e-05 -7.150904e-07 -1.168182e-07 -6.491425e-07 5.687297e-05 5.936604e-04 -1.589742e-05 1.224762e-05
 9578.375565 -3.223659e-05 -7.200382e-07 -1.180594e-07 -6.517757e-07 7.106581e-05 5.898647e-04 -1.870004e-05 1.454881e-05
 9582.204627 -3.238245e-05 -7.290135e-07 -1.199416e-07 -6.555476e-07 6.709310e-05 5.932567e-04 -1.500205e-05 1.882765e-05
 9586.045880 -3.232822e-05 -7.287472e-07 -1.203085e-07 -6.562426e-07 6.312734e-05 5.999272e-04 -1.501566e-05 1.677681e-05
 9589.899325 -3.234336e-05 -7.318121e-07 -1.212738e-07 -6.579953e-07 5.902683e-05 5.836385e-04 -2.213122e-05 1.731709e-05
 9593.764962 -3.239757e-05 -7.362279e-07 -1.220862e-07 -6.605468e-07 5.576781e-05 5.906943e-04 -2.896283e-05 1.415874e-05
 9597.642791 -3.244768e-05 -7.408523e-07 -1.229629e-07 -6.629352e-07 6.238454e-05 5.941306e-04 -1.801599e-05 9.729233e-06
 9601.532812 -3.249876e-05 -7.450169e-07 -1.239757e-07 -6.653690e-07 7.240523e-05 5.929552e-04 -1.297988e-05 1.929492e-05
 9605.435025 -3.252810e-05 -7.484520e-07 -1.246573e-07 -6.670664e-07 8.018475e-05 5.901201e-04 -8.204641e-06 1.352366e-05
 9609.349429 -3.256966e-05 -7.522243e-07 -1.254372e-07 -6.693442e-07 7.289062e-05 5.945429e-04 -4.937750e-06 9.362877e-06
 9613.276026 -3.257523e-05 -7.539138e-07 -1.260078e-07 -6.709355e-07 7.237738e-05 6.103867e-04 -2.007189e-05 9.501942e-06
 9617.214814 -3.253223e-05 -7.545338e-07 -1.262821e-07 -6.717651e-07 8.124612e-05 6.052588e-04 -1.477238e-05 1.835210e-05
 9621.165795 -3.253472e-05 -7.569786e-07 -1.268759e-07 -6.733701e-07 7.484770e-05 6.175627e-04 -1.663889e-05 1.297706e-05
 9625.128967 -3.257536e-05 -7.617934e-07 -1.277953e-07 -6.754030e-07 7.016984e-05 6.127788e-04 -1.219311e-05 6.234226e-07
 9629.104331 -3.253872e-05 -7.624907e-07 -1.279344e-07 -6.759207e-07 6.564743e-05 6.184418e-04 -2.493879e-06 -8.048406e-06
 9633.091888 -3.259850e-05 -7.684803e-07 -1.291862e-07 -6.783811e-07 7.054118e-05 6.180908e-04 -1.086286e-05 4.849651e-06
 9637.091636 -3.262170e-05 -7.706299e-07 -1.300389e-07 -6.805755e-07 7.017363e-05 6.116135e-04 -1.536580e-05 1.377276e-05
 9641.103575 -3.259639e-05 -7.718606e-07 -1.304438e-07 -6.817366e-07 6.845448e-05 6.042246e-04 -1.294789e-05 1.047510e-05
 9645.127707 -3.264255e-05 -7.771480e-07 -1.318547e-07 -6.838479e-07 6.544018e-05 6.004282e-04 -1.205898e-05 1.286598e-05
 9649.164031 -3.269449e-05 -7.820932e-07 -1.330235e-07 -6.865401e-07 7.597756e-05 5.938531e-04 -1.218964e-05 1.841644e-05
 9653.212547 -3.269128e-05 -7.841293e-07 -1.335441e-07 -6.883423e-07 7.483019e-05 5.977156e-04 -1.484989e-05 1.664613e-05
 9657.273254 -3.267958e-05 -7.859580e-07 -1.343653e-07 -6.902542e-07 6.848421e-05 5.969361e-04 -1.479638e-05 1.725266e-05
 9661.346154 -3.262253e-05 -7.869396e-07 -1.347678e-07 -6.909952e-07 6.872689e-05 5.811366e-04 -5.557068e-06 1.865045e-05
 9665.431245 -3.256925e-05 -7.885107e-07 -1.353849e-07 -6.913389e-07 7.398441e-05 5.944711e-04 -1.300647e-05 2.372824e-05
 9669.528529 -3.270148e-05 -7.955362e-07 -1.370342e-07 -6.952420e-07 7.083135e-05 5.989369e-04 -1.926530e-05 1.502833e-05
 9673.638004 -3.269744e-05 -7.981719e-07 -1.377772e-07 -6.969369e-07 7.552282e-05 5.889124e-04 -1.834652e-05 1.554628e-05
 9677.759671 -3.269154e-05 -8.011185e-07 -1.387209e-07 -6.986642e-07 7.772760e-05 5.798581e-04 -1.227624e-05 9.470986e-06
 9681.893530 -3.272149e-05 -8.049260e-07 -1.396229e-07 -7.004457e-07 6.550846e-05 5.738164e-04 -1.930274e-05 5.722684e-06
 9686.039581 -3.275661e-05 -8.085048e-07 -1.406329e-07 -7.022021e-07 6.561534e-05 5.841503e-04 -2.324370e-05 3.294769e-06
 9690.197824 -3.273144e-05 -8.094795e-07 -1.412573e-07 -7.032789e-07 7.340472e-05 6.001012e-04 -1.541504e-05 6.801546e-06
 9694.368258 -3.272193e-05 -8.115154e-07 -1.418641e-07 -7.045491e-07 7.455863e-05 6.032387e-04 -2.451467e-05 8.887088e-06
 9698.550885 -3.277901e-05 -8.170853e-07 -1.431829e-07 -7.068228e-07 7.987514e-05 5.958291e-04 -2.849412e-05 1.828168e-05
 9702.745704 -3.278374e-05 -8.205673e-07 -1.439532e-07 -7.083352e-07 7.342679e-05 5.962456e-04 -2.265784e-05 2.286791e-05
 9706.952714 -3.274147e-05 -8.215856e-07 -1.447355e-07 -7.092312e-07 7.601537e-05 5.810224e-04 -1.777835e-05 6.228840e-06
 9711.171916 -3.270322e-05 -8.236182e-07 -1.456084e-07 -7.101583e-07 8.766009e-05 5.790411e-04 -1.303574e-05 9.338059e-07
 9715.403311 -3.279141e-05 -8.294380e-07 -1.468735e-07 -7.138794e-07 7.565137e-05 5.777307e-04 -2.254858e-05 -1.145764e-06
 9719.646897 -3.279278e-05 -8.323520e-07 -1.476694e-07 -7.156245e-07 6.624698e-05 5.815615e-04 -2.977098e-05 9.124852e-06
 9723.902675 -3.274290e-05 -8.326182e-07 -1.479693e-07 -7.165084e-07 6.564621e-05 5.896594e-04 -2.574918e-05 5.802870e-06
 9728.170645 -3.273183e-05 -8.355032e-07 -1.490917e-07 -7.177260e-07 6.492812e-05 5.763352e-04 -2.525923e-05 1.432124e-06
 9732.450807 -3.268479e-05 -8.365623e-07 -1.495740e-07 -7.186258e-07 6.603805e-05 5.568118e-04 -1.264786e-05 7.542616e-06
 9736.743161 -3.257404e-05 -8.330651e-07 -1.490794e-07 -7.182741e-07 6.856043e-05 5.406223e-04 -2.194117e-05 1.013614e-05
 9741.047707 -3.263419e-05 -8.395353e-07 -1.504452e-07 -7.209260e-07 6.900998e-05 5.533685e-04 -4.203003e-05 4.762446e-06
 9745.364444 -3.274873e-05 -8.491445e-07 -1.523545e-07 -7.247088e-07 6.879314e-05 5.876741e-04 -3.268590e-05 8.110923e-06
 9749.693374 -3.270894e-05 -8.514383e-07 -1.530483e-07 -7.257215e-07 7.632633e-05 5.811956e-04 -2.994526e-05 9.833136e-06
 9754.034495 -3.273212e-05 -8.566108e-07 -1.542871e-07 -7.278800e-07 6.696457e-05 5.759203e-04 -3.279113e-05 1.085492e-05
 9758.387809 -3.266672e-05 -8.567270e-07 -1.548582e-07 -7.281095e-07 6.740079e-05 5.871072e-04 -2.845066e-05 1.327201e-05
 9762.753314 -3.263107e-05 -8.583353e-07 -1.554278e-07 -7.290629e-07 6.927196e-05 5.962060e-04 -3.253644e-05 1.444643e-05
 9767.131011 -3.268371e-05 -8.648909e-07 -1.568075e-07 -7.317799e-07 7.754022e-05 6.034699e-04 -4.184066e-05 2.291402e-05
 9771.520900 -3.265831e-05 -8.670469e-07 -1.574385e-07 -7.332406e-07 7.412641e-05 5.913834e-04 -4.336356e-05 3.341803e-05
 9775.922981 -3.267413e-05 -8.725297e-07 -1.590126e-07 -7.349473e-07 6.722197e-05 5.914966e-04 -4.022862e-05 2.197786e-05
 9780.337254 -3.254114e-05 -8.725144e-07 -1.596009e-07 -7.340811e-07 6.455002e-05 6.081470e-04 -3.712806e-05 1.631891e-05
 9784.763719 -3.256045e-05 -8.759579e-07 -1.605306e-07 -7.363569e-07 5.594683e-05 6.267568e-04 -3.601213e-05 2.162841e-05
 9789.202376 -3.259127e-05 -8.798181e-07 -1.611173e-07 -7.388274e-07 5.709805e-05 6.255492e-04 -2.361261e-05 2.351799e-05
 9793.653224 -3.247276e-05 -8.805533e-07 -1.615008e-07 -7.375854e-07 5.192642e-05 6.438029e-04 -3.395721e-05 1.633189e-05
 9798.116265 -3.261535e-05 -8.888777e-07 -1.635474e-07 -7.418744e-07 5.415503e-05 6.127926e-04 -3.172752e-05 1.485775e-05
 9802.591497 -3.259230e-05 -8.907611e-07 -1.644553e-07 -7.432204e-07 6.148660e-05 5.884450e-04 -1.549855e-05 1.450893e-05
 9807.078922 -3.259995e-05 -8.937795e-07 -1.652931e-07 -7.449244e-07 6.540976e-05 5.698392e-04 -1.798793e-05 2.477341e-05
 9811.578538 -3.257362e-05 -8.960711e-07 -1.658958e-07 -7.462109e-07 6.367054e-05 5.768284e-04 -3.039552e-05 3.940115e-05
 9816.090346 -3.254566e-05 -8.982770e-07 -1.667120e-07 -7.472546e-07 6.313469e-05 5.726082e-04 -2.069817e-05 1.841280e-05
 9820.614346 -3.250607e-05 -9.003917e-07 -1.677453e-07 -7.482369e-07 6.252203e-05 5.662435e-04 -2.601068e-05 1.198708e-05
 9825.150538 -3.246682e-05 -9.040321e-07 -1.691871e-07 -7.489718e-07 6.433067e-05 5.683044e-04 -3.508727e-05 1.778272e-06
 9829.698922 -3.222559e-05 -9.024103e-07 -1.690497e-07 -7.459015e-07 7.070472e-05 5.886378e-04 -2.930287e-05 6.714758e-06
 9834.259498 -3.227438e-05 -9.060490e-07 -1.696898e-07 -7.491923e-07 7.728651e-05 5.796194e-04 -2.234253e-05 1.121296e-05
 9838.832266 -3.233775e-05 -9.131514e-07 -1.715911e-07 -7.521650e-07 7.150422e-05 5.814843e-04 -1.625909e-05 1.792547e-05
 9843.417226 -3.244053e-05 -9.207623e-07 -1.736878e-07 -7.561119e-07 6.765075e-05 5.863861e-04 -1.201692e-05 1.410800e-05
 9848.014377 -3.243238e-05 -9.243234e-07 -1.746552e-07 -7.578564e-07 6.469501e-05 5.606231e-04 -1.918512e-05 2.052165e-06
 9852.623721 -3.242206e-05 -9.274576e-07 -1.755102e-07 -7.595026e-07 6.619246e-05 5.557069e-04 -1.111544e-05 1.283516e-05
 9857.245256 -3.236748e-05 -9.277201e-07 -1.760962e-07 -7.603278e-07 6.811981e-05 5.745919e-04 -1.468453e-05 1.027209e-05
 9861.878983 -3.228012e-05 -9.267121e-07 -1.765879e-07 -7.605049e-07 5.013606e-05 5.401912e-04 -2.056625e-05 8.158622e-06
 9866.524902 -3.227743e-05 -9.309649e-07 -1.774945e-07 -7.619513e-07 5.396351e-05 5.491414e-04 -4.672153e-06 5.001502e-06
 9871.183013 -3.228983e-05 -9.370265e-07 -1.789752e-07 -7.638012e-07 5.634112e-05 5.489876e-04 -9.087521e-06 2.338822e-06
 9875.853316 -3.225442e-05 -9.400043e-07 -1.801454e-07 -7.645949e-07 6.525929e-05 5.621181e-04 -1.645655e-05 2.265084e-06
 9880.535811 -3.224390e-05 -9.439223e-07 -1.812966e-07 -7.663446e-07 6.693336e-05 5.528801e-04 -2.025166e-05 -3.517852e-07
 9885.230498 -3.220988e-05 -9.457901e-07 -1.820690e-07 -7.674696e-07 7.120712e-05 5.735920e-04 -2.153673e-05 -1.019683e-06
 9889.937377 -3.218115e-05 -9.483479e-07 -1.831360e-07 -7.687953e-07 7.272818e-05 6.345180e-04 -1.948005e-05 4.365532e-06
 9894.656448 -3.217946e-05 -9.526365e-07 -1.842995e-07 -7.707025e-07 6.831027e-05 6.259362e-04 -2.444314e-05 5.023232e-06
 9899.387710 -3.212932e-05 -9.535974e-07 -1.846069e-07 -7.716671e-07 6.847825e-05 6.005525e-04 -2.124077e-05 6.080305e-06
 9904.131165 -3.214522e-05 -9.579108e-07 -1.860388e-07 -7.737431e-07 6.667056e-05 5.916744e-04 -1.172467e-05 -1.591556e-06
 9908.886811 -3.209493e-05 -9.594195e-07 -1.864855e-07 -7.746777e-07 6.762505e-05 5.758400e-04 -2.021719e-05 -8.356936e-06
 9913.654649 -3.201736e-05 -9.595150e-07 -1.869905e-07 -7.749792e-07 5.745341e-05 5.715618e-04 -2.935367e-05 -7.434086e-07
 9918.434679 -3.192182e-05 -9.588182e-07 -1.873129e-07 -7.753061e-07 5.204687e-05 5.823068e-04 -2.818324e-05 5.737570e-06
 9923.226901 -3.195625e-05 -9.665803e-07 -1.891618e-07 -7.773918e-07 5.738613e-05 5.773471e-04 -2.008948e-05 6.936205e-06
 9928.031315 -3.195087e-05 -9.709415e-07 -1.905006e-07 -7.788844e-07 6.136832e-05 5.579861e-04 -1.565912e-05 5.743893e-06
 9932.847921 -3.194930e-05 -9.750804e-07 -1.918482e-07 -7.812691e-07 5.738827e-05 5.607685e-04 -1.121265e-05 8.627738e-06
 9937.676719 -3.179633e-05 -9.751235e-07 -1.923202e-07 -7.798160e-07 5.303014e-05 5.606937e-04 -1.849020e-05 9.996970e-06
 9942.517709 -3.164609e-05 -9.739658e-07 -1.924019e-07 -7.775782e-07 4.221599e-05 5.786321e-04 -1.877529e-05 4.016313e-06
 9947.370891 -3.167411e-05 -9.781561e-07 -1.936647e-07 -7.802458e-07 5.802496e-05 5.945777e-04 -1.855375e-05 1.084883e-05
 9952.236264 -3.178488e-05 -9.871061e-07 -1.958088e-07 -7.840727e-07 6.130923e-05 5.859211e-04 -2.460297e-05 2.265101e-06
