# Facility.name: NSLS-II
# Facility.mode: Beam available
# Facility.current: 399.7104230330939
# Facility.current: 3 GeV
# Facility.year: 2023
# Facility.cycle: 2
# Facility.GUP: 312970
# Facility.SAF: 311402
# Experimenter.name: Esteban Fornero
# Beamline.name: ISS (8-ID)
# Beamline.x-ray_source: damping wiggler
# Beamline.collimation_mirror1.material: Si
# Beamline.collimation_mirror2.material: Pt
# Beamline.collimation_mirror2.bender_loading: -348.0
# Beamline.focusing: toroidal mirror
# Beamline.focusing.material: Pt
# Beamline.focusing.bender_loading: -418.0
# Beamline.harmonic_rejection: Si
# Mono.scan_mode: Si(111)
# Mono.d_spacing: 3.1354951
# Mono.scan_mode: pseudo-channel cut
# Mono.scan_type: fly_scan
# Mono.trajectory_name: 0f397ba2-1519.txt
# Mono.direction: None
# Mono.angle_offset: 0.69366577
# Mono.angle_offset: 39.744 deg
# Mono.encoder_resolution: 48.0 nrad
# Detector.I0: ion chamber
# Detector.I1: ion chamber
# Detector.I2: ion chamber
# Detector.IF: PIPS
# Detector.I0.length: 15 cm
# Detector.I1.length: 28 cm
# Detector.I2.length: 15 cm
# Detector.IF.thickness: 300 um
# Detector.I0.gas.N2: 38.0%
# Detector.I1.gas.N2: 38.0%
# Detector.I2.gas.N2: 38.0%
# Detector.I0.gas.He: 62.0%
# Detector.I1.gas.He: 62.0%
# Detector.I2.gas.He: 62.0%
# Detector.I0.voltage: -1649.997192
# Detector.I1.voltage: -1650.002319
# Detector.I2.voltage: -1650.001465
# Detector.I0.gain: 4
# Detector.I1.gain: 6
# Detector.I2.gain: 6
# Detector.IF.gain: 6
# Detector.aux: {}
# Element.symbol: Ga
# Element.edge: K
# Element.line: None
# Scan.transient_id: 370850
# Scan.uid: 7d250827-fa08-487c-bb22-99948d78c825
# Scan.edge_energy: 10367.0
# Scan.start_time: 06/23/2023  01:13:20.521167
# Scan.end_time: 06/23/2023  01:13:54.728892
# Scan.name: Cu2O+Ga2O3-1st H2-ramp (pos 001) Ga-K 0001
# Scan.comment: 
# Sample.name: Cu2O+Ga2O3-1st
# Sample.comment: 
# Sample.position.x: -66.61000258
# Sample.position.y: 30.049994074
# Sample.position.z: -10.184937499999995
# Sample.position.theta: 845.5790000000001
# SampleHeater.temperature1.setpoint: 300.0
# SampleHeater.temperature1.readback: 1372.0
# SampleHeater.current.setpoint: 0.0
# SampleHeater.current.readback: 0.0
# SampleHeater.temperature2.setpoint: 287.30209018124475
# SampleHeater.temperature2.readback: 288.90000000000003
# SampleHeater.voltage.setpoint: 0.6470164578935383
# SampleHeater.voltage.readback: 0.649
# SampleHeater.PID.P: 0.025
# SampleHeater.PID.I: 0.07
# SampleHeater.PID.D: 0.0
# SampleGasCart.MFC.CH4.setpoint: 0.0
# SampleGasCart.MFC.CH4.readback: 0.0
# SampleGasCart.MFC.CO.setpoint: 0.0
# SampleGasCart.MFC.CO.readback: 0.0
# SampleGasCart.MFC.H2.setpoint: 10.0
# SampleGasCart.MFC.H2.readback: 10.012
# SampleGasCart.MFC.exhaust.setpoint: 100.0
# SampleGasCart.MFC.exhaust.readback: 10.32
# SampleGasHandlingSystem.gas_a.name: None
# SampleGasHandlingSystem.gas_b.name: None
# SampleGasHandlingSystem.gas_c.name: None
# SampleGasHandlingSystem.gas_d.name: None
# SampleGasHandlingSystem.gas_e.name: He
# SampleGasHandlingSystem.MFC1.setpoint: 0.0
# SampleGasHandlingSystem.MFC1.readback: -0.1220703125
# SampleGasHandlingSystem.MFC2.setpoint: 0.0
# SampleGasHandlingSystem.MFC2.readback: -0.08544921875
# SampleGasHandlingSystem.MFC3.setpoint: 0.0
# SampleGasHandlingSystem.MFC3.readback: 0.0244140625
# SampleGasHandlingSystem.MFC4.setpoint: 0.0
# SampleGasHandlingSystem.MFC4.readback: -0.0773111954331398
# SampleGasHandlingSystem.MFC5.setpoint: 0.0
# SampleGasHandlingSystem.MFC5.readback: 0.0
# SampleGasHandlingSystem.MFC6.setpoint: 0.0
# SampleGasHandlingSystem.MFC6.readback: -0.0244140625
# SampleGasHandlingSystem.MFC7.setpoint: 0.0
# SampleGasHandlingSystem.MFC7.readback: -0.01220703125
# SampleGasHandlingSystem.MFC8.setpoint: 0.0
# SampleGasHandlingSystem.MFC8.readback: -0.0528971366584301
# SampleGasHandlingSystem.MFC9.setpoint: 0.0
# SampleGasHandlingSystem.MFC9.readback: -0.0325520820915699
# SampleGasHandlingSystem.MFC10.setpoint: 0.0
# SampleGasHandlingSystem.MFC10.readback: 0.01220703125
# SampleGasHandlingSystem.MFC11.setpoint: 0.0
# SampleGasHandlingSystem.MFC11.readback: -0.0773111954331398
# SampleGasHandlingSystem.MFC12.setpoint: 0.0
# SampleGasHandlingSystem.MFC12.readback: -0.03662109375
# SampleGasHandlingSystem.MFC13.setpoint: 0.0
# SampleGasHandlingSystem.MFC13.readback: -0.0406901054084301
# SampleGasHandlingSystem.MFC14.setpoint: 0.0
# SampleGasHandlingSystem.MFC14.readback: -0.0569661445915699
# SampleGasHandlingSystem.MFC15.setpoint: 0.0
# SampleGasHandlingSystem.MFC15.readback: -0.0935872420668602
# SampleGasHandlingSystem.MFC16.setpoint: 0.0
# SampleGasHandlingSystem.MFC16.readback: -0.0244140625
# SampleGasHandlingSystem.RGA.ch1.mass: 2
# SampleGasHandlingSystem.RGA.ch1.readback: 8.04573e-07
# SampleGasHandlingSystem.RGA.ch2.mass: 4
# SampleGasHandlingSystem.RGA.ch2.readback: 2.43369e-11
# SampleGasHandlingSystem.RGA.ch3.mass: 5
# SampleGasHandlingSystem.RGA.ch3.readback: 7.81276e-12
# SampleGasHandlingSystem.RGA.ch4.mass: 5
# SampleGasHandlingSystem.RGA.ch4.readback: 4.78717e-10
# SampleGasHandlingSystem.RGA.ch5.mass: 18
# SampleGasHandlingSystem.RGA.ch5.readback: 2.79971e-09
# SampleGasHandlingSystem.RGA.ch6.mass: 28
# SampleGasHandlingSystem.RGA.ch6.readback: 1.1137e-08
# SampleGasHandlingSystem.RGA.ch7.mass: 32
# SampleGasHandlingSystem.RGA.ch7.readback: 1.64139e-09
# SampleGasHandlingSystem.RGA.ch8.mass: 41
# SampleGasHandlingSystem.RGA.ch8.readback: 1.11477e-11
# SampleGasHandlingSystem.RGA.ch9.mass: 44
# SampleGasHandlingSystem.RGA.ch9.readback: 2.18708e-11
# energy  i0  it  ir  iff  aux1  aux2  aux3  aux4
10167.000000 -3.007459e-05 -1.092340e-06 -3.184785e-07 -8.237901e-07 7.250063e-05 1.543040e-04 -4.800663e-05 -2.597363e-05
10172.000000 -2.999079e-05 -1.091542e-06 -3.166823e-07 -8.225833e-07 7.077371e-05 1.620684e-04 -4.286658e-05 -1.483961e-05
10177.000000 -2.991358e-05 -1.088032e-06 -3.123507e-07 -8.222132e-07 7.374353e-05 1.601339e-04 -3.776107e-05 -1.675698e-05
10182.000000 -2.983349e-05 -1.085385e-06 -3.060925e-07 -8.223695e-07 7.045558e-05 1.861155e-04 -4.008060e-05 -1.350757e-05
10187.000000 -2.978269e-05 -1.082147e-06 -2.941212e-07 -8.239405e-07 7.410937e-05 1.894485e-04 -3.272276e-05 -1.444638e-05
10192.000000 -2.977303e-05 -1.083284e-06 -2.693259e-07 -8.257652e-07 7.963638e-05 2.049234e-04 -2.769439e-05 -9.462103e-06
10197.000000 -2.976385e-05 -1.087241e-06 -1.989562e-07 -8.279255e-07 7.304851e-05 1.947802e-04 -3.775612e-05 -1.319119e-05
10202.000000 -2.982341e-05 -1.098458e-06 -6.459529e-08 -8.318486e-07 6.607870e-05 2.001475e-04 -4.087217e-05 -1.154418e-05
10207.000000 -2.980482e-05 -1.104028e-06 -2.587274e-08 -8.339937e-07 6.250283e-05 1.848173e-04 -4.120518e-05 -1.124219e-05
10212.000000 -2.978702e-05 -1.109617e-06 -5.468125e-08 -8.355943e-07 6.668098e-05 1.716096e-04 -3.747097e-05 -7.170436e-06
10217.000000 -2.974108e-05 -1.112794e-06 -7.079459e-08 -8.359392e-07 7.681453e-05 1.982130e-04 -3.824575e-05 -9.215107e-06
10222.000000 -2.971747e-05 -1.117743e-06 -8.379806e-08 -8.369447e-07 7.858663e-05 2.096899e-04 -4.436510e-05 -1.497388e-05
10227.000000 -2.963490e-05 -1.118384e-06 -9.230110e-08 -8.367008e-07 7.571706e-05 2.070048e-04 -4.097593e-05 -2.146393e-05
10232.000000 -2.952390e-05 -1.116861e-06 -9.581778e-08 -8.362214e-07 8.254572e-05 2.226528e-04 -3.455921e-05 -1.363422e-05
10237.000000 -2.958232e-05 -1.125951e-06 -9.848535e-08 -8.401975e-07 7.209293e-05 1.917260e-04 -3.165551e-05 -2.145653e-05
10242.000000 -2.950523e-05 -1.124679e-06 -1.000130e-07 -8.407924e-07 6.898863e-05 2.042949e-04 -3.357652e-05 -2.753216e-05
10247.000000 -2.938341e-05 -1.122226e-06 -1.036471e-07 -8.399279e-07 7.080125e-05 2.029920e-04 -3.411961e-05 -2.131612e-05
10252.000000 -2.929611e-05 -1.120760e-06 -1.031959e-07 -8.395680e-07 7.542528e-05 2.111423e-04 -3.251924e-05 -1.592902e-05
10257.000000 -2.928346e-05 -1.127199e-06 -9.946066e-08 -8.409941e-07 7.056986e-05 2.049921e-04 -3.314827e-05 -2.146960e-05
10262.000000 -2.929571e-05 -1.137840e-06 -9.968492e-08 -8.431559e-07 7.449359e-05 1.964052e-04 -3.347131e-05 -1.912283e-05
10267.000000 -2.935401e-05 -1.146599e-06 -1.017923e-07 -8.470244e-07 7.212822e-05 1.894251e-04 -3.527089e-05 -2.290363e-05
10272.000000 -2.933133e-05 -1.151397e-06 -1.030359e-07 -8.485229e-07 6.781487e-05 2.010055e-04 -3.383250e-05 -2.436032e-05
10277.000000 -2.926323e-05 -1.154520e-06 -1.026457e-07 -8.487495e-07 7.139261e-05 1.988925e-04 -3.212353e-05 -2.059746e-05
10282.000000 -2.913500e-05 -1.155394e-06 -1.011499e-07 -8.469831e-07 6.297181e-05 1.879481e-04 -4.967338e-05 -1.771123e-05
10287.000000 -2.915033e-05 -1.159960e-06 -1.025656e-07 -8.500394e-07 5.499248e-05 1.889504e-04 -5.491812e-05 -1.539881e-05
10292.000000 -2.909299e-05 -1.162172e-06 -1.056737e-07 -8.508574e-07 5.876775e-05 2.152233e-04 -5.005601e-05 -2.283419e-05
10297.000000 -2.910317e-05 -1.170536e-06 -1.077038e-07 -8.534197e-07 6.303533e-05 2.193758e-04 -6.004745e-05 -3.353199e-05
10302.000000 -2.909597e-05 -1.175984e-06 -1.075304e-07 -8.552363e-07 7.110677e-05 2.040544e-04 -4.346960e-05 -3.158579e-05
10307.000000 -2.905551e-05 -1.179685e-06 -1.076465e-07 -8.561319e-07 7.101959e-05 2.065377e-04 -5.087127e-05 -2.860426e-05
10312.000000 -2.901182e-05 -1.184779e-06 -1.082234e-07 -8.571329e-07 7.462154e-05 2.258430e-04 -5.016321e-05 -2.651862e-05
10317.000000 -2.894889e-05 -1.187024e-06 -1.079350e-07 -8.585142e-07 6.562777e-05 2.359453e-04 -4.599982e-05 -1.298556e-05
10322.000000 -2.891843e-05 -1.193522e-06 -1.072934e-07 -8.609189e-07 6.234588e-05 2.473420e-04 -4.119219e-05 -1.451456e-05
10327.000000 -2.888789e-05 -1.200577e-06 -1.068413e-07 -8.629342e-07 6.212556e-05 2.421268e-04 -3.953746e-05 -2.308562e-05
10332.000000 -2.879780e-05 -1.203442e-06 -1.060228e-07 -8.633889e-07 6.525143e-05 2.601663e-04 -3.959420e-05 -1.570125e-05
10337.000000 -2.887497e-05 -1.208429e-06 -1.061801e-07 -8.687502e-07 6.658423e-05 2.789296e-04 -4.554417e-05 -1.624034e-05
10341.000000 -2.883478e-05 -1.209654e-06 -1.068374e-07 -8.700020e-07 6.251233e-05 2.821375e-04 -3.950351e-05 -2.102901e-05
10344.000000 -2.878944e-05 -1.209336e-06 -1.079016e-07 -8.719217e-07 6.392329e-05 2.868510e-04 -4.244904e-05 -1.553469e-05
10346.000000 -2.873554e-05 -1.208206e-06 -1.091381e-07 -8.728527e-07 6.556536e-05 2.614583e-04 -4.786825e-05 -1.007284e-05
10347.000000 -2.866167e-05 -1.201460e-06 -1.093617e-07 -8.721494e-07 6.482419e-05 2.621700e-04 -4.737104e-05 -1.382429e-05
10347.200000 -2.865858e-05 -1.203939e-06 -1.097318e-07 -8.724016e-07 6.512462e-05 2.573762e-04 -4.994333e-05 -8.481207e-06
10347.400000 -2.867511e-05 -1.198175e-06 -1.088526e-07 -8.731617e-07 6.382652e-05 2.372925e-04 -4.535775e-05 1.623260e-06
10347.600000 -2.875812e-05 -1.214881e-06 -1.104385e-07 -8.748111e-07 6.139138e-05 2.495176e-04 -4.838884e-05 -1.257645e-05
10347.800000 -2.877736e-05 -1.216966e-06 -1.106989e-07 -8.752646e-07 6.746089e-05 2.424667e-04 -4.135042e-05 -1.129243e-05
10348.000000 -2.876618e-05 -1.217945e-06 -1.112667e-07 -8.749662e-07 6.753989e-05 2.571487e-04 -2.925883e-05 4.577888e-06
10348.200000 -2.876646e-05 -1.217807e-06 -1.115775e-07 -8.753589e-07 6.263555e-05 2.797221e-04 -3.033037e-05 5.701276e-06
10348.400000 -2.878534e-05 -1.220935e-06 -1.118018e-07 -8.755011e-07 6.271602e-05 2.771335e-04 -3.378952e-05 1.073202e-05
10348.600000 -2.876534e-05 -1.219265e-06 -1.115274e-07 -8.754905e-07 5.761519e-05 2.631946e-04 -4.292120e-05 -1.548101e-06
10348.800000 -2.877509e-05 -1.219561e-06 -1.117494e-07 -8.759008e-07 5.534852e-05 2.628208e-04 -5.302660e-05 -6.607498e-06
10349.000000 -2.878552e-05 -1.220207e-06 -1.119090e-07 -8.760530e-07 5.426299e-05 2.889346e-04 -6.251178e-05 -6.120360e-06
10349.200000 -2.878130e-05 -1.220474e-06 -1.121574e-07 -8.762921e-07 5.723791e-05 2.781881e-04 -3.990688e-05 -5.436653e-06
10349.400000 -2.870316e-05 -1.208602e-06 -1.113484e-07 -8.751935e-07 4.943213e-05 2.850671e-04 -3.953652e-05 -1.145026e-05
10349.600000 -2.869132e-05 -1.208932e-06 -1.115253e-07 -8.758721e-07 4.977267e-05 2.826126e-04 -4.211512e-05 -5.873535e-06
10349.800000 -2.871644e-05 -1.212107e-06 -1.114834e-07 -8.764315e-07 5.171743e-05 2.943437e-04 -4.661109e-05 -4.506009e-06
10350.000000 -2.874603e-05 -1.218478e-06 -1.119106e-07 -8.771591e-07 5.048806e-05 2.691759e-04 -4.362013e-05 4.096711e-06
10350.200000 -2.876572e-05 -1.221477e-06 -1.121742e-07 -8.773940e-07 5.976834e-05 2.564092e-04 -4.163884e-05 1.121150e-06
10350.400000 -2.875916e-05 -1.221593e-06 -1.124332e-07 -8.775674e-07 5.094044e-05 2.721564e-04 -4.337411e-05 -4.662575e-06
10350.600000 -2.875263e-05 -1.219508e-06 -1.125312e-07 -8.782836e-07 4.818139e-05 2.842047e-04 -4.872491e-05 -5.419593e-06
10350.800000 -2.876624e-05 -1.221561e-06 -1.129545e-07 -8.780910e-07 5.495439e-05 2.951899e-04 -5.281102e-05 -4.701938e-06
10351.000000 -2.874349e-05 -1.220021e-06 -1.131050e-07 -8.787718e-07 5.450590e-05 2.997767e-04 -5.762417e-05 5.428811e-07
10351.200000 -2.871818e-05 -1.215188e-06 -1.127223e-07 -8.785146e-07 4.835320e-05 2.673031e-04 -4.859613e-05 -6.168548e-06
10351.400000 -2.871511e-05 -1.217629e-06 -1.131640e-07 -8.787213e-07 4.027369e-05 2.625226e-04 -4.922699e-05 -4.782520e-06
10351.600000 -2.872333e-05 -1.219272e-06 -1.131373e-07 -8.790549e-07 4.504153e-05 2.618674e-04 -4.686335e-05 -2.928772e-06
10351.800000 -2.871788e-05 -1.219160e-06 -1.132097e-07 -8.790342e-07 4.389277e-05 2.422827e-04 -6.901849e-05 -2.433559e-05
10352.000000 -2.872788e-05 -1.220627e-06 -1.137683e-07 -8.795702e-07 4.211497e-05 2.499824e-04 -5.633499e-05 -2.245326e-05
10352.200000 -2.867816e-05 -1.211960e-06 -1.133110e-07 -8.794006e-07 5.086227e-05 2.465490e-04 -4.773301e-05 -1.611439e-05
10352.400000 -2.867483e-05 -1.213025e-06 -1.136101e-07 -8.794893e-07 6.202847e-05 2.319373e-04 -5.044592e-05 -2.172872e-05
10352.600000 -2.868767e-05 -1.214466e-06 -1.136011e-07 -8.797488e-07 4.717612e-05 2.381642e-04 -4.326632e-05 -1.874176e-05
10352.800000 -2.868758e-05 -1.215584e-06 -1.135896e-07 -8.800946e-07 4.035794e-05 2.409738e-04 -5.504519e-05 -1.436369e-05
10353.000000 -2.870756e-05 -1.218289e-06 -1.136669e-07 -8.811350e-07 3.817551e-05 2.381803e-04 -5.113511e-05 -9.712013e-06
10353.200000 -2.873672e-05 -1.223070e-06 -1.139566e-07 -8.812218e-07 4.664114e-05 2.352207e-04 -5.741939e-05 -8.805678e-06
10353.400000 -2.873793e-05 -1.224049e-06 -1.142779e-07 -8.816646e-07 4.830350e-05 2.447141e-04 -6.468075e-05 -2.052981e-05
10353.600000 -2.873969e-05 -1.224982e-06 -1.145154e-07 -8.822294e-07 5.222576e-05 2.353192e-04 -6.082090e-05 -9.806592e-06
10353.800000 -2.873370e-05 -1.224959e-06 -1.145409e-07 -8.822425e-07 4.989558e-05 2.473263e-04 -5.247434e-05 1.282351e-07
10354.000000 -2.872518e-05 -1.222569e-06 -1.142817e-07 -8.828154e-07 5.595737e-05 2.447296e-04 -5.473251e-05 -2.918892e-06
10354.200000 -2.868853e-05 -1.220651e-06 -1.140452e-07 -8.825173e-07 5.031751e-05 2.617868e-04 -5.223970e-05 4.070166e-06
10354.400000 -2.867380e-05 -1.218739e-06 -1.139989e-07 -8.830092e-07 6.447348e-05 2.679070e-04 -4.686928e-05 -7.040022e-06
10354.600000 -2.868437e-05 -1.217581e-06 -1.139021e-07 -8.832061e-07 6.591963e-05 2.671078e-04 -4.114948e-05 -6.899150e-06
10354.800000 -2.870800e-05 -1.223995e-06 -1.148220e-07 -8.838658e-07 6.089418e-05 2.492345e-04 -4.816186e-05 -5.950536e-06
10355.000000 -2.871816e-05 -1.224102e-06 -1.149801e-07 -8.841783e-07 6.140718e-05 2.620017e-04 -5.018063e-05 -1.346518e-05
10355.200000 -2.871439e-05 -1.225766e-06 -1.149431e-07 -8.841377e-07 5.364798e-05 2.749495e-04 -4.949994e-05 -2.409244e-05
10355.400000 -2.869808e-05 -1.224010e-06 -1.147259e-07 -8.842459e-07 5.546321e-05 2.703585e-04 -5.605690e-05 -2.316501e-05
10355.600000 -2.870350e-05 -1.224917e-06 -1.147942e-07 -8.846555e-07 5.405101e-05 2.623435e-04 -5.529619e-05 -2.108426e-05
10355.800000 -2.870061e-05 -1.225503e-06 -1.149671e-07 -8.849179e-07 5.107472e-05 2.713476e-04 -4.763721e-05 -1.780683e-05
10356.000000 -2.870771e-05 -1.226990e-06 -1.153281e-07 -8.855140e-07 5.390166e-05 2.815302e-04 -5.229543e-05 -3.515650e-05
10356.200000 -2.869412e-05 -1.225661e-06 -1.151145e-07 -8.856695e-07 5.691111e-05 2.948176e-04 -4.878951e-05 -3.254939e-05
10356.400000 -2.868903e-05 -1.225947e-06 -1.152924e-07 -8.864401e-07 5.328401e-05 2.717622e-04 -5.012066e-05 -3.149043e-05
10356.600000 -2.865702e-05 -1.222303e-06 -1.147114e-07 -8.864490e-07 6.099145e-05 2.529834e-04 -4.135585e-05 -2.566090e-05
10356.800000 -2.863787e-05 -1.217854e-06 -1.141947e-07 -8.862113e-07 6.925080e-05 2.599317e-04 -3.430787e-05 -1.493023e-05
10357.000000 -2.868428e-05 -1.227325e-06 -1.152382e-07 -8.877476e-07 7.157323e-05 2.768177e-04 -3.514016e-05 -1.654892e-05
10357.200000 -2.865757e-05 -1.221569e-06 -1.148432e-07 -8.880605e-07 6.516500e-05 2.751313e-04 -2.793834e-05 -3.452494e-05
10357.400000 -2.864838e-05 -1.221653e-06 -1.148729e-07 -8.887908e-07 5.969082e-05 2.808108e-04 -3.505577e-05 -3.877935e-05
10357.600000 -2.866132e-05 -1.223275e-06 -1.149305e-07 -8.891520e-07 6.057294e-05 2.554745e-04 -2.426225e-05 -2.486341e-05
10357.800000 -2.867075e-05 -1.225565e-06 -1.150767e-07 -8.905308e-07 6.936426e-05 2.695321e-04 -2.831438e-05 -2.750262e-05
10358.000000 -2.867331e-05 -1.225208e-06 -1.148759e-07 -8.907400e-07 6.665497e-05 2.946180e-04 -3.534206e-05 -3.484822e-05
10358.200000 -2.867998e-05 -1.224876e-06 -1.150002e-07 -8.914085e-07 6.477574e-05 2.788349e-04 -5.112291e-05 -3.146211e-05
10358.400000 -2.867344e-05 -1.225625e-06 -1.151820e-07 -8.918587e-07 7.667269e-05 2.659345e-04 -4.928623e-05 -3.024936e-05
10358.600000 -2.866004e-05 -1.223755e-06 -1.150221e-07 -8.924709e-07 7.590043e-05 2.479721e-04 -4.541974e-05 -3.214222e-05
10358.800000 -2.865576e-05 -1.222975e-06 -1.151316e-07 -8.932229e-07 7.535494e-05 2.424758e-04 -4.634667e-05 -2.951045e-05
10359.000000 -2.865191e-05 -1.223826e-06 -1.152789e-07 -8.937404e-07 7.976768e-05 2.330563e-04 -3.934597e-05 -2.772333e-05
10359.200000 -2.861997e-05 -1.217768e-06 -1.145743e-07 -8.939130e-07 7.107002e-05 2.569617e-04 -3.330940e-05 -1.900743e-05
10359.400000 -2.861788e-05 -1.222477e-06 -1.152153e-07 -8.946672e-07 6.572982e-05 2.614812e-04 -3.221484e-05 -2.023907e-05
10359.600000 -2.856286e-05 -1.208377e-06 -1.137711e-07 -8.945655e-07 6.426155e-05 2.567717e-04 -2.881683e-05 -1.353397e-05
10359.800000 -2.856614e-05 -1.213441e-06 -1.144439e-07 -8.953508e-07 6.636518e-05 2.166328e-04 -3.215755e-05 -5.485196e-06
10360.000000 -2.854177e-05 -1.211014e-06 -1.143873e-07 -8.956202e-07 6.311371e-05 2.069910e-04 -4.491880e-05 -1.836914e-05
10360.200000 -2.853372e-05 -1.206680e-06 -1.139423e-07 -8.957888e-07 6.639804e-05 2.267562e-04 -4.101516e-05 -1.853466e-05
10360.400000 -2.856256e-05 -1.211279e-06 -1.140160e-07 -8.970766e-07 6.993238e-05 2.206966e-04 -4.112656e-05 -2.270306e-05
10360.600000 -2.861077e-05 -1.218430e-06 -1.144268e-07 -8.987236e-07 7.097211e-05 2.253976e-04 -4.611989e-05 -1.865245e-05
10360.800000 -2.863021e-05 -1.224354e-06 -1.150936e-07 -8.995320e-07 7.680744e-05 2.461914e-04 -4.196716e-05 -1.185474e-05
10361.000000 -2.860588e-05 -1.218462e-06 -1.147461e-07 -9.001464e-07 8.114065e-05 2.525129e-04 -3.073675e-05 -1.623370e-05
10361.200000 -2.860123e-05 -1.217637e-06 -1.146786e-07 -9.013141e-07 7.223812e-05 2.646316e-04 -3.869295e-05 -9.024348e-06
10361.400000 -2.858239e-05 -1.213381e-06 -1.140439e-07 -9.022750e-07 7.263218e-05 2.377972e-04 -5.442529e-05 -1.473620e-05
10361.600000 -2.858465e-05 -1.212791e-06 -1.140492e-07 -9.031790e-07 7.056287e-05 2.263957e-04 -5.011785e-05 -3.096429e-06
10361.800000 -2.858772e-05 -1.213142e-06 -1.140183e-07 -9.041604e-07 7.437408e-05 2.359616e-04 -4.495873e-05 -9.933475e-06
10362.000000 -2.861821e-05 -1.218307e-06 -1.146817e-07 -9.060230e-07 6.490105e-05 2.152504e-04 -4.187215e-05 -1.757033e-05
10362.200000 -2.862754e-05 -1.221698e-06 -1.150897e-07 -9.076172e-07 6.541524e-05 2.212537e-04 -4.000537e-05 -1.816438e-05
10362.400000 -2.859558e-05 -1.216136e-06 -1.145849e-07 -9.086119e-07 5.644041e-05 2.534903e-04 -3.391900e-05 -1.082139e-05
10362.600000 -2.858746e-05 -1.213287e-06 -1.140637e-07 -9.095095e-07 5.797589e-05 2.502149e-04 -3.579863e-05 1.471214e-06
10362.800000 -2.860555e-05 -1.218137e-06 -1.144305e-07 -9.114731e-07 5.395674e-05 2.130788e-04 -4.168798e-05 7.031943e-06
10363.000000 -2.860635e-05 -1.219003e-06 -1.144096e-07 -9.126958e-07 6.381923e-05 1.970428e-04 -4.401604e-05 -1.308348e-05
10363.200000 -2.859724e-05 -1.215277e-06 -1.140374e-07 -9.144407e-07 7.638754e-05 2.078944e-04 -4.663051e-05 -2.230436e-05
10363.400000 -2.859231e-05 -1.216277e-06 -1.141006e-07 -9.156045e-07 7.759808e-05 2.064733e-04 -4.848108e-05 -2.935954e-05
10363.600000 -2.860549e-05 -1.218559e-06 -1.145688e-07 -9.172277e-07 7.649164e-05 2.136782e-04 -4.409389e-05 -2.403326e-05
10363.800000 -2.860283e-05 -1.217971e-06 -1.142706e-07 -9.193725e-07 7.739732e-05 2.217304e-04 -3.958050e-05 -1.924570e-05
10364.000000 -2.860094e-05 -1.217841e-06 -1.140320e-07 -9.211020e-07 7.010114e-05 2.096642e-04 -3.939302e-05 -1.688510e-05
10364.200000 -2.858375e-05 -1.214837e-06 -1.138391e-07 -9.235974e-07 6.821831e-05 2.088871e-04 -4.235602e-05 -1.015468e-05
10364.400000 -2.857435e-05 -1.214350e-06 -1.138801e-07 -9.255914e-07 7.372519e-05 2.059893e-04 -3.358532e-05 -1.026419e-05
10364.600000 -2.858419e-05 -1.213498e-06 -1.139313e-07 -9.286577e-07 6.865856e-05 1.983379e-04 -3.093531e-05 -1.069771e-05
10364.800000 -2.857936e-05 -1.212283e-06 -1.138316e-07 -9.312967e-07 6.762335e-05 2.211059e-04 -3.342724e-05 -2.023768e-05
10365.000000 -2.857421e-05 -1.212838e-06 -1.140001e-07 -9.341728e-07 7.560165e-05 1.967962e-04 -3.666468e-05 -1.164830e-05
10365.200000 -2.855534e-05 -1.208002e-06 -1.131945e-07 -9.369447e-07 7.607809e-05 1.865164e-04 -3.251607e-05 -1.165773e-05
10365.400000 -2.854803e-05 -1.207732e-06 -1.132459e-07 -9.397274e-07 7.122501e-05 1.904436e-04 -3.991801e-05 -1.829301e-05
10365.600000 -2.851295e-05 -1.202810e-06 -1.128018e-07 -9.432212e-07 6.911356e-05 1.942804e-04 -4.874293e-05 -1.828521e-05
10365.800000 -2.846113e-05 -1.192817e-06 -1.119385e-07 -9.460822e-07 7.048159e-05 2.264243e-04 -3.693785e-05 -6.975945e-06
10366.000000 -2.846325e-05 -1.192465e-06 -1.120231e-07 -9.498250e-07 7.405954e-05 2.401876e-04 -2.827174e-05 -5.407178e-06
10366.200000 -2.848903e-05 -1.194214e-06 -1.123254e-07 -9.547627e-07 7.667485e-05 2.540562e-04 -3.823557e-05 -1.373777e-05
10366.400000 -2.852905e-05 -1.200159e-06 -1.126816e-07 -9.603064e-07 7.542100e-05 2.596060e-04 -4.344061e-05 -1.898687e-05
10366.600000 -2.855175e-05 -1.201728e-06 -1.126685e-07 -9.657782e-07 7.523460e-05 2.306323e-04 -5.312691e-05 -9.881222e-06
10366.800000 -2.854861e-05 -1.198662e-06 -1.122373e-07 -9.714750e-07 7.440681e-05 2.181090e-04 -5.191069e-05 -1.943885e-05
10367.000000 -2.854833e-05 -1.197404e-06 -1.121603e-07 -9.784513e-07 8.385607e-05 1.995073e-04 -4.593075e-05 -2.052414e-05
10367.200000 -2.853960e-05 -1.196792e-06 -1.122426e-07 -9.864644e-07 8.183997e-05 1.965533e-04 -3.604609e-05 -2.111016e-05
10367.400000 -2.854262e-05 -1.193310e-06 -1.121376e-07 -9.951988e-07 8.761198e-05 1.643763e-04 -3.602691e-05 -2.438635e-05
10367.600000 -2.852472e-05 -1.187964e-06 -1.116693e-07 -1.005085e-06 9.743346e-05 1.496314e-04 -3.231612e-05 -1.591943e-05
10367.800000 -2.853926e-05 -1.188093e-06 -1.116039e-07 -1.016553e-06 9.140846e-05 1.723635e-04 -3.839501e-05 -1.436529e-05
10368.000000 -2.855743e-05 -1.184706e-06 -1.112393e-07 -1.028915e-06 8.611427e-05 1.578646e-04 -4.459415e-05 -2.293423e-05
10368.200000 -2.855156e-05 -1.181223e-06 -1.110453e-07 -1.041544e-06 8.122462e-05 1.635016e-04 -3.241862e-05 -1.495362e-05
10368.400000 -2.854982e-05 -1.175519e-06 -1.103038e-07 -1.056366e-06 7.774728e-05 1.509802e-04 -3.371788e-05 -1.970905e-05
10368.600000 -2.854608e-05 -1.170972e-06 -1.099053e-07 -1.072841e-06 7.814098e-05 1.636343e-04 -3.800379e-05 -1.767941e-05
10368.800000 -2.853788e-05 -1.163943e-06 -1.093368e-07 -1.091458e-06 8.932787e-05 1.441557e-04 -3.984479e-05 -2.628211e-05
10369.000000 -2.852348e-05 -1.156853e-06 -1.087921e-07 -1.110601e-06 8.323314e-05 1.529160e-04 -4.062786e-05 -2.807551e-05
10369.200000 -2.851612e-05 -1.149111e-06 -1.080340e-07 -1.132735e-06 8.416152e-05 1.549888e-04 -4.044945e-05 -3.343791e-05
10369.400000 -2.851857e-05 -1.140578e-06 -1.074010e-07 -1.155823e-06 8.488505e-05 1.553672e-04 -4.427689e-05 -1.447181e-05
10369.600000 -2.848269e-05 -1.131236e-06 -1.066968e-07 -1.181331e-06 9.098776e-05 1.523706e-04 -4.197838e-05 -1.281646e-05
10369.800000 -2.849258e-05 -1.122064e-06 -1.057141e-07 -1.209301e-06 8.448799e-05 1.568103e-04 -4.724301e-05 -1.798759e-05
10370.000000 -2.852331e-05 -1.120249e-06 -1.053372e-07 -1.239195e-06 8.162846e-05 1.722563e-04 -5.853312e-05 -3.525617e-05
10370.200000 -2.847556e-05 -1.102137e-06 -1.037529e-07 -1.271782e-06 8.048955e-05 1.732732e-04 -5.346045e-05 -3.207198e-05
10370.400000 -2.843550e-05 -1.084963e-06 -1.019193e-07 -1.306329e-06 8.103624e-05 1.702481e-04 -5.075290e-05 -3.591073e-05
10370.600000 -2.842424e-05 -1.072827e-06 -1.007608e-07 -1.343126e-06 8.509378e-05 1.647140e-04 -5.257245e-05 -3.638138e-05
10370.800000 -2.840769e-05 -1.060777e-06 -1.002064e-07 -1.383252e-06 9.045144e-05 1.699474e-04 -4.114733e-05 -2.265299e-05
10371.000000 -2.842212e-05 -1.051027e-06 -9.928263e-08 -1.423982e-06 7.814110e-05 1.584152e-04 -4.612997e-05 -3.139514e-05
10371.200000 -2.844895e-05 -1.042814e-06 -9.859238e-08 -1.467237e-06 7.601852e-05 1.729566e-04 -3.678954e-05 -2.792641e-05
10371.400000 -2.842393e-05 -1.028058e-06 -9.700679e-08 -1.509607e-06 8.020104e-05 1.802555e-04 -3.835577e-05 -2.119380e-05
10371.600000 -2.841097e-05 -1.013605e-06 -9.541135e-08 -1.551432e-06 7.807281e-05 1.851203e-04 -3.925268e-05 -2.247256e-05
10371.800000 -2.842661e-05 -1.003867e-06 -9.442303e-08 -1.591796e-06 7.709018e-05 1.595463e-04 -4.567964e-05 -1.018761e-05
10372.000000 -2.840412e-05 -9.914234e-07 -9.329184e-08 -1.631560e-06 7.424507e-05 1.650527e-04 -4.216812e-05 -1.539183e-05
10372.200000 -2.836883e-05 -9.751163e-07 -9.181126e-08 -1.668592e-06 8.196904e-05 1.630881e-04 -4.092821e-05 -2.161990e-05
10372.400000 -2.836120e-05 -9.648508e-07 -9.079918e-08 -1.702150e-06 8.030086e-05 1.650174e-04 -4.046623e-05 -2.235988e-05
10372.600000 -2.839762e-05 -9.610851e-07 -9.067988e-08 -1.731471e-06 8.461063e-05 1.757150e-04 -5.436073e-05 -3.006229e-05
10372.800000 -2.843026e-05 -9.583357e-07 -9.035968e-08 -1.756801e-06 8.166053e-05 1.737041e-04 -5.643405e-05 -2.654635e-05
10373.000000 -2.844239e-05 -9.543784e-07 -8.994996e-08 -1.778295e-06 7.912700e-05 1.639767e-04 -5.392212e-05 -2.933365e-05
10373.200000 -2.845030e-05 -9.500751e-07 -8.930027e-08 -1.796900e-06 8.506575e-05 1.567115e-04 -4.920148e-05 -2.993181e-05
10373.400000 -2.845719e-05 -9.466712e-07 -8.892964e-08 -1.812998e-06 8.959408e-05 1.616876e-04 -3.475036e-05 -2.514141e-05
10373.600000 -2.844906e-05 -9.424078e-07 -8.837747e-08 -1.826957e-06 8.897673e-05 1.690837e-04 -3.566151e-05 -2.386122e-05
10373.800000 -2.847163e-05 -9.399270e-07 -8.802448e-08 -1.838034e-06 9.520483e-05 1.744240e-04 -3.723769e-05 -3.007515e-05
10374.000000 -2.848043e-05 -9.392330e-07 -8.812298e-08 -1.848614e-06 1.013498e-04 1.719506e-04 -4.161089e-05 -2.346960e-05
10374.200000 -2.849815e-05 -9.373673e-07 -8.805111e-08 -1.857038e-06 9.755062e-05 1.628794e-04 -5.992612e-05 -3.750467e-05
10374.400000 -2.850048e-05 -9.344629e-07 -8.787466e-08 -1.864147e-06 9.809346e-05 1.614392e-04 -5.980474e-05 -2.916099e-05
10374.600000 -2.852222e-05 -9.355429e-07 -8.784302e-08 -1.871814e-06 9.703781e-05 1.627071e-04 -4.290007e-05 -2.483495e-05
10374.800000 -2.852983e-05 -9.319798e-07 -8.758612e-08 -1.877858e-06 8.674853e-05 1.517333e-04 -3.859052e-05 -2.795183e-05
10375.000000 -2.853969e-05 -9.327933e-07 -8.755382e-08 -1.884537e-06 8.856928e-05 1.503626e-04 -4.138970e-05 -2.522143e-05
10375.200000 -2.854681e-05 -9.308346e-07 -8.734716e-08 -1.890604e-06 8.541568e-05 1.545062e-04 -3.661989e-05 -3.014139e-05
10375.400000 -2.854219e-05 -9.298854e-07 -8.725914e-08 -1.895843e-06 8.002672e-05 1.473086e-04 -4.334441e-05 -2.713245e-05
10375.600000 -2.853772e-05 -9.267805e-07 -8.717055e-08 -1.901003e-06 8.422762e-05 1.632119e-04 -3.237538e-05 -1.897289e-05
10375.800000 -2.853373e-05 -9.255499e-07 -8.680343e-08 -1.905651e-06 8.712826e-05 1.531725e-04 -2.900096e-05 -2.176664e-05
10376.000000 -2.854982e-05 -9.278684e-07 -8.681615e-08 -1.910486e-06 9.637594e-05 1.554892e-04 -2.593493e-05 -1.208090e-05
10376.200000 -2.852605e-05 -9.216006e-07 -8.617302e-08 -1.913140e-06 9.396773e-05 1.570702e-04 -3.551015e-05 -1.846067e-05
10376.400000 -2.849614e-05 -9.186035e-07 -8.606091e-08 -1.916271e-06 8.697505e-05 1.768986e-04 -3.241251e-05 -1.998045e-05
10376.600000 -2.844328e-05 -9.108248e-07 -8.560832e-08 -1.917309e-06 8.977972e-05 1.773778e-04 -3.083319e-05 -2.979705e-05
10376.800000 -2.842873e-05 -9.092437e-07 -8.563302e-08 -1.914686e-06 1.027636e-04 1.948617e-04 -4.601609e-05 -3.265563e-05
10377.000000 -2.846985e-05 -9.139269e-07 -8.616052e-08 -1.913708e-06 9.959632e-05 1.956855e-04 -3.622617e-05 -2.182032e-05
10377.200000 -2.850834e-05 -9.226067e-07 -8.693734e-08 -1.908808e-06 9.372932e-05 1.873001e-04 -4.069759e-05 -2.210431e-05
10377.400000 -2.851673e-05 -9.262753e-07 -8.710019e-08 -1.902063e-06 9.180780e-05 1.631815e-04 -4.238621e-05 -1.723215e-05
10377.600000 -2.849518e-05 -9.262921e-07 -8.691387e-08 -1.893850e-06 8.993436e-05 1.761211e-04 -4.197700e-05 5.963248e-06
10377.800000 -2.849091e-05 -9.310340e-07 -8.744525e-08 -1.885070e-06 8.939075e-05 1.894196e-04 -4.219474e-05 1.130712e-05
10378.000000 -2.849853e-05 -9.339750e-07 -8.793169e-08 -1.874180e-06 8.728208e-05 1.850449e-04 -4.189172e-05 1.235932e-06
10378.200000 -2.846214e-05 -9.315613e-07 -8.787873e-08 -1.861400e-06 8.370903e-05 1.753696e-04 -3.745806e-05 5.930571e-06
10378.400000 -2.845258e-05 -9.348335e-07 -8.821024e-08 -1.848700e-06 8.783305e-05 1.810527e-04 -3.556658e-05 3.240706e-07
10378.600000 -2.846342e-05 -9.415104e-07 -8.850035e-08 -1.834966e-06 9.005351e-05 1.677467e-04 -3.886028e-05 2.890341e-06
10378.800000 -2.849790e-05 -9.492681e-07 -8.925790e-08 -1.821491e-06 8.800024e-05 1.663605e-04 -3.799992e-05 5.075505e-06
10379.000000 -2.849166e-05 -9.512547e-07 -8.908517e-08 -1.806636e-06 8.988149e-05 1.619755e-04 -4.218848e-05 3.251637e-06
10379.200000 -2.847449e-05 -9.546396e-07 -8.951114e-08 -1.794197e-06 9.052530e-05 1.695588e-04 -4.191751e-05 6.933993e-06
10379.400000 -2.850165e-05 -9.633004e-07 -9.028781e-08 -1.781135e-06 8.581069e-05 1.871664e-04 -4.284587e-05 -3.381865e-07
10379.600000 -2.850233e-05 -9.667786e-07 -9.079820e-08 -1.767063e-06 7.761231e-05 2.184739e-04 -4.714849e-05 2.393331e-06
10379.800000 -2.849360e-05 -9.698912e-07 -9.115587e-08 -1.755506e-06 8.008906e-05 2.071470e-04 -4.381063e-05 9.540668e-06
10380.000000 -2.848811e-05 -9.731498e-07 -9.152850e-08 -1.744957e-06 9.396886e-05 1.958867e-04 -4.629950e-05 1.827278e-06
10380.200000 -2.845617e-05 -9.700048e-07 -9.132160e-08 -1.735157e-06 8.860172e-05 1.921340e-04 -3.956391e-05 3.988845e-06
10380.400000 -2.844493e-05 -9.696935e-07 -9.107505e-08 -1.724156e-06 9.183039e-05 1.926892e-04 -4.830438e-05 -1.141310e-05
10380.600000 -2.847731e-05 -9.814513e-07 -9.206267e-08 -1.715633e-06 8.709173e-05 1.748526e-04 -4.745406e-05 -2.729051e-05
10380.800000 -2.851420e-05 -9.894743e-07 -9.289190e-08 -1.706029e-06 8.343949e-05 1.640056e-04 -4.879797e-05 -3.266614e-05
10381.000000 -2.851775e-05 -9.900898e-07 -9.310021e-08 -1.698234e-06 8.523641e-05 1.691561e-04 -5.136296e-05 -3.003732e-05
10381.200000 -2.850863e-05 -9.921230e-07 -9.318823e-08 -1.691170e-06 8.503951e-05 1.602298e-04 -4.408962e-05 -3.462251e-05
10381.400000 -2.852104e-05 -9.958807e-07 -9.358757e-08 -1.684031e-06 8.521798e-05 1.625549e-04 -4.596641e-05 -3.173087e-05
10381.600000 -2.851511e-05 -9.981095e-07 -9.378949e-08 -1.677860e-06 8.869909e-05 1.745633e-04 -4.662168e-05 -2.743047e-05
10381.800000 -2.849599e-05 -9.951135e-07 -9.348327e-08 -1.672254e-06 7.994650e-05 1.821389e-04 -5.386305e-05 -2.900706e-05
10382.000000 -2.849715e-05 -9.975565e-07 -9.339720e-08 -1.665239e-06 7.993225e-05 1.801252e-04 -6.089450e-05 -3.177602e-05
10382.200000 -2.851484e-05 -1.002736e-06 -9.386972e-08 -1.659008e-06 8.698616e-05 1.541949e-04 -5.959947e-05 -4.321997e-05
10382.400000 -2.851248e-05 -1.004119e-06 -9.408185e-08 -1.654988e-06 8.690699e-05 1.713517e-04 -4.084749e-05 -2.966846e-05
10382.600000 -2.851159e-05 -1.005595e-06 -9.424236e-08 -1.649449e-06 8.152308e-05 1.709471e-04 -4.976832e-05 -3.516035e-05
10382.800000 -2.852158e-05 -1.009663e-06 -9.474898e-08 -1.643432e-06 8.617479e-05 1.766318e-04 -5.112532e-05 -4.104811e-05
10383.000000 -2.849653e-05 -1.007311e-06 -9.432704e-08 -1.638165e-06 8.394993e-05 1.841076e-04 -4.386563e-05 -3.093227e-05
10383.200000 -2.848460e-05 -1.007336e-06 -9.429289e-08 -1.633499e-06 7.858600e-05 2.012390e-04 -6.239696e-05 -2.752500e-05
10383.400000 -2.851579e-05 -1.014118e-06 -9.507341e-08 -1.627550e-06 7.762783e-05 2.134099e-04 -4.648322e-05 -3.455211e-05
10383.600000 -2.851717e-05 -1.015457e-06 -9.525153e-08 -1.623029e-06 7.278993e-05 2.133516e-04 -4.101879e-05 -2.457650e-05
10383.800000 -2.851728e-05 -1.017854e-06 -9.560761e-08 -1.617667e-06 7.709497e-05 1.818208e-04 -3.562800e-05 -1.631619e-05
10384.000000 -2.850971e-05 -1.017654e-06 -9.540836e-08 -1.613606e-06 8.775980e-05 1.904073e-04 -4.305175e-05 -1.990150e-05
10384.200000 -2.850048e-05 -1.018327e-06 -9.544212e-08 -1.608965e-06 7.786703e-05 1.965921e-04 -3.400931e-05 -1.954185e-05
10384.400000 -2.851246e-05 -1.021672e-06 -9.553830e-08 -1.604101e-06 7.844807e-05 2.095941e-04 -4.396102e-05 -2.067405e-05
10384.600000 -2.850345e-05 -1.020936e-06 -9.532068e-08 -1.599624e-06 7.785075e-05 2.078414e-04 -4.558771e-05 -3.066879e-05
10384.800000 -2.850299e-05 -1.025382e-06 -9.582517e-08 -1.596842e-06 7.680569e-05 2.083744e-04 -3.810703e-05 -1.888494e-05
10385.000000 -2.848079e-05 -1.021846e-06 -9.556950e-08 -1.592512e-06 7.231088e-05 2.190440e-04 -4.452456e-05 -2.543627e-05
10385.200000 -2.849314e-05 -1.025441e-06 -9.566042e-08 -1.588287e-06 7.692748e-05 2.306252e-04 -3.281794e-05 -2.904227e-05
10385.400000 -2.851795e-05 -1.030250e-06 -9.616710e-08 -1.584135e-06 7.739256e-05 2.330919e-04 -3.742090e-05 -3.204924e-05
10385.600000 -2.851081e-05 -1.032664e-06 -9.655885e-08 -1.580929e-06 8.224044e-05 2.159030e-04 -3.674073e-05 -3.990619e-05
10385.800000 -2.848457e-05 -1.028817e-06 -9.592166e-08 -1.578070e-06 8.311718e-05 1.954295e-04 -3.323671e-05 -3.384459e-05
10386.000000 -2.848274e-05 -1.029390e-06 -9.597513e-08 -1.575247e-06 7.323108e-05 1.955738e-04 -4.458509e-05 -2.818923e-05
10386.200000 -2.845849e-05 -1.024623e-06 -9.532081e-08 -1.571721e-06 6.646644e-05 2.044477e-04 -3.858215e-05 -3.612262e-05
10386.400000 -2.845033e-05 -1.027618e-06 -9.566170e-08 -1.569411e-06 6.592316e-05 2.064440e-04 -3.259674e-05 -4.222634e-05
10386.600000 -2.845789e-05 -1.030068e-06 -9.585351e-08 -1.567298e-06 6.507249e-05 1.781302e-04 -4.311901e-05 -5.024032e-05
10386.800000 -2.847973e-05 -1.034085e-06 -9.635981e-08 -1.564755e-06 7.509520e-05 1.893208e-04 -4.320001e-05 -3.738343e-05
10387.000000 -2.850401e-05 -1.038390e-06 -9.682537e-08 -1.561900e-06 7.521701e-05 2.025741e-04 -3.351798e-05 -3.088044e-05
10387.200000 -2.851180e-05 -1.040296e-06 -9.690168e-08 -1.560273e-06 7.003434e-05 1.966582e-04 -4.432181e-05 -4.073060e-05
10387.400000 -2.850021e-05 -1.040784e-06 -9.686953e-08 -1.557894e-06 7.312191e-05 1.985646e-04 -4.811145e-05 -4.720511e-05
10387.600000 -2.849067e-05 -1.038026e-06 -9.633195e-08 -1.556546e-06 6.811523e-05 1.920165e-04 -4.639295e-05 -5.083596e-05
10387.800000 -2.848030e-05 -1.037536e-06 -9.622379e-08 -1.555752e-06 6.982214e-05 1.845929e-04 -3.777875e-05 -4.207671e-05
10388.000000 -2.848930e-05 -1.038512e-06 -9.623143e-08 -1.554347e-06 7.136568e-05 1.832942e-04 -3.635037e-05 -2.560759e-05
10388.200000 -2.849125e-05 -1.040015e-06 -9.658095e-08 -1.553794e-06 6.904340e-05 1.885919e-04 -4.655772e-05 -2.272213e-05
10388.400000 -2.848296e-05 -1.040098e-06 -9.676922e-08 -1.553018e-06 5.985666e-05 1.792347e-04 -5.041071e-05 -2.941581e-05
10388.600000 -2.845254e-05 -1.035785e-06 -9.606998e-08 -1.553189e-06 6.361261e-05 2.032273e-04 -4.645357e-05 -3.672779e-05
10388.800000 -2.843811e-05 -1.037639e-06 -9.604010e-08 -1.553015e-06 6.954467e-05 2.035285e-04 -4.754889e-05 -3.368505e-05
10389.000000 -2.843862e-05 -1.034184e-06 -9.541054e-08 -1.551868e-06 7.423200e-05 1.951989e-04 -5.249475e-05 -3.787361e-05
10389.200000 -2.846681e-05 -1.040152e-06 -9.564914e-08 -1.550909e-06 7.954243e-05 1.916651e-04 -3.776653e-05 -3.371342e-05
10389.400000 -2.848138e-05 -1.042052e-06 -9.577109e-08 -1.549643e-06 7.757145e-05 1.868808e-04 -5.219744e-05 -4.253038e-05
10389.600000 -2.848370e-05 -1.040988e-06 -9.590509e-08 -1.548364e-06 7.244076e-05 1.979918e-04 -4.884358e-05 -3.129583e-05
10389.800000 -2.848384e-05 -1.043023e-06 -9.588355e-08 -1.548088e-06 6.995430e-05 2.258113e-04 -4.508917e-05 -3.610299e-05
10390.000000 -2.848100e-05 -1.041434e-06 -9.548297e-08 -1.547462e-06 7.129929e-05 2.066784e-04 -4.115614e-05 -3.195374e-05
10390.200000 -2.847978e-05 -1.042862e-06 -9.546684e-08 -1.546755e-06 6.704262e-05 2.024788e-04 -2.410512e-05 -2.863675e-05
10390.400000 -2.848724e-05 -1.043233e-06 -9.532725e-08 -1.546636e-06 6.945084e-05 2.170185e-04 -3.531556e-05 -3.266824e-05
10390.600000 -2.848500e-05 -1.043680e-06 -9.557090e-08 -1.546150e-06 6.143002e-05 2.091067e-04 -3.501007e-05 -2.156018e-05
10390.800000 -2.846103e-05 -1.044218e-06 -9.560658e-08 -1.546333e-06 6.385676e-05 2.096718e-04 -3.584029e-05 -2.936313e-05
10391.000000 -2.839191e-05 -1.031754e-06 -9.432861e-08 -1.545418e-06 6.508683e-05 2.342081e-04 -4.089336e-05 -3.627648e-05
10391.200000 -2.835623e-05 -1.029564e-06 -9.401205e-08 -1.545261e-06 6.878170e-05 2.246597e-04 -3.406258e-05 -3.737679e-05
10391.400000 -2.837646e-05 -1.031013e-06 -9.409892e-08 -1.545191e-06 5.975965e-05 2.307243e-04 -3.474007e-05 -3.895968e-05
10391.600000 -2.842431e-05 -1.038985e-06 -9.466635e-08 -1.545311e-06 5.429579e-05 2.016603e-04 -3.748684e-05 -4.420747e-05
10391.800000 -2.844923e-05 -1.044535e-06 -9.503887e-08 -1.545048e-06 6.703758e-05 2.093997e-04 -4.096933e-05 -3.573333e-05
10392.000000 -2.844706e-05 -1.043291e-06 -9.466096e-08 -1.544420e-06 6.921682e-05 2.005893e-04 -6.053425e-05 -3.633849e-05
10392.200000 -2.846348e-05 -1.048284e-06 -9.489939e-08 -1.543891e-06 6.656681e-05 1.754647e-04 -3.944377e-05 -3.254563e-05
10392.400000 -2.846412e-05 -1.047881e-06 -9.458950e-08 -1.543449e-06 6.100611e-05 1.854406e-04 -3.900975e-05 -3.853811e-05
10392.600000 -2.845231e-05 -1.046932e-06 -9.429531e-08 -1.542966e-06 6.920979e-05 1.981632e-04 -3.827570e-05 -2.513425e-05
10392.800000 -2.846048e-05 -1.048886e-06 -9.450023e-08 -1.542950e-06 6.713351e-05 1.828956e-04 -4.359769e-05 -2.611316e-05
10393.000000 -2.845461e-05 -1.048351e-06 -9.451886e-08 -1.543047e-06 6.258758e-05 2.006949e-04 -5.589740e-05 -3.193375e-05
10393.200000 -2.844448e-05 -1.047011e-06 -9.410624e-08 -1.543436e-06 7.317755e-05 1.977969e-04 -5.546438e-05 -3.057308e-05
10393.400000 -2.841946e-05 -1.043946e-06 -9.364341e-08 -1.544035e-06 7.271639e-05 1.981885e-04 -5.090245e-05 -2.625724e-05
10393.600000 -2.840985e-05 -1.043174e-06 -9.357801e-08 -1.543291e-06 7.724424e-05 1.889568e-04 -4.342749e-05 -2.707955e-05
10393.800000 -2.839846e-05 -1.039299e-06 -9.323468e-08 -1.543967e-06 8.130866e-05 1.924675e-04 -4.662002e-05 -3.551165e-05
10394.000000 -2.836787e-05 -1.039144e-06 -9.312436e-08 -1.543946e-06 7.455194e-05 2.035758e-04 -4.838738e-05 -3.361979e-05
10394.200000 -2.837240e-05 -1.037935e-06 -9.305373e-08 -1.543583e-06 8.080457e-05 1.857245e-04 -3.520725e-05 -2.515859e-05
10394.400000 -2.838980e-05 -1.042171e-06 -9.338238e-08 -1.543269e-06 7.635033e-05 1.765203e-04 -4.163784e-05 -3.005067e-05
10394.600000 -2.840734e-05 -1.046164e-06 -9.348976e-08 -1.544328e-06 7.835406e-05 1.796288e-04 -3.790959e-05 -3.070752e-05
10394.800000 -2.836073e-05 -1.035993e-06 -9.251616e-08 -1.543716e-06 8.161195e-05 1.721467e-04 -2.284289e-05 -2.017010e-05
10395.000000 -2.839276e-05 -1.044256e-06 -9.322533e-08 -1.543766e-06 8.147566e-05 1.729260e-04 -2.878809e-05 -2.911022e-05
10395.200000 -2.839379e-05 -1.042072e-06 -9.281814e-08 -1.544055e-06 8.033942e-05 1.872530e-04 -4.215728e-05 -3.025375e-05
10395.400000 -2.837879e-05 -1.042210e-06 -9.247944e-08 -1.542856e-06 7.221874e-05 2.113865e-04 -3.419502e-05 -2.232749e-05
10395.600000 -2.840442e-05 -1.047538e-06 -9.293975e-08 -1.543064e-06 6.677626e-05 2.060270e-04 -4.415014e-05 -2.429349e-05
10395.800000 -2.836287e-05 -1.041736e-06 -9.230591e-08 -1.541608e-06 7.027929e-05 1.962774e-04 -5.013740e-05 -2.414547e-05
10396.000000 -2.836304e-05 -1.041291e-06 -9.221188e-08 -1.540531e-06 6.190728e-05 1.711097e-04 -4.837356e-05 -2.166564e-05
10396.200000 -2.840461e-05 -1.049367e-06 -9.293404e-08 -1.539211e-06 6.411991e-05 2.204437e-04 -4.285956e-05 -2.561484e-05
10396.400000 -2.842050e-05 -1.051867e-06 -9.294849e-08 -1.537474e-06 7.263769e-05 2.264637e-04 -2.981857e-05 -2.438871e-05
10396.600000 -2.841959e-05 -1.052370e-06 -9.274839e-08 -1.536679e-06 7.406597e-05 1.893167e-04 -3.031274e-05 -3.005480e-05
10396.800000 -2.839802e-05 -1.050264e-06 -9.250465e-08 -1.534788e-06 7.054165e-05 1.939223e-04 -6.612972e-06 -2.627319e-05
10397.000000 -2.839375e-05 -1.051181e-06 -9.250363e-08 -1.533963e-06 6.492015e-05 1.780635e-04 -1.883044e-05 -2.635990e-05
10397.227860 -2.838771e-05 -1.049888e-06 -9.232791e-08 -1.530723e-06 6.933832e-05 1.673463e-04 -3.268346e-05 -2.367375e-05
10397.483581 -2.836710e-05 -1.047991e-06 -9.238599e-08 -1.527768e-06 6.789168e-05 1.707236e-04 -3.817313e-05 -2.913956e-05
10397.767162 -2.836606e-05 -1.048951e-06 -9.247022e-08 -1.523973e-06 7.007690e-05 1.572048e-04 -2.595737e-05 -2.935752e-05
10398.078604 -2.838941e-05 -1.054243e-06 -9.267027e-08 -1.519132e-06 7.414722e-05 1.463083e-04 -2.018307e-05 -1.978244e-05
10398.417905 -2.837458e-05 -1.053317e-06 -9.254229e-08 -1.514119e-06 7.206557e-05 1.622069e-04 -3.009126e-05 -1.780853e-05
10398.785067 -2.838354e-05 -1.055839e-06 -9.259205e-08 -1.508440e-06 6.992184e-05 1.729651e-04 -3.501809e-05 -2.447300e-05
10399.180090 -2.840420e-05 -1.062799e-06 -9.270448e-08 -1.501137e-06 7.401604e-05 1.832479e-04 -4.005409e-05 -2.382063e-05
10399.602973 -2.836733e-05 -1.059564e-06 -9.235683e-08 -1.494355e-06 8.905975e-05 1.784997e-04 -3.461947e-05 -1.795077e-05
10400.053716 -2.838797e-05 -1.065373e-06 -9.264784e-08 -1.487046e-06 8.837198e-05 1.824728e-04 -3.687704e-05 -2.405510e-05
10400.532319 -2.837481e-05 -1.067767e-06 -9.295194e-08 -1.478883e-06 7.540478e-05 2.031195e-04 -4.306206e-05 -2.006535e-05
10401.038783 -2.830230e-05 -1.060453e-06 -9.272889e-08 -1.471727e-06 7.703928e-05 1.960806e-04 -4.715622e-05 -2.719587e-05
10401.573107 -2.833930e-05 -1.067675e-06 -9.321911e-08 -1.465577e-06 7.957305e-05 1.696308e-04 -3.865627e-05 -2.187219e-05
10402.135292 -2.838635e-05 -1.077618e-06 -9.399438e-08 -1.460012e-06 8.925391e-05 1.919738e-04 -3.968057e-05 -1.430041e-05
10402.725337 -2.837117e-05 -1.077415e-06 -9.410566e-08 -1.455701e-06 8.930244e-05 1.823928e-04 -3.381745e-05 -3.696930e-06
10403.343242 -2.836580e-05 -1.078372e-06 -9.412012e-08 -1.452379e-06 8.670506e-05 1.647421e-04 -4.140409e-05 -1.021690e-05
10403.989008 -2.833449e-05 -1.075444e-06 -9.421212e-08 -1.450877e-06 7.830270e-05 1.446533e-04 -4.038712e-05 -2.836479e-06
10404.662634 -2.833059e-05 -1.074997e-06 -9.470722e-08 -1.451046e-06 7.150901e-05 1.525786e-04 -5.182130e-05 5.121036e-07
10405.364120 -2.832735e-05 -1.075799e-06 -9.497032e-08 -1.451782e-06 7.090935e-05 1.689309e-04 -5.781663e-05 -9.802258e-07
10406.093467 -2.830847e-05 -1.074479e-06 -9.574157e-08 -1.454224e-06 7.266903e-05 1.805249e-04 -4.106801e-05 -2.961254e-06
10406.850674 -2.833052e-05 -1.078619e-06 -9.669440e-08 -1.456368e-06 7.407244e-05 1.864816e-04 -3.540461e-05 -3.976028e-06
10407.635741 -2.832858e-05 -1.077782e-06 -9.690204e-08 -1.459929e-06 7.249048e-05 2.075950e-04 -4.759291e-05 -5.455357e-06
10408.448669 -2.831772e-05 -1.075820e-06 -9.767275e-08 -1.463656e-06 7.127735e-05 2.190353e-04 -4.188470e-05 -8.410874e-06
10409.289457 -2.830797e-05 -1.075124e-06 -9.844144e-08 -1.467640e-06 7.529500e-05 2.255587e-04 -5.211625e-05 2.170504e-07
10410.158106 -2.829038e-05 -1.073292e-06 -9.918480e-08 -1.472513e-06 7.890590e-05 2.366565e-04 -5.472618e-05 8.521570e-07
10411.054614 -2.826597e-05 -1.069054e-06 -1.000335e-07 -1.478836e-06 6.795338e-05 2.224772e-04 -3.609450e-05 -1.695580e-06
10411.978983 -2.822861e-05 -1.063674e-06 -1.004272e-07 -1.486355e-06 6.393305e-05 2.417937e-04 -2.404187e-05 -1.943479e-06
10412.931213 -2.826884e-05 -1.068691e-06 -1.016759e-07 -1.495285e-06 6.385587e-05 2.179606e-04 -3.068214e-05 2.823332e-06
10413.911303 -2.826207e-05 -1.067636e-06 -1.021979e-07 -1.505616e-06 6.511420e-05 2.209642e-04 -3.007093e-05 5.488633e-06
10414.919253 -2.825556e-05 -1.065627e-06 -1.024143e-07 -1.516775e-06 7.285986e-05 2.710940e-04 -3.697444e-05 -2.941574e-06
10415.955064 -2.822740e-05 -1.058995e-06 -1.023171e-07 -1.528962e-06 7.187707e-05 2.825789e-04 -2.479844e-05 -2.369019e-06
10417.018734 -2.817273e-05 -1.050605e-06 -1.023734e-07 -1.539405e-06 7.500453e-05 2.772464e-04 -2.758206e-05 -8.165300e-07
10418.110266 -2.819919e-05 -1.053072e-06 -1.027657e-07 -1.549260e-06 7.447618e-05 2.690422e-04 -3.027818e-05 -7.420830e-06
10419.232723 -2.820536e-05 -1.052156e-06 -1.027050e-07 -1.557882e-06 7.556793e-05 2.876345e-04 -4.378520e-05 -5.570808e-06
10420.367373 -2.815515e-05 -1.044381e-06 -1.022847e-07 -1.565233e-06 7.426826e-05 2.839441e-04 -4.294207e-05 -3.719781e-06
10421.514214 -2.811891e-05 -1.039140e-06 -1.013422e-07 -1.571534e-06 7.242557e-05 2.695964e-04 -4.351556e-05 -1.400484e-05
10422.673248 -2.804565e-05 -1.028397e-06 -1.001100e-07 -1.575722e-06 6.801645e-05 2.575989e-04 -4.978281e-05 -1.438865e-05
10423.844473 -2.803097e-05 -1.026210e-06 -9.977194e-08 -1.579961e-06 6.832157e-05 2.499915e-04 -4.471319e-05 -7.048847e-06
10425.027890 -2.798364e-05 -1.021389e-06 -9.899112e-08 -1.581877e-06 6.637935e-05 2.519238e-04 -3.888289e-05 2.172696e-07
10426.223499 -2.798553e-05 -1.021926e-06 -9.916116e-08 -1.584470e-06 6.703198e-05 2.573387e-04 -4.374175e-05 -1.281943e-07
10427.431300 -2.799315e-05 -1.024037e-06 -9.927652e-08 -1.586856e-06 5.091191e-05 2.475445e-04 -4.750338e-05 -7.654930e-06
10428.651293 -2.799402e-05 -1.025886e-06 -9.923874e-08 -1.588316e-06 5.258824e-05 2.447805e-04 -4.081585e-05 -5.520884e-06
10429.883478 -2.796494e-05 -1.023269e-06 -9.918496e-08 -1.589548e-06 5.888220e-05 2.552421e-04 -5.249970e-05 -8.646374e-06
10431.127855 -2.797441e-05 -1.026677e-06 -9.948925e-08 -1.591504e-06 5.925343e-05 2.525614e-04 -5.209351e-05 -1.516302e-05
10432.384423 -2.800914e-05 -1.032641e-06 -9.957080e-08 -1.594752e-06 6.542164e-05 2.424456e-04 -2.110467e-05 -9.625243e-06
10433.653184 -2.803849e-05 -1.039233e-06 -1.000312e-07 -1.596111e-06 6.508095e-05 2.749031e-04 -1.762208e-05 -1.808924e-05
10434.934136 -2.800285e-05 -1.037052e-06 -1.000598e-07 -1.597509e-06 5.701947e-05 2.608108e-04 -1.972998e-05 -2.129428e-05
10436.227280 -2.798876e-05 -1.037004e-06 -1.000493e-07 -1.597598e-06 6.419752e-05 2.522456e-04 -6.501194e-06 -1.054588e-05
10437.532617 -2.799250e-05 -1.038710e-06 -9.993034e-08 -1.596844e-06 5.866975e-05 2.524321e-04 -1.050117e-05 -1.179120e-05
10438.850145 -2.798075e-05 -1.039003e-06 -9.986333e-08 -1.595554e-06 5.902783e-05 2.544619e-04 -1.667895e-05 -2.409646e-05
10440.179865 -2.795532e-05 -1.037642e-06 -9.958780e-08 -1.594543e-06 6.491854e-05 2.619206e-04 -2.142059e-05 -2.827877e-05
10441.521777 -2.791863e-05 -1.034629e-06 -9.909006e-08 -1.592381e-06 6.910694e-05 2.761689e-04 -2.354097e-05 -2.441571e-05
10442.875881 -2.791138e-05 -1.035833e-06 -9.902973e-08 -1.590108e-06 6.727408e-05 2.902874e-04 -3.090872e-05 -3.035428e-05
10444.242177 -2.787377e-05 -1.034498e-06 -9.889314e-08 -1.586970e-06 8.041263e-05 2.796936e-04 -3.787169e-05 -2.650335e-05
10445.620664 -2.786551e-05 -1.036375e-06 -9.887731e-08 -1.585374e-06 7.601752e-05 2.648543e-04 -3.492207e-05 -2.319918e-05
10447.011344 -2.789602e-05 -1.043964e-06 -9.898081e-08 -1.582113e-06 6.822054e-05 2.854043e-04 -3.624650e-05 -1.895925e-05
10448.414215 -2.787824e-05 -1.045536e-06 -9.871718e-08 -1.579501e-06 7.146168e-05 2.872323e-04 -3.522403e-05 -2.137651e-05
10449.829279 -2.786404e-05 -1.046216e-06 -9.876692e-08 -1.577139e-06 6.014655e-05 2.673220e-04 -2.952289e-05 -2.375030e-05
10451.256534 -2.785249e-05 -1.048628e-06 -9.895376e-08 -1.574326e-06 7.247667e-05 2.537880e-04 -2.045965e-05 -1.758007e-05
10452.695981 -2.782921e-05 -1.050721e-06 -9.919111e-08 -1.571236e-06 7.823564e-05 2.384695e-04 -2.236367e-05 -1.367812e-05
10454.147620 -2.781942e-05 -1.052751e-06 -9.944219e-08 -1.568379e-06 7.959982e-05 2.490125e-04 -2.675555e-05 -1.363147e-05
10455.611452 -2.780137e-05 -1.053870e-06 -9.964551e-08 -1.566359e-06 8.130999e-05 2.384698e-04 -2.836770e-05 -1.457678e-05
10457.087475 -2.777808e-05 -1.054323e-06 -9.959405e-08 -1.564162e-06 6.415382e-05 2.514243e-04 -3.687969e-05 -6.850215e-06
10458.575689 -2.775274e-05 -1.054461e-06 -9.941453e-08 -1.561890e-06 6.552983e-05 2.433220e-04 -2.546089e-05 -1.435336e-06
10460.076096 -2.773748e-05 -1.055465e-06 -9.928277e-08 -1.559656e-06 7.228861e-05 2.475724e-04 -4.139893e-05 1.016248e-05
10461.588695 -2.768546e-05 -1.050672e-06 -9.878318e-08 -1.557645e-06 7.232645e-05 2.541901e-04 -3.693072e-05 1.513992e-05
10463.113485 -2.768945e-05 -1.054799e-06 -9.917163e-08 -1.555946e-06 7.271134e-05 2.517573e-04 -3.842298e-05 2.061304e-05
10464.650468 -2.765173e-05 -1.051482e-06 -9.879460e-08 -1.555339e-06 6.763792e-05 2.656203e-04 -2.782591e-05 3.795768e-05
10466.199642 -2.763118e-05 -1.052933e-06 -9.873106e-08 -1.554410e-06 5.518583e-05 2.649874e-04 -3.039916e-05 3.382552e-05
10467.761009 -2.762996e-05 -1.055938e-06 -9.859769e-08 -1.553827e-06 5.640513e-05 2.611763e-04 -2.871248e-05 2.931129e-05
10469.334567 -2.762062e-05 -1.057860e-06 -9.857087e-08 -1.552732e-06 5.566123e-05 2.268942e-04 -3.764607e-05 2.863001e-05
10470.920317 -2.759572e-05 -1.057395e-06 -9.843900e-08 -1.552117e-06 5.922909e-05 2.106687e-04 -2.881645e-05 1.732732e-05
10472.518259 -2.757831e-05 -1.056831e-06 -9.838287e-08 -1.551912e-06 6.502464e-05 2.040998e-04 -4.010309e-05 -5.841570e-06
10474.128393 -2.757159e-05 -1.060959e-06 -9.891629e-08 -1.550868e-06 7.291031e-05 2.050714e-04 -4.219310e-05 -1.005098e-05
10475.750719 -2.756068e-05 -1.063011e-06 -9.930876e-08 -1.550184e-06 7.347788e-05 2.198843e-04 -3.291909e-05 -2.298775e-06
10477.385237 -2.753937e-05 -1.063128e-06 -9.965613e-08 -1.549674e-06 6.685494e-05 2.112416e-04 -3.466288e-05 -3.145510e-06
10479.031946 -2.750398e-05 -1.061488e-06 -9.985720e-08 -1.549306e-06 6.563288e-05 2.079591e-04 -3.528554e-05 6.181298e-07
10480.690848 -2.745520e-05 -1.057627e-06 -9.989989e-08 -1.548987e-06 6.282008e-05 1.931477e-04 -3.790221e-05 3.996035e-06
10482.361942 -2.743024e-05 -1.057554e-06 -1.001825e-07 -1.548108e-06 6.714998e-05 1.817151e-04 -4.956685e-05 -1.184047e-06
10484.045227 -2.740135e-05 -1.058974e-06 -1.007980e-07 -1.546629e-06 6.089240e-05 1.969580e-04 -3.706790e-05 -8.303922e-06
10485.740704 -2.740495e-05 -1.061246e-06 -1.014927e-07 -1.548225e-06 6.898961e-05 1.984754e-04 -3.620924e-05 -1.123685e-05
10487.448374 -2.740216e-05 -1.063812e-06 -1.021346e-07 -1.549163e-06 7.220223e-05 2.060556e-04 -3.596956e-05 -1.098780e-05
10489.168235 -2.736904e-05 -1.061159e-06 -1.024038e-07 -1.549378e-06 6.978514e-05 2.012553e-04 -3.172473e-05 -1.447940e-05
10490.900288 -2.734990e-05 -1.060884e-06 -1.029412e-07 -1.550551e-06 7.249953e-05 1.946246e-04 -3.232588e-05 -1.150392e-05
10492.644533 -2.732140e-05 -1.060593e-06 -1.034559e-07 -1.550936e-06 7.237262e-05 1.742187e-04 -3.329492e-05 -1.002878e-05
10494.400970 -2.729127e-05 -1.060119e-06 -1.039197e-07 -1.550963e-06 7.425924e-05 1.800268e-04 -3.470446e-05 -2.311694e-05
10496.169598 -2.720432e-05 -1.051637e-06 -1.035876e-07 -1.550761e-06 6.936010e-05 1.700608e-04 -4.409628e-05 -1.826497e-05
10497.950419 -2.722153e-05 -1.057293e-06 -1.042759e-07 -1.552968e-06 7.158651e-05 1.707871e-04 -3.397725e-05 -1.447913e-05
10499.743432 -2.723973e-05 -1.061535e-06 -1.046158e-07 -1.555722e-06 6.368004e-05 1.718622e-04 -2.570276e-05 -1.826150e-05
10501.548636 -2.721195e-05 -1.060960e-06 -1.047885e-07 -1.558468e-06 6.155349e-05 1.452183e-04 -3.161387e-05 -2.055563e-05
10503.366032 -2.718204e-05 -1.060025e-06 -1.049518e-07 -1.559975e-06 6.862564e-05 1.520255e-04 -2.401048e-05 -1.732780e-05
10505.195621 -2.716736e-05 -1.062024e-06 -1.053275e-07 -1.562090e-06 7.424070e-05 1.890593e-04 -2.915845e-05 -2.427180e-05
10507.037401 -2.714647e-05 -1.061441e-06 -1.055172e-07 -1.564485e-06 6.540472e-05 1.888016e-04 -2.489845e-05 -1.841890e-05
10508.891373 -2.711379e-05 -1.060685e-06 -1.053443e-07 -1.566286e-06 5.960719e-05 2.005758e-04 -2.442967e-05 -1.378673e-05
10510.757537 -2.706893e-05 -1.058930e-06 -1.048901e-07 -1.567162e-06 6.742032e-05 1.873565e-04 -4.375322e-05 -1.462052e-05
10512.635893 -2.700501e-05 -1.057610e-06 -1.044539e-07 -1.565621e-06 6.633605e-05 1.832060e-04 -2.851178e-05 -6.461982e-06
10514.526441 -2.693361e-05 -1.052693e-06 -1.037495e-07 -1.564336e-06 6.665215e-05 1.539300e-04 -1.431627e-05 8.797749e-07
10516.429181 -2.695546e-05 -1.055692e-06 -1.036788e-07 -1.566708e-06 6.947054e-05 1.349232e-04 -3.054988e-05 2.210369e-06
10518.344112 -2.693314e-05 -1.057131e-06 -1.033736e-07 -1.566217e-06 6.384331e-05 1.437776e-04 -3.265416e-05 -5.402276e-06
10520.271236 -2.679813e-05 -1.054952e-06 -1.030079e-07 -1.558840e-06 6.612688e-05 1.210495e-04 -2.079121e-05 -5.525001e-06
10522.210552 -2.687707e-05 -1.058098e-06 -1.031236e-07 -1.564993e-06 5.729968e-05 1.062124e-04 -1.520414e-05 6.541070e-08
10524.162059 -2.685733e-05 -1.060856e-06 -1.032664e-07 -1.564315e-06 6.435321e-05 1.349039e-04 -2.761074e-05 -3.591733e-06
10526.125758 -2.678192e-05 -1.058705e-06 -1.029013e-07 -1.560662e-06 6.875759e-05 1.481717e-04 -4.093676e-05 -1.039982e-05
10528.101649 -2.670270e-05 -1.058716e-06 -1.027528e-07 -1.555913e-06 7.620049e-05 1.471141e-04 -5.053851e-05 -1.280251e-05
10530.089733 -2.666316e-05 -1.057622e-06 -1.023930e-07 -1.555687e-06 7.473488e-05 1.441390e-04 -4.476686e-05 -2.344493e-06
10532.090008 -2.672202e-05 -1.061050e-06 -1.028262e-07 -1.559635e-06 7.767811e-05 1.581651e-04 -4.497223e-05 -1.591645e-05
10534.102475 -2.668151e-05 -1.060507e-06 -1.025488e-07 -1.557659e-06 6.286439e-05 1.628005e-04 -3.572819e-05 -2.122088e-05
10536.127133 -2.660756e-05 -1.056611e-06 -1.024023e-07 -1.554689e-06 6.209661e-05 1.372886e-04 -2.615882e-05 -2.424151e-05
10538.163984 -2.667178e-05 -1.065715e-06 -1.031039e-07 -1.556880e-06 6.775061e-05 1.331563e-04 -1.999707e-05 -7.410682e-06
10540.213027 -2.665207e-05 -1.068110e-06 -1.032541e-07 -1.556377e-06 6.737840e-05 1.622790e-04 -2.710307e-05 8.557445e-06
10542.274261 -2.659595e-05 -1.064888e-06 -1.033696e-07 -1.553791e-06 6.393870e-05 1.458050e-04 -2.955277e-05 8.858377e-06
10544.347688 -2.655933e-05 -1.065653e-06 -1.037321e-07 -1.552080e-06 6.873160e-05 1.381555e-04 -2.622916e-05 1.545503e-06
10546.433306 -2.651695e-05 -1.062108e-06 -1.036110e-07 -1.550927e-06 6.855985e-05 1.515918e-04 -2.306403e-05 1.349913e-06
10548.531117 -2.649552e-05 -1.065722e-06 -1.039861e-07 -1.550281e-06 6.178404e-05 1.625087e-04 -2.495846e-05 -2.806852e-06
10550.641119 -2.649040e-05 -1.072416e-06 -1.047409e-07 -1.549021e-06 5.842010e-05 1.468780e-04 -1.426440e-05 8.499389e-06
10552.763313 -2.642947e-05 -1.072851e-06 -1.052739e-07 -1.545132e-06 5.715389e-05 1.423533e-04 -2.857669e-05 1.082219e-05
10554.897699 -2.637196e-05 -1.070223e-06 -1.056278e-07 -1.543862e-06 5.352162e-05 1.313822e-04 -3.367352e-05 1.787557e-05
10557.044277 -2.636304e-05 -1.073165e-06 -1.064025e-07 -1.544229e-06 5.175264e-05 1.350299e-04 -3.668252e-05 7.532750e-06
10559.203047 -2.630822e-05 -1.069358e-06 -1.062428e-07 -1.542840e-06 4.966393e-05 1.514701e-04 -3.187195e-05 7.047092e-06
10561.374008 -2.628180e-05 -1.071249e-06 -1.065852e-07 -1.542536e-06 5.413597e-05 1.518433e-04 -2.987375e-05 1.052677e-05
10563.557162 -2.625491e-05 -1.073857e-06 -1.069345e-07 -1.541589e-06 5.045939e-05 1.279551e-04 -3.854601e-05 7.773140e-06
10565.752508 -2.623344e-05 -1.076195e-06 -1.072613e-07 -1.540518e-06 4.494865e-05 1.308240e-04 -3.940212e-05 -2.449107e-06
10567.960045 -2.619170e-05 -1.077000e-06 -1.075359e-07 -1.539841e-06 5.301879e-05 1.420932e-04 -4.331674e-05 3.833843e-06
10570.179775 -2.616284e-05 -1.079787e-06 -1.083009e-07 -1.539005e-06 5.588450e-05 1.450715e-04 -4.006005e-05 6.090184e-06
10572.411696 -2.613054e-05 -1.080330e-06 -1.087119e-07 -1.537671e-06 5.292246e-05 1.394607e-04 -1.538460e-05 1.636926e-05
10574.655809 -2.608496e-05 -1.081050e-06 -1.093400e-07 -1.536153e-06 5.958292e-05 1.278228e-04 -2.695763e-05 6.497024e-06
10576.912114 -2.603955e-05 -1.081730e-06 -1.098636e-07 -1.533671e-06 5.500614e-05 1.048293e-04 -2.199568e-05 2.933089e-06
10579.180611 -2.598202e-05 -1.080594e-06 -1.100668e-07 -1.532496e-06 5.800095e-05 1.142579e-04 -2.592993e-05 1.243394e-05
10581.461300 -2.594053e-05 -1.081297e-06 -1.102524e-07 -1.530696e-06 5.394643e-05 1.298457e-04 -2.675192e-05 1.302020e-05
10583.754181 -2.588267e-05 -1.080728e-06 -1.102146e-07 -1.528463e-06 5.167041e-05 1.383981e-04 -1.994794e-05 6.288734e-06
10586.059254 -2.582118e-05 -1.079974e-06 -1.099015e-07 -1.525817e-06 4.635987e-05 1.428351e-04 -2.908881e-05 7.075577e-06
10588.376518 -2.567872e-05 -1.069659e-06 -1.091232e-07 -1.521196e-06 5.004901e-05 1.502644e-04 -3.588031e-05 1.558211e-05
10590.705975 -2.550077e-05 -1.056940e-06 -1.082531e-07 -1.514109e-06 5.442775e-05 1.458918e-04 -2.830420e-05 1.879577e-05
10593.047623 -2.540388e-05 -1.055475e-06 -1.079594e-07 -1.509022e-06 4.098420e-05 1.541239e-04 -3.907492e-05 1.667348e-05
10595.401464 -2.542180e-05 -1.062380e-06 -1.085360e-07 -1.509511e-06 4.692168e-05 1.192013e-04 -3.202319e-05 1.805100e-05
10597.767496 -2.549249e-05 -1.071989e-06 -1.092305e-07 -1.512002e-06 5.464398e-05 1.177788e-04 -2.876498e-05 1.609537e-05
10600.145720 -2.553070e-05 -1.083236e-06 -1.103869e-07 -1.513333e-06 5.897745e-05 1.230867e-04 -3.153803e-05 1.294903e-05
10602.536136 -2.546635e-05 -1.081219e-06 -1.100328e-07 -1.512162e-06 5.750937e-05 1.484864e-04 -2.841621e-05 6.830631e-06
10604.938744 -2.534546e-05 -1.075686e-06 -1.094419e-07 -1.506976e-06 6.009768e-05 1.647632e-04 -2.321562e-05 6.426176e-06
10607.353544 -2.528226e-05 -1.075648e-06 -1.090624e-07 -1.502905e-06 5.952656e-05 1.763240e-04 -2.455592e-05 1.235153e-05
10609.780536 -2.524269e-05 -1.078183e-06 -1.091364e-07 -1.501523e-06 6.226002e-05 1.852706e-04 -2.809242e-05 1.582396e-05
10612.219720 -2.519997e-05 -1.078635e-06 -1.092687e-07 -1.500106e-06 5.922954e-05 1.705914e-04 -2.283099e-05 1.597963e-05
10614.671096 -2.521743e-05 -1.081081e-06 -1.094675e-07 -1.502934e-06 5.505549e-05 1.600895e-04 -2.832951e-05 2.289551e-05
10617.134663 -2.524120e-05 -1.084694e-06 -1.099517e-07 -1.506266e-06 6.257966e-05 1.519930e-04 -2.710599e-05 2.843484e-05
10619.610423 -2.523225e-05 -1.087687e-06 -1.104934e-07 -1.506875e-06 5.999883e-05 1.422546e-04 -2.318376e-05 1.149853e-05
10622.098374 -2.519062e-05 -1.088265e-06 -1.108803e-07 -1.505998e-06 6.351512e-05 1.368218e-04 -2.602822e-05 -8.081188e-06
10624.598517 -2.513062e-05 -1.086868e-06 -1.110646e-07 -1.503647e-06 5.911287e-05 1.404027e-04 -4.633661e-05 -1.599260e-05
10627.110852 -2.509381e-05 -1.090163e-06 -1.113517e-07 -1.502858e-06 5.318893e-05 1.469697e-04 -4.513541e-05 -5.739821e-06
10629.635380 -2.504860e-05 -1.090329e-06 -1.113250e-07 -1.501322e-06 5.340076e-05 1.432212e-04 -5.276002e-05 -1.414303e-05
10632.172099 -2.498834e-05 -1.088872e-06 -1.111969e-07 -1.498941e-06 4.749662e-05 1.673198e-04 -4.158721e-05 -1.182224e-05
10634.721009 -2.492251e-05 -1.088704e-06 -1.113289e-07 -1.496104e-06 4.896744e-05 1.654201e-04 -4.248806e-05 -7.005516e-06
10637.282112 -2.486237e-05 -1.088927e-06 -1.114937e-07 -1.493511e-06 4.592689e-05 1.624519e-04 -4.269280e-05 -6.383659e-06
10639.855407 -2.481323e-05 -1.088833e-06 -1.117678e-07 -1.492733e-06 5.590472e-05 1.670645e-04 -3.226174e-05 -5.865838e-06
10642.440894 -2.474313e-05 -1.088752e-06 -1.119928e-07 -1.489023e-06 6.411777e-05 1.491436e-04 -3.434073e-05 -9.831856e-06
10645.038572 -2.466000e-05 -1.086984e-06 -1.121161e-07 -1.485426e-06 6.662625e-05 1.568332e-04 -3.609272e-05 -6.801055e-06
10647.648443 -2.463320e-05 -1.090612e-06 -1.126926e-07 -1.484653e-06 5.911600e-05 1.427404e-04 -3.582623e-05 -1.187796e-05
10650.270505 -2.459593e-05 -1.094633e-06 -1.132755e-07 -1.483076e-06 5.752890e-05 1.352701e-04 -4.093241e-05 -1.775844e-05
10652.904759 -2.452763e-05 -1.093139e-06 -1.132554e-07 -1.479302e-06 5.801376e-05 1.476447e-04 -3.921218e-05 -1.670667e-05
10655.551205 -2.444779e-05 -1.090872e-06 -1.132546e-07 -1.476047e-06 5.416227e-05 1.409486e-04 -3.920139e-05 -1.047886e-05
10658.209844 -2.426902e-05 -1.079708e-06 -1.126141e-07 -1.468252e-06 6.942801e-05 1.502688e-04 -5.569485e-05 -1.513500e-05
10660.880674 -2.428404e-05 -1.085853e-06 -1.137068e-07 -1.469696e-06 7.265375e-05 1.552140e-04 -4.652503e-05 -1.697201e-05
10663.563696 -2.428817e-05 -1.089655e-06 -1.145356e-07 -1.470619e-06 6.649970e-05 1.694322e-04 -4.353791e-05 -9.236216e-06
10666.258909 -2.423133e-05 -1.090839e-06 -1.150764e-07 -1.467616e-06 7.046587e-05 1.527852e-04 -4.825732e-05 -6.313327e-06
10668.966315 -2.413569e-05 -1.086722e-06 -1.148283e-07 -1.462997e-06 7.115962e-05 1.546948e-04 -4.259626e-05 -3.569890e-06
10671.685913 -2.410376e-05 -1.092557e-06 -1.154187e-07 -1.460826e-06 6.188554e-05 1.514212e-04 -3.532251e-05 -1.121514e-05
10674.417702 -2.403043e-05 -1.091068e-06 -1.154746e-07 -1.457387e-06 5.717439e-05 1.365995e-04 -4.078667e-05 -1.043716e-05
10677.161684 -2.390949e-05 -1.083956e-06 -1.150028e-07 -1.451816e-06 5.699166e-05 1.659762e-04 -4.101824e-05 -8.990581e-06
10679.917857 -2.380379e-05 -1.082495e-06 -1.148144e-07 -1.445690e-06 5.149617e-05 1.648749e-04 -4.859201e-05 -1.859158e-05
10682.686222 -2.376562e-05 -1.088635e-06 -1.156359e-07 -1.442476e-06 6.086982e-05 1.884514e-04 -4.387335e-05 -3.105971e-05
10685.466780 -2.369680e-05 -1.090575e-06 -1.162168e-07 -1.438867e-06 5.478048e-05 1.769959e-04 -5.007692e-05 -4.135614e-05
10688.259529 -2.356658e-05 -1.085645e-06 -1.159139e-07 -1.431380e-06 5.889850e-05 1.635091e-04 -3.927981e-05 -3.093075e-05
10691.064470 -2.348034e-05 -1.083454e-06 -1.158937e-07 -1.428787e-06 7.290904e-05 1.872396e-04 -4.018946e-05 -2.243632e-05
10693.881602 -2.350367e-05 -1.088143e-06 -1.162687e-07 -1.431690e-06 6.450358e-05 2.001576e-04 -2.933747e-05 -1.773122e-05
10696.710927 -2.347477e-05 -1.087099e-06 -1.164863e-07 -1.431878e-06 6.646767e-05 1.977542e-04 -3.405355e-05 -1.984710e-05
10699.552444 -2.343544e-05 -1.089931e-06 -1.167790e-07 -1.429464e-06 6.155192e-05 1.859233e-04 -3.196161e-05 -2.232595e-05
10702.406153 -2.332866e-05 -1.090113e-06 -1.169072e-07 -1.423716e-06 6.519381e-05 1.813940e-04 -3.277315e-05 -2.123966e-05
10705.272053 -2.324031e-05 -1.088366e-06 -1.164990e-07 -1.419711e-06 6.162947e-05 1.995863e-04 -3.234410e-05 -1.212196e-05
10708.150146 -2.319135e-05 -1.083418e-06 -1.159662e-07 -1.419265e-06 5.962895e-05 1.877397e-04 -2.772918e-05 -1.399655e-05
10711.040430 -2.320943e-05 -1.089388e-06 -1.166222e-07 -1.421266e-06 6.248561e-05 1.669442e-04 -2.773389e-05 -1.522104e-05
10713.942906 -2.319944e-05 -1.094724e-06 -1.171912e-07 -1.421146e-06 6.206162e-05 1.613410e-04 -2.552157e-05 -1.959814e-05
10716.857574 -2.315422e-05 -1.096044e-06 -1.177162e-07 -1.418624e-06 6.354828e-05 1.668847e-04 -1.421128e-05 -2.286411e-05
10719.784435 -2.307612e-05 -1.094467e-06 -1.175606e-07 -1.415135e-06 6.033001e-05 1.678743e-04 -2.849705e-05 -2.467374e-05
10722.723487 -2.298488e-05 -1.089961e-06 -1.173131e-07 -1.411499e-06 6.157694e-05 1.554267e-04 -3.139153e-05 -2.546762e-05
10725.674730 -2.289409e-05 -1.086103e-06 -1.173404e-07 -1.407662e-06 5.837144e-05 1.552069e-04 -2.531075e-05 -3.492337e-05
10728.638166 -2.279587e-05 -1.084468e-06 -1.172072e-07 -1.402881e-06 6.223833e-05 1.541525e-04 -2.777628e-05 -3.420932e-05
10731.613794 -2.269149e-05 -1.080133e-06 -1.164563e-07 -1.397511e-06 6.502381e-05 1.608166e-04 -3.286199e-05 -2.617480e-05
10734.601614 -2.270149e-05 -1.088132e-06 -1.172429e-07 -1.397549e-06 6.211898e-05 1.757463e-04 -3.196784e-05 -2.758982e-05
10737.601625 -2.263400e-05 -1.088348e-06 -1.175215e-07 -1.394705e-06 5.568429e-05 1.882443e-04 -2.228184e-05 -1.466155e-05
10740.613829 -2.253604e-05 -1.083371e-06 -1.171104e-07 -1.390546e-06 5.919560e-05 1.566599e-04 -1.630724e-05 -9.431357e-06
10743.638224 -2.240533e-05 -1.074680e-06 -1.165796e-07 -1.385562e-06 6.029613e-05 1.519101e-04 -3.889737e-05 -1.664129e-05
10746.674811 -2.235124e-05 -1.076897e-06 -1.169976e-07 -1.382655e-06 5.758293e-05 1.653914e-04 -3.424251e-05 -2.772778e-05
10749.723590 -2.231538e-05 -1.082806e-06 -1.179641e-07 -1.379989e-06 5.878363e-05 1.681181e-04 -3.048712e-05 -2.446081e-05
10752.784561 -2.223094e-05 -1.083075e-06 -1.183794e-07 -1.375463e-06 6.174598e-05 1.810828e-04 -2.523938e-05 -1.747877e-05
10755.857724 -2.208959e-05 -1.078521e-06 -1.177358e-07 -1.367887e-06 6.160721e-05 1.864433e-04 -3.711619e-05 -9.190283e-06
10758.943079 -2.204873e-05 -1.080604e-06 -1.180497e-07 -1.366441e-06 5.575858e-05 1.838263e-04 -3.737611e-05 6.398180e-07
10762.040626 -2.202554e-05 -1.083759e-06 -1.183384e-07 -1.366027e-06 5.508328e-05 1.656012e-04 -3.734816e-05 1.027854e-07
10765.150365 -2.190726e-05 -1.076023e-06 -1.175061e-07 -1.361003e-06 5.752438e-05 1.685033e-04 -4.059373e-05 -9.421792e-06
10768.272295 -2.181822e-05 -1.073589e-06 -1.170005e-07 -1.357138e-06 5.742085e-05 1.601880e-04 -3.548040e-05 -6.820174e-06
10771.406418 -2.174314e-05 -1.073077e-06 -1.169962e-07 -1.353262e-06 5.605050e-05 1.565680e-04 -3.438948e-05 -1.200691e-05
10774.552732 -2.163684e-05 -1.067840e-06 -1.170050e-07 -1.348109e-06 5.547866e-05 1.853223e-04 -4.364855e-05 -2.609193e-05
10777.711239 -2.156434e-05 -1.068295e-06 -1.173204e-07 -1.343950e-06 4.998921e-05 1.665281e-04 -3.955603e-05 -1.864439e-05
10780.881937 -2.147058e-05 -1.065901e-06 -1.174711e-07 -1.338951e-06 4.360976e-05 1.367113e-04 -4.085105e-05 -1.965558e-05
10784.064827 -2.139901e-05 -1.066470e-06 -1.185205e-07 -1.335402e-06 5.194456e-05 1.459510e-04 -4.175729e-05 -3.187100e-05
10787.259909 -2.131806e-05 -1.065918e-06 -1.192050e-07 -1.331671e-06 5.282368e-05 1.344425e-04 -4.027542e-05 -2.738505e-05
10790.467183 -2.120785e-05 -1.062246e-06 -1.193156e-07 -1.325835e-06 5.557899e-05 1.653282e-04 -3.068704e-05 -2.360375e-05
10793.686649 -2.108725e-05 -1.055633e-06 -1.191384e-07 -1.319953e-06 4.187412e-05 1.605986e-04 -2.031564e-05 -2.038445e-05
10796.918307 -2.099164e-05 -1.054260e-06 -1.194325e-07 -1.314553e-06 4.807663e-05 1.472024e-04 -2.476611e-05 -2.141473e-05
10800.162157 -2.088383e-05 -1.050629e-06 -1.191017e-07 -1.308648e-06 4.996647e-05 1.602679e-04 -2.947924e-05 -3.069457e-05
10803.418198 -2.075787e-05 -1.044943e-06 -1.189158e-07 -1.302215e-06 4.623945e-05 1.618547e-04 -4.030709e-05 -2.996968e-05
10806.686432 -2.060567e-05 -1.040751e-06 -1.188828e-07 -1.293296e-06 4.759794e-05 1.843230e-04 -2.936901e-05 -2.958779e-05
10809.966857 -2.057536e-05 -1.044472e-06 -1.193632e-07 -1.292683e-06 4.558747e-05 1.655987e-04 -3.391422e-05 -3.404144e-05
10813.259474 -2.049624e-05 -1.039843e-06 -1.189950e-07 -1.288878e-06 4.636737e-05 1.448252e-04 -3.114980e-05 -2.896996e-05
10816.564284 -2.038467e-05 -1.035700e-06 -1.183957e-07 -1.282532e-06 5.197364e-05 1.619596e-04 -3.649996e-05 -2.898334e-05
10819.881285 -2.031934e-05 -1.036103e-06 -1.179702e-07 -1.280057e-06 5.804832e-05 1.523730e-04 -3.692465e-05 -2.402248e-05
10823.210478 -2.022324e-05 -1.032938e-06 -1.174625e-07 -1.275020e-06 5.522646e-05 1.255769e-04 -4.118829e-05 -3.492271e-05
10826.551863 -2.005870e-05 -1.021645e-06 -1.163196e-07 -1.266425e-06 5.793836e-05 1.271134e-04 -4.592514e-05 -2.718798e-05
10829.905440 -1.994564e-05 -1.018674e-06 -1.157058e-07 -1.260171e-06 6.453297e-05 1.560273e-04 -3.712813e-05 -1.613717e-05
10833.271209 -1.981626e-05 -1.012773e-06 -1.150245e-07 -1.253253e-06 5.493000e-05 1.654480e-04 -3.007438e-05 -1.639116e-05
10836.649169 -1.972434e-05 -1.011288e-06 -1.148760e-07 -1.248826e-06 5.180290e-05 1.554094e-04 -3.343906e-05 -2.199439e-05
10840.039322 -1.965996e-05 -1.014573e-06 -1.148117e-07 -1.244310e-06 5.000945e-05 1.505114e-04 -3.913681e-05 -1.623584e-05
10843.441666 -1.959996e-05 -1.016778e-06 -1.149441e-07 -1.240837e-06 5.939558e-05 1.519315e-04 -3.455794e-05 -1.410783e-05
10846.856203 -1.950740e-05 -1.015701e-06 -1.151247e-07 -1.235554e-06 6.018578e-05 1.853129e-04 -3.632993e-05 -1.466353e-05
10850.282931 -1.936929e-05 -1.010262e-06 -1.148055e-07 -1.227523e-06 6.073507e-05 1.804233e-04 -3.632501e-05 -1.114423e-05
10853.721851 -1.920836e-05 -1.002166e-06 -1.138743e-07 -1.218313e-06 5.914753e-05 1.898424e-04 -1.766699e-05 -7.158791e-06
10857.172964 -1.913055e-05 -1.001072e-06 -1.143400e-07 -1.213934e-06 5.031908e-05 1.999835e-04 -2.653908e-05 -1.594528e-05
10860.636268 -1.904145e-05 -1.002788e-06 -1.149908e-07 -1.208449e-06 5.041590e-05 2.007038e-04 -2.646253e-05 -6.819136e-06
10864.111764 -1.893450e-05 -9.997372e-07 -1.147539e-07 -1.202165e-06 5.584276e-05 2.132807e-04 -2.772927e-05 -1.928690e-05
10867.599451 -1.878132e-05 -9.905681e-07 -1.141741e-07 -1.193354e-06 5.612745e-05 2.093772e-04 -3.139415e-05 -2.215576e-05
10871.099331 -1.868163e-05 -9.900039e-07 -1.145556e-07 -1.187284e-06 6.299960e-05 1.988432e-04 -3.439208e-05 -1.798639e-05
10874.611403 -1.851681e-05 -9.820652e-07 -1.138361e-07 -1.177931e-06 6.869038e-05 1.897537e-04 -3.586296e-05 -2.047126e-05
10878.135666 -1.821619e-05 -9.567935e-07 -1.113074e-07 -1.162653e-06 6.461499e-05 1.990008e-04 -4.140828e-05 -2.350437e-05
10881.672122 -1.815729e-05 -9.570287e-07 -1.113719e-07 -1.159948e-06 6.359969e-05 2.020162e-04 -4.856970e-05 -2.331912e-05
10885.220769 -1.818109e-05 -9.691957e-07 -1.125530e-07 -1.159925e-06 6.905376e-05 2.106839e-04 -4.606350e-05 -2.875638e-05
10888.781609 -1.807741e-05 -9.666763e-07 -1.122850e-07 -1.153941e-06 6.467718e-05 1.878383e-04 -3.578135e-05 -2.691419e-05
10892.354640 -1.795996e-05 -9.635753e-07 -1.123492e-07 -1.146729e-06 7.345102e-05 1.753743e-04 -4.736576e-05 -2.135332e-05
10895.939863 -1.783265e-05 -9.598132e-07 -1.122551e-07 -1.139496e-06 7.791122e-05 1.823250e-04 -3.954083e-05 -1.025010e-05
10899.537278 -1.768047e-05 -9.526634e-07 -1.116478e-07 -1.130824e-06 6.830811e-05 2.039701e-04 -4.104990e-05 -2.231625e-05
10903.146885 -1.751083e-05 -9.433304e-07 -1.112222e-07 -1.120877e-06 6.680576e-05 1.935716e-04 -2.914186e-05 -1.574025e-05
10906.768684 -1.734777e-05 -9.330711e-07 -1.109839e-07 -1.112552e-06 6.339181e-05 1.927277e-04 -3.748689e-05 -1.993963e-05
10910.402675 -1.728663e-05 -9.355507e-07 -1.120376e-07 -1.108114e-06 6.281073e-05 1.744875e-04 -3.116266e-05 -1.594460e-05
10914.048857 -1.716118e-05 -9.314018e-07 -1.120442e-07 -1.101290e-06 6.156695e-05 1.805434e-04 -3.376532e-05 -2.312943e-05
10917.707232 -1.692991e-05 -9.137266e-07 -1.105737e-07 -1.089431e-06 5.309136e-05 1.641539e-04 -2.156881e-05 -2.790499e-05
10921.377799 -1.686415e-05 -9.160713e-07 -1.107568e-07 -1.084479e-06 5.017055e-05 1.717164e-04 -2.249812e-05 -2.954466e-05
10925.060557 -1.680678e-05 -9.200779e-07 -1.110508e-07 -1.080513e-06 5.284325e-05 1.814705e-04 -1.955837e-05 -2.423235e-05
10928.755507 -1.670197e-05 -9.184532e-07 -1.111495e-07 -1.074547e-06 4.970888e-05 1.663777e-04 -2.409421e-05 -2.364510e-05
10932.462650 -1.656087e-05 -9.125861e-07 -1.104388e-07 -1.066329e-06 3.586956e-05 1.439847e-04 -2.341198e-05 -1.198323e-05
10936.181984 -1.641296e-05 -9.063067e-07 -1.097117e-07 -1.057649e-06 3.789972e-05 1.415569e-04 -2.154525e-05 -2.191647e-05
10939.913510 -1.629259e-05 -9.019201e-07 -1.096503e-07 -1.050569e-06 3.924297e-05 1.389754e-04 -2.640435e-05 -2.282237e-05
10943.657228 -1.617057e-05 -8.971258e-07 -1.091978e-07 -1.043880e-06 5.037106e-05 1.435678e-04 -2.497536e-05 -2.024923e-05
10947.413138 -1.601368e-05 -8.891667e-07 -1.081108e-07 -1.034927e-06 5.255209e-05 1.477704e-04 -2.787387e-05 -1.923508e-05
10951.181239 -1.583010e-05 -8.802801e-07 -1.073332e-07 -1.023600e-06 5.566155e-05 1.438862e-04 -2.510197e-05 -1.585791e-05
10954.961533 -1.567493e-05 -8.713715e-07 -1.061729e-07 -1.015011e-06 5.399824e-05 1.450085e-04 -1.133237e-05 -1.259513e-05
10958.754019 -1.554576e-05 -8.644737e-07 -1.048914e-07 -1.007957e-06 5.349678e-05 1.342875e-04 -1.605719e-05 -2.207753e-05
10962.558696 -1.541824e-05 -8.610826e-07 -1.045863e-07 -1.000489e-06 5.487128e-05 1.303652e-04 -2.554966e-05 -1.990520e-05
10966.375565 -1.535680e-05 -8.620379e-07 -1.044981e-07 -9.977377e-07 6.297086e-05 1.387955e-04 -1.971847e-05 -1.351069e-05
10970.204627 -1.526277e-05 -8.593331e-07 -1.036824e-07 -9.920662e-07 6.351673e-05 1.217198e-04 -2.417731e-05 -1.814591e-05
10974.045880 -1.511619e-05 -8.524616e-07 -1.029887e-07 -9.836805e-07 7.162169e-05 1.126501e-04 -2.482795e-05 -2.204736e-05
10977.899325 -1.497748e-05 -8.461802e-07 -1.024993e-07 -9.754433e-07 7.575660e-05 1.093893e-04 -3.829926e-05 -2.666193e-05
10981.764962 -1.484763e-05 -8.410920e-07 -1.017008e-07 -9.683830e-07 6.639850e-05 1.338061e-04 -3.580136e-05 -1.962046e-05
10985.642791 -1.471155e-05 -8.355353e-07 -1.011907e-07 -9.604272e-07 4.204875e-05 1.046346e-04 -3.039195e-05 -1.000030e-05
10989.532812 -1.459971e-05 -8.314437e-07 -1.010525e-07 -9.540003e-07 5.299589e-05 9.188627e-05 -2.634486e-05 -2.312539e-05
10993.435025 -1.448311e-05 -8.257661e-07 -1.006030e-07 -9.471284e-07 5.387997e-05 1.125848e-04 -2.930554e-05 -2.296604e-05
10997.349429 -1.433361e-05 -8.177680e-07 -1.002993e-07 -9.381919e-07 5.776476e-05 9.718329e-05 -3.445037e-05 -2.442988e-05
11001.276026 -1.422026e-05 -8.146232e-07 -1.004332e-07 -9.316752e-07 6.262693e-05 9.195462e-05 -2.676626e-05 -2.106077e-05
11005.214814 -1.409711e-05 -8.094709e-07 -9.999903e-08 -9.245918e-07 6.524773e-05 9.223256e-05 -3.030719e-05 -2.389331e-05
11009.165795 -1.392030e-05 -7.980053e-07 -9.912663e-08 -9.141416e-07 5.007850e-05 9.209225e-05 -2.567136e-05 -1.837717e-05
11013.128967 -1.374909e-05 -7.875427e-07 -9.845438e-08 -9.040483e-07 5.190820e-05 8.269331e-05 -3.334175e-05 -2.613465e-05
11017.104331 -1.370807e-05 -7.907024e-07 -9.889749e-08 -9.019848e-07 5.872135e-05 7.332164e-05 -3.366107e-05 -2.170587e-05
11021.091888 -1.360634e-05 -7.879857e-07 -9.856711e-08 -8.963223e-07 6.277410e-05 8.994515e-05 -3.835018e-05 -1.866434e-05
11025.091636 -1.347936e-05 -7.822297e-07 -9.818727e-08 -8.892189e-07 6.075319e-05 8.383073e-05 -3.125428e-05 -1.552889e-05
11029.103575 -1.332633e-05 -7.736356e-07 -9.774847e-08 -8.801798e-07 5.107626e-05 8.962217e-05 -1.957852e-05 -1.348554e-05
11033.127707 -1.316669e-05 -7.643329e-07 -9.698470e-08 -8.711651e-07 5.075187e-05 8.237782e-05 -3.165507e-05 -6.803180e-06
11037.164031 -1.306992e-05 -7.611202e-07 -9.683166e-08 -8.653390e-07 5.101033e-05 8.477810e-05 -3.541750e-05 -1.592541e-05
11041.212547 -1.300996e-05 -7.628043e-07 -9.764632e-08 -8.617984e-07 4.157285e-05 8.294617e-05 -3.648704e-05 -1.857902e-05
11045.273254 -1.290889e-05 -7.597471e-07 -9.781430e-08 -8.558244e-07 4.112582e-05 8.322360e-05 -2.950472e-05 -2.210461e-05
11049.346154 -1.278733e-05 -7.537098e-07 -9.736961e-08 -8.485147e-07 4.738732e-05 7.720048e-05 -3.570662e-05 -2.815245e-05
11053.431245 -1.262672e-05 -7.433742e-07 -9.633040e-08 -8.387697e-07 4.943508e-05 8.935511e-05 -2.600257e-05 -1.763528e-05
11057.528529 -1.251134e-05 -7.385573e-07 -9.581901e-08 -8.319725e-07 5.224951e-05 9.158763e-05 -2.364316e-05 -9.081606e-06
11061.638004 -1.238807e-05 -7.324861e-07 -9.502457e-08 -8.245514e-07 6.062800e-05 8.126430e-05 -2.798878e-05 -5.405982e-06
11065.759671 -1.228272e-05 -7.285998e-07 -9.476607e-08 -8.183599e-07 6.214383e-05 1.002081e-04 -4.087710e-05 -9.835595e-06
11069.893530 -1.217908e-05 -7.242058e-07 -9.408121e-08 -8.121668e-07 6.052615e-05 1.057163e-04 -3.276168e-05 -1.513007e-05
11074.039581 -1.206480e-05 -7.199848e-07 -9.326305e-08 -8.057909e-07 5.305710e-05 9.475050e-05 -3.305502e-05 -2.341032e-05
11078.197824 -1.198147e-05 -7.182927e-07 -9.301156e-08 -8.009595e-07 5.228759e-05 1.029187e-04 -3.379992e-05 -2.535059e-05
11082.368258 -1.187512e-05 -7.133296e-07 -9.244162e-08 -7.948178e-07 5.165518e-05 9.458774e-05 -3.918002e-05 -1.901053e-05
11086.550885 -1.176163e-05 -7.082082e-07 -9.174784e-08 -7.883878e-07 5.188332e-05 7.788349e-05 -3.292894e-05 -1.270884e-05
11090.745704 -1.164511e-05 -7.024289e-07 -9.066706e-08 -7.819302e-07 4.902448e-05 7.638171e-05 -2.658313e-05 -1.575192e-05
11094.952714 -1.154012e-05 -6.975667e-07 -8.999772e-08 -7.763163e-07 4.915907e-05 9.533859e-05 -2.505773e-05 -1.875488e-05
11099.171916 -1.141730e-05 -6.909884e-07 -8.947044e-08 -7.687428e-07 5.047841e-05 1.103189e-04 -2.464585e-05 -8.323045e-06
11103.403311 -1.130164e-05 -6.859036e-07 -8.921695e-08 -7.621976e-07 4.976968e-05 8.761607e-05 -3.238043e-05 -5.590882e-06
11107.646897 -1.119223e-05 -6.799134e-07 -8.863033e-08 -7.560213e-07 4.881779e-05 8.188445e-05 -3.430358e-05 -2.429331e-05
11111.902675 -1.109007e-05 -6.751277e-07 -8.792774e-08 -7.498682e-07 4.976530e-05 8.996418e-05 -3.608182e-05 -3.090676e-05
11116.170645 -1.098770e-05 -6.700741e-07 -8.751712e-08 -7.437468e-07 5.194034e-05 7.419458e-05 -3.117008e-05 -3.415031e-05
11120.450807 -1.087334e-05 -6.644932e-07 -8.707157e-08 -7.370946e-07 5.315155e-05 7.867542e-05 -3.765510e-05 -3.929741e-05
11124.743161 -1.077361e-05 -6.601283e-07 -8.697897e-08 -7.311893e-07 5.378479e-05 7.697215e-05 -3.055578e-05 -3.882283e-05
11129.047707 -1.067070e-05 -6.557030e-07 -8.668912e-08 -7.248426e-07 4.258871e-05 4.473666e-05 -3.111293e-05 -3.225148e-05
11133.364444 -1.056613e-05 -6.509335e-07 -8.626688e-08 -7.185593e-07 4.463085e-05 2.494523e-05 -3.989165e-05 -4.291569e-05
11137.693374 -1.046602e-05 -6.461978e-07 -8.606042e-08 -7.128100e-07 5.364705e-05 4.753396e-05 -3.193225e-05 -3.466207e-05
11142.034495 -1.035925e-05 -6.411307e-07 -8.566635e-08 -7.062202e-07 5.644615e-05 4.515279e-05 -2.772009e-05 -3.690839e-05
11146.387809 -1.026451e-05 -6.367001e-07 -8.509848e-08 -7.009292e-07 5.168194e-05 3.560435e-05 -3.074518e-05 -2.730491e-05
11150.753314 -1.015238e-05 -6.310868e-07 -8.417933e-08 -6.946676e-07 5.076576e-05 2.381856e-05 -4.287758e-05 -1.738935e-05
11155.131011 -1.001567e-05 -6.240218e-07 -8.359132e-08 -6.863632e-07 5.045659e-05 3.679333e-06 -5.101469e-05 -3.188754e-05
11159.520900 -9.792871e-06 -6.093761e-07 -8.194578e-08 -6.730427e-07 4.709672e-05 9.614821e-06 -5.325933e-05 -3.384213e-05
11163.922981 -9.732767e-06 -6.076378e-07 -8.176812e-08 -6.686799e-07 5.021636e-05 9.826213e-07 -4.179721e-05 -1.652910e-05
11168.337254 -9.666462e-06 -6.065228e-07 -8.175008e-08 -6.661897e-07 6.007752e-05 1.180599e-05 -4.723233e-05 -1.719665e-05
11172.763719 -9.639684e-06 -6.033448e-07 -8.183535e-08 -6.650788e-07 5.495350e-05 3.411116e-05 -4.834744e-05 -1.520761e-05
11177.202376 -9.565486e-06 -6.000235e-07 -8.189610e-08 -6.606800e-07 5.617026e-05 3.450074e-05 -4.083271e-05 -1.923032e-05
11181.653224 -9.456210e-06 -5.944664e-07 -8.154978e-08 -6.539830e-07 5.762319e-05 2.963122e-05 -4.739209e-05 -2.609359e-05
11186.116265 -9.331837e-06 -5.868174e-07 -8.093308e-08 -6.464537e-07 4.885970e-05 1.146026e-05 -4.906480e-05 -1.959460e-05
11190.591497 -9.277541e-06 -5.863492e-07 -8.109476e-08 -6.434940e-07 4.878105e-05 2.024262e-05 -3.884726e-05 -1.327382e-05
11195.078922 -9.196604e-06 -5.827623e-07 -8.055867e-08 -6.384782e-07 4.784718e-05 2.763247e-05 -4.023616e-05 -7.751544e-06
11199.578538 -9.071833e-06 -5.747855e-07 -7.972525e-08 -6.304888e-07 5.014246e-05 3.821690e-05 -3.649308e-05 -1.186670e-05
11204.090346 -8.970205e-06 -5.694794e-07 -7.943460e-08 -6.242418e-07 5.969415e-05 6.184540e-05 -3.427908e-05 -1.299845e-05
11208.614346 -8.890030e-06 -5.659320e-07 -7.888054e-08 -6.196827e-07 6.146859e-05 8.127602e-05 -4.081406e-05 -2.413431e-05
11213.150538 -8.818577e-06 -5.628395e-07 -7.854593e-08 -6.155643e-07 5.504043e-05 7.401860e-05 -3.358936e-05 -3.081001e-05
11217.698922 -8.728701e-06 -5.580878e-07 -7.776078e-08 -6.105783e-07 5.938176e-05 6.372766e-05 -3.830753e-05 -2.852916e-05
11222.259498 -8.631959e-06 -5.524471e-07 -7.679791e-08 -6.050563e-07 6.417951e-05 7.659237e-05 -3.111478e-05 -1.727221e-05
11226.832266 -8.536656e-06 -5.471982e-07 -7.623678e-08 -5.995327e-07 5.330018e-05 8.408292e-05 -3.764852e-05 -2.106917e-05
11231.417226 -8.436665e-06 -5.412937e-07 -7.537940e-08 -5.934792e-07 4.691307e-05 7.888522e-05 -4.076857e-05 -1.923212e-05
11236.014377 -8.336481e-06 -5.354712e-07 -7.476217e-08 -5.874667e-07 4.984339e-05 7.947667e-05 -4.173814e-05 -1.897137e-05
11240.623721 -8.259464e-06 -5.323671e-07 -7.422280e-08 -5.825582e-07 4.654938e-05 8.594794e-05 -3.200281e-05 -2.342959e-05
11245.245256 -8.174360e-06 -5.275220e-07 -7.362179e-08 -5.774391e-07 4.329318e-05 9.587041e-05 -3.491650e-05 -2.627583e-05
11249.878983 -8.085337e-06 -5.227782e-07 -7.301930e-08 -5.719687e-07 4.844834e-05 9.230695e-05 -3.357794e-05 -2.142675e-05
11254.524902 -7.983319e-06 -5.165522e-07 -7.221439e-08 -5.653079e-07 4.515611e-05 8.466216e-05 -3.508561e-05 -1.693030e-05
11259.183013 -7.874200e-06 -5.093777e-07 -7.154890e-08 -5.583599e-07 5.756453e-05 8.768146e-05 -3.531794e-05 -2.035612e-05
11263.853316 -7.828884e-06 -5.084203e-07 -7.156638e-08 -5.560668e-07 5.657412e-05 7.964185e-05 -2.753204e-05 -1.784911e-05
11268.535811 -7.745184e-06 -5.034820e-07 -7.088565e-08 -5.510373e-07 6.078339e-05 6.607341e-05 -3.074642e-05 -1.929515e-05
11273.230498 -7.654986e-06 -4.985290e-07 -7.066386e-08 -5.456325e-07 6.681699e-05 8.913285e-05 -3.330139e-05 -2.761957e-05
11277.937377 -7.584117e-06 -4.956075e-07 -7.052470e-08 -5.420440e-07 6.588007e-05 1.119883e-04 -3.598891e-05 -2.839773e-05
11282.656448 -7.494625e-06 -4.904208e-07 -7.002357e-08 -5.366992e-07 6.771247e-05 1.032901e-04 -2.971107e-05 -3.805730e-05
11287.387710 -7.408951e-06 -4.855614e-07 -6.948557e-08 -5.315215e-07 6.477859e-05 1.184182e-04 -2.690170e-05 -3.132192e-05
11292.131165 -7.306336e-06 -4.789891e-07 -6.889447e-08 -5.252377e-07 5.748321e-05 1.304456e-04 -3.092788e-05 -3.156033e-05
11296.886811 -7.229534e-06 -4.746617e-07 -6.839157e-08 -5.207746e-07 6.972734e-05 1.719691e-04 -3.210192e-05 -3.076231e-05
11301.654649 -7.153030e-06 -4.712636e-07 -6.808823e-08 -5.155934e-07 6.817746e-05 1.428274e-04 -3.248459e-05 -2.839591e-05
11306.434679 -7.054832e-06 -4.658227e-07 -6.750255e-08 -5.093027e-07 6.388486e-05 1.296708e-04 -3.685669e-05 -2.220766e-05
11311.226901 -6.952717e-06 -4.590848e-07 -6.666457e-08 -5.031449e-07 5.959017e-05 1.189088e-04 -3.515628e-05 -2.097486e-05
11316.031315 -6.899128e-06 -4.573033e-07 -6.651755e-08 -5.009952e-07 6.235262e-05 1.018159e-04 -4.014284e-05 -1.764106e-05
11320.847921 -6.854242e-06 -4.542339e-07 -6.608005e-08 -4.982511e-07 4.255019e-05 1.129639e-04 -4.736194e-05 -1.199076e-05
11325.676719 -6.768715e-06 -4.484426e-07 -6.538186e-08 -4.928677e-07 4.143100e-05 1.195853e-04 -3.435445e-05 -1.459518e-05
11330.517709 -6.678785e-06 -4.439425e-07 -6.492526e-08 -4.872752e-07 5.199085e-05 1.221706e-04 -3.027576e-05 -1.326956e-05
11335.370891 -6.571297e-06 -4.372347e-07 -6.418064e-08 -4.807276e-07 5.476552e-05 1.392563e-04 -3.588415e-05 -2.981856e-07
11340.236264 -6.559465e-06 -4.368537e-07 -6.422179e-08 -4.801594e-07 5.246959e-05 1.897379e-04 -4.229439e-05 -1.407333e-07
