# Facility.name: NSLS-II
# Facility.mode: Beam available
# Facility.current: 400.26192261272564
# Facility.current: 3 GeV
# Facility.year: 2023
# Facility.cycle: 2
# Facility.GUP: 312970
# Facility.SAF: 311402
# Experimenter.name: Esteban Fornero
# Beamline.name: ISS (8-ID)
# Beamline.x-ray_source: damping wiggler
# Beamline.collimation_mirror1.material: Si
# Beamline.collimation_mirror2.material: Pt
# Beamline.collimation_mirror2.bender_loading: -348.0
# Beamline.focusing: toroidal mirror
# Beamline.focusing.material: Pt
# Beamline.focusing.bender_loading: -419.0
# Beamline.harmonic_rejection: Si
# Mono.scan_mode: Si(111)
# Mono.d_spacing: 3.1354951
# Mono.scan_mode: pseudo-channel cut
# Mono.scan_type: fly_scan
# Mono.trajectory_name: f950a534-6fd5.txt
# Mono.direction: None
# Mono.angle_offset: 0.69366577
# Mono.angle_offset: 39.744 deg
# Mono.encoder_resolution: 48.0 nrad
# Detector.I0: ion chamber
# Detector.I1: ion chamber
# Detector.I2: ion chamber
# Detector.IF: PIPS
# Detector.I0.length: 15 cm
# Detector.I1.length: 28 cm
# Detector.I2.length: 15 cm
# Detector.IF.thickness: 300 um
# Detector.I0.gas.N2: 38.0%
# Detector.I1.gas.N2: 38.0%
# Detector.I2.gas.N2: 38.0%
# Detector.I0.gas.He: 62.0%
# Detector.I1.gas.He: 62.0%
# Detector.I2.gas.He: 62.0%
# Detector.I0.voltage: -1650.001587
# Detector.I1.voltage: -1650.000122
# Detector.I2.voltage: -1650.000488
# Detector.I0.gain: 4
# Detector.I1.gain: 6
# Detector.I2.gain: 6
# Detector.IF.gain: 6
# Detector.aux: {}
# Element.symbol: Cu
# Element.edge: K
# Element.line: None
# Scan.transient_id: 370874
# Scan.uid: 55544385-9ac8-4858-87dd-f42bd55d5db1
# Scan.edge_energy: 8979.0
# Scan.start_time: 06/23/2023  01:45:21.046753
# Scan.end_time: 06/23/2023  01:45:58.031022
# Scan.name: Cu2O+Ga2O3-1st O2-ramp (pos 001) Cu-K 0001
# Scan.comment: 
# Sample.name: Cu2O+Ga2O3-1st
# Sample.comment: 
# Sample.position.x: -66.61000258
# Sample.position.y: 30.049994074
# Sample.position.z: -10.184937499999995
# Sample.position.theta: 845.5790000000001
# SampleHeater.temperature1.setpoint: 300.0
# SampleHeater.temperature1.readback: 1372.0
# SampleHeater.current.setpoint: 0.0
# SampleHeater.current.readback: 0.0
# SampleHeater.temperature2.setpoint: 80.46745632819227
# SampleHeater.temperature2.readback: 79.9
# SampleHeater.voltage.setpoint: 0.3431426131255822
# SampleHeater.voltage.readback: 0.355
# SampleHeater.PID.P: 0.025
# SampleHeater.PID.I: 0.07
# SampleHeater.PID.D: 0.0
# SampleGasCart.MFC.CH4.setpoint: 0.0
# SampleGasCart.MFC.CH4.readback: 0.0
# SampleGasCart.MFC.CO.setpoint: 0.0
# SampleGasCart.MFC.CO.readback: 0.0
# SampleGasCart.MFC.H2.setpoint: 0.0
# SampleGasCart.MFC.H2.readback: 0.0
# SampleGasCart.MFC.exhaust.setpoint: 100.0
# SampleGasCart.MFC.exhaust.readback: 9.21
# SampleGasHandlingSystem.gas_a.name: None
# SampleGasHandlingSystem.gas_b.name: None
# SampleGasHandlingSystem.gas_c.name: None
# SampleGasHandlingSystem.gas_d.name: None
# SampleGasHandlingSystem.gas_e.name: He
# SampleGasHandlingSystem.MFC1.setpoint: 8.0
# SampleGasHandlingSystem.MFC1.readback: 7.999674320220947
# SampleGasHandlingSystem.MFC2.setpoint: 0.0
# SampleGasHandlingSystem.MFC2.readback: -0.0732421875
# SampleGasHandlingSystem.MFC3.setpoint: 0.0
# SampleGasHandlingSystem.MFC3.readback: 0.0244140625
# SampleGasHandlingSystem.MFC4.setpoint: 0.0
# SampleGasHandlingSystem.MFC4.readback: -0.0651041641831398
# SampleGasHandlingSystem.MFC5.setpoint: 0.0
# SampleGasHandlingSystem.MFC5.readback: -0.0040690102614462376
# SampleGasHandlingSystem.MFC6.setpoint: 2.0
# SampleGasHandlingSystem.MFC6.readback: 2.001953125
# SampleGasHandlingSystem.MFC7.setpoint: 0.0
# SampleGasHandlingSystem.MFC7.readback: -0.02034505270421505
# SampleGasHandlingSystem.MFC8.setpoint: 0.0
# SampleGasHandlingSystem.MFC8.readback: -0.06103515625
# SampleGasHandlingSystem.MFC9.setpoint: 0.0
# SampleGasHandlingSystem.MFC9.readback: -0.048828125
# SampleGasHandlingSystem.MFC10.setpoint: 0.0
# SampleGasHandlingSystem.MFC10.readback: 0.01220703125
# SampleGasHandlingSystem.MFC11.setpoint: 0.0
# SampleGasHandlingSystem.MFC11.readback: -0.0895182266831398
# SampleGasHandlingSystem.MFC12.setpoint: 0.0
# SampleGasHandlingSystem.MFC12.readback: -0.0406901054084301
# SampleGasHandlingSystem.MFC13.setpoint: 0.0
# SampleGasHandlingSystem.MFC13.readback: -0.048828125
# SampleGasHandlingSystem.MFC14.setpoint: 0.0
# SampleGasHandlingSystem.MFC14.readback: -0.0651041641831398
# SampleGasHandlingSystem.MFC15.setpoint: 0.0
# SampleGasHandlingSystem.MFC15.readback: -0.1017252579331398
# SampleGasHandlingSystem.MFC16.setpoint: 0.0
# SampleGasHandlingSystem.MFC16.readback: -0.02848307229578495
# SampleGasHandlingSystem.RGA.ch1.mass: 2
# SampleGasHandlingSystem.RGA.ch1.readback: 4.88157e-10
# SampleGasHandlingSystem.RGA.ch2.mass: 4
# SampleGasHandlingSystem.RGA.ch2.readback: 2.31813e-07
# SampleGasHandlingSystem.RGA.ch3.mass: 5
# SampleGasHandlingSystem.RGA.ch3.readback: 7.81276e-12
# SampleGasHandlingSystem.RGA.ch4.mass: 5
# SampleGasHandlingSystem.RGA.ch4.readback: 4.78717e-10
# SampleGasHandlingSystem.RGA.ch5.mass: 18
# SampleGasHandlingSystem.RGA.ch5.readback: 4.12431e-10
# SampleGasHandlingSystem.RGA.ch6.mass: 28
# SampleGasHandlingSystem.RGA.ch6.readback: 2.49137e-10
# SampleGasHandlingSystem.RGA.ch7.mass: 32
# SampleGasHandlingSystem.RGA.ch7.readback: 1.6684e-08
# SampleGasHandlingSystem.RGA.ch8.mass: 41
# SampleGasHandlingSystem.RGA.ch8.readback: 1.11477e-11
# SampleGasHandlingSystem.RGA.ch9.mass: 44
# SampleGasHandlingSystem.RGA.ch9.readback: 1.3846e-11
# energy  i0  it  ir  iff  aux1  aux2  aux3  aux4
 8779.000000 -3.508003e-05 -4.245683e-07 -2.808427e-07 -2.891745e-07 4.948297e-05 -1.174304e-04 -6.803344e-05 -1.272431e-06
 8784.000000 -3.519786e-05 -4.256435e-07 -2.817878e-07 -2.905615e-07 5.190420e-05 -1.270330e-04 -6.737805e-05 5.020866e-06
 8789.000000 -3.513102e-05 -4.253304e-07 -2.819138e-07 -2.907703e-07 4.129640e-05 -1.279011e-04 -6.493219e-05 2.952221e-07
 8794.000000 -3.496923e-05 -4.245997e-07 -2.816563e-07 -2.901713e-07 2.616178e-05 -1.140419e-04 -7.130705e-05 -1.244872e-05
 8799.000000 -3.457139e-05 -4.216291e-07 -2.799187e-07 -2.875034e-07 3.244284e-05 -1.017658e-04 -7.154589e-05 -1.516468e-05
 8804.000000 -3.484338e-05 -4.261300e-07 -2.829785e-07 -2.901191e-07 3.922419e-05 -1.094885e-04 -6.082568e-05 -8.767485e-06
 8809.000000 -3.475647e-05 -4.269181e-07 -2.839344e-07 -2.899746e-07 3.068041e-05 -9.165171e-05 -5.731656e-05 -1.017885e-08
 8814.000000 -3.451333e-05 -4.249332e-07 -2.826260e-07 -2.883647e-07 2.827937e-05 -9.767714e-05 -6.312494e-05 -8.236382e-06
 8819.000000 -3.442728e-05 -4.255285e-07 -2.833906e-07 -2.881678e-07 3.383722e-05 -1.068248e-04 -6.572832e-05 -5.750910e-06
 8824.000000 -3.445319e-05 -4.283849e-07 -2.850070e-07 -2.892260e-07 3.250123e-05 -1.204374e-04 -6.526533e-05 -1.439029e-05
 8829.000000 -3.429948e-05 -4.293748e-07 -2.862119e-07 -2.890255e-07 3.263222e-05 -1.128934e-04 -5.903336e-05 -1.676483e-05
 8834.000000 -3.422199e-05 -4.312556e-07 -2.874712e-07 -2.893602e-07 3.680878e-05 -1.162123e-04 -5.431818e-05 -8.828245e-06
 8839.000000 -3.412375e-05 -4.327037e-07 -2.887949e-07 -2.894410e-07 3.988433e-05 -1.005448e-04 -5.660781e-05 -1.262489e-05
 8844.000000 -3.402948e-05 -4.346700e-07 -2.903668e-07 -2.897811e-07 3.550654e-05 -1.265779e-04 -6.255338e-05 -2.063361e-05
 8849.000000 -3.399851e-05 -4.366771e-07 -2.918035e-07 -2.906650e-07 3.533822e-05 -1.289656e-04 -5.960588e-05 -2.217500e-05
 8854.000000 -3.394801e-05 -4.386224e-07 -2.930515e-07 -2.914665e-07 3.326675e-05 -1.137803e-04 -5.834228e-05 -1.489027e-05
 8859.000000 -3.382631e-05 -4.392225e-07 -2.935334e-07 -2.915273e-07 3.394192e-05 -1.136569e-04 -6.171380e-05 -1.658425e-05
 8864.000000 -3.375137e-05 -4.409515e-07 -2.949364e-07 -2.917291e-07 4.036947e-05 -1.149230e-04 -6.587626e-05 -1.264545e-05
 8869.000000 -3.362010e-05 -4.417028e-07 -2.957114e-07 -2.914986e-07 3.814955e-05 -1.177347e-04 -6.431654e-05 -5.094683e-06
 8874.000000 -3.352501e-05 -4.429508e-07 -2.970363e-07 -2.914812e-07 4.069595e-05 -9.030352e-05 -6.382417e-05 2.751518e-05
 8879.000000 -3.335147e-05 -4.434221e-07 -2.973948e-07 -2.907866e-07 3.216957e-05 -1.156491e-04 -7.248503e-05 3.289947e-05
 8884.000000 -3.307754e-05 -4.415855e-07 -2.962718e-07 -2.895292e-07 3.054785e-05 -1.205004e-04 -7.118498e-05 3.803254e-05
 8889.000000 -3.268813e-05 -4.379783e-07 -2.940886e-07 -2.876375e-07 2.275536e-05 -1.088837e-04 -6.556306e-05 3.082296e-05
 8894.000000 -3.297858e-05 -4.447326e-07 -2.986409e-07 -2.906299e-07 2.231335e-05 -1.037725e-04 -6.620459e-05 2.754970e-05
 8899.000000 -3.297216e-05 -4.472897e-07 -3.004242e-07 -2.910467e-07 3.020658e-05 -1.119611e-04 -6.229537e-05 2.702621e-05
 8904.000000 -3.286805e-05 -4.488953e-07 -3.020640e-07 -2.906782e-07 3.229804e-05 -9.348952e-05 -7.323617e-05 3.223399e-05
 8909.000000 -3.269390e-05 -4.491206e-07 -3.022750e-07 -2.895579e-07 3.686438e-05 -8.842633e-05 -7.139833e-05 4.848391e-05
 8914.000000 -3.244923e-05 -4.485109e-07 -3.019260e-07 -2.879739e-07 3.932583e-05 -1.043664e-04 -6.186276e-05 5.073290e-05
 8919.000000 -3.234352e-05 -4.498570e-07 -3.027982e-07 -2.880037e-07 4.214931e-05 -1.108498e-04 -4.707041e-05 3.542533e-05
 8924.000000 -3.199299e-05 -4.474488e-07 -3.012441e-07 -2.860022e-07 3.453825e-05 -1.027650e-04 -4.963428e-05 3.178486e-07
 8929.000000 -3.211224e-05 -4.532116e-07 -3.053397e-07 -2.880686e-07 4.210310e-05 -1.023914e-04 -5.618018e-05 1.699981e-06
 8934.000000 -3.208888e-05 -4.568480e-07 -3.077551e-07 -2.890528e-07 3.730363e-05 -7.420859e-05 -6.787592e-05 -7.782348e-06
 8939.000000 -3.198628e-05 -4.579388e-07 -3.083556e-07 -2.892912e-07 3.219575e-05 -9.798352e-05 -6.378354e-05 -3.133493e-06
 8944.000000 -3.183779e-05 -4.592759e-07 -3.092662e-07 -2.888649e-07 2.338120e-05 -8.610814e-05 -6.526198e-05 -1.055311e-05
 8949.000000 -3.165615e-05 -4.605551e-07 -3.099023e-07 -2.880597e-07 2.053544e-05 -8.309518e-05 -6.655272e-05 -1.811584e-05
 8953.000000 -3.156862e-05 -4.626446e-07 -3.110234e-07 -2.880958e-07 2.931000e-05 -6.232419e-05 -5.879778e-05 -2.332224e-05
 8956.000000 -3.149882e-05 -4.632587e-07 -3.111221e-07 -2.881713e-07 3.240921e-05 -7.829808e-05 -6.308600e-05 -1.321945e-05
 8958.000000 -3.141992e-05 -4.622735e-07 -3.104328e-07 -2.879124e-07 4.075533e-05 -1.071484e-04 -6.355738e-05 -5.506244e-06
 8959.000000 -3.145490e-05 -4.626090e-07 -3.103365e-07 -2.884195e-07 3.642343e-05 -1.063509e-04 -6.809966e-05 -7.333674e-06
 8959.200000 -3.145181e-05 -4.627618e-07 -3.105776e-07 -2.884065e-07 3.147975e-05 -9.778495e-05 -7.440563e-05 -1.318721e-05
 8959.400000 -3.145437e-05 -4.627984e-07 -3.105029e-07 -2.887941e-07 3.625524e-05 -1.055494e-04 -7.967429e-05 -2.010242e-06
 8959.600000 -3.150568e-05 -4.639147e-07 -3.111237e-07 -2.890557e-07 3.707313e-05 -1.082990e-04 -7.711814e-05 7.544105e-06
 8959.800000 -3.147819e-05 -4.641045e-07 -3.107820e-07 -2.891516e-07 4.112054e-05 -9.200516e-05 -7.805868e-05 9.562962e-07
 8960.000000 -3.147314e-05 -4.625590e-07 -3.098458e-07 -2.891277e-07 4.587156e-05 -8.565293e-05 -8.495215e-05 -1.144244e-05
 8960.200000 -3.148353e-05 -4.643192e-07 -3.110622e-07 -2.891793e-07 4.114451e-05 -6.478216e-05 -7.789126e-05 -8.309715e-06
 8960.400000 -3.147027e-05 -4.631542e-07 -3.101584e-07 -2.887569e-07 4.754872e-05 -5.063908e-05 -7.977512e-05 -1.233497e-05
 8960.600000 -3.145022e-05 -4.632139e-07 -3.105082e-07 -2.888271e-07 4.649572e-05 -7.602659e-05 -6.689581e-05 1.274912e-06
 8960.800000 -3.142534e-05 -4.630518e-07 -3.104036e-07 -2.888375e-07 3.779695e-05 -8.161235e-05 -7.023797e-05 1.003070e-06
 8961.000000 -3.145840e-05 -4.638560e-07 -3.109388e-07 -2.892126e-07 4.439263e-05 -8.325201e-05 -6.318008e-05 8.682890e-06
 8961.200000 -3.145437e-05 -4.644561e-07 -3.112009e-07 -2.890166e-07 4.042967e-05 -8.414921e-05 -6.901770e-05 -4.183190e-06
 8961.400000 -3.144590e-05 -4.645722e-07 -3.110973e-07 -2.890732e-07 3.616253e-05 -7.815451e-05 -6.909782e-05 2.405824e-06
 8961.600000 -3.141687e-05 -4.645042e-07 -3.110423e-07 -2.885986e-07 3.553497e-05 -7.489082e-05 -6.960224e-05 -7.103001e-06
 8961.800000 -3.140199e-05 -4.641892e-07 -3.107978e-07 -2.886230e-07 3.698582e-05 -8.458471e-05 -7.016991e-05 1.040050e-06
 8962.000000 -3.133428e-05 -4.636145e-07 -3.104503e-07 -2.880940e-07 3.423560e-05 -8.201063e-05 -6.826805e-05 -1.688006e-07
 8962.200000 -3.124091e-05 -4.604571e-07 -3.082491e-07 -2.875168e-07 3.263157e-05 -7.418293e-05 -5.956751e-05 -1.509289e-05
 8962.400000 -3.118315e-05 -4.597293e-07 -3.075174e-07 -2.869708e-07 3.050984e-05 -8.695650e-05 -5.580679e-05 -1.098780e-05
 8962.600000 -3.127877e-05 -4.607624e-07 -3.081040e-07 -2.877292e-07 3.345636e-05 -6.937074e-05 -5.397440e-05 2.462367e-06
 8962.800000 -3.136292e-05 -4.642503e-07 -3.104835e-07 -2.888089e-07 3.253666e-05 -5.524159e-05 -5.437413e-05 -9.211842e-06
 8963.000000 -3.137065e-05 -4.643205e-07 -3.105035e-07 -2.891145e-07 3.351957e-05 -3.443903e-05 -5.349277e-05 -2.981617e-06
 8963.200000 -3.131533e-05 -4.634751e-07 -3.096035e-07 -2.886333e-07 3.720560e-05 -3.582650e-05 -5.420418e-05 -1.649630e-05
 8963.400000 -3.127091e-05 -4.627819e-07 -3.090382e-07 -2.884223e-07 2.520282e-05 -3.922008e-05 -5.665998e-05 -1.089143e-05
 8963.600000 -3.121621e-05 -4.618435e-07 -3.084720e-07 -2.878962e-07 2.814367e-05 -4.696402e-05 -6.070912e-05 -1.264731e-05
 8963.800000 -3.114157e-05 -4.617558e-07 -3.083884e-07 -2.875464e-07 2.685740e-05 -6.624577e-05 -5.976258e-05 -1.535621e-05
 8964.000000 -3.119939e-05 -4.617787e-07 -3.081235e-07 -2.880636e-07 1.629568e-05 -6.492662e-05 -5.530912e-05 -1.663134e-05
 8964.200000 -3.116556e-05 -4.616305e-07 -3.082482e-07 -2.876473e-07 2.367842e-05 -5.957780e-05 -6.892465e-05 -1.050710e-05
 8964.400000 -3.121714e-05 -4.606482e-07 -3.076184e-07 -2.881166e-07 2.121153e-05 -7.485300e-05 -6.015208e-05 -5.644356e-06
 8964.600000 -3.128932e-05 -4.638096e-07 -3.096708e-07 -2.887091e-07 2.511145e-05 -5.637116e-05 -5.729996e-05 -8.925375e-06
 8964.800000 -3.130682e-05 -4.638587e-07 -3.094656e-07 -2.889579e-07 2.785242e-05 -6.218939e-05 -6.034029e-05 -9.160864e-06
 8965.000000 -3.132631e-05 -4.634311e-07 -3.090504e-07 -2.892340e-07 3.084699e-05 -5.141849e-05 -6.022089e-05 -6.312414e-06
 8965.200000 -3.135371e-05 -4.640646e-07 -3.090568e-07 -2.895849e-07 2.868766e-05 -5.161217e-05 -5.304379e-05 1.404001e-07
 8965.400000 -3.132674e-05 -4.644245e-07 -3.093262e-07 -2.894047e-07 3.547372e-05 -6.197379e-05 -7.669859e-05 -9.499171e-06
 8965.600000 -3.133317e-05 -4.651659e-07 -3.098115e-07 -2.894819e-07 3.336253e-05 -7.927324e-05 -7.103423e-05 -1.537591e-05
 8965.800000 -3.133541e-05 -4.652613e-07 -3.100113e-07 -2.895103e-07 3.987611e-05 -8.946207e-05 -6.054514e-05 -1.609489e-05
 8966.000000 -3.133225e-05 -4.649395e-07 -3.098868e-07 -2.895404e-07 3.620622e-05 -1.055121e-04 -5.649628e-05 -1.134959e-05
 8966.200000 -3.133398e-05 -4.650774e-07 -3.100951e-07 -2.894664e-07 3.627130e-05 -9.688609e-05 -5.325145e-05 -4.898745e-06
 8966.400000 -3.131767e-05 -4.652146e-07 -3.099106e-07 -2.896511e-07 3.616998e-05 -9.024639e-05 -6.539748e-05 -4.769124e-06
 8966.600000 -3.129646e-05 -4.638248e-07 -3.086631e-07 -2.895549e-07 3.746526e-05 -1.038615e-04 -6.758270e-05 -2.713438e-07
 8966.800000 -3.126439e-05 -4.642758e-07 -3.089028e-07 -2.893665e-07 3.165978e-05 -7.492823e-05 -6.595232e-05 -1.188582e-05
 8967.000000 -3.127007e-05 -4.651077e-07 -3.093544e-07 -2.895070e-07 2.308879e-05 -6.799831e-05 -6.571073e-05 -1.062912e-05
 8967.200000 -3.128232e-05 -4.643639e-07 -3.085474e-07 -2.896392e-07 2.319251e-05 -9.507924e-05 -7.916794e-05 -1.135898e-06
 8967.400000 -3.127875e-05 -4.646799e-07 -3.089345e-07 -2.896090e-07 2.928832e-05 -8.647586e-05 -7.106408e-05 -5.856552e-06
 8967.600000 -3.128461e-05 -4.647730e-07 -3.087478e-07 -2.900607e-07 2.193664e-05 -7.126422e-05 -7.480767e-05 -1.229028e-05
 8967.800000 -3.127349e-05 -4.647279e-07 -3.086064e-07 -2.898080e-07 2.352399e-05 -6.788274e-05 -7.083299e-05 -8.421759e-06
 8968.000000 -3.128808e-05 -4.647129e-07 -3.085273e-07 -2.901695e-07 2.316083e-05 -7.057779e-05 -6.823556e-05 4.409917e-06
 8968.200000 -3.126974e-05 -4.637612e-07 -3.078380e-07 -2.899426e-07 3.178327e-05 -8.129325e-05 -6.305344e-05 -4.145922e-06
 8968.400000 -3.125982e-05 -4.643249e-07 -3.079533e-07 -2.900763e-07 2.876793e-05 -9.547875e-05 -6.952017e-05 -4.483525e-06
 8968.600000 -3.123049e-05 -4.633998e-07 -3.072197e-07 -2.899060e-07 2.929817e-05 -7.886497e-05 -6.568719e-05 1.226862e-06
 8968.800000 -3.121494e-05 -4.631298e-07 -3.068322e-07 -2.898797e-07 2.451126e-05 -6.439796e-05 -6.113895e-05 2.641104e-06
 8969.000000 -3.122704e-05 -4.645854e-07 -3.075704e-07 -2.900567e-07 2.479043e-05 -6.669106e-05 -7.086206e-05 1.115186e-05
 8969.200000 -3.122133e-05 -4.634263e-07 -3.064191e-07 -2.899131e-07 2.117143e-05 -6.397069e-05 -7.703023e-05 1.775462e-06
 8969.400000 -3.122981e-05 -4.638544e-07 -3.064091e-07 -2.901110e-07 2.675283e-05 -6.988651e-05 -7.905495e-05 -1.694614e-05
 8969.600000 -3.122385e-05 -4.642812e-07 -3.071450e-07 -2.901039e-07 3.405976e-05 -7.916015e-05 -7.087041e-05 -8.948757e-06
 8969.800000 -3.121581e-05 -4.642559e-07 -3.068829e-07 -2.902989e-07 3.411300e-05 -6.262812e-05 -6.245019e-05 1.500580e-06
 8970.000000 -3.119318e-05 -4.644904e-07 -3.069603e-07 -2.903778e-07 3.601676e-05 -7.979858e-05 -6.075034e-05 -1.096156e-06
 8970.200000 -3.114128e-05 -4.632663e-07 -3.058048e-07 -2.901059e-07 3.221821e-05 -8.794318e-05 -6.203596e-05 -2.754136e-06
 8970.400000 -3.115138e-05 -4.632048e-07 -3.053064e-07 -2.901667e-07 2.203415e-05 -9.920654e-05 -5.550648e-05 -4.600772e-06
 8970.600000 -3.115336e-05 -4.632900e-07 -3.048376e-07 -2.902399e-07 2.981889e-05 -5.433037e-05 -4.428263e-05 1.907710e-06
 8970.800000 -3.118194e-05 -4.640783e-07 -3.053804e-07 -2.904570e-07 3.153886e-05 -4.408563e-05 -5.349346e-05 8.831697e-06
 8971.000000 -3.114830e-05 -4.630313e-07 -3.044103e-07 -2.905913e-07 3.239407e-05 -2.942533e-05 -6.301425e-05 -2.463503e-06
 8971.200000 -3.111401e-05 -4.629684e-07 -3.042582e-07 -2.902305e-07 4.473198e-05 -4.233907e-05 -5.303114e-05 -3.624529e-06
 8971.400000 -3.115964e-05 -4.637582e-07 -3.043773e-07 -2.908663e-07 5.037188e-05 -6.724153e-05 -4.971270e-05 -3.210904e-06
 8971.600000 -3.113144e-05 -4.639021e-07 -3.040671e-07 -2.908316e-07 4.948016e-05 -7.318427e-05 -5.554944e-05 -8.683397e-06
 8971.800000 -3.115719e-05 -4.642573e-07 -3.040852e-07 -2.911275e-07 4.756770e-05 -5.863160e-05 -7.380757e-05 -1.423925e-05
 8972.000000 -3.114532e-05 -4.647411e-07 -3.038258e-07 -2.912994e-07 4.332594e-05 -5.869715e-05 -7.080323e-05 -6.577492e-07
 8972.200000 -3.114554e-05 -4.632513e-07 -3.025972e-07 -2.912544e-07 5.378706e-05 -7.881671e-05 -7.064688e-05 6.253146e-07
 8972.400000 -3.119019e-05 -4.655096e-07 -3.038099e-07 -2.920047e-07 5.337455e-05 -6.929465e-05 -6.618167e-05 5.115364e-06
 8972.600000 -3.117804e-05 -4.648650e-07 -3.030407e-07 -2.920246e-07 4.830748e-05 -4.829251e-05 -5.869946e-05 -2.438384e-06
 8972.800000 -3.117252e-05 -4.642830e-07 -3.021256e-07 -2.921014e-07 4.798809e-05 -4.041862e-05 -5.597320e-05 2.537322e-06
 8973.000000 -3.115902e-05 -4.643254e-07 -3.018179e-07 -2.921284e-07 4.132043e-05 -5.494302e-05 -5.562313e-05 3.098094e-06
 8973.200000 -3.115512e-05 -4.642767e-07 -3.013085e-07 -2.922757e-07 4.245839e-05 -8.328418e-05 -7.581210e-05 2.407034e-06
 8973.400000 -3.117580e-05 -4.660254e-07 -3.020257e-07 -2.925543e-07 4.366247e-05 -8.937238e-05 -7.338655e-05 1.017534e-06
 8973.600000 -3.116435e-05 -4.644622e-07 -3.004306e-07 -2.925300e-07 4.685968e-05 -8.783797e-05 -7.355399e-05 -8.147515e-06
 8973.800000 -3.116336e-05 -4.653505e-07 -3.002524e-07 -2.930769e-07 4.434219e-05 -9.642872e-05 -7.025356e-05 -1.007593e-05
 8974.000000 -3.115213e-05 -4.649971e-07 -2.993643e-07 -2.933058e-07 4.286547e-05 -7.537410e-05 -6.799367e-05 -3.674094e-06
 8974.200000 -3.113648e-05 -4.642028e-07 -2.980654e-07 -2.934920e-07 4.687358e-05 -8.367353e-05 -5.303543e-05 -4.990490e-07
 8974.400000 -3.113336e-05 -4.642511e-07 -2.973561e-07 -2.938813e-07 4.986634e-05 -8.823622e-05 -7.131228e-05 -2.241088e-05
 8974.600000 -3.113336e-05 -4.643222e-07 -2.964109e-07 -2.939052e-07 4.663687e-05 -9.983987e-05 -6.897449e-05 -1.092770e-05
 8974.800000 -3.113699e-05 -4.654409e-07 -2.965152e-07 -2.944514e-07 5.268925e-05 -8.746719e-05 -7.013585e-05 -1.108793e-05
 8975.000000 -3.111056e-05 -4.646424e-07 -2.952265e-07 -2.943313e-07 6.003153e-05 -1.144643e-04 -6.823653e-05 -1.369923e-05
 8975.200000 -3.107345e-05 -4.633405e-07 -2.930772e-07 -2.946243e-07 5.423710e-05 -9.142324e-05 -7.256497e-05 -2.379421e-06
 8975.400000 -3.109964e-05 -4.645980e-07 -2.922683e-07 -2.953857e-07 5.079584e-05 -8.824639e-05 -6.701450e-05 6.927674e-06
 8975.600000 -3.107577e-05 -4.632767e-07 -2.897421e-07 -2.957583e-07 5.023896e-05 -1.035305e-04 -5.814165e-05 -1.289424e-05
 8975.800000 -3.104894e-05 -4.619781e-07 -2.873184e-07 -2.961765e-07 4.785908e-05 -1.033725e-04 -5.095724e-05 -1.650273e-05
 8976.000000 -3.103635e-05 -4.617872e-07 -2.847156e-07 -2.966282e-07 4.708193e-05 -7.991230e-05 -5.352835e-05 -1.843517e-05
 8976.200000 -3.107053e-05 -4.627385e-07 -2.835882e-07 -2.976362e-07 4.770733e-05 -7.843473e-05 -5.885631e-05 -3.089201e-05
 8976.400000 -3.108027e-05 -4.631030e-07 -2.815065e-07 -2.985485e-07 4.955174e-05 -8.251560e-05 -6.083619e-05 -3.768845e-05
 8976.600000 -3.107264e-05 -4.624504e-07 -2.782272e-07 -2.994368e-07 4.217487e-05 -7.405433e-05 -5.739981e-05 -1.910247e-05
 8976.800000 -3.107189e-05 -4.622694e-07 -2.744838e-07 -3.005366e-07 4.509962e-05 -5.652327e-05 -6.460885e-05 -1.158041e-05
 8977.000000 -3.103321e-05 -4.606055e-07 -2.690000e-07 -3.018641e-07 4.040902e-05 -7.400362e-05 -6.595055e-05 -1.944551e-05
 8977.200000 -3.102527e-05 -4.600552e-07 -2.633695e-07 -3.036497e-07 5.283738e-05 -8.925896e-05 -5.454792e-05 -1.562888e-05
 8977.400000 -3.103141e-05 -4.603565e-07 -2.573439e-07 -3.060587e-07 4.839533e-05 -7.950610e-05 -6.171432e-05 -2.234235e-05
 8977.600000 -3.100275e-05 -4.580262e-07 -2.489270e-07 -3.084965e-07 4.215545e-05 -6.958406e-05 -6.335557e-05 -1.523769e-05
 8977.800000 -3.096936e-05 -4.568948e-07 -2.393557e-07 -3.114457e-07 3.508022e-05 -7.694033e-05 -6.816913e-05 -5.237861e-06
 8978.000000 -3.097739e-05 -4.552976e-07 -2.285701e-07 -3.153711e-07 3.884808e-05 -7.468753e-05 -6.784327e-05 -1.812010e-05
 8978.200000 -3.094013e-05 -4.529313e-07 -2.164032e-07 -3.194056e-07 4.089384e-05 -7.573329e-05 -6.049875e-05 -2.100340e-05
 8978.400000 -3.091433e-05 -4.502340e-07 -2.032036e-07 -3.243866e-07 4.237357e-05 -6.877726e-05 -6.440236e-05 -1.269702e-05
 8978.600000 -3.092310e-05 -4.493578e-07 -1.907092e-07 -3.299497e-07 4.184772e-05 -6.184438e-05 -6.206511e-05 -8.565485e-06
 8978.800000 -3.087935e-05 -4.457891e-07 -1.776522e-07 -3.352962e-07 4.145130e-05 -6.666312e-05 -6.028992e-05 -1.490607e-05
 8979.000000 -3.088667e-05 -4.441903e-07 -1.660966e-07 -3.406157e-07 3.611469e-05 -7.237933e-05 -5.559981e-05 -2.010799e-05
 8979.200000 -3.086408e-05 -4.431927e-07 -1.555887e-07 -3.454152e-07 3.952586e-05 -6.825560e-05 -5.636660e-05 -1.522960e-05
 8979.400000 -3.080754e-05 -4.399640e-07 -1.461660e-07 -3.494664e-07 4.276207e-05 -5.121464e-05 -5.164474e-05 -1.331501e-05
 8979.600000 -3.077788e-05 -4.385856e-07 -1.387804e-07 -3.531842e-07 3.300668e-05 -8.592119e-05 -5.303534e-05 -1.457055e-05
 8979.800000 -3.074914e-05 -4.364769e-07 -1.327863e-07 -3.560932e-07 2.974197e-05 -9.131270e-05 -5.924196e-05 -9.265137e-07
 8980.000000 -3.078172e-05 -4.369081e-07 -1.290221e-07 -3.588421e-07 2.386395e-05 -6.357011e-05 -6.376574e-05 1.871591e-06
 8980.200000 -3.081527e-05 -4.364053e-07 -1.260879e-07 -3.612526e-07 2.905203e-05 -3.897177e-05 -5.299560e-05 1.052857e-05
 8980.400000 -3.079570e-05 -4.361969e-07 -1.241917e-07 -3.620421e-07 2.688691e-05 -3.497271e-05 -5.488760e-05 6.511379e-06
 8980.600000 -3.078426e-05 -4.360629e-07 -1.229940e-07 -3.628605e-07 3.256295e-05 -3.537538e-05 -6.053324e-05 4.109501e-08
 8980.800000 -3.074998e-05 -4.360484e-07 -1.222511e-07 -3.629684e-07 2.686342e-05 -3.267241e-05 -4.888586e-05 -5.233614e-06
 8981.000000 -3.073799e-05 -4.348937e-07 -1.217484e-07 -3.632123e-07 3.857921e-05 -4.522957e-05 -5.900034e-05 -1.739746e-05
 8981.200000 -3.073846e-05 -4.353140e-07 -1.220693e-07 -3.631256e-07 2.936462e-05 -6.148424e-05 -6.716405e-05 -1.365716e-05
 8981.400000 -3.072414e-05 -4.355679e-07 -1.226797e-07 -3.628558e-07 3.230358e-05 -6.625999e-05 -5.517905e-05 -1.219208e-05
 8981.600000 -3.070906e-05 -4.354639e-07 -1.236801e-07 -3.624145e-07 3.043182e-05 -6.120335e-05 -6.274518e-05 -2.473019e-05
 8981.800000 -3.067771e-05 -4.353793e-07 -1.248010e-07 -3.613432e-07 3.557226e-05 -5.164294e-05 -6.360200e-05 -1.241692e-05
 8982.000000 -3.067235e-05 -4.353503e-07 -1.258698e-07 -3.608621e-07 4.092012e-05 -5.191126e-05 -6.524411e-05 -2.123145e-05
 8982.200000 -3.062028e-05 -4.357172e-07 -1.268853e-07 -3.600079e-07 4.106735e-05 -4.587373e-05 -5.605045e-05 -1.038176e-05
 8982.400000 -3.062789e-05 -4.346661e-07 -1.271737e-07 -3.594161e-07 3.932325e-05 -4.382030e-05 -5.998119e-05 -1.546022e-05
 8982.600000 -3.065947e-05 -4.361577e-07 -1.276005e-07 -3.596066e-07 3.899344e-05 -4.105863e-05 -5.752426e-05 -1.213890e-05
 8982.800000 -3.065479e-05 -4.355813e-07 -1.274122e-07 -3.596341e-07 3.774827e-05 -4.670986e-05 -7.467855e-05 -1.546844e-05
 8983.000000 -3.066922e-05 -4.368297e-07 -1.275072e-07 -3.597479e-07 3.617606e-05 -6.301481e-05 -6.930271e-05 -1.843814e-05
 8983.200000 -3.065054e-05 -4.361471e-07 -1.265694e-07 -3.601496e-07 3.592386e-05 -4.788964e-05 -6.648613e-05 -1.356592e-05
 8983.400000 -3.064677e-05 -4.354150e-07 -1.254254e-07 -3.608226e-07 3.272840e-05 -4.756966e-05 -6.322216e-05 8.731879e-08
 8983.600000 -3.061607e-05 -4.345128e-07 -1.236796e-07 -3.616237e-07 3.227530e-05 -6.896386e-05 -6.207536e-05 2.085496e-06
 8983.800000 -3.064664e-05 -4.359685e-07 -1.223744e-07 -3.626914e-07 3.456881e-05 -6.717697e-05 -5.276906e-05 8.008996e-06
 8984.000000 -3.065092e-05 -4.347157e-07 -1.201243e-07 -3.637184e-07 3.972810e-05 -6.718409e-05 -4.900603e-05 -3.219263e-06
 8984.200000 -3.065283e-05 -4.346058e-07 -1.181929e-07 -3.652144e-07 3.061338e-05 -4.437271e-05 -5.512815e-05 -2.229284e-05
 8984.400000 -3.064396e-05 -4.340117e-07 -1.162059e-07 -3.661452e-07 2.573830e-05 -2.775233e-05 -5.047454e-05 -2.847942e-05
 8984.600000 -3.063129e-05 -4.336494e-07 -1.142829e-07 -3.671416e-07 1.834886e-05 -3.931685e-05 -4.514005e-05 -2.007847e-05
 8984.800000 -3.061117e-05 -4.328545e-07 -1.126729e-07 -3.680310e-07 2.715972e-05 -2.943559e-05 -4.702818e-05 -2.961740e-05
 8985.000000 -3.060973e-05 -4.315989e-07 -1.107117e-07 -3.690598e-07 2.890530e-05 -3.697147e-05 -4.825927e-05 -1.883368e-05
 8985.200000 -3.058867e-05 -4.318610e-07 -1.092780e-07 -3.699076e-07 2.457586e-05 -2.227571e-05 -4.803839e-05 -1.163134e-05
 8985.400000 -3.058302e-05 -4.312854e-07 -1.075103e-07 -3.709615e-07 2.587000e-05 -4.207595e-05 -3.836890e-05 7.374635e-06
 8985.600000 -3.058940e-05 -4.322423e-07 -1.064471e-07 -3.720962e-07 3.345546e-05 -4.754255e-05 -5.149434e-05 1.096832e-05
 8985.800000 -3.058562e-05 -4.309606e-07 -1.048856e-07 -3.729655e-07 3.706884e-05 -4.579888e-05 -4.495367e-05 1.459819e-05
 8986.000000 -3.057606e-05 -4.309004e-07 -1.032537e-07 -3.741115e-07 2.711097e-05 -4.910237e-05 -4.585526e-05 2.058114e-05
 8986.200000 -3.055643e-05 -4.301628e-07 -1.013546e-07 -3.752786e-07 2.302970e-05 -2.628649e-05 -5.040904e-05 1.265527e-05
 8986.400000 -3.055841e-05 -4.297480e-07 -9.932373e-08 -3.761853e-07 2.781524e-05 -2.518994e-05 -3.804864e-05 7.547034e-06
 8986.600000 -3.055985e-05 -4.300050e-07 -9.767554e-08 -3.773836e-07 2.612700e-05 -3.098055e-05 -3.961342e-05 7.861824e-06
 8986.800000 -3.055923e-05 -4.300576e-07 -9.578319e-08 -3.785646e-07 2.375872e-05 -4.213114e-05 -5.210742e-05 1.478321e-05
 8987.000000 -3.055913e-05 -4.294758e-07 -9.400298e-08 -3.800313e-07 3.533444e-05 -5.406433e-05 -5.318071e-05 2.191569e-05
 8987.200000 -3.054464e-05 -4.284167e-07 -9.197495e-08 -3.814556e-07 3.501785e-05 -7.345748e-05 -5.871594e-05 1.101147e-05
 8987.400000 -3.048779e-05 -4.266332e-07 -8.956918e-08 -3.828392e-07 3.365581e-05 -6.977867e-05 -6.024739e-05 3.644287e-06
 8987.600000 -3.047212e-05 -4.264304e-07 -8.747101e-08 -3.844084e-07 4.227447e-05 -6.959954e-05 -6.176936e-05 2.447729e-06
 8987.800000 -3.051780e-05 -4.269020e-07 -8.559757e-08 -3.864030e-07 3.932388e-05 -4.612748e-05 -5.437322e-05 3.978207e-06
 8988.000000 -3.050896e-05 -4.255268e-07 -8.281796e-08 -3.878486e-07 3.973271e-05 -4.336614e-05 -6.299131e-05 1.018369e-05
 8988.200000 -3.050031e-05 -4.257646e-07 -8.074891e-08 -3.896734e-07 3.910988e-05 -5.233171e-05 -5.256287e-05 1.669664e-05
 8988.400000 -3.046442e-05 -4.239983e-07 -7.805324e-08 -3.912765e-07 4.148844e-05 -5.622295e-05 -6.016250e-05 5.442170e-07
 8988.600000 -3.047267e-05 -4.244723e-07 -7.606050e-08 -3.932182e-07 4.584244e-05 -4.146850e-05 -6.175879e-05 -1.134490e-05
 8988.800000 -3.048741e-05 -4.239377e-07 -7.365288e-08 -3.953816e-07 3.442985e-05 -5.143480e-05 -4.855974e-05 1.132375e-06
 8989.000000 -3.046582e-05 -4.225903e-07 -7.152803e-08 -3.972741e-07 3.662911e-05 -7.403851e-05 -4.822069e-05 -1.303634e-05
 8989.200000 -3.043676e-05 -4.204176e-07 -6.849456e-08 -3.990609e-07 3.629618e-05 -7.680739e-05 -5.407284e-05 -1.193162e-05
 8989.400000 -3.041130e-05 -4.193572e-07 -6.623422e-08 -4.010510e-07 3.586091e-05 -5.532525e-05 -5.415069e-05 -8.282937e-06
 8989.600000 -3.041555e-05 -4.200280e-07 -6.419807e-08 -4.034046e-07 3.255587e-05 -5.000311e-05 -5.417858e-05 -4.246150e-06
 8989.800000 -3.041959e-05 -4.193164e-07 -6.185041e-08 -4.053938e-07 3.787769e-05 -6.873926e-05 -5.381536e-05 -1.404605e-05
 8990.000000 -3.041875e-05 -4.181046e-07 -5.985614e-08 -4.070695e-07 3.834068e-05 -7.401934e-05 -6.365697e-05 -1.857683e-05
 8990.200000 -3.041277e-05 -4.167322e-07 -5.777550e-08 -4.090714e-07 3.452954e-05 -6.477689e-05 -7.035873e-05 -2.069373e-05
 8990.400000 -3.037678e-05 -4.166247e-07 -5.576407e-08 -4.109031e-07 3.991512e-05 -7.151325e-05 -7.119749e-05 -1.809320e-05
 8990.600000 -3.037832e-05 -4.156587e-07 -5.426564e-08 -4.127812e-07 3.715883e-05 -8.015647e-05 -5.678959e-05 -7.090031e-06
 8990.800000 -3.037146e-05 -4.151449e-07 -5.250592e-08 -4.145273e-07 3.750240e-05 -8.716841e-05 -5.824384e-05 -1.017724e-05
 8991.000000 -3.031461e-05 -4.136403e-07 -5.103076e-08 -4.157520e-07 4.545591e-05 -7.105577e-05 -6.265315e-05 -7.091925e-06
 8991.200000 -3.030927e-05 -4.137525e-07 -4.962662e-08 -4.173957e-07 5.563770e-05 -6.533618e-05 -6.388937e-05 -8.692944e-06
 8991.400000 -3.033240e-05 -4.126883e-07 -4.815068e-08 -4.188301e-07 4.993809e-05 -8.574784e-05 -5.399388e-05 -1.182712e-05
 8991.600000 -3.034027e-05 -4.126951e-07 -4.702593e-08 -4.201545e-07 3.720770e-05 -6.346492e-05 -6.688849e-05 -1.608893e-05
 8991.800000 -3.031168e-05 -4.118522e-07 -4.598517e-08 -4.211567e-07 3.738278e-05 -7.895167e-05 -6.633461e-05 -1.341112e-05
 8992.000000 -3.031754e-05 -4.113105e-07 -4.499437e-08 -4.221928e-07 4.605424e-05 -7.031522e-05 -6.008599e-05 -1.198906e-05
 8992.200000 -3.029509e-05 -4.110813e-07 -4.424665e-08 -4.228872e-07 4.326212e-05 -6.977845e-05 -7.275578e-05 -1.658862e-05
 8992.400000 -3.028496e-05 -4.101232e-07 -4.389593e-08 -4.232775e-07 4.269239e-05 -4.922081e-05 -6.315419e-05 -9.334553e-06
 8992.600000 -3.029707e-05 -4.109616e-07 -4.325656e-08 -4.242396e-07 4.677898e-05 -4.821442e-05 -5.888691e-05 -2.235532e-05
 8992.800000 -3.025314e-05 -4.093610e-07 -4.267772e-08 -4.247526e-07 4.372532e-05 -6.354848e-05 -6.425024e-05 -2.287508e-05
 8993.000000 -3.023267e-05 -4.095284e-07 -4.246779e-08 -4.250964e-07 4.274821e-05 -6.240936e-05 -4.776256e-05 -2.023500e-05
 8993.200000 -3.021889e-05 -4.091305e-07 -4.231758e-08 -4.248462e-07 4.409679e-05 -5.406634e-05 -5.137894e-05 -7.259394e-06
 8993.400000 -3.024722e-05 -4.103023e-07 -4.199555e-08 -4.250535e-07 3.996248e-05 -4.122553e-05 -5.057778e-05 -1.654280e-05
 8993.600000 -3.021954e-05 -4.091127e-07 -4.197756e-08 -4.250096e-07 3.134170e-05 -3.933684e-05 -4.980252e-05 -2.253814e-05
 8993.800000 -3.016610e-05 -4.087977e-07 -4.247065e-08 -4.241656e-07 3.404304e-05 -8.789636e-05 -4.851312e-05 -8.895198e-06
 8994.000000 -3.020397e-05 -4.102891e-07 -4.297693e-08 -4.240778e-07 3.220822e-05 -7.450833e-05 -5.290943e-05 -2.537047e-05
 8994.200000 -3.022680e-05 -4.101862e-07 -4.367452e-08 -4.237247e-07 3.537155e-05 -4.839405e-05 -4.412475e-05 -2.067567e-05
 8994.400000 -3.022608e-05 -4.118850e-07 -4.412237e-08 -4.232408e-07 4.689653e-05 -5.795254e-05 -4.345230e-05 -2.506299e-05
 8994.600000 -3.018268e-05 -4.105268e-07 -4.425249e-08 -4.226756e-07 4.161462e-05 -4.495418e-05 -4.846076e-05 -2.427069e-05
 8994.800000 -3.017107e-05 -4.115381e-07 -4.469883e-08 -4.221273e-07 4.404660e-05 -5.400397e-05 -6.377272e-05 -2.041085e-05
 8995.000000 -3.015893e-05 -4.101798e-07 -4.498627e-08 -4.216221e-07 4.414438e-05 -4.257047e-05 -5.258619e-05 -1.509711e-05
 8995.200000 -3.015651e-05 -4.107617e-07 -4.570069e-08 -4.207732e-07 4.231330e-05 -6.882472e-05 -5.006406e-05 -1.465926e-05
 8995.400000 -3.015954e-05 -4.121526e-07 -4.636386e-08 -4.198670e-07 3.131529e-05 -8.505410e-05 -5.791614e-05 -1.509645e-05
 8995.600000 -3.014189e-05 -4.115361e-07 -4.683021e-08 -4.190914e-07 3.753729e-05 -6.998589e-05 -5.297288e-05 -2.062012e-06
 8995.800000 -3.018018e-05 -4.125229e-07 -4.735187e-08 -4.188671e-07 3.599275e-05 -7.280059e-05 -4.476294e-05 -4.888122e-06
 8996.000000 -3.017830e-05 -4.130891e-07 -4.828331e-08 -4.184322e-07 2.822948e-05 -9.659264e-05 -5.782456e-05 7.138100e-06
 8996.200000 -3.015920e-05 -4.131661e-07 -4.879194e-08 -4.175235e-07 3.004503e-05 -8.698619e-05 -4.196202e-05 4.493676e-05
 8996.400000 -3.016695e-05 -4.137298e-07 -4.952967e-08 -4.172568e-07 3.305921e-05 -1.080970e-04 -3.254593e-05 5.183107e-05
 8996.600000 -3.017110e-05 -4.135438e-07 -4.973505e-08 -4.166448e-07 2.919569e-05 -1.261576e-04 -4.097644e-05 5.042109e-05
 8996.800000 -3.016184e-05 -4.137394e-07 -5.020938e-08 -4.164138e-07 2.988333e-05 -1.002943e-04 -2.871661e-05 4.645871e-05
 8997.000000 -3.014482e-05 -4.139918e-07 -5.041586e-08 -4.158022e-07 3.479844e-05 -9.037321e-05 -3.671536e-05 4.197835e-05
 8997.200000 -3.016239e-05 -4.141089e-07 -5.079215e-08 -4.155699e-07 2.810300e-05 -7.395915e-05 -4.561888e-05 4.920329e-05
 8997.400000 -3.016326e-05 -4.152233e-07 -5.116560e-08 -4.151952e-07 3.210421e-05 -6.848486e-05 -5.963532e-05 4.587738e-05
 8997.600000 -3.013869e-05 -4.145222e-07 -5.130232e-08 -4.149535e-07 3.927217e-05 -8.429931e-05 -5.782705e-05 4.182261e-05
 8997.800000 -3.011811e-05 -4.150071e-07 -5.169618e-08 -4.150798e-07 3.792851e-05 -7.091551e-05 -5.525137e-05 3.633424e-05
 8998.000000 -3.011024e-05 -4.138118e-07 -5.156842e-08 -4.147280e-07 3.497651e-05 -9.106470e-05 -5.872126e-05 3.505100e-05
 8998.200000 -3.012985e-05 -4.146711e-07 -5.151770e-08 -4.149356e-07 3.877633e-05 -9.749255e-05 -5.954508e-05 3.401743e-05
 8998.400000 -3.014574e-05 -4.153163e-07 -5.126051e-08 -4.150141e-07 3.897321e-05 -1.072965e-04 -5.154638e-05 3.066072e-05
 8998.600000 -3.012831e-05 -4.147970e-07 -5.097575e-08 -4.154300e-07 2.405311e-05 -1.005451e-04 -7.001605e-05 6.150990e-06
 8998.800000 -3.010689e-05 -4.150190e-07 -5.041857e-08 -4.157140e-07 2.897492e-05 -8.715962e-05 -7.946875e-05 -1.489710e-05
 8999.000000 -3.004206e-05 -4.133691e-07 -4.999983e-08 -4.157332e-07 2.800991e-05 -7.898079e-05 -6.063795e-05 -4.911574e-06
 8999.200000 -2.996607e-05 -4.111514e-07 -4.960751e-08 -4.157100e-07 2.725065e-05 -9.958081e-05 -6.350391e-05 -2.587902e-06
 8999.400000 -2.998894e-05 -4.120763e-07 -4.932093e-08 -4.162119e-07 3.578131e-05 -1.029862e-04 -5.524618e-05 1.156023e-06
 8999.600000 -3.003577e-05 -4.124116e-07 -4.885526e-08 -4.169646e-07 3.654765e-05 -1.121210e-04 -5.335536e-05 6.338197e-06
 8999.800000 -3.004827e-05 -4.129988e-07 -4.816571e-08 -4.175528e-07 2.233042e-05 -1.029740e-04 -6.104592e-05 3.357045e-05
 9000.000000 -3.003779e-05 -4.128569e-07 -4.742065e-08 -4.183687e-07 1.492766e-05 -8.768730e-05 -5.906635e-05 3.903806e-05
 9000.200000 -3.001020e-05 -4.112703e-07 -4.624179e-08 -4.190038e-07 2.641695e-05 -1.129017e-04 -4.974820e-05 3.436353e-05
 9000.400000 -3.000774e-05 -4.118831e-07 -4.592861e-08 -4.197172e-07 1.797872e-05 -1.236100e-04 -4.398315e-05 1.308297e-05
 9000.600000 -2.998186e-05 -4.098764e-07 -4.524283e-08 -4.201621e-07 2.310847e-05 -1.100759e-04 -5.675813e-05 5.330829e-06
 9000.800000 -2.996413e-05 -4.101705e-07 -4.455948e-08 -4.209624e-07 2.927710e-05 -1.312445e-04 -5.383443e-05 9.199895e-06
 9001.000000 -2.994336e-05 -4.096569e-07 -4.410397e-08 -4.211313e-07 2.442572e-05 -1.272768e-04 -4.623281e-05 3.557618e-05
 9001.200000 -2.990274e-05 -4.089715e-07 -4.341734e-08 -4.209262e-07 2.538274e-05 -1.009722e-04 -2.488648e-05 6.015863e-05
 9001.400000 -2.976721e-05 -4.081708e-07 -4.278064e-08 -4.200167e-07 2.753766e-05 -1.125838e-04 -4.272961e-05 5.179026e-05
 9001.600000 -2.960135e-05 -4.046161e-07 -4.161929e-08 -4.182880e-07 2.820432e-05 -1.174067e-04 -4.435536e-05 5.011542e-05
 9001.800000 -2.941209e-05 -4.032937e-07 -4.127998e-08 -4.159735e-07 2.155472e-05 -9.352623e-05 -4.505990e-05 4.835631e-05
 9002.000000 -2.934227e-05 -4.012282e-07 -4.096059e-08 -4.157407e-07 1.719430e-05 -9.348893e-05 -3.808658e-05 4.614329e-05
 9002.200000 -2.937377e-05 -4.015084e-07 -4.077603e-08 -4.165683e-07 2.181725e-05 -1.148505e-04 -3.308958e-05 4.474937e-05
 9002.400000 -2.949586e-05 -4.029080e-07 -4.084943e-08 -4.183353e-07 2.460779e-05 -9.548055e-05 -4.823839e-05 2.815052e-05
 9002.600000 -2.964136e-05 -4.054724e-07 -4.125037e-08 -4.202793e-07 2.642781e-05 -1.061022e-04 -5.637595e-05 -1.652742e-05
 9002.800000 -2.979197e-05 -4.082280e-07 -4.142450e-08 -4.220136e-07 3.679502e-05 -1.228514e-04 -4.666840e-05 -1.341604e-05
 9003.000000 -2.990903e-05 -4.097487e-07 -4.199151e-08 -4.238915e-07 2.711172e-05 -1.305458e-04 -5.309357e-05 -1.946602e-05
 9003.200000 -2.993004e-05 -4.105218e-07 -4.211052e-08 -4.244536e-07 1.525022e-05 -1.297442e-04 -5.748726e-05 -2.131874e-05
 9003.400000 -2.997718e-05 -4.111315e-07 -4.245750e-08 -4.243924e-07 1.734704e-05 -1.433057e-04 -5.309434e-05 -1.265674e-05
 9003.600000 -3.000498e-05 -4.127822e-07 -4.304108e-08 -4.240377e-07 3.177427e-05 -1.289646e-04 -5.691006e-05 -9.168905e-06
 9003.800000 -2.999692e-05 -4.117824e-07 -4.336390e-08 -4.234568e-07 2.846976e-05 -1.462414e-04 -5.192686e-05 -1.639018e-05
 9004.000000 -3.000839e-05 -4.125617e-07 -4.399839e-08 -4.228727e-07 2.447587e-05 -1.403801e-04 -4.053278e-05 -4.106966e-06
 9004.200000 -3.000878e-05 -4.138014e-07 -4.482560e-08 -4.221349e-07 2.870161e-05 -1.155337e-04 -3.938958e-05 -7.078668e-07
 9004.400000 -3.001756e-05 -4.144219e-07 -4.538874e-08 -4.216199e-07 3.283428e-05 -9.070504e-05 -4.087222e-05 1.022342e-06
 9004.600000 -3.002173e-05 -4.140629e-07 -4.604573e-08 -4.212054e-07 3.035561e-05 -1.010786e-04 -3.821425e-05 -4.404401e-06
 9004.800000 -2.999136e-05 -4.138720e-07 -4.643112e-08 -4.205359e-07 3.222348e-05 -8.927668e-05 -4.245223e-05 -1.409295e-05
 9005.000000 -2.996908e-05 -4.150042e-07 -4.685831e-08 -4.197618e-07 3.157600e-05 -1.207188e-04 -5.260786e-05 -1.913803e-05
 9005.200000 -2.995059e-05 -4.138266e-07 -4.738621e-08 -4.189982e-07 2.993387e-05 -1.070684e-04 -5.084870e-05 -9.070151e-06
 9005.400000 -2.993884e-05 -4.133335e-07 -4.766767e-08 -4.184410e-07 3.245430e-05 -9.624878e-05 -6.045528e-05 -5.586021e-06
 9005.600000 -2.993647e-05 -4.145823e-07 -4.825895e-08 -4.179703e-07 2.773781e-05 -9.427960e-05 -5.516105e-05 -6.300092e-06
 9005.800000 -2.992688e-05 -4.143048e-07 -4.880763e-08 -4.174237e-07 2.719638e-05 -1.174214e-04 -6.317751e-05 -1.951599e-05
 9006.000000 -2.989671e-05 -4.146164e-07 -4.943283e-08 -4.169545e-07 2.857862e-05 -1.246081e-04 -5.285290e-05 -1.453604e-05
 9006.200000 -2.993149e-05 -4.145006e-07 -4.969940e-08 -4.164713e-07 2.615534e-05 -9.960078e-05 -4.598411e-05 -1.189665e-05
 9006.400000 -2.991140e-05 -4.150492e-07 -4.979924e-08 -4.159429e-07 2.798708e-05 -8.411025e-05 -4.801634e-05 -4.842463e-07
 9006.600000 -2.991346e-05 -4.159151e-07 -5.021962e-08 -4.155301e-07 3.434532e-05 -9.007633e-05 -5.084059e-05 3.162875e-06
 9006.800000 -2.989935e-05 -4.153278e-07 -5.029431e-08 -4.150951e-07 3.396296e-05 -7.915830e-05 -6.152186e-05 -3.171347e-06
 9007.000000 -2.989973e-05 -4.158114e-07 -5.080594e-08 -4.147182e-07 2.509402e-05 -1.020567e-04 -5.017273e-05 -7.129866e-06
 9007.200000 -2.987911e-05 -4.161942e-07 -5.134675e-08 -4.140774e-07 2.693315e-05 -1.261276e-04 -5.502482e-05 -1.608951e-05
 9007.400000 -2.984832e-05 -4.152374e-07 -5.154567e-08 -4.139260e-07 3.036029e-05 -1.507725e-04 -5.616096e-05 -1.335927e-05
 9007.600000 -2.974865e-05 -4.139184e-07 -5.178747e-08 -4.128038e-07 1.274618e-05 -1.317434e-04 -6.713310e-05 -2.720481e-06
 9007.800000 -2.971569e-05 -4.128660e-07 -5.181019e-08 -4.120722e-07 2.171135e-05 -1.388149e-04 -5.945059e-05 -5.272097e-06
 9008.000000 -2.970160e-05 -4.118136e-07 -5.183532e-08 -4.115608e-07 3.085732e-05 -1.404031e-04 -6.169236e-05 -1.120701e-05
 9008.200000 -2.977450e-05 -4.143194e-07 -5.245447e-08 -4.120900e-07 3.003124e-05 -1.529573e-04 -5.783934e-05 -1.050783e-05
 9008.400000 -2.976262e-05 -4.140171e-07 -5.301970e-08 -4.116245e-07 3.117220e-05 -1.395357e-04 -6.008419e-05 -1.589703e-05
 9008.600000 -2.978530e-05 -4.151773e-07 -5.367344e-08 -4.114551e-07 3.380651e-05 -1.380443e-04 -5.449950e-05 -2.060699e-05
 9008.800000 -2.983922e-05 -4.159815e-07 -5.428315e-08 -4.115209e-07 4.201940e-05 -1.410503e-04 -5.604601e-05 -1.069068e-05
 9009.000000 -2.981336e-05 -4.162341e-07 -5.457495e-08 -4.110460e-07 4.023554e-05 -1.154752e-04 -5.607142e-05 -2.391137e-06
 9009.227860 -2.979438e-05 -4.157442e-07 -5.474322e-08 -4.106032e-07 5.159702e-05 -1.285165e-04 -5.214923e-05 3.393119e-05
 9009.483581 -2.980158e-05 -4.165453e-07 -5.509996e-08 -4.103179e-07 5.233265e-05 -1.447022e-04 -6.403036e-05 3.460794e-05
 9009.767162 -2.982522e-05 -4.169249e-07 -5.561471e-08 -4.103503e-07 5.601259e-05 -1.364840e-04 -5.090114e-05 3.962165e-05
 9010.078604 -2.981002e-05 -4.172986e-07 -5.609986e-08 -4.098612e-07 4.927488e-05 -1.406599e-04 -4.179301e-05 3.491320e-05
 9010.417905 -2.980383e-05 -4.171939e-07 -5.592488e-08 -4.094168e-07 4.660472e-05 -1.397875e-04 -4.466370e-05 -3.166878e-06
 9010.785067 -2.975872e-05 -4.164158e-07 -5.567828e-08 -4.089352e-07 4.010889e-05 -1.069483e-04 -4.597540e-05 -9.726447e-06
 9011.180090 -2.966211e-05 -4.153615e-07 -5.597362e-08 -4.078882e-07 3.516393e-05 -9.272148e-05 -5.087044e-05 -5.218284e-06
 9011.602973 -2.959276e-05 -4.140086e-07 -5.565480e-08 -4.071083e-07 3.296285e-05 -1.160352e-04 -4.864325e-05 -1.031860e-05
 9012.053716 -2.955337e-05 -4.134025e-07 -5.519820e-08 -4.066336e-07 2.182275e-05 -1.336642e-04 -4.717545e-05 -1.020424e-05
 9012.532319 -2.956284e-05 -4.140104e-07 -5.534018e-08 -4.071285e-07 2.073681e-05 -1.382212e-04 -4.252278e-05 -4.703755e-06
 9013.038783 -2.962179e-05 -4.155609e-07 -5.522293e-08 -4.084555e-07 3.126238e-05 -1.419539e-04 -5.054180e-05 -6.416928e-06
 9013.573107 -2.968646e-05 -4.170795e-07 -5.458130e-08 -4.097430e-07 3.859036e-05 -1.417957e-04 -4.466122e-05 -7.561493e-06
 9014.135292 -2.973716e-05 -4.172507e-07 -5.426166e-08 -4.115936e-07 4.815092e-05 -1.372612e-04 -4.924548e-05 -1.359811e-05
 9014.725337 -2.980308e-05 -4.171054e-07 -5.367928e-08 -4.135339e-07 3.631055e-05 -1.316689e-04 -4.220057e-05 -1.844512e-05
 9015.343242 -2.988849e-05 -4.185041e-07 -5.326057e-08 -4.151868e-07 2.819069e-05 -1.296794e-04 -4.818743e-05 -2.224090e-05
 9015.989008 -2.988790e-05 -4.183986e-07 -5.249184e-08 -4.161906e-07 2.729191e-05 -1.105507e-04 -5.316367e-05 -1.687497e-05
 9016.662634 -2.988594e-05 -4.182138e-07 -5.163894e-08 -4.172046e-07 3.559200e-05 -1.198340e-04 -6.074140e-05 -8.554310e-06
 9017.364120 -2.985922e-05 -4.173455e-07 -5.049461e-08 -4.181579e-07 4.067248e-05 -9.678187e-05 -6.107408e-05 -6.694961e-06
 9018.093467 -2.985272e-05 -4.173734e-07 -4.927285e-08 -4.195541e-07 2.919219e-05 -8.247500e-05 -6.529279e-05 -4.154610e-06
 9018.850674 -2.982949e-05 -4.170896e-07 -4.831565e-08 -4.207631e-07 3.095341e-05 -8.288438e-05 -5.977649e-05 7.281648e-06
 9019.635741 -2.980842e-05 -4.171047e-07 -4.696377e-08 -4.217258e-07 2.522838e-05 -7.700355e-05 -5.364624e-05 8.650786e-06
 9020.448669 -2.977816e-05 -4.165503e-07 -4.603370e-08 -4.226799e-07 1.993638e-05 -9.869109e-05 -5.349948e-05 6.769995e-06
 9021.289457 -2.975807e-05 -4.160362e-07 -4.519014e-08 -4.235997e-07 2.657256e-05 -9.524702e-05 -6.447189e-05 8.257925e-06
 9022.158106 -2.973773e-05 -4.155714e-07 -4.413004e-08 -4.247949e-07 2.019077e-05 -1.205236e-04 -6.366704e-05 2.831627e-07
 9023.054614 -2.970226e-05 -4.142876e-07 -4.332887e-08 -4.256071e-07 2.095380e-05 -1.346362e-04 -5.586874e-05 4.738071e-06
 9023.978983 -2.965299e-05 -4.136322e-07 -4.268841e-08 -4.260797e-07 3.203193e-05 -1.235794e-04 -5.943052e-05 -1.326740e-06
 9024.931213 -2.967006e-05 -4.137674e-07 -4.217307e-08 -4.266984e-07 2.763199e-05 -1.143183e-04 -4.842954e-05 -4.788259e-06
 9025.911303 -2.969068e-05 -4.143346e-07 -4.255503e-08 -4.265701e-07 1.833072e-05 -1.204021e-04 -4.247216e-05 -2.390298e-06
 9026.919253 -2.967277e-05 -4.148499e-07 -4.356405e-08 -4.258426e-07 2.239781e-05 -1.112292e-04 -6.405671e-05 -8.844325e-06
 9027.955064 -2.964956e-05 -4.153115e-07 -4.454088e-08 -4.242550e-07 3.062164e-05 -1.408056e-04 -4.828875e-05 -7.879134e-06
 9029.018734 -2.959707e-05 -4.155619e-07 -4.611559e-08 -4.225659e-07 3.549352e-05 -1.067359e-04 -4.527041e-05 -2.451475e-06
 9030.110266 -2.957779e-05 -4.160411e-07 -4.791853e-08 -4.207248e-07 3.098331e-05 -9.618608e-05 -4.166515e-05 -4.232939e-06
 9031.232723 -2.951990e-05 -4.160627e-07 -4.919863e-08 -4.187892e-07 1.800485e-05 -6.665904e-05 -5.548492e-05 -9.744479e-06
 9032.367373 -2.935318e-05 -4.134198e-07 -5.007570e-08 -4.162900e-07 2.073837e-05 -9.142448e-05 -6.683006e-05 -9.205586e-06
 9033.514214 -2.937243e-05 -4.143689e-07 -5.100976e-08 -4.157919e-07 2.319425e-05 -1.155812e-04 -5.928086e-05 -8.390324e-06
 9034.673248 -2.946422e-05 -4.166503e-07 -5.198001e-08 -4.160851e-07 2.033667e-05 -1.187002e-04 -5.714722e-05 -9.685400e-06
 9035.844473 -2.948332e-05 -4.177915e-07 -5.214939e-08 -4.161805e-07 2.108172e-05 -1.137157e-04 -5.564802e-05 -3.382558e-06
 9037.027890 -2.946562e-05 -4.177421e-07 -5.177325e-08 -4.164108e-07 1.807630e-05 -1.247619e-04 -6.180981e-05 3.389589e-06
 9038.223499 -2.946281e-05 -4.181659e-07 -5.186120e-08 -4.167493e-07 2.102817e-05 -1.421296e-04 -6.046393e-05 -3.265045e-06
 9039.431300 -2.943568e-05 -4.179845e-07 -5.161263e-08 -4.173153e-07 2.849825e-05 -1.307728e-04 -5.845579e-05 6.421309e-07
 9040.651293 -2.935852e-05 -4.167518e-07 -5.076875e-08 -4.177291e-07 2.177271e-05 -1.235661e-04 -5.849938e-05 1.090289e-05
 9041.883478 -2.929527e-05 -4.155018e-07 -5.026921e-08 -4.178947e-07 2.124753e-05 -1.363459e-04 -6.144718e-05 9.368679e-06
 9043.127855 -2.923481e-05 -4.153379e-07 -5.027487e-08 -4.175919e-07 2.417231e-05 -1.332804e-04 -5.453932e-05 5.749756e-06
 9044.384423 -2.913114e-05 -4.141584e-07 -5.056178e-08 -4.167433e-07 3.100052e-05 -1.266514e-04 -5.649738e-05 1.794519e-05
 9045.653184 -2.909749e-05 -4.140971e-07 -5.024726e-08 -4.169718e-07 3.853593e-05 -1.352462e-04 -6.281741e-05 1.592965e-05
 9046.934136 -2.915272e-05 -4.153886e-07 -5.017892e-08 -4.181856e-07 3.420261e-05 -1.312764e-04 -6.065735e-05 1.099288e-05
 9048.227280 -2.920265e-05 -4.165057e-07 -4.975490e-08 -4.193616e-07 3.552361e-05 -1.362549e-04 -5.710111e-05 7.563790e-06
 9049.532617 -2.913903e-05 -4.149243e-07 -4.907503e-08 -4.199886e-07 3.608213e-05 -1.461142e-04 -5.975159e-05 5.734478e-06
 9050.850145 -2.913635e-05 -4.153865e-07 -4.895603e-08 -4.207934e-07 3.744321e-05 -1.254186e-04 -5.673685e-05 4.013339e-07
 9052.179865 -2.916497e-05 -4.170355e-07 -4.877316e-08 -4.215510e-07 3.258874e-05 -1.238970e-04 -6.961849e-05 -6.205721e-06
 9053.521777 -2.919240e-05 -4.184097e-07 -4.896365e-08 -4.222021e-07 3.562404e-05 -1.350708e-04 -6.234818e-05 -2.469991e-06
 9054.875881 -2.914278e-05 -4.171861e-07 -4.869459e-08 -4.225180e-07 2.693692e-05 -1.404745e-04 -6.500302e-05 -5.107665e-08
 9056.242177 -2.899252e-05 -4.146103e-07 -4.820391e-08 -4.221458e-07 2.656933e-05 -1.343182e-04 -5.470281e-05 -7.704408e-06
 9057.620664 -2.896055e-05 -4.143961e-07 -4.765816e-08 -4.228604e-07 1.468029e-05 -1.291949e-04 -4.994574e-05 1.015381e-07
 9059.011344 -2.890429e-05 -4.149775e-07 -4.685081e-08 -4.226533e-07 1.987992e-05 -1.281306e-04 -4.830122e-05 6.094399e-06
 9060.414215 -2.885975e-05 -4.142036e-07 -4.602360e-08 -4.226853e-07 2.952825e-05 -1.597218e-04 -5.012486e-05 1.063649e-05
 9061.829279 -2.898050e-05 -4.160499e-07 -4.563430e-08 -4.257086e-07 2.662480e-05 -1.694063e-04 -4.742744e-05 1.052934e-06
 9063.256534 -2.902510e-05 -4.171793e-07 -4.544992e-08 -4.271704e-07 2.782068e-05 -1.719317e-04 -4.863290e-05 2.788579e-06
 9064.695981 -2.901677e-05 -4.175313e-07 -4.534656e-08 -4.279005e-07 2.529908e-05 -1.560926e-04 -4.108457e-05 2.348160e-06
 9066.147620 -2.900638e-05 -4.173561e-07 -4.441009e-08 -4.286146e-07 2.827966e-05 -1.226007e-04 -4.735124e-05 -5.735645e-06
 9067.611452 -2.898526e-05 -4.177690e-07 -4.366889e-08 -4.293487e-07 2.916379e-05 -1.052892e-04 -5.483433e-05 -1.627750e-06
 9069.087475 -2.896649e-05 -4.177547e-07 -4.297096e-08 -4.300274e-07 2.670505e-05 -1.406763e-04 -6.472925e-05 -2.051879e-07
 9070.575689 -2.893918e-05 -4.177437e-07 -4.282392e-08 -4.303804e-07 2.576914e-05 -1.410271e-04 -6.660648e-05 -5.784731e-06
 9072.076096 -2.891979e-05 -4.182271e-07 -4.272495e-08 -4.302427e-07 2.587796e-05 -1.308345e-04 -6.168386e-05 8.010940e-07
 9073.588695 -2.884268e-05 -4.168326e-07 -4.310503e-08 -4.293736e-07 2.767655e-05 -1.422257e-04 -5.711075e-05 8.122018e-06
 9075.113485 -2.878475e-05 -4.165691e-07 -4.411294e-08 -4.283533e-07 2.198797e-05 -1.357435e-04 -5.416251e-05 -1.206438e-06
 9076.650468 -2.875048e-05 -4.172190e-07 -4.475153e-08 -4.271285e-07 2.743682e-05 -1.403768e-04 -6.594969e-05 -3.814517e-06
 9078.199642 -2.862511e-05 -4.161124e-07 -4.581369e-08 -4.250071e-07 2.734572e-05 -1.577829e-04 -7.019808e-05 -5.426577e-06
 9079.761009 -2.870395e-05 -4.186350e-07 -4.725417e-08 -4.249964e-07 2.033982e-05 -1.280776e-04 -6.295204e-05 3.654788e-06
 9081.334567 -2.875374e-05 -4.206743e-07 -4.886354e-08 -4.245498e-07 2.478304e-05 -1.359353e-04 -6.625551e-05 7.329647e-07
 9082.920317 -2.866510e-05 -4.201459e-07 -4.978287e-08 -4.231144e-07 2.553528e-05 -1.165719e-04 -6.599821e-05 -2.060845e-08
 9084.518259 -2.860202e-05 -4.197354e-07 -5.051108e-08 -4.217473e-07 2.059133e-05 -1.392604e-04 -6.264173e-05 -3.540289e-06
 9086.128393 -2.864464e-05 -4.220218e-07 -5.127905e-08 -4.215692e-07 2.738450e-05 -1.582609e-04 -5.439179e-05 -2.311971e-06
 9087.750719 -2.869756e-05 -4.243886e-07 -5.179334e-08 -4.222512e-07 2.630409e-05 -1.622745e-04 -5.963940e-05 -5.513637e-06
 9089.385237 -2.871109e-05 -4.250135e-07 -5.263494e-08 -4.222632e-07 3.793114e-05 -1.666858e-04 -6.456875e-05 -4.761422e-07
 9091.031946 -2.868733e-05 -4.251581e-07 -5.361703e-08 -4.217790e-07 4.327797e-05 -1.568004e-04 -6.667042e-05 -7.155974e-06
 9092.690848 -2.867819e-05 -4.260201e-07 -5.460660e-08 -4.210860e-07 4.211111e-05 -1.637355e-04 -7.032939e-05 -1.369335e-06
 9094.361942 -2.866121e-05 -4.268249e-07 -5.557798e-08 -4.202795e-07 4.078145e-05 -1.626820e-04 -6.666738e-05 6.679052e-06
 9096.045227 -2.864153e-05 -4.271179e-07 -5.647544e-08 -4.194195e-07 3.781554e-05 -1.441104e-04 -7.016287e-05 9.735007e-07
 9097.740704 -2.859376e-05 -4.273550e-07 -5.709199e-08 -4.192768e-07 3.105828e-05 -1.551973e-04 -7.548826e-05 -1.069587e-05
 9099.448374 -2.853154e-05 -4.258906e-07 -5.699941e-08 -4.194474e-07 2.998376e-05 -1.659144e-04 -7.347083e-05 -4.560996e-06
 9101.168235 -2.852912e-05 -4.276932e-07 -5.685228e-08 -4.203611e-07 3.279526e-05 -1.570368e-04 -6.499139e-05 -7.673097e-06
 9102.900288 -2.857692e-05 -4.281277e-07 -5.589233e-08 -4.218887e-07 3.335886e-05 -1.617888e-04 -6.496745e-05 -4.836185e-06
 9104.644533 -2.858814e-05 -4.288713e-07 -5.428608e-08 -4.236230e-07 3.499677e-05 -1.669774e-04 -6.891485e-05 -1.357157e-05
 9106.400970 -2.856269e-05 -4.292383e-07 -5.330336e-08 -4.250339e-07 3.316132e-05 -1.672294e-04 -5.989028e-05 -1.627492e-07
 9108.169598 -2.851541e-05 -4.284597e-07 -5.248310e-08 -4.263518e-07 2.476094e-05 -1.597225e-04 -5.808428e-05 -5.976531e-06
 9109.950419 -2.849787e-05 -4.284921e-07 -5.192483e-08 -4.271491e-07 2.700899e-05 -1.482498e-04 -6.406859e-05 2.939259e-06
 9111.743432 -2.847328e-05 -4.287125e-07 -5.147715e-08 -4.277214e-07 3.388612e-05 -1.639169e-04 -7.203696e-05 6.484248e-06
 9113.548636 -2.847047e-05 -4.292411e-07 -5.115073e-08 -4.285951e-07 3.653188e-05 -1.688614e-04 -6.415763e-05 -4.994763e-06
 9115.366032 -2.850750e-05 -4.314539e-07 -5.117297e-08 -4.295508e-07 2.924992e-05 -1.519654e-04 -5.462934e-05 2.976897e-05
 9117.195621 -2.849570e-05 -4.322872e-07 -5.094804e-08 -4.301971e-07 2.713910e-05 -1.489651e-04 -5.783070e-05 4.821918e-05
 9119.037401 -2.845403e-05 -4.318990e-07 -5.082480e-08 -4.302501e-07 2.476656e-05 -1.636152e-04 -5.717949e-05 5.548367e-05
 9120.891373 -2.842569e-05 -4.316822e-07 -5.054975e-08 -4.313529e-07 3.961891e-05 -1.366634e-04 -4.435259e-05 6.167084e-05
 9122.757537 -2.843939e-05 -4.320790e-07 -4.942592e-08 -4.330320e-07 3.804372e-05 -1.320139e-04 -5.666436e-05 5.053160e-05
 9124.635893 -2.843092e-05 -4.324210e-07 -4.824953e-08 -4.350561e-07 3.417051e-05 -1.476534e-04 -6.843388e-05 5.700132e-05
 9126.526441 -2.841329e-05 -4.320126e-07 -4.641543e-08 -4.368641e-07 3.284940e-05 -1.481262e-04 -7.292601e-05 5.568115e-05
 9128.429181 -2.835077e-05 -4.317842e-07 -4.527023e-08 -4.379782e-07 2.737098e-05 -1.465556e-04 -7.576961e-05 5.312499e-05
 9130.344112 -2.824764e-05 -4.302083e-07 -4.473154e-08 -4.373734e-07 2.599636e-05 -1.212719e-04 -7.150575e-05 4.564793e-05
 9132.271236 -2.833044e-05 -4.320761e-07 -4.447654e-08 -4.394887e-07 2.643671e-05 -1.366418e-04 -5.905670e-05 4.305004e-05
 9134.210552 -2.833139e-05 -4.324193e-07 -4.526636e-08 -4.395948e-07 2.784358e-05 -1.464722e-04 -6.907433e-05 4.172034e-05
 9136.162059 -2.831237e-05 -4.340908e-07 -4.588272e-08 -4.394934e-07 3.349147e-05 -1.372106e-04 -6.996020e-05 4.198667e-05
 9138.125758 -2.825819e-05 -4.340199e-07 -4.628165e-08 -4.385122e-07 3.738469e-05 -1.099494e-04 -7.297378e-05 4.655379e-05
 9140.101649 -2.828932e-05 -4.362414e-07 -4.713347e-08 -4.384987e-07 3.980302e-05 -1.353138e-04 -7.335640e-05 4.381461e-05
 9142.089733 -2.829640e-05 -4.367437e-07 -4.810485e-08 -4.378151e-07 3.343700e-05 -1.499673e-04 -7.184204e-05 3.323545e-06
 9144.090008 -2.827306e-05 -4.384008e-07 -5.022561e-08 -4.366108e-07 3.670830e-05 -1.537165e-04 -6.743926e-05 -1.443870e-06
 9146.102475 -2.823156e-05 -4.374722e-07 -5.192557e-08 -4.351230e-07 4.286672e-05 -1.336046e-04 -6.893095e-05 -1.193453e-05
 9148.127133 -2.817196e-05 -4.379353e-07 -5.377387e-08 -4.331357e-07 3.979725e-05 -1.239441e-04 -7.321050e-05 -1.688055e-05
 9150.163984 -2.814239e-05 -4.388650e-07 -5.558050e-08 -4.313322e-07 3.491289e-05 -1.120935e-04 -7.253030e-05 -1.707960e-05
 9152.213027 -2.812017e-05 -4.399476e-07 -5.759200e-08 -4.299300e-07 3.465755e-05 -1.150401e-04 -7.218917e-05 -1.511224e-05
 9154.274261 -2.787098e-05 -4.375750e-07 -5.938692e-08 -4.255372e-07 3.922021e-05 -1.329179e-04 -5.173412e-05 -6.592787e-07
 9156.347688 -2.772125e-05 -4.361500e-07 -6.095692e-08 -4.226934e-07 3.028989e-05 -1.344008e-04 -6.292441e-05 -7.893993e-06
 9158.433306 -2.821277e-05 -4.454060e-07 -6.304804e-08 -4.296578e-07 2.545727e-05 -9.564287e-05 -7.319023e-05 -8.802593e-06
 9160.531117 -2.820529e-05 -4.467520e-07 -6.295326e-08 -4.304382e-07 2.759143e-05 -1.071347e-04 -7.078546e-05 -1.353455e-05
 9162.641119 -2.818626e-05 -4.457187e-07 -6.130588e-08 -4.313846e-07 3.064675e-05 -1.226977e-04 -7.909787e-05 -1.208293e-05
 9164.763313 -2.816854e-05 -4.458978e-07 -5.981116e-08 -4.334569e-07 3.072174e-05 -1.290127e-04 -8.223447e-05 -7.717348e-06
 9166.897699 -2.811269e-05 -4.442469e-07 -5.828879e-08 -4.350099e-07 4.163660e-05 -1.418120e-04 -6.931608e-05 -9.448442e-09
 9169.044277 -2.784138e-05 -4.396530e-07 -5.617284e-08 -4.332409e-07 4.839019e-05 -1.434448e-04 -6.899281e-05 7.313380e-07
 9171.203047 -2.778412e-05 -4.390308e-07 -5.494334e-08 -4.334421e-07 5.131008e-05 -1.349324e-04 -6.529016e-05 -3.899620e-06
 9173.374008 -2.805256e-05 -4.440338e-07 -5.461611e-08 -4.386014e-07 4.915303e-05 -1.272790e-04 -7.185226e-05 1.471243e-06
 9175.557162 -2.810859e-05 -4.454829e-07 -5.424415e-08 -4.403926e-07 4.441540e-05 -1.384920e-04 -6.823447e-05 -4.662916e-06
 9177.752508 -2.812960e-05 -4.463899e-07 -5.420585e-08 -4.415201e-07 3.724535e-05 -1.069605e-04 -5.243366e-05 6.007865e-06
 9179.960045 -2.811965e-05 -4.472946e-07 -5.492997e-08 -4.421367e-07 3.953703e-05 -1.065164e-04 -4.355523e-05 1.040836e-05
 9182.179775 -2.813250e-05 -4.481304e-07 -5.527393e-08 -4.425890e-07 3.517088e-05 -1.090477e-04 -6.433952e-05 2.662766e-06
 9184.411696 -2.815656e-05 -4.500918e-07 -5.576054e-08 -4.435594e-07 3.420206e-05 -1.099614e-04 -6.530095e-05 -3.359803e-06
 9186.655809 -2.814434e-05 -4.509767e-07 -5.578067e-08 -4.440962e-07 3.619145e-05 -1.160286e-04 -6.320247e-05 1.199472e-06
 9188.912114 -2.813639e-05 -4.519121e-07 -5.597371e-08 -4.448981e-07 3.095029e-05 -1.244169e-04 -7.343049e-05 -8.189141e-07
 9191.180611 -2.811217e-05 -4.520248e-07 -5.623301e-08 -4.451944e-07 3.669235e-05 -1.355989e-04 -8.048338e-05 6.817546e-07
 9193.461300 -2.810259e-05 -4.530356e-07 -5.689089e-08 -4.454829e-07 4.013718e-05 -1.483824e-04 -6.075357e-05 1.188031e-05
 9195.754181 -2.809160e-05 -4.540312e-07 -5.729714e-08 -4.461249e-07 3.308226e-05 -1.519392e-04 -7.303693e-05 6.180603e-06
 9198.059254 -2.807800e-05 -4.552938e-07 -5.727540e-08 -4.472366e-07 2.964644e-05 -1.396743e-04 -7.708598e-05 -3.696791e-06
 9200.376518 -2.809752e-05 -4.559671e-07 -5.637718e-08 -4.488409e-07 2.627357e-05 -1.334431e-04 -7.644539e-05 -2.038887e-06
 9202.705975 -2.812082e-05 -4.567227e-07 -5.541149e-08 -4.506970e-07 3.402443e-05 -1.153008e-04 -6.964785e-05 -1.423480e-06
 9205.047623 -2.809761e-05 -4.560510e-07 -5.425834e-08 -4.520226e-07 3.584947e-05 -1.144618e-04 -6.925158e-05 -3.973116e-06
 9207.401464 -2.813462e-05 -4.570333e-07 -5.365260e-08 -4.541502e-07 3.279433e-05 -1.203075e-04 -7.686104e-05 -1.209564e-05
 9209.767496 -2.818316e-05 -4.591806e-07 -5.374663e-08 -4.556608e-07 3.657742e-05 -1.290077e-04 -6.007114e-05 2.312440e-06
 9212.145720 -2.819689e-05 -4.611226e-07 -5.418159e-08 -4.567129e-07 4.080938e-05 -1.465051e-04 -6.598243e-05 -1.076795e-05
 9214.536136 -2.813912e-05 -4.619509e-07 -5.426372e-08 -4.566986e-07 4.777725e-05 -1.345645e-04 -6.437194e-05 -1.925869e-05
 9216.938744 -2.810785e-05 -4.622769e-07 -5.459376e-08 -4.567452e-07 3.907565e-05 -1.407404e-04 -6.835459e-05 -2.444567e-05
 9219.353544 -2.815605e-05 -4.642266e-07 -5.573264e-08 -4.572237e-07 3.088378e-05 -1.185911e-04 -6.534649e-05 -2.504806e-05
 9221.780536 -2.820433e-05 -4.668244e-07 -5.703740e-08 -4.578943e-07 3.864985e-05 -8.641336e-05 -5.880161e-05 -2.320158e-05
 9224.219720 -2.823121e-05 -4.679523e-07 -5.864238e-08 -4.581580e-07 3.133837e-05 -9.689756e-05 -5.518517e-05 -2.594401e-05
 9226.671096 -2.827739e-05 -4.708833e-07 -6.017243e-08 -4.581910e-07 2.463541e-05 -1.041041e-04 -5.257483e-05 -2.741519e-05
 9229.134663 -2.828415e-05 -4.731244e-07 -6.177742e-08 -4.584579e-07 2.136618e-05 -1.057701e-04 -4.868201e-05 -1.797021e-05
 9231.610423 -2.832656e-05 -4.752084e-07 -6.303059e-08 -4.587975e-07 2.631015e-05 -1.107631e-04 -6.766482e-05 -1.883070e-05
 9234.098374 -2.835766e-05 -4.772504e-07 -6.442959e-08 -4.593141e-07 2.899460e-05 -1.266696e-04 -5.063760e-05 -6.464414e-06
 9236.598517 -2.838330e-05 -4.788414e-07 -6.559768e-08 -4.599177e-07 2.759391e-05 -1.474116e-04 -5.072345e-05 -2.768493e-06
 9239.110852 -2.840513e-05 -4.806960e-07 -6.580476e-08 -4.611247e-07 3.417891e-05 -1.453610e-04 -5.406972e-05 -2.683180e-06
 9241.635380 -2.838081e-05 -4.812101e-07 -6.575726e-08 -4.616600e-07 3.568358e-05 -1.751024e-04 -5.216253e-05 -8.304037e-06
 9244.172099 -2.832001e-05 -4.814344e-07 -6.555539e-08 -4.622114e-07 3.529381e-05 -1.576732e-04 -5.325321e-05 -1.103082e-05
 9246.721009 -2.836588e-05 -4.829535e-07 -6.578736e-08 -4.636452e-07 4.125084e-05 -1.344634e-04 -4.545060e-05 -1.129052e-05
 9249.282112 -2.843243e-05 -4.853691e-07 -6.606708e-08 -4.651050e-07 4.130840e-05 -1.371892e-04 -5.175802e-05 -7.364929e-06
 9251.855407 -2.850410e-05 -4.883006e-07 -6.632888e-08 -4.669144e-07 4.202241e-05 -1.438272e-04 -5.635809e-05 -6.897324e-06
 9254.440894 -2.854435e-05 -4.900979e-07 -6.667333e-08 -4.687322e-07 3.684138e-05 -1.437390e-04 -5.106236e-05 5.197775e-07
 9257.038572 -2.858378e-05 -4.923900e-07 -6.709741e-08 -4.698513e-07 4.063877e-05 -1.406088e-04 -5.726166e-05 -6.088081e-06
 9259.648443 -2.859545e-05 -4.937421e-07 -6.724187e-08 -4.713089e-07 4.436067e-05 -1.425423e-04 -5.460980e-05 -3.250901e-06
 9262.270505 -2.864021e-05 -4.959773e-07 -6.681304e-08 -4.732121e-07 3.269870e-05 -1.362750e-04 -4.659348e-05 1.149498e-05
 9264.904759 -2.865107e-05 -4.971299e-07 -6.670483e-08 -4.747594e-07 3.096969e-05 -1.414589e-04 -5.151978e-05 4.604475e-06
 9267.551205 -2.868565e-05 -4.992916e-07 -6.659666e-08 -4.764099e-07 3.319120e-05 -1.449855e-04 -5.654728e-05 -8.873580e-06
 9270.209844 -2.871565e-05 -5.006805e-07 -6.637706e-08 -4.781203e-07 3.555862e-05 -1.421343e-04 -6.194697e-05 -5.943832e-06
 9272.880674 -2.873132e-05 -5.023768e-07 -6.640900e-08 -4.796522e-07 2.749181e-05 -1.373703e-04 -5.528683e-05 -2.017710e-06
 9275.563696 -2.878360e-05 -5.045935e-07 -6.631818e-08 -4.815657e-07 3.494560e-05 -1.259033e-04 -4.985647e-05 -4.391068e-07
 9278.258909 -2.880253e-05 -5.052029e-07 -6.646936e-08 -4.827309e-07 3.641994e-05 -1.568324e-04 -4.899699e-05 -4.951586e-07
 9280.966315 -2.884397e-05 -5.078125e-07 -6.689251e-08 -4.846683e-07 4.243231e-05 -1.748328e-04 -5.005307e-05 -3.110427e-06
 9283.685913 -2.888441e-05 -5.099617e-07 -6.726409e-08 -4.863651e-07 4.460878e-05 -1.687926e-04 -4.961595e-05 5.947753e-06
 9286.417702 -2.888796e-05 -5.109065e-07 -6.709784e-08 -4.877267e-07 3.697931e-05 -1.527701e-04 -5.709426e-05 1.087581e-07
 9289.161684 -2.880667e-05 -5.105300e-07 -6.682292e-08 -4.875181e-07 2.924268e-05 -1.430595e-04 -6.367096e-05 -7.946452e-06
 9291.917857 -2.888911e-05 -5.124995e-07 -6.701278e-08 -4.896581e-07 3.253566e-05 -1.360602e-04 -4.985134e-05 -8.823928e-06
 9294.686222 -2.898411e-05 -5.162367e-07 -6.735960e-08 -4.922916e-07 2.919616e-05 -1.390870e-04 -4.866764e-05 -2.006434e-06
 9297.466780 -2.890139e-05 -5.164837e-07 -6.748140e-08 -4.920270e-07 2.799356e-05 -1.379403e-04 -5.106830e-05 4.042441e-05
 9300.259529 -2.883955e-05 -5.165082e-07 -6.790198e-08 -4.912246e-07 2.844402e-05 -1.316996e-04 -4.940588e-05 4.967244e-05
 9303.064470 -2.908386e-05 -5.220870e-07 -6.910389e-08 -4.956541e-07 2.490713e-05 -1.238757e-04 -3.930533e-05 4.851140e-05
 9305.881602 -2.911042e-05 -5.236040e-07 -6.972565e-08 -4.965995e-07 1.929841e-05 -1.107676e-04 -5.666488e-05 3.774173e-05
 9308.710927 -2.909924e-05 -5.252443e-07 -7.061826e-08 -4.967599e-07 2.129465e-05 -1.119030e-04 -6.176037e-05 4.089736e-05
 9311.552444 -2.915946e-05 -5.283160e-07 -7.176912e-08 -4.983461e-07 2.608922e-05 -1.250073e-04 -5.922235e-05 5.484825e-05
 9314.406153 -2.912289e-05 -5.294871e-07 -7.285643e-08 -4.988226e-07 3.321234e-05 -1.409145e-04 -6.730103e-05 5.344370e-05
 9317.272053 -2.915151e-05 -5.311407e-07 -7.360010e-08 -4.999873e-07 3.312898e-05 -1.333802e-04 -6.549324e-05 4.352270e-05
 9320.150146 -2.927815e-05 -5.349169e-07 -7.452888e-08 -5.018367e-07 2.597942e-05 -1.166005e-04 -6.152319e-05 4.684827e-05
 9323.040430 -2.929034e-05 -5.368640e-07 -7.500147e-08 -5.027026e-07 3.878342e-05 -1.309542e-04 -4.891823e-05 4.684737e-05
 9325.942906 -2.918244e-05 -5.356833e-07 -7.479743e-08 -5.017921e-07 3.345205e-05 -1.210834e-04 -4.741339e-05 4.182649e-05
 9328.857574 -2.934733e-05 -5.408835e-07 -7.570926e-08 -5.060532e-07 3.050285e-05 -1.071323e-04 -7.078241e-05 4.404418e-06
 9331.784435 -2.933641e-05 -5.417258e-07 -7.617018e-08 -5.065578e-07 3.111552e-05 -1.202786e-04 -7.147102e-05 -3.558790e-06
 9334.723487 -2.945690e-05 -5.454836e-07 -7.718013e-08 -5.090870e-07 2.951331e-05 -1.208535e-04 -6.319070e-05 -6.936527e-06
 9337.674730 -2.956441e-05 -5.493226e-07 -7.805977e-08 -5.112270e-07 1.976066e-05 -1.193518e-04 -6.122376e-05 -4.508435e-07
 9340.638166 -2.961705e-05 -5.525121e-07 -7.916392e-08 -5.126540e-07 1.984316e-05 -1.305574e-04 -5.702892e-05 3.518976e-06
 9343.613794 -2.960373e-05 -5.530470e-07 -7.995263e-08 -5.131338e-07 2.254506e-05 -1.273006e-04 -6.936862e-05 -2.991515e-06
 9346.601614 -2.966272e-05 -5.565014e-07 -8.054146e-08 -5.151036e-07 1.824391e-05 -1.263704e-04 -6.564197e-05 -3.821042e-06
 9349.601625 -2.970926e-05 -5.586684e-07 -8.042916e-08 -5.168920e-07 1.792492e-05 -1.199310e-04 -6.005545e-05 -1.795500e-06
 9352.613829 -2.977530e-05 -5.616287e-07 -8.076157e-08 -5.189503e-07 2.086486e-05 -1.293463e-04 -7.071210e-05 4.089358e-07
 9355.638224 -2.982696e-05 -5.642175e-07 -8.135596e-08 -5.208907e-07 2.270528e-05 -1.216672e-04 -7.050957e-05 7.638161e-06
 9358.674811 -2.986606e-05 -5.662179e-07 -8.139344e-08 -5.227281e-07 2.474097e-05 -1.293980e-04 -6.469940e-05 9.872016e-06
 9361.723590 -2.984381e-05 -5.678674e-07 -8.128004e-08 -5.237544e-07 2.308040e-05 -1.320823e-04 -5.703301e-05 -3.088104e-06
 9364.784561 -2.981184e-05 -5.693579e-07 -8.164446e-08 -5.248822e-07 2.372933e-05 -1.474532e-04 -4.940826e-05 -4.080125e-06
 9367.857724 -2.991519e-05 -5.732946e-07 -8.221210e-08 -5.276306e-07 2.623791e-05 -1.440165e-04 -6.429644e-05 -7.965564e-06
 9370.943079 -3.002360e-05 -5.769910e-07 -8.256991e-08 -5.302236e-07 1.915666e-05 -1.274416e-04 -5.303041e-05 -1.311661e-05
 9374.040626 -3.008888e-05 -5.798862e-07 -8.281953e-08 -5.321559e-07 2.397118e-05 -1.205230e-04 -5.249512e-05 -1.887487e-05
 9377.150365 -3.013980e-05 -5.828518e-07 -8.354691e-08 -5.342823e-07 1.960025e-05 -1.361190e-04 -6.734570e-05 -2.803300e-05
 9380.272295 -3.018160e-05 -5.850403e-07 -8.405276e-08 -5.361421e-07 2.499367e-05 -1.586004e-04 -6.687049e-05 -1.654339e-05
 9383.406418 -3.022964e-05 -5.876589e-07 -8.446106e-08 -5.380808e-07 2.502517e-05 -1.563052e-04 -6.635140e-05 -2.819879e-05
 9386.552732 -3.024394e-05 -5.897899e-07 -8.469080e-08 -5.391355e-07 3.114084e-05 -1.541255e-04 -5.843565e-05 -2.183186e-05
 9389.711239 -3.022523e-05 -5.904551e-07 -8.472769e-08 -5.402398e-07 3.233986e-05 -1.521855e-04 -4.492774e-05 -1.759805e-05
 9392.881937 -3.025518e-05 -5.924840e-07 -8.498940e-08 -5.420360e-07 2.887530e-05 -1.666794e-04 -6.060057e-05 -2.461178e-05
 9396.064827 -3.028683e-05 -5.939128e-07 -8.516250e-08 -5.437424e-07 3.233593e-05 -1.781664e-04 -5.660958e-05 -1.357764e-05
 9399.259909 -3.021520e-05 -5.929983e-07 -8.498264e-08 -5.439297e-07 2.962154e-05 -1.827870e-04 -5.994655e-05 -1.023931e-05
 9402.467183 -3.029423e-05 -5.968725e-07 -8.585587e-08 -5.459644e-07 2.351285e-05 -1.784723e-04 -5.322679e-05 -6.138168e-06
 9405.686649 -3.045761e-05 -6.023330e-07 -8.738423e-08 -5.490341e-07 2.238837e-05 -1.468729e-04 -6.161501e-05 -1.582717e-05
 9408.918307 -3.048431e-05 -6.052667e-07 -8.834047e-08 -5.503177e-07 2.959517e-05 -1.434111e-04 -5.222946e-05 -2.255272e-05
 9412.162157 -3.044270e-05 -6.051193e-07 -8.876429e-08 -5.508326e-07 2.740863e-05 -1.230430e-04 -5.543908e-05 -1.916775e-05
 9415.418198 -3.040845e-05 -6.058520e-07 -8.928205e-08 -5.513254e-07 3.513764e-05 -1.463807e-04 -6.006920e-05 -1.313325e-05
 9418.686432 -3.048618e-05 -6.088510e-07 -9.041686e-08 -5.535904e-07 2.994515e-05 -1.522627e-04 -5.853435e-05 -7.766949e-06
 9421.966857 -3.050764e-05 -6.123018e-07 -9.150048e-08 -5.546624e-07 2.839595e-05 -1.559906e-04 -5.974116e-05 2.673037e-06
 9425.259474 -3.057239e-05 -6.155070e-07 -9.187901e-08 -5.570809e-07 2.562292e-05 -1.321453e-04 -5.562350e-05 -6.476386e-06
 9428.564284 -3.074447e-05 -6.208654e-07 -9.249068e-08 -5.611022e-07 1.027094e-05 -1.390091e-04 -6.838103e-05 -1.051528e-05
 9431.881285 -3.075579e-05 -6.222924e-07 -9.304827e-08 -5.622755e-07 1.446010e-05 -1.483892e-04 -7.515078e-05 -5.308725e-06
 9435.210478 -3.077844e-05 -6.251899e-07 -9.380807e-08 -5.640121e-07 2.552439e-05 -1.255128e-04 -7.641479e-05 -9.607809e-06
 9438.551863 -3.078081e-05 -6.271335e-07 -9.394847e-08 -5.651707e-07 2.877177e-05 -1.235949e-04 -8.402830e-05 -6.551505e-06
 9441.905440 -3.089494e-05 -6.319163e-07 -9.487729e-08 -5.680259e-07 1.981779e-05 -1.112552e-04 -6.356921e-05 -4.682777e-06
 9445.271209 -3.095960e-05 -6.353567e-07 -9.597328e-08 -5.700551e-07 2.936448e-05 -1.262461e-04 -5.211159e-05 -4.402930e-06
 9448.649169 -3.100959e-05 -6.392312e-07 -9.736173e-08 -5.720292e-07 2.979536e-05 -1.366309e-04 -5.905888e-05 -2.239003e-05
 9452.039322 -3.107693e-05 -6.428852e-07 -9.829487e-08 -5.740531e-07 3.934374e-05 -1.369196e-04 -6.835921e-05 -3.053246e-05
 9455.441666 -3.110472e-05 -6.450447e-07 -9.885410e-08 -5.756126e-07 3.799127e-05 -1.343419e-04 -6.264815e-05 -2.992368e-05
 9458.856203 -3.113577e-05 -6.484262e-07 -9.960530e-08 -5.769911e-07 4.435761e-05 -1.426123e-04 -5.868921e-05 -1.254105e-05
 9462.282931 -3.101917e-05 -6.472312e-07 -9.954378e-08 -5.768529e-07 4.042008e-05 -1.291555e-04 -6.977718e-05 -7.034007e-06
 9465.721851 -3.103130e-05 -6.494633e-07 -1.000524e-07 -5.785009e-07 3.892886e-05 -1.195451e-04 -6.211721e-05 6.000557e-06
 9469.172964 -3.109609e-05 -6.521578e-07 -1.007210e-07 -5.806218e-07 4.269725e-05 -1.156292e-04 -6.387962e-05 5.184292e-07
 9472.636268 -3.120654e-05 -6.564753e-07 -1.011748e-07 -5.835090e-07 4.745858e-05 -1.222330e-04 -5.744203e-05 6.000321e-06
 9476.111764 -3.127908e-05 -6.605911e-07 -1.019276e-07 -5.855980e-07 3.933797e-05 -1.283398e-04 -5.224629e-05 1.876951e-06
 9479.599451 -3.130152e-05 -6.632377e-07 -1.026830e-07 -5.872731e-07 5.539004e-05 -1.223452e-04 -5.709390e-05 -6.579373e-06
 9483.099331 -3.139472e-05 -6.674066e-07 -1.035333e-07 -5.901365e-07 4.894884e-05 -1.059951e-04 -6.639632e-05 -8.830410e-06
 9486.611403 -3.141695e-05 -6.704016e-07 -1.040210e-07 -5.917028e-07 4.209068e-05 -1.109738e-04 -7.448723e-05 -1.800192e-06
 9490.135666 -3.147609e-05 -6.740344e-07 -1.044295e-07 -5.939126e-07 4.641854e-05 -1.166682e-04 -6.973025e-05 -2.457189e-06
 9493.672122 -3.153644e-05 -6.786621e-07 -1.052508e-07 -5.961088e-07 4.870367e-05 -1.213299e-04 -7.238450e-05 -3.960138e-06
 9497.220769 -3.158241e-05 -6.835681e-07 -1.061372e-07 -5.983439e-07 4.392236e-05 -1.154544e-04 -6.715604e-05 -3.441742e-06
 9500.781609 -3.156742e-05 -6.861374e-07 -1.066572e-07 -5.993597e-07 4.810464e-05 -1.178153e-04 -6.468827e-05 -7.940817e-06
 9504.354640 -3.152967e-05 -6.876955e-07 -1.069718e-07 -6.005068e-07 4.999657e-05 -1.112932e-04 -5.368309e-05 -1.043705e-05
 9507.939863 -3.171374e-05 -6.935749e-07 -1.078256e-07 -6.051011e-07 5.390418e-05 -9.613777e-05 -6.504494e-05 -1.432218e-05
 9511.537278 -3.176323e-05 -6.972114e-07 -1.084114e-07 -6.071213e-07 4.606703e-05 -8.612080e-05 -5.649922e-05 -1.376945e-05
 9515.146885 -3.170334e-05 -6.969546e-07 -1.087540e-07 -6.075737e-07 4.753636e-05 -1.019218e-04 -5.519233e-05 -4.175827e-06
 9518.768684 -3.164503e-05 -6.977591e-07 -1.095509e-07 -6.077287e-07 4.970451e-05 -1.205844e-04 -6.480430e-05 -4.292729e-06
 9522.402675 -3.179863e-05 -7.042331e-07 -1.108858e-07 -6.112849e-07 4.395596e-05 -1.003196e-04 -6.087011e-05 -7.449751e-06
 9526.048857 -3.176677e-05 -7.058699e-07 -1.113090e-07 -6.120429e-07 4.065155e-05 -8.905062e-05 -5.375925e-05 -1.034993e-05
 9529.707232 -3.184126e-05 -7.106532e-07 -1.126636e-07 -6.145977e-07 4.190740e-05 -9.759772e-05 -4.951764e-05 2.137683e-05
 9533.377799 -3.194332e-05 -7.165508e-07 -1.141725e-07 -6.171827e-07 5.300916e-05 -9.593459e-05 -4.317981e-05 5.193492e-05
 9537.060557 -3.192532e-05 -7.196570e-07 -1.149926e-07 -6.181398e-07 4.547973e-05 -9.452636e-05 -5.679143e-05 6.089026e-05
 9540.755507 -3.182818e-05 -7.197325e-07 -1.152998e-07 -6.175065e-07 4.129455e-05 -8.883352e-05 -6.125783e-05 5.360501e-05
 9544.462650 -3.206329e-05 -7.274512e-07 -1.167342e-07 -6.234234e-07 5.272707e-05 -1.037547e-04 -6.486301e-05 4.571213e-05
 9548.181984 -3.213212e-05 -7.314645e-07 -1.177067e-07 -6.260467e-07 5.523182e-05 -1.043336e-04 -5.929812e-05 4.909168e-05
 9551.913510 -3.216882e-05 -7.350689e-07 -1.188659e-07 -6.280330e-07 5.837136e-05 -1.193811e-04 -6.483881e-05 4.835071e-05
 9555.657228 -3.217790e-05 -7.372169e-07 -1.194597e-07 -6.296755e-07 5.989772e-05 -1.176499e-04 -5.643399e-05 5.337613e-05
 9559.413138 -3.218298e-05 -7.399482e-07 -1.198993e-07 -6.314044e-07 6.031210e-05 -1.138458e-04 -6.077739e-05 5.125288e-05
 9563.181239 -3.218820e-05 -7.421518e-07 -1.204511e-07 -6.326511e-07 5.815544e-05 -1.107318e-04 -7.622135e-05 5.578660e-05
 9566.961533 -3.219499e-05 -7.445107e-07 -1.211824e-07 -6.337839e-07 5.667350e-05 -1.340213e-04 -7.174553e-05 5.642647e-05
 9570.754019 -3.215693e-05 -7.465468e-07 -1.219677e-07 -6.342399e-07 5.277999e-05 -1.346762e-04 -6.558068e-05 6.286699e-05
 9574.558696 -3.219864e-05 -7.498681e-07 -1.228496e-07 -6.365587e-07 5.664763e-05 -1.191589e-04 -6.834625e-05 5.470175e-05
 9578.375565 -3.228780e-05 -7.543098e-07 -1.237512e-07 -6.393587e-07 5.969095e-05 -1.186764e-04 -6.377624e-05 5.546064e-05
 9582.204627 -3.231735e-05 -7.581794e-07 -1.247519e-07 -6.412906e-07 5.300225e-05 -1.126835e-04 -5.595916e-05 5.644707e-05
 9586.045880 -3.240365e-05 -7.627746e-07 -1.260736e-07 -6.438444e-07 6.260009e-05 -1.183643e-04 -5.112983e-05 6.425570e-05
 9589.899325 -3.241788e-05 -7.661753e-07 -1.271239e-07 -6.454537e-07 5.895182e-05 -1.076049e-04 -6.484720e-05 6.710286e-05
 9593.764962 -3.242377e-05 -7.694192e-07 -1.276881e-07 -6.470832e-07 4.728022e-05 -1.033482e-04 -6.572468e-05 6.049603e-05
 9597.642791 -3.243684e-05 -7.725016e-07 -1.281067e-07 -6.487098e-07 3.982893e-05 -1.211076e-04 -4.735324e-05 5.364793e-05
 9601.532812 -3.239239e-05 -7.741420e-07 -1.287124e-07 -6.496901e-07 4.165123e-05 -1.199575e-04 -5.510393e-05 5.951611e-05
 9605.435025 -3.246517e-05 -7.787749e-07 -1.296539e-07 -6.524963e-07 4.749093e-05 -1.044435e-04 -6.231364e-05 6.540999e-05
 9609.349429 -3.253794e-05 -7.838879e-07 -1.306653e-07 -6.553392e-07 3.943084e-05 -9.603072e-05 -6.784022e-05 6.542672e-05
 9613.276026 -3.254415e-05 -7.863652e-07 -1.312081e-07 -6.565647e-07 3.902650e-05 -9.200900e-05 -5.941433e-05 5.171492e-05
 9617.214814 -3.254680e-05 -7.878231e-07 -1.316313e-07 -6.579974e-07 3.671307e-05 -9.487003e-05 -6.401751e-05 5.137868e-05
 9621.165795 -3.256251e-05 -7.905330e-07 -1.325991e-07 -6.600180e-07 3.344950e-05 -9.143971e-05 -7.223622e-05 5.303738e-05
 9625.128967 -3.256344e-05 -7.937917e-07 -1.335853e-07 -6.618061e-07 3.547932e-05 -9.369157e-05 -7.015553e-05 5.857045e-05
 9629.104331 -3.255353e-05 -7.957983e-07 -1.337463e-07 -6.629984e-07 3.487866e-05 -8.896255e-05 -6.162124e-05 6.164396e-05
 9633.091888 -3.254695e-05 -7.985334e-07 -1.344315e-07 -6.644467e-07 3.511258e-05 -6.215807e-05 -7.483136e-05 6.282621e-05
 9637.091636 -3.250649e-05 -7.995520e-07 -1.349954e-07 -6.657492e-07 4.050331e-05 -5.572000e-05 -8.054958e-05 5.787998e-05
 9641.103575 -3.252238e-05 -8.034425e-07 -1.357869e-07 -6.681532e-07 5.071220e-05 -6.497667e-05 -7.203191e-05 5.022106e-05
 9645.127707 -3.259173e-05 -8.086907e-07 -1.369085e-07 -6.714019e-07 5.703235e-05 -6.466520e-05 -6.774650e-05 4.721441e-05
 9649.164031 -3.244975e-05 -8.066390e-07 -1.368277e-07 -6.705757e-07 5.753335e-05 -7.874459e-05 -6.735267e-05 5.172013e-05
 9653.212547 -3.254601e-05 -8.131996e-07 -1.386749e-07 -6.731477e-07 6.054890e-05 -8.945252e-05 -7.059721e-05 5.799795e-05
 9657.273254 -3.267991e-05 -8.208498e-07 -1.404028e-07 -6.769519e-07 7.073870e-05 -7.600789e-05 -6.470151e-05 5.360633e-05
 9661.346154 -3.267614e-05 -8.240670e-07 -1.409827e-07 -6.789663e-07 6.674099e-05 -6.627846e-05 -5.389816e-05 5.033942e-05
 9665.431245 -3.259189e-05 -8.240968e-07 -1.414704e-07 -6.789869e-07 5.673729e-05 -5.793044e-05 -4.740983e-05 5.292156e-05
 9669.528529 -3.270171e-05 -8.303162e-07 -1.430238e-07 -6.823897e-07 6.184881e-05 -7.470499e-05 -4.061764e-05 4.805829e-05
 9673.638004 -3.272328e-05 -8.342271e-07 -1.437293e-07 -6.843670e-07 7.096461e-05 -7.512095e-05 -3.492099e-05 4.724995e-05
 9677.759671 -3.270089e-05 -8.358100e-07 -1.444190e-07 -6.852024e-07 6.063447e-05 -7.187322e-05 -3.550068e-05 6.280077e-05
 9681.893530 -3.268962e-05 -8.380042e-07 -1.453316e-07 -6.864038e-07 5.117764e-05 -7.691220e-05 -4.290724e-05 4.417818e-05
 9686.039581 -3.270866e-05 -8.409006e-07 -1.461613e-07 -6.881524e-07 5.431296e-05 -7.133756e-05 -5.278232e-05 5.073861e-05
 9690.197824 -3.268199e-05 -8.423503e-07 -1.467196e-07 -6.892442e-07 5.185654e-05 -7.310250e-05 -5.178721e-05 4.807179e-05
 9694.368258 -3.268341e-05 -8.451073e-07 -1.477522e-07 -6.907864e-07 5.221763e-05 -7.576656e-05 -5.189771e-05 3.581263e-05
 9698.550885 -3.267356e-05 -8.482921e-07 -1.489115e-07 -6.924656e-07 5.996330e-05 -8.396224e-05 -4.303007e-05 -3.873997e-07
 9702.745704 -3.259583e-05 -8.488035e-07 -1.489756e-07 -6.929572e-07 5.410404e-05 -8.312847e-05 -3.937779e-05 -1.577292e-05
 9706.952714 -3.263940e-05 -8.523556e-07 -1.502064e-07 -6.951245e-07 6.039222e-05 -8.030262e-05 -3.168298e-05 -1.659591e-05
 9711.171916 -3.263168e-05 -8.554589e-07 -1.510325e-07 -6.959710e-07 5.312284e-05 -7.952801e-05 -3.444893e-05 -1.240566e-05
 9715.403311 -3.267289e-05 -8.590190e-07 -1.517942e-07 -6.984949e-07 4.710705e-05 -6.117424e-05 -4.150794e-05 -8.110780e-06
 9719.646897 -3.268911e-05 -8.630988e-07 -1.531339e-07 -7.002206e-07 4.598398e-05 -5.263444e-05 -3.965561e-05 -9.486802e-06
 9723.902675 -3.268943e-05 -8.665947e-07 -1.539703e-07 -7.018775e-07 4.882668e-05 -5.368107e-05 -4.146678e-05 -1.804969e-05
 9728.170645 -3.269984e-05 -8.708993e-07 -1.552135e-07 -7.036339e-07 4.451218e-05 -4.747948e-05 -3.740736e-05 -1.782306e-05
 9732.450807 -3.270897e-05 -8.752761e-07 -1.564943e-07 -7.055251e-07 5.037246e-05 -1.773642e-05 -4.220181e-05 -1.475679e-05
 9736.743161 -3.269227e-05 -8.777504e-07 -1.571380e-07 -7.070971e-07 4.618027e-05 -1.438281e-05 -5.018247e-05 -8.208722e-06
 9741.047707 -3.266956e-05 -8.802159e-07 -1.576968e-07 -7.083770e-07 4.645569e-05 -2.648520e-05 -3.799283e-05 -5.750846e-06
 9745.364444 -3.264732e-05 -8.825749e-07 -1.584908e-07 -7.099793e-07 5.067130e-05 -3.834206e-05 -3.729683e-05 -1.348158e-06
 9749.693374 -3.261755e-05 -8.839254e-07 -1.588312e-07 -7.108233e-07 4.641996e-05 -4.577551e-05 -2.944567e-05 1.999940e-06
 9754.034495 -3.260139e-05 -8.858248e-07 -1.597089e-07 -7.120461e-07 4.415482e-05 -3.329940e-05 -2.495395e-05 5.321521e-06
 9758.387809 -3.253016e-05 -8.851909e-07 -1.598403e-07 -7.122937e-07 4.617446e-05 -4.907524e-05 -2.727241e-05 3.896942e-06
 9762.753314 -3.250243e-05 -8.879470e-07 -1.606646e-07 -7.132461e-07 5.247834e-05 -5.755274e-05 -3.086890e-05 -2.989768e-06
 9767.131011 -3.235381e-05 -8.866956e-07 -1.608325e-07 -7.124935e-07 4.778190e-05 -3.361254e-05 -3.759815e-05 -7.029966e-06
 9771.520900 -3.242671e-05 -8.942496e-07 -1.622744e-07 -7.154669e-07 4.617338e-05 -3.243194e-05 -3.901875e-05 -1.748700e-05
 9775.922981 -3.225466e-05 -8.904573e-07 -1.621018e-07 -7.140470e-07 5.021136e-05 -3.409301e-05 -3.627737e-05 -9.345611e-06
 9780.337254 -3.219868e-05 -8.917837e-07 -1.626326e-07 -7.147509e-07 5.076671e-05 -3.154456e-05 -4.270346e-05 -2.156181e-06
 9784.763719 -3.240209e-05 -9.029045e-07 -1.653446e-07 -7.198961e-07 5.474157e-05 -2.199901e-05 -4.880317e-05 -1.216438e-06
 9789.202376 -3.248349e-05 -9.090399e-07 -1.667588e-07 -7.234072e-07 4.824041e-05 -3.355738e-05 -4.883173e-05 -1.753880e-06
 9793.653224 -3.235906e-05 -9.096289e-07 -1.672101e-07 -7.224727e-07 4.324877e-05 -4.407716e-05 -4.950560e-05 -2.201932e-06
 9798.116265 -3.251681e-05 -9.180599e-07 -1.691558e-07 -7.272751e-07 3.951198e-05 -6.682118e-05 -4.454106e-05 -3.513633e-06
 9802.591497 -3.252631e-05 -9.214866e-07 -1.701323e-07 -7.288052e-07 3.881445e-05 -8.857792e-05 -5.016657e-05 -1.085017e-05
 9807.078922 -3.243877e-05 -9.208241e-07 -1.706265e-07 -7.288014e-07 3.791967e-05 -1.009571e-04 -4.871255e-05 -1.142818e-05
 9811.578538 -3.239792e-05 -9.237490e-07 -1.713420e-07 -7.296824e-07 3.995852e-05 -9.507396e-05 -5.307644e-05 -2.209304e-05
 9816.090346 -3.224190e-05 -9.210322e-07 -1.711770e-07 -7.290426e-07 3.620014e-05 -1.015205e-04 -5.044458e-05 -1.931680e-05
 9820.614346 -3.235183e-05 -9.296803e-07 -1.729961e-07 -7.325995e-07 4.154864e-05 -1.130542e-04 -3.849585e-05 -2.479781e-06
 9825.150538 -3.234893e-05 -9.338641e-07 -1.743251e-07 -7.339630e-07 4.832413e-05 -1.158577e-04 -4.595726e-05 -4.702049e-06
 9829.698922 -3.208204e-05 -9.299598e-07 -1.740440e-07 -7.303181e-07 4.417444e-05 -1.053465e-04 -4.849405e-05 7.031108e-06
 9834.259498 -3.211379e-05 -9.334610e-07 -1.753653e-07 -7.327537e-07 4.239736e-05 -9.844168e-05 -4.502659e-05 4.830109e-05
 9838.832266 -3.220071e-05 -9.417016e-07 -1.770847e-07 -7.364082e-07 4.005629e-05 -1.070328e-04 -4.378258e-05 2.775793e-05
 9843.417226 -3.230662e-05 -9.485136e-07 -1.786551e-07 -7.408205e-07 4.415828e-05 -9.685540e-05 -3.956558e-05 3.007926e-06
 9848.014377 -3.227961e-05 -9.508826e-07 -1.793862e-07 -7.421879e-07 4.592451e-05 -1.222610e-04 -4.138424e-05 2.420090e-06
 9852.623721 -3.223994e-05 -9.538386e-07 -1.807956e-07 -7.429990e-07 4.337941e-05 -1.347406e-04 -5.021433e-05 3.744128e-07
 9857.245256 -3.221334e-05 -9.564651e-07 -1.818524e-07 -7.439430e-07 3.817481e-05 -1.299104e-04 -5.040270e-05 2.038230e-05
 9861.878983 -3.214078e-05 -9.565281e-07 -1.820165e-07 -7.442170e-07 3.963940e-05 -1.105810e-04 -3.768054e-05 5.127912e-05
 9866.524902 -3.223426e-05 -9.651795e-07 -1.840127e-07 -7.476825e-07 3.608502e-05 -1.212632e-04 -4.452049e-05 3.376752e-05
 9871.183013 -3.219119e-05 -9.673991e-07 -1.849926e-07 -7.487449e-07 4.106037e-05 -1.267870e-04 -4.740682e-05 3.047920e-07
 9875.853316 -3.217235e-05 -9.714537e-07 -1.863207e-07 -7.503490e-07 4.764875e-05 -1.261351e-04 -4.489105e-05 8.203998e-06
 9880.535811 -3.207047e-05 -9.698475e-07 -1.862649e-07 -7.508770e-07 4.626915e-05 -1.285198e-04 -4.737248e-05 1.476700e-05
 9885.230498 -3.204107e-05 -9.709493e-07 -1.868428e-07 -7.522470e-07 5.733590e-05 -1.351793e-04 -3.925701e-05 -3.610666e-06
 9889.937377 -3.209147e-05 -9.778235e-07 -1.886546e-07 -7.542119e-07 5.177746e-05 -1.200931e-04 -4.792951e-05 -7.060249e-06
 9894.656448 -3.204230e-05 -9.805267e-07 -1.894044e-07 -7.549733e-07 5.400135e-05 -1.177121e-04 -4.397339e-05 -7.435159e-06
 9899.387710 -3.197830e-05 -9.838300e-07 -1.904832e-07 -7.558141e-07 5.302977e-05 -8.987414e-05 -4.323295e-05 1.837315e-07
 9904.131165 -3.203129e-05 -9.917820e-07 -1.925707e-07 -7.583426e-07 5.077896e-05 -9.685686e-05 -5.074092e-05 -7.276673e-06
 9908.886811 -3.195816e-05 -9.923783e-07 -1.930330e-07 -7.588134e-07 5.239896e-05 -6.116340e-05 -5.190633e-05 -6.671396e-06
 9913.654649 -3.195151e-05 -9.968546e-07 -1.943795e-07 -7.602763e-07 5.577096e-05 -2.712223e-05 -4.008164e-05 1.470681e-06
 9918.434679 -3.186137e-05 -9.965381e-07 -1.947101e-07 -7.601261e-07 5.979977e-05 -4.105417e-05 -4.170894e-05 -2.652700e-06
 9923.226901 -3.173595e-05 -9.940541e-07 -1.946853e-07 -7.595301e-07 6.263663e-05 -5.348925e-05 -3.680270e-05 1.992474e-06
 9928.031315 -3.184975e-05 -1.004242e-06 -1.970770e-07 -7.635714e-07 5.773592e-05 -9.095070e-05 -3.384765e-05 -5.535013e-06
 9932.847921 -3.181876e-05 -1.007241e-06 -1.981030e-07 -7.649465e-07 4.785720e-05 -1.265743e-04 -3.905140e-05 -1.455104e-06
 9937.676719 -3.172253e-05 -1.011135e-06 -1.993828e-07 -7.648627e-07 5.598874e-05 -1.163186e-04 -3.140950e-05 4.568044e-06
 9942.517709 -3.158367e-05 -1.010613e-06 -1.997942e-07 -7.633131e-07 5.550407e-05 -1.157693e-04 -4.126532e-05 2.646302e-05
 9947.370891 -3.162976e-05 -1.016846e-06 -2.013594e-07 -7.663235e-07 5.417731e-05 -1.337756e-04 -4.021520e-05 7.550245e-06
 9952.236264 -3.170886e-05 -1.021533e-06 -2.026031e-07 -7.696349e-07 5.243883e-05 -1.492223e-04 -4.654399e-05 1.834892e-05
