# Facility.name: NSLS-II
# Facility.mode: Beam available
# Facility.current: 399.7775517740568
# Facility.current: 3 GeV
# Facility.year: 2023
# Facility.cycle: 2
# Facility.GUP: 312970
# Facility.SAF: 311402
# Experimenter.name: Esteban Fornero
# Beamline.name: ISS (8-ID)
# Beamline.x-ray_source: damping wiggler
# Beamline.collimation_mirror1.material: Si
# Beamline.collimation_mirror2.material: Pt
# Beamline.collimation_mirror2.bender_loading: -348.0
# Beamline.focusing: toroidal mirror
# Beamline.focusing.material: Pt
# Beamline.focusing.bender_loading: -418.0
# Beamline.harmonic_rejection: Si
# Mono.scan_mode: Si(111)
# Mono.d_spacing: 3.1354951
# Mono.scan_mode: pseudo-channel cut
# Mono.scan_type: fly_scan
# Mono.trajectory_name: f950a534-6fd5.txt
# Mono.direction: None
# Mono.angle_offset: 0.69366577
# Mono.angle_offset: 39.744 deg
# Mono.encoder_resolution: 48.0 nrad
# Detector.I0: ion chamber
# Detector.I1: ion chamber
# Detector.I2: ion chamber
# Detector.IF: PIPS
# Detector.I0.length: 15 cm
# Detector.I1.length: 28 cm
# Detector.I2.length: 15 cm
# Detector.IF.thickness: 300 um
# Detector.I0.gas.N2: 38.0%
# Detector.I1.gas.N2: 38.0%
# Detector.I2.gas.N2: 38.0%
# Detector.I0.gas.He: 62.0%
# Detector.I1.gas.He: 62.0%
# Detector.I2.gas.He: 62.0%
# Detector.I0.voltage: -1650.00354
# Detector.I1.voltage: -1649.999146
# Detector.I2.voltage: -1650.000488
# Detector.I0.gain: 4
# Detector.I1.gain: 6
# Detector.I2.gain: 6
# Detector.IF.gain: 6
# Detector.aux: {}
# Element.symbol: Cu
# Element.edge: K
# Element.line: None
# Scan.transient_id: 370894
# Scan.uid: 9cbf0f25-6fab-412f-a7ad-76e9455c776c
# Scan.edge_energy: 8979.0
# Scan.start_time: 06/23/2023  02:05:25.107691
# Scan.end_time: 06/23/2023  02:05:58.104591
# Scan.name: Cu2O+Ga2O3-1st O2-ramp (pos 001) Cu-K 0001
# Scan.comment: 
# Sample.name: Cu2O+Ga2O3-1st
# Sample.comment: 
# Sample.position.x: -66.61000258
# Sample.position.y: 30.049975000499998
# Sample.position.z: -10.184937499999995
# Sample.position.theta: 845.5790000000001
# SampleHeater.temperature1.setpoint: 300.0
# SampleHeater.temperature1.readback: 1372.0
# SampleHeater.current.setpoint: 0.0
# SampleHeater.current.readback: 0.0
# SampleHeater.temperature2.setpoint: 283.4820763430832
# SampleHeater.temperature2.readback: 285.1
# SampleHeater.voltage.setpoint: 0.6752688703248515
# SampleHeater.voltage.readback: 0.6970000000000001
# SampleHeater.PID.P: 0.025
# SampleHeater.PID.I: 0.07
# SampleHeater.PID.D: 0.0
# SampleGasCart.MFC.CH4.setpoint: 0.0
# SampleGasCart.MFC.CH4.readback: 0.0
# SampleGasCart.MFC.CO.setpoint: 0.0
# SampleGasCart.MFC.CO.readback: 0.0
# SampleGasCart.MFC.H2.setpoint: 0.0
# SampleGasCart.MFC.H2.readback: 0.0
# SampleGasCart.MFC.exhaust.setpoint: 100.0
# SampleGasCart.MFC.exhaust.readback: 9.08
# SampleGasHandlingSystem.gas_a.name: None
# SampleGasHandlingSystem.gas_b.name: None
# SampleGasHandlingSystem.gas_c.name: None
# SampleGasHandlingSystem.gas_d.name: None
# SampleGasHandlingSystem.gas_e.name: He
# SampleGasHandlingSystem.MFC1.setpoint: 8.0
# SampleGasHandlingSystem.MFC1.readback: 7.999674320220947
# SampleGasHandlingSystem.MFC2.setpoint: 0.0
# SampleGasHandlingSystem.MFC2.readback: -0.0569661445915699
# SampleGasHandlingSystem.MFC3.setpoint: 0.0
# SampleGasHandlingSystem.MFC3.readback: 0.0244140625
# SampleGasHandlingSystem.MFC4.setpoint: 0.0
# SampleGasHandlingSystem.MFC4.readback: -0.0528971366584301
# SampleGasHandlingSystem.MFC5.setpoint: 0.0
# SampleGasHandlingSystem.MFC5.readback: -0.0040690102614462376
# SampleGasHandlingSystem.MFC6.setpoint: 2.0
# SampleGasHandlingSystem.MFC6.readback: 2.001953125
# SampleGasHandlingSystem.MFC7.setpoint: 0.0
# SampleGasHandlingSystem.MFC7.readback: -0.0244140625
# SampleGasHandlingSystem.MFC8.setpoint: 0.0
# SampleGasHandlingSystem.MFC8.readback: -0.0691731795668602
# SampleGasHandlingSystem.MFC9.setpoint: 0.0
# SampleGasHandlingSystem.MFC9.readback: -0.048828125
# SampleGasHandlingSystem.MFC10.setpoint: 0.0
# SampleGasHandlingSystem.MFC10.readback: 0.01220703125
# SampleGasHandlingSystem.MFC11.setpoint: 0.0
# SampleGasHandlingSystem.MFC11.readback: -0.0935872420668602
# SampleGasHandlingSystem.MFC12.setpoint: 0.0
# SampleGasHandlingSystem.MFC12.readback: -0.0447591133415699
# SampleGasHandlingSystem.MFC13.setpoint: 0.0
# SampleGasHandlingSystem.MFC13.readback: -0.0528971366584301
# SampleGasHandlingSystem.MFC14.setpoint: 0.0
# SampleGasHandlingSystem.MFC14.readback: -0.06103515625
# SampleGasHandlingSystem.MFC15.setpoint: 0.0
# SampleGasHandlingSystem.MFC15.readback: -0.1057942733168602
# SampleGasHandlingSystem.MFC16.setpoint: 0.0
# SampleGasHandlingSystem.MFC16.readback: -0.0325520820915699
# SampleGasHandlingSystem.RGA.ch1.mass: 2
# SampleGasHandlingSystem.RGA.ch1.readback: 2.70033e-10
# SampleGasHandlingSystem.RGA.ch2.mass: 4
# SampleGasHandlingSystem.RGA.ch2.readback: 2.35339e-07
# SampleGasHandlingSystem.RGA.ch3.mass: 5
# SampleGasHandlingSystem.RGA.ch3.readback: 7.81276e-12
# SampleGasHandlingSystem.RGA.ch4.mass: 5
# SampleGasHandlingSystem.RGA.ch4.readback: 4.78717e-10
# SampleGasHandlingSystem.RGA.ch5.mass: 18
# SampleGasHandlingSystem.RGA.ch5.readback: 3.08424e-10
# SampleGasHandlingSystem.RGA.ch6.mass: 28
# SampleGasHandlingSystem.RGA.ch6.readback: 9.89065e-11
# SampleGasHandlingSystem.RGA.ch7.mass: 32
# SampleGasHandlingSystem.RGA.ch7.readback: 1.7415e-08
# SampleGasHandlingSystem.RGA.ch8.mass: 41
# SampleGasHandlingSystem.RGA.ch8.readback: 1.11477e-11
# SampleGasHandlingSystem.RGA.ch9.mass: 44
# SampleGasHandlingSystem.RGA.ch9.readback: 8.37278e-12
# energy  i0  it  ir  iff  aux1  aux2  aux3  aux4
 8779.000000 -3.483388e-05 -4.056100e-07 -2.684926e-07 -2.895296e-07 4.776421e-05 -2.316240e-04 -6.924608e-05 -8.527753e-06
 8784.000000 -3.491855e-05 -4.073105e-07 -2.696194e-07 -2.907190e-07 4.621165e-05 -2.095636e-04 -6.790897e-05 -5.823817e-06
 8789.000000 -3.489534e-05 -4.083441e-07 -2.705580e-07 -2.918137e-07 3.596382e-05 -2.139856e-04 -6.852990e-05 -3.704004e-06
 8794.000000 -3.474326e-05 -4.079810e-07 -2.706370e-07 -2.912413e-07 3.239496e-05 -2.241409e-04 -6.755414e-05 7.844633e-06
 8799.000000 -3.431614e-05 -4.040164e-07 -2.681324e-07 -2.885514e-07 3.719536e-05 -2.281210e-04 -7.135053e-05 2.867841e-06
 8804.000000 -3.462858e-05 -4.094704e-07 -2.719766e-07 -2.918813e-07 4.940589e-05 -2.354067e-04 -6.860614e-05 6.705949e-06
 8809.000000 -3.451944e-05 -4.097686e-07 -2.724407e-07 -2.916657e-07 4.663129e-05 -2.406751e-04 -6.422272e-05 -4.840224e-07
 8814.000000 -3.437064e-05 -4.103946e-07 -2.731780e-07 -2.906803e-07 3.967372e-05 -2.329861e-04 -7.292152e-05 -1.299078e-05
 8819.000000 -3.438918e-05 -4.128661e-07 -2.749096e-07 -2.912489e-07 3.347572e-05 -2.223869e-04 -7.914671e-05 -4.127685e-06
 8824.000000 -3.430235e-05 -4.135568e-07 -2.754995e-07 -2.910616e-07 4.160025e-05 -2.267186e-04 -7.650290e-05 -3.254981e-06
 8829.000000 -3.412783e-05 -4.128729e-07 -2.752100e-07 -2.906925e-07 4.327110e-05 -1.932258e-04 -8.158936e-05 5.439466e-06
 8834.000000 -3.412157e-05 -4.157019e-07 -2.772313e-07 -2.913493e-07 4.617117e-05 -1.770910e-04 -6.789702e-05 -6.476090e-06
 8839.000000 -3.402607e-05 -4.168188e-07 -2.784787e-07 -2.914637e-07 4.914815e-05 -1.817378e-04 -6.257487e-05 -6.457194e-06
 8844.000000 -3.385722e-05 -4.164034e-07 -2.782452e-07 -2.912761e-07 4.072340e-05 -1.972025e-04 -7.439692e-05 -3.580281e-06
 8849.000000 -3.371332e-05 -4.163908e-07 -2.783518e-07 -2.914906e-07 4.123173e-05 -1.900062e-04 -8.161296e-05 -4.097107e-06
 8854.000000 -3.369972e-05 -4.196612e-07 -2.807765e-07 -2.928546e-07 4.398577e-05 -1.793597e-04 -8.457371e-05 5.526300e-07
 8859.000000 -3.346687e-05 -4.175853e-07 -2.794302e-07 -2.920747e-07 5.016996e-05 -1.623192e-04 -8.244313e-05 -9.890673e-06
 8864.000000 -3.347253e-05 -4.206625e-07 -2.813760e-07 -2.931919e-07 4.618356e-05 -1.885264e-04 -8.402909e-05 -3.686006e-06
 8869.000000 -3.336032e-05 -4.217256e-07 -2.824688e-07 -2.930173e-07 4.288982e-05 -1.921183e-04 -8.562678e-05 -1.828170e-06
 8874.000000 -3.326148e-05 -4.232200e-07 -2.836902e-07 -2.926905e-07 4.086173e-05 -1.953430e-04 -8.129628e-05 -4.713837e-06
 8879.000000 -3.318451e-05 -4.251581e-07 -2.852481e-07 -2.927910e-07 3.937392e-05 -2.024712e-04 -7.770415e-05 3.317709e-06
 8884.000000 -3.297535e-05 -4.250824e-07 -2.855556e-07 -2.921483e-07 3.892121e-05 -1.737000e-04 -7.993912e-05 -2.229614e-06
 8889.000000 -3.269622e-05 -4.243118e-07 -2.849453e-07 -2.908545e-07 3.766884e-05 -1.607782e-04 -7.355163e-05 -9.853044e-06
 8894.000000 -3.286680e-05 -4.292331e-07 -2.882531e-07 -2.927634e-07 2.375948e-05 -1.612829e-04 -7.045278e-05 -8.797918e-06
 8899.000000 -3.276045e-05 -4.304472e-07 -2.893356e-07 -2.924493e-07 2.045882e-05 -1.850854e-04 -7.523834e-05 -1.126861e-05
 8904.000000 -3.260292e-05 -4.308144e-07 -2.896465e-07 -2.916371e-07 1.817010e-05 -1.801700e-04 -8.282226e-05 -1.132856e-05
 8909.000000 -3.252234e-05 -4.330951e-07 -2.915268e-07 -2.914393e-07 2.365764e-05 -1.542603e-04 -8.217413e-05 -5.647895e-06
 8914.000000 -3.223082e-05 -4.312638e-07 -2.903581e-07 -2.894038e-07 3.042132e-05 -1.643188e-04 -7.838374e-05 1.725656e-06
 8919.000000 -3.208189e-05 -4.308421e-07 -2.903061e-07 -2.889691e-07 1.948983e-05 -1.535533e-04 -6.952429e-05 3.558924e-06
 8924.000000 -3.188625e-05 -4.300878e-07 -2.896810e-07 -2.884561e-07 1.859372e-05 -1.627992e-04 -6.742629e-05 -2.523955e-06
 8929.000000 -3.193668e-05 -4.337692e-07 -2.922179e-07 -2.902563e-07 2.441412e-05 -1.531912e-04 -6.689216e-05 3.472347e-06
 8934.000000 -3.194755e-05 -4.378120e-07 -2.950932e-07 -2.912664e-07 2.977513e-05 -1.593554e-04 -7.262054e-05 -5.216088e-06
 8939.000000 -3.181833e-05 -4.388113e-07 -2.956388e-07 -2.910154e-07 2.720176e-05 -1.741003e-04 -6.821117e-05 -6.180611e-06
 8944.000000 -3.163589e-05 -4.387269e-07 -2.953981e-07 -2.901738e-07 2.537042e-05 -1.837007e-04 -7.438938e-05 -9.282518e-06
 8949.000000 -3.147786e-05 -4.392188e-07 -2.955344e-07 -2.898339e-07 2.418787e-05 -1.828559e-04 -7.011124e-05 -2.992679e-06
 8953.000000 -3.137588e-05 -4.393098e-07 -2.954228e-07 -2.897712e-07 3.719273e-05 -1.775480e-04 -6.181116e-05 -1.338836e-05
 8956.000000 -3.137323e-05 -4.413998e-07 -2.965770e-07 -2.900121e-07 3.436491e-05 -1.962247e-04 -7.376712e-05 -1.784905e-05
 8958.000000 -3.132025e-05 -4.415018e-07 -2.964217e-07 -2.900687e-07 2.915520e-05 -1.868693e-04 -8.195923e-05 -1.836680e-05
 8959.000000 -3.133164e-05 -4.426635e-07 -2.966788e-07 -2.903281e-07 3.282138e-05 -1.692644e-04 -8.765096e-05 -1.777690e-05
 8959.200000 -3.132815e-05 -4.426687e-07 -2.967257e-07 -2.904501e-07 3.148843e-05 -1.633340e-04 -9.332764e-05 -1.514123e-05
 8959.400000 -3.131067e-05 -4.423712e-07 -2.965661e-07 -2.903136e-07 1.821257e-05 -1.887631e-04 -1.075463e-04 -1.713401e-05
 8959.600000 -3.132533e-05 -4.431886e-07 -2.971295e-07 -2.910204e-07 1.996411e-05 -2.184890e-04 -8.555300e-05 -1.981776e-05
 8959.800000 -3.131463e-05 -4.429153e-07 -2.968994e-07 -2.908363e-07 3.517502e-05 -2.080553e-04 -8.422754e-05 -2.334672e-05
 8960.000000 -3.129108e-05 -4.422608e-07 -2.965076e-07 -2.908659e-07 3.100324e-05 -2.169855e-04 -7.335880e-05 -1.023451e-05
 8960.200000 -3.124133e-05 -4.413501e-07 -2.956859e-07 -2.907199e-07 2.608630e-05 -2.393549e-04 -7.053801e-05 -4.701539e-06
 8960.400000 -3.120730e-05 -4.399435e-07 -2.947388e-07 -2.904581e-07 3.044772e-05 -2.173842e-04 -6.804810e-05 1.282646e-06
 8960.600000 -3.117684e-05 -4.387604e-07 -2.938382e-07 -2.901030e-07 2.802180e-05 -1.808299e-04 -7.516095e-05 2.327762e-06
 8960.800000 -3.108277e-05 -4.368616e-07 -2.924457e-07 -2.893215e-07 3.328697e-05 -1.799670e-04 -5.520959e-05 4.789320e-06
 8961.000000 -3.117240e-05 -4.397504e-07 -2.944944e-07 -2.898737e-07 2.583325e-05 -1.905137e-04 -6.950826e-05 -6.390704e-06
 8961.200000 -3.122732e-05 -4.408526e-07 -2.954160e-07 -2.901552e-07 3.717301e-05 -2.192099e-04 -5.800690e-05 3.458055e-06
 8961.400000 -3.124995e-05 -4.411794e-07 -2.957968e-07 -2.904661e-07 3.485474e-05 -2.229280e-04 -5.923021e-05 -3.003589e-06
 8961.600000 -3.122955e-05 -4.419885e-07 -2.961902e-07 -2.900871e-07 3.799795e-05 -1.989876e-04 -6.103364e-05 1.123360e-05
 8961.800000 -3.117501e-05 -4.398310e-07 -2.945493e-07 -2.895698e-07 4.279198e-05 -2.075902e-04 -6.320668e-05 6.608058e-06
 8962.000000 -3.121767e-05 -4.418204e-07 -2.958154e-07 -2.900342e-07 3.864849e-05 -1.840355e-04 -5.964162e-05 1.756083e-06
 8962.200000 -3.122559e-05 -4.418838e-07 -2.956004e-07 -2.903092e-07 3.351265e-05 -2.000349e-04 -7.226343e-05 -1.700890e-06
 8962.400000 -3.117854e-05 -4.414538e-07 -2.953109e-07 -2.902727e-07 1.678315e-05 -2.127824e-04 -7.220499e-05 -1.565837e-05
 8962.600000 -3.119329e-05 -4.412795e-07 -2.953512e-07 -2.904640e-07 1.458755e-05 -2.249730e-04 -6.960548e-05 -1.725723e-05
 8962.800000 -3.118277e-05 -4.406906e-07 -2.946782e-07 -2.904215e-07 1.321847e-05 -2.246602e-04 -6.052773e-05 9.771203e-07
 8963.000000 -3.119699e-05 -4.415102e-07 -2.953621e-07 -2.906295e-07 2.604541e-05 -2.474262e-04 -5.712385e-05 4.414674e-06
 8963.200000 -3.122213e-05 -4.423811e-07 -2.958172e-07 -2.909616e-07 1.874604e-05 -2.467235e-04 -6.609651e-05 -3.710195e-06
 8963.400000 -3.124269e-05 -4.429064e-07 -2.961290e-07 -2.910206e-07 1.795329e-05 -2.146982e-04 -6.383251e-05 1.191485e-05
 8963.600000 -3.121224e-05 -4.424355e-07 -2.956140e-07 -2.908012e-07 2.408670e-05 -2.194402e-04 -6.942691e-05 1.867688e-06
 8963.800000 -3.105880e-05 -4.379802e-07 -2.922676e-07 -2.897666e-07 2.862200e-05 -2.137944e-04 -6.619929e-05 -1.046760e-05
 8964.000000 -3.101201e-05 -4.365807e-07 -2.914186e-07 -2.895019e-07 3.178345e-05 -2.121344e-04 -6.253116e-05 -1.440213e-05
 8964.200000 -3.104358e-05 -4.379453e-07 -2.922148e-07 -2.898425e-07 3.405851e-05 -2.004464e-04 -6.685823e-05 -2.714437e-05
 8964.400000 -3.110460e-05 -4.403630e-07 -2.938564e-07 -2.901696e-07 4.044834e-05 -1.869451e-04 -6.088575e-05 -2.105381e-05
 8964.600000 -3.116020e-05 -4.420735e-07 -2.951560e-07 -2.904937e-07 4.286539e-05 -1.955810e-04 -6.585922e-05 -2.296075e-05
 8964.800000 -3.119815e-05 -4.427155e-07 -2.956333e-07 -2.906271e-07 3.562279e-05 -1.878293e-04 -6.237831e-05 -2.437781e-05
 8965.000000 -3.120013e-05 -4.431945e-07 -2.957479e-07 -2.910885e-07 3.345822e-05 -1.956855e-04 -6.223733e-05 -1.740445e-05
 8965.200000 -3.115237e-05 -4.415178e-07 -2.945798e-07 -2.908773e-07 3.191755e-05 -1.958098e-04 -6.772049e-05 -1.126100e-05
 8965.400000 -3.114686e-05 -4.422780e-07 -2.949962e-07 -2.910585e-07 2.475182e-05 -1.695903e-04 -5.683593e-05 -1.267603e-05
 8965.600000 -3.117751e-05 -4.423750e-07 -2.947871e-07 -2.912547e-07 2.135246e-05 -1.976161e-04 -6.536319e-05 -5.636701e-06
 8965.800000 -3.116254e-05 -4.425497e-07 -2.947700e-07 -2.910533e-07 2.903275e-05 -2.154384e-04 -5.587406e-05 1.070413e-05
 8966.000000 -3.113620e-05 -4.416623e-07 -2.941572e-07 -2.911433e-07 3.252401e-05 -2.042490e-04 -5.624331e-05 -2.936615e-06
 8966.200000 -3.112031e-05 -4.410381e-07 -2.937312e-07 -2.910794e-07 4.187754e-05 -2.044104e-04 -5.902620e-05 -6.526599e-06
 8966.400000 -3.112591e-05 -4.421915e-07 -2.943283e-07 -2.911826e-07 3.594627e-05 -2.226872e-04 -4.920816e-05 -1.633661e-05
 8966.600000 -3.114418e-05 -4.426189e-07 -2.948953e-07 -2.912600e-07 3.950381e-05 -2.235971e-04 -5.562460e-05 -2.148897e-05
 8966.800000 -3.114527e-05 -4.429632e-07 -2.948472e-07 -2.915468e-07 4.060940e-05 -1.968544e-04 -6.141623e-05 -1.943886e-05
 8967.000000 -3.112986e-05 -4.426131e-07 -2.943627e-07 -2.914477e-07 3.386410e-05 -1.881726e-04 -6.544480e-05 -3.315576e-05
 8967.200000 -3.110012e-05 -4.418884e-07 -2.937985e-07 -2.913196e-07 2.980426e-05 -1.842287e-04 -5.723941e-05 -2.181329e-05
 8967.400000 -3.104502e-05 -4.399287e-07 -2.922411e-07 -2.908204e-07 2.837363e-05 -1.906951e-04 -6.783242e-05 -2.525506e-05
 8967.600000 -3.101819e-05 -4.397541e-07 -2.919595e-07 -2.908004e-07 2.579646e-05 -2.032237e-04 -5.784280e-05 -1.551986e-05
 8967.800000 -3.101589e-05 -4.394678e-07 -2.914357e-07 -2.910266e-07 2.186397e-05 -2.273485e-04 -4.939101e-05 -1.226384e-05
 8968.000000 -3.103795e-05 -4.400292e-07 -2.920318e-07 -2.913999e-07 2.203652e-05 -2.297500e-04 -5.286974e-05 -8.013614e-06
 8968.200000 -3.107615e-05 -4.415574e-07 -2.930112e-07 -2.918517e-07 2.243100e-05 -2.208614e-04 -5.187503e-05 8.052733e-07
 8968.400000 -3.107064e-05 -4.413247e-07 -2.928557e-07 -2.918682e-07 2.042904e-05 -2.379254e-04 -4.379621e-05 1.636086e-06
 8968.600000 -3.103054e-05 -4.403005e-07 -2.919950e-07 -2.918276e-07 2.373302e-05 -2.419383e-04 -5.251497e-05 -1.772962e-06
 8968.800000 -3.103122e-05 -4.407692e-07 -2.920293e-07 -2.917899e-07 2.726549e-05 -2.020147e-04 -6.364882e-05 -7.562939e-06
 8969.000000 -3.100251e-05 -4.403947e-07 -2.914387e-07 -2.914572e-07 2.420134e-05 -2.046848e-04 -6.431824e-05 -1.309534e-05
 8969.200000 -3.104267e-05 -4.414468e-07 -2.919468e-07 -2.917883e-07 2.164411e-05 -2.037017e-04 -5.671724e-05 -5.010462e-06
 8969.400000 -3.104462e-05 -4.417930e-07 -2.920954e-07 -2.918251e-07 2.233319e-05 -2.077041e-04 -5.904629e-05 -1.375912e-05
 8969.600000 -3.103183e-05 -4.414187e-07 -2.915200e-07 -2.919920e-07 1.636082e-05 -2.262252e-04 -6.074704e-05 -1.678145e-05
 8969.800000 -3.100475e-05 -4.411204e-07 -2.914068e-07 -2.919214e-07 2.345818e-05 -2.240545e-04 -4.987036e-05 -6.651339e-06
 8970.000000 -3.103265e-05 -4.416188e-07 -2.918757e-07 -2.922532e-07 3.053115e-05 -2.267136e-04 -4.013078e-05 -1.166644e-05
 8970.200000 -3.103863e-05 -4.420403e-07 -2.918826e-07 -2.925169e-07 3.455255e-05 -2.268045e-04 -5.275397e-05 -1.341259e-05
 8970.400000 -3.103247e-05 -4.423841e-07 -2.916505e-07 -2.922668e-07 3.835118e-05 -2.185104e-04 -5.697952e-05 -8.656008e-06
 8970.600000 -3.102170e-05 -4.417080e-07 -2.908164e-07 -2.923270e-07 3.726258e-05 -2.147835e-04 -6.248443e-05 -1.277850e-05
 8970.800000 -3.094632e-05 -4.396960e-07 -2.894502e-07 -2.919276e-07 4.087261e-05 -2.333113e-04 -5.269615e-05 -2.740992e-06
 8971.000000 -3.087828e-05 -4.380900e-07 -2.881782e-07 -2.912823e-07 3.160537e-05 -2.521970e-04 -6.219759e-05 -5.845277e-06
 8971.200000 -3.089189e-05 -4.387171e-07 -2.881864e-07 -2.915017e-07 2.565812e-05 -2.372138e-04 -5.446591e-05 -6.471636e-06
 8971.400000 -3.095552e-05 -4.410452e-07 -2.893581e-07 -2.923646e-07 3.294111e-05 -2.241105e-04 -4.796259e-05 -1.031415e-06
 8971.600000 -3.102926e-05 -4.424974e-07 -2.903095e-07 -2.932299e-07 3.934942e-05 -2.176684e-04 -4.184867e-05 6.910098e-06
 8971.800000 -3.102704e-05 -4.430234e-07 -2.900666e-07 -2.934825e-07 3.950620e-05 -2.165076e-04 -4.772293e-05 3.987123e-06
 8972.000000 -3.101338e-05 -4.418884e-07 -2.892642e-07 -2.934101e-07 4.646835e-05 -2.503357e-04 -5.011462e-05 4.814619e-06
 8972.200000 -3.099992e-05 -4.417035e-07 -2.887454e-07 -2.934483e-07 4.732000e-05 -2.436612e-04 -5.357460e-05 -1.089115e-06
 8972.400000 -3.100161e-05 -4.417417e-07 -2.884979e-07 -2.937038e-07 4.226479e-05 -2.442731e-04 -5.631183e-05 -9.702279e-06
 8972.600000 -3.097824e-05 -4.407480e-07 -2.873336e-07 -2.934569e-07 4.588840e-05 -2.462901e-04 -6.671372e-05 -7.401186e-06
 8972.800000 -3.099073e-05 -4.412256e-07 -2.871718e-07 -2.939293e-07 5.055370e-05 -2.313535e-04 -5.597926e-05 2.284801e-06
 8973.000000 -3.100421e-05 -4.418023e-07 -2.870302e-07 -2.943831e-07 4.311441e-05 -2.165301e-04 -4.288560e-05 1.485445e-07
 8973.200000 -3.097174e-05 -4.412126e-07 -2.862218e-07 -2.941424e-07 3.757315e-05 -1.959009e-04 -5.156929e-05 -2.728676e-06
 8973.400000 -3.093160e-05 -4.402824e-07 -2.853540e-07 -2.939637e-07 3.488817e-05 -1.938298e-04 -5.149455e-05 8.485031e-08
 8973.600000 -3.094332e-05 -4.400880e-07 -2.850104e-07 -2.941796e-07 3.425862e-05 -1.857590e-04 -5.237100e-05 4.203096e-06
 8973.800000 -3.092866e-05 -4.396982e-07 -2.840291e-07 -2.942554e-07 3.855666e-05 -1.830988e-04 -5.244228e-05 -8.468406e-06
 8974.000000 -3.089282e-05 -4.391538e-07 -2.827655e-07 -2.942880e-07 3.704473e-05 -1.958094e-04 -6.253207e-05 6.759926e-09
 8974.200000 -3.088745e-05 -4.393981e-07 -2.818835e-07 -2.942929e-07 2.805914e-05 -2.382235e-04 -6.758521e-05 -2.366075e-06
 8974.400000 -3.092228e-05 -4.399362e-07 -2.815345e-07 -2.947427e-07 2.134681e-05 -2.523646e-04 -8.003645e-05 -1.017849e-05
 8974.600000 -3.095379e-05 -4.415988e-07 -2.819353e-07 -2.952995e-07 3.452903e-05 -2.144844e-04 -7.240823e-05 -1.189176e-05
 8974.800000 -3.096367e-05 -4.421020e-07 -2.814141e-07 -2.954973e-07 3.372032e-05 -2.196869e-04 -6.367272e-05 -1.721803e-05
 8975.000000 -3.095328e-05 -4.421147e-07 -2.806294e-07 -2.957505e-07 3.184098e-05 -2.344002e-04 -6.097420e-05 -1.118993e-05
 8975.200000 -3.095768e-05 -4.418840e-07 -2.793999e-07 -2.963345e-07 2.596610e-05 -2.317055e-04 -6.179516e-05 -1.177604e-05
 8975.400000 -3.093884e-05 -4.419074e-07 -2.780438e-07 -2.966997e-07 3.486181e-05 -2.168479e-04 -5.603778e-05 -6.571146e-07
 8975.600000 -3.089381e-05 -4.396256e-07 -2.751590e-07 -2.964441e-07 3.720219e-05 -2.205548e-04 -6.074356e-05 -8.144169e-06
 8975.800000 -3.090777e-05 -4.401133e-07 -2.735894e-07 -2.972229e-07 3.209009e-05 -2.276109e-04 -5.152507e-05 -9.468563e-06
 8976.000000 -3.087428e-05 -4.396361e-07 -2.715220e-07 -2.976986e-07 3.977887e-05 -2.307313e-04 -7.081751e-05 -1.398556e-05
 8976.200000 -3.087978e-05 -4.399235e-07 -2.695466e-07 -2.983339e-07 2.857397e-05 -2.213401e-04 -9.679908e-05 -3.701603e-05
 8976.400000 -3.087824e-05 -4.398561e-07 -2.670742e-07 -2.987992e-07 1.710134e-05 -2.204304e-04 -6.477647e-05 -2.192796e-05
 8976.600000 -3.085270e-05 -4.384338e-07 -2.631830e-07 -2.992834e-07 3.043657e-05 -1.756492e-04 -4.593907e-05 -9.478358e-06
 8976.800000 -3.080977e-05 -4.370970e-07 -2.590466e-07 -3.001565e-07 3.166632e-05 -2.029905e-04 -4.311793e-05 -1.580923e-05
 8977.000000 -3.077092e-05 -4.360995e-07 -2.544081e-07 -3.007514e-07 3.480381e-05 -1.989438e-04 -4.278682e-05 -1.338927e-05
 8977.200000 -3.078759e-05 -4.356758e-07 -2.491804e-07 -3.022710e-07 3.848961e-05 -1.929979e-04 -4.638788e-05 -1.392511e-06
 8977.400000 -3.076202e-05 -4.349796e-07 -2.431517e-07 -3.038471e-07 3.340001e-05 -2.058003e-04 -4.544617e-05 -2.627919e-06
 8977.600000 -3.074747e-05 -4.329199e-07 -2.348862e-07 -3.056254e-07 3.592905e-05 -2.273565e-04 -5.144442e-05 -9.091814e-07
 8977.800000 -3.072607e-05 -4.316466e-07 -2.257612e-07 -3.076604e-07 3.292219e-05 -2.203336e-04 -7.259423e-05 -3.638033e-06
 8978.000000 -3.074198e-05 -4.328209e-07 -2.166527e-07 -3.106959e-07 2.471924e-05 -2.187595e-04 -8.141151e-05 -1.184798e-05
 8978.200000 -3.076248e-05 -4.319242e-07 -2.054926e-07 -3.140215e-07 1.835103e-05 -2.342844e-04 -7.024963e-05 -1.145342e-05
 8978.400000 -3.075026e-05 -4.308237e-07 -1.935619e-07 -3.172112e-07 1.693580e-05 -2.368919e-04 -5.902332e-05 -7.774689e-06
 8978.600000 -3.071381e-05 -4.289312e-07 -1.810885e-07 -3.212366e-07 2.565627e-05 -2.474867e-04 -5.081668e-05 -1.309940e-05
 8978.800000 -3.060122e-05 -4.242239e-07 -1.681709e-07 -3.245026e-07 1.750969e-05 -2.472865e-04 -6.897186e-05 -1.408277e-05
 8979.000000 -3.055280e-05 -4.212030e-07 -1.566179e-07 -3.283868e-07 1.673974e-05 -2.240769e-04 -6.150383e-05 -1.524264e-05
 8979.200000 -3.059395e-05 -4.222602e-07 -1.478356e-07 -3.329937e-07 2.065394e-05 -2.180390e-04 -5.413635e-05 -1.574269e-05
 8979.400000 -3.062505e-05 -4.220147e-07 -1.400537e-07 -3.371122e-07 2.620397e-05 -2.213797e-04 -6.363376e-05 -2.534796e-05
 8979.600000 -3.061371e-05 -4.199526e-07 -1.328718e-07 -3.413992e-07 3.820382e-05 -2.127674e-04 -6.102814e-05 -1.132516e-05
 8979.800000 -3.055920e-05 -4.168053e-07 -1.266781e-07 -3.450875e-07 2.912290e-05 -2.076007e-04 -5.840876e-05 -2.579701e-06
 8980.000000 -3.058584e-05 -4.168703e-07 -1.230713e-07 -3.491931e-07 2.501428e-05 -2.205071e-04 -6.365708e-05 -7.401087e-06
 8980.200000 -3.061372e-05 -4.167168e-07 -1.201929e-07 -3.530677e-07 2.526615e-05 -2.118549e-04 -7.115651e-05 -9.118963e-06
 8980.400000 -3.061141e-05 -4.159650e-07 -1.180515e-07 -3.563567e-07 2.039402e-05 -2.380791e-04 -7.558346e-05 -1.619149e-05
 8980.600000 -3.060279e-05 -4.149115e-07 -1.167727e-07 -3.591960e-07 1.679756e-05 -2.295916e-04 -7.268084e-05 -1.617948e-05
 8980.800000 -3.057370e-05 -4.134996e-07 -1.158112e-07 -3.613864e-07 2.015847e-05 -2.236260e-04 -6.851592e-05 -1.667777e-05
 8981.000000 -3.055297e-05 -4.126672e-07 -1.155394e-07 -3.630298e-07 1.806661e-05 -2.158560e-04 -8.280888e-05 -1.812437e-05
 8981.200000 -3.051563e-05 -4.111450e-07 -1.154265e-07 -3.638631e-07 1.570241e-05 -2.127603e-04 -7.795174e-05 -2.742097e-05
 8981.400000 -3.052626e-05 -4.119875e-07 -1.163663e-07 -3.641277e-07 1.780399e-05 -2.251712e-04 -8.350840e-05 -2.868741e-05
 8981.600000 -3.055608e-05 -4.128368e-07 -1.173086e-07 -3.644427e-07 9.516882e-06 -2.557785e-04 -6.740500e-05 -2.256909e-05
 8981.800000 -3.054745e-05 -4.134636e-07 -1.182886e-07 -3.635789e-07 1.395311e-05 -2.340838e-04 -8.583995e-05 -2.357771e-05
 8982.000000 -3.049190e-05 -4.120086e-07 -1.186464e-07 -3.623692e-07 1.375447e-05 -2.246802e-04 -7.225733e-05 -3.585855e-06
 8982.200000 -3.045479e-05 -4.121300e-07 -1.194422e-07 -3.613109e-07 7.177989e-06 -2.032744e-04 -7.521273e-05 -2.333122e-05
 8982.400000 -3.045679e-05 -4.126262e-07 -1.199850e-07 -3.606671e-07 1.916813e-05 -2.381194e-04 -7.124735e-05 -2.812219e-05
 8982.600000 -3.047891e-05 -4.135453e-07 -1.205707e-07 -3.601506e-07 3.250366e-05 -2.282387e-04 -6.690023e-05 -2.291123e-05
 8982.800000 -3.046013e-05 -4.133495e-07 -1.210170e-07 -3.597947e-07 2.292777e-05 -2.170197e-04 -6.604258e-05 -2.236594e-05
 8983.000000 -3.047555e-05 -4.139760e-07 -1.207755e-07 -3.596905e-07 2.957793e-05 -2.248631e-04 -7.233507e-05 -1.751838e-05
 8983.200000 -3.043266e-05 -4.127365e-07 -1.196615e-07 -3.598318e-07 4.103649e-05 -2.297439e-04 -6.576072e-05 -3.518613e-06
 8983.400000 -3.047010e-05 -4.139996e-07 -1.187438e-07 -3.605266e-07 2.801748e-05 -2.080728e-04 -7.224933e-05 -7.293612e-06
 8983.600000 -3.044766e-05 -4.136516e-07 -1.172943e-07 -3.612104e-07 2.922286e-05 -1.960768e-04 -5.715062e-05 -6.668440e-06
 8983.800000 -3.042370e-05 -4.123043e-07 -1.154492e-07 -3.619966e-07 2.917550e-05 -1.662707e-04 -5.322803e-05 -1.010952e-05
 8984.000000 -3.045544e-05 -4.134541e-07 -1.140329e-07 -3.634537e-07 3.227721e-05 -1.623745e-04 -7.165171e-05 -1.497109e-05
 8984.200000 -3.048025e-05 -4.139426e-07 -1.125996e-07 -3.644374e-07 2.223664e-05 -1.852057e-04 -7.474573e-05 -1.581649e-05
 8984.400000 -3.047046e-05 -4.134869e-07 -1.109864e-07 -3.657286e-07 2.075583e-05 -2.130285e-04 -6.941872e-05 -1.065701e-05
 8984.600000 -3.046217e-05 -4.128781e-07 -1.092682e-07 -3.670437e-07 2.262042e-05 -2.035577e-04 -6.392179e-05 -2.052852e-05
 8984.800000 -3.042521e-05 -4.108546e-07 -1.071325e-07 -3.682196e-07 3.525132e-05 -1.982243e-04 -6.072184e-05 -1.071238e-05
 8985.000000 -3.041777e-05 -4.104701e-07 -1.054828e-07 -3.694782e-07 4.294364e-05 -1.743216e-04 -6.375932e-05 -1.105945e-05
 8985.200000 -3.042537e-05 -4.109336e-07 -1.039711e-07 -3.706879e-07 4.471256e-05 -1.723940e-04 -5.668453e-05 -1.743276e-05
 8985.400000 -3.042529e-05 -4.108398e-07 -1.024417e-07 -3.716129e-07 3.863151e-05 -2.100664e-04 -6.714513e-05 -1.328931e-05
 8985.600000 -3.041171e-05 -4.096716e-07 -1.006842e-07 -3.724344e-07 3.620345e-05 -2.045651e-04 -5.325309e-05 -9.861999e-06
 8985.800000 -3.037419e-05 -4.084607e-07 -9.886901e-08 -3.731927e-07 3.737536e-05 -1.698040e-04 -6.759613e-05 -2.028577e-05
 8986.000000 -3.036377e-05 -4.080444e-07 -9.721163e-08 -3.742442e-07 3.356550e-05 -1.776770e-04 -7.324432e-05 -1.251139e-05
 8986.200000 -3.036922e-05 -4.083799e-07 -9.605597e-08 -3.755687e-07 3.480346e-05 -1.843766e-04 -7.916974e-05 -3.282877e-06
 8986.400000 -3.035182e-05 -4.066253e-07 -9.388469e-08 -3.766251e-07 3.445899e-05 -1.832303e-04 -7.271340e-05 -5.055172e-06
 8986.600000 -3.035930e-05 -4.071950e-07 -9.229678e-08 -3.782287e-07 3.412940e-05 -1.781313e-04 -7.099662e-05 -1.726917e-05
 8986.800000 -3.036449e-05 -4.075995e-07 -9.092344e-08 -3.796141e-07 2.821053e-05 -1.661020e-04 -8.496978e-05 -2.182070e-05
 8987.000000 -3.031298e-05 -4.057236e-07 -8.875340e-08 -3.805335e-07 3.049832e-05 -1.745630e-04 -8.051981e-05 -1.140388e-05
 8987.200000 -3.027605e-05 -4.042428e-07 -8.658741e-08 -3.816818e-07 3.332956e-05 -1.898622e-04 -6.883412e-05 -5.414375e-06
 8987.400000 -3.030240e-05 -4.045618e-07 -8.469326e-08 -3.834423e-07 4.122898e-05 -2.027723e-04 -6.511369e-05 -1.523079e-05
 8987.600000 -3.033105e-05 -4.054618e-07 -8.267440e-08 -3.852850e-07 3.759634e-05 -1.690240e-04 -5.828152e-05 -1.070720e-05
 8987.800000 -3.032377e-05 -4.037862e-07 -8.026165e-08 -3.871556e-07 3.748208e-05 -1.713604e-04 -5.106543e-05 2.043962e-07
 8988.000000 -3.031277e-05 -4.034880e-07 -7.819785e-08 -3.886460e-07 3.691842e-05 -1.819784e-04 -6.587140e-05 2.341216e-05
 8988.200000 -3.030458e-05 -4.034816e-07 -7.648134e-08 -3.904989e-07 3.584119e-05 -2.020601e-04 -7.235761e-05 3.518788e-05
 8988.400000 -3.032347e-05 -4.035737e-07 -7.440285e-08 -3.923985e-07 3.418870e-05 -2.172571e-04 -7.518140e-05 3.351191e-05
 8988.600000 -3.031668e-05 -4.031726e-07 -7.221746e-08 -3.941606e-07 3.454544e-05 -1.907310e-04 -6.520272e-05 3.532614e-05
 8988.800000 -3.029796e-05 -4.013776e-07 -6.969302e-08 -3.961453e-07 3.452049e-05 -1.883637e-04 -7.474357e-05 3.208707e-05
 8989.000000 -3.028435e-05 -4.014583e-07 -6.757724e-08 -3.980244e-07 3.199142e-05 -1.796132e-04 -6.070802e-05 3.195076e-05
 8989.200000 -3.027810e-05 -4.002669e-07 -6.490518e-08 -3.997948e-07 2.479930e-05 -1.944449e-04 -5.260588e-05 4.067202e-05
 8989.400000 -3.028026e-05 -4.000994e-07 -6.289385e-08 -4.018262e-07 2.667690e-05 -2.182521e-04 -5.466493e-05 4.181037e-05
 8989.600000 -3.024373e-05 -3.991221e-07 -6.063286e-08 -4.037163e-07 3.215803e-05 -2.221276e-04 -4.257000e-05 4.597958e-05
 8989.800000 -3.022608e-05 -3.969392e-07 -5.857789e-08 -4.055227e-07 3.055060e-05 -2.124586e-04 -5.336453e-05 3.934395e-05
 8990.000000 -3.021182e-05 -3.969379e-07 -5.673401e-08 -4.074739e-07 2.448077e-05 -2.141229e-04 -6.371635e-05 3.124113e-05
 8990.200000 -3.015713e-05 -3.948632e-07 -5.458474e-08 -4.091266e-07 3.272103e-05 -2.136906e-04 -6.458272e-05 2.581232e-05
 8990.400000 -3.018763e-05 -3.950541e-07 -5.294226e-08 -4.116051e-07 3.836685e-05 -2.134240e-04 -6.795564e-05 2.343012e-05
 8990.600000 -3.021518e-05 -3.958032e-07 -5.144052e-08 -4.137728e-07 3.786175e-05 -2.259021e-04 -6.392360e-05 2.846586e-05
 8990.800000 -3.020418e-05 -3.942834e-07 -4.980306e-08 -4.158769e-07 3.645250e-05 -2.602888e-04 -5.464527e-05 2.639349e-05
 8991.000000 -3.017796e-05 -3.935782e-07 -4.826895e-08 -4.176430e-07 3.556637e-05 -2.802685e-04 -5.459043e-05 2.412097e-05
 8991.200000 -3.014139e-05 -3.918635e-07 -4.677061e-08 -4.193483e-07 3.560986e-05 -2.333285e-04 -5.971385e-05 1.635478e-05
 8991.400000 -3.013045e-05 -3.916441e-07 -4.539348e-08 -4.207002e-07 2.419660e-05 -2.106029e-04 -5.690093e-05 2.108212e-05
 8991.600000 -3.012168e-05 -3.907923e-07 -4.435086e-08 -4.221340e-07 2.921569e-05 -2.208513e-04 -5.687505e-05 2.729908e-05
 8991.800000 -3.006908e-05 -3.898243e-07 -4.320003e-08 -4.233716e-07 2.768992e-05 -2.373269e-04 -5.654651e-05 2.852977e-05
 8992.000000 -3.004955e-05 -3.880404e-07 -4.236689e-08 -4.244724e-07 3.781255e-05 -2.514462e-04 -6.252121e-05 2.072293e-05
 8992.200000 -3.011254e-05 -3.895199e-07 -4.212154e-08 -4.258255e-07 4.799608e-05 -2.375149e-04 -5.766939e-05 3.022804e-05
 8992.400000 -3.010970e-05 -3.890257e-07 -4.163474e-08 -4.271590e-07 4.350521e-05 -2.495708e-04 -4.706641e-05 4.148096e-05
 8992.600000 -3.007450e-05 -3.884420e-07 -4.103104e-08 -4.278352e-07 3.741875e-05 -2.183660e-04 -4.488695e-05 3.519037e-05
 8992.800000 -3.009223e-05 -3.896534e-07 -4.068356e-08 -4.284994e-07 3.467230e-05 -2.184815e-04 -4.970210e-05 3.877719e-05
 8993.000000 -3.008887e-05 -3.892503e-07 -4.021444e-08 -4.293070e-07 3.757444e-05 -1.997943e-04 -5.684310e-05 4.157305e-05
 8993.200000 -3.007139e-05 -3.891657e-07 -4.007236e-08 -4.295011e-07 3.617134e-05 -2.362816e-04 -4.294647e-05 4.074645e-05
 8993.400000 -3.007565e-05 -3.894322e-07 -4.000946e-08 -4.301144e-07 3.702895e-05 -2.127197e-04 -4.683181e-05 3.669560e-05
 8993.600000 -3.005929e-05 -3.884338e-07 -4.027052e-08 -4.302259e-07 3.913438e-05 -2.114124e-04 -4.151127e-05 3.939466e-05
 8993.800000 -3.001663e-05 -3.876783e-07 -4.059713e-08 -4.300697e-07 3.985233e-05 -2.061757e-04 -5.587608e-05 3.849123e-05
 8994.000000 -3.000002e-05 -3.876770e-07 -4.096588e-08 -4.301310e-07 3.101500e-05 -1.973069e-04 -5.867430e-05 4.574866e-05
 8994.200000 -3.001670e-05 -3.875858e-07 -4.139667e-08 -4.307674e-07 2.862972e-05 -2.109737e-04 -4.045174e-05 4.817401e-05
 8994.400000 -2.999250e-05 -3.880595e-07 -4.167221e-08 -4.305658e-07 2.835129e-05 -2.174082e-04 -5.844709e-05 4.891775e-05
 8994.600000 -2.997330e-05 -3.871184e-07 -4.174200e-08 -4.306584e-07 2.704290e-05 -2.078577e-04 -5.690006e-05 4.648907e-05
 8994.800000 -2.998291e-05 -3.875259e-07 -4.236925e-08 -4.308423e-07 3.221573e-05 -2.128318e-04 -5.306089e-05 4.722228e-05
 8995.000000 -2.998796e-05 -3.872683e-07 -4.269914e-08 -4.309596e-07 3.441362e-05 -2.257582e-04 -5.530972e-05 5.210812e-05
 8995.200000 -2.998164e-05 -3.872277e-07 -4.314682e-08 -4.308507e-07 3.366696e-05 -2.110917e-04 -4.604204e-05 5.079985e-05
 8995.400000 -3.000481e-05 -3.886532e-07 -4.379908e-08 -4.310061e-07 3.824637e-05 -2.155212e-04 -5.733124e-05 5.580371e-05
 8995.600000 -3.002229e-05 -3.892007e-07 -4.431773e-08 -4.307888e-07 4.033509e-05 -1.973341e-04 -6.172784e-05 4.992444e-05
 8995.800000 -3.001958e-05 -3.889268e-07 -4.493420e-08 -4.309234e-07 3.254209e-05 -1.961921e-04 -7.568620e-05 3.922202e-05
 8996.000000 -3.002615e-05 -3.896381e-07 -4.550796e-08 -4.309093e-07 3.024214e-05 -2.080765e-04 -5.641445e-05 3.975321e-05
 8996.200000 -3.000321e-05 -3.897866e-07 -4.610873e-08 -4.305270e-07 3.760555e-05 -2.291510e-04 -6.436641e-05 4.725957e-05
 8996.400000 -2.999297e-05 -3.894854e-07 -4.660428e-08 -4.301927e-07 3.870069e-05 -2.142393e-04 -7.995651e-05 4.221996e-05
 8996.600000 -2.998910e-05 -3.891884e-07 -4.683898e-08 -4.297959e-07 3.696308e-05 -2.034077e-04 -7.635035e-05 4.658889e-05
 8996.800000 -2.999155e-05 -3.900418e-07 -4.726778e-08 -4.295551e-07 4.151607e-05 -2.157910e-04 -7.563796e-05 4.756225e-05
 8997.000000 -2.994135e-05 -3.886967e-07 -4.736331e-08 -4.290507e-07 3.677234e-05 -1.967819e-04 -6.188080e-05 3.996458e-05
 8997.200000 -2.992388e-05 -3.886833e-07 -4.755222e-08 -4.286731e-07 3.692618e-05 -2.414598e-04 -5.790454e-05 3.647692e-05
 8997.400000 -2.988843e-05 -3.874805e-07 -4.779666e-08 -4.278602e-07 3.780023e-05 -2.164880e-04 -5.851238e-05 4.042930e-05
 8997.600000 -2.983691e-05 -3.855638e-07 -4.788716e-08 -4.271467e-07 2.767184e-05 -1.956264e-04 -6.685702e-05 3.241292e-05
 8997.800000 -2.990461e-05 -3.896351e-07 -4.849071e-08 -4.274996e-07 2.988166e-05 -1.944507e-04 -6.470253e-05 3.492610e-05
 8998.000000 -2.993661e-05 -3.890329e-07 -4.849473e-08 -4.272912e-07 2.661350e-05 -1.949780e-04 -5.945345e-05 3.623808e-05
 8998.200000 -2.991778e-05 -3.894511e-07 -4.836080e-08 -4.268547e-07 3.402265e-05 -2.027959e-04 -5.242305e-05 3.791094e-05
 8998.400000 -2.993890e-05 -3.904541e-07 -4.832374e-08 -4.265315e-07 3.225472e-05 -2.244651e-04 -5.076618e-05 4.171247e-05
 8998.600000 -2.990037e-05 -3.890255e-07 -4.752143e-08 -4.261961e-07 3.255178e-05 -2.108385e-04 -6.381867e-05 4.291287e-05
 8998.800000 -2.987398e-05 -3.890718e-07 -4.732883e-08 -4.261373e-07 3.829378e-05 -2.120054e-04 -6.125024e-05 4.788395e-05
 8999.000000 -2.990831e-05 -3.896401e-07 -4.713790e-08 -4.260276e-07 3.585042e-05 -2.127861e-04 -5.185952e-05 5.081915e-05
 8999.200000 -2.990994e-05 -3.905789e-07 -4.692409e-08 -4.258018e-07 3.715040e-05 -1.945417e-04 -5.615402e-05 4.830226e-05
 8999.400000 -2.986625e-05 -3.886434e-07 -4.616142e-08 -4.257174e-07 3.940316e-05 -2.158760e-04 -4.943447e-05 4.402934e-05
 8999.600000 -2.985610e-05 -3.886571e-07 -4.588507e-08 -4.256871e-07 4.282157e-05 -1.930285e-04 -5.505782e-05 4.868249e-05
 8999.800000 -2.987081e-05 -3.894057e-07 -4.529518e-08 -4.255020e-07 3.183618e-05 -1.754710e-04 -6.234398e-05 4.355283e-05
 9000.000000 -2.986561e-05 -3.892146e-07 -4.459425e-08 -4.253698e-07 3.569471e-05 -1.818100e-04 -6.299634e-05 3.692287e-05
 9000.200000 -2.988106e-05 -3.901415e-07 -4.414423e-08 -4.254289e-07 3.992883e-05 -1.811223e-04 -7.029138e-05 3.991110e-05
 9000.400000 -2.986698e-05 -3.896797e-07 -4.332398e-08 -4.253010e-07 4.886054e-05 -1.708051e-04 -5.105817e-05 4.262687e-05
 9000.600000 -2.984082e-05 -3.898496e-07 -4.240810e-08 -4.251369e-07 4.154251e-05 -1.989041e-04 -5.329950e-05 3.581694e-05
 9000.800000 -2.982797e-05 -3.897317e-07 -4.181483e-08 -4.249967e-07 4.377599e-05 -2.250715e-04 -4.706565e-05 4.665729e-05
 9001.000000 -2.976055e-05 -3.875723e-07 -4.110676e-08 -4.240905e-07 3.706883e-05 -2.244167e-04 -3.966849e-05 4.809819e-05
 9001.200000 -2.970396e-05 -3.875988e-07 -4.047704e-08 -4.233599e-07 3.693028e-05 -2.119712e-04 -5.903317e-05 4.116655e-05
 9001.400000 -2.959232e-05 -3.864457e-07 -3.997422e-08 -4.215175e-07 3.455965e-05 -2.120347e-04 -6.407075e-05 5.103732e-05
 9001.600000 -2.941387e-05 -3.843812e-07 -3.973529e-08 -4.190794e-07 2.874052e-05 -2.124175e-04 -6.422955e-05 4.853087e-05
 9001.800000 -2.922364e-05 -3.825451e-07 -3.919045e-08 -4.164783e-07 2.754473e-05 -2.023975e-04 -6.377480e-05 4.166103e-05
 9002.000000 -2.915621e-05 -3.812158e-07 -3.878421e-08 -4.153814e-07 3.340305e-05 -1.999528e-04 -5.357451e-05 3.864669e-05
 9002.200000 -2.922359e-05 -3.826579e-07 -3.887750e-08 -4.164302e-07 4.636837e-05 -1.987616e-04 -5.534142e-05 3.211980e-05
 9002.400000 -2.930893e-05 -3.829012e-07 -3.869454e-08 -4.174812e-07 4.275783e-05 -1.817211e-04 -6.650667e-05 2.822278e-05
 9002.600000 -2.938891e-05 -3.836438e-07 -3.858879e-08 -4.185165e-07 4.782370e-05 -1.874046e-04 -5.591113e-05 3.013599e-05
 9002.800000 -2.952702e-05 -3.850631e-07 -3.909739e-08 -4.201537e-07 4.242296e-05 -1.838614e-04 -4.682298e-05 3.839755e-05
 9003.000000 -2.971825e-05 -3.885615e-07 -3.977235e-08 -4.221453e-07 3.761248e-05 -1.782985e-04 -6.432934e-05 3.583655e-05
 9003.200000 -2.978383e-05 -3.909121e-07 -4.043662e-08 -4.225763e-07 4.232670e-05 -1.866544e-04 -5.666923e-05 3.606835e-05
 9003.400000 -2.981283e-05 -3.911953e-07 -4.085725e-08 -4.229808e-07 4.704953e-05 -1.671838e-04 -6.382894e-05 5.292318e-05
 9003.600000 -2.979001e-05 -3.906182e-07 -4.129431e-08 -4.226888e-07 5.360902e-05 -1.914808e-04 -7.807817e-05 5.924308e-05
 9003.800000 -2.966937e-05 -3.878876e-07 -4.121194e-08 -4.214874e-07 4.105195e-05 -1.934852e-04 -7.570255e-05 4.357720e-05
 9004.000000 -2.967221e-05 -3.881235e-07 -4.154569e-08 -4.210553e-07 3.339027e-05 -1.834712e-04 -5.298273e-05 5.348359e-05
 9004.200000 -2.975325e-05 -3.905438e-07 -4.222252e-08 -4.215262e-07 3.360562e-05 -1.757525e-04 -7.176848e-05 4.842280e-05
 9004.400000 -2.975869e-05 -3.915028e-07 -4.275332e-08 -4.211263e-07 3.135512e-05 -1.856040e-04 -7.467445e-05 4.431261e-05
 9004.600000 -2.975339e-05 -3.913090e-07 -4.316883e-08 -4.208221e-07 3.784019e-05 -1.895836e-04 -5.910001e-05 5.317665e-05
 9004.800000 -2.975445e-05 -3.915597e-07 -4.367990e-08 -4.203429e-07 4.314742e-05 -1.675598e-04 -6.335152e-05 4.815009e-05
 9005.000000 -2.973986e-05 -3.911601e-07 -4.410773e-08 -4.199424e-07 4.208138e-05 -1.690236e-04 -7.178629e-05 3.936698e-05
 9005.200000 -2.967818e-05 -3.898366e-07 -4.451672e-08 -4.198524e-07 3.286898e-05 -1.886604e-04 -6.121719e-05 4.410862e-05
 9005.400000 -2.969426e-05 -3.895610e-07 -4.489261e-08 -4.197663e-07 2.286804e-05 -1.587874e-04 -6.480520e-05 3.109137e-05
 9005.600000 -2.971814e-05 -3.903087e-07 -4.556164e-08 -4.198618e-07 2.559463e-05 -1.539990e-04 -6.155586e-05 3.329714e-05
 9005.800000 -2.974687e-05 -3.919271e-07 -4.625235e-08 -4.198068e-07 2.339868e-05 -1.598725e-04 -5.640288e-05 4.776779e-05
 9006.000000 -2.975544e-05 -3.923650e-07 -4.648940e-08 -4.194216e-07 2.931319e-05 -1.649549e-04 -5.229078e-05 5.281669e-05
 9006.200000 -2.975654e-05 -3.930855e-07 -4.693833e-08 -4.192698e-07 2.972494e-05 -1.881553e-04 -6.977454e-05 4.684812e-05
 9006.400000 -2.971830e-05 -3.918316e-07 -4.696630e-08 -4.187788e-07 1.767247e-05 -2.175726e-04 -6.288737e-05 4.772064e-05
 9006.600000 -2.970075e-05 -3.920514e-07 -4.728145e-08 -4.184079e-07 1.621938e-05 -1.859244e-04 -6.250804e-05 4.396904e-05
 9006.800000 -2.968224e-05 -3.913270e-07 -4.741048e-08 -4.182334e-07 2.738672e-05 -1.806932e-04 -7.077144e-05 4.324053e-05
 9007.000000 -2.967236e-05 -3.915581e-07 -4.825004e-08 -4.176974e-07 2.580826e-05 -1.927770e-04 -5.747327e-05 4.716023e-05
 9007.200000 -2.967791e-05 -3.927038e-07 -4.875518e-08 -4.176401e-07 2.867995e-05 -1.984329e-04 -4.827847e-05 4.727830e-05
 9007.400000 -2.966181e-05 -3.920964e-07 -4.908206e-08 -4.171151e-07 2.988815e-05 -1.909404e-04 -5.196524e-05 4.607097e-05
 9007.600000 -2.967504e-05 -3.920594e-07 -4.949640e-08 -4.172698e-07 2.984526e-05 -2.218957e-04 -5.566264e-05 3.534106e-05
 9007.800000 -2.970211e-05 -3.923530e-07 -4.981424e-08 -4.174605e-07 4.463144e-05 -2.168167e-04 -6.236885e-05 3.545615e-05
 9008.000000 -2.970075e-05 -3.934560e-07 -5.011324e-08 -4.174941e-07 4.636522e-05 -2.086963e-04 -5.995706e-05 4.232846e-05
 9008.200000 -2.971809e-05 -3.933705e-07 -5.026155e-08 -4.174433e-07 3.008847e-05 -1.959435e-04 -5.937487e-05 3.272205e-05
 9008.400000 -2.971313e-05 -3.940139e-07 -5.057235e-08 -4.171685e-07 3.077781e-05 -1.818608e-04 -4.263422e-05 5.302784e-05
 9008.600000 -2.971877e-05 -3.938790e-07 -5.090575e-08 -4.171326e-07 3.678490e-05 -1.894221e-04 -3.890848e-05 4.547107e-05
 9008.800000 -2.970789e-05 -3.942522e-07 -5.118784e-08 -4.171501e-07 3.199302e-05 -1.801671e-04 -6.132720e-05 3.413365e-05
 9009.000000 -2.966553e-05 -3.925108e-07 -5.130329e-08 -4.168826e-07 3.346049e-05 -1.759397e-04 -6.700390e-05 2.471743e-05
 9009.227860 -2.960119e-05 -3.907844e-07 -5.153504e-08 -4.163780e-07 3.861538e-05 -1.926030e-04 -5.980007e-05 -6.042279e-06
 9009.483581 -2.959131e-05 -3.909820e-07 -5.170001e-08 -4.162377e-07 4.102440e-05 -2.028216e-04 -5.097578e-05 -7.366849e-06
 9009.767162 -2.962147e-05 -3.921511e-07 -5.228033e-08 -4.164745e-07 4.204187e-05 -1.972368e-04 -6.227000e-05 -2.232836e-05
 9010.078604 -2.959158e-05 -3.915121e-07 -5.242653e-08 -4.163118e-07 3.613037e-05 -2.044369e-04 -6.783708e-05 -2.342745e-05
 9010.417905 -2.959917e-05 -3.922591e-07 -5.245887e-08 -4.162152e-07 3.238590e-05 -1.970748e-04 -6.750649e-05 -1.259588e-05
 9010.785067 -2.953806e-05 -3.917583e-07 -5.237579e-08 -4.154886e-07 3.697756e-05 -2.158361e-04 -8.019376e-05 -2.084846e-05
 9011.180090 -2.942786e-05 -3.899931e-07 -5.251889e-08 -4.143312e-07 3.940222e-05 -2.179314e-04 -7.743059e-05 -2.060696e-05
 9011.602973 -2.938346e-05 -3.899889e-07 -5.282850e-08 -4.135913e-07 4.621620e-05 -2.219864e-04 -7.283743e-05 -1.593566e-05
 9012.053716 -2.937647e-05 -3.902147e-07 -5.256006e-08 -4.130472e-07 4.613533e-05 -1.821085e-04 -6.337187e-05 -8.778005e-06
 9012.532319 -2.940939e-05 -3.910477e-07 -5.241656e-08 -4.134758e-07 4.213448e-05 -1.981683e-04 -5.567982e-05 -1.184609e-05
 9013.038783 -2.945456e-05 -3.926933e-07 -5.224584e-08 -4.142083e-07 4.249102e-05 -2.139990e-04 -6.406004e-05 -2.074282e-05
 9013.573107 -2.950064e-05 -3.935400e-07 -5.198149e-08 -4.151477e-07 4.166222e-05 -2.151650e-04 -6.798404e-05 -1.411157e-05
 9014.135292 -2.960131e-05 -3.950769e-07 -5.195781e-08 -4.167654e-07 4.586980e-05 -2.187317e-04 -6.351024e-05 -1.136583e-05
 9014.725337 -2.968639e-05 -3.951646e-07 -5.099504e-08 -4.183628e-07 4.740948e-05 -2.259088e-04 -5.782348e-05 -1.325062e-05
 9015.343242 -2.965101e-05 -3.932628e-07 -5.010677e-08 -4.189422e-07 5.173206e-05 -2.135531e-04 -6.654119e-05 -8.774143e-06
 9015.989008 -2.959615e-05 -3.923378e-07 -4.942827e-08 -4.187466e-07 5.485672e-05 -2.128807e-04 -6.244181e-05 4.664149e-06
 9016.662634 -2.952147e-05 -3.907185e-07 -4.822135e-08 -4.182069e-07 5.704148e-05 -2.351533e-04 -6.413679e-05 -6.609767e-06
 9017.364120 -2.954798e-05 -3.922231e-07 -4.727743e-08 -4.183491e-07 4.941422e-05 -2.319067e-04 -6.981625e-05 -1.029169e-05
 9018.093467 -2.958021e-05 -3.936530e-07 -4.644784e-08 -4.186872e-07 4.494483e-05 -2.453766e-04 -7.938010e-05 -1.255786e-05
 9018.850674 -2.963563e-05 -3.959777e-07 -4.595184e-08 -4.193070e-07 4.748680e-05 -2.334243e-04 -7.039529e-05 2.826517e-06
 9019.635741 -2.960204e-05 -3.955346e-07 -4.455278e-08 -4.193112e-07 5.133818e-05 -2.167434e-04 -7.826308e-05 6.351144e-06
 9020.448669 -2.961432e-05 -3.961544e-07 -4.388805e-08 -4.194001e-07 4.517683e-05 -2.465351e-04 -7.013867e-05 3.610864e-06
 9021.289457 -2.959977e-05 -3.959524e-07 -4.297036e-08 -4.195957e-07 4.166681e-05 -2.662925e-04 -6.262682e-05 -8.005694e-06
 9022.158106 -2.956306e-05 -3.956300e-07 -4.178053e-08 -4.196465e-07 4.580642e-05 -2.511065e-04 -6.722492e-05 -8.449950e-06
 9023.054614 -2.956376e-05 -3.963317e-07 -4.100833e-08 -4.198423e-07 4.469810e-05 -2.492799e-04 -6.723444e-05 -8.491827e-06
 9023.978983 -2.953099e-05 -3.961790e-07 -4.073083e-08 -4.196712e-07 4.696654e-05 -2.733259e-04 -6.851120e-05 -1.346844e-05
 9024.931213 -2.947779e-05 -3.950235e-07 -4.051819e-08 -4.192141e-07 4.013285e-05 -2.603315e-04 -6.923605e-05 -1.609913e-05
 9025.911303 -2.948973e-05 -3.959099e-07 -4.060649e-08 -4.190860e-07 4.280770e-05 -2.123849e-04 -6.081972e-05 -9.767389e-06
 9026.919253 -2.943500e-05 -3.949096e-07 -4.137493e-08 -4.184289e-07 4.044416e-05 -2.178189e-04 -6.524491e-05 -1.444558e-05
 9027.955064 -2.924826e-05 -3.901801e-07 -4.190841e-08 -4.165830e-07 5.052853e-05 -2.246495e-04 -6.588861e-05 -6.922717e-06
 9029.018734 -2.932909e-05 -3.929290e-07 -4.332929e-08 -4.169897e-07 6.163447e-05 -2.158879e-04 -5.892426e-05 -3.978919e-06
 9030.110266 -2.939072e-05 -3.957287e-07 -4.479658e-08 -4.171019e-07 5.464311e-05 -2.416645e-04 -5.723518e-05 -3.791849e-06
 9031.232723 -2.935474e-05 -3.951872e-07 -4.649576e-08 -4.168548e-07 4.147200e-05 -2.412109e-04 -5.556626e-05 -6.380953e-06
 9032.367373 -2.936341e-05 -3.965645e-07 -4.805115e-08 -4.172919e-07 3.109501e-05 -2.343344e-04 -5.078114e-05 -8.374196e-06
 9033.514214 -2.934906e-05 -3.975765e-07 -4.886805e-08 -4.174654e-07 3.100415e-05 -2.292613e-04 -5.323878e-05 -1.560366e-05
 9034.673248 -2.931184e-05 -3.978069e-07 -4.984876e-08 -4.176995e-07 3.129436e-05 -2.544897e-04 -6.136454e-05 -1.219599e-05
 9035.844473 -2.924340e-05 -3.959834e-07 -4.981077e-08 -4.179441e-07 3.012511e-05 -2.349533e-04 -5.993560e-05 -9.323227e-06
 9037.027890 -2.915023e-05 -3.934122e-07 -4.891034e-08 -4.181338e-07 2.380384e-05 -2.310932e-04 -6.639432e-05 -1.645499e-05
 9038.223499 -2.919188e-05 -3.953408e-07 -4.901597e-08 -4.191039e-07 2.090910e-05 -2.230149e-04 -6.535941e-05 -1.210666e-05
 9039.431300 -2.917666e-05 -3.954676e-07 -4.853229e-08 -4.198789e-07 2.146262e-05 -2.119176e-04 -5.713428e-05 -4.905636e-06
 9040.651293 -2.919818e-05 -3.969700e-07 -4.807742e-08 -4.208270e-07 2.899662e-05 -1.965970e-04 -5.300521e-05 4.747153e-06
 9041.883478 -2.919290e-05 -3.975613e-07 -4.820393e-08 -4.213922e-07 2.102382e-05 -2.103027e-04 -6.244342e-05 6.894919e-07
 9043.127855 -2.917157e-05 -3.975258e-07 -4.856185e-08 -4.218024e-07 3.408037e-05 -2.015542e-04 -5.395881e-05 -2.462988e-06
 9044.384423 -2.911928e-05 -3.969319e-07 -4.857314e-08 -4.220972e-07 3.578244e-05 -1.977495e-04 -4.557933e-05 -4.200026e-06
 9045.653184 -2.904994e-05 -3.954856e-07 -4.816709e-08 -4.220946e-07 3.258644e-05 -2.209573e-04 -4.678062e-05 3.042756e-06
 9046.934136 -2.897854e-05 -3.940394e-07 -4.781973e-08 -4.222973e-07 2.987011e-05 -2.089111e-04 -5.820276e-05 1.284003e-05
 9048.227280 -2.903762e-05 -3.967114e-07 -4.753751e-08 -4.231872e-07 2.990226e-05 -1.815105e-04 -7.140991e-05 9.460741e-06
 9049.532617 -2.902075e-05 -3.965661e-07 -4.691150e-08 -4.235784e-07 2.912797e-05 -1.780542e-04 -6.695990e-05 8.218722e-06
 9050.850145 -2.895187e-05 -3.947135e-07 -4.612436e-08 -4.235317e-07 3.176141e-05 -2.046040e-04 -6.160343e-05 -9.238981e-07
 9052.179865 -2.891803e-05 -3.941096e-07 -4.588605e-08 -4.234266e-07 4.087309e-05 -1.958319e-04 -6.145976e-05 -3.982586e-06
 9053.521777 -2.894078e-05 -3.956659e-07 -4.635496e-08 -4.235328e-07 4.132686e-05 -1.869187e-04 -5.389581e-05 -1.014126e-05
 9054.875881 -2.895902e-05 -3.969654e-07 -4.646077e-08 -4.237285e-07 3.264933e-05 -1.875439e-04 -5.591690e-05 -8.046858e-06
 9056.242177 -2.893059e-05 -3.970760e-07 -4.605262e-08 -4.239886e-07 3.184278e-05 -2.119163e-04 -6.129112e-05 -9.048055e-06
 9057.620664 -2.890249e-05 -3.972982e-07 -4.540262e-08 -4.243063e-07 3.006125e-05 -2.265289e-04 -5.851314e-05 -1.351351e-05
 9059.011344 -2.875375e-05 -3.952096e-07 -4.469389e-08 -4.227820e-07 2.360991e-05 -2.406953e-04 -5.142622e-05 -6.118018e-06
 9060.414215 -2.858169e-05 -3.914148e-07 -4.384077e-08 -4.214908e-07 2.230255e-05 -2.421284e-04 -5.735643e-05 8.705287e-07
 9061.829279 -2.862603e-05 -3.911340e-07 -4.347133e-08 -4.232074e-07 2.289088e-05 -2.314511e-04 -5.062673e-05 4.156700e-07
 9063.256534 -2.872803e-05 -3.940175e-07 -4.314719e-08 -4.251609e-07 2.606867e-05 -2.135999e-04 -4.954146e-05 -1.368337e-05
 9064.695981 -2.877506e-05 -3.966566e-07 -4.275170e-08 -4.261664e-07 1.542761e-05 -2.346766e-04 -5.785747e-05 -3.231005e-05
 9066.147620 -2.875448e-05 -3.960406e-07 -4.203760e-08 -4.265316e-07 1.089979e-05 -2.533114e-04 -6.460457e-05 -4.233162e-05
 9067.611452 -2.877861e-05 -3.975067e-07 -4.172748e-08 -4.273213e-07 1.267738e-05 -2.458714e-04 -5.379399e-05 -3.956870e-05
 9069.087475 -2.876425e-05 -3.975344e-07 -4.128595e-08 -4.276537e-07 1.424349e-05 -2.539661e-04 -5.892963e-05 -3.452894e-05
 9070.575689 -2.872750e-05 -3.975337e-07 -4.068323e-08 -4.276750e-07 1.332052e-05 -2.768132e-04 -7.320745e-05 -1.843998e-05
 9072.076096 -2.867427e-05 -3.969350e-07 -4.052273e-08 -4.272211e-07 1.983656e-05 -2.761323e-04 -7.344900e-05 -2.858523e-05
 9073.588695 -2.865654e-05 -3.973761e-07 -4.084403e-08 -4.267623e-07 2.568015e-05 -2.344679e-04 -7.468117e-05 -3.080428e-05
 9075.113485 -2.866666e-05 -3.993148e-07 -4.202941e-08 -4.264525e-07 1.903408e-05 -2.314015e-04 -7.191338e-05 -3.435961e-05
 9076.650468 -2.864500e-05 -3.999756e-07 -4.335760e-08 -4.260569e-07 2.470745e-05 -2.464730e-04 -7.181051e-05 -3.079629e-05
 9078.199642 -2.858201e-05 -3.988917e-07 -4.441973e-08 -4.251792e-07 2.854354e-05 -2.622451e-04 -6.491725e-05 -2.411261e-05
 9079.761009 -2.848590e-05 -3.964527e-07 -4.486371e-08 -4.245865e-07 2.401657e-05 -2.392434e-04 -7.078560e-05 -3.083319e-06
 9081.334567 -2.853865e-05 -3.989768e-07 -4.623736e-08 -4.247304e-07 2.297778e-05 -2.347163e-04 -7.902013e-05 -5.929790e-06
 9082.920317 -2.849868e-05 -4.001798e-07 -4.739425e-08 -4.239656e-07 3.014378e-05 -2.535895e-04 -6.976368e-05 -1.032297e-05
 9084.518259 -2.848251e-05 -4.010224e-07 -4.839135e-08 -4.236652e-07 2.093093e-05 -2.369962e-04 -7.140267e-05 -4.719652e-06
 9086.128393 -2.848045e-05 -4.020918e-07 -4.915213e-08 -4.233574e-07 2.947954e-05 -2.538025e-04 -6.827375e-05 -5.084519e-06
 9087.750719 -2.849175e-05 -4.034002e-07 -4.947958e-08 -4.239219e-07 2.994569e-05 -2.651420e-04 -6.550286e-05 -1.249541e-05
 9089.385237 -2.849142e-05 -4.030889e-07 -4.982181e-08 -4.238285e-07 1.660911e-05 -2.614100e-04 -7.588179e-05 -3.108932e-05
 9091.031946 -2.845988e-05 -4.031776e-07 -5.036048e-08 -4.233729e-07 2.435129e-05 -2.479710e-04 -6.145439e-05 -1.570648e-05
 9092.690848 -2.839194e-05 -4.014877e-07 -5.123708e-08 -4.227132e-07 1.694292e-05 -2.633623e-04 -6.756130e-05 -1.862562e-05
 9094.361942 -2.835834e-05 -4.015075e-07 -5.231640e-08 -4.225156e-07 2.133888e-05 -3.030143e-04 -6.878630e-05 -1.387943e-05
 9096.045227 -2.830720e-05 -4.008121e-07 -5.318902e-08 -4.219056e-07 2.146068e-05 -2.953422e-04 -5.154431e-05 -1.280930e-06
 9097.740704 -2.828570e-05 -4.009647e-07 -5.381226e-08 -4.219073e-07 1.607157e-05 -2.988203e-04 -5.495193e-05 -2.026174e-06
 9099.448374 -2.835984e-05 -4.044376e-07 -5.427225e-08 -4.230516e-07 1.669605e-05 -2.988900e-04 -6.785805e-05 -3.714800e-06
 9101.168235 -2.830989e-05 -4.032203e-07 -5.340794e-08 -4.232946e-07 1.705061e-05 -2.935233e-04 -6.804606e-05 -2.246236e-06
 9102.900288 -2.826966e-05 -4.030294e-07 -5.229693e-08 -4.234700e-07 1.462928e-05 -2.687062e-04 -6.350034e-05 -5.119782e-06
 9104.644533 -2.823642e-05 -4.022791e-07 -5.116105e-08 -4.240647e-07 1.440361e-05 -2.533893e-04 -6.142923e-05 -8.192424e-06
 9106.400970 -2.826804e-05 -4.045803e-07 -5.070529e-08 -4.252083e-07 1.805874e-05 -2.629851e-04 -7.429906e-05 -5.115271e-06
 9108.169598 -2.825415e-05 -4.055174e-07 -5.012603e-08 -4.258777e-07 2.180999e-05 -2.500497e-04 -8.522681e-05 -9.958987e-06
 9109.950419 -2.816252e-05 -4.031461e-07 -4.908590e-08 -4.257602e-07 2.159119e-05 -2.291160e-04 -8.238792e-05 -1.050338e-06
 9111.743432 -2.809410e-05 -4.022086e-07 -4.822596e-08 -4.260300e-07 2.217585e-05 -2.389231e-04 -8.024581e-05 1.513970e-06
 9113.548636 -2.802959e-05 -4.006388e-07 -4.779277e-08 -4.262041e-07 2.219273e-05 -2.617345e-04 -7.232556e-05 -7.769443e-06
 9115.366032 -2.811368e-05 -4.041587e-07 -4.820091e-08 -4.277241e-07 1.631815e-05 -2.714330e-04 -7.083776e-05 -1.907867e-05
 9117.195621 -2.814846e-05 -4.064442e-07 -4.833935e-08 -4.285784e-07 1.488625e-05 -2.891936e-04 -7.034250e-05 -1.594046e-05
 9119.037401 -2.807520e-05 -4.047203e-07 -4.799091e-08 -4.285989e-07 1.497211e-05 -3.031585e-04 -6.789496e-05 -2.133296e-05
 9120.891373 -2.806254e-05 -4.058367e-07 -4.749131e-08 -4.292189e-07 1.686283e-05 -2.998057e-04 -6.461676e-05 -2.850354e-05
 9122.757537 -2.813708e-05 -4.083789e-07 -4.690693e-08 -4.312072e-07 1.925354e-05 -3.011353e-04 -5.974568e-05 -2.038893e-05
 9124.635893 -2.816256e-05 -4.101708e-07 -4.598342e-08 -4.323601e-07 2.417524e-05 -2.983673e-04 -5.859126e-05 -1.543108e-05
 9126.526441 -2.813968e-05 -4.102446e-07 -4.456527e-08 -4.334617e-07 1.639558e-05 -3.012294e-04 -5.434250e-05 -1.712664e-05
 9128.429181 -2.809779e-05 -4.103173e-07 -4.323201e-08 -4.334704e-07 2.084348e-05 -2.845705e-04 -5.508174e-05 -2.179409e-05
 9130.344112 -2.798692e-05 -4.094151e-07 -4.240612e-08 -4.323610e-07 2.443580e-05 -2.884007e-04 -6.796308e-05 -2.279175e-05
 9132.271236 -2.805969e-05 -4.105980e-07 -4.232371e-08 -4.341247e-07 2.234329e-05 -2.971342e-04 -6.184906e-05 -2.041106e-05
 9134.210552 -2.807446e-05 -4.116439e-07 -4.288830e-08 -4.345557e-07 1.951801e-05 -3.064591e-04 -6.874723e-05 -2.356355e-05
 9136.162059 -2.802637e-05 -4.112521e-07 -4.344364e-08 -4.345431e-07 1.711733e-05 -3.073384e-04 -6.360791e-05 -2.733789e-05
 9138.125758 -2.796802e-05 -4.105103e-07 -4.400597e-08 -4.337281e-07 2.305594e-05 -3.053065e-04 -5.465330e-05 -1.943979e-05
 9140.101649 -2.789801e-05 -4.082884e-07 -4.435797e-08 -4.334112e-07 4.005219e-05 -2.851893e-04 -5.771808e-05 -2.561996e-05
 9142.089733 -2.794656e-05 -4.108962e-07 -4.539050e-08 -4.341325e-07 3.819697e-05 -2.671959e-04 -5.838064e-05 -2.121811e-05
 9144.090008 -2.795067e-05 -4.122316e-07 -4.694991e-08 -4.339353e-07 3.058178e-05 -2.648537e-04 -6.023577e-05 -2.073882e-05
 9146.102475 -2.794937e-05 -4.136328e-07 -4.882515e-08 -4.339783e-07 3.203709e-05 -2.723441e-04 -6.764779e-05 -2.925346e-05
 9148.127133 -2.794644e-05 -4.151965e-07 -5.086264e-08 -4.337145e-07 4.100676e-05 -2.810741e-04 -6.120104e-05 -3.069589e-05
 9150.163984 -2.792813e-05 -4.157043e-07 -5.288065e-08 -4.332901e-07 4.470878e-05 -2.885256e-04 -4.622240e-05 -2.442754e-05
 9152.213027 -2.790375e-05 -4.163145e-07 -5.472168e-08 -4.333753e-07 5.404052e-05 -2.781391e-04 -4.645553e-05 -2.632989e-05
 9154.274261 -2.764251e-05 -4.123305e-07 -5.605020e-08 -4.301919e-07 4.295555e-05 -2.642628e-04 -4.313709e-05 -2.844926e-05
 9156.347688 -2.745766e-05 -4.098534e-07 -5.698708e-08 -4.279536e-07 3.729544e-05 -2.652736e-04 -3.778582e-05 -3.095957e-05
 9158.433306 -2.795510e-05 -4.203711e-07 -5.898748e-08 -4.351956e-07 2.621895e-05 -2.408553e-04 -4.815994e-05 -3.179511e-05
 9160.531117 -2.797346e-05 -4.221166e-07 -5.912620e-08 -4.360904e-07 2.806679e-05 -2.380093e-04 -4.407820e-05 -3.527553e-05
 9162.641119 -2.797831e-05 -4.236103e-07 -5.843899e-08 -4.366273e-07 3.320140e-05 -2.314329e-04 -6.027716e-05 -3.181967e-05
 9164.763313 -2.797066e-05 -4.244150e-07 -5.708159e-08 -4.374051e-07 3.355557e-05 -2.459573e-04 -5.983921e-05 -3.560137e-05
 9166.897699 -2.792674e-05 -4.243901e-07 -5.553200e-08 -4.378183e-07 2.964065e-05 -2.848217e-04 -7.194107e-05 -4.756740e-05
 9169.044277 -2.768416e-05 -4.206807e-07 -5.317986e-08 -4.352630e-07 2.700232e-05 -2.768476e-04 -6.402617e-05 -3.356566e-05
 9171.203047 -2.760592e-05 -4.199184e-07 -5.186786e-08 -4.343238e-07 2.559090e-05 -2.393396e-04 -5.576919e-05 -2.553961e-05
 9173.374008 -2.782011e-05 -4.231313e-07 -5.157338e-08 -4.388124e-07 3.180762e-05 -2.155722e-04 -6.698407e-05 -3.513214e-05
 9175.557162 -2.790561e-05 -4.257034e-07 -5.191356e-08 -4.407939e-07 3.245830e-05 -2.516712e-04 -6.254645e-05 -3.911037e-05
 9177.752508 -2.796019e-05 -4.284801e-07 -5.244205e-08 -4.421721e-07 3.153651e-05 -2.389918e-04 -6.717258e-05 -4.134253e-05
 9179.960045 -2.793867e-05 -4.287438e-07 -5.261037e-08 -4.423615e-07 3.609562e-05 -2.507404e-04 -6.655019e-05 -3.500762e-05
 9182.179775 -2.794002e-05 -4.295666e-07 -5.280935e-08 -4.430951e-07 3.879323e-05 -2.263513e-04 -5.243227e-05 -2.738809e-05
 9184.411696 -2.795624e-05 -4.306490e-07 -5.289879e-08 -4.437817e-07 3.472820e-05 -1.990268e-04 -4.962905e-05 -3.458853e-05
 9186.655809 -2.795097e-05 -4.315537e-07 -5.326308e-08 -4.444334e-07 3.490900e-05 -2.082088e-04 -4.479678e-05 -2.947108e-05
 9188.912114 -2.792062e-05 -4.318456e-07 -5.383679e-08 -4.450299e-07 3.224618e-05 -2.073012e-04 -4.407232e-05 -2.138728e-05
 9191.180611 -2.789265e-05 -4.310901e-07 -5.400839e-08 -4.455400e-07 4.279370e-05 -2.319871e-04 -4.630975e-05 -1.700480e-05
 9193.461300 -2.789489e-05 -4.323190e-07 -5.435120e-08 -4.462880e-07 3.639424e-05 -2.297665e-04 -4.881489e-05 -1.269806e-05
 9195.754181 -2.791464e-05 -4.336282e-07 -5.433581e-08 -4.470570e-07 3.682947e-05 -2.246862e-04 -4.825154e-05 -1.915176e-05
 9198.059254 -2.794470e-05 -4.357339e-07 -5.451812e-08 -4.480501e-07 3.155101e-05 -2.268776e-04 -5.318322e-05 -2.457446e-05
 9200.376518 -2.797149e-05 -4.369866e-07 -5.426923e-08 -4.492060e-07 3.014670e-05 -2.281123e-04 -6.204062e-05 -1.575704e-05
 9202.705975 -2.797550e-05 -4.375445e-07 -5.347307e-08 -4.504593e-07 3.789163e-05 -2.237801e-04 -5.070788e-05 -2.191627e-05
 9205.047623 -2.798637e-05 -4.386822e-07 -5.260608e-08 -4.516064e-07 4.539985e-05 -2.088716e-04 -4.767219e-05 -1.678795e-05
 9207.401464 -2.800857e-05 -4.400094e-07 -5.197631e-08 -4.527149e-07 4.761682e-05 -1.984281e-04 -4.955099e-05 -1.380303e-05
 9209.767496 -2.801377e-05 -4.409946e-07 -5.173623e-08 -4.535683e-07 4.056017e-05 -1.899660e-04 -6.042128e-05 -2.173637e-05
 9212.145720 -2.804049e-05 -4.426672e-07 -5.195681e-08 -4.545051e-07 2.907107e-05 -1.771910e-04 -5.652849e-05 -1.350384e-05
 9214.536136 -2.803535e-05 -4.430899e-07 -5.234655e-08 -4.551212e-07 2.598069e-05 -1.851465e-04 -6.687129e-05 -9.944430e-06
 9216.938744 -2.804309e-05 -4.438749e-07 -5.295496e-08 -4.561823e-07 3.439119e-05 -1.793875e-04 -7.260534e-05 -1.646400e-05
 9219.353544 -2.803318e-05 -4.449250e-07 -5.365230e-08 -4.561687e-07 4.087931e-05 -1.855927e-04 -6.890182e-05 -1.784479e-05
 9221.780536 -2.804477e-05 -4.455435e-07 -5.474601e-08 -4.571204e-07 3.843421e-05 -1.629024e-04 -7.410604e-05 -1.589613e-05
 9224.219720 -2.807842e-05 -4.478715e-07 -5.610818e-08 -4.580339e-07 4.699189e-05 -1.685593e-04 -6.702151e-05 -1.544165e-05
 9226.671096 -2.808061e-05 -4.487427e-07 -5.734847e-08 -4.584676e-07 3.715989e-05 -1.915071e-04 -6.911787e-05 -1.439664e-05
 9229.134663 -2.810793e-05 -4.508312e-07 -5.877157e-08 -4.593705e-07 3.649760e-05 -1.863944e-04 -7.264475e-05 -1.935927e-05
 9231.610423 -2.811254e-05 -4.515685e-07 -6.016291e-08 -4.601447e-07 2.796303e-05 -1.959273e-04 -6.962474e-05 -2.606714e-05
 9234.098374 -2.811324e-05 -4.518562e-07 -6.139372e-08 -4.611359e-07 3.194610e-05 -2.061839e-04 -7.992600e-05 -2.674555e-05
 9236.598517 -2.812202e-05 -4.533400e-07 -6.218951e-08 -4.619814e-07 3.554710e-05 -1.923532e-04 -8.298019e-05 -2.104262e-05
 9239.110852 -2.818285e-05 -4.561507e-07 -6.261884e-08 -4.634278e-07 3.274469e-05 -2.037273e-04 -8.260664e-05 -2.787138e-05
 9241.635380 -2.819386e-05 -4.569761e-07 -6.256620e-08 -4.642577e-07 3.120053e-05 -2.276323e-04 -7.760005e-05 -2.885467e-05
 9244.172099 -2.826432e-05 -4.608488e-07 -6.281497e-08 -4.658239e-07 2.866185e-05 -2.055634e-04 -5.990186e-05 -3.798536e-06
 9246.721009 -2.826180e-05 -4.609851e-07 -6.305098e-08 -4.666545e-07 3.251797e-05 -2.030116e-04 -7.394230e-05 -2.017938e-06
 9249.282112 -2.825992e-05 -4.619816e-07 -6.325773e-08 -4.673978e-07 4.267983e-05 -2.233818e-04 -8.238278e-05 -2.273712e-05
 9251.855407 -2.828733e-05 -4.635034e-07 -6.309977e-08 -4.684535e-07 4.543573e-05 -2.230084e-04 -8.705247e-05 -3.361687e-05
 9254.440894 -2.829081e-05 -4.640769e-07 -6.300092e-08 -4.693360e-07 5.062171e-05 -2.311289e-04 -8.020341e-05 -2.149484e-05
 9257.038572 -2.827624e-05 -4.643764e-07 -6.286406e-08 -4.701835e-07 6.209824e-05 -2.380634e-04 -6.441862e-05 -1.054652e-05
 9259.648443 -2.831610e-05 -4.662168e-07 -6.320789e-08 -4.713448e-07 5.515869e-05 -2.360205e-04 -6.401170e-05 -2.068147e-05
 9262.270505 -2.835157e-05 -4.681250e-07 -6.323506e-08 -4.726873e-07 5.145701e-05 -2.330012e-04 -5.716328e-05 -1.661299e-05
 9264.904759 -2.835985e-05 -4.693876e-07 -6.291515e-08 -4.735931e-07 4.384834e-05 -2.260266e-04 -6.088727e-05 -1.110972e-05
 9267.551205 -2.840384e-05 -4.716095e-07 -6.261454e-08 -4.753879e-07 3.552193e-05 -2.085890e-04 -6.760561e-05 -1.355792e-05
 9270.209844 -2.839255e-05 -4.715847e-07 -6.226292e-08 -4.762908e-07 4.258966e-05 -2.204701e-04 -7.279471e-05 -2.028883e-05
 9272.880674 -2.839024e-05 -4.720044e-07 -6.234640e-08 -4.776695e-07 4.688361e-05 -2.354280e-04 -7.901448e-05 -2.604481e-05
 9275.563696 -2.837512e-05 -4.722298e-07 -6.229538e-08 -4.790537e-07 4.056458e-05 -2.153042e-04 -8.008119e-05 -2.220866e-05
 9278.258909 -2.841108e-05 -4.746763e-07 -6.254849e-08 -4.807683e-07 4.053521e-05 -2.113465e-04 -7.367851e-05 -2.990999e-05
 9280.966315 -2.851456e-05 -4.784565e-07 -6.278241e-08 -4.827264e-07 5.129056e-05 -2.187200e-04 -7.814260e-05 -3.819572e-05
 9283.685913 -2.855855e-05 -4.803897e-07 -6.308137e-08 -4.842065e-07 5.038500e-05 -2.074591e-04 -7.845513e-05 -2.947232e-05
 9286.417702 -2.862758e-05 -4.833896e-07 -6.347540e-08 -4.857576e-07 3.909217e-05 -2.060616e-04 -7.289441e-05 -2.537000e-05
 9289.161684 -2.857354e-05 -4.840114e-07 -6.360186e-08 -4.855093e-07 4.588049e-05 -2.339388e-04 -7.323457e-05 -1.583190e-05
 9291.917857 -2.859737e-05 -4.845424e-07 -6.358232e-08 -4.872361e-07 4.479849e-05 -2.230467e-04 -6.294704e-05 -1.567163e-05
 9294.686222 -2.860503e-05 -4.853748e-07 -6.350750e-08 -4.885595e-07 5.078052e-05 -2.167186e-04 -6.449405e-05 -1.394505e-05
 9297.466780 -2.856774e-05 -4.862202e-07 -6.363388e-08 -4.885280e-07 5.259258e-05 -2.309833e-04 -5.061340e-05 -1.098562e-05
 9300.259529 -2.851056e-05 -4.865839e-07 -6.395685e-08 -4.880473e-07 4.506491e-05 -2.246956e-04 -6.468196e-05 -3.375670e-05
 9303.064470 -2.882063e-05 -4.949698e-07 -6.569577e-08 -4.935038e-07 5.400432e-05 -2.120271e-04 -6.333222e-05 -3.243326e-05
 9305.881602 -2.884194e-05 -4.960391e-07 -6.623607e-08 -4.945616e-07 4.934617e-05 -2.232541e-04 -5.899541e-05 -2.498567e-05
 9308.710927 -2.885159e-05 -4.982186e-07 -6.720206e-08 -4.955170e-07 5.197890e-05 -2.333756e-04 -5.208837e-05 -1.559137e-05
 9311.552444 -2.891904e-05 -5.013545e-07 -6.809900e-08 -4.976779e-07 5.259992e-05 -2.475431e-04 -6.562880e-05 -1.983024e-05
 9314.406153 -2.889211e-05 -4.999531e-07 -6.865491e-08 -4.985055e-07 4.537255e-05 -2.561093e-04 -7.440504e-05 -1.696648e-05
 9317.272053 -2.894571e-05 -5.027538e-07 -6.963860e-08 -5.003401e-07 4.219283e-05 -2.515083e-04 -7.702536e-05 -1.914162e-05
 9320.150146 -2.891038e-05 -5.028461e-07 -7.024387e-08 -5.008909e-07 5.281867e-05 -2.533158e-04 -6.197882e-05 -1.835656e-05
 9323.040430 -2.889522e-05 -5.034404e-07 -7.036515e-08 -5.016610e-07 5.154010e-05 -2.408711e-04 -6.273192e-05 -1.579006e-05
 9325.942906 -2.887480e-05 -5.061596e-07 -7.075490e-08 -5.012669e-07 4.443473e-05 -2.387832e-04 -6.372750e-05 8.519114e-08
 9328.857574 -2.919735e-05 -5.154392e-07 -7.227640e-08 -5.067453e-07 4.947457e-05 -2.192023e-04 -5.228192e-05 3.094284e-06
 9331.784435 -2.923229e-05 -5.172472e-07 -7.295918e-08 -5.078173e-07 5.722658e-05 -2.083571e-04 -5.851096e-05 7.134233e-07
 9334.723487 -2.927168e-05 -5.192535e-07 -7.360649e-08 -5.095342e-07 4.840166e-05 -2.309229e-04 -6.903359e-05 -4.462640e-07
 9337.674730 -2.931162e-05 -5.216481e-07 -7.418871e-08 -5.112171e-07 3.549147e-05 -2.568405e-04 -7.215488e-05 3.041292e-06
 9340.638166 -2.932887e-05 -5.229660e-07 -7.483705e-08 -5.119816e-07 3.084446e-05 -2.461620e-04 -7.682004e-05 -6.619873e-06
 9343.613794 -2.930310e-05 -5.229973e-07 -7.528838e-08 -5.128544e-07 2.931976e-05 -2.447628e-04 -7.055491e-05 -1.116175e-05
 9346.601614 -2.931469e-05 -5.238055e-07 -7.569089e-08 -5.139311e-07 3.255285e-05 -2.142728e-04 -6.574617e-05 -1.407325e-05
 9349.601625 -2.944122e-05 -5.290225e-07 -7.648360e-08 -5.170406e-07 3.010902e-05 -2.190670e-04 -6.386012e-05 -1.069336e-05
 9352.613829 -2.954747e-05 -5.332102e-07 -7.686525e-08 -5.199022e-07 3.428276e-05 -2.379878e-04 -6.553983e-05 -1.966881e-05
 9355.638224 -2.958082e-05 -5.351753e-07 -7.687495e-08 -5.217233e-07 3.874700e-05 -2.567389e-04 -6.522522e-05 -1.578542e-05
 9358.674811 -2.961743e-05 -5.373766e-07 -7.747014e-08 -5.229592e-07 3.970203e-05 -2.460817e-04 -5.480898e-05 -8.648424e-06
 9361.723590 -2.966346e-05 -5.398780e-07 -7.799548e-08 -5.245041e-07 4.096944e-05 -2.390548e-04 -5.878382e-05 -2.490485e-05
 9364.784561 -2.972589e-05 -5.432847e-07 -7.834736e-08 -5.266504e-07 4.091764e-05 -2.293647e-04 -5.936465e-05 -2.730176e-05
 9367.857724 -2.972984e-05 -5.449202e-07 -7.815337e-08 -5.279076e-07 4.475225e-05 -2.246831e-04 -5.739094e-05 -1.469713e-05
 9370.943079 -2.969879e-05 -5.445102e-07 -7.793301e-08 -5.287340e-07 4.752650e-05 -2.260782e-04 -6.482125e-05 -1.521323e-05
 9374.040626 -2.965137e-05 -5.437766e-07 -7.784389e-08 -5.294438e-07 4.095274e-05 -2.044102e-04 -6.770281e-05 -6.046900e-06
 9377.150365 -2.977924e-05 -5.491274e-07 -7.851182e-08 -5.320214e-07 4.768411e-05 -2.251264e-04 -5.957695e-05 1.649760e-06
 9380.272295 -2.994514e-05 -5.562734e-07 -7.939219e-08 -5.355905e-07 4.440593e-05 -2.291845e-04 -6.837946e-05 2.241091e-07
 9383.406418 -3.001257e-05 -5.601054e-07 -7.984152e-08 -5.376781e-07 5.064043e-05 -2.062148e-04 -7.284735e-05 3.075978e-05
 9386.552732 -2.995442e-05 -5.592817e-07 -7.978411e-08 -5.383150e-07 4.979644e-05 -1.996348e-04 -7.962134e-05 4.924649e-05
 9389.711239 -2.990452e-05 -5.581013e-07 -7.986708e-08 -5.388112e-07 3.854870e-05 -1.872571e-04 -8.306762e-05 3.774395e-05
 9392.881937 -3.004335e-05 -5.641896e-07 -8.092355e-08 -5.415502e-07 3.940170e-05 -1.998555e-04 -7.372887e-05 4.099380e-05
 9396.064827 -3.017821e-05 -5.699598e-07 -8.203948e-08 -5.443922e-07 4.109634e-05 -1.999923e-04 -7.253978e-05 3.937334e-05
 9399.259909 -3.014729e-05 -5.699204e-07 -8.196193e-08 -5.453435e-07 3.593581e-05 -2.072358e-04 -7.226138e-05 3.890831e-05
 9402.467183 -3.017811e-05 -5.722874e-07 -8.246359e-08 -5.468783e-07 4.450280e-05 -2.144095e-04 -7.056887e-05 2.581746e-05
 9405.686649 -3.005577e-05 -5.690537e-07 -8.253548e-08 -5.460555e-07 3.846452e-05 -2.181465e-04 -6.396868e-05 3.101452e-05
 9408.918307 -3.014128e-05 -5.738480e-07 -8.393124e-08 -5.481229e-07 4.105487e-05 -2.072008e-04 -6.060213e-05 3.201577e-05
 9412.162157 -3.029048e-05 -5.806658e-07 -8.521792e-08 -5.514229e-07 4.035389e-05 -2.144269e-04 -7.187423e-05 3.221113e-05
 9415.418198 -3.042600e-05 -5.869734e-07 -8.631985e-08 -5.542269e-07 4.258108e-05 -2.185539e-04 -6.238102e-05 3.503716e-05
 9418.686432 -3.054149e-05 -5.931229e-07 -8.768369e-08 -5.570322e-07 4.428003e-05 -2.127593e-04 -6.501611e-05 4.121588e-05
 9421.966857 -3.041699e-05 -5.920958e-07 -8.815735e-08 -5.562617e-07 4.073523e-05 -2.132489e-04 -6.296956e-05 4.079797e-05
 9425.259474 -3.052693e-05 -5.962380e-07 -8.915775e-08 -5.593296e-07 4.534288e-05 -2.112787e-04 -6.688625e-05 3.849428e-05
 9428.564284 -3.073972e-05 -6.033000e-07 -9.016235e-08 -5.641720e-07 4.393830e-05 -1.914928e-04 -5.731536e-05 4.077267e-05
 9431.881285 -3.071632e-05 -6.033970e-07 -9.042620e-08 -5.648165e-07 5.167682e-05 -1.616224e-04 -6.077666e-05 3.895020e-05
 9435.210478 -3.072220e-05 -6.050734e-07 -9.101339e-08 -5.657866e-07 5.191088e-05 -1.639688e-04 -5.639288e-05 4.755442e-05
 9438.551863 -3.083434e-05 -6.112336e-07 -9.221019e-08 -5.683741e-07 3.954314e-05 -1.779325e-04 -5.532290e-05 5.371214e-05
 9441.905440 -3.081768e-05 -6.110250e-07 -9.235317e-08 -5.692780e-07 3.255142e-05 -1.643298e-04 -7.026768e-05 5.552438e-05
 9445.271209 -3.088454e-05 -6.144300e-07 -9.315302e-08 -5.712411e-07 3.188945e-05 -1.679654e-04 -8.922583e-05 3.077465e-05
 9448.649169 -3.096569e-05 -6.192590e-07 -9.406153e-08 -5.736107e-07 3.352060e-05 -1.903349e-04 -8.179825e-05 6.843672e-06
 9452.039322 -3.098426e-05 -6.210812e-07 -9.448130e-08 -5.749588e-07 3.875942e-05 -1.702078e-04 -9.193115e-05 -3.747579e-07
 9455.441666 -3.099669e-05 -6.226216e-07 -9.531957e-08 -5.765175e-07 3.363705e-05 -1.690448e-04 -7.426231e-05 5.973750e-06
 9458.856203 -3.103864e-05 -6.253777e-07 -9.618139e-08 -5.786043e-07 3.298138e-05 -1.618797e-04 -5.882351e-05 1.321464e-05
 9462.282931 -3.108675e-05 -6.282518e-07 -9.682016e-08 -5.809882e-07 3.822926e-05 -1.616904e-04 -4.842391e-05 1.262043e-05
 9465.721851 -3.115853e-05 -6.333677e-07 -9.771790e-08 -5.835502e-07 4.283729e-05 -1.761067e-04 -4.599776e-05 1.442195e-05
 9469.172964 -3.114303e-05 -6.336589e-07 -9.798264e-08 -5.847642e-07 4.761615e-05 -1.831239e-04 -5.289106e-05 8.031846e-06
 9472.636268 -3.114706e-05 -6.346511e-07 -9.825162e-08 -5.862510e-07 4.775650e-05 -1.857613e-04 -5.745183e-05 -2.712352e-06
 9476.111764 -3.120363e-05 -6.378756e-07 -9.893677e-08 -5.880830e-07 5.288436e-05 -1.884527e-04 -4.994000e-05 -2.662240e-06
 9479.599451 -3.126619e-05 -6.422856e-07 -9.999327e-08 -5.902553e-07 4.819176e-05 -1.760330e-04 -6.083547e-05 -2.413042e-06
 9483.099331 -3.123667e-05 -6.421464e-07 -9.989736e-08 -5.913830e-07 4.219711e-05 -1.738932e-04 -6.029753e-05 -4.562501e-06
 9486.611403 -3.124008e-05 -6.436691e-07 -9.979196e-08 -5.926851e-07 3.568503e-05 -1.810526e-04 -6.762057e-05 -6.818638e-06
 9490.135666 -3.129790e-05 -6.471647e-07 -1.000643e-07 -5.946931e-07 4.838615e-05 -1.594993e-04 -7.314746e-05 9.786764e-07
 9493.672122 -3.141580e-05 -6.529264e-07 -1.013468e-07 -5.976044e-07 5.566975e-05 -1.657572e-04 -7.754584e-05 -9.291818e-07
 9497.220769 -3.137189e-05 -6.529636e-07 -1.014298e-07 -5.983457e-07 5.946352e-05 -1.597934e-04 -7.154703e-05 5.917632e-06
 9500.781609 -3.123851e-05 -6.512532e-07 -1.009082e-07 -5.975858e-07 6.553678e-05 -1.511765e-04 -5.771537e-05 8.939381e-06
 9504.354640 -3.128430e-05 -6.559886e-07 -1.016716e-07 -5.993677e-07 5.991693e-05 -1.685944e-04 -6.064790e-05 5.655155e-06
 9507.939863 -3.161574e-05 -6.680901e-07 -1.038822e-07 -6.056407e-07 6.161850e-05 -1.882869e-04 -5.198358e-05 7.560144e-07
 9511.537278 -3.160345e-05 -6.691788e-07 -1.043610e-07 -6.066206e-07 5.522598e-05 -1.696781e-04 -4.739666e-05 -4.912449e-07
 9515.146885 -3.157991e-05 -6.695891e-07 -1.046403e-07 -6.074113e-07 5.366838e-05 -1.661727e-04 -4.324702e-05 7.751321e-07
 9518.768684 -3.165528e-05 -6.744167e-07 -1.056888e-07 -6.101932e-07 5.556029e-05 -1.779690e-04 -4.269750e-05 2.114227e-06
 9522.402675 -3.169074e-05 -6.772977e-07 -1.064755e-07 -6.120368e-07 5.987194e-05 -1.837287e-04 -4.271722e-05 1.573809e-06
 9526.048857 -3.172289e-05 -6.802559e-07 -1.073643e-07 -6.139673e-07 6.417070e-05 -1.843968e-04 -4.994891e-05 -6.965362e-06
 9529.707232 -3.169415e-05 -6.809166e-07 -1.082749e-07 -6.150197e-07 6.095200e-05 -1.849223e-04 -4.885862e-05 -4.085385e-06
 9533.377799 -3.172696e-05 -6.839341e-07 -1.088548e-07 -6.170401e-07 6.946678e-05 -1.750140e-04 -3.748371e-05 -1.248259e-05
 9537.060557 -3.173323e-05 -6.866618e-07 -1.093572e-07 -6.185422e-07 6.030215e-05 -1.644297e-04 -4.163828e-05 -7.787033e-06
 9540.755507 -3.166400e-05 -6.885113e-07 -1.100627e-07 -6.188351e-07 5.394042e-05 -1.844758e-04 -5.080523e-05 -1.270051e-05
 9544.462650 -3.185455e-05 -6.934280e-07 -1.113354e-07 -6.242353e-07 5.822016e-05 -1.980782e-04 -4.172728e-05 -6.967284e-06
 9548.181984 -3.178467e-05 -6.915552e-07 -1.112254e-07 -6.245466e-07 5.990929e-05 -1.965702e-04 -4.556985e-05 -5.404893e-06
 9551.913510 -3.175027e-05 -6.914026e-07 -1.114219e-07 -6.253187e-07 5.854669e-05 -1.918898e-04 -4.700351e-05 -4.220048e-06
 9555.657228 -3.195401e-05 -7.029258e-07 -1.136266e-07 -6.297720e-07 6.019909e-05 -1.977876e-04 -4.281096e-05 5.184906e-07
 9559.413138 -3.184399e-05 -7.004030e-07 -1.137526e-07 -6.301375e-07 5.841815e-05 -2.079555e-04 -4.137708e-05 1.815110e-06
 9563.181239 -3.178190e-05 -7.006912e-07 -1.140480e-07 -6.304059e-07 5.612476e-05 -2.133523e-04 -5.334315e-05 -4.032086e-06
 9566.961533 -3.199988e-05 -7.113313e-07 -1.158759e-07 -6.350147e-07 6.802451e-05 -1.924603e-04 -5.870431e-05 -7.272752e-06
 9570.754019 -3.210180e-05 -7.189115e-07 -1.173441e-07 -6.375428e-07 6.936117e-05 -1.945291e-04 -6.089694e-05 -9.022488e-06
 9574.558696 -3.218978e-05 -7.241402e-07 -1.187419e-07 -6.404849e-07 6.498936e-05 -1.897606e-04 -6.545527e-05 -8.988757e-06
 9578.375565 -3.228528e-05 -7.299618e-07 -1.199807e-07 -6.432321e-07 6.736314e-05 -2.026574e-04 -5.031112e-05 -4.812132e-06
 9582.204627 -3.226672e-05 -7.310589e-07 -1.201073e-07 -6.443242e-07 5.954235e-05 -1.893508e-04 -5.042109e-05 -1.858388e-06
 9586.045880 -3.223875e-05 -7.319248e-07 -1.206125e-07 -6.451643e-07 5.684618e-05 -1.838413e-04 -6.190354e-05 -8.764240e-06
 9589.899325 -3.219316e-05 -7.319590e-07 -1.211956e-07 -6.461345e-07 6.099930e-05 -1.886640e-04 -6.271820e-05 -9.565681e-06
 9593.764962 -3.215977e-05 -7.322956e-07 -1.215741e-07 -6.469345e-07 6.744692e-05 -2.049225e-04 -6.249454e-05 -8.992786e-06
 9597.642791 -3.227726e-05 -7.404914e-07 -1.231082e-07 -6.501738e-07 6.358828e-05 -1.940162e-04 -5.799319e-05 5.611680e-06
 9601.532812 -3.239604e-05 -7.480870e-07 -1.246440e-07 -6.534291e-07 6.031135e-05 -1.834632e-04 -6.656387e-05 5.523349e-06
 9605.435025 -3.240892e-05 -7.503192e-07 -1.252200e-07 -6.554836e-07 5.408535e-05 -1.845454e-04 -5.951418e-05 1.295198e-07
 9609.349429 -3.245659e-05 -7.548393e-07 -1.261831e-07 -6.576381e-07 5.408014e-05 -1.908233e-04 -6.251041e-05 9.586556e-08
 9613.276026 -3.247056e-05 -7.573918e-07 -1.267336e-07 -6.594972e-07 4.890820e-05 -1.783751e-04 -6.527260e-05 -2.074256e-06
 9617.214814 -3.240265e-05 -7.557524e-07 -1.263640e-07 -6.598552e-07 4.433897e-05 -1.808506e-04 -7.163029e-05 -8.380615e-06
 9621.165795 -3.243468e-05 -7.591514e-07 -1.273185e-07 -6.619717e-07 4.151112e-05 -1.765449e-04 -6.746838e-05 -6.576359e-06
 9625.128967 -3.237674e-05 -7.582333e-07 -1.276757e-07 -6.625383e-07 4.227070e-05 -1.777032e-04 -6.313910e-05 -7.742996e-06
 9629.104331 -3.240188e-05 -7.619810e-07 -1.283296e-07 -6.641458e-07 5.238326e-05 -1.955602e-04 -6.833396e-05 -8.085210e-06
 9633.091888 -3.240182e-05 -7.654798e-07 -1.291049e-07 -6.651049e-07 5.315464e-05 -2.001125e-04 -6.847312e-05 2.836199e-05
 9637.091636 -3.249456e-05 -7.714021e-07 -1.303279e-07 -6.684167e-07 5.315713e-05 -2.073009e-04 -6.288418e-05 4.273179e-05
 9641.103575 -3.250418e-05 -7.740838e-07 -1.309547e-07 -6.699830e-07 5.394271e-05 -1.970424e-04 -6.305438e-05 4.060523e-05
 9645.127707 -3.247865e-05 -7.743303e-07 -1.314745e-07 -6.710736e-07 4.981104e-05 -1.948053e-04 -5.010685e-05 4.048866e-05
 9649.164031 -3.247243e-05 -7.762802e-07 -1.321901e-07 -6.725885e-07 5.204350e-05 -1.754759e-04 -4.723644e-05 2.319869e-05
 9653.212547 -3.250411e-05 -7.809884e-07 -1.332660e-07 -6.746193e-07 3.821760e-05 -1.694631e-04 -5.112085e-05 -8.763216e-06
 9657.273254 -3.250581e-05 -7.832787e-07 -1.338882e-07 -6.761411e-07 4.005451e-05 -1.832975e-04 -5.587884e-05 -1.011788e-05
 9661.346154 -3.250426e-05 -7.864015e-07 -1.346764e-07 -6.782658e-07 4.366390e-05 -1.770204e-04 -5.222016e-05 -5.551673e-06
 9665.431245 -3.248673e-05 -7.900300e-07 -1.358632e-07 -6.797706e-07 4.158152e-05 -1.754103e-04 -4.563000e-05 1.111509e-06
 9669.528529 -3.254345e-05 -7.931520e-07 -1.367440e-07 -6.823473e-07 3.954535e-05 -1.809001e-04 -4.459028e-05 2.778975e-06
 9673.638004 -3.248308e-05 -7.922150e-07 -1.367096e-07 -6.830868e-07 3.598699e-05 -1.836909e-04 -4.165972e-05 1.030445e-05
 9677.759671 -3.250233e-05 -7.957497e-07 -1.378954e-07 -6.857064e-07 4.202489e-05 -1.892817e-04 -4.639958e-05 1.084715e-05
 9681.893530 -3.246264e-05 -7.957591e-07 -1.382601e-07 -6.867724e-07 3.971990e-05 -1.763395e-04 -4.027367e-05 4.750742e-06
 9686.039581 -3.256434e-05 -8.034577e-07 -1.397296e-07 -6.894708e-07 3.430474e-05 -1.726163e-04 -4.521379e-05 -4.296331e-06
 9690.197824 -3.256903e-05 -8.067715e-07 -1.406857e-07 -6.910368e-07 3.798760e-05 -1.986534e-04 -5.084171e-05 -7.292899e-06
 9694.368258 -3.249293e-05 -8.054065e-07 -1.407300e-07 -6.916239e-07 3.528970e-05 -1.694172e-04 -5.646047e-05 -3.556499e-06
 9698.550885 -3.238387e-05 -8.026060e-07 -1.405729e-07 -6.911742e-07 3.062994e-05 -1.566655e-04 -5.048528e-05 -6.878455e-06
 9702.745704 -3.232955e-05 -8.027556e-07 -1.408004e-07 -6.911650e-07 3.617714e-05 -1.675294e-04 -4.212671e-05 -6.939216e-06
 9706.952714 -3.242923e-05 -8.110484e-07 -1.429452e-07 -6.940027e-07 3.361303e-05 -1.548933e-04 -4.497988e-05 -6.656943e-06
 9711.171916 -3.247593e-05 -8.174589e-07 -1.440907e-07 -6.964817e-07 3.334434e-05 -1.827174e-04 -4.466129e-05 8.816380e-07
 9715.403311 -3.255566e-05 -8.229530e-07 -1.454255e-07 -6.995553e-07 2.938808e-05 -1.871239e-04 -4.725997e-05 -7.065387e-06
 9719.646897 -3.257983e-05 -8.277323e-07 -1.468152e-07 -7.015265e-07 2.116339e-05 -1.919039e-04 -4.443956e-05 -6.704564e-06
 9723.902675 -3.250565e-05 -8.278546e-07 -1.468981e-07 -7.018929e-07 1.747633e-05 -1.781089e-04 -4.445523e-05 -1.123866e-05
 9728.170645 -3.252826e-05 -8.323342e-07 -1.482718e-07 -7.041159e-07 2.836857e-05 -1.633632e-04 -4.601412e-05 -1.264704e-05
 9732.450807 -3.255403e-05 -8.361312e-07 -1.493117e-07 -7.067331e-07 3.966129e-05 -1.656841e-04 -4.483499e-05 -1.019229e-05
 9736.743161 -3.258394e-05 -8.398320e-07 -1.501629e-07 -7.087895e-07 4.162233e-05 -1.744722e-04 -4.372782e-05 -4.525131e-06
 9741.047707 -3.256325e-05 -8.407842e-07 -1.508102e-07 -7.095877e-07 5.002590e-05 -1.621163e-04 -4.603626e-05 -1.420692e-05
 9745.364444 -3.252965e-05 -8.423566e-07 -1.515701e-07 -7.104398e-07 4.239413e-05 -1.673859e-04 -5.605049e-05 -1.402461e-05
 9749.693374 -3.247999e-05 -8.427212e-07 -1.517552e-07 -7.110978e-07 3.012146e-05 -1.658731e-04 -6.283076e-05 -2.441869e-05
 9754.034495 -3.250915e-05 -8.481803e-07 -1.530308e-07 -7.130196e-07 3.054668e-05 -1.562117e-04 -5.435614e-05 -7.983633e-06
 9758.387809 -3.238440e-05 -8.447706e-07 -1.526251e-07 -7.126315e-07 3.809686e-05 -1.592189e-04 -5.751231e-05 -2.521616e-06
 9762.753314 -3.244576e-05 -8.518780e-07 -1.540113e-07 -7.152813e-07 2.817469e-05 -1.835228e-04 -7.425099e-05 -2.246285e-06
 9767.131011 -3.242125e-05 -8.545288e-07 -1.551671e-07 -7.164754e-07 3.784770e-05 -1.915855e-04 -6.126745e-05 2.625754e-05
 9771.520900 -3.240284e-05 -8.562827e-07 -1.556477e-07 -7.184071e-07 4.684771e-05 -1.777741e-04 -5.802370e-05 3.427238e-05
 9775.922981 -3.226212e-05 -8.514766e-07 -1.553721e-07 -7.181668e-07 5.269523e-05 -1.763718e-04 -5.929185e-05 4.197611e-05
 9780.337254 -3.227989e-05 -8.593950e-07 -1.570741e-07 -7.200381e-07 5.517821e-05 -1.574840e-04 -6.391516e-05 3.868070e-05
 9784.763719 -3.237745e-05 -8.683265e-07 -1.588587e-07 -7.232986e-07 5.284485e-05 -1.578914e-04 -5.422425e-05 4.466662e-05
 9789.202376 -3.237959e-05 -8.704663e-07 -1.595807e-07 -7.254897e-07 5.413022e-05 -1.821441e-04 -5.461628e-05 3.758999e-05
 9793.653224 -3.214116e-05 -8.643590e-07 -1.587409e-07 -7.224803e-07 4.238671e-05 -1.803674e-04 -5.856298e-05 1.092859e-05
 9798.116265 -3.239967e-05 -8.790463e-07 -1.620402e-07 -7.288879e-07 3.952921e-05 -1.832798e-04 -4.954375e-05 -5.768884e-06
 9802.591497 -3.242326e-05 -8.835738e-07 -1.631475e-07 -7.308511e-07 4.210140e-05 -1.730731e-04 -4.195735e-05 -5.618040e-07
 9807.078922 -3.239315e-05 -8.855826e-07 -1.638778e-07 -7.319529e-07 4.494354e-05 -1.827129e-04 -3.955148e-05 5.603687e-07
 9811.578538 -3.237938e-05 -8.885024e-07 -1.646672e-07 -7.334877e-07 4.280257e-05 -1.725758e-04 -3.987720e-05 -2.775154e-07
 9816.090346 -3.237302e-05 -8.913501e-07 -1.656758e-07 -7.349111e-07 4.109544e-05 -1.551210e-04 -5.231753e-05 3.156924e-06
 9820.614346 -3.232461e-05 -8.927290e-07 -1.663122e-07 -7.356034e-07 4.746242e-05 -1.283405e-04 -5.453180e-05 1.069633e-05
 9825.150538 -3.224680e-05 -8.935068e-07 -1.671299e-07 -7.354240e-07 5.714660e-05 -1.201108e-04 -6.073866e-05 -5.339389e-06
 9829.698922 -3.193336e-05 -8.865299e-07 -1.661837e-07 -7.313455e-07 6.242543e-05 -1.317039e-04 -5.853113e-05 1.368257e-06
 9834.259498 -3.199609e-05 -8.901466e-07 -1.670917e-07 -7.343963e-07 5.674373e-05 -1.209398e-04 -5.316791e-05 -5.303903e-06
 9838.832266 -3.187505e-05 -8.848327e-07 -1.664563e-07 -7.337947e-07 5.263678e-05 -1.209278e-04 -5.595146e-05 -6.908353e-06
 9843.417226 -3.207795e-05 -8.984606e-07 -1.696198e-07 -7.396152e-07 5.263163e-05 -1.376977e-04 -4.753635e-05 -9.255716e-06
 9848.014377 -3.219619e-05 -9.101304e-07 -1.722260e-07 -7.429586e-07 5.198184e-05 -1.533181e-04 -5.288454e-05 -1.238666e-05
 9852.623721 -3.222141e-05 -9.160830e-07 -1.736476e-07 -7.450027e-07 5.519605e-05 -1.492416e-04 -5.284328e-05 -1.314264e-05
 9857.245256 -3.208562e-05 -9.116012e-07 -1.730042e-07 -7.444858e-07 5.595352e-05 -1.109478e-04 -6.206121e-05 -1.467441e-05
 9861.878983 -3.208550e-05 -9.162116e-07 -1.743531e-07 -7.458958e-07 5.649325e-05 -1.101560e-04 -5.942420e-05 -2.444922e-05
 9866.524902 -3.201978e-05 -9.155373e-07 -1.746271e-07 -7.468263e-07 6.206568e-05 -9.801144e-05 -4.754699e-05 -2.303731e-05
 9871.183013 -3.205194e-05 -9.221006e-07 -1.762743e-07 -7.496236e-07 6.564422e-05 -9.563834e-05 -3.199095e-05 2.151381e-07
 9875.853316 -3.207262e-05 -9.283710e-07 -1.778030e-07 -7.520069e-07 5.943637e-05 -9.390606e-05 -2.593980e-05 4.261015e-05
 9880.535811 -3.195152e-05 -9.254312e-07 -1.776749e-07 -7.517835e-07 5.757920e-05 -1.071231e-04 -3.296704e-05 5.030511e-05
 9885.230498 -3.188014e-05 -9.260696e-07 -1.783213e-07 -7.522114e-07 6.435705e-05 -1.059944e-04 -4.040974e-05 4.117907e-05
 9889.937377 -3.199898e-05 -9.380227e-07 -1.810308e-07 -7.556809e-07 5.605512e-05 -1.100650e-04 -4.103715e-05 4.136091e-05
 9894.656448 -3.191907e-05 -9.364452e-07 -1.811050e-07 -7.562202e-07 4.696441e-05 -1.070879e-04 -2.982339e-05 5.054393e-05
 9899.387710 -3.188004e-05 -9.376725e-07 -1.818198e-07 -7.573595e-07 4.710723e-05 -1.088648e-04 -2.762167e-05 3.926985e-05
 9904.131165 -3.189981e-05 -9.427312e-07 -1.830377e-07 -7.592726e-07 5.946020e-05 -9.924875e-05 -2.683171e-05 3.795334e-05
 9908.886811 -3.174956e-05 -9.394412e-07 -1.826655e-07 -7.580812e-07 5.279583e-05 -9.894928e-05 -3.117103e-05 3.065280e-05
 9913.654649 -3.174417e-05 -9.445238e-07 -1.840846e-07 -7.595820e-07 4.934776e-05 -1.165150e-04 -2.258267e-05 2.119604e-05
 9918.434679 -3.180920e-05 -9.544276e-07 -1.864366e-07 -7.626227e-07 3.811523e-05 -1.286868e-04 -3.452162e-05 1.308786e-05
 9923.226901 -3.175490e-05 -9.567109e-07 -1.873071e-07 -7.633698e-07 3.362992e-05 -1.237040e-04 -4.490353e-05 1.856268e-05
 9928.031315 -3.177426e-05 -9.624351e-07 -1.888916e-07 -7.657886e-07 4.012242e-05 -1.354994e-04 -5.822330e-05 1.567563e-05
 9932.847921 -3.176583e-05 -9.672043e-07 -1.903887e-07 -7.676432e-07 4.202085e-05 -1.533819e-04 -5.804502e-05 1.834010e-05
 9937.676719 -3.166001e-05 -9.700999e-07 -1.914134e-07 -7.664074e-07 3.810797e-05 -1.826194e-04 -5.659674e-05 2.375966e-05
 9942.517709 -3.149795e-05 -9.667451e-07 -1.910241e-07 -7.647926e-07 4.485592e-05 -2.051565e-04 -5.040795e-05 2.531701e-05
 9947.370891 -3.151778e-05 -9.710914e-07 -1.922368e-07 -7.682707e-07 4.009492e-05 -1.976235e-04 -4.712115e-05 1.301907e-05
 9952.236264 -3.160727e-05 -9.787182e-07 -1.941180e-07 -7.714044e-07 4.018386e-05 -1.767747e-04 -5.766185e-05 2.830189e-05
