# Facility.name: NSLS-II
# Facility.mode: Beam available
# Facility.current: 399.9408127694984
# Facility.current: 3 GeV
# Facility.year: 2023
# Facility.cycle: 2
# Facility.GUP: 312970
# Facility.SAF: 311402
# Experimenter.name: Esteban Fornero
# Beamline.name: ISS (8-ID)
# Beamline.x-ray_source: damping wiggler
# Beamline.collimation_mirror1.material: Si
# Beamline.collimation_mirror2.material: Pt
# Beamline.collimation_mirror2.bender_loading: -349.0
# Beamline.focusing: toroidal mirror
# Beamline.focusing.material: Pt
# Beamline.focusing.bender_loading: -418.0
# Beamline.harmonic_rejection: Si
# Mono.scan_mode: Si(111)
# Mono.d_spacing: 3.1354951
# Mono.scan_mode: pseudo-channel cut
# Mono.scan_type: fly_scan
# Mono.trajectory_name: 0f397ba2-1519.txt
# Mono.direction: None
# Mono.angle_offset: 0.69366577
# Mono.angle_offset: 39.744 deg
# Mono.encoder_resolution: 48.0 nrad
# Detector.I0: ion chamber
# Detector.I1: ion chamber
# Detector.I2: ion chamber
# Detector.IF: PIPS
# Detector.I0.length: 15 cm
# Detector.I1.length: 28 cm
# Detector.I2.length: 15 cm
# Detector.IF.thickness: 300 um
# Detector.I0.gas.N2: 38.0%
# Detector.I1.gas.N2: 38.0%
# Detector.I2.gas.N2: 38.0%
# Detector.I0.gas.He: 62.0%
# Detector.I1.gas.He: 62.0%
# Detector.I2.gas.He: 62.0%
# Detector.I0.voltage: -1649.998291
# Detector.I1.voltage: -1649.999268
# Detector.I2.voltage: -1649.997681
# Detector.I0.gain: 4
# Detector.I1.gain: 6
# Detector.I2.gain: 6
# Detector.IF.gain: 6
# Detector.aux: {}
# Element.symbol: Ga
# Element.edge: K
# Element.line: None
# Scan.transient_id: 370816
# Scan.uid: 66f0307b-fe7a-4e43-b253-ee39fd412e01
# Scan.edge_energy: 10367.0
# Scan.start_time: 06/23/2023  00:39:26.505315
# Scan.end_time: 06/23/2023  00:40:00.329962
# Scan.name: Cu2O+Ga2O3-1st H2-ramp (pos 001) Ga-K 0001
# Scan.comment: 
# Sample.name: Cu2O+Ga2O3-1st
# Sample.comment: 
# Sample.position.x: -66.61000258
# Sample.position.y: 30.0500131475
# Sample.position.z: -10.184937499999995
# Sample.position.theta: 845.5790000000001
# SampleHeater.temperature1.setpoint: 300.0
# SampleHeater.temperature1.readback: 1372.0
# SampleHeater.current.setpoint: 0.0
# SampleHeater.current.readback: 0.0
# SampleHeater.temperature2.setpoint: 193.89420732722184
# SampleHeater.temperature2.readback: 198.4
# SampleHeater.voltage.setpoint: 0.42627669193034523
# SampleHeater.voltage.readback: 0.445
# SampleHeater.PID.P: 0.025
# SampleHeater.PID.I: 0.07
# SampleHeater.PID.D: 0.0
# SampleGasCart.MFC.CH4.setpoint: 0.0
# SampleGasCart.MFC.CH4.readback: 0.0
# SampleGasCart.MFC.CO.setpoint: 0.0
# SampleGasCart.MFC.CO.readback: 0.0
# SampleGasCart.MFC.H2.setpoint: 10.0
# SampleGasCart.MFC.H2.readback: 10.012
# SampleGasCart.MFC.exhaust.setpoint: 100.0
# SampleGasCart.MFC.exhaust.readback: 10.13
# SampleGasHandlingSystem.gas_a.name: None
# SampleGasHandlingSystem.gas_b.name: None
# SampleGasHandlingSystem.gas_c.name: None
# SampleGasHandlingSystem.gas_d.name: None
# SampleGasHandlingSystem.gas_e.name: He
# SampleGasHandlingSystem.MFC1.setpoint: 0.0
# SampleGasHandlingSystem.MFC1.readback: -0.1057942733168602
# SampleGasHandlingSystem.MFC2.setpoint: 0.0
# SampleGasHandlingSystem.MFC2.readback: -0.0651041641831398
# SampleGasHandlingSystem.MFC3.setpoint: 0.0
# SampleGasHandlingSystem.MFC3.readback: 0.02034505270421505
# SampleGasHandlingSystem.MFC4.setpoint: 0.0
# SampleGasHandlingSystem.MFC4.readback: -0.06103515625
# SampleGasHandlingSystem.MFC5.setpoint: 0.0
# SampleGasHandlingSystem.MFC5.readback: -0.0040690102614462376
# SampleGasHandlingSystem.MFC6.setpoint: 0.0
# SampleGasHandlingSystem.MFC6.readback: -0.02034505270421505
# SampleGasHandlingSystem.MFC7.setpoint: 0.0
# SampleGasHandlingSystem.MFC7.readback: -0.008138020522892475
# SampleGasHandlingSystem.MFC8.setpoint: 0.0
# SampleGasHandlingSystem.MFC8.readback: -0.0447591133415699
# SampleGasHandlingSystem.MFC9.setpoint: 0.0
# SampleGasHandlingSystem.MFC9.readback: -0.0244140625
# SampleGasHandlingSystem.MFC10.setpoint: 0.0
# SampleGasHandlingSystem.MFC10.readback: 0.008138020522892475
# SampleGasHandlingSystem.MFC11.setpoint: 0.0
# SampleGasHandlingSystem.MFC11.readback: -0.0651041641831398
# SampleGasHandlingSystem.MFC12.setpoint: 0.0
# SampleGasHandlingSystem.MFC12.readback: -0.0325520820915699
# SampleGasHandlingSystem.MFC13.setpoint: 0.0
# SampleGasHandlingSystem.MFC13.readback: -0.0325520820915699
# SampleGasHandlingSystem.MFC14.setpoint: 0.0
# SampleGasHandlingSystem.MFC14.readback: -0.048828125
# SampleGasHandlingSystem.MFC15.setpoint: 0.0
# SampleGasHandlingSystem.MFC15.readback: -0.0773111954331398
# SampleGasHandlingSystem.MFC16.setpoint: 0.0
# SampleGasHandlingSystem.MFC16.readback: -0.02034505270421505
# SampleGasHandlingSystem.RGA.ch1.mass: 2
# SampleGasHandlingSystem.RGA.ch1.readback: 7.75419e-07
# SampleGasHandlingSystem.RGA.ch2.mass: 4
# SampleGasHandlingSystem.RGA.ch2.readback: 1.54256e-10
# SampleGasHandlingSystem.RGA.ch3.mass: 5
# SampleGasHandlingSystem.RGA.ch3.readback: 7.81276e-12
# SampleGasHandlingSystem.RGA.ch4.mass: 5
# SampleGasHandlingSystem.RGA.ch4.readback: 4.78717e-10
# SampleGasHandlingSystem.RGA.ch5.mass: 18
# SampleGasHandlingSystem.RGA.ch5.readback: 2.57059e-09
# SampleGasHandlingSystem.RGA.ch6.mass: 28
# SampleGasHandlingSystem.RGA.ch6.readback: 1.0363e-08
# SampleGasHandlingSystem.RGA.ch7.mass: 32
# SampleGasHandlingSystem.RGA.ch7.readback: 1.74687e-09
# SampleGasHandlingSystem.RGA.ch8.mass: 41
# SampleGasHandlingSystem.RGA.ch8.readback: 1.11477e-11
# SampleGasHandlingSystem.RGA.ch9.mass: 44
# SampleGasHandlingSystem.RGA.ch9.readback: 3.49568e-11
# energy  i0  it  ir  iff  aux1  aux2  aux3  aux4
10167.000000 -3.015383e-05 -1.117451e-06 -3.255720e-07 -8.313474e-07 1.002023e-04 7.824938e-04 -3.991646e-05 6.070078e-05
10172.000000 -3.005858e-05 -1.113738e-06 -3.226713e-07 -8.303962e-07 1.013049e-04 7.881126e-04 -3.715885e-05 6.818224e-05
10177.000000 -2.996126e-05 -1.109354e-06 -3.182113e-07 -8.291561e-07 1.053386e-04 7.711168e-04 -3.055674e-05 6.262695e-05
10182.000000 -2.990179e-05 -1.108813e-06 -3.121406e-07 -8.297231e-07 1.010486e-04 7.663897e-04 -3.849441e-05 5.708355e-05
10187.000000 -2.993020e-05 -1.114319e-06 -3.020605e-07 -8.323424e-07 9.354263e-05 7.609109e-04 -4.615153e-05 5.993209e-05
10192.000000 -2.996825e-05 -1.119119e-06 -2.774636e-07 -8.355772e-07 9.772796e-05 7.837542e-04 -4.695560e-05 5.706186e-05
10197.000000 -2.996821e-05 -1.122418e-06 -2.056425e-07 -8.375306e-07 9.496968e-05 7.924297e-04 -4.537192e-05 5.728123e-05
10202.000000 -2.982470e-05 -1.117777e-06 -6.594037e-08 -8.371047e-07 9.150439e-05 7.961498e-04 -5.254267e-05 4.957390e-05
10207.000000 -2.973673e-05 -1.116865e-06 -2.624879e-08 -8.376267e-07 9.850062e-05 7.951798e-04 -4.185165e-05 6.125049e-05
10212.000000 -2.976975e-05 -1.124032e-06 -5.523151e-08 -8.405722e-07 1.039889e-04 7.799249e-04 -3.610395e-05 6.612607e-05
10217.000000 -2.965583e-05 -1.121205e-06 -7.143307e-08 -8.396350e-07 1.036810e-04 7.734973e-04 -3.254599e-05 6.187792e-05
10222.000000 -2.969006e-05 -1.131740e-06 -8.471826e-08 -8.423871e-07 1.033129e-04 7.857199e-04 -3.174113e-05 6.300498e-05
10227.000000 -2.971823e-05 -1.142060e-06 -9.406583e-08 -8.445216e-07 9.627217e-05 7.705101e-04 -3.480450e-05 7.288653e-05
10232.000000 -2.962478e-05 -1.141472e-06 -9.700041e-08 -8.444775e-07 9.694955e-05 7.607609e-04 -4.291038e-05 7.743341e-05
10237.000000 -2.961749e-05 -1.144656e-06 -9.963818e-08 -8.463642e-07 9.869460e-05 7.782712e-04 -3.916464e-05 6.507732e-05
10242.000000 -2.959815e-05 -1.149022e-06 -1.013654e-07 -8.479986e-07 9.593907e-05 7.908006e-04 -3.426205e-05 6.481694e-05
10247.000000 -2.955979e-05 -1.153293e-06 -1.060478e-07 -8.484357e-07 9.176202e-05 7.789716e-04 -2.067997e-05 6.692004e-05
10252.000000 -2.955526e-05 -1.159226e-06 -1.058285e-07 -8.502483e-07 1.016537e-04 7.897122e-04 -1.991149e-05 6.417308e-05
10257.000000 -2.949843e-05 -1.160592e-06 -1.016857e-07 -8.509308e-07 9.941770e-05 7.804233e-04 -2.598699e-05 6.680416e-05
10262.000000 -2.941067e-05 -1.160854e-06 -1.010243e-07 -8.505914e-07 9.886808e-05 7.940317e-04 -2.445972e-05 6.903463e-05
10267.000000 -2.941623e-05 -1.165827e-06 -1.029981e-07 -8.533393e-07 9.304334e-05 7.979204e-04 -2.867214e-05 6.003881e-05
10272.000000 -2.936545e-05 -1.167267e-06 -1.042579e-07 -8.547545e-07 1.002535e-04 7.947300e-04 -3.218416e-05 5.921227e-05
10277.000000 -2.935802e-05 -1.175868e-06 -1.039920e-07 -8.564075e-07 1.017127e-04 8.330496e-04 -3.845834e-05 5.741311e-05
10282.000000 -2.917080e-05 -1.173180e-06 -1.025530e-07 -8.536962e-07 1.027526e-04 8.415213e-04 -4.227022e-05 6.185690e-05
10287.000000 -2.919777e-05 -1.180076e-06 -1.037051e-07 -8.569774e-07 9.634904e-05 8.364129e-04 -4.365832e-05 6.111137e-05
10292.000000 -2.921052e-05 -1.189528e-06 -1.074845e-07 -8.590779e-07 1.001768e-04 8.315774e-04 -4.041599e-05 6.145112e-05
10297.000000 -2.915630e-05 -1.192918e-06 -1.092501e-07 -8.602676e-07 1.036509e-04 8.232352e-04 -3.972914e-05 5.330112e-05
10302.000000 -2.916330e-05 -1.201393e-06 -1.095774e-07 -8.626984e-07 9.475134e-05 8.083672e-04 -2.768212e-05 6.067305e-05
10307.000000 -2.912533e-05 -1.206476e-06 -1.098312e-07 -8.636416e-07 9.261148e-05 8.139885e-04 -3.277117e-05 6.138763e-05
10312.000000 -2.906512e-05 -1.209435e-06 -1.101732e-07 -8.646787e-07 9.179776e-05 8.373729e-04 -3.495310e-05 7.090020e-05
10317.000000 -2.908693e-05 -1.220864e-06 -1.103545e-07 -8.678150e-07 8.491112e-05 8.253544e-04 -3.421602e-05 6.321590e-05
10322.000000 -2.906657e-05 -1.227232e-06 -1.097713e-07 -8.704137e-07 8.114457e-05 8.485232e-04 -2.952831e-05 6.559533e-05
10327.000000 -2.900484e-05 -1.230253e-06 -1.089689e-07 -8.719773e-07 8.545077e-05 8.530195e-04 -4.121171e-05 6.790833e-05
10332.000000 -2.888561e-05 -1.228481e-06 -1.078874e-07 -8.720870e-07 9.001639e-05 8.474657e-04 -4.508791e-05 6.786707e-05
10337.000000 -2.896509e-05 -1.235276e-06 -1.081066e-07 -8.768510e-07 9.681262e-05 8.468240e-04 -5.764734e-05 7.793140e-05
10341.000000 -2.891710e-05 -1.234035e-06 -1.086239e-07 -8.785714e-07 1.110110e-04 8.263278e-04 -5.561344e-05 6.338661e-05
10344.000000 -2.889387e-05 -1.237696e-06 -1.101182e-07 -8.812739e-07 1.094122e-04 8.154352e-04 -4.480306e-05 6.503862e-05
10346.000000 -2.887724e-05 -1.239070e-06 -1.112589e-07 -8.832596e-07 1.114572e-04 8.513986e-04 -5.194912e-05 6.446007e-05
10347.000000 -2.882624e-05 -1.233905e-06 -1.113444e-07 -8.833487e-07 1.093186e-04 8.749687e-04 -5.855874e-05 6.934717e-05
10347.200000 -2.880756e-05 -1.231129e-06 -1.111901e-07 -8.832133e-07 1.079524e-04 8.555030e-04 -5.938403e-05 6.960547e-05
10347.400000 -2.882503e-05 -1.236737e-06 -1.119086e-07 -8.839529e-07 1.114693e-04 8.512594e-04 -7.310886e-05 5.261273e-05
10347.600000 -2.885369e-05 -1.236527e-06 -1.120313e-07 -8.844340e-07 1.052832e-04 8.664569e-04 -5.755543e-05 5.398200e-05
10347.800000 -2.885064e-05 -1.238098e-06 -1.124372e-07 -8.850220e-07 1.147228e-04 8.694482e-04 -5.117125e-05 5.752949e-05
10348.000000 -2.884335e-05 -1.237454e-06 -1.126848e-07 -8.847348e-07 1.237873e-04 8.888123e-04 -4.731425e-05 6.463383e-05
10348.200000 -2.886790e-05 -1.241613e-06 -1.132691e-07 -8.856595e-07 1.269453e-04 8.961189e-04 -3.966929e-05 6.961635e-05
10348.400000 -2.886315e-05 -1.241600e-06 -1.131489e-07 -8.859063e-07 1.143606e-04 8.939787e-04 -6.099364e-05 6.508784e-05
10348.600000 -2.886683e-05 -1.242124e-06 -1.131499e-07 -8.860212e-07 1.109764e-04 8.810413e-04 -5.547494e-05 6.266245e-05
10348.800000 -2.887653e-05 -1.244044e-06 -1.133517e-07 -8.862417e-07 1.094656e-04 8.828724e-04 -4.742218e-05 5.618767e-05
10349.000000 -2.887298e-05 -1.245044e-06 -1.136716e-07 -8.863172e-07 1.116478e-04 8.995196e-04 -5.682448e-05 4.374350e-05
10349.200000 -2.885939e-05 -1.241178e-06 -1.137530e-07 -8.866329e-07 1.263756e-04 8.933334e-04 -5.077780e-05 4.210046e-05
10349.400000 -2.882850e-05 -1.237226e-06 -1.132963e-07 -8.859226e-07 1.278446e-04 8.966306e-04 -5.802480e-05 3.878699e-05
10349.600000 -2.885155e-05 -1.240538e-06 -1.136439e-07 -8.869043e-07 1.283854e-04 8.922664e-04 -6.035112e-05 4.357245e-05
10349.800000 -2.885030e-05 -1.243121e-06 -1.138643e-07 -8.875866e-07 1.185477e-04 8.885797e-04 -6.102515e-05 4.208642e-05
10350.000000 -2.884902e-05 -1.241104e-06 -1.136333e-07 -8.870171e-07 1.047193e-04 8.794382e-04 -6.353192e-05 4.638471e-05
10350.200000 -2.885784e-05 -1.244064e-06 -1.139196e-07 -8.876652e-07 9.845097e-05 8.527114e-04 -4.901838e-05 5.235009e-05
10350.400000 -2.884311e-05 -1.245134e-06 -1.141480e-07 -8.875230e-07 1.005004e-04 8.535966e-04 -5.439047e-05 4.643806e-05
10350.600000 -2.885628e-05 -1.245863e-06 -1.145030e-07 -8.884236e-07 1.115166e-04 8.829207e-04 -4.506621e-05 5.507573e-05
10350.800000 -2.885319e-05 -1.247268e-06 -1.149938e-07 -8.880843e-07 1.134469e-04 8.689024e-04 -6.534140e-05 5.119893e-05
10351.000000 -2.884189e-05 -1.242719e-06 -1.148368e-07 -8.883055e-07 1.085798e-04 8.732422e-04 -6.290625e-05 4.322326e-05
10351.200000 -2.885043e-05 -1.247344e-06 -1.153353e-07 -8.889385e-07 1.081740e-04 8.759472e-04 -5.518953e-05 4.393830e-05
10351.400000 -2.882244e-05 -1.242713e-06 -1.149272e-07 -8.887504e-07 1.165254e-04 8.503531e-04 -5.407180e-05 5.163071e-05
10351.600000 -2.878049e-05 -1.235782e-06 -1.141734e-07 -8.879115e-07 1.118974e-04 8.315899e-04 -5.089648e-05 4.929238e-05
10351.800000 -2.874589e-05 -1.235478e-06 -1.141740e-07 -8.874910e-07 1.107629e-04 8.203938e-04 -6.774993e-05 3.999607e-05
10352.000000 -2.877227e-05 -1.236921e-06 -1.146028e-07 -8.884938e-07 9.872578e-05 8.224156e-04 -6.973664e-05 4.252902e-05
10352.200000 -2.881340e-05 -1.243156e-06 -1.153660e-07 -8.895323e-07 9.826925e-05 8.380777e-04 -6.168460e-05 4.022407e-05
10352.400000 -2.882164e-05 -1.243174e-06 -1.155241e-07 -8.896942e-07 1.079006e-04 8.066145e-04 -5.531879e-05 5.047591e-05
10352.600000 -2.881657e-05 -1.243516e-06 -1.158540e-07 -8.896750e-07 1.089779e-04 8.081748e-04 -4.902741e-05 5.541245e-05
10352.800000 -2.879731e-05 -1.242602e-06 -1.157613e-07 -8.900120e-07 9.793609e-05 7.996010e-04 -5.503320e-05 4.916866e-05
10353.000000 -2.879592e-05 -1.240415e-06 -1.153453e-07 -8.903677e-07 1.048662e-04 8.296890e-04 -6.115980e-05 4.996340e-05
10353.200000 -2.879346e-05 -1.242017e-06 -1.152994e-07 -8.906502e-07 1.104254e-04 8.436832e-04 -6.234878e-05 4.397305e-05
10353.400000 -2.878614e-05 -1.242461e-06 -1.153713e-07 -8.905890e-07 1.141487e-04 8.480499e-04 -5.719490e-05 3.954516e-05
10353.600000 -2.876750e-05 -1.238818e-06 -1.150741e-07 -8.909365e-07 1.014655e-04 8.556620e-04 -5.951436e-05 5.050809e-05
10353.800000 -2.879982e-05 -1.244560e-06 -1.157710e-07 -8.917956e-07 1.123717e-04 8.338928e-04 -5.887492e-05 6.110575e-05
10354.000000 -2.879279e-05 -1.243228e-06 -1.157243e-07 -8.918475e-07 1.170562e-04 8.164551e-04 -6.829869e-05 5.434491e-05
10354.200000 -2.876261e-05 -1.236133e-06 -1.151207e-07 -8.917511e-07 1.088358e-04 8.248907e-04 -4.864249e-05 6.944588e-05
10354.400000 -2.877203e-05 -1.239999e-06 -1.153751e-07 -8.925173e-07 1.148467e-04 8.010498e-04 -6.434960e-05 6.961454e-05
10354.600000 -2.879409e-05 -1.244210e-06 -1.158616e-07 -8.930748e-07 1.125884e-04 7.865857e-04 -5.645476e-05 6.124008e-05
10354.800000 -2.878940e-05 -1.244261e-06 -1.160905e-07 -8.928964e-07 1.033110e-04 7.764289e-04 -6.764840e-05 4.467924e-05
10355.000000 -2.879156e-05 -1.245531e-06 -1.163699e-07 -8.940025e-07 1.015846e-04 7.711540e-04 -5.695166e-05 5.096169e-05
10355.200000 -2.879584e-05 -1.248150e-06 -1.165720e-07 -8.940772e-07 9.952095e-05 8.201299e-04 -4.957415e-05 5.437703e-05
10355.400000 -2.878450e-05 -1.244766e-06 -1.161896e-07 -8.941052e-07 1.035038e-04 8.289371e-04 -5.377677e-05 4.881423e-05
10355.600000 -2.876317e-05 -1.241908e-06 -1.159439e-07 -8.943798e-07 1.007819e-04 8.093628e-04 -4.211885e-05 5.863073e-05
10355.800000 -2.876448e-05 -1.242784e-06 -1.162041e-07 -8.944533e-07 1.048896e-04 8.072942e-04 -4.228351e-05 5.680829e-05
10356.000000 -2.876382e-05 -1.242169e-06 -1.163846e-07 -8.953088e-07 1.003441e-04 8.013221e-04 -5.505695e-05 5.802838e-05
10356.200000 -2.876057e-05 -1.243462e-06 -1.164554e-07 -8.955697e-07 9.582996e-05 7.994827e-04 -5.918625e-05 5.427795e-05
10356.400000 -2.875716e-05 -1.243612e-06 -1.165764e-07 -8.962948e-07 9.088623e-05 7.888203e-04 -5.782117e-05 5.350798e-05
10356.600000 -2.876497e-05 -1.244031e-06 -1.164843e-07 -8.966876e-07 8.994050e-05 7.795049e-04 -5.509929e-05 5.320220e-05
10356.800000 -2.877987e-05 -1.247965e-06 -1.166556e-07 -8.974592e-07 8.858250e-05 7.976314e-04 -5.495505e-05 4.621596e-05
10357.000000 -2.877478e-05 -1.246673e-06 -1.165645e-07 -8.977469e-07 8.939451e-05 8.031232e-04 -6.424472e-05 4.398811e-05
10357.200000 -2.875440e-05 -1.245327e-06 -1.163240e-07 -8.977320e-07 9.472074e-05 8.134517e-04 -4.960062e-05 6.137839e-05
10357.400000 -2.873778e-05 -1.243146e-06 -1.164875e-07 -8.984255e-07 9.929451e-05 8.288597e-04 -5.078113e-05 6.956685e-05
10357.600000 -2.872238e-05 -1.239220e-06 -1.161606e-07 -8.985049e-07 9.269257e-05 8.158130e-04 -4.208898e-05 7.406466e-05
10357.800000 -2.875273e-05 -1.244805e-06 -1.167756e-07 -8.991265e-07 9.181616e-05 8.259436e-04 -3.619032e-05 8.513428e-05
10358.000000 -2.871558e-05 -1.239099e-06 -1.161015e-07 -8.993875e-07 9.006569e-05 8.128052e-04 -4.016460e-05 8.817459e-05
10358.200000 -2.870279e-05 -1.237739e-06 -1.158546e-07 -8.998886e-07 9.331778e-05 7.951130e-04 -2.782612e-05 8.228527e-05
10358.400000 -2.870884e-05 -1.239364e-06 -1.157755e-07 -9.005570e-07 8.328341e-05 8.126532e-04 -5.134816e-05 6.920521e-05
10358.600000 -2.872684e-05 -1.243466e-06 -1.161820e-07 -9.014124e-07 8.093052e-05 7.959565e-04 -5.899393e-05 7.399461e-05
10358.800000 -2.871642e-05 -1.241008e-06 -1.161939e-07 -9.014049e-07 9.059936e-05 8.107797e-04 -5.360698e-05 7.728910e-05
10359.000000 -2.872066e-05 -1.244945e-06 -1.168479e-07 -9.025317e-07 8.941280e-05 8.208607e-04 -4.697459e-05 8.115175e-05
10359.200000 -2.873012e-05 -1.244020e-06 -1.168816e-07 -9.033894e-07 9.004807e-05 8.030820e-04 -4.731313e-05 7.502214e-05
10359.400000 -2.872738e-05 -1.244391e-06 -1.168135e-07 -9.042237e-07 9.052864e-05 8.066729e-04 -4.733935e-05 7.514583e-05
10359.600000 -2.872373e-05 -1.246414e-06 -1.168139e-07 -9.046097e-07 8.940757e-05 8.070758e-04 -5.115040e-05 7.763040e-05
10359.800000 -2.869348e-05 -1.237344e-06 -1.156184e-07 -9.049160e-07 7.736767e-05 8.151251e-04 -4.709138e-05 8.764329e-05
10360.000000 -2.868508e-05 -1.240223e-06 -1.161617e-07 -9.055693e-07 7.152567e-05 7.864821e-04 -4.373115e-05 9.487677e-05
10360.200000 -2.867712e-05 -1.236076e-06 -1.158304e-07 -9.059216e-07 8.451983e-05 8.064669e-04 -4.192925e-05 8.873140e-05
10360.400000 -2.867757e-05 -1.239512e-06 -1.163790e-07 -9.066513e-07 8.995938e-05 8.297387e-04 -3.495030e-05 8.850968e-05
10360.600000 -2.866490e-05 -1.236949e-06 -1.163493e-07 -9.076358e-07 9.296478e-05 8.300272e-04 -2.979949e-05 8.894017e-05
10360.800000 -2.862780e-05 -1.233369e-06 -1.159520e-07 -9.077871e-07 9.871198e-05 8.228566e-04 -2.800158e-05 8.958432e-05
10361.000000 -2.860405e-05 -1.231210e-06 -1.154756e-07 -9.078276e-07 1.057433e-04 8.154779e-04 -3.852250e-05 9.026128e-05
10361.200000 -2.862721e-05 -1.232379e-06 -1.152716e-07 -9.097249e-07 1.001098e-04 8.062866e-04 -4.548050e-05 9.114596e-05
10361.400000 -2.858148e-05 -1.226680e-06 -1.149618e-07 -9.094163e-07 9.260922e-05 8.245393e-04 -5.183274e-05 8.667689e-05
10361.600000 -2.863788e-05 -1.234044e-06 -1.157881e-07 -9.118329e-07 9.436169e-05 8.291074e-04 -5.788989e-05 8.797004e-05
10361.800000 -2.865614e-05 -1.235772e-06 -1.159414e-07 -9.134074e-07 1.007508e-04 8.387778e-04 -5.850338e-05 9.897840e-05
10362.000000 -2.868181e-05 -1.241774e-06 -1.166203e-07 -9.156136e-07 1.051554e-04 8.752210e-04 -4.300457e-05 1.040528e-04
10362.200000 -2.869972e-05 -1.243757e-06 -1.166989e-07 -9.171854e-07 9.246375e-05 8.571254e-04 -5.328557e-05 9.060053e-05
10362.400000 -2.868411e-05 -1.242008e-06 -1.162090e-07 -9.184222e-07 9.096238e-05 8.435365e-04 -5.853277e-05 8.008459e-05
10362.600000 -2.868218e-05 -1.242539e-06 -1.160740e-07 -9.198023e-07 8.225910e-05 8.260645e-04 -5.071115e-05 8.489472e-05
10362.800000 -2.869760e-05 -1.244410e-06 -1.164466e-07 -9.215881e-07 9.105135e-05 8.093439e-04 -4.694389e-05 9.299422e-05
10363.000000 -2.868710e-05 -1.243140e-06 -1.165121e-07 -9.228381e-07 8.954530e-05 8.087859e-04 -5.041213e-05 9.516976e-05
10363.200000 -2.867342e-05 -1.238908e-06 -1.160509e-07 -9.238944e-07 8.384578e-05 8.079387e-04 -5.634865e-05 1.045477e-04
10363.400000 -2.867169e-05 -1.240450e-06 -1.163698e-07 -9.254130e-07 9.051888e-05 8.287111e-04 -5.343547e-05 1.021100e-04
10363.600000 -2.862878e-05 -1.233011e-06 -1.155722e-07 -9.264106e-07 8.735066e-05 8.416127e-04 -6.001449e-05 9.371782e-05
10363.800000 -2.863894e-05 -1.232281e-06 -1.152625e-07 -9.282230e-07 8.932260e-05 8.411518e-04 -4.924203e-05 9.527136e-05
10364.000000 -2.867283e-05 -1.238360e-06 -1.158363e-07 -9.314118e-07 9.506473e-05 8.325643e-04 -3.941107e-05 8.441746e-05
10364.200000 -2.867500e-05 -1.238061e-06 -1.159645e-07 -9.335257e-07 9.703856e-05 8.233250e-04 -3.194574e-05 7.835860e-05
10364.400000 -2.865710e-05 -1.237136e-06 -1.159114e-07 -9.357581e-07 8.818475e-05 7.969795e-04 -4.143160e-05 8.038989e-05
10364.600000 -2.863144e-05 -1.232039e-06 -1.152755e-07 -9.374633e-07 8.712863e-05 8.052096e-04 -4.119692e-05 7.931114e-05
10364.800000 -2.861202e-05 -1.228549e-06 -1.150731e-07 -9.391536e-07 8.906657e-05 7.862178e-04 -3.395840e-05 7.694209e-05
10365.000000 -2.859554e-05 -1.227118e-06 -1.149372e-07 -9.412884e-07 1.033537e-04 7.746292e-04 -2.806163e-05 8.671378e-05
10365.200000 -2.858229e-05 -1.225671e-06 -1.147093e-07 -9.440291e-07 9.687462e-05 7.863688e-04 -3.370773e-05 8.552878e-05
10365.400000 -2.860726e-05 -1.227005e-06 -1.147723e-07 -9.474919e-07 9.669785e-05 7.775481e-04 -3.675175e-05 8.888104e-05
10365.600000 -2.864631e-05 -1.234013e-06 -1.153075e-07 -9.516113e-07 9.841395e-05 7.776650e-04 -3.902512e-05 9.297295e-05
10365.800000 -2.865545e-05 -1.232677e-06 -1.151215e-07 -9.552225e-07 8.577120e-05 7.952895e-04 -4.637465e-05 9.467059e-05
10366.000000 -2.865413e-05 -1.231375e-06 -1.149474e-07 -9.591459e-07 8.267059e-05 7.942511e-04 -4.127324e-05 9.287432e-05
10366.200000 -2.863911e-05 -1.227987e-06 -1.145226e-07 -9.624869e-07 7.977029e-05 7.744594e-04 -3.359017e-05 7.802300e-05
10366.400000 -2.863586e-05 -1.227486e-06 -1.147458e-07 -9.668867e-07 8.227300e-05 7.806230e-04 -2.706990e-05 7.973882e-05
10366.600000 -2.862686e-05 -1.226398e-06 -1.147175e-07 -9.714700e-07 9.698093e-05 7.869452e-04 -3.821002e-05 8.800097e-05
10366.800000 -2.863907e-05 -1.225800e-06 -1.149465e-07 -9.770704e-07 9.711683e-05 7.742500e-04 -2.901733e-05 8.840365e-05
10367.000000 -2.864288e-05 -1.226709e-06 -1.150597e-07 -9.832266e-07 8.734620e-05 7.681923e-04 -4.506123e-05 7.970648e-05
10367.200000 -2.865345e-05 -1.224569e-06 -1.147151e-07 -9.897050e-07 8.707463e-05 7.875993e-04 -4.731719e-05 8.462473e-05
10367.400000 -2.864636e-05 -1.222530e-06 -1.143464e-07 -9.972208e-07 7.770649e-05 7.975213e-04 -4.734325e-05 9.164643e-05
10367.600000 -2.862573e-05 -1.219106e-06 -1.139973e-07 -1.004995e-06 8.015695e-05 7.992216e-04 -3.614632e-05 9.587596e-05
10367.800000 -2.862927e-05 -1.214566e-06 -1.134704e-07 -1.014671e-06 8.416702e-05 7.820991e-04 -4.519227e-05 8.632126e-05
10368.000000 -2.862266e-05 -1.212208e-06 -1.133034e-07 -1.024605e-06 8.482453e-05 8.015353e-04 -5.719085e-05 8.946788e-05
10368.200000 -2.863142e-05 -1.207411e-06 -1.132023e-07 -1.036700e-06 8.329238e-05 8.009375e-04 -5.865846e-05 7.147228e-05
10368.400000 -2.864395e-05 -1.207116e-06 -1.132893e-07 -1.050827e-06 8.586239e-05 8.244078e-04 -4.908260e-05 7.028072e-05
10368.600000 -2.863173e-05 -1.200460e-06 -1.126741e-07 -1.065569e-06 8.508506e-05 8.204095e-04 -3.492744e-05 7.966779e-05
10368.800000 -2.864831e-05 -1.197947e-06 -1.123329e-07 -1.082629e-06 8.463969e-05 8.093367e-04 -3.610824e-05 8.391339e-05
10369.000000 -2.864921e-05 -1.192807e-06 -1.117556e-07 -1.100520e-06 9.488091e-05 8.013656e-04 -3.054714e-05 9.996664e-05
10369.200000 -2.864090e-05 -1.187130e-06 -1.109449e-07 -1.120916e-06 9.779847e-05 8.063237e-04 -3.941736e-05 9.000661e-05
10369.400000 -2.863173e-05 -1.177594e-06 -1.103085e-07 -1.142911e-06 9.097452e-05 8.219955e-04 -4.263578e-05 8.741063e-05
10369.600000 -2.863318e-05 -1.171755e-06 -1.098124e-07 -1.166906e-06 9.032939e-05 8.248248e-04 -3.721962e-05 8.610665e-05
10369.800000 -2.863426e-05 -1.162464e-06 -1.091213e-07 -1.193826e-06 8.741481e-05 8.317807e-04 -5.190920e-05 8.753059e-05
10370.000000 -2.860337e-05 -1.148262e-06 -1.078671e-07 -1.221448e-06 8.380925e-05 8.270762e-04 -4.078276e-05 8.417572e-05
10370.200000 -2.858278e-05 -1.136582e-06 -1.068285e-07 -1.253055e-06 8.385780e-05 8.007182e-04 -3.475143e-05 8.980828e-05
10370.400000 -2.853061e-05 -1.118849e-06 -1.049808e-07 -1.286265e-06 8.906177e-05 7.928468e-04 -4.757899e-05 8.619314e-05
10370.600000 -2.855113e-05 -1.111355e-06 -1.042955e-07 -1.323368e-06 9.348773e-05 8.025616e-04 -4.447028e-05 8.883533e-05
10370.800000 -2.862080e-05 -1.109135e-06 -1.040870e-07 -1.366044e-06 8.269232e-05 7.989947e-04 -5.125833e-05 8.820347e-05
10371.000000 -2.860378e-05 -1.094795e-06 -1.027589e-07 -1.407267e-06 8.763081e-05 8.085758e-04 -5.603412e-05 8.011093e-05
10371.200000 -2.857559e-05 -1.080213e-06 -1.015568e-07 -1.451019e-06 9.159693e-05 8.191652e-04 -4.519521e-05 8.424938e-05
10371.400000 -2.853536e-05 -1.060993e-06 -9.960785e-08 -1.496057e-06 9.439588e-05 8.523785e-04 -5.158658e-05 9.771342e-05
10371.600000 -2.847553e-05 -1.040949e-06 -9.800010e-08 -1.538481e-06 9.588876e-05 8.460364e-04 -3.919957e-05 9.492882e-05
10371.800000 -2.845133e-05 -1.026794e-06 -9.650992e-08 -1.582272e-06 8.259185e-05 8.223551e-04 -3.238727e-05 9.568522e-05
10372.000000 -2.844281e-05 -1.012917e-06 -9.541055e-08 -1.624659e-06 9.396647e-05 8.175455e-04 -3.316038e-05 1.022471e-04
10372.200000 -2.844120e-05 -1.001320e-06 -9.458969e-08 -1.665463e-06 9.199221e-05 8.113364e-04 -3.727426e-05 9.420652e-05
10372.400000 -2.845762e-05 -9.910686e-07 -9.373251e-08 -1.704495e-06 9.107048e-05 8.218449e-04 -4.462805e-05 8.245340e-05
10372.600000 -2.849963e-05 -9.866830e-07 -9.322924e-08 -1.741194e-06 9.203577e-05 8.219805e-04 -5.560272e-05 8.134682e-05
10372.800000 -2.848905e-05 -9.755895e-07 -9.219409e-08 -1.771619e-06 9.769361e-05 8.246735e-04 -5.482929e-05 8.774998e-05
10373.000000 -2.846086e-05 -9.633545e-07 -9.088987e-08 -1.797747e-06 9.115783e-05 8.482024e-04 -4.687284e-05 9.460288e-05
10373.200000 -2.844677e-05 -9.582311e-07 -9.057586e-08 -1.822196e-06 9.496052e-05 8.601157e-04 -4.514972e-05 9.504227e-05
10373.400000 -2.848379e-05 -9.548541e-07 -9.014774e-08 -1.842616e-06 8.821700e-05 8.337468e-04 -4.582173e-05 9.254690e-05
10373.600000 -2.851128e-05 -9.543991e-07 -9.025362e-08 -1.860580e-06 9.665209e-05 8.164101e-04 -3.096720e-05 9.495433e-05
10373.800000 -2.854416e-05 -9.534433e-07 -9.000058e-08 -1.876504e-06 9.027609e-05 8.145274e-04 -2.822239e-05 1.019203e-04
10374.000000 -2.855459e-05 -9.520031e-07 -8.988347e-08 -1.889380e-06 8.677853e-05 8.321813e-04 -2.948228e-05 9.762287e-05
10374.200000 -2.858239e-05 -9.500625e-07 -8.958543e-08 -1.900798e-06 8.959937e-05 8.528374e-04 -4.028943e-05 9.692463e-05
10374.400000 -2.858405e-05 -9.457262e-07 -8.903483e-08 -1.909141e-06 8.322137e-05 8.436042e-04 -4.292368e-05 9.279211e-05
10374.600000 -2.860914e-05 -9.457805e-07 -8.903738e-08 -1.918021e-06 8.837332e-05 8.491289e-04 -2.933510e-05 9.975495e-05
10374.800000 -2.861662e-05 -9.433069e-07 -8.863138e-08 -1.925294e-06 8.867350e-05 8.340309e-04 -3.579917e-05 9.846470e-05
10375.000000 -2.860527e-05 -9.403220e-07 -8.827362e-08 -1.931550e-06 8.215801e-05 8.247849e-04 -3.222639e-05 8.067855e-05
10375.200000 -2.860794e-05 -9.386809e-07 -8.822941e-08 -1.937845e-06 9.095144e-05 8.309818e-04 -3.323880e-05 7.686532e-05
10375.400000 -2.861540e-05 -9.383621e-07 -8.816309e-08 -1.943500e-06 9.278332e-05 8.360159e-04 -2.980696e-05 7.755930e-05
10375.600000 -2.862945e-05 -9.384068e-07 -8.824305e-08 -1.950501e-06 9.799880e-05 8.500116e-04 -4.063463e-05 7.803151e-05
10375.800000 -2.861440e-05 -9.380168e-07 -8.816761e-08 -1.955592e-06 9.651211e-05 8.488163e-04 -4.453760e-05 8.037349e-05
10376.000000 -2.858220e-05 -9.306456e-07 -8.722322e-08 -1.958521e-06 9.773505e-05 8.349905e-04 -3.944100e-05 8.651415e-05
10376.200000 -2.858026e-05 -9.296972e-07 -8.743165e-08 -1.961483e-06 9.287174e-05 8.297919e-04 -3.181363e-05 9.532739e-05
10376.400000 -2.860130e-05 -9.300215e-07 -8.761127e-08 -1.965236e-06 1.000657e-04 8.086615e-04 -4.154600e-05 9.073817e-05
10376.600000 -2.860478e-05 -9.317828e-07 -8.782338e-08 -1.967530e-06 9.676437e-05 8.196327e-04 -3.213584e-05 8.315068e-05
10376.800000 -2.860870e-05 -9.337532e-07 -8.803150e-08 -1.968149e-06 1.025454e-04 8.307296e-04 -2.731702e-05 8.563755e-05
10377.000000 -2.861587e-05 -9.331040e-07 -8.805723e-08 -1.965246e-06 1.031704e-04 8.357907e-04 -2.659537e-05 8.969015e-05
10377.200000 -2.860889e-05 -9.354823e-07 -8.805147e-08 -1.960045e-06 1.003867e-04 8.495921e-04 -3.046954e-05 9.084711e-05
10377.400000 -2.861161e-05 -9.365723e-07 -8.802292e-08 -1.953830e-06 9.283828e-05 8.335118e-04 -3.954566e-05 8.506904e-05
10377.600000 -2.859994e-05 -9.390755e-07 -8.827829e-08 -1.944405e-06 9.651205e-05 8.452720e-04 -4.568670e-05 8.410265e-05
10377.800000 -2.858817e-05 -9.417701e-07 -8.837556e-08 -1.934480e-06 1.055890e-04 8.502150e-04 -4.185238e-05 9.117224e-05
10378.000000 -2.856224e-05 -9.411787e-07 -8.825644e-08 -1.920652e-06 1.001059e-04 8.433071e-04 -3.616866e-05 9.265567e-05
10378.200000 -2.856534e-05 -9.459174e-07 -8.868544e-08 -1.907259e-06 9.701077e-05 8.398087e-04 -4.212507e-05 8.399803e-05
10378.400000 -2.856170e-05 -9.511547e-07 -8.914973e-08 -1.893176e-06 9.366410e-05 8.322407e-04 -3.700467e-05 8.422405e-05
10378.600000 -2.852774e-05 -9.495405e-07 -8.890436e-08 -1.875731e-06 9.233457e-05 8.520952e-04 -4.071665e-05 8.646585e-05
10378.800000 -2.853210e-05 -9.580089e-07 -8.993744e-08 -1.861417e-06 9.840367e-05 8.886294e-04 -4.272184e-05 8.690929e-05
10379.000000 -2.858803e-05 -9.664530e-07 -9.094497e-08 -1.847710e-06 1.012700e-04 8.802802e-04 -3.953625e-05 9.001215e-05
10379.200000 -2.860446e-05 -9.737762e-07 -9.173969e-08 -1.832889e-06 1.008073e-04 8.853630e-04 -5.943254e-05 9.212185e-05
10379.400000 -2.859475e-05 -9.755575e-07 -9.179772e-08 -1.816895e-06 9.902847e-05 8.697245e-04 -5.066496e-05 9.215232e-05
10379.600000 -2.860235e-05 -9.833255e-07 -9.254784e-08 -1.804571e-06 1.014377e-04 8.610784e-04 -3.304549e-05 9.164449e-05
10379.800000 -2.860784e-05 -9.868198e-07 -9.263805e-08 -1.789909e-06 1.070810e-04 8.563729e-04 -4.094525e-05 7.916462e-05
10380.000000 -2.861034e-05 -9.923505e-07 -9.321284e-08 -1.777280e-06 1.033567e-04 8.648396e-04 -3.684540e-05 7.968023e-05
10380.200000 -2.859060e-05 -9.934012e-07 -9.331409e-08 -1.764550e-06 9.622216e-05 8.484125e-04 -4.752565e-05 7.286325e-05
10380.400000 -2.857410e-05 -9.947953e-07 -9.341231e-08 -1.753114e-06 9.634735e-05 8.764208e-04 -4.247900e-05 7.479703e-05
10380.600000 -2.854110e-05 -9.919524e-07 -9.313677e-08 -1.740913e-06 1.017984e-04 8.650225e-04 -3.872198e-05 7.365641e-05
10380.800000 -2.855244e-05 -9.958636e-07 -9.335142e-08 -1.732173e-06 9.847730e-05 8.885377e-04 -3.966219e-05 7.552687e-05
10381.000000 -2.857633e-05 -1.004512e-06 -9.447184e-08 -1.724207e-06 1.024584e-04 8.813381e-04 -3.566963e-05 7.863994e-05
10381.200000 -2.857419e-05 -1.005244e-06 -9.433109e-08 -1.715548e-06 9.342169e-05 8.944923e-04 -4.970775e-05 7.864263e-05
10381.400000 -2.858380e-05 -1.010048e-06 -9.454550e-08 -1.708300e-06 8.997353e-05 8.654308e-04 -5.146895e-05 7.990127e-05
10381.600000 -2.857849e-05 -1.010724e-06 -9.493973e-08 -1.701059e-06 9.412230e-05 8.618832e-04 -5.946613e-05 5.784015e-05
10381.800000 -2.855812e-05 -1.009931e-06 -9.471180e-08 -1.692869e-06 9.269084e-05 8.733892e-04 -6.509671e-05 6.159285e-05
10382.000000 -2.855158e-05 -1.009852e-06 -9.447173e-08 -1.685881e-06 8.575111e-05 8.859455e-04 -6.968611e-05 6.507752e-05
10382.200000 -2.857356e-05 -1.018229e-06 -9.531494e-08 -1.680814e-06 8.862770e-05 9.086758e-04 -4.842461e-05 7.011977e-05
10382.400000 -2.856119e-05 -1.017050e-06 -9.515304e-08 -1.673561e-06 8.392792e-05 9.062251e-04 -4.544546e-05 6.695314e-05
10382.600000 -2.858819e-05 -1.023445e-06 -9.578514e-08 -1.668012e-06 7.831694e-05 8.902983e-04 -3.539500e-05 6.914472e-05
10382.800000 -2.857217e-05 -1.024876e-06 -9.591141e-08 -1.661080e-06 7.899500e-05 8.787177e-04 -2.990724e-05 8.006789e-05
10383.000000 -2.854680e-05 -1.020816e-06 -9.568365e-08 -1.653996e-06 8.042175e-05 8.693226e-04 -2.930059e-05 8.802831e-05
10383.200000 -2.854370e-05 -1.025610e-06 -9.625469e-08 -1.647914e-06 8.410340e-05 8.476482e-04 -1.968644e-05 8.975659e-05
10383.400000 -2.853975e-05 -1.024208e-06 -9.597044e-08 -1.641483e-06 8.366791e-05 8.589006e-04 -2.508215e-05 8.739831e-05
10383.600000 -2.853462e-05 -1.025700e-06 -9.611569e-08 -1.634495e-06 8.582775e-05 8.745033e-04 -2.678128e-05 8.753975e-05
10383.800000 -2.857471e-05 -1.033418e-06 -9.673897e-08 -1.630856e-06 8.913018e-05 8.619522e-04 -2.503128e-05 8.802163e-05
10384.000000 -2.858820e-05 -1.036161e-06 -9.680869e-08 -1.625359e-06 8.204096e-05 8.624716e-04 -3.820743e-05 7.319933e-05
10384.200000 -2.860132e-05 -1.040216e-06 -9.708416e-08 -1.620231e-06 7.589832e-05 8.891295e-04 -3.264574e-05 7.531179e-05
10384.400000 -2.858485e-05 -1.039724e-06 -9.727701e-08 -1.614982e-06 7.533843e-05 8.802603e-04 -3.988215e-05 7.763182e-05
10384.600000 -2.852412e-05 -1.034596e-06 -9.694244e-08 -1.607945e-06 7.919564e-05 8.959415e-04 -4.276627e-05 7.972216e-05
10384.800000 -2.851256e-05 -1.034590e-06 -9.711597e-08 -1.602565e-06 7.064124e-05 8.909448e-04 -3.388145e-05 6.277223e-05
10385.000000 -2.853554e-05 -1.039707e-06 -9.754619e-08 -1.598115e-06 7.978507e-05 9.067699e-04 -4.096812e-05 6.595939e-05
10385.200000 -2.857377e-05 -1.044923e-06 -9.802511e-08 -1.595209e-06 7.964255e-05 9.041775e-04 -4.959841e-05 6.353722e-05
10385.400000 -2.857198e-05 -1.048523e-06 -9.817119e-08 -1.590663e-06 9.149374e-05 8.773347e-04 -5.519394e-05 6.103932e-05
10385.600000 -2.856320e-05 -1.047318e-06 -9.795448e-08 -1.585760e-06 9.358441e-05 8.614352e-04 -4.553271e-05 7.145218e-05
10385.800000 -2.855426e-05 -1.047838e-06 -9.804279e-08 -1.582447e-06 9.270739e-05 8.704077e-04 -4.520235e-05 7.945555e-05
10386.000000 -2.851721e-05 -1.044698e-06 -9.743275e-08 -1.577638e-06 9.126941e-05 8.596354e-04 -5.075742e-05 7.638885e-05
10386.200000 -2.849650e-05 -1.040725e-06 -9.689988e-08 -1.573061e-06 9.251192e-05 8.585204e-04 -5.826508e-05 7.546762e-05
10386.400000 -2.850917e-05 -1.046365e-06 -9.725538e-08 -1.570616e-06 9.202098e-05 8.487617e-04 -4.551464e-05 7.570643e-05
10386.600000 -2.855980e-05 -1.054530e-06 -9.803173e-08 -1.569843e-06 9.390349e-05 8.224746e-04 -4.685653e-05 7.802477e-05
10386.800000 -2.856465e-05 -1.056135e-06 -9.794105e-08 -1.567159e-06 9.319560e-05 8.347154e-04 -5.001693e-05 8.266069e-05
10387.000000 -2.855048e-05 -1.054595e-06 -9.793541e-08 -1.564292e-06 9.174501e-05 8.596469e-04 -4.930535e-05 8.860667e-05
10387.200000 -2.854262e-05 -1.054813e-06 -9.806367e-08 -1.562629e-06 8.962491e-05 8.626333e-04 -5.426644e-05 8.347083e-05
10387.400000 -2.854391e-05 -1.056502e-06 -9.808540e-08 -1.561163e-06 8.954977e-05 8.635745e-04 -4.343024e-05 8.951405e-05
10387.600000 -2.851587e-05 -1.052851e-06 -9.764315e-08 -1.558670e-06 9.033007e-05 8.669598e-04 -2.918750e-05 8.956213e-05
10387.800000 -2.849202e-05 -1.052110e-06 -9.725992e-08 -1.557070e-06 8.943987e-05 8.702827e-04 -3.603230e-05 9.061408e-05
10388.000000 -2.849585e-05 -1.052438e-06 -9.706661e-08 -1.555728e-06 8.754835e-05 8.759000e-04 -3.245068e-05 9.444087e-05
10388.200000 -2.848905e-05 -1.052472e-06 -9.708506e-08 -1.554912e-06 8.263929e-05 8.747451e-04 -3.665536e-05 9.206868e-05
10388.400000 -2.850656e-05 -1.056342e-06 -9.752629e-08 -1.554151e-06 8.782132e-05 8.848469e-04 -4.423921e-05 8.125290e-05
10388.600000 -2.850481e-05 -1.055751e-06 -9.739732e-08 -1.554253e-06 9.459338e-05 8.813113e-04 -3.781755e-05 9.070862e-05
10388.800000 -2.852195e-05 -1.059738e-06 -9.780313e-08 -1.554381e-06 9.661501e-05 8.688133e-04 -3.645307e-05 8.958322e-05
10389.000000 -2.853187e-05 -1.059298e-06 -9.766084e-08 -1.554035e-06 9.587638e-05 8.717427e-04 -3.129141e-05 8.677301e-05
10389.200000 -2.850204e-05 -1.057650e-06 -9.743880e-08 -1.552962e-06 9.205356e-05 8.541229e-04 -5.179453e-05 7.727714e-05
10389.400000 -2.851166e-05 -1.059701e-06 -9.762337e-08 -1.553273e-06 9.624057e-05 8.453563e-04 -3.620598e-05 8.786926e-05
10389.600000 -2.853179e-05 -1.058705e-06 -9.742732e-08 -1.552911e-06 9.470002e-05 8.417467e-04 -3.631503e-05 8.206111e-05
10389.800000 -2.851280e-05 -1.058771e-06 -9.725867e-08 -1.552975e-06 9.087543e-05 8.497710e-04 -3.883105e-05 7.108466e-05
10390.000000 -2.848258e-05 -1.053811e-06 -9.677079e-08 -1.551046e-06 8.911495e-05 8.390866e-04 -3.847003e-05 7.080209e-05
10390.200000 -2.844998e-05 -1.051202e-06 -9.650769e-08 -1.549879e-06 8.145793e-05 8.281398e-04 -3.414330e-05 7.582200e-05
10390.400000 -2.843674e-05 -1.050710e-06 -9.637394e-08 -1.549162e-06 7.962412e-05 8.380540e-04 -3.488303e-05 7.148189e-05
10390.600000 -2.849182e-05 -1.056716e-06 -9.632345e-08 -1.550684e-06 8.795866e-05 8.204808e-04 -4.024073e-05 6.848009e-05
10390.800000 -2.851677e-05 -1.058688e-06 -9.620986e-08 -1.551355e-06 8.799643e-05 8.069295e-04 -4.821982e-05 7.461185e-05
10391.000000 -2.853804e-05 -1.063421e-06 -9.672988e-08 -1.552568e-06 9.106244e-05 8.099540e-04 -5.044989e-05 8.385759e-05
10391.200000 -2.853734e-05 -1.062290e-06 -9.652959e-08 -1.552351e-06 8.972840e-05 8.213433e-04 -3.935325e-05 8.437054e-05
10391.400000 -2.854573e-05 -1.064889e-06 -9.674743e-08 -1.552985e-06 9.493108e-05 8.262624e-04 -3.355903e-05 8.250616e-05
10391.600000 -2.853866e-05 -1.064453e-06 -9.645142e-08 -1.552881e-06 1.077370e-04 8.261489e-04 -3.180086e-05 8.608180e-05
10391.800000 -2.854275e-05 -1.065656e-06 -9.648744e-08 -1.552978e-06 1.018614e-04 8.223655e-04 -4.548254e-05 7.690822e-05
10392.000000 -2.853218e-05 -1.064743e-06 -9.638514e-08 -1.552339e-06 8.991473e-05 8.363233e-04 -5.127877e-05 6.938791e-05
10392.200000 -2.854184e-05 -1.065544e-06 -9.637975e-08 -1.553051e-06 9.370779e-05 8.281124e-04 -4.292270e-05 8.489934e-05
10392.400000 -2.852863e-05 -1.064941e-06 -9.612023e-08 -1.553100e-06 9.936309e-05 8.242836e-04 -5.117272e-05 7.729869e-05
10392.600000 -2.849969e-05 -1.061680e-06 -9.566074e-08 -1.552419e-06 1.028126e-04 8.287906e-04 -5.233371e-05 8.650297e-05
10392.800000 -2.847766e-05 -1.058113e-06 -9.516181e-08 -1.552091e-06 9.477273e-05 8.127146e-04 -4.441013e-05 8.089667e-05
10393.000000 -2.846209e-05 -1.057974e-06 -9.510281e-08 -1.551978e-06 9.550442e-05 7.864576e-04 -5.225146e-05 7.668302e-05
10393.200000 -2.845912e-05 -1.056865e-06 -9.461750e-08 -1.552354e-06 9.332515e-05 7.870674e-04 -5.231898e-05 8.624651e-05
10393.400000 -2.843294e-05 -1.056131e-06 -9.448460e-08 -1.551429e-06 1.037151e-04 7.750264e-04 -4.586025e-05 9.251837e-05
10393.600000 -2.837825e-05 -1.050366e-06 -9.410625e-08 -1.548714e-06 9.760427e-05 7.619335e-04 -3.454491e-05 9.958392e-05
10393.800000 -2.834506e-05 -1.046741e-06 -9.388014e-08 -1.547089e-06 9.251489e-05 7.666527e-04 -5.987985e-05 9.395735e-05
10394.000000 -2.837450e-05 -1.050372e-06 -9.422323e-08 -1.550422e-06 9.247487e-05 7.718221e-04 -6.305008e-05 1.007595e-04
10394.200000 -2.834214e-05 -1.048038e-06 -9.408694e-08 -1.549782e-06 9.163025e-05 7.546492e-04 -5.197004e-05 9.689166e-05
10394.400000 -2.833789e-05 -1.046947e-06 -9.388342e-08 -1.550148e-06 9.346234e-05 7.587116e-04 -3.513993e-05 9.714151e-05
10394.600000 -2.837325e-05 -1.048326e-06 -9.356289e-08 -1.552944e-06 9.388373e-05 7.804898e-04 -3.092864e-05 1.035794e-04
10394.800000 -2.848487e-05 -1.063775e-06 -9.463379e-08 -1.558390e-06 1.000394e-04 7.806245e-04 -3.268095e-05 8.784733e-05
10395.000000 -2.850097e-05 -1.069150e-06 -9.512255e-08 -1.559895e-06 9.855047e-05 7.820316e-04 -3.773847e-05 7.962614e-05
10395.200000 -2.845710e-05 -1.060101e-06 -9.406000e-08 -1.557986e-06 9.454315e-05 7.966387e-04 -3.659198e-05 8.749854e-05
10395.400000 -2.847990e-05 -1.063435e-06 -9.404151e-08 -1.558916e-06 8.397728e-05 8.081189e-04 -3.606765e-05 9.697670e-05
10395.600000 -2.849358e-05 -1.067688e-06 -9.439734e-08 -1.559847e-06 8.795747e-05 7.962771e-04 -4.705477e-05 9.478458e-05
10395.800000 -2.850737e-05 -1.070683e-06 -9.467552e-08 -1.559950e-06 9.738027e-05 8.037162e-04 -4.261228e-05 1.067456e-04
10396.000000 -2.850288e-05 -1.069962e-06 -9.446612e-08 -1.559152e-06 9.284853e-05 8.208883e-04 -3.839482e-05 1.004894e-04
10396.200000 -2.849982e-05 -1.070273e-06 -9.442593e-08 -1.558700e-06 8.910987e-05 8.059414e-04 -4.228492e-05 9.076628e-05
10396.400000 -2.850150e-05 -1.071125e-06 -9.468933e-08 -1.557551e-06 9.005497e-05 7.885142e-04 -2.925297e-05 8.418484e-05
10396.600000 -2.850041e-05 -1.071128e-06 -9.464943e-08 -1.555972e-06 9.672258e-05 7.789496e-04 -4.312768e-05 8.374591e-05
10396.800000 -2.848727e-05 -1.070603e-06 -9.453750e-08 -1.554365e-06 1.004335e-04 7.789671e-04 -4.826063e-05 9.414680e-05
10397.000000 -2.848558e-05 -1.071511e-06 -9.442644e-08 -1.552445e-06 9.847456e-05 7.851245e-04 -5.199782e-05 8.865740e-05
10397.227860 -2.849929e-05 -1.073847e-06 -9.456417e-08 -1.550656e-06 8.267757e-05 7.822200e-04 -5.832981e-05 8.530354e-05
10397.483581 -2.850649e-05 -1.075323e-06 -9.436266e-08 -1.548105e-06 8.921693e-05 7.987663e-04 -5.346772e-05 7.546694e-05
10397.767162 -2.851171e-05 -1.078630e-06 -9.466723e-08 -1.544025e-06 9.301597e-05 8.213163e-04 -4.752023e-05 6.854162e-05
10398.078604 -2.850576e-05 -1.079095e-06 -9.451329e-08 -1.538659e-06 9.124267e-05 8.213604e-04 -4.805444e-05 6.662070e-05
10398.417905 -2.850293e-05 -1.080904e-06 -9.448440e-08 -1.532845e-06 8.978568e-05 8.256722e-04 -3.839412e-05 6.618496e-05
10398.785067 -2.849781e-05 -1.081827e-06 -9.422917e-08 -1.525762e-06 9.082373e-05 8.111433e-04 -2.992973e-05 6.946969e-05
10399.180090 -2.847610e-05 -1.082967e-06 -9.432948e-08 -1.517627e-06 8.661051e-05 8.200162e-04 -3.681945e-05 5.368673e-05
10399.602973 -2.846487e-05 -1.083510e-06 -9.427397e-08 -1.509220e-06 7.527895e-05 8.386896e-04 -3.349003e-05 5.156379e-05
10400.053716 -2.842354e-05 -1.080740e-06 -9.403076e-08 -1.499131e-06 8.798849e-05 8.258499e-04 -2.641586e-05 6.352293e-05
10400.532319 -2.844009e-05 -1.085542e-06 -9.459467e-08 -1.490987e-06 8.587025e-05 8.329101e-04 -3.603841e-05 6.263022e-05
10401.038783 -2.840403e-05 -1.084609e-06 -9.470388e-08 -1.481384e-06 8.541693e-05 8.380708e-04 -3.354370e-05 6.547215e-05
10401.573107 -2.840196e-05 -1.086215e-06 -9.456047e-08 -1.474000e-06 9.304904e-05 8.446720e-04 -4.358045e-05 6.563243e-05
10402.135292 -2.844595e-05 -1.095883e-06 -9.532559e-08 -1.468772e-06 8.998059e-05 8.464489e-04 -3.794256e-05 6.730151e-05
10402.725337 -2.845182e-05 -1.100410e-06 -9.606000e-08 -1.463818e-06 9.889909e-05 8.631449e-04 -3.286239e-05 6.255227e-05
10403.343242 -2.845099e-05 -1.103795e-06 -9.639380e-08 -1.460408e-06 1.087044e-04 8.735388e-04 -4.288783e-05 5.770072e-05
10403.989008 -2.844366e-05 -1.104051e-06 -9.661302e-08 -1.458447e-06 1.209850e-04 8.739108e-04 -3.373930e-05 6.034794e-05
10404.662634 -2.840038e-05 -1.099560e-06 -9.668330e-08 -1.457142e-06 1.124592e-04 8.543291e-04 -3.039193e-05 6.017029e-05
10405.364120 -2.835093e-05 -1.093276e-06 -9.635758e-08 -1.456611e-06 1.033031e-04 8.623412e-04 -3.149163e-05 5.968656e-05
10406.093467 -2.835918e-05 -1.094667e-06 -9.705716e-08 -1.459251e-06 1.040934e-04 8.868392e-04 -3.425121e-05 6.901971e-05
10406.850674 -2.835065e-05 -1.093404e-06 -9.793808e-08 -1.462129e-06 1.053466e-04 9.018794e-04 -4.595552e-05 6.412695e-05
10407.635741 -2.839649e-05 -1.099890e-06 -9.920670e-08 -1.467643e-06 1.027436e-04 9.083660e-04 -4.966948e-05 6.216009e-05
10408.448669 -2.835170e-05 -1.093804e-06 -9.939992e-08 -1.470454e-06 9.976791e-05 9.193230e-04 -4.357851e-05 7.217803e-05
10409.289457 -2.828966e-05 -1.084226e-06 -9.919534e-08 -1.472973e-06 9.975489e-05 9.346358e-04 -4.874325e-05 7.063163e-05
10410.158106 -2.834329e-05 -1.091989e-06 -1.007720e-07 -1.480972e-06 9.375587e-05 9.123530e-04 -4.645096e-05 7.162986e-05
10411.054614 -2.833859e-05 -1.091463e-06 -1.017619e-07 -1.487966e-06 1.036393e-04 8.815563e-04 -3.649338e-05 6.725899e-05
10411.978983 -2.831502e-05 -1.087184e-06 -1.023110e-07 -1.496559e-06 1.046853e-04 8.725414e-04 -4.268908e-05 7.417189e-05
10412.931213 -2.833208e-05 -1.088381e-06 -1.032164e-07 -1.507670e-06 9.921641e-05 8.669688e-04 -4.567165e-05 8.262370e-05
10413.911303 -2.831814e-05 -1.084649e-06 -1.034922e-07 -1.519700e-06 8.664686e-05 8.632583e-04 -5.298596e-05 7.540493e-05
10414.919253 -2.831615e-05 -1.082219e-06 -1.044555e-07 -1.533462e-06 9.010661e-05 8.625722e-04 -4.332004e-05 8.308950e-05
10415.955064 -2.830917e-05 -1.079058e-06 -1.042513e-07 -1.546455e-06 9.465449e-05 8.632144e-04 -4.150067e-05 8.312808e-05
10417.018734 -2.830695e-05 -1.076504e-06 -1.045094e-07 -1.558676e-06 9.877339e-05 8.377344e-04 -4.473909e-05 7.922859e-05
10418.110266 -2.829819e-05 -1.073403e-06 -1.044726e-07 -1.569836e-06 1.001170e-04 8.152114e-04 -4.246864e-05 7.429763e-05
10419.232723 -2.826412e-05 -1.067463e-06 -1.038531e-07 -1.578792e-06 1.042817e-04 8.164437e-04 -4.501995e-05 8.096909e-05
10420.367373 -2.824219e-05 -1.063588e-06 -1.038147e-07 -1.586641e-06 1.060050e-04 8.188898e-04 -4.002587e-05 8.098719e-05
10421.514214 -2.822266e-05 -1.060971e-06 -1.032899e-07 -1.592570e-06 9.387764e-05 8.107786e-04 -4.850358e-05 7.097370e-05
10422.673248 -2.820448e-05 -1.058618e-06 -1.028149e-07 -1.597199e-06 9.558094e-05 8.114741e-04 -5.682860e-05 6.136152e-05
10423.844473 -2.819734e-05 -1.058069e-06 -1.028780e-07 -1.601811e-06 8.871819e-05 7.960245e-04 -4.724981e-05 6.385671e-05
10425.027890 -2.821504e-05 -1.061250e-06 -1.029090e-07 -1.605353e-06 9.038741e-05 7.864413e-04 -4.222053e-05 6.770593e-05
10426.223499 -2.817916e-05 -1.059026e-06 -1.023224e-07 -1.606353e-06 9.390122e-05 8.126909e-04 -4.794572e-05 6.184277e-05
10427.431300 -2.814496e-05 -1.055164e-06 -1.019186e-07 -1.606478e-06 9.627114e-05 7.874201e-04 -4.769221e-05 6.229137e-05
10428.651293 -2.813534e-05 -1.054832e-06 -1.017927e-07 -1.607522e-06 9.975320e-05 7.887394e-04 -3.681916e-05 6.597227e-05
10429.883478 -2.814795e-05 -1.058189e-06 -1.019947e-07 -1.609311e-06 9.656713e-05 7.944447e-04 -3.831934e-05 7.057062e-05
10431.127855 -2.813169e-05 -1.056742e-06 -1.015536e-07 -1.610122e-06 9.749434e-05 8.010500e-04 -3.366127e-05 7.282032e-05
10432.384423 -2.812597e-05 -1.056865e-06 -1.016040e-07 -1.611994e-06 9.499532e-05 8.040514e-04 -3.383901e-05 6.605675e-05
10433.653184 -2.804946e-05 -1.049285e-06 -1.010127e-07 -1.611593e-06 9.487876e-05 8.212702e-04 -4.215425e-05 6.636648e-05
10434.934136 -2.801982e-05 -1.048123e-06 -1.012377e-07 -1.612692e-06 9.808442e-05 8.175012e-04 -5.260304e-05 6.078550e-05
10436.227280 -2.804709e-05 -1.052188e-06 -1.015797e-07 -1.613343e-06 8.828406e-05 8.331612e-04 -4.489262e-05 7.143838e-05
10437.532617 -2.805064e-05 -1.055138e-06 -1.015034e-07 -1.612697e-06 8.263684e-05 8.065804e-04 -3.331637e-05 8.072203e-05
10438.850145 -2.802653e-05 -1.055133e-06 -1.012206e-07 -1.610738e-06 8.249161e-05 8.010818e-04 -4.581364e-05 7.647209e-05
10440.179865 -2.802954e-05 -1.058632e-06 -1.015287e-07 -1.608757e-06 8.019484e-05 7.993284e-04 -4.244319e-05 7.639358e-05
10441.521777 -2.801386e-05 -1.058747e-06 -1.013195e-07 -1.605617e-06 8.750694e-05 8.035343e-04 -5.725492e-05 7.655555e-05
10442.875881 -2.798004e-05 -1.058203e-06 -1.006287e-07 -1.601898e-06 8.648442e-05 8.009631e-04 -6.313927e-05 8.009552e-05
10444.242177 -2.794397e-05 -1.057525e-06 -9.991831e-08 -1.598548e-06 8.373331e-05 8.037975e-04 -6.070803e-05 7.792723e-05
10445.620664 -2.794005e-05 -1.059862e-06 -1.001264e-07 -1.595588e-06 8.495787e-05 8.046955e-04 -5.962162e-05 6.947200e-05
10447.011344 -2.793945e-05 -1.062708e-06 -1.003965e-07 -1.592865e-06 8.983653e-05 8.176470e-04 -4.765262e-05 8.227536e-05
10448.414215 -2.788639e-05 -1.059520e-06 -9.988367e-08 -1.589404e-06 9.339950e-05 8.294921e-04 -4.587775e-05 8.491016e-05
10449.829279 -2.787181e-05 -1.060230e-06 -9.970738e-08 -1.585901e-06 9.474463e-05 8.279033e-04 -4.243034e-05 8.352623e-05
10451.256534 -2.789025e-05 -1.066512e-06 -1.003099e-07 -1.583257e-06 9.016656e-05 8.301245e-04 -3.466443e-05 7.813451e-05
10452.695981 -2.788124e-05 -1.067917e-06 -1.008316e-07 -1.580488e-06 7.517190e-05 8.344710e-04 -3.962497e-05 7.181166e-05
10454.147620 -2.787050e-05 -1.070466e-06 -1.012232e-07 -1.578358e-06 7.392279e-05 8.454653e-04 -4.738300e-05 7.370172e-05
10455.611452 -2.786311e-05 -1.073505e-06 -1.013370e-07 -1.575510e-06 8.280237e-05 8.212396e-04 -5.266852e-05 8.266228e-05
10457.087475 -2.780186e-05 -1.068241e-06 -1.007322e-07 -1.572234e-06 8.815687e-05 8.450777e-04 -4.988632e-05 8.442719e-05
10458.575689 -2.778657e-05 -1.070137e-06 -1.009098e-07 -1.570709e-06 8.994303e-05 8.133052e-04 -6.073041e-05 8.284936e-05
10460.076096 -2.774432e-05 -1.067907e-06 -1.005869e-07 -1.568307e-06 9.319475e-05 8.080661e-04 -3.886625e-05 8.174162e-05
10461.588695 -2.776313e-05 -1.074760e-06 -1.010150e-07 -1.567418e-06 1.037769e-04 8.183510e-04 -5.082873e-05 7.776211e-05
10463.113485 -2.777219e-05 -1.078793e-06 -1.010960e-07 -1.566333e-06 1.031427e-04 8.173549e-04 -5.428956e-05 8.201902e-05
10464.650468 -2.774689e-05 -1.077963e-06 -1.006970e-07 -1.565976e-06 1.004790e-04 8.273220e-04 -5.200342e-05 7.237914e-05
10466.199642 -2.772703e-05 -1.078855e-06 -1.007759e-07 -1.565333e-06 9.064581e-05 8.121011e-04 -5.567841e-05 7.436864e-05
10467.761009 -2.771860e-05 -1.080289e-06 -1.010299e-07 -1.565598e-06 8.790042e-05 8.084828e-04 -5.661773e-05 6.699249e-05
10469.334567 -2.768883e-05 -1.078076e-06 -1.006390e-07 -1.565199e-06 9.807012e-05 8.128953e-04 -5.931097e-05 7.569149e-05
10470.920317 -2.767475e-05 -1.079791e-06 -1.006769e-07 -1.564988e-06 9.028868e-05 8.168242e-04 -6.249116e-05 8.044803e-05
10472.518259 -2.766420e-05 -1.080975e-06 -1.006713e-07 -1.565449e-06 7.669010e-05 8.010392e-04 -6.564998e-05 6.751214e-05
10474.128393 -2.764822e-05 -1.082565e-06 -1.009725e-07 -1.565003e-06 8.182454e-05 7.921323e-04 -5.374413e-05 6.730416e-05
10475.750719 -2.762827e-05 -1.083598e-06 -1.012448e-07 -1.564654e-06 9.446457e-05 8.023327e-04 -4.239067e-05 7.613662e-05
10477.385237 -2.760515e-05 -1.083780e-06 -1.014527e-07 -1.564074e-06 9.827848e-05 8.030148e-04 -4.972647e-05 7.475702e-05
10479.031946 -2.757239e-05 -1.082446e-06 -1.014583e-07 -1.563201e-06 8.655029e-05 7.940041e-04 -3.655682e-05 8.125807e-05
10480.690848 -2.755102e-05 -1.083477e-06 -1.018534e-07 -1.563028e-06 8.156824e-05 7.881535e-04 -4.315930e-05 7.535717e-05
10482.361942 -2.752172e-05 -1.082077e-06 -1.023688e-07 -1.562219e-06 8.910968e-05 7.810925e-04 -5.551537e-05 6.982741e-05
10484.045227 -2.749077e-05 -1.084457e-06 -1.033387e-07 -1.561024e-06 9.358003e-05 7.981371e-04 -6.097977e-05 7.714178e-05
10485.740704 -2.748631e-05 -1.086159e-06 -1.039554e-07 -1.562033e-06 8.936737e-05 7.828174e-04 -5.999630e-05 7.146264e-05
10487.448374 -2.748026e-05 -1.086476e-06 -1.044303e-07 -1.562438e-06 8.887490e-05 7.977192e-04 -5.318063e-05 7.426482e-05
10489.168235 -2.743985e-05 -1.085003e-06 -1.047077e-07 -1.562267e-06 8.724353e-05 7.938089e-04 -3.143004e-05 8.027427e-05
10490.900288 -2.740880e-05 -1.082506e-06 -1.051655e-07 -1.563151e-06 9.212433e-05 7.922010e-04 -3.237463e-05 7.930923e-05
10492.644533 -2.739174e-05 -1.084508e-06 -1.057607e-07 -1.563782e-06 9.235224e-05 7.840184e-04 -3.147581e-05 7.594901e-05
10494.400970 -2.737684e-05 -1.084836e-06 -1.061595e-07 -1.564459e-06 9.007448e-05 8.087573e-04 -4.266666e-05 6.373222e-05
10496.169598 -2.735868e-05 -1.085846e-06 -1.064744e-07 -1.565819e-06 8.749151e-05 8.037331e-04 -4.169858e-05 6.654000e-05
10497.950419 -2.730907e-05 -1.082059e-06 -1.063620e-07 -1.567768e-06 8.106704e-05 7.985857e-04 -3.983988e-05 7.082100e-05
10499.743432 -2.726679e-05 -1.079804e-06 -1.065767e-07 -1.569673e-06 8.633447e-05 7.957104e-04 -4.382771e-05 7.627090e-05
10501.548636 -2.724732e-05 -1.079484e-06 -1.068436e-07 -1.572045e-06 8.698136e-05 7.959483e-04 -4.679503e-05 6.752664e-05
10503.366032 -2.722722e-05 -1.080246e-06 -1.071661e-07 -1.574924e-06 8.831023e-05 8.124067e-04 -5.218669e-05 6.079037e-05
10505.195621 -2.718653e-05 -1.077891e-06 -1.068482e-07 -1.577461e-06 8.052558e-05 8.134103e-04 -5.437789e-05 5.452725e-05
10507.037401 -2.716060e-05 -1.078405e-06 -1.064981e-07 -1.578930e-06 7.407260e-05 8.113042e-04 -6.301868e-05 5.664355e-05
10508.891373 -2.714681e-05 -1.079007e-06 -1.063106e-07 -1.581313e-06 7.158122e-05 8.152111e-04 -5.278372e-05 5.731205e-05
10510.757537 -2.708806e-05 -1.076742e-06 -1.060271e-07 -1.581279e-06 8.125906e-05 8.247178e-04 -4.300031e-05 6.040469e-05
10512.635893 -2.697722e-05 -1.069682e-06 -1.053260e-07 -1.578631e-06 8.690902e-05 8.187450e-04 -4.224383e-05 7.163338e-05
10514.526441 -2.694908e-05 -1.071056e-06 -1.054524e-07 -1.578009e-06 9.057702e-05 8.292055e-04 -5.405682e-05 8.019504e-05
10516.429181 -2.697460e-05 -1.074001e-06 -1.054820e-07 -1.580583e-06 9.217851e-05 8.149086e-04 -4.377999e-05 8.346284e-05
10518.344112 -2.690612e-05 -1.070248e-06 -1.047289e-07 -1.578853e-06 8.646068e-05 8.189974e-04 -4.991318e-05 7.268586e-05
10520.271236 -2.676209e-05 -1.065857e-06 -1.042909e-07 -1.571483e-06 9.726368e-05 8.154522e-04 -5.797775e-05 7.087942e-05
10522.210552 -2.687748e-05 -1.073604e-06 -1.052043e-07 -1.578579e-06 9.140523e-05 8.200780e-04 -5.299181e-05 6.960039e-05
10524.162059 -2.683834e-05 -1.073398e-06 -1.049528e-07 -1.576990e-06 9.413726e-05 8.176287e-04 -5.639446e-05 6.782550e-05
10526.125758 -2.673568e-05 -1.069376e-06 -1.042659e-07 -1.572110e-06 8.976263e-05 8.332014e-04 -4.741942e-05 7.785492e-05
10528.101649 -2.668262e-05 -1.071914e-06 -1.040650e-07 -1.567564e-06 8.408346e-05 8.598819e-04 -5.389910e-05 7.372590e-05
10530.089733 -2.670839e-05 -1.077743e-06 -1.042611e-07 -1.568035e-06 8.704799e-05 8.452820e-04 -5.262110e-05 7.252761e-05
10532.090008 -2.677623e-05 -1.083071e-06 -1.047760e-07 -1.571761e-06 8.807760e-05 8.531964e-04 -4.161423e-05 7.473544e-05
10534.102475 -2.669121e-05 -1.077239e-06 -1.042015e-07 -1.568241e-06 8.979740e-05 8.364901e-04 -4.911571e-05 8.315187e-05
10536.127133 -2.668488e-05 -1.084655e-06 -1.048229e-07 -1.566941e-06 8.954523e-05 8.443368e-04 -5.921019e-05 7.523880e-05
10538.163984 -2.672139e-05 -1.089070e-06 -1.048830e-07 -1.568931e-06 8.725878e-05 8.390540e-04 -3.759037e-05 8.270292e-05
10540.213027 -2.669386e-05 -1.089348e-06 -1.049965e-07 -1.566838e-06 9.169349e-05 8.424246e-04 -3.189534e-05 7.568697e-05
10542.274261 -2.665317e-05 -1.089792e-06 -1.054858e-07 -1.564393e-06 8.503854e-05 8.248073e-04 -5.144091e-05 7.300644e-05
10544.347688 -2.662811e-05 -1.091617e-06 -1.061015e-07 -1.562572e-06 9.034355e-05 8.331011e-04 -4.375373e-05 9.091760e-05
10546.433306 -2.659614e-05 -1.091575e-06 -1.064095e-07 -1.560894e-06 8.682236e-05 8.378855e-04 -4.081022e-05 8.950040e-05
10548.531117 -2.657587e-05 -1.093390e-06 -1.066904e-07 -1.559326e-06 8.572149e-05 8.303876e-04 -4.418010e-05 8.624067e-05
10550.641119 -2.652531e-05 -1.093259e-06 -1.068183e-07 -1.556654e-06 9.059352e-05 8.172987e-04 -5.214865e-05 9.097211e-05
10552.763313 -2.643308e-05 -1.089703e-06 -1.069972e-07 -1.553683e-06 9.892676e-05 8.169148e-04 -5.390629e-05 8.210853e-05
10554.897699 -2.635356e-05 -1.083832e-06 -1.069936e-07 -1.551771e-06 1.008015e-04 8.049668e-04 -3.648761e-05 8.029185e-05
10557.044277 -2.631291e-05 -1.082493e-06 -1.071309e-07 -1.551029e-06 1.020338e-04 8.052785e-04 -3.767098e-05 8.464861e-05
10559.203047 -2.628917e-05 -1.083040e-06 -1.073006e-07 -1.550440e-06 9.444379e-05 8.186615e-04 -3.860242e-05 8.703710e-05
10561.374008 -2.624182e-05 -1.082355e-06 -1.072373e-07 -1.548563e-06 1.027564e-04 8.203584e-04 -4.160438e-05 8.424953e-05
10563.557162 -2.622493e-05 -1.084663e-06 -1.076499e-07 -1.548575e-06 1.086141e-04 8.364775e-04 -4.869041e-05 7.753152e-05
10565.752508 -2.623072e-05 -1.091665e-06 -1.087126e-07 -1.548251e-06 1.060584e-04 8.466013e-04 -4.154756e-05 7.782048e-05
10567.960045 -2.620978e-05 -1.093989e-06 -1.092606e-07 -1.547757e-06 1.099967e-04 8.448472e-04 -4.776603e-05 7.377412e-05
10570.179775 -2.614356e-05 -1.091324e-06 -1.093388e-07 -1.546510e-06 9.649491e-05 8.532104e-04 -4.932015e-05 7.946405e-05
10572.411696 -2.608447e-05 -1.090842e-06 -1.095905e-07 -1.546055e-06 9.988632e-05 8.561187e-04 -3.963366e-05 8.088905e-05
10574.655809 -2.606450e-05 -1.094641e-06 -1.101990e-07 -1.544486e-06 9.968981e-05 8.352063e-04 -4.155062e-05 8.359739e-05
10576.912114 -2.603095e-05 -1.096820e-06 -1.109463e-07 -1.542915e-06 9.648159e-05 8.306948e-04 -5.273313e-05 8.279929e-05
10579.180611 -2.599380e-05 -1.098668e-06 -1.117052e-07 -1.540748e-06 9.942451e-05 8.413628e-04 -4.078771e-05 8.531761e-05
10581.461300 -2.595293e-05 -1.099438e-06 -1.120084e-07 -1.538949e-06 1.094223e-04 8.458399e-04 -3.913164e-05 8.676831e-05
10583.754181 -2.589557e-05 -1.099092e-06 -1.119880e-07 -1.536722e-06 1.047132e-04 8.479623e-04 -5.477723e-05 8.829759e-05
10586.059254 -2.585383e-05 -1.103034e-06 -1.119406e-07 -1.534500e-06 1.030795e-04 8.461357e-04 -5.041469e-05 7.942833e-05
10588.376518 -2.577481e-05 -1.101863e-06 -1.118055e-07 -1.530266e-06 9.928176e-05 8.308248e-04 -4.886959e-05 9.017469e-05
10590.705975 -2.571483e-05 -1.105743e-06 -1.122291e-07 -1.526007e-06 9.340924e-05 8.271466e-04 -5.864671e-05 8.630583e-05
10593.047623 -2.561446e-05 -1.103846e-06 -1.120685e-07 -1.520518e-06 9.193304e-05 8.156150e-04 -6.553334e-05 9.229124e-05
10595.401464 -2.557848e-05 -1.102463e-06 -1.118915e-07 -1.519440e-06 1.000120e-04 8.076366e-04 -5.752836e-05 9.633176e-05
10597.767496 -2.557243e-05 -1.102354e-06 -1.116293e-07 -1.520832e-06 9.942712e-05 8.220330e-04 -5.660175e-05 8.324981e-05
10600.145720 -2.555267e-05 -1.103520e-06 -1.117315e-07 -1.520692e-06 9.938573e-05 8.302343e-04 -6.358068e-05 9.023765e-05
10602.536136 -2.550710e-05 -1.104843e-06 -1.119656e-07 -1.517980e-06 1.016781e-04 8.255532e-04 -6.769201e-05 9.271795e-05
10604.938744 -2.544301e-05 -1.108158e-06 -1.125336e-07 -1.514620e-06 9.597296e-05 8.235619e-04 -6.060723e-05 8.405824e-05
10607.353544 -2.537309e-05 -1.107630e-06 -1.126473e-07 -1.511585e-06 9.348375e-05 8.407105e-04 -6.772206e-05 8.035468e-05
10609.780536 -2.532575e-05 -1.109412e-06 -1.126806e-07 -1.509895e-06 8.891447e-05 8.566770e-04 -6.687784e-05 7.408917e-05
10612.219720 -2.527774e-05 -1.107135e-06 -1.122446e-07 -1.508934e-06 9.200069e-05 8.688144e-04 -5.957016e-05 7.984159e-05
10614.671096 -2.526370e-05 -1.105883e-06 -1.122528e-07 -1.511557e-06 9.476500e-05 8.646809e-04 -6.395254e-05 8.351544e-05
10617.134663 -2.524203e-05 -1.103618e-06 -1.123446e-07 -1.513973e-06 9.524990e-05 8.685662e-04 -5.174849e-05 8.099101e-05
10619.610423 -2.517372e-05 -1.098637e-06 -1.122611e-07 -1.512600e-06 1.037287e-04 8.880542e-04 -4.662536e-05 7.826743e-05
10622.098374 -2.514965e-05 -1.102042e-06 -1.126954e-07 -1.512151e-06 9.318190e-05 8.623300e-04 -5.063909e-05 7.412923e-05
10624.598517 -2.515744e-05 -1.109700e-06 -1.134900e-07 -1.512779e-06 9.224604e-05 8.443635e-04 -6.114954e-05 6.619402e-05
10627.110852 -2.512149e-05 -1.112601e-06 -1.136840e-07 -1.511773e-06 8.969363e-05 8.368515e-04 -5.435702e-05 7.349369e-05
10629.635380 -2.509000e-05 -1.115743e-06 -1.139294e-07 -1.511275e-06 8.316937e-05 8.542319e-04 -5.424061e-05 7.596823e-05
10632.172099 -2.505978e-05 -1.119441e-06 -1.142839e-07 -1.509778e-06 8.528189e-05 8.827371e-04 -5.420285e-05 7.154862e-05
10634.721009 -2.500147e-05 -1.119945e-06 -1.145431e-07 -1.507395e-06 1.038293e-04 8.777373e-04 -5.619426e-05 7.116868e-05
10637.282112 -2.495137e-05 -1.121719e-06 -1.150089e-07 -1.504872e-06 1.052787e-04 8.446967e-04 -4.881018e-05 6.556086e-05
10639.855407 -2.487935e-05 -1.118084e-06 -1.146555e-07 -1.503197e-06 1.069901e-04 8.464016e-04 -5.899037e-05 5.850157e-05
10642.440894 -2.481116e-05 -1.119660e-06 -1.148415e-07 -1.500065e-06 1.059589e-04 8.441925e-04 -5.006074e-05 6.428400e-05
10645.038572 -2.471443e-05 -1.114588e-06 -1.145589e-07 -1.496574e-06 1.059649e-04 8.523560e-04 -6.548075e-05 6.672851e-05
10647.648443 -2.468239e-05 -1.118090e-06 -1.152535e-07 -1.494868e-06 1.048633e-04 8.700726e-04 -5.473801e-05 7.595579e-05
10650.270505 -2.465077e-05 -1.121454e-06 -1.161718e-07 -1.492148e-06 1.027486e-04 8.414313e-04 -3.475575e-05 7.359290e-05
10652.904759 -2.458729e-05 -1.121634e-06 -1.165443e-07 -1.488956e-06 1.012328e-04 8.461946e-04 -4.460570e-05 6.416861e-05
10655.551205 -2.451959e-05 -1.121519e-06 -1.167971e-07 -1.485891e-06 1.112847e-04 8.648410e-04 -3.788392e-05 6.784397e-05
10658.209844 -2.439505e-05 -1.119187e-06 -1.166261e-07 -1.479752e-06 1.182330e-04 8.640545e-04 -2.912919e-05 6.322237e-05
10660.880674 -2.438147e-05 -1.121559e-06 -1.172358e-07 -1.479438e-06 1.181405e-04 8.843370e-04 -3.867057e-05 5.969908e-05
10663.563696 -2.437782e-05 -1.124479e-06 -1.178952e-07 -1.479752e-06 1.030394e-04 8.824780e-04 -4.249501e-05 6.418686e-05
10666.258909 -2.432231e-05 -1.124723e-06 -1.184117e-07 -1.476837e-06 1.007210e-04 8.642232e-04 -3.812854e-05 6.324768e-05
10668.966315 -2.425248e-05 -1.124128e-06 -1.185424e-07 -1.473405e-06 1.085465e-04 8.609457e-04 -3.678220e-05 7.384446e-05
10671.685913 -2.418664e-05 -1.123896e-06 -1.184878e-07 -1.470439e-06 9.750093e-05 8.510489e-04 -4.615215e-05 7.343183e-05
10674.417702 -2.413133e-05 -1.127128e-06 -1.188336e-07 -1.466674e-06 9.441827e-05 8.377798e-04 -4.227413e-05 7.207236e-05
10677.161684 -2.404577e-05 -1.126543e-06 -1.189210e-07 -1.462607e-06 9.583779e-05 8.301423e-04 -4.436202e-05 7.658034e-05
10679.917857 -2.389789e-05 -1.118973e-06 -1.183594e-07 -1.455986e-06 9.085671e-05 8.363432e-04 -2.727575e-05 8.627217e-05
10682.686222 -2.383171e-05 -1.120391e-06 -1.188330e-07 -1.451341e-06 8.649413e-05 8.411057e-04 -3.387578e-05 9.180215e-05
10685.466780 -2.373263e-05 -1.117906e-06 -1.189365e-07 -1.446127e-06 9.212424e-05 8.364309e-04 -2.925554e-05 9.250423e-05
10688.259529 -2.363273e-05 -1.116833e-06 -1.192642e-07 -1.440009e-06 9.402172e-05 8.271280e-04 -3.890689e-05 8.454454e-05
10691.064470 -2.356264e-05 -1.117285e-06 -1.193577e-07 -1.436557e-06 1.017065e-04 8.150456e-04 -3.615772e-05 9.243846e-05
10693.881602 -2.356435e-05 -1.119306e-06 -1.196487e-07 -1.438674e-06 8.981421e-05 8.158227e-04 -4.352380e-05 9.340450e-05
10696.710927 -2.353657e-05 -1.117612e-06 -1.196943e-07 -1.439740e-06 9.616063e-05 8.166408e-04 -4.566239e-05 9.257563e-05
10699.552444 -2.345415e-05 -1.113889e-06 -1.195043e-07 -1.436430e-06 9.716617e-05 8.136091e-04 -3.329590e-05 9.181778e-05
10702.406153 -2.333595e-05 -1.111880e-06 -1.192869e-07 -1.430539e-06 9.254986e-05 8.199111e-04 -3.962721e-05 8.957849e-05
10705.272053 -2.322520e-05 -1.105492e-06 -1.182606e-07 -1.425336e-06 8.528592e-05 8.229850e-04 -3.651185e-05 8.229848e-05
10708.150146 -2.322658e-05 -1.109738e-06 -1.182475e-07 -1.426282e-06 8.211471e-05 8.460236e-04 -4.876818e-05 8.307567e-05
10711.040430 -2.324047e-05 -1.116343e-06 -1.192239e-07 -1.427374e-06 8.065126e-05 8.424935e-04 -5.087530e-05 8.401537e-05
10713.942906 -2.322499e-05 -1.119867e-06 -1.198780e-07 -1.427128e-06 9.003339e-05 8.548600e-04 -3.987450e-05 8.345189e-05
10716.857574 -2.316417e-05 -1.118465e-06 -1.197207e-07 -1.425492e-06 9.447186e-05 8.397340e-04 -3.968832e-05 8.269469e-05
10719.784435 -2.308207e-05 -1.114884e-06 -1.192572e-07 -1.422139e-06 9.850014e-05 8.179228e-04 -4.421560e-05 7.821205e-05
10722.723487 -2.300626e-05 -1.113346e-06 -1.196468e-07 -1.418713e-06 9.313052e-05 8.174361e-04 -3.881937e-05 7.777774e-05
10725.674730 -2.298645e-05 -1.121162e-06 -1.210041e-07 -1.416866e-06 9.528130e-05 8.096761e-04 -3.788263e-05 6.646979e-05
10728.638166 -2.289208e-05 -1.119391e-06 -1.210513e-07 -1.411849e-06 9.329138e-05 8.201208e-04 -4.237348e-05 6.819431e-05
10731.613794 -2.278116e-05 -1.114244e-06 -1.204196e-07 -1.407155e-06 8.551663e-05 8.244127e-04 -3.487263e-05 7.011450e-05
10734.601614 -2.274427e-05 -1.114313e-06 -1.203447e-07 -1.405865e-06 8.658802e-05 8.120637e-04 -4.279577e-05 7.711038e-05
10737.601625 -2.269730e-05 -1.117301e-06 -1.207339e-07 -1.402644e-06 8.819753e-05 7.939975e-04 -6.400892e-05 7.531882e-05
10740.613829 -2.263089e-05 -1.117777e-06 -1.209784e-07 -1.399867e-06 9.906000e-05 8.249734e-04 -5.508705e-05 8.434506e-05
10743.638224 -2.250816e-05 -1.110069e-06 -1.203742e-07 -1.394715e-06 1.069962e-04 8.183415e-04 -4.708555e-05 8.790051e-05
10746.674811 -2.246522e-05 -1.114784e-06 -1.207994e-07 -1.391953e-06 1.002965e-04 8.279167e-04 -3.605066e-05 8.731692e-05
10749.723590 -2.241842e-05 -1.119733e-06 -1.214796e-07 -1.388488e-06 1.013247e-04 8.181052e-04 -4.389717e-05 8.870488e-05
10752.784561 -2.231985e-05 -1.116731e-06 -1.215328e-07 -1.383245e-06 9.333800e-05 8.136393e-04 -5.025128e-05 9.470038e-05
10755.857724 -2.218126e-05 -1.111517e-06 -1.214525e-07 -1.376512e-06 9.372228e-05 8.118074e-04 -5.041563e-05 9.257711e-05
10758.943079 -2.216181e-05 -1.117310e-06 -1.223851e-07 -1.375518e-06 9.086647e-05 8.206001e-04 -4.484804e-05 7.688360e-05
10762.040626 -2.212788e-05 -1.119267e-06 -1.224150e-07 -1.374399e-06 9.735579e-05 8.149609e-04 -4.737239e-05 8.118987e-05
10765.150365 -2.205123e-05 -1.117896e-06 -1.222452e-07 -1.370568e-06 9.293514e-05 8.081260e-04 -5.154849e-05 8.110051e-05
10768.272295 -2.194911e-05 -1.112796e-06 -1.216967e-07 -1.365555e-06 9.114845e-05 8.072464e-04 -5.200541e-05 7.921253e-05
10771.406418 -2.185115e-05 -1.109958e-06 -1.216112e-07 -1.360973e-06 9.850561e-05 7.926593e-04 -4.693083e-05 8.644331e-05
10774.552732 -2.176873e-05 -1.109031e-06 -1.214616e-07 -1.356713e-06 9.529343e-05 8.183961e-04 -5.204996e-05 7.525217e-05
10777.711239 -2.167435e-05 -1.106347e-06 -1.212285e-07 -1.352625e-06 8.304744e-05 8.335180e-04 -4.611804e-05 6.871332e-05
10780.881937 -2.156848e-05 -1.102243e-06 -1.212751e-07 -1.347695e-06 7.944481e-05 8.465636e-04 -3.987955e-05 6.166306e-05
10784.064827 -2.146584e-05 -1.098150e-06 -1.217835e-07 -1.343088e-06 8.933261e-05 8.105061e-04 -3.725711e-05 6.787438e-05
10787.259909 -2.135217e-05 -1.092907e-06 -1.221360e-07 -1.337656e-06 9.447396e-05 8.081712e-04 -4.118581e-05 7.196618e-05
10790.467183 -2.128744e-05 -1.095408e-06 -1.228227e-07 -1.333980e-06 9.117239e-05 8.061158e-04 -3.396129e-05 8.472347e-05
10793.686649 -2.120412e-05 -1.093599e-06 -1.233205e-07 -1.329383e-06 8.465969e-05 7.959499e-04 -4.798609e-05 7.698234e-05
10796.918307 -2.110601e-05 -1.092271e-06 -1.241772e-07 -1.324596e-06 8.942900e-05 7.898103e-04 -4.652484e-05 6.967625e-05
10800.162157 -2.099885e-05 -1.088373e-06 -1.242162e-07 -1.319388e-06 9.160162e-05 8.136210e-04 -4.063233e-05 6.850861e-05
10803.418198 -2.090703e-05 -1.087639e-06 -1.240660e-07 -1.314431e-06 8.704765e-05 8.028744e-04 -4.362273e-05 6.638680e-05
10806.686432 -2.074183e-05 -1.082090e-06 -1.235445e-07 -1.303935e-06 8.090725e-05 8.084541e-04 -4.718162e-05 6.745705e-05
10809.966857 -2.069420e-05 -1.083029e-06 -1.240733e-07 -1.302756e-06 8.509790e-05 7.917862e-04 -4.826902e-05 8.084807e-05
10813.259474 -2.067728e-05 -1.086588e-06 -1.244788e-07 -1.301504e-06 8.533360e-05 7.710647e-04 -6.563230e-05 6.949974e-05
10816.564284 -2.056477e-05 -1.082803e-06 -1.235798e-07 -1.295039e-06 7.403734e-05 7.785937e-04 -5.738171e-05 6.841466e-05
10819.881285 -2.047608e-05 -1.079910e-06 -1.230935e-07 -1.290791e-06 7.462628e-05 7.799046e-04 -3.904332e-05 6.714069e-05
10823.210478 -2.037867e-05 -1.076643e-06 -1.228352e-07 -1.285313e-06 7.656105e-05 7.739614e-04 -3.912146e-05 6.658169e-05
10826.551863 -2.023732e-05 -1.068524e-06 -1.218964e-07 -1.277822e-06 7.317862e-05 7.838015e-04 -4.175602e-05 7.072103e-05
10829.905440 -2.012517e-05 -1.064731e-06 -1.211737e-07 -1.272170e-06 8.226699e-05 7.603534e-04 -5.080494e-05 6.223487e-05
10833.271209 -2.005333e-05 -1.066558e-06 -1.210498e-07 -1.267089e-06 7.868374e-05 7.382286e-04 -4.495961e-05 6.852609e-05
10836.649169 -1.994299e-05 -1.062520e-06 -1.205741e-07 -1.261153e-06 9.056144e-05 7.229723e-04 -4.259256e-05 7.377686e-05
10840.039322 -1.983008e-05 -1.058618e-06 -1.199779e-07 -1.255044e-06 9.971229e-05 7.492911e-04 -4.012997e-05 7.052401e-05
10843.441666 -1.969965e-05 -1.051860e-06 -1.188978e-07 -1.248522e-06 9.469781e-05 7.448647e-04 -5.519541e-05 6.802461e-05
10846.856203 -1.960169e-05 -1.050558e-06 -1.187485e-07 -1.242541e-06 9.025974e-05 7.406157e-04 -5.598620e-05 7.176990e-05
10850.282931 -1.948221e-05 -1.046816e-06 -1.188992e-07 -1.235684e-06 9.537222e-05 7.313133e-04 -6.237934e-05 7.944594e-05
10853.721851 -1.934130e-05 -1.040752e-06 -1.186804e-07 -1.227963e-06 9.129269e-05 7.506148e-04 -4.492147e-05 9.019693e-05
10857.172964 -1.926605e-05 -1.040173e-06 -1.189661e-07 -1.224112e-06 7.745383e-05 7.213779e-04 -5.456646e-05 8.956994e-05
10860.636268 -1.912341e-05 -1.035069e-06 -1.188007e-07 -1.215809e-06 8.129705e-05 7.400402e-04 -5.023188e-05 8.470554e-05
10864.111764 -1.902646e-05 -1.032695e-06 -1.191928e-07 -1.210123e-06 8.439290e-05 7.349153e-04 -4.538468e-05 8.795426e-05
10867.599451 -1.891250e-05 -1.028552e-06 -1.190844e-07 -1.204496e-06 8.297163e-05 7.525249e-04 -5.585902e-05 8.799242e-05
10871.099331 -1.879477e-05 -1.025189e-06 -1.188200e-07 -1.197669e-06 8.630752e-05 7.437871e-04 -5.462830e-05 8.498024e-05
10874.611403 -1.863541e-05 -1.016867e-06 -1.179499e-07 -1.188770e-06 9.045360e-05 7.425997e-04 -4.596389e-05 8.546180e-05
10878.135666 -1.850447e-05 -1.012442e-06 -1.176735e-07 -1.181132e-06 9.261030e-05 7.381779e-04 -5.004031e-05 8.432639e-05
10881.672122 -1.840945e-05 -1.008529e-06 -1.172039e-07 -1.176308e-06 9.080656e-05 7.473049e-04 -4.654353e-05 8.082999e-05
10885.220769 -1.829254e-05 -1.002498e-06 -1.164752e-07 -1.169799e-06 8.767140e-05 7.288244e-04 -4.503784e-05 7.232010e-05
10888.781609 -1.819775e-05 -1.001569e-06 -1.165066e-07 -1.163796e-06 8.068273e-05 7.342294e-04 -4.470429e-05 7.310173e-05
10892.354640 -1.808558e-05 -9.995293e-07 -1.166999e-07 -1.156909e-06 8.821249e-05 7.275119e-04 -5.152738e-05 7.300023e-05
10895.939863 -1.795347e-05 -9.951103e-07 -1.167888e-07 -1.149936e-06 9.558448e-05 7.076976e-04 -3.986270e-05 7.761923e-05
10899.537278 -1.779064e-05 -9.861022e-07 -1.160649e-07 -1.141064e-06 8.941503e-05 7.168774e-04 -3.972341e-05 8.374657e-05
10903.146885 -1.766193e-05 -9.814247e-07 -1.160533e-07 -1.133294e-06 8.744029e-05 7.423471e-04 -4.680288e-05 8.280051e-05
10906.768684 -1.753249e-05 -9.752863e-07 -1.162303e-07 -1.126668e-06 8.816242e-05 7.352347e-04 -3.358240e-05 7.951742e-05
10910.402675 -1.744356e-05 -9.748645e-07 -1.169144e-07 -1.121123e-06 8.395166e-05 7.147934e-04 -1.613714e-05 8.146212e-05
10914.048857 -1.730946e-05 -9.684940e-07 -1.164353e-07 -1.113376e-06 8.203472e-05 7.033674e-04 -2.485684e-05 8.587774e-05
10917.707232 -1.721307e-05 -9.671919e-07 -1.164418e-07 -1.107212e-06 8.363625e-05 7.185099e-04 -2.704123e-05 8.095416e-05
10921.377799 -1.708269e-05 -9.616119e-07 -1.160631e-07 -1.099234e-06 7.610356e-05 7.249484e-04 -3.161337e-05 7.791437e-05
10925.060557 -1.695071e-05 -9.566713e-07 -1.157472e-07 -1.091326e-06 8.131070e-05 6.967137e-04 -2.625214e-05 7.217322e-05
10928.755507 -1.679420e-05 -9.482247e-07 -1.148861e-07 -1.082444e-06 8.110558e-05 7.020330e-04 -2.410993e-05 6.246158e-05
10932.462650 -1.663400e-05 -9.389244e-07 -1.142816e-07 -1.073651e-06 8.133275e-05 7.007278e-04 -2.748861e-05 6.683819e-05
10936.181984 -1.654798e-05 -9.404405e-07 -1.147415e-07 -1.067491e-06 9.081120e-05 6.959377e-04 -4.030681e-05 5.956590e-05
10939.913510 -1.640526e-05 -9.341211e-07 -1.139481e-07 -1.059617e-06 9.033976e-05 6.831986e-04 -3.279991e-05 6.287687e-05
10943.657228 -1.626948e-05 -9.276328e-07 -1.132331e-07 -1.052312e-06 9.005344e-05 7.080433e-04 -3.200607e-05 6.624121e-05
10947.413138 -1.613503e-05 -9.220214e-07 -1.127057e-07 -1.044080e-06 9.202329e-05 7.402447e-04 -1.850680e-05 6.792517e-05
10951.181239 -1.597040e-05 -9.158782e-07 -1.118326e-07 -1.033706e-06 9.672781e-05 7.360127e-04 -2.922250e-05 7.107393e-05
10954.961533 -1.585901e-05 -9.118254e-07 -1.110054e-07 -1.027013e-06 9.603295e-05 7.423145e-04 -4.610526e-05 6.529330e-05
10958.754019 -1.574007e-05 -9.064168e-07 -1.105202e-07 -1.020106e-06 1.043351e-04 7.119158e-04 -3.732813e-05 7.020094e-05
10962.558696 -1.557203e-05 -8.974796e-07 -1.094180e-07 -1.010774e-06 1.048505e-04 7.041303e-04 -4.415838e-05 7.349100e-05
10966.375565 -1.550743e-05 -8.981761e-07 -1.092863e-07 -1.007311e-06 9.757143e-05 7.089412e-04 -4.793504e-05 6.880317e-05
10970.204627 -1.540755e-05 -8.950720e-07 -1.086916e-07 -1.001117e-06 9.839425e-05 7.070935e-04 -3.993109e-05 6.722589e-05
10974.045880 -1.528436e-05 -8.896469e-07 -1.081301e-07 -9.935706e-07 9.101635e-05 6.988619e-04 -4.452023e-05 6.268432e-05
10977.899325 -1.514008e-05 -8.829459e-07 -1.074642e-07 -9.847337e-07 8.990781e-05 7.036916e-04 -4.319863e-05 6.200915e-05
10981.764962 -1.500359e-05 -8.768347e-07 -1.067063e-07 -9.775711e-07 9.841359e-05 7.052428e-04 -4.293396e-05 6.902005e-05
10985.642791 -1.484473e-05 -8.681087e-07 -1.055081e-07 -9.681559e-07 9.187455e-05 7.237433e-04 -4.598353e-05 6.910533e-05
10989.532812 -1.471008e-05 -8.608642e-07 -1.051079e-07 -9.608854e-07 8.987996e-05 7.058192e-04 -4.032257e-05 7.001779e-05
10993.435025 -1.461505e-05 -8.585125e-07 -1.053250e-07 -9.550928e-07 9.204982e-05 6.908520e-04 -4.163878e-05 7.752062e-05
10997.349429 -1.448875e-05 -8.532003e-07 -1.052826e-07 -9.474530e-07 9.916430e-05 6.849887e-04 -3.833910e-05 8.545303e-05
11001.276026 -1.433809e-05 -8.449721e-07 -1.046494e-07 -9.388752e-07 9.788516e-05 6.948443e-04 -4.910448e-05 8.948816e-05
11005.214814 -1.417176e-05 -8.339893e-07 -1.035176e-07 -9.293855e-07 9.723299e-05 6.754013e-04 -4.241147e-05 7.780446e-05
11009.165795 -1.401368e-05 -8.244622e-07 -1.028597e-07 -9.201423e-07 9.940195e-05 6.825019e-04 -3.543993e-05 9.307504e-05
11013.128967 -1.388935e-05 -8.191644e-07 -1.026869e-07 -9.128588e-07 9.230709e-05 6.913269e-04 -3.925453e-05 9.671519e-05
11017.104331 -1.381757e-05 -8.204567e-07 -1.026749e-07 -9.085019e-07 8.990838e-05 7.161826e-04 -3.629667e-05 8.246847e-05
11021.091888 -1.368798e-05 -8.144589e-07 -1.022282e-07 -9.010525e-07 8.914773e-05 7.130809e-04 -3.369945e-05 8.488537e-05
11025.091636 -1.355747e-05 -8.077978e-07 -1.021809e-07 -8.936167e-07 1.064402e-04 7.040385e-04 -2.760478e-05 8.617530e-05
11029.103575 -1.345327e-05 -8.044423e-07 -1.018864e-07 -8.877145e-07 1.023349e-04 7.125462e-04 -2.163856e-05 8.439145e-05
11033.127707 -1.335718e-05 -8.022894e-07 -1.019543e-07 -8.816205e-07 9.512711e-05 7.256611e-04 -3.026096e-05 8.823927e-05
11037.164031 -1.324208e-05 -7.970386e-07 -1.020000e-07 -8.750559e-07 1.075579e-04 7.391649e-04 -3.706777e-05 8.000529e-05
11041.212547 -1.309448e-05 -7.887339e-07 -1.012462e-07 -8.668112e-07 1.054114e-04 7.381590e-04 -4.269570e-05 6.923690e-05
11045.273254 -1.296339e-05 -7.815128e-07 -1.009028e-07 -8.594106e-07 9.702989e-05 7.363159e-04 -4.423383e-05 6.725622e-05
11049.346154 -1.285492e-05 -7.775797e-07 -1.008052e-07 -8.528569e-07 9.598566e-05 7.220769e-04 -4.034767e-05 7.744463e-05
11053.431245 -1.265842e-05 -7.629485e-07 -9.893755e-08 -8.411011e-07 8.912871e-05 7.324665e-04 -3.427501e-05 8.050154e-05
11057.528529 -1.258644e-05 -7.623995e-07 -9.917184e-08 -8.369890e-07 8.528383e-05 7.196009e-04 -3.042523e-05 7.339008e-05
11061.638004 -1.252971e-05 -7.649570e-07 -9.969864e-08 -8.332915e-07 8.805160e-05 7.227286e-04 -3.918387e-05 7.408308e-05
11065.759671 -1.242477e-05 -7.606286e-07 -9.914615e-08 -8.269685e-07 9.831801e-05 7.149393e-04 -4.752109e-05 7.644321e-05
11069.893530 -1.230483e-05 -7.549864e-07 -9.824890e-08 -8.199848e-07 9.011592e-05 7.163755e-04 -4.402768e-05 7.611396e-05
11074.039581 -1.218491e-05 -7.491564e-07 -9.758728e-08 -8.128913e-07 9.269765e-05 7.548403e-04 -4.790839e-05 8.367682e-05
11078.197824 -1.204243e-05 -7.402601e-07 -9.663198e-08 -8.046985e-07 9.603957e-05 7.142639e-04 -3.761246e-05 8.065409e-05
11082.368258 -1.192249e-05 -7.341589e-07 -9.550580e-08 -7.975961e-07 9.184678e-05 7.225620e-04 -4.395445e-05 7.900230e-05
11086.550885 -1.184397e-05 -7.321280e-07 -9.548450e-08 -7.928765e-07 9.757204e-05 7.545617e-04 -4.154761e-05 7.888874e-05
11090.745704 -1.172724e-05 -7.261985e-07 -9.429481e-08 -7.865733e-07 8.592666e-05 7.547113e-04 -4.614615e-05 7.321235e-05
11094.952714 -1.161478e-05 -7.211568e-07 -9.350678e-08 -7.802860e-07 8.978861e-05 7.572960e-04 -3.921304e-05 7.137280e-05
11099.171916 -1.150534e-05 -7.161402e-07 -9.303516e-08 -7.738934e-07 9.241570e-05 7.538055e-04 -4.015214e-05 7.075218e-05
11103.403311 -1.137475e-05 -7.086137e-07 -9.206114e-08 -7.660020e-07 9.087466e-05 7.539796e-04 -4.317834e-05 6.816677e-05
11107.646897 -1.130095e-05 -7.073048e-07 -9.252851e-08 -7.617574e-07 9.580971e-05 7.553868e-04 -3.939732e-05 5.538260e-05
11111.902675 -1.118935e-05 -7.017660e-07 -9.166348e-08 -7.550110e-07 1.061880e-04 7.631009e-04 -4.110385e-05 6.019068e-05
11116.170645 -1.106831e-05 -6.950710e-07 -9.125481e-08 -7.477739e-07 1.092797e-04 7.559588e-04 -3.509304e-05 7.340234e-05
11120.450807 -1.096152e-05 -6.900250e-07 -9.084427e-08 -7.412468e-07 1.013892e-04 7.507875e-04 -4.128092e-05 7.431863e-05
11124.743161 -1.087722e-05 -6.874188e-07 -9.102768e-08 -7.363694e-07 1.005544e-04 7.463001e-04 -4.493888e-05 6.838917e-05
11129.047707 -1.076644e-05 -6.818962e-07 -9.075633e-08 -7.300979e-07 9.630093e-05 7.507728e-04 -3.354796e-05 7.323146e-05
11133.364444 -1.065367e-05 -6.751103e-07 -8.998832e-08 -7.234558e-07 9.054699e-05 7.401470e-04 -3.487383e-05 7.167495e-05
11137.693374 -1.054741e-05 -6.697336e-07 -8.964332e-08 -7.170932e-07 8.769096e-05 7.622741e-04 -5.431050e-05 7.226130e-05
11142.034495 -1.044800e-05 -6.646847e-07 -8.887000e-08 -7.110542e-07 8.656631e-05 7.799432e-04 -6.649050e-05 7.630824e-05
11146.387809 -1.033573e-05 -6.583700e-07 -8.838074e-08 -7.043580e-07 8.654740e-05 7.636657e-04 -4.753300e-05 7.933274e-05
11150.753314 -1.022722e-05 -6.522000e-07 -8.748685e-08 -6.979226e-07 8.347145e-05 7.654917e-04 -4.193413e-05 8.462506e-05
11155.131011 -1.009995e-05 -6.455260e-07 -8.689918e-08 -6.903420e-07 9.253925e-05 7.549253e-04 -4.530920e-05 8.258645e-05
11159.520900 -9.875474e-06 -6.308316e-07 -8.506091e-08 -6.765824e-07 9.923488e-05 7.530053e-04 -3.897907e-05 8.553359e-05
11163.922981 -9.794691e-06 -6.273773e-07 -8.485371e-08 -6.699962e-07 8.801773e-05 7.616401e-04 -3.310925e-05 8.937450e-05
11168.337254 -9.667931e-06 -6.197963e-07 -8.414889e-08 -6.634981e-07 8.971391e-05 7.800864e-04 -3.388184e-05 8.699675e-05
11172.763719 -9.672619e-06 -6.203301e-07 -8.446247e-08 -6.650200e-07 9.139363e-05 7.618082e-04 -2.852513e-05 8.812635e-05
11177.202376 -9.588906e-06 -6.155094e-07 -8.424475e-08 -6.600837e-07 8.618621e-05 7.643268e-04 -2.717906e-05 9.092785e-05
11181.653224 -9.514798e-06 -6.135787e-07 -8.451414e-08 -6.558857e-07 8.139158e-05 7.566588e-04 -2.944889e-05 9.248113e-05
11186.116265 -9.447650e-06 -6.121244e-07 -8.455948e-08 -6.518713e-07 8.636222e-05 7.730944e-04 -3.682604e-05 9.258575e-05
11190.591497 -9.334188e-06 -6.052134e-07 -8.408416e-08 -6.451864e-07 8.352223e-05 7.823075e-04 -3.605605e-05 9.195118e-05
11195.078922 -9.233600e-06 -5.994184e-07 -8.322369e-08 -6.395734e-07 8.480213e-05 7.691583e-04 -3.129148e-05 8.992330e-05
11199.578538 -9.113477e-06 -5.914229e-07 -8.221415e-08 -6.323904e-07 8.457570e-05 7.959473e-04 -3.064134e-05 7.992185e-05
11204.090346 -9.005532e-06 -5.850643e-07 -8.163414e-08 -6.256418e-07 8.288313e-05 8.068237e-04 -3.043527e-05 7.232613e-05
11208.614346 -8.960028e-06 -5.851938e-07 -8.143969e-08 -6.232842e-07 8.422931e-05 7.945931e-04 -2.820174e-05 8.081379e-05
11213.150538 -8.883121e-06 -5.816785e-07 -8.134316e-08 -6.184225e-07 7.897172e-05 7.960803e-04 -2.370646e-05 9.043342e-05
11217.698922 -8.778684e-06 -5.749984e-07 -8.053137e-08 -6.122560e-07 8.507970e-05 8.332574e-04 -2.979614e-05 8.242832e-05
11222.259498 -8.694222e-06 -5.707730e-07 -8.008633e-08 -6.074424e-07 8.903602e-05 8.270458e-04 -3.878858e-05 8.405190e-05
11226.832266 -8.603531e-06 -5.665353e-07 -7.926576e-08 -6.023951e-07 9.093051e-05 7.957389e-04 -3.601740e-05 7.896911e-05
11231.417226 -8.496993e-06 -5.598607e-07 -7.828959e-08 -5.959822e-07 8.846438e-05 7.925800e-04 -2.434328e-05 8.446534e-05
11236.014377 -8.394051e-06 -5.531684e-07 -7.759071e-08 -5.897338e-07 9.050311e-05 7.905931e-04 -3.324996e-05 9.308081e-05
11240.623721 -8.337082e-06 -5.521614e-07 -7.732783e-08 -5.862579e-07 1.036223e-04 7.961766e-04 -3.867380e-05 8.299188e-05
11245.245256 -8.241927e-06 -5.468188e-07 -7.662690e-08 -5.804902e-07 1.023655e-04 8.111883e-04 -3.244560e-05 7.981816e-05
11249.878983 -8.131327e-06 -5.390106e-07 -7.537495e-08 -5.738237e-07 9.551924e-05 8.255458e-04 -3.717490e-05 7.884869e-05
11254.524902 -8.017209e-06 -5.307051e-07 -7.459775e-08 -5.669062e-07 8.662445e-05 8.070736e-04 -4.584078e-05 7.456940e-05
11259.183013 -7.946518e-06 -5.277943e-07 -7.433344e-08 -5.626495e-07 8.427012e-05 8.126798e-04 -4.732780e-05 7.334843e-05
11263.853316 -7.856670e-06 -5.222780e-07 -7.358432e-08 -5.573227e-07 8.073858e-05 8.031481e-04 -4.742731e-05 7.939284e-05
11268.535811 -7.804502e-06 -5.210155e-07 -7.379403e-08 -5.546210e-07 8.328813e-05 7.846675e-04 -4.108952e-05 8.383320e-05
11273.230498 -7.726813e-06 -5.169709e-07 -7.364383e-08 -5.496691e-07 8.714224e-05 7.806992e-04 -4.419846e-05 6.377623e-05
11277.937377 -7.637660e-06 -5.115341e-07 -7.313640e-08 -5.445949e-07 7.616960e-05 7.919056e-04 -2.839738e-05 6.308252e-05
11282.656448 -7.541370e-06 -5.052791e-07 -7.226636e-08 -5.389571e-07 8.180228e-05 7.677768e-04 -2.868373e-05 6.866039e-05
11287.387710 -7.444502e-06 -4.989354e-07 -7.171836e-08 -5.329347e-07 7.458087e-05 7.634859e-04 -3.516526e-05 7.044091e-05
11292.131165 -7.364865e-06 -4.946598e-07 -7.143870e-08 -5.280969e-07 6.018484e-05 7.610499e-04 -3.004263e-05 7.144654e-05
11296.886811 -7.290060e-06 -4.903859e-07 -7.094562e-08 -5.236201e-07 7.312857e-05 7.458815e-04 -2.636965e-05 6.519477e-05
11301.654649 -7.187223e-06 -4.837502e-07 -6.983191e-08 -5.171434e-07 7.354459e-05 7.728111e-04 -3.293349e-05 6.602727e-05
11306.434679 -7.106416e-06 -4.798554e-07 -6.955000e-08 -5.116786e-07 8.139012e-05 7.460114e-04 -3.616314e-05 7.413988e-05
11311.226901 -7.011038e-06 -4.735784e-07 -6.887307e-08 -5.056408e-07 9.862956e-05 7.112967e-04 -4.378856e-05 7.037700e-05
11316.031315 -6.953139e-06 -4.707367e-07 -6.857883e-08 -5.030776e-07 8.947677e-05 7.166123e-04 -4.380589e-05 7.027323e-05
11320.847921 -6.890196e-06 -4.661145e-07 -6.807550e-08 -4.995867e-07 8.306108e-05 7.088454e-04 -3.870001e-05 6.368494e-05
11325.676719 -6.820332e-06 -4.630551e-07 -6.769508e-08 -4.957623e-07 7.619562e-05 6.865528e-04 -3.707191e-05 6.862855e-05
11330.517709 -6.726401e-06 -4.574810e-07 -6.691840e-08 -4.895531e-07 7.370516e-05 6.770747e-04 -4.217934e-05 6.680383e-05
11335.370891 -6.619407e-06 -4.504050e-07 -6.619358e-08 -4.833651e-07 8.595485e-05 6.998085e-04 -3.034478e-05 6.889955e-05
11340.236264 -6.609802e-06 -4.501727e-07 -6.619332e-08 -4.831050e-07 9.545598e-05 7.246569e-04 -3.453190e-05 6.598637e-05
