# Facility.name: NSLS-II
# Facility.mode: Beam available
# Facility.current: 399.69533747121596
# Facility.current: 3 GeV
# Facility.year: 2023
# Facility.cycle: 2
# Facility.GUP: 312970
# Facility.SAF: 311402
# Experimenter.name: Esteban Fornero
# Beamline.name: ISS (8-ID)
# Beamline.x-ray_source: damping wiggler
# Beamline.collimation_mirror1.material: Si
# Beamline.collimation_mirror2.material: Pt
# Beamline.collimation_mirror2.bender_loading: -348.0
# Beamline.focusing: toroidal mirror
# Beamline.focusing.material: Pt
# Beamline.focusing.bender_loading: -418.0
# Beamline.harmonic_rejection: Si
# Mono.scan_mode: Si(111)
# Mono.d_spacing: 3.1354951
# Mono.scan_mode: pseudo-channel cut
# Mono.scan_type: fly_scan
# Mono.trajectory_name: f950a534-6fd5.txt
# Mono.direction: None
# Mono.angle_offset: 0.69366577
# Mono.angle_offset: 39.744 deg
# Mono.encoder_resolution: 48.0 nrad
# Detector.I0: ion chamber
# Detector.I1: ion chamber
# Detector.I2: ion chamber
# Detector.IF: PIPS
# Detector.I0.length: 15 cm
# Detector.I1.length: 28 cm
# Detector.I2.length: 15 cm
# Detector.IF.thickness: 300 um
# Detector.I0.gas.N2: 38.0%
# Detector.I1.gas.N2: 38.0%
# Detector.I2.gas.N2: 38.0%
# Detector.I0.gas.He: 62.0%
# Detector.I1.gas.He: 62.0%
# Detector.I2.gas.He: 62.0%
# Detector.I0.voltage: -1649.999634
# Detector.I1.voltage: -1650.001465
# Detector.I2.voltage: -1650.000488
# Detector.I0.gain: 4
# Detector.I1.gain: 6
# Detector.I2.gain: 6
# Detector.IF.gain: 6
# Detector.aux: {}
# Element.symbol: Cu
# Element.edge: K
# Element.line: None
# Scan.transient_id: 370681
# Scan.uid: 40739d12-3224-4915-91ec-2c71faef9186
# Scan.edge_energy: 8979.0
# Scan.start_time: 06/22/2023  18:06:38.490423
# Scan.end_time: 06/22/2023  18:07:10.878259
# Scan.name: CuGaO2-2nd O2-ramp  (pos 001) Cu-K 0001
# Scan.comment: 
# Sample.name: CuGaO2-2nd
# Sample.comment: 
# Sample.position.x: -66.493997553
# Sample.position.y: 31.589988464
# Sample.position.z: -10.184937499999995
# Sample.position.theta: 845.5790000000001
# SampleHeater.temperature1.setpoint: 300.0
# SampleHeater.temperature1.readback: 1372.0
# SampleHeater.current.setpoint: 0.0
# SampleHeater.current.readback: 0.0
# SampleHeater.temperature2.setpoint: 267.6160165733907
# SampleHeater.temperature2.readback: 270.8
# SampleHeater.voltage.setpoint: 0.5844542297844313
# SampleHeater.voltage.readback: 0.5700000000000001
# SampleHeater.PID.P: 0.025
# SampleHeater.PID.I: 0.07
# SampleHeater.PID.D: 0.0
# SampleGasCart.MFC.CH4.setpoint: 0.0
# SampleGasCart.MFC.CH4.readback: 0.0
# SampleGasCart.MFC.CO.setpoint: 0.0
# SampleGasCart.MFC.CO.readback: 0.0
# SampleGasCart.MFC.H2.setpoint: 0.0
# SampleGasCart.MFC.H2.readback: 0.0
# SampleGasCart.MFC.exhaust.setpoint: 100.0
# SampleGasCart.MFC.exhaust.readback: 8.17
# SampleGasHandlingSystem.gas_a.name: None
# SampleGasHandlingSystem.gas_b.name: None
# SampleGasHandlingSystem.gas_c.name: None
# SampleGasHandlingSystem.gas_d.name: None
# SampleGasHandlingSystem.gas_e.name: He
# SampleGasHandlingSystem.MFC1.setpoint: 8.0
# SampleGasHandlingSystem.MFC1.readback: 7.999674320220947
# SampleGasHandlingSystem.MFC2.setpoint: 0.0
# SampleGasHandlingSystem.MFC2.readback: -0.06103515625
# SampleGasHandlingSystem.MFC3.setpoint: 0.0
# SampleGasHandlingSystem.MFC3.readback: 0.02034505270421505
# SampleGasHandlingSystem.MFC4.setpoint: 0.0
# SampleGasHandlingSystem.MFC4.readback: -0.0651041641831398
# SampleGasHandlingSystem.MFC5.setpoint: 0.0
# SampleGasHandlingSystem.MFC5.readback: -0.01220703125
# SampleGasHandlingSystem.MFC6.setpoint: 2.0
# SampleGasHandlingSystem.MFC6.readback: 2.001953125
# SampleGasHandlingSystem.MFC7.setpoint: 0.0
# SampleGasHandlingSystem.MFC7.readback: -0.0406901054084301
# SampleGasHandlingSystem.MFC8.setpoint: 0.0
# SampleGasHandlingSystem.MFC8.readback: -0.0813802108168602
# SampleGasHandlingSystem.MFC9.setpoint: 0.0
# SampleGasHandlingSystem.MFC9.readback: -0.0651041641831398
# SampleGasHandlingSystem.MFC10.setpoint: 0.0
# SampleGasHandlingSystem.MFC10.readback: 0.01220703125
# SampleGasHandlingSystem.MFC11.setpoint: 0.0
# SampleGasHandlingSystem.MFC11.readback: -0.1017252579331398
# SampleGasHandlingSystem.MFC12.setpoint: 0.0
# SampleGasHandlingSystem.MFC12.readback: -0.0528971366584301
# SampleGasHandlingSystem.MFC13.setpoint: 0.0
# SampleGasHandlingSystem.MFC13.readback: -0.06103515625
# SampleGasHandlingSystem.MFC14.setpoint: 0.0
# SampleGasHandlingSystem.MFC14.readback: -0.0691731795668602
# SampleGasHandlingSystem.MFC15.setpoint: 0.0
# SampleGasHandlingSystem.MFC15.readback: -0.1139322891831398
# SampleGasHandlingSystem.MFC16.setpoint: 0.0
# SampleGasHandlingSystem.MFC16.readback: -0.0406901054084301
# SampleGasHandlingSystem.RGA.ch1.mass: 2
# SampleGasHandlingSystem.RGA.ch1.readback: 2.56911e-10
# SampleGasHandlingSystem.RGA.ch2.mass: 4
# SampleGasHandlingSystem.RGA.ch2.readback: 2.2833e-07
# SampleGasHandlingSystem.RGA.ch3.mass: 12
# SampleGasHandlingSystem.RGA.ch3.readback: 5.69632e-13
# SampleGasHandlingSystem.RGA.ch4.mass: 16
# SampleGasHandlingSystem.RGA.ch4.readback: 2.98246e-09
# SampleGasHandlingSystem.RGA.ch5.mass: 18
# SampleGasHandlingSystem.RGA.ch5.readback: 2.89605e-10
# SampleGasHandlingSystem.RGA.ch6.mass: 28
# SampleGasHandlingSystem.RGA.ch6.readback: 5.66557e-11
# SampleGasHandlingSystem.RGA.ch7.mass: 32
# SampleGasHandlingSystem.RGA.ch7.readback: 1.6985e-08
# SampleGasHandlingSystem.RGA.ch8.mass: 40
# SampleGasHandlingSystem.RGA.ch8.readback: 1.11477e-11
# SampleGasHandlingSystem.RGA.ch9.mass: 44
# SampleGasHandlingSystem.RGA.ch9.readback: 1.79002e-12
# energy  i0  it  ir  iff  aux1  aux2  aux3  aux4
 8779.000000 -3.444419e-05 -4.392502e-07 -2.911446e-07 -2.712594e-07 1.340533e-05 -5.496342e-04 -5.825192e-05 -1.663883e-06
 8784.000000 -3.453564e-05 -4.368155e-07 -2.897505e-07 -2.727633e-07 1.057648e-05 -5.425987e-04 -6.355671e-05 -1.261740e-05
 8789.000000 -3.434534e-05 -4.318157e-07 -2.865642e-07 -2.720893e-07 1.350948e-05 -5.491529e-04 -5.700542e-05 -2.303085e-05
 8794.000000 -3.425700e-05 -4.321474e-07 -2.869523e-07 -2.723853e-07 1.471655e-05 -5.640275e-04 -5.841760e-05 -2.538521e-05
 8799.000000 -3.394393e-05 -4.298012e-07 -2.853999e-07 -2.706274e-07 1.631970e-05 -5.438846e-04 -6.349782e-05 -2.280173e-05
 8804.000000 -3.425219e-05 -4.350909e-07 -2.893795e-07 -2.734777e-07 1.096348e-05 -5.464304e-04 -7.021779e-05 -1.271027e-05
 8809.000000 -3.412565e-05 -4.348745e-07 -2.896268e-07 -2.727563e-07 1.317351e-05 -5.532465e-04 -7.054765e-05 -2.504713e-05
 8814.000000 -3.394706e-05 -4.352065e-07 -2.901134e-07 -2.713619e-07 1.758886e-05 -5.447371e-04 -7.687139e-05 -2.312471e-05
 8819.000000 -3.397566e-05 -4.391876e-07 -2.927046e-07 -2.722735e-07 1.324754e-05 -5.348892e-04 -6.840372e-05 -1.823035e-05
 8824.000000 -3.393048e-05 -4.412981e-07 -2.943041e-07 -2.727112e-07 1.526085e-05 -5.297554e-04 -5.862038e-05 -2.118508e-05
 8829.000000 -3.380569e-05 -4.428073e-07 -2.956035e-07 -2.726550e-07 2.828927e-05 -5.291826e-04 -5.391279e-05 -1.842137e-05
 8834.000000 -3.370717e-05 -4.435886e-07 -2.962410e-07 -2.730184e-07 1.585563e-05 -5.427756e-04 -4.965194e-05 -2.619178e-05
 8839.000000 -3.361293e-05 -4.447675e-07 -2.971341e-07 -2.733313e-07 1.278892e-05 -5.538071e-04 -5.262843e-05 -2.286970e-05
 8844.000000 -3.348288e-05 -4.463200e-07 -2.986333e-07 -2.734180e-07 1.403928e-05 -5.636880e-04 -5.680903e-05 -2.056032e-05
 8849.000000 -3.338759e-05 -4.481780e-07 -2.999056e-07 -2.738045e-07 2.472842e-06 -5.682793e-04 -6.019108e-05 -1.233746e-05
 8854.000000 -3.328527e-05 -4.490886e-07 -3.006701e-07 -2.738399e-07 2.544489e-06 -5.701995e-04 -5.517826e-05 -7.952145e-06
 8859.000000 -3.310906e-05 -4.494937e-07 -3.012303e-07 -2.735636e-07 -5.875220e-07 -5.653968e-04 -5.361628e-05 -9.819177e-06
 8864.000000 -3.307457e-05 -4.519573e-07 -3.031682e-07 -2.741150e-07 -1.388878e-06 -5.654546e-04 -6.135822e-05 -2.191930e-05
 8869.000000 -3.297356e-05 -4.527191e-07 -3.036462e-07 -2.739406e-07 -8.713776e-07 -5.673645e-04 -4.827859e-05 -1.718754e-05
 8874.000000 -3.282695e-05 -4.534680e-07 -3.043155e-07 -2.737278e-07 -3.195299e-06 -5.851111e-04 -5.259560e-05 -1.720934e-05
 8879.000000 -3.272941e-05 -4.548400e-07 -3.056157e-07 -2.736491e-07 3.048390e-06 -5.593863e-04 -5.788047e-05 -2.726841e-05
 8884.000000 -3.242776e-05 -4.525625e-07 -3.039716e-07 -2.724013e-07 -1.439018e-06 -5.382427e-04 -4.974764e-05 -2.680652e-05
 8889.000000 -3.214478e-05 -4.519540e-07 -3.038378e-07 -2.712519e-07 -3.974933e-06 -5.571443e-04 -5.649166e-05 -2.155312e-05
 8894.000000 -3.230793e-05 -4.565808e-07 -3.074762e-07 -2.726321e-07 7.163677e-07 -5.635136e-04 -6.032734e-05 -9.797781e-06
 8899.000000 -3.225392e-05 -4.591739e-07 -3.094210e-07 -2.727620e-07 -5.228475e-06 -5.693852e-04 -5.671709e-05 -1.232995e-05
 8904.000000 -3.209315e-05 -4.600022e-07 -3.098764e-07 -2.718026e-07 -1.231815e-05 -5.451561e-04 -6.028767e-05 -1.747830e-05
 8909.000000 -3.204095e-05 -4.619159e-07 -3.114991e-07 -2.718124e-07 -1.575883e-05 -5.535077e-04 -4.747774e-05 -1.738509e-05
 8914.000000 -3.176960e-05 -4.608257e-07 -3.106215e-07 -2.703015e-07 -1.735288e-05 -5.749211e-04 -6.282759e-05 -1.712825e-05
 8919.000000 -3.165146e-05 -4.605160e-07 -3.106288e-07 -2.699514e-07 -1.387151e-05 -5.725315e-04 -6.111380e-05 -2.005499e-05
 8924.000000 -3.145932e-05 -4.598622e-07 -3.105212e-07 -2.694657e-07 -1.049821e-05 -5.901777e-04 -5.733802e-05 -3.990565e-06
 8929.000000 -3.150185e-05 -4.637472e-07 -3.130895e-07 -2.711942e-07 -7.227323e-06 -6.162974e-04 -6.117470e-05 3.499124e-06
 8934.000000 -3.145211e-05 -4.660677e-07 -3.145961e-07 -2.718950e-07 -4.548286e-06 -6.701766e-04 -5.975943e-05 4.671196e-06
 8939.000000 -3.132353e-05 -4.667513e-07 -3.149689e-07 -2.719150e-07 -7.099230e-06 -6.201623e-04 -5.874245e-05 3.823590e-06
 8944.000000 -3.120363e-05 -4.677230e-07 -3.155676e-07 -2.720638e-07 -1.011515e-05 -5.948438e-04 -6.303041e-05 -1.709007e-06
 8949.000000 -3.100580e-05 -4.679081e-07 -3.153972e-07 -2.715173e-07 -1.057999e-05 -6.005284e-04 -7.018995e-05 5.937990e-06
 8953.000000 -3.096625e-05 -4.692924e-07 -3.159860e-07 -2.720856e-07 -1.223275e-05 -6.321095e-04 -6.157072e-05 9.965837e-06
 8956.000000 -3.093265e-05 -4.697450e-07 -3.161088e-07 -2.724159e-07 -8.583599e-06 -6.465219e-04 -6.654904e-05 9.687857e-06
 8958.000000 -3.086844e-05 -4.683420e-07 -3.148572e-07 -2.724391e-07 -3.977788e-06 -6.580830e-04 -7.087091e-05 8.305767e-06
 8959.000000 -3.088678e-05 -4.691956e-07 -3.151018e-07 -2.728842e-07 -6.069476e-07 -6.652905e-04 -6.748346e-05 5.367360e-06
 8959.200000 -3.088905e-05 -4.691698e-07 -3.151719e-07 -2.729303e-07 5.626038e-06 -6.593384e-04 -6.109715e-05 7.398860e-06
 8959.400000 -3.085307e-05 -4.705402e-07 -3.161668e-07 -2.728808e-07 6.664676e-07 -6.395583e-04 -6.637505e-05 1.909580e-05
 8959.600000 -3.083610e-05 -4.700290e-07 -3.158331e-07 -2.728426e-07 -8.019554e-06 -6.401348e-04 -5.947646e-05 1.751129e-06
 8959.800000 -3.086925e-05 -4.692293e-07 -3.152447e-07 -2.732916e-07 -2.351520e-06 -6.526358e-04 -6.718887e-05 -4.564029e-06
 8960.000000 -3.088521e-05 -4.701070e-07 -3.159052e-07 -2.732424e-07 4.649998e-06 -6.451372e-04 -6.482137e-05 4.759956e-06
 8960.200000 -3.088587e-05 -4.693361e-07 -3.153003e-07 -2.732201e-07 -3.229939e-06 -6.504776e-04 -6.741999e-05 9.872507e-06
 8960.400000 -3.080631e-05 -4.685835e-07 -3.147294e-07 -2.723560e-07 -5.427207e-07 -6.544364e-04 -6.935248e-05 8.074593e-06
 8960.600000 -3.068784e-05 -4.651385e-07 -3.120578e-07 -2.714745e-07 3.252484e-06 -6.575042e-04 -6.610164e-05 2.763342e-08
 8960.800000 -3.069616e-05 -4.679540e-07 -3.139655e-07 -2.716144e-07 2.064351e-07 -6.399786e-04 -8.014488e-05 -4.303048e-06
 8961.000000 -3.073101e-05 -4.669724e-07 -3.133610e-07 -2.720657e-07 -4.493735e-06 -6.466901e-04 -6.783953e-05 1.285589e-05
 8961.200000 -3.074265e-05 -4.668834e-07 -3.132764e-07 -2.721732e-07 -1.266954e-06 -6.658263e-04 -5.919494e-05 1.297193e-05
 8961.400000 -3.076678e-05 -4.685797e-07 -3.145028e-07 -2.725934e-07 9.174740e-06 -6.762896e-04 -6.380731e-05 4.496324e-06
 8961.600000 -3.082221e-05 -4.686890e-07 -3.146585e-07 -2.732699e-07 4.763837e-06 -6.696128e-04 -4.956306e-05 8.490389e-06
 8961.800000 -3.084738e-05 -4.696210e-07 -3.149592e-07 -2.737664e-07 2.158551e-06 -6.613427e-04 -5.554844e-05 2.394493e-06
 8962.000000 -3.083880e-05 -4.702649e-07 -3.152624e-07 -2.736185e-07 -1.134253e-06 -6.747622e-04 -5.824272e-05 -1.133235e-06
 8962.200000 -3.078005e-05 -4.691971e-07 -3.145299e-07 -2.729709e-07 -2.533238e-06 -6.688359e-04 -5.634640e-05 -1.245659e-05
 8962.400000 -3.076323e-05 -4.680258e-07 -3.138419e-07 -2.726710e-07 5.350745e-06 -6.683138e-04 -6.358650e-05 -8.941074e-06
 8962.600000 -3.079443e-05 -4.690847e-07 -3.145511e-07 -2.731313e-07 5.803246e-06 -6.612741e-04 -5.951975e-05 -4.925422e-06
 8962.800000 -3.082398e-05 -4.698423e-07 -3.148449e-07 -2.732700e-07 -4.676904e-06 -6.446667e-04 -5.996051e-05 7.655773e-06
 8963.000000 -3.077053e-05 -4.686612e-07 -3.138983e-07 -2.728879e-07 -7.280040e-06 -6.239485e-04 -5.879432e-05 6.511892e-06
 8963.200000 -3.081949e-05 -4.701301e-07 -3.148501e-07 -2.733692e-07 3.369877e-06 -6.441151e-04 -6.102372e-05 1.056122e-05
 8963.400000 -3.083176e-05 -4.692874e-07 -3.138306e-07 -2.735434e-07 1.231516e-05 -6.443918e-04 -5.771590e-05 2.600592e-06
 8963.600000 -3.079433e-05 -4.695069e-07 -3.139745e-07 -2.731904e-07 1.120808e-05 -6.713513e-04 -5.260791e-05 1.796132e-07
 8963.800000 -3.081723e-05 -4.703738e-07 -3.145399e-07 -2.736738e-07 1.013964e-05 -6.824788e-04 -6.259316e-05 5.476656e-06
 8964.000000 -3.081608e-05 -4.708501e-07 -3.148348e-07 -2.739116e-07 1.512236e-05 -6.897592e-04 -5.343005e-05 2.949977e-06
 8964.200000 -3.077385e-05 -4.707356e-07 -3.147709e-07 -2.736587e-07 8.382848e-06 -6.736234e-04 -4.417246e-05 -1.558915e-05
 8964.400000 -3.076310e-05 -4.692892e-07 -3.137429e-07 -2.737711e-07 4.269104e-06 -6.711948e-04 -5.192022e-05 -1.696541e-05
 8964.600000 -3.075459e-05 -4.698496e-07 -3.139129e-07 -2.737762e-07 4.937985e-06 -6.664636e-04 -5.236821e-05 -1.335512e-05
 8964.800000 -3.072834e-05 -4.674261e-07 -3.121476e-07 -2.735017e-07 4.130070e-06 -6.671525e-04 -6.187000e-05 -1.752612e-05
 8965.000000 -3.074347e-05 -4.703626e-07 -3.143708e-07 -2.735998e-07 8.380833e-06 -6.779070e-04 -6.577695e-05 -1.797877e-05
 8965.200000 -3.076769e-05 -4.703546e-07 -3.143548e-07 -2.738746e-07 1.282010e-05 -6.964121e-04 -5.614030e-05 -6.974235e-06
 8965.400000 -3.077362e-05 -4.705019e-07 -3.146248e-07 -2.741045e-07 1.976418e-05 -7.011376e-04 -4.465812e-05 -1.351664e-05
 8965.600000 -3.075756e-05 -4.701560e-07 -3.143377e-07 -2.741288e-07 1.288197e-05 -6.918152e-04 -5.597595e-05 -1.918962e-05
 8965.800000 -3.076221e-05 -4.697477e-07 -3.138418e-07 -2.742705e-07 5.770066e-06 -7.208782e-04 -4.656962e-05 -7.402774e-06
 8966.000000 -3.074599e-05 -4.704394e-07 -3.139985e-07 -2.741948e-07 -1.230028e-06 -7.209657e-04 -4.937602e-05 -1.180607e-06
 8966.200000 -3.071062e-05 -4.689729e-07 -3.129062e-07 -2.742761e-07 -1.408362e-06 -7.273851e-04 -6.108972e-05 -7.096314e-07
 8966.400000 -3.070656e-05 -4.697675e-07 -3.135210e-07 -2.743065e-07 1.120979e-05 -7.108666e-04 -4.447862e-05 1.097966e-05
 8966.600000 -3.070066e-05 -4.698480e-07 -3.132720e-07 -2.741697e-07 1.551596e-05 -7.076064e-04 -4.900282e-05 3.499389e-06
 8966.800000 -3.070120e-05 -4.699328e-07 -3.131510e-07 -2.741343e-07 5.472712e-06 -7.239845e-04 -5.882092e-05 -2.827537e-06
 8967.000000 -3.070099e-05 -4.701406e-07 -3.131215e-07 -2.741985e-07 5.698594e-06 -7.232986e-04 -5.990841e-05 1.472436e-05
 8967.200000 -3.069071e-05 -4.698509e-07 -3.129440e-07 -2.741362e-07 4.495521e-06 -7.295084e-04 -4.959823e-05 1.274748e-05
 8967.400000 -3.069734e-05 -4.710541e-07 -3.135165e-07 -2.743286e-07 9.628403e-06 -7.258800e-04 -5.799890e-05 5.406044e-06
 8967.600000 -3.070311e-05 -4.698376e-07 -3.127476e-07 -2.747382e-07 5.705229e-06 -7.235632e-04 -4.626259e-05 1.225328e-05
 8967.800000 -3.066068e-05 -4.704753e-07 -3.131833e-07 -2.744745e-07 1.946274e-06 -7.538688e-04 -6.156434e-05 -2.164680e-06
 8968.000000 -3.064004e-05 -4.707201e-07 -3.131901e-07 -2.743651e-07 3.644883e-06 -7.671150e-04 -5.725271e-05 -1.008960e-05
 8968.200000 -3.060977e-05 -4.691035e-07 -3.118520e-07 -2.742044e-07 2.311662e-06 -7.686663e-04 -5.589285e-05 4.322573e-06
 8968.400000 -3.063370e-05 -4.704272e-07 -3.124283e-07 -2.745535e-07 -4.200402e-06 -7.569856e-04 -4.788335e-05 1.215396e-05
 8968.600000 -3.065109e-05 -4.704676e-07 -3.121307e-07 -2.744819e-07 -2.131884e-07 -7.615121e-04 -5.876740e-05 -1.336735e-06
 8968.800000 -3.065730e-05 -4.696003e-07 -3.113572e-07 -2.746659e-07 -6.765158e-06 -7.439141e-04 -6.492522e-05 -5.601052e-06
 8969.000000 -3.065035e-05 -4.693604e-07 -3.113107e-07 -2.747311e-07 -7.655243e-06 -7.486815e-04 -5.822320e-05 -6.872609e-06
 8969.200000 -3.066670e-05 -4.706467e-07 -3.118961e-07 -2.752080e-07 -1.046256e-05 -7.383616e-04 -5.277736e-05 -3.744257e-06
 8969.400000 -3.066657e-05 -4.696909e-07 -3.110362e-07 -2.753987e-07 -1.082960e-05 -7.391763e-04 -5.666218e-05 -9.139974e-06
 8969.600000 -3.067261e-05 -4.692767e-07 -3.105769e-07 -2.755408e-07 -3.144935e-06 -7.529663e-04 -5.795872e-05 -8.617884e-06
 8969.800000 -3.065672e-05 -4.704248e-07 -3.113393e-07 -2.751662e-07 6.143707e-06 -7.462156e-04 -5.662517e-05 -5.417718e-06
 8970.000000 -3.064764e-05 -4.695916e-07 -3.104959e-07 -2.753062e-07 4.390050e-06 -7.306716e-04 -4.930561e-05 5.758343e-06
 8970.200000 -3.064768e-05 -4.702438e-07 -3.104115e-07 -2.752166e-07 8.575764e-06 -7.505498e-04 -4.742110e-05 1.361852e-05
 8970.400000 -3.063418e-05 -4.694603e-07 -3.098263e-07 -2.751419e-07 1.135457e-05 -7.433763e-04 -5.268545e-05 1.370770e-05
 8970.600000 -3.064956e-05 -4.705613e-07 -3.103889e-07 -2.758353e-07 4.862748e-06 -7.335511e-04 -5.673913e-05 2.066244e-05
 8970.800000 -3.063438e-05 -4.689644e-07 -3.092806e-07 -2.757438e-07 8.709410e-06 -7.231622e-04 -5.466479e-05 1.176361e-05
 8971.000000 -3.062318e-05 -4.707262e-07 -3.100404e-07 -2.757658e-07 -1.242827e-06 -7.339346e-04 -6.268574e-05 1.004520e-05
 8971.200000 -3.064117e-05 -4.699598e-07 -3.092167e-07 -2.760656e-07 3.271139e-06 -7.660766e-04 -6.850766e-05 6.828466e-06
 8971.400000 -3.063903e-05 -4.706387e-07 -3.093970e-07 -2.762655e-07 1.155482e-05 -7.908066e-04 -6.496429e-05 1.006876e-05
 8971.600000 -3.063500e-05 -4.699144e-07 -3.089068e-07 -2.761798e-07 1.064840e-05 -8.017757e-04 -6.027710e-05 5.808880e-06
 8971.800000 -3.062147e-05 -4.700740e-07 -3.088727e-07 -2.760734e-07 7.377017e-06 -7.867657e-04 -6.715022e-05 1.272321e-06
 8972.000000 -3.062944e-05 -4.704770e-07 -3.089016e-07 -2.763571e-07 8.610252e-06 -7.453240e-04 -6.261402e-05 5.665067e-06
 8972.200000 -3.063260e-05 -4.699983e-07 -3.082629e-07 -2.764473e-07 9.801565e-06 -7.206212e-04 -5.057255e-05 5.298652e-06
 8972.400000 -3.061661e-05 -4.699300e-07 -3.077667e-07 -2.764113e-07 6.718663e-06 -7.161246e-04 -5.311770e-05 2.902788e-06
 8972.600000 -3.058904e-05 -4.708362e-07 -3.077049e-07 -2.761706e-07 4.370404e-06 -7.230347e-04 -6.930425e-05 -6.204585e-06
 8972.800000 -3.057637e-05 -4.715206e-07 -3.073167e-07 -2.764440e-07 4.842764e-06 -7.260761e-04 -6.917987e-05 -1.063323e-05
 8973.000000 -3.055903e-05 -4.684972e-07 -3.049379e-07 -2.768760e-07 5.342829e-06 -7.288806e-04 -6.890460e-05 4.909181e-06
 8973.200000 -3.060490e-05 -4.688769e-07 -3.048005e-07 -2.776356e-07 3.941907e-06 -7.224979e-04 -7.015444e-05 2.496441e-06
 8973.400000 -3.061462e-05 -4.699647e-07 -3.049151e-07 -2.779365e-07 1.541486e-05 -7.195234e-04 -6.351670e-05 4.438390e-06
 8973.600000 -3.060941e-05 -4.693019e-07 -3.038172e-07 -2.781962e-07 1.477086e-05 -7.440521e-04 -6.284672e-05 7.962849e-06
 8973.800000 -3.058870e-05 -4.698020e-07 -3.035832e-07 -2.782140e-07 6.721264e-06 -7.546135e-04 -7.207812e-05 4.629479e-06
 8974.000000 -3.058432e-05 -4.680881e-07 -3.018450e-07 -2.782643e-07 4.862470e-06 -7.597409e-04 -6.608743e-05 4.347212e-06
 8974.200000 -3.058611e-05 -4.711333e-07 -3.029748e-07 -2.787118e-07 2.378620e-06 -7.699569e-04 -7.102017e-05 5.790962e-06
 8974.400000 -3.055573e-05 -4.689924e-07 -3.009158e-07 -2.786192e-07 2.546771e-06 -7.734307e-04 -6.333763e-05 -3.020012e-06
 8974.600000 -3.055945e-05 -4.674456e-07 -2.991804e-07 -2.789696e-07 9.791282e-06 -7.502157e-04 -6.565464e-05 4.620513e-06
 8974.800000 -3.053560e-05 -4.698133e-07 -2.998003e-07 -2.792451e-07 1.345884e-06 -7.431344e-04 -6.595249e-05 -5.684843e-06
 8975.000000 -3.054496e-05 -4.692714e-07 -2.982779e-07 -2.798143e-07 -6.195124e-06 -7.559903e-04 -7.376037e-05 -4.231887e-06
 8975.200000 -3.054025e-05 -4.693215e-07 -2.972347e-07 -2.801897e-07 -6.106497e-06 -7.682187e-04 -8.322330e-05 -5.182800e-06
 8975.400000 -3.054185e-05 -4.686401e-07 -2.950891e-07 -2.809104e-07 -7.294716e-06 -7.620071e-04 -7.769844e-05 3.517956e-07
 8975.600000 -3.056304e-05 -4.706257e-07 -2.948562e-07 -2.814589e-07 -3.857965e-06 -7.643856e-04 -5.635706e-05 5.794820e-06
 8975.800000 -3.055777e-05 -4.703524e-07 -2.928731e-07 -2.818725e-07 -1.171856e-06 -7.740582e-04 -5.636837e-05 -3.307889e-06
 8976.000000 -3.054440e-05 -4.684967e-07 -2.896802e-07 -2.824467e-07 -5.630635e-06 -7.745993e-04 -4.684694e-05 2.723503e-06
 8976.200000 -3.054098e-05 -4.704980e-07 -2.883851e-07 -2.829794e-07 7.742961e-06 -7.767423e-04 -6.564935e-05 4.354833e-06
 8976.400000 -3.050006e-05 -4.677239e-07 -2.837428e-07 -2.832044e-07 6.319388e-06 -7.640778e-04 -7.593882e-05 1.299793e-05
 8976.600000 -3.050375e-05 -4.686093e-07 -2.810213e-07 -2.842168e-07 2.537689e-07 -7.669901e-04 -6.956836e-05 1.143645e-05
 8976.800000 -3.049575e-05 -4.683468e-07 -2.767340e-07 -2.852633e-07 5.022051e-06 -7.595108e-04 -4.601263e-05 6.522046e-06
 8977.000000 -3.050793e-05 -4.680562e-07 -2.720350e-07 -2.865920e-07 8.082656e-06 -7.428176e-04 -6.029096e-05 3.850064e-06
 8977.200000 -3.050862e-05 -4.682822e-07 -2.667676e-07 -2.878490e-07 9.352778e-07 -7.415365e-04 -5.333756e-05 5.687927e-06
 8977.400000 -3.048322e-05 -4.674084e-07 -2.594223e-07 -2.889113e-07 -3.957461e-06 -7.494009e-04 -6.320895e-05 -1.450409e-06
 8977.600000 -3.048358e-05 -4.677577e-07 -2.518626e-07 -2.908600e-07 -4.813690e-06 -7.679948e-04 -6.797708e-05 4.819020e-06
 8977.800000 -3.047242e-05 -4.654708e-07 -2.419596e-07 -2.925598e-07 1.227922e-07 -7.494080e-04 -6.575805e-05 8.985846e-06
 8978.000000 -3.046781e-05 -4.660619e-07 -2.328332e-07 -2.947027e-07 -2.188836e-06 -7.322889e-04 -6.496224e-05 8.656028e-06
 8978.200000 -3.045599e-05 -4.654486e-07 -2.219028e-07 -2.971454e-07 -4.622914e-06 -7.491863e-04 -6.437788e-05 8.961807e-06
 8978.400000 -3.042341e-05 -4.634927e-07 -2.106897e-07 -2.997138e-07 3.550543e-07 -7.555127e-04 -5.550023e-05 1.536020e-05
 8978.600000 -3.040262e-05 -4.641546e-07 -2.001213e-07 -3.029488e-07 -2.532351e-06 -7.645012e-04 -6.291491e-05 1.126587e-05
 8978.800000 -3.036388e-05 -4.617685e-07 -1.885451e-07 -3.067881e-07 -3.454712e-06 -7.560971e-04 -5.791731e-05 2.467310e-07
 8979.000000 -3.032628e-05 -4.615003e-07 -1.782300e-07 -3.114848e-07 2.368455e-06 -7.345506e-04 -6.262602e-05 2.224183e-06
 8979.200000 -3.028651e-05 -4.582041e-07 -1.674637e-07 -3.171022e-07 8.943868e-07 -7.521361e-04 -6.434222e-05 -3.879074e-06
 8979.400000 -3.032260e-05 -4.605899e-07 -1.594466e-07 -3.244975e-07 -2.416134e-06 -7.646016e-04 -5.008762e-05 1.407725e-06
 8979.600000 -3.035087e-05 -4.594742e-07 -1.514396e-07 -3.328188e-07 3.442169e-06 -7.751752e-04 -5.376616e-05 2.881380e-06
 8979.800000 -3.033004e-05 -4.574507e-07 -1.447286e-07 -3.415855e-07 4.984554e-06 -7.863804e-04 -5.348987e-05 8.875794e-06
 8980.000000 -3.028859e-05 -4.557059e-07 -1.394595e-07 -3.516053e-07 6.398915e-06 -7.744927e-04 -5.419979e-05 4.619896e-06
 8980.200000 -3.018449e-05 -4.533334e-07 -1.352566e-07 -3.611086e-07 9.814184e-06 -7.921872e-04 -5.739954e-05 -3.118310e-06
 8980.400000 -3.011401e-05 -4.508074e-07 -1.317870e-07 -3.717347e-07 5.532908e-06 -7.859055e-04 -5.556511e-05 8.504697e-07
 8980.600000 -3.010856e-05 -4.474261e-07 -1.290465e-07 -3.825015e-07 1.356393e-05 -7.814758e-04 -5.968341e-05 -5.518850e-06
 8980.800000 -3.014170e-05 -4.478666e-07 -1.279446e-07 -3.935445e-07 8.588148e-06 -7.753387e-04 -5.808597e-05 -3.689545e-06
 8981.000000 -3.020700e-05 -4.483479e-07 -1.276230e-07 -4.030043e-07 1.594853e-05 -7.687712e-04 -5.087432e-05 -7.131887e-06
 8981.200000 -3.022666e-05 -4.485488e-07 -1.276988e-07 -4.093831e-07 1.552446e-05 -7.775725e-04 -5.231323e-05 -8.455236e-06
 8981.400000 -3.022704e-05 -4.477937e-07 -1.277565e-07 -4.120104e-07 1.438992e-05 -7.705561e-04 -5.416380e-05 -1.085953e-07
 8981.600000 -3.017662e-05 -4.477246e-07 -1.280683e-07 -4.106620e-07 9.185343e-06 -7.629193e-04 -5.604150e-05 8.453505e-06
 8981.800000 -3.008479e-05 -4.465341e-07 -1.282367e-07 -4.059488e-07 9.059768e-06 -7.736950e-04 -6.567038e-05 -6.717411e-06
 8982.000000 -2.997427e-05 -4.427035e-07 -1.276346e-07 -3.984089e-07 2.128872e-06 -7.484397e-04 -6.620493e-05 -1.194881e-05
 8982.200000 -2.991819e-05 -4.426538e-07 -1.280851e-07 -3.917273e-07 3.963223e-06 -7.432756e-04 -4.849320e-05 -2.458056e-06
 8982.400000 -3.000541e-05 -4.475872e-07 -1.302624e-07 -3.871010e-07 8.314045e-06 -7.507043e-04 -4.998344e-05 -2.936695e-06
 8982.600000 -3.011506e-05 -4.495667e-07 -1.313331e-07 -3.842279e-07 1.065729e-05 -7.553231e-04 -3.894980e-05 -1.149871e-06
 8982.800000 -3.013796e-05 -4.504667e-07 -1.316814e-07 -3.805890e-07 1.046860e-05 -7.547984e-04 -5.637851e-05 -2.922048e-06
 8983.000000 -3.008989e-05 -4.517116e-07 -1.317000e-07 -3.769721e-07 5.731941e-06 -7.597467e-04 -5.205778e-05 3.942150e-06
 8983.200000 -3.003176e-05 -4.496345e-07 -1.303495e-07 -3.744700e-07 4.769664e-06 -7.308551e-04 -5.911803e-05 -1.000638e-06
 8983.400000 -3.000320e-05 -4.484436e-07 -1.289428e-07 -3.733363e-07 1.149212e-05 -7.429700e-04 -5.728864e-05 -5.124850e-06
 8983.600000 -2.996457e-05 -4.480877e-07 -1.274401e-07 -3.732005e-07 3.304342e-06 -7.355992e-04 -5.115711e-05 5.874665e-06
 8983.800000 -2.995057e-05 -4.474946e-07 -1.260672e-07 -3.745718e-07 7.436067e-06 -7.701487e-04 -6.748915e-05 3.666749e-06
 8984.000000 -2.992206e-05 -4.482200e-07 -1.247712e-07 -3.762136e-07 8.350620e-06 -7.853357e-04 -5.858100e-05 2.407734e-07
 8984.200000 -2.997701e-05 -4.464951e-07 -1.226457e-07 -3.801072e-07 2.027640e-06 -7.653922e-04 -4.911779e-05 4.211771e-06
 8984.400000 -3.002489e-05 -4.481133e-07 -1.212373e-07 -3.840949e-07 9.812484e-06 -7.657925e-04 -6.551350e-05 5.015613e-07
 8984.600000 -2.995266e-05 -4.436669e-07 -1.181849e-07 -3.858041e-07 1.483353e-05 -7.675561e-04 -6.328768e-05 -5.771413e-06
 8984.800000 -2.996918e-05 -4.459714e-07 -1.170685e-07 -3.895902e-07 -2.315627e-06 -7.558641e-04 -4.284370e-05 7.025186e-06
 8985.000000 -3.001381e-05 -4.477662e-07 -1.157779e-07 -3.938421e-07 3.945980e-06 -7.455408e-04 -5.745511e-05 5.194867e-06
 8985.200000 -3.002813e-05 -4.479579e-07 -1.144325e-07 -3.966001e-07 8.451447e-06 -7.479899e-04 -5.752931e-05 1.386486e-05
 8985.400000 -3.009226e-05 -4.488654e-07 -1.132426e-07 -4.007152e-07 2.044404e-06 -7.477526e-04 -6.804604e-05 7.854741e-06
 8985.600000 -3.010043e-05 -4.480137e-07 -1.114058e-07 -4.032546e-07 7.263954e-06 -7.574396e-04 -6.099812e-05 7.505476e-06
 8985.800000 -3.008689e-05 -4.477741e-07 -1.097437e-07 -4.052372e-07 -1.104002e-06 -7.470918e-04 -5.429111e-05 8.172342e-06
 8986.000000 -3.007709e-05 -4.467027e-07 -1.078244e-07 -4.070869e-07 6.489908e-06 -7.437912e-04 -5.781060e-05 9.888329e-06
 8986.200000 -3.007545e-05 -4.460857e-07 -1.059694e-07 -4.089574e-07 7.770207e-06 -7.385228e-04 -5.327449e-05 7.170418e-06
 8986.400000 -3.005356e-05 -4.473868e-07 -1.045293e-07 -4.109325e-07 1.487816e-06 -7.283753e-04 -6.662287e-05 -4.180158e-06
 8986.600000 -3.002923e-05 -4.451359e-07 -1.020525e-07 -4.125060e-07 1.987795e-06 -7.194023e-04 -6.495557e-05 -1.117854e-05
 8986.800000 -3.000566e-05 -4.468374e-07 -1.005655e-07 -4.149108e-07 3.833582e-06 -7.311329e-04 -5.911312e-05 -1.814626e-06
 8987.000000 -3.004248e-05 -4.454023e-07 -9.826747e-08 -4.191078e-07 6.625421e-06 -7.411730e-04 -7.009466e-05 -4.539500e-06
 8987.200000 -3.004398e-05 -4.447915e-07 -9.604787e-08 -4.227013e-07 -3.910173e-06 -7.351523e-04 -8.582797e-05 -1.561232e-05
 8987.400000 -3.002962e-05 -4.447232e-07 -9.401212e-08 -4.263007e-07 -9.400257e-07 -7.451672e-04 -7.822209e-05 -8.464830e-06
 8987.600000 -3.002075e-05 -4.442105e-07 -9.182118e-08 -4.297162e-07 5.246687e-07 -7.502410e-04 -6.727613e-05 2.044324e-06
 8987.800000 -3.000101e-05 -4.436019e-07 -8.959318e-08 -4.341170e-07 -3.482826e-06 -7.384285e-04 -7.712238e-05 -4.635495e-06
 8988.000000 -3.000118e-05 -4.423312e-07 -8.733047e-08 -4.388449e-07 2.892601e-06 -7.387713e-04 -6.314837e-05 -1.567059e-05
 8988.200000 -3.001032e-05 -4.432672e-07 -8.538035e-08 -4.446657e-07 3.419070e-06 -7.122249e-04 -5.858662e-05 -1.754848e-05
 8988.400000 -3.000408e-05 -4.414545e-07 -8.268287e-08 -4.498701e-07 -1.142038e-06 -7.330283e-04 -5.750782e-05 -7.473076e-06
 8988.600000 -3.000463e-05 -4.421833e-07 -8.036359e-08 -4.555552e-07 5.597395e-07 -7.406586e-04 -5.597796e-05 -1.013762e-05
 8988.800000 -2.998563e-05 -4.417053e-07 -7.781262e-08 -4.611647e-07 2.464105e-06 -7.543843e-04 -6.736210e-05 -4.689388e-06
 8989.000000 -2.996951e-05 -4.409673e-07 -7.507194e-08 -4.661773e-07 5.128983e-06 -7.517354e-04 -5.274582e-05 3.964095e-06
 8989.200000 -2.994919e-05 -4.406737e-07 -7.276457e-08 -4.714001e-07 -5.493345e-06 -7.209361e-04 -6.135966e-05 4.673724e-06
 8989.400000 -2.994426e-05 -4.393578e-07 -7.053749e-08 -4.767426e-07 -4.377355e-06 -7.214108e-04 -6.471731e-05 5.801650e-06
 8989.600000 -2.996124e-05 -4.395732e-07 -6.835064e-08 -4.825351e-07 2.030387e-06 -7.344228e-04 -5.946236e-05 -5.586138e-06
 8989.800000 -2.992938e-05 -4.373570e-07 -6.611470e-08 -4.874552e-07 -1.322110e-06 -7.264160e-04 -5.077404e-05 -1.491739e-05
 8990.000000 -2.991934e-05 -4.378552e-07 -6.416706e-08 -4.928668e-07 3.571177e-06 -7.375092e-04 -5.511369e-05 -1.192811e-05
 8990.200000 -2.993712e-05 -4.364752e-07 -6.197282e-08 -4.990211e-07 1.694968e-06 -7.301654e-04 -6.428408e-05 -5.260484e-06
 8990.400000 -2.990457e-05 -4.343577e-07 -5.984343e-08 -5.035526e-07 1.903915e-06 -7.423678e-04 -4.284171e-05 8.110521e-06
 8990.600000 -2.987899e-05 -4.353665e-07 -5.831219e-08 -5.082084e-07 8.779453e-06 -7.642420e-04 -5.013501e-05 7.066350e-06
 8990.800000 -2.987268e-05 -4.347494e-07 -5.667096e-08 -5.124347e-07 8.502901e-06 -7.446671e-04 -5.934771e-05 1.592923e-06
 8991.000000 -2.989141e-05 -4.349094e-07 -5.495694e-08 -5.176788e-07 1.155275e-05 -7.531479e-04 -6.888259e-05 -4.889437e-06
 8991.200000 -2.986367e-05 -4.336566e-07 -5.322801e-08 -5.197298e-07 4.712711e-06 -7.465501e-04 -6.951001e-05 -1.010286e-06
 8991.400000 -2.985974e-05 -4.342212e-07 -5.185086e-08 -5.231297e-07 6.598242e-06 -7.403066e-04 -6.955294e-05 8.281441e-06
 8991.600000 -2.985943e-05 -4.332497e-07 -5.047269e-08 -5.254248e-07 2.860248e-06 -7.587668e-04 -6.599712e-05 8.364390e-06
 8991.800000 -2.982836e-05 -4.331573e-07 -4.938205e-08 -5.262495e-07 6.538906e-06 -7.391703e-04 -6.573171e-05 1.959661e-06
 8992.000000 -2.983889e-05 -4.338850e-07 -4.864142e-08 -5.281937e-07 4.155646e-06 -7.352799e-04 -7.233771e-05 -2.594588e-06
 8992.200000 -2.983264e-05 -4.326874e-07 -4.769348e-08 -5.290669e-07 8.970002e-06 -7.426918e-04 -6.672958e-05 -1.009964e-06
 8992.400000 -2.983207e-05 -4.338635e-07 -4.724826e-08 -5.302275e-07 5.189327e-06 -7.386247e-04 -6.447507e-05 3.976041e-06
 8992.600000 -2.979953e-05 -4.330551e-07 -4.654074e-08 -5.300228e-07 -5.809809e-07 -7.461737e-04 -5.911313e-05 -5.109534e-06
 8992.800000 -2.977983e-05 -4.342595e-07 -4.607294e-08 -5.294688e-07 6.405961e-07 -7.585034e-04 -6.154630e-05 -1.147828e-05
 8993.000000 -2.974414e-05 -4.316915e-07 -4.532648e-08 -5.289972e-07 1.020906e-05 -7.656328e-04 -6.787300e-05 -1.181169e-05
 8993.200000 -2.972809e-05 -4.333112e-07 -4.558220e-08 -5.288597e-07 1.755615e-05 -7.766284e-04 -6.205498e-05 -5.305775e-06
 8993.400000 -2.977049e-05 -4.331984e-07 -4.580537e-08 -5.309167e-07 8.649786e-06 -7.751836e-04 -5.621240e-05 2.942766e-06
 8993.600000 -2.977065e-05 -4.323770e-07 -4.593999e-08 -5.313373e-07 7.505863e-06 -7.719881e-04 -5.904903e-05 -1.136083e-05
 8993.800000 -2.975857e-05 -4.339300e-07 -4.630184e-08 -5.323964e-07 7.985538e-06 -7.771850e-04 -4.745018e-05 -3.368153e-06
 8994.000000 -2.974331e-05 -4.323255e-07 -4.620508e-08 -5.329929e-07 -8.537317e-07 -7.664183e-04 -4.963822e-05 5.707282e-06
 8994.200000 -2.974552e-05 -4.333311e-07 -4.647323e-08 -5.349466e-07 -6.680875e-07 -7.503688e-04 -5.215549e-05 2.798889e-06
 8994.400000 -2.974660e-05 -4.322119e-07 -4.656216e-08 -5.370423e-07 -1.406335e-05 -7.423073e-04 -6.520997e-05 -3.993700e-06
 8994.600000 -2.972535e-05 -4.314110e-07 -4.708138e-08 -5.382998e-07 -1.310039e-05 -7.569051e-04 -6.676501e-05 -3.222305e-06
 8994.800000 -2.971346e-05 -4.314944e-07 -4.771825e-08 -5.409224e-07 -1.194992e-05 -7.549178e-04 -7.100415e-05 -5.837603e-07
 8995.000000 -2.970558e-05 -4.308734e-07 -4.843227e-08 -5.432374e-07 -1.727864e-05 -7.619404e-04 -7.910898e-05 1.276830e-06
 8995.200000 -2.969487e-05 -4.321615e-07 -4.922914e-08 -5.461098e-07 -8.211389e-06 -7.555442e-04 -7.409595e-05 4.042040e-07
 8995.400000 -2.971876e-05 -4.301057e-07 -4.968665e-08 -5.498536e-07 -1.163577e-05 -7.532804e-04 -7.315703e-05 -4.580711e-06
 8995.600000 -2.971909e-05 -4.316915e-07 -5.035276e-08 -5.534975e-07 -1.669342e-05 -7.615619e-04 -7.043234e-05 7.977444e-06
 8995.800000 -2.973154e-05 -4.309569e-07 -5.055857e-08 -5.568272e-07 -2.046545e-05 -7.429157e-04 -6.368942e-05 1.227204e-05
 8996.000000 -2.970321e-05 -4.303455e-07 -5.096789e-08 -5.590702e-07 -1.022323e-05 -7.299382e-04 -6.215289e-05 3.855611e-06
 8996.200000 -2.963979e-05 -4.280269e-07 -5.100316e-08 -5.595036e-07 -1.588045e-05 -7.295246e-04 -5.290224e-05 1.180742e-05
 8996.400000 -2.966432e-05 -4.276622e-07 -5.129448e-08 -5.627172e-07 -1.012467e-05 -7.523579e-04 -6.904785e-05 2.537101e-05
 8996.600000 -2.963497e-05 -4.277674e-07 -5.163548e-08 -5.634362e-07 -1.346925e-05 -7.441349e-04 -6.067235e-05 2.263623e-05
 8996.800000 -2.965516e-05 -4.279397e-07 -5.209120e-08 -5.651321e-07 2.845699e-06 -7.473707e-04 -6.062570e-05 2.708791e-05
 8997.000000 -2.970513e-05 -4.293566e-07 -5.270062e-08 -5.681263e-07 1.785992e-06 -7.489559e-04 -6.114109e-05 2.251252e-05
 8997.200000 -2.970117e-05 -4.293374e-07 -5.315483e-08 -5.680169e-07 1.390515e-06 -7.689748e-04 -6.922961e-05 2.617941e-05
 8997.400000 -2.966223e-05 -4.283131e-07 -5.335169e-08 -5.670640e-07 -4.501137e-08 -7.670250e-04 -5.984608e-05 7.923948e-06
 8997.600000 -2.963294e-05 -4.285510e-07 -5.366513e-08 -5.653614e-07 -2.289707e-06 -7.741310e-04 -6.607658e-05 -2.626084e-06
 8997.800000 -2.962242e-05 -4.267756e-07 -5.363188e-08 -5.640956e-07 6.238008e-07 -7.658108e-04 -5.341108e-05 5.770884e-06
 8998.000000 -2.957537e-05 -4.263800e-07 -5.339964e-08 -5.616885e-07 -1.102696e-06 -7.570185e-04 -6.428295e-05 5.381490e-06
 8998.200000 -2.962764e-05 -4.279290e-07 -5.353086e-08 -5.610946e-07 2.627121e-06 -7.748510e-04 -6.231742e-05 1.211676e-06
 8998.400000 -2.966396e-05 -4.288410e-07 -5.314458e-08 -5.600481e-07 4.155149e-06 -7.546540e-04 -6.040249e-05 -1.127533e-06
 8998.600000 -2.964244e-05 -4.293174e-07 -5.308433e-08 -5.575101e-07 1.155205e-06 -7.835279e-04 -6.164160e-05 -4.196186e-06
 8998.800000 -2.964285e-05 -4.287386e-07 -5.293202e-08 -5.543290e-07 1.924528e-06 -7.872561e-04 -4.957124e-05 -1.140702e-05
 8999.000000 -2.964358e-05 -4.294371e-07 -5.276850e-08 -5.518420e-07 2.681249e-06 -7.528848e-04 -5.742256e-05 -1.165404e-05
 8999.200000 -2.964410e-05 -4.295442e-07 -5.256500e-08 -5.494772e-07 8.149837e-06 -7.419546e-04 -6.164277e-05 -1.291613e-06
 8999.400000 -2.962564e-05 -4.290722e-07 -5.193075e-08 -5.464831e-07 1.705323e-06 -7.514223e-04 -5.811045e-05 -1.364394e-05
 8999.600000 -2.960985e-05 -4.290274e-07 -5.128398e-08 -5.436879e-07 1.688899e-06 -7.541194e-04 -5.935871e-05 -1.742954e-05
 8999.800000 -2.958308e-05 -4.291469e-07 -5.061226e-08 -5.406760e-07 -1.189450e-05 -7.568770e-04 -5.839324e-05 -1.235279e-05
 9000.000000 -2.960625e-05 -4.296761e-07 -5.026719e-08 -5.393437e-07 -3.148741e-06 -7.607351e-04 -4.210269e-05 -7.410637e-06
 9000.200000 -2.960799e-05 -4.298299e-07 -4.978682e-08 -5.375239e-07 -1.504998e-06 -7.481184e-04 -4.418588e-05 -2.535071e-06
 9000.400000 -2.957650e-05 -4.296792e-07 -4.910564e-08 -5.348048e-07 1.223107e-07 -7.481118e-04 -4.242999e-05 4.050539e-06
 9000.600000 -2.950569e-05 -4.279842e-07 -4.805806e-08 -5.310900e-07 1.596294e-06 -7.184009e-04 -5.361179e-05 -5.115089e-06
 9000.800000 -2.944321e-05 -4.273681e-07 -4.708226e-08 -5.286506e-07 1.724005e-06 -7.095021e-04 -4.927514e-05 -2.487256e-06
 9001.000000 -2.946846e-05 -4.271338e-07 -4.637332e-08 -5.286856e-07 -7.193809e-06 -7.088086e-04 -5.040833e-05 -8.756266e-06
 9001.200000 -2.942831e-05 -4.297963e-07 -4.605798e-08 -5.270935e-07 -2.581452e-06 -7.051865e-04 -5.694130e-05 -1.626667e-05
 9001.400000 -2.929191e-05 -4.261359e-07 -4.511597e-08 -5.234890e-07 -2.599590e-06 -6.987215e-04 -5.431253e-05 -2.222785e-05
 9001.600000 -2.914103e-05 -4.247870e-07 -4.466894e-08 -5.201134e-07 2.225963e-06 -7.158592e-04 -5.192429e-05 -1.186797e-05
 9001.800000 -2.895036e-05 -4.227953e-07 -4.417541e-08 -5.158721e-07 2.560843e-06 -7.168270e-04 -5.630467e-05 -4.716907e-06
 9002.000000 -2.888136e-05 -4.198470e-07 -4.365805e-08 -5.145569e-07 2.089116e-06 -7.101378e-04 -5.995060e-05 -3.730962e-06
 9002.200000 -2.892372e-05 -4.218298e-07 -4.363415e-08 -5.147653e-07 1.979127e-06 -7.060358e-04 -6.066414e-05 -8.673127e-06
 9002.400000 -2.895907e-05 -4.212154e-07 -4.347534e-08 -5.137779e-07 6.923194e-06 -7.103405e-04 -6.380421e-05 -1.364046e-05
 9002.600000 -2.913593e-05 -4.236615e-07 -4.378777e-08 -5.172362e-07 2.795375e-06 -7.020651e-04 -6.700632e-05 -1.584945e-05
 9002.800000 -2.931316e-05 -4.269342e-07 -4.430515e-08 -5.204796e-07 6.556276e-06 -7.022211e-04 -6.237091e-05 -1.295055e-05
 9003.000000 -2.946104e-05 -4.290040e-07 -4.469202e-08 -5.226262e-07 -3.649503e-07 -6.847544e-04 -6.114133e-05 -1.226890e-05
 9003.200000 -2.955352e-05 -4.316878e-07 -4.503843e-08 -5.235927e-07 8.936997e-06 -6.750467e-04 -5.226952e-05 -1.897050e-06
 9003.400000 -2.957125e-05 -4.310101e-07 -4.503340e-08 -5.227561e-07 2.218106e-06 -6.875800e-04 -6.455918e-05 -2.306658e-06
 9003.600000 -2.956413e-05 -4.314638e-07 -4.532816e-08 -5.217083e-07 1.242738e-05 -6.842019e-04 -6.342743e-05 -4.029347e-06
 9003.800000 -2.957525e-05 -4.304602e-07 -4.550511e-08 -5.206471e-07 2.456678e-05 -6.688039e-04 -5.815675e-05 -6.306212e-06
 9004.000000 -2.959319e-05 -4.308848e-07 -4.611807e-08 -5.205626e-07 2.241920e-05 -6.625369e-04 -4.715905e-05 -3.772542e-06
 9004.200000 -2.958002e-05 -4.301378e-07 -4.663868e-08 -5.193261e-07 2.253186e-05 -6.756212e-04 -3.958550e-05 -3.795268e-06
 9004.400000 -2.956903e-05 -4.312218e-07 -4.743087e-08 -5.181790e-07 3.022265e-05 -6.795028e-04 -4.237993e-05 7.851201e-06
 9004.600000 -2.956670e-05 -4.313129e-07 -4.813594e-08 -5.174322e-07 2.495856e-05 -6.631790e-04 -5.192904e-05 3.239820e-06
 9004.800000 -2.957417e-05 -4.309394e-07 -4.880214e-08 -5.170952e-07 1.423371e-05 -6.586383e-04 -5.641321e-05 -2.521130e-06
 9005.000000 -2.957555e-05 -4.313967e-07 -4.947195e-08 -5.171713e-07 2.215465e-05 -6.438000e-04 -5.101827e-05 -4.555857e-06
 9005.200000 -2.954637e-05 -4.298363e-07 -4.947875e-08 -5.156884e-07 2.161668e-05 -6.697027e-04 -6.556756e-05 -4.195273e-06
 9005.400000 -2.953653e-05 -4.308064e-07 -5.036931e-08 -5.150411e-07 3.047215e-05 -6.671468e-04 -6.108504e-05 -3.458724e-06
 9005.600000 -2.954603e-05 -4.297318e-07 -5.071426e-08 -5.149286e-07 3.062418e-05 -6.819535e-04 -6.970716e-05 2.832864e-06
 9005.800000 -2.954057e-05 -4.311850e-07 -5.130500e-08 -5.143196e-07 3.077304e-05 -6.438013e-04 -6.944526e-05 7.999558e-06
 9006.000000 -2.954368e-05 -4.313426e-07 -5.166259e-08 -5.139121e-07 1.790449e-05 -6.653717e-04 -6.347739e-05 -7.461520e-06
 9006.200000 -2.949971e-05 -4.301797e-07 -5.187426e-08 -5.117428e-07 1.319839e-05 -6.871557e-04 -7.040205e-05 -1.729670e-05
 9006.400000 -2.944815e-05 -4.296488e-07 -5.205257e-08 -5.095948e-07 1.100449e-05 -6.858281e-04 -6.455628e-05 -9.310330e-06
 9006.600000 -2.945907e-05 -4.298792e-07 -5.246276e-08 -5.091523e-07 1.173580e-05 -6.613417e-04 -7.095439e-05 -1.845733e-05
 9006.800000 -2.945942e-05 -4.310707e-07 -5.323341e-08 -5.086005e-07 1.804673e-05 -6.629308e-04 -6.432316e-05 -7.691377e-06
 9007.000000 -2.948274e-05 -4.303883e-07 -5.357825e-08 -5.091403e-07 1.522696e-05 -6.690115e-04 -6.004185e-05 3.252050e-07
 9007.200000 -2.951138e-05 -4.324350e-07 -5.417694e-08 -5.098180e-07 1.532796e-05 -6.665600e-04 -6.447313e-05 3.778379e-06
 9007.400000 -2.952248e-05 -4.323681e-07 -5.452770e-08 -5.095908e-07 1.563405e-05 -6.602065e-04 -6.310669e-05 5.665251e-07
 9007.600000 -2.950654e-05 -4.327373e-07 -5.499358e-08 -5.087474e-07 1.669469e-05 -6.570000e-04 -7.069810e-05 -1.404040e-05
 9007.800000 -2.949729e-05 -4.332101e-07 -5.517244e-08 -5.080755e-07 2.205349e-05 -6.693461e-04 -5.880362e-05 -9.973357e-07
 9008.000000 -2.945641e-05 -4.316627e-07 -5.535335e-08 -5.064246e-07 1.906765e-05 -6.807314e-04 -5.517171e-05 2.160404e-06
 9008.200000 -2.937723e-05 -4.299961e-07 -5.549352e-08 -5.042589e-07 2.953019e-05 -6.624712e-04 -6.211285e-05 8.989173e-06
 9008.400000 -2.936926e-05 -4.281762e-07 -5.553463e-08 -5.032229e-07 3.083799e-05 -6.609298e-04 -5.853176e-05 2.242109e-05
 9008.600000 -2.942130e-05 -4.312547e-07 -5.618541e-08 -5.046992e-07 2.753273e-05 -6.425779e-04 -7.537545e-05 7.944615e-06
 9008.800000 -2.946572e-05 -4.329662e-07 -5.672986e-08 -5.058446e-07 2.875568e-05 -6.486391e-04 -6.721230e-05 5.458551e-06
 9009.000000 -2.946124e-05 -4.319174e-07 -5.680094e-08 -5.056342e-07 2.717948e-05 -6.520102e-04 -6.630008e-05 1.114822e-05
 9009.227860 -2.947008e-05 -4.323572e-07 -5.696013e-08 -5.058466e-07 1.762096e-05 -6.664447e-04 -7.263826e-05 6.449345e-06
 9009.483581 -2.946714e-05 -4.329716e-07 -5.742029e-08 -5.058045e-07 2.189410e-05 -6.888321e-04 -7.553400e-05 8.802716e-06
 9009.767162 -2.945497e-05 -4.321853e-07 -5.775961e-08 -5.055431e-07 2.159008e-05 -6.991667e-04 -7.348253e-05 3.734921e-06
 9010.078604 -2.943838e-05 -4.322815e-07 -5.836114e-08 -5.050914e-07 1.980809e-05 -7.172799e-04 -7.198867e-05 -6.083615e-06
 9010.417905 -2.940667e-05 -4.314209e-07 -5.840192e-08 -5.042703e-07 2.667629e-05 -6.876676e-04 -7.092619e-05 -9.695630e-06
 9010.785067 -2.930951e-05 -4.290743e-07 -5.815449e-08 -5.026531e-07 2.669891e-05 -6.954516e-04 -5.629434e-05 1.398805e-06
 9011.180090 -2.925482e-05 -4.278046e-07 -5.804631e-08 -5.030590e-07 3.189675e-05 -6.946024e-04 -6.941350e-05 -1.871349e-06
 9011.602973 -2.917272e-05 -4.274963e-07 -5.789084e-08 -5.022976e-07 3.731140e-05 -6.761454e-04 -6.273887e-05 2.961813e-07
 9012.053716 -2.915156e-05 -4.281152e-07 -5.785440e-08 -5.034854e-07 2.334321e-05 -6.736408e-04 -6.366993e-05 1.377950e-06
 9012.532319 -2.919817e-05 -4.299230e-07 -5.820516e-08 -5.068449e-07 1.756876e-05 -6.782431e-04 -6.660141e-05 -6.723643e-06
 9013.038783 -2.922967e-05 -4.290979e-07 -5.767954e-08 -5.100834e-07 1.995534e-05 -6.866540e-04 -7.251828e-05 -5.038072e-06
 9013.573107 -2.927328e-05 -4.280056e-07 -5.688665e-08 -5.141549e-07 1.311404e-05 -6.806596e-04 -7.571023e-05 -2.556864e-06
 9014.135292 -2.936760e-05 -4.273862e-07 -5.641265e-08 -5.196699e-07 1.776107e-05 -6.652088e-04 -6.859197e-05 -2.146769e-06
 9014.725337 -2.947972e-05 -4.295439e-07 -5.611557e-08 -5.256005e-07 2.302529e-05 -6.773403e-04 -6.119383e-05 -6.017062e-06
 9015.343242 -2.952575e-05 -4.304916e-07 -5.577568e-08 -5.287810e-07 1.427923e-05 -6.579410e-04 -6.514263e-05 -3.258857e-06
 9015.989008 -2.937810e-05 -4.265048e-07 -5.421944e-08 -5.250283e-07 5.127303e-06 -6.418681e-04 -6.244596e-05 1.010650e-06
 9016.662634 -2.945660e-05 -4.290298e-07 -5.367866e-08 -5.273069e-07 -1.937049e-06 -6.411644e-04 -6.117753e-05 6.964847e-06
 9017.364120 -2.950522e-05 -4.306874e-07 -5.301303e-08 -5.271962e-07 8.255655e-06 -6.573740e-04 -6.484230e-05 -7.690442e-07
 9018.093467 -2.942987e-05 -4.294233e-07 -5.189353e-08 -5.220232e-07 1.453774e-05 -6.381545e-04 -5.757969e-05 2.885958e-06
 9018.850674 -2.943869e-05 -4.303781e-07 -5.068596e-08 -5.188415e-07 3.921431e-06 -6.413711e-04 -6.704930e-05 1.110947e-05
 9019.635741 -2.943868e-05 -4.304104e-07 -4.944504e-08 -5.152843e-07 1.531961e-05 -6.412776e-04 -6.334345e-05 1.299837e-05
 9020.448669 -2.941734e-05 -4.303866e-07 -4.857126e-08 -5.108902e-07 1.737576e-05 -6.002054e-04 -6.594250e-05 1.973968e-05
 9021.289457 -2.941291e-05 -4.309529e-07 -4.742138e-08 -5.073395e-07 7.991452e-06 -5.865927e-04 -5.637387e-05 2.124533e-05
 9022.158106 -2.942769e-05 -4.315012e-07 -4.634839e-08 -5.045807e-07 1.429102e-06 -5.707247e-04 -4.708403e-05 7.045939e-06
 9023.054614 -2.941294e-05 -4.312433e-07 -4.547586e-08 -5.016123e-07 1.417237e-05 -5.797414e-04 -4.970068e-05 -4.108556e-06
 9023.978983 -2.935045e-05 -4.302582e-07 -4.505303e-08 -4.983613e-07 1.577025e-06 -5.955288e-04 -5.574051e-05 1.841278e-06
 9024.931213 -2.930721e-05 -4.290253e-07 -4.458170e-08 -4.963413e-07 -6.270097e-06 -5.952211e-04 -5.427019e-05 1.662866e-07
 9025.911303 -2.934214e-05 -4.288895e-07 -4.460399e-08 -4.978666e-07 -8.302415e-06 -6.224708e-04 -5.612977e-05 1.782282e-06
 9026.919253 -2.935110e-05 -4.286224e-07 -4.535554e-08 -4.989716e-07 -5.315460e-06 -6.345256e-04 -6.631729e-05 9.126102e-07
 9027.955064 -2.932466e-05 -4.280059e-07 -4.651502e-08 -4.990375e-07 -1.535527e-06 -6.335421e-04 -6.502404e-05 6.515824e-06
 9029.018734 -2.928271e-05 -4.272447e-07 -4.803659e-08 -4.990120e-07 -4.047814e-07 -6.323591e-04 -6.093055e-05 2.505324e-05
 9030.110266 -2.928183e-05 -4.269735e-07 -4.923552e-08 -5.012316e-07 -1.480995e-06 -6.133478e-04 -4.797953e-05 3.287491e-05
 9031.232723 -2.925971e-05 -4.258945e-07 -5.056989e-08 -5.021816e-07 -8.951068e-06 -5.994843e-04 -5.054260e-05 3.877426e-05
 9032.367373 -2.917870e-05 -4.238165e-07 -5.184669e-08 -5.014231e-07 -1.284813e-05 -5.832868e-04 -5.608585e-05 3.665730e-05
 9033.514214 -2.922376e-05 -4.244034e-07 -5.299890e-08 -5.054157e-07 -8.844629e-06 -5.886447e-04 -6.319628e-05 3.403986e-05
 9034.673248 -2.919774e-05 -4.227842e-07 -5.337922e-08 -5.078716e-07 -1.955674e-05 -6.172054e-04 -6.092899e-05 3.146608e-05
 9035.844473 -2.920172e-05 -4.222082e-07 -5.341842e-08 -5.114755e-07 -1.064314e-05 -6.314048e-04 -5.614539e-05 3.642049e-05
 9037.027890 -2.918219e-05 -4.209748e-07 -5.304401e-08 -5.143720e-07 -8.126547e-06 -6.172330e-04 -5.865376e-05 3.340471e-05
 9038.223499 -2.916520e-05 -4.204873e-07 -5.298016e-08 -5.174890e-07 -7.430283e-06 -6.433527e-04 -6.682278e-05 3.262165e-05
 9039.431300 -2.917807e-05 -4.206014e-07 -5.264441e-08 -5.211534e-07 2.572370e-06 -6.387549e-04 -6.830811e-05 3.830476e-05
 9040.651293 -2.915529e-05 -4.195483e-07 -5.187728e-08 -5.229231e-07 1.956057e-06 -6.349387e-04 -6.114864e-05 3.094360e-05
 9041.883478 -2.912459e-05 -4.189605e-07 -5.143182e-08 -5.239518e-07 -1.143014e-06 -6.477619e-04 -4.764902e-05 3.704708e-05
 9043.127855 -2.907215e-05 -4.179821e-07 -5.126585e-08 -5.241365e-07 1.262864e-06 -6.261010e-04 -5.685303e-05 3.127264e-05
 9044.384423 -2.903432e-05 -4.171492e-07 -5.120723e-08 -5.245725e-07 -3.827843e-06 -6.213437e-04 -5.504633e-05 2.015580e-05
 9045.653184 -2.902355e-05 -4.170077e-07 -5.137805e-08 -5.263418e-07 -4.603454e-06 -6.418966e-04 -5.039447e-05 1.977596e-05
 9046.934136 -2.904282e-05 -4.174680e-07 -5.127253e-08 -5.289698e-07 2.603594e-06 -6.579564e-04 -6.780818e-05 1.868006e-05
 9048.227280 -2.902490e-05 -4.174648e-07 -5.076324e-08 -5.302388e-07 6.100670e-08 -6.612627e-04 -5.992121e-05 2.253126e-05
 9049.532617 -2.901409e-05 -4.179873e-07 -5.015891e-08 -5.317822e-07 -5.591603e-06 -6.520957e-04 -5.366370e-05 2.495424e-05
 9050.850145 -2.898238e-05 -4.175087e-07 -4.977703e-08 -5.323388e-07 -4.719459e-06 -6.576798e-04 -5.028673e-05 2.137932e-05
 9052.179865 -2.897639e-05 -4.169536e-07 -4.971103e-08 -5.333008e-07 6.157659e-06 -6.654660e-04 -3.846963e-05 2.816983e-05
 9053.521777 -2.897111e-05 -4.168713e-07 -4.981262e-08 -5.339570e-07 2.239002e-06 -6.606358e-04 -4.903410e-05 2.316523e-05
 9054.875881 -2.896864e-05 -4.179306e-07 -4.977348e-08 -5.343610e-07 -1.208479e-06 -6.586545e-04 -4.592502e-05 1.431292e-05
 9056.242177 -2.891004e-05 -4.164225e-07 -4.912641e-08 -5.322355e-07 -5.612767e-06 -6.590355e-04 -4.978255e-05 1.324187e-05
 9057.620664 -2.889911e-05 -4.168872e-07 -4.832180e-08 -5.320713e-07 4.113817e-07 -6.428395e-04 -5.283731e-05 2.025553e-05
 9059.011344 -2.874216e-05 -4.138763e-07 -4.704528e-08 -5.280466e-07 -7.834035e-06 -6.418896e-04 -5.569289e-05 6.149882e-06
 9060.414215 -2.862975e-05 -4.127133e-07 -4.644431e-08 -5.255050e-07 -8.565907e-06 -6.263872e-04 -5.280148e-05 1.198035e-05
 9061.829279 -2.880212e-05 -4.147622e-07 -4.638923e-08 -5.295333e-07 -7.076627e-06 -6.230170e-04 -5.591033e-05 1.062006e-05
 9063.256534 -2.880659e-05 -4.148741e-07 -4.604603e-08 -5.284792e-07 -7.021237e-06 -6.150362e-04 -5.763853e-05 1.102193e-06
 9064.695981 -2.884220e-05 -4.146568e-07 -4.543600e-08 -5.297421e-07 -1.240417e-05 -6.288323e-04 -5.058357e-05 1.263939e-06
 9066.147620 -2.885634e-05 -4.151817e-07 -4.471500e-08 -5.305425e-07 -5.798730e-06 -6.407781e-04 -3.861142e-05 1.849539e-05
 9067.611452 -2.881200e-05 -4.139687e-07 -4.394531e-08 -5.291573e-07 -1.636593e-06 -6.488132e-04 -4.386166e-05 1.903063e-05
 9069.087475 -2.875970e-05 -4.128403e-07 -4.322279e-08 -5.273840e-07 -1.889544e-06 -6.417018e-04 -3.762355e-05 2.470839e-05
 9070.575689 -2.877307e-05 -4.133993e-07 -4.302579e-08 -5.289011e-07 1.461320e-06 -6.419037e-04 -3.954759e-05 2.295416e-05
 9072.076096 -2.874237e-05 -4.124749e-07 -4.280804e-08 -5.287691e-07 1.476673e-06 -6.385098e-04 -4.053726e-05 2.310604e-05
 9073.588695 -2.877039e-05 -4.139121e-07 -4.352192e-08 -5.309215e-07 -7.580356e-06 -6.447595e-04 -4.326872e-05 2.589070e-05
 9075.113485 -2.878492e-05 -4.149317e-07 -4.438188e-08 -5.325708e-07 8.472347e-07 -6.488625e-04 -3.619194e-05 2.357942e-05
 9076.650468 -2.877592e-05 -4.152504e-07 -4.539738e-08 -5.327947e-07 6.440699e-07 -6.454410e-04 -3.862460e-05 2.381776e-05
 9078.199642 -2.876187e-05 -4.143691e-07 -4.627262e-08 -5.319467e-07 2.198732e-06 -6.561489e-04 -3.644464e-05 2.977482e-05
 9079.761009 -2.872004e-05 -4.124554e-07 -4.695758e-08 -5.303108e-07 -5.585739e-06 -6.507304e-04 -4.304265e-05 2.473196e-05
 9081.334567 -2.867853e-05 -4.114220e-07 -4.800352e-08 -5.296540e-07 -6.122745e-06 -6.357393e-04 -4.756692e-05 2.067640e-05
 9082.920317 -2.864795e-05 -4.113345e-07 -4.910933e-08 -5.301147e-07 -7.369793e-06 -6.355779e-04 -4.540340e-05 2.031831e-05
 9084.518259 -2.862363e-05 -4.126224e-07 -5.013141e-08 -5.300959e-07 1.019751e-05 -6.265987e-04 -4.373052e-05 3.026384e-05
 9086.128393 -2.860462e-05 -4.119846e-07 -5.053879e-08 -5.301162e-07 8.078588e-06 -6.070388e-04 -4.861631e-05 3.148597e-05
 9087.750719 -2.863234e-05 -4.113034e-07 -5.102152e-08 -5.313751e-07 6.729869e-06 -6.093777e-04 -5.473740e-05 2.059450e-05
 9089.385237 -2.865055e-05 -4.117227e-07 -5.148858e-08 -5.324657e-07 1.109878e-05 -5.996012e-04 -5.858847e-05 1.691943e-05
 9091.031946 -2.863594e-05 -4.111019e-07 -5.203720e-08 -5.325949e-07 5.355082e-06 -6.207564e-04 -6.118952e-05 2.772324e-05
 9092.690848 -2.865135e-05 -4.115904e-07 -5.283738e-08 -5.340298e-07 6.156939e-06 -6.422408e-04 -5.264001e-05 3.448584e-05
 9094.361942 -2.863731e-05 -4.109391e-07 -5.361009e-08 -5.342140e-07 7.745962e-06 -6.445022e-04 -4.873908e-05 3.680244e-05
 9096.045227 -2.862272e-05 -4.111438e-07 -5.474899e-08 -5.339894e-07 8.704459e-06 -6.295873e-04 -5.341959e-05 2.084616e-05
 9097.740704 -2.860530e-05 -4.108544e-07 -5.535831e-08 -5.333610e-07 5.312157e-06 -6.311343e-04 -4.387809e-05 2.720806e-05
 9099.448374 -2.854353e-05 -4.087105e-07 -5.517330e-08 -5.309878e-07 7.847936e-06 -6.301990e-04 -4.637201e-05 1.988155e-05
 9101.168235 -2.852815e-05 -4.087674e-07 -5.478227e-08 -5.307466e-07 8.639984e-07 -6.501814e-04 -5.081158e-05 2.272431e-05
 9102.900288 -2.856804e-05 -4.103314e-07 -5.364088e-08 -5.324775e-07 1.077422e-07 -6.498135e-04 -3.913634e-05 3.073557e-05
 9104.644533 -2.856093e-05 -4.101600e-07 -5.263297e-08 -5.329901e-07 -7.256597e-06 -6.571891e-04 -4.957178e-05 2.418823e-05
 9106.400970 -2.859933e-05 -4.110429e-07 -5.159533e-08 -5.344334e-07 8.939181e-07 -6.440011e-04 -4.366724e-05 2.697026e-05
 9108.169598 -2.858806e-05 -4.104413e-07 -5.057626e-08 -5.347037e-07 7.523000e-06 -6.371315e-04 -5.381174e-05 2.227830e-05
 9109.950419 -2.857223e-05 -4.107057e-07 -4.987649e-08 -5.348106e-07 2.586743e-06 -6.543974e-04 -6.062061e-05 2.379371e-05
 9111.743432 -2.857059e-05 -4.111229e-07 -4.939335e-08 -5.358003e-07 -2.550185e-06 -6.463804e-04 -6.044840e-05 2.077254e-05
 9113.548636 -2.855749e-05 -4.107589e-07 -4.947829e-08 -5.360351e-07 -1.799282e-06 -6.279747e-04 -7.849699e-05 1.906976e-05
 9115.366032 -2.854909e-05 -4.109007e-07 -4.956650e-08 -5.370367e-07 -6.683348e-06 -6.342273e-04 -7.049773e-05 2.920649e-05
 9117.195621 -2.854901e-05 -4.104085e-07 -4.948837e-08 -5.380089e-07 -5.367858e-06 -6.235456e-04 -7.086325e-05 2.242585e-05
 9119.037401 -2.852822e-05 -4.096319e-07 -4.915231e-08 -5.386478e-07 -1.041941e-06 -6.399338e-04 -7.034975e-05 2.602976e-05
 9120.891373 -2.851794e-05 -4.091753e-07 -4.834358e-08 -5.394044e-07 2.581091e-07 -6.134572e-04 -7.054529e-05 2.876857e-05
 9122.757537 -2.851147e-05 -4.091797e-07 -4.731820e-08 -5.405871e-07 6.404753e-06 -5.997732e-04 -6.806610e-05 1.722960e-05
 9124.635893 -2.849230e-05 -4.084266e-07 -4.585386e-08 -5.417620e-07 1.056023e-05 -6.075918e-04 -6.877846e-05 2.572186e-05
 9126.526441 -2.848292e-05 -4.081334e-07 -4.438868e-08 -5.431485e-07 7.655349e-06 -6.235210e-04 -6.569347e-05 3.445044e-05
 9128.429181 -2.843860e-05 -4.077643e-07 -4.312863e-08 -5.436819e-07 -1.925877e-07 -6.253614e-04 -7.207632e-05 2.408311e-05
 9130.344112 -2.833528e-05 -4.066695e-07 -4.231137e-08 -5.427673e-07 4.167974e-06 -6.176441e-04 -6.618266e-05 1.613907e-05
 9132.271236 -2.837736e-05 -4.061145e-07 -4.239051e-08 -5.444606e-07 1.017299e-05 -6.183280e-04 -7.179012e-05 1.692160e-05
 9134.210552 -2.841919e-05 -4.077088e-07 -4.295153e-08 -5.465268e-07 1.089922e-05 -6.178673e-04 -6.709055e-05 2.235700e-05
 9136.162059 -2.839078e-05 -4.080852e-07 -4.367649e-08 -5.470643e-07 4.546344e-06 -6.039501e-04 -6.344287e-05 2.344842e-05
 9138.125758 -2.836379e-05 -4.085045e-07 -4.419948e-08 -5.476463e-07 1.638059e-06 -5.709141e-04 -5.629535e-05 2.820837e-05
 9140.101649 -2.842193e-05 -4.091161e-07 -4.477746e-08 -5.501012e-07 7.536875e-06 -5.847021e-04 -5.450429e-05 3.568258e-05
 9142.089733 -2.845333e-05 -4.096711e-07 -4.579849e-08 -5.516939e-07 1.590319e-05 -5.964620e-04 -5.592201e-05 3.613054e-05
 9144.090008 -2.840379e-05 -4.088285e-07 -4.711444e-08 -5.513791e-07 7.991024e-06 -6.216654e-04 -7.251214e-05 2.894641e-05
 9146.102475 -2.837890e-05 -4.089337e-07 -4.880447e-08 -5.512451e-07 6.164770e-06 -6.115462e-04 -6.796315e-05 2.394786e-05
 9148.127133 -2.836599e-05 -4.077781e-07 -5.050754e-08 -5.517356e-07 3.429459e-06 -6.197069e-04 -6.710713e-05 2.034341e-05
 9150.163984 -2.831938e-05 -4.062766e-07 -5.213914e-08 -5.506063e-07 2.251291e-06 -6.116331e-04 -6.099319e-05 2.435365e-05
 9152.213027 -2.831065e-05 -4.063234e-07 -5.409453e-08 -5.507090e-07 5.132391e-07 -6.027106e-04 -7.110762e-05 2.308481e-05
 9154.274261 -2.812946e-05 -4.053490e-07 -5.577991e-08 -5.484870e-07 1.307318e-06 -5.923177e-04 -7.525825e-05 2.495545e-05
 9156.347688 -2.791781e-05 -4.024219e-07 -5.677707e-08 -5.452901e-07 3.518997e-06 -5.898675e-04 -7.461580e-05 2.289451e-05
 9158.433306 -2.838898e-05 -4.099393e-07 -5.849519e-08 -5.548267e-07 8.993120e-06 -5.871588e-04 -7.292296e-05 2.201410e-05
 9160.531117 -2.837322e-05 -4.101736e-07 -5.822779e-08 -5.549323e-07 7.716585e-06 -5.910380e-04 -7.444230e-05 2.188913e-05
 9162.641119 -2.834878e-05 -4.099373e-07 -5.716955e-08 -5.548081e-07 7.093353e-06 -5.800776e-04 -7.006772e-05 1.963118e-05
 9164.763313 -2.828227e-05 -4.079473e-07 -5.557111e-08 -5.528834e-07 9.485017e-06 -5.643976e-04 -7.580501e-05 1.547351e-05
 9166.897699 -2.820578e-05 -4.061123e-07 -5.356609e-08 -5.512820e-07 1.901089e-05 -5.718711e-04 -7.104305e-05 1.590448e-05
 9169.044277 -2.802734e-05 -4.048754e-07 -5.176191e-08 -5.492560e-07 1.242654e-05 -5.833266e-04 -7.416496e-05 1.344611e-05
 9171.203047 -2.796904e-05 -4.082127e-07 -5.107599e-08 -5.475800e-07 6.735642e-06 -5.856202e-04 -6.832627e-05 1.563184e-05
 9173.374008 -2.820425e-05 -4.091456e-07 -5.038571e-08 -5.527798e-07 1.103572e-05 -5.823915e-04 -7.347713e-05 1.288712e-05
 9175.557162 -2.833949e-05 -4.128597e-07 -5.077651e-08 -5.571149e-07 6.129639e-06 -5.856467e-04 -5.835779e-05 1.165650e-05
 9177.752508 -2.836913e-05 -4.141412e-07 -5.104627e-08 -5.595107e-07 5.627965e-06 -5.914481e-04 -6.946972e-05 1.841700e-05
 9179.960045 -2.837398e-05 -4.138774e-07 -5.112115e-08 -5.605397e-07 1.332986e-05 -6.030341e-04 -6.449029e-05 1.739690e-05
 9182.179775 -2.836912e-05 -4.140093e-07 -5.126907e-08 -5.612576e-07 1.548610e-05 -6.120425e-04 -6.476821e-05 1.328091e-05
 9184.411696 -2.835649e-05 -4.134602e-07 -5.137722e-08 -5.613895e-07 4.817882e-06 -6.121898e-04 -7.203889e-05 1.362121e-05
 9186.655809 -2.831657e-05 -4.128540e-07 -5.152490e-08 -5.607009e-07 4.180368e-06 -6.091892e-04 -7.419817e-05 2.142631e-05
 9188.912114 -2.827098e-05 -4.115629e-07 -5.156342e-08 -5.594322e-07 1.207613e-05 -6.207245e-04 -6.896641e-05 2.122740e-05
 9191.180611 -2.821061e-05 -4.097420e-07 -5.151853e-08 -5.583653e-07 1.156605e-05 -6.185658e-04 -5.864440e-05 2.627728e-05
 9193.461300 -2.825783e-05 -4.114601e-07 -5.191035e-08 -5.605969e-07 8.516351e-06 -6.187099e-04 -5.809420e-05 2.656162e-05
 9195.754181 -2.827121e-05 -4.121316e-07 -5.195974e-08 -5.622591e-07 3.585336e-06 -6.097638e-04 -5.396153e-05 1.830967e-05
 9198.059254 -2.833706e-05 -4.148988e-07 -5.226441e-08 -5.657722e-07 8.295570e-06 -6.025300e-04 -5.579414e-05 1.027257e-05
 9200.376518 -2.833788e-05 -4.149914e-07 -5.174816e-08 -5.671165e-07 8.317084e-06 -6.205515e-04 -5.559154e-05 1.983608e-05
 9202.705975 -2.827344e-05 -4.121483e-07 -5.050090e-08 -5.653336e-07 8.998482e-06 -6.092604e-04 -6.698417e-05 3.059920e-05
 9205.047623 -2.823096e-05 -4.113800e-07 -4.952348e-08 -5.643721e-07 8.356604e-06 -6.114558e-04 -6.394481e-05 3.546014e-05
 9207.401464 -2.826779e-05 -4.125009e-07 -4.898026e-08 -5.662510e-07 4.130435e-06 -6.268303e-04 -5.741893e-05 3.276317e-05
 9209.767496 -2.833457e-05 -4.151253e-07 -4.931349e-08 -5.695516e-07 9.172399e-06 -6.352909e-04 -5.565279e-05 3.032783e-05
 9212.145720 -2.840510e-05 -4.179630e-07 -4.987690e-08 -5.726177e-07 8.166621e-06 -6.220793e-04 -7.096009e-05 2.539373e-05
 9214.536136 -2.837630e-05 -4.171382e-07 -5.022915e-08 -5.723124e-07 1.056188e-05 -6.201512e-04 -7.385319e-05 1.837859e-05
 9216.938744 -2.837716e-05 -4.172981e-07 -5.065404e-08 -5.731545e-07 8.454009e-06 -6.141080e-04 -6.374447e-05 2.760817e-05
 9219.353544 -2.835279e-05 -4.167117e-07 -5.094631e-08 -5.733315e-07 5.298788e-08 -6.173884e-04 -6.516212e-05 2.834700e-05
 9221.780536 -2.838619e-05 -4.183820e-07 -5.192221e-08 -5.747681e-07 7.599231e-06 -6.147657e-04 -6.160742e-05 2.516891e-05
 9224.219720 -2.844200e-05 -4.209146e-07 -5.318276e-08 -5.769447e-07 1.484733e-06 -6.396397e-04 -6.467354e-05 1.869982e-05
 9226.671096 -2.844008e-05 -4.218420e-07 -5.430090e-08 -5.773496e-07 -6.021248e-06 -6.267471e-04 -5.015910e-05 2.165604e-05
 9229.134663 -2.842580e-05 -4.213515e-07 -5.542716e-08 -5.770249e-07 -7.282054e-06 -6.142535e-04 -6.077760e-05 2.668359e-05
 9231.610423 -2.850863e-05 -4.245687e-07 -5.692312e-08 -5.805700e-07 -6.555975e-06 -6.162519e-04 -5.448800e-05 2.279742e-05
 9234.098374 -2.850575e-05 -4.248474e-07 -5.810223e-08 -5.811048e-07 -5.538855e-06 -6.285760e-04 -5.702815e-05 2.542960e-05
 9236.598517 -2.854638e-05 -4.258544e-07 -5.894404e-08 -5.831565e-07 -6.120215e-06 -6.179116e-04 -5.413106e-05 2.672282e-05
 9239.110852 -2.854885e-05 -4.266842e-07 -5.928278e-08 -5.839078e-07 -4.013302e-06 -6.094579e-04 -5.575182e-05 2.218694e-05
 9241.635380 -2.859600e-05 -4.288177e-07 -5.941138e-08 -5.868823e-07 -4.382987e-06 -5.978530e-04 -6.466785e-05 2.669679e-05
 9244.172099 -2.856920e-05 -4.284251e-07 -5.908199e-08 -5.866058e-07 -1.618515e-06 -6.125902e-04 -5.778300e-05 2.630037e-05
 9246.721009 -2.857315e-05 -4.290228e-07 -5.909653e-08 -5.878835e-07 -8.534249e-07 -6.120486e-04 -5.720487e-05 2.590076e-05
 9249.282112 -2.859446e-05 -4.301375e-07 -5.921563e-08 -5.897300e-07 -1.338896e-05 -6.219900e-04 -5.322625e-05 1.677952e-05
 9251.855407 -2.860536e-05 -4.308664e-07 -5.921000e-08 -5.909623e-07 -8.079355e-06 -6.137119e-04 -6.168200e-05 8.425357e-06
 9254.440894 -2.858225e-05 -4.300071e-07 -5.892600e-08 -5.907293e-07 -1.015745e-06 -6.051120e-04 -6.676222e-05 7.999077e-06
 9257.038572 -2.862067e-05 -4.311931e-07 -5.902264e-08 -5.932786e-07 2.951079e-06 -5.979027e-04 -6.069123e-05 2.438913e-05
 9259.648443 -2.864918e-05 -4.324749e-07 -5.917775e-08 -5.951938e-07 1.935906e-06 -5.869115e-04 -6.523965e-05 2.516059e-05
 9262.270505 -2.861647e-05 -4.308245e-07 -5.880304e-08 -5.945290e-07 8.109825e-06 -5.942572e-04 -6.177308e-05 1.920768e-05
 9264.904759 -2.865705e-05 -4.327727e-07 -5.896954e-08 -5.969555e-07 9.390158e-06 -6.083114e-04 -6.038381e-05 1.282515e-05
 9267.551205 -2.871029e-05 -4.360963e-07 -5.899181e-08 -6.001246e-07 4.757512e-06 -6.236292e-04 -5.525224e-05 1.104308e-05
 9270.209844 -2.874576e-05 -4.366695e-07 -5.872552e-08 -6.023799e-07 8.754795e-06 -6.376938e-04 -5.553474e-05 8.158806e-06
 9272.880674 -2.877181e-05 -4.374927e-07 -5.839089e-08 -6.037506e-07 1.374691e-05 -6.427263e-04 -6.628106e-05 9.506825e-06
 9275.563696 -2.878139e-05 -4.372054e-07 -5.824168e-08 -6.045447e-07 1.557679e-05 -6.205702e-04 -6.242965e-05 2.260015e-05
 9278.258909 -2.879758e-05 -4.378218e-07 -5.818924e-08 -6.057056e-07 9.565681e-06 -6.165598e-04 -6.168036e-05 2.392062e-05
 9280.966315 -2.880354e-05 -4.382015e-07 -5.809829e-08 -6.064729e-07 1.141898e-05 -6.245800e-04 -6.008854e-05 2.708718e-05
 9283.685913 -2.880484e-05 -4.381564e-07 -5.828756e-08 -6.066735e-07 1.457556e-05 -6.306633e-04 -5.778052e-05 2.309748e-05
 9286.417702 -2.880742e-05 -4.387212e-07 -5.837527e-08 -6.071191e-07 8.977266e-06 -6.327254e-04 -5.226533e-05 2.248865e-05
 9289.161684 -2.875827e-05 -4.386601e-07 -5.815449e-08 -6.071125e-07 6.421292e-06 -6.440116e-04 -5.311288e-05 2.948188e-05
 9291.917857 -2.887532e-05 -4.419459e-07 -5.830180e-08 -6.113549e-07 5.738324e-06 -6.443754e-04 -6.096973e-05 2.648205e-05
 9294.686222 -2.895302e-05 -4.441932e-07 -5.835826e-08 -6.140634e-07 9.059390e-06 -6.488245e-04 -5.918466e-05 2.376151e-05
 9297.466780 -2.890120e-05 -4.438423e-07 -5.834424e-08 -6.141679e-07 3.418015e-06 -6.362078e-04 -5.508382e-05 3.544231e-05
 9300.259529 -2.878628e-05 -4.434825e-07 -5.861536e-08 -6.120587e-07 -5.079141e-06 -6.327682e-04 -6.743766e-05 2.736653e-05
 9303.064470 -2.894938e-05 -4.451540e-07 -5.922370e-08 -6.151535e-07 -1.235580e-05 -6.562054e-04 -5.503202e-05 2.232707e-05
 9305.881602 -2.902224e-05 -4.476857e-07 -6.011623e-08 -6.192339e-07 -1.421712e-05 -6.680117e-04 -5.392074e-05 2.315167e-05
 9308.710927 -2.901629e-05 -4.488561e-07 -6.102125e-08 -6.207426e-07 -1.423146e-05 -6.551905e-04 -5.985443e-05 3.142190e-05
 9311.552444 -2.909393e-05 -4.499101e-07 -6.187735e-08 -6.238415e-07 -1.223738e-05 -6.443254e-04 -5.949269e-05 2.960760e-05
 9314.406153 -2.913423e-05 -4.513623e-07 -6.273428e-08 -6.256797e-07 -6.004622e-06 -6.432724e-04 -5.966176e-05 2.960621e-05
 9317.272053 -2.916540e-05 -4.527974e-07 -6.328578e-08 -6.270903e-07 -7.068421e-06 -6.528716e-04 -5.513493e-05 3.231428e-05
 9320.150146 -2.919397e-05 -4.543971e-07 -6.404769e-08 -6.287688e-07 7.304979e-07 -6.489276e-04 -5.531911e-05 2.794483e-05
 9323.040430 -2.919146e-05 -4.552734e-07 -6.451957e-08 -6.298038e-07 6.847565e-06 -6.430588e-04 -7.103507e-05 2.206451e-05
 9325.942906 -2.908628e-05 -4.538916e-07 -6.433873e-08 -6.288223e-07 -6.077920e-06 -6.333364e-04 -5.891106e-05 2.637779e-05
 9328.857574 -2.928669e-05 -4.576629e-07 -6.488415e-08 -6.344366e-07 -3.456531e-06 -6.328391e-04 -4.459928e-05 2.880152e-05
 9331.784435 -2.931297e-05 -4.595649e-07 -6.543703e-08 -6.360749e-07 -8.564634e-06 -6.329242e-04 -5.646676e-05 2.537184e-05
 9334.723487 -2.932756e-05 -4.587642e-07 -6.563073e-08 -6.377127e-07 -6.167221e-06 -6.350249e-04 -5.952801e-05 2.370647e-05
 9337.674730 -2.937983e-05 -4.599235e-07 -6.619847e-08 -6.393363e-07 -3.554018e-06 -6.103881e-04 -6.588577e-05 2.113676e-05
 9340.638166 -2.937616e-05 -4.596297e-07 -6.662263e-08 -6.391341e-07 -4.189138e-07 -6.060122e-04 -6.135661e-05 2.070159e-05
 9343.613794 -2.943731e-05 -4.620563e-07 -6.743003e-08 -6.425058e-07 -8.506600e-06 -5.813723e-04 -7.073002e-05 2.088791e-05
 9346.601614 -2.948641e-05 -4.637808e-07 -6.783620e-08 -6.448143e-07 -8.691309e-06 -5.738603e-04 -6.286628e-05 2.371786e-05
 9349.601625 -2.950549e-05 -4.647852e-07 -6.777177e-08 -6.451612e-07 -7.724283e-06 -5.918623e-04 -6.198692e-05 2.264800e-05
 9352.613829 -2.949084e-05 -4.646041e-07 -6.734313e-08 -6.450247e-07 -6.746218e-07 -5.891421e-04 -5.248863e-05 2.715238e-05
 9355.638224 -2.955455e-05 -4.667760e-07 -6.745715e-08 -6.488726e-07 -2.786084e-06 -5.901368e-04 -5.446041e-05 2.940890e-05
 9358.674811 -2.962139e-05 -4.690072e-07 -6.822286e-08 -6.514611e-07 -4.360951e-07 -6.120614e-04 -5.049701e-05 2.709976e-05
 9361.723590 -2.965402e-05 -4.705611e-07 -6.861916e-08 -6.534604e-07 1.476152e-05 -5.982228e-04 -5.960156e-05 2.581504e-05
 9364.784561 -2.970483e-05 -4.728028e-07 -6.887449e-08 -6.558330e-07 2.013939e-05 -5.967281e-04 -7.105490e-05 2.381350e-05
 9367.857724 -2.971029e-05 -4.733272e-07 -6.858317e-08 -6.569024e-07 1.662855e-05 -6.169035e-04 -6.086370e-05 2.694169e-05
 9370.943079 -2.975568e-05 -4.751968e-07 -6.876924e-08 -6.590789e-07 7.456660e-06 -6.521982e-04 -6.579243e-05 3.544417e-05
 9374.040626 -2.979258e-05 -4.763607e-07 -6.903432e-08 -6.609192e-07 -2.057611e-06 -6.307592e-04 -6.662346e-05 4.000483e-05
 9377.150365 -2.983607e-05 -4.777833e-07 -6.932708e-08 -6.622906e-07 1.430274e-05 -6.320002e-04 -5.842993e-05 3.308479e-05
 9380.272295 -2.990724e-05 -4.804794e-07 -6.967758e-08 -6.662085e-07 2.917757e-05 -6.197686e-04 -5.272790e-05 3.886103e-05
 9383.406418 -2.992545e-05 -4.813171e-07 -6.977937e-08 -6.677484e-07 2.233287e-05 -5.831606e-04 -4.371058e-05 4.581451e-05
 9386.552732 -2.989111e-05 -4.801413e-07 -6.944045e-08 -6.674439e-07 1.419061e-05 -5.743299e-04 -5.151524e-05 4.150848e-05
 9389.711239 -2.992665e-05 -4.806327e-07 -6.925633e-08 -6.698883e-07 1.282135e-05 -6.048758e-04 -5.892378e-05 3.857447e-05
 9392.881937 -2.999433e-05 -4.827595e-07 -6.951911e-08 -6.728483e-07 1.213871e-05 -6.013277e-04 -6.069003e-05 2.953929e-05
 9396.064827 -3.002648e-05 -4.838714e-07 -6.992693e-08 -6.741988e-07 5.483186e-06 -5.952045e-04 -6.666983e-05 3.030129e-05
 9399.259909 -3.006194e-05 -4.852598e-07 -7.028885e-08 -6.762213e-07 -3.717637e-06 -5.926935e-04 -6.383496e-05 2.985309e-05
 9402.467183 -3.009179e-05 -4.861910e-07 -7.070787e-08 -6.781380e-07 5.691098e-07 -6.051876e-04 -6.007136e-05 2.579371e-05
 9405.686649 -3.016046e-05 -4.890131e-07 -7.163924e-08 -6.816458e-07 1.148957e-06 -6.052372e-04 -5.516088e-05 2.619374e-05
 9408.918307 -3.016461e-05 -4.892526e-07 -7.218825e-08 -6.826911e-07 -3.350222e-08 -5.954895e-04 -5.822459e-05 3.023781e-05
 9412.162157 -3.010618e-05 -4.875305e-07 -7.228067e-08 -6.806788e-07 9.759492e-07 -5.960640e-04 -5.781262e-05 3.235961e-05
 9415.418198 -3.014527e-05 -4.890465e-07 -7.261612e-08 -6.829486e-07 -1.157467e-06 -5.923682e-04 -5.592805e-05 2.820645e-05
 9418.686432 -3.016388e-05 -4.894663e-07 -7.304567e-08 -6.846266e-07 -7.762170e-06 -5.706348e-04 -5.367022e-05 3.113702e-05
 9421.966857 -3.017126e-05 -4.931255e-07 -7.401658e-08 -6.879648e-07 -5.737332e-06 -5.732410e-04 -5.343797e-05 3.048364e-05
 9425.259474 -3.026418e-05 -4.964194e-07 -7.498440e-08 -6.917745e-07 -8.379110e-06 -5.713914e-04 -5.099485e-05 2.691500e-05
 9428.564284 -3.040617e-05 -4.989469e-07 -7.553252e-08 -6.959635e-07 6.842181e-06 -5.590089e-04 -5.712052e-05 2.302264e-05
 9431.881285 -3.047416e-05 -5.020102e-07 -7.621988e-08 -6.994020e-07 1.208179e-05 -5.455832e-04 -4.810746e-05 2.567367e-05
 9435.210478 -3.047401e-05 -5.029195e-07 -7.630159e-08 -7.005528e-07 8.155809e-06 -5.725493e-04 -5.246967e-05 2.870315e-05
 9438.551863 -3.036709e-05 -4.988430e-07 -7.564309e-08 -6.966241e-07 8.553242e-06 -5.872391e-04 -5.686566e-05 2.176444e-05
 9441.905440 -3.032243e-05 -4.972786e-07 -7.535065e-08 -6.947502e-07 -7.957305e-07 -5.663693e-04 -5.711668e-05 2.989232e-05
 9445.271209 -3.047501e-05 -5.035499e-07 -7.679216e-08 -7.009812e-07 -8.060037e-06 -5.952969e-04 -6.340207e-05 2.307104e-05
 9448.649169 -3.064764e-05 -5.110307e-07 -7.844415e-08 -7.090588e-07 -7.455482e-06 -6.050918e-04 -6.082771e-05 2.623922e-05
 9452.039322 -3.072496e-05 -5.142435e-07 -7.923208e-08 -7.133854e-07 -8.035500e-06 -5.944728e-04 -5.811925e-05 2.370702e-05
 9455.441666 -3.070839e-05 -5.137529e-07 -7.939877e-08 -7.125491e-07 -6.039783e-06 -5.923221e-04 -6.097291e-05 2.452621e-05
 9458.856203 -3.057222e-05 -5.087351e-07 -7.855224e-08 -7.077242e-07 4.790772e-06 -5.979887e-04 -4.990749e-05 2.858401e-05
 9462.282931 -3.061319e-05 -5.107402e-07 -7.900126e-08 -7.099244e-07 2.304405e-06 -5.746849e-04 -4.469338e-05 2.768902e-05
 9465.721851 -3.076290e-05 -5.175749e-07 -8.026229e-08 -7.171571e-07 2.669813e-07 -5.342753e-04 -4.200095e-05 3.294764e-05
 9469.172964 -3.088302e-05 -5.223612e-07 -8.145718e-08 -7.229718e-07 -3.740391e-07 -5.458589e-04 -5.712805e-05 2.997240e-05
 9472.636268 -3.095076e-05 -5.258190e-07 -8.234015e-08 -7.260552e-07 6.874073e-06 -5.806672e-04 -5.647250e-05 3.095729e-05
 9476.111764 -3.099229e-05 -5.278266e-07 -8.262027e-08 -7.277457e-07 1.866505e-05 -5.785376e-04 -4.697175e-05 3.559908e-05
 9479.599451 -3.089266e-05 -5.244491e-07 -8.207041e-08 -7.238825e-07 1.068005e-05 -6.012133e-04 -5.469409e-05 4.189488e-05
 9483.099331 -3.088720e-05 -5.238408e-07 -8.214111e-08 -7.244489e-07 2.377201e-06 -6.017865e-04 -5.300266e-05 3.901148e-05
 9486.611403 -3.098021e-05 -5.283851e-07 -8.294220e-08 -7.297096e-07 4.989684e-06 -6.115870e-04 -5.633574e-05 3.673965e-05
 9490.135666 -3.101358e-05 -5.306408e-07 -8.320260e-08 -7.316986e-07 1.486439e-05 -6.221055e-04 -5.106643e-05 3.202852e-05
 9493.672122 -3.100506e-05 -5.302208e-07 -8.315981e-08 -7.320924e-07 2.491660e-05 -6.174425e-04 -4.528964e-05 3.081385e-05
 9497.220769 -3.114526e-05 -5.365061e-07 -8.401318e-08 -7.388097e-07 1.983881e-05 -5.905383e-04 -4.047885e-05 2.496133e-05
 9500.781609 -3.111549e-05 -5.381691e-07 -8.400666e-08 -7.402990e-07 1.746907e-05 -6.038084e-04 -4.645816e-05 2.814638e-05
 9504.354640 -3.108295e-05 -5.390087e-07 -8.440319e-08 -7.411669e-07 1.806994e-05 -6.285644e-04 -5.148098e-05 3.096620e-05
 9507.939863 -3.122394e-05 -5.410289e-07 -8.519381e-08 -7.448435e-07 2.686444e-05 -6.070643e-04 -5.714542e-05 3.303998e-05
 9511.537278 -3.125051e-05 -5.423935e-07 -8.545393e-08 -7.470145e-07 2.725480e-05 -6.067864e-04 -4.854541e-05 3.734735e-05
 9515.146885 -3.130693e-05 -5.462805e-07 -8.599788e-08 -7.501920e-07 2.672416e-05 -6.164667e-04 -4.874714e-05 2.806667e-05
 9518.768684 -3.137878e-05 -5.506190e-07 -8.715289e-08 -7.544915e-07 1.506759e-05 -6.230414e-04 -4.605206e-05 3.693222e-05
 9522.402675 -3.134248e-05 -5.495834e-07 -8.751645e-08 -7.535961e-07 8.259846e-06 -6.409688e-04 -4.283796e-05 3.439074e-05
 9526.048857 -3.135212e-05 -5.498904e-07 -8.799623e-08 -7.553519e-07 1.741841e-05 -6.278768e-04 -4.710105e-05 2.396986e-05
 9529.707232 -3.141060e-05 -5.537807e-07 -8.883675e-08 -7.595903e-07 1.699063e-05 -6.382128e-04 -4.891080e-05 3.481494e-05
 9533.377799 -3.146551e-05 -5.572656e-07 -8.952007e-08 -7.628630e-07 2.276333e-05 -6.341369e-04 -5.128916e-05 3.789098e-05
 9537.060557 -3.143689e-05 -5.571449e-07 -8.946158e-08 -7.636168e-07 2.202184e-05 -6.112485e-04 -4.646047e-05 3.560778e-05
 9540.755507 -3.126586e-05 -5.541301e-07 -8.939891e-08 -7.600774e-07 5.805702e-06 -6.347697e-04 -4.704179e-05 2.663268e-05
 9544.462650 -3.153844e-05 -5.608300e-07 -9.082446e-08 -7.688378e-07 -4.928466e-06 -6.469281e-04 -3.998158e-05 2.577190e-05
 9548.181984 -3.159087e-05 -5.642391e-07 -9.154070e-08 -7.714385e-07 -9.126318e-07 -6.546029e-04 -3.237354e-05 3.342444e-05
 9551.913510 -3.163292e-05 -5.676706e-07 -9.236111e-08 -7.742739e-07 9.285202e-06 -6.506925e-04 -2.852760e-05 3.161890e-05
 9555.657228 -3.167404e-05 -5.710458e-07 -9.310337e-08 -7.774962e-07 1.471822e-06 -6.456889e-04 -3.148478e-05 3.114619e-05
 9559.413138 -3.168096e-05 -5.730435e-07 -9.349523e-08 -7.795619e-07 7.252327e-07 -6.483969e-04 -3.697736e-05 2.780941e-05
 9563.181239 -3.162839e-05 -5.721799e-07 -9.359721e-08 -7.795651e-07 -6.027465e-07 -6.244170e-04 -4.500601e-05 3.557129e-05
 9566.961533 -3.163758e-05 -5.731245e-07 -9.425829e-08 -7.794274e-07 2.257582e-07 -6.151226e-04 -4.158324e-05 4.227314e-05
 9570.754019 -3.168392e-05 -5.779250e-07 -9.538030e-08 -7.831134e-07 -1.219998e-06 -6.097755e-04 -4.476979e-05 3.556529e-05
 9574.558696 -3.180348e-05 -5.832731e-07 -9.618623e-08 -7.894019e-07 -3.895732e-06 -6.285423e-04 -4.695255e-05 3.757820e-05
 9578.375565 -3.188036e-05 -5.864026e-07 -9.703769e-08 -7.931511e-07 -9.169015e-06 -6.343862e-04 -5.297891e-05 3.452149e-05
 9582.204627 -3.189248e-05 -5.883596e-07 -9.783835e-08 -7.946594e-07 -1.852449e-06 -6.438216e-04 -4.230779e-05 2.964414e-05
 9586.045880 -3.189838e-05 -5.903346e-07 -9.837376e-08 -7.959793e-07 2.348703e-06 -6.821731e-04 -4.486957e-05 2.098551e-05
 9589.899325 -3.186344e-05 -5.903534e-07 -9.836798e-08 -7.959033e-07 8.149792e-07 -6.755587e-04 -4.664711e-05 2.644259e-05
 9593.764962 -3.185855e-05 -5.915188e-07 -9.867308e-08 -7.969722e-07 1.257611e-05 -6.723573e-04 -4.303044e-05 3.343160e-05
 9597.642791 -3.186750e-05 -5.936523e-07 -9.950456e-08 -7.986280e-07 8.146890e-06 -6.427679e-04 -4.716200e-05 2.734046e-05
 9601.532812 -3.193767e-05 -5.980672e-07 -1.006237e-07 -8.036871e-07 5.004003e-06 -6.652342e-04 -4.795045e-05 2.155778e-05
 9605.435025 -3.189337e-05 -5.978018e-07 -1.004961e-07 -8.024892e-07 2.126039e-05 -6.615126e-04 -5.359873e-05 3.017963e-05
 9609.349429 -3.187153e-05 -5.978295e-07 -1.006715e-07 -8.021126e-07 2.138669e-05 -6.533380e-04 -5.142505e-05 2.723844e-05
 9613.276026 -3.201229e-05 -6.042420e-07 -1.022030e-07 -8.103944e-07 9.780405e-06 -6.545895e-04 -5.154441e-05 2.677099e-05
 9617.214814 -3.199771e-05 -6.052583e-07 -1.024640e-07 -8.116535e-07 4.826757e-06 -6.450275e-04 -5.580599e-05 2.137175e-05
 9621.165795 -3.202095e-05 -6.083198e-07 -1.030698e-07 -8.134200e-07 1.556084e-05 -6.432348e-04 -3.909502e-05 1.633413e-05
 9625.128967 -3.205395e-05 -6.109775e-07 -1.035782e-07 -8.157975e-07 1.588090e-05 -6.532609e-04 -5.516681e-05 2.429547e-05
 9629.104331 -3.206131e-05 -6.127104e-07 -1.037955e-07 -8.179824e-07 1.266955e-05 -6.431608e-04 -6.286821e-05 2.923444e-05
 9633.091888 -3.206397e-05 -6.148541e-07 -1.045073e-07 -8.204013e-07 8.440897e-06 -6.129952e-04 -6.804726e-05 2.341964e-05
 9637.091636 -3.212958e-05 -6.189990e-07 -1.056601e-07 -8.236632e-07 2.699739e-05 -6.114022e-04 -6.942786e-05 2.159179e-05
 9641.103575 -3.213236e-05 -6.210631e-07 -1.060636e-07 -8.256162e-07 2.782964e-05 -6.045657e-04 -6.608866e-05 1.936105e-05
 9645.127707 -3.207841e-05 -6.195299e-07 -1.059228e-07 -8.243477e-07 1.905740e-05 -5.976807e-04 -6.073606e-05 2.572078e-05
 9649.164031 -3.211449e-05 -6.227791e-07 -1.067813e-07 -8.275389e-07 2.134862e-05 -6.117847e-04 -5.737110e-05 2.748960e-05
 9653.212547 -3.215982e-05 -6.266765e-07 -1.079997e-07 -8.312705e-07 1.532831e-05 -6.082317e-04 -5.445426e-05 3.775911e-05
 9657.273254 -3.214990e-05 -6.273127e-07 -1.085317e-07 -8.324545e-07 4.793564e-06 -6.311828e-04 -5.286451e-05 3.968885e-05
 9661.346154 -3.202649e-05 -6.236447e-07 -1.077986e-07 -8.292404e-07 5.720463e-06 -6.208795e-04 -5.099366e-05 3.007251e-05
 9665.431245 -3.199062e-05 -6.254289e-07 -1.083076e-07 -8.317729e-07 7.459287e-06 -6.413435e-04 -4.077915e-05 3.220253e-05
 9669.528529 -3.213446e-05 -6.317021e-07 -1.098856e-07 -8.388376e-07 6.777537e-06 -6.178014e-04 -4.774268e-05 3.322887e-05
 9673.638004 -3.215875e-05 -6.343396e-07 -1.105266e-07 -8.420763e-07 5.820013e-06 -6.116343e-04 -5.226296e-05 2.913976e-05
 9677.759671 -3.215861e-05 -6.364582e-07 -1.111308e-07 -8.434911e-07 1.164341e-05 -6.154287e-04 -3.850344e-05 2.761051e-05
 9681.893530 -3.213041e-05 -6.371857e-07 -1.115982e-07 -8.439250e-07 8.113132e-06 -6.020976e-04 -5.470006e-05 2.738958e-05
 9686.039581 -3.210810e-05 -6.374705e-07 -1.119947e-07 -8.444858e-07 1.219649e-05 -5.914343e-04 -5.620798e-05 3.110492e-05
 9690.197824 -3.208822e-05 -6.386583e-07 -1.127064e-07 -8.448717e-07 1.133688e-05 -6.200795e-04 -4.728512e-05 3.184364e-05
 9694.368258 -3.208729e-05 -6.412874e-07 -1.132976e-07 -8.462050e-07 1.348885e-05 -6.153581e-04 -5.612486e-05 2.898771e-05
 9698.550885 -3.206281e-05 -6.417483e-07 -1.134126e-07 -8.466663e-07 1.655958e-05 -5.952558e-04 -5.498814e-05 3.200641e-05
 9702.745704 -3.212036e-05 -6.468022e-07 -1.146813e-07 -8.514057e-07 1.447123e-05 -6.001781e-04 -4.451264e-05 3.779711e-05
 9706.952714 -3.208186e-05 -6.484278e-07 -1.154066e-07 -8.514735e-07 2.329166e-05 -6.128281e-04 -3.988869e-05 4.258810e-05
 9711.171916 -3.210436e-05 -6.529553e-07 -1.163158e-07 -8.551967e-07 1.809627e-05 -5.992290e-04 -4.652373e-05 3.616442e-05
 9715.403311 -3.214956e-05 -6.553998e-07 -1.166254e-07 -8.578608e-07 2.652952e-05 -5.785419e-04 -4.209663e-05 3.362611e-05
 9719.646897 -3.216170e-05 -6.584832e-07 -1.178165e-07 -8.606294e-07 3.406689e-05 -5.728585e-04 -5.108560e-05 2.663843e-05
 9723.902675 -3.208644e-05 -6.575784e-07 -1.180644e-07 -8.591980e-07 2.943078e-05 -6.015426e-04 -5.608750e-05 1.141873e-05
 9728.170645 -3.210271e-05 -6.606315e-07 -1.187319e-07 -8.625252e-07 3.336027e-05 -6.117963e-04 -6.080450e-05 1.624820e-05
 9732.450807 -3.218026e-05 -6.656752e-07 -1.199263e-07 -8.684741e-07 2.359284e-05 -6.137778e-04 -5.421186e-05 3.185566e-05
 9736.743161 -3.219480e-05 -6.686969e-07 -1.208778e-07 -8.708707e-07 2.635639e-05 -6.240074e-04 -4.939540e-05 3.089341e-05
 9741.047707 -3.204065e-05 -6.649173e-07 -1.204408e-07 -8.649410e-07 2.598216e-05 -6.209961e-04 -5.847367e-05 2.258493e-05
 9745.364444 -3.192183e-05 -6.625958e-07 -1.199804e-07 -8.614802e-07 2.084370e-05 -6.112032e-04 -5.597945e-05 1.122812e-05
 9749.693374 -3.219485e-05 -6.772171e-07 -1.228350e-07 -8.765814e-07 1.663682e-05 -6.149654e-04 -4.608156e-05 1.539636e-05
 9754.034495 -3.220021e-05 -6.804102e-07 -1.236733e-07 -8.795414e-07 2.013887e-05 -6.241897e-04 -5.664332e-05 2.078850e-05
 9758.387809 -3.218645e-05 -6.828538e-07 -1.244916e-07 -8.814401e-07 1.830560e-05 -6.293044e-04 -5.101260e-05 1.440213e-05
 9762.753314 -3.215430e-05 -6.846540e-07 -1.249690e-07 -8.816760e-07 2.323967e-05 -6.325061e-04 -3.878694e-05 1.692121e-05
 9767.131011 -3.202661e-05 -6.814076e-07 -1.249165e-07 -8.767720e-07 1.963391e-05 -6.244629e-04 -4.862520e-05 2.210747e-05
 9771.520900 -3.205004e-05 -6.846518e-07 -1.254085e-07 -8.804391e-07 2.006018e-05 -5.966005e-04 -4.404293e-05 1.881810e-05
 9775.922981 -3.210733e-05 -6.899409e-07 -1.268091e-07 -8.859146e-07 2.120221e-05 -5.790527e-04 -4.377666e-05 2.069235e-05
 9780.337254 -3.194781e-05 -6.884265e-07 -1.264220e-07 -8.827544e-07 2.527307e-05 -5.998117e-04 -4.888119e-05 2.683290e-05
 9784.763719 -3.198765e-05 -6.909851e-07 -1.274130e-07 -8.862772e-07 2.404997e-05 -6.055058e-04 -4.239776e-05 2.537254e-05
 9789.202376 -3.207027e-05 -6.954516e-07 -1.288120e-07 -8.915085e-07 1.085287e-05 -5.763167e-04 -3.980158e-05 3.113185e-05
 9793.653224 -3.192310e-05 -6.947582e-07 -1.289312e-07 -8.890510e-07 1.034064e-05 -5.794550e-04 -4.703640e-05 2.054690e-05
 9798.116265 -3.202710e-05 -6.988098e-07 -1.298158e-07 -8.932936e-07 1.967746e-05 -5.786015e-04 -4.065830e-05 2.428556e-05
 9802.591497 -3.204874e-05 -7.015867e-07 -1.306857e-07 -8.965455e-07 2.253794e-05 -5.961844e-04 -4.866270e-05 2.860260e-05
 9807.078922 -3.203050e-05 -7.042472e-07 -1.314729e-07 -8.977909e-07 2.054631e-05 -5.887377e-04 -6.050188e-05 2.360102e-05
 9811.578538 -3.199879e-05 -7.057502e-07 -1.318126e-07 -8.991587e-07 1.555548e-05 -6.014943e-04 -5.583249e-05 2.394076e-05
 9816.090346 -3.198333e-05 -7.075060e-07 -1.328063e-07 -9.014924e-07 2.625059e-05 -5.820681e-04 -4.588760e-05 2.353555e-05
 9820.614346 -3.193903e-05 -7.091623e-07 -1.333006e-07 -9.018063e-07 1.785614e-05 -6.050432e-04 -4.914496e-05 2.466488e-05
 9825.150538 -3.182116e-05 -7.077696e-07 -1.333631e-07 -9.000591e-07 1.625946e-05 -6.039943e-04 -5.922528e-05 2.348615e-05
 9829.698922 -3.161645e-05 -7.061340e-07 -1.336065e-07 -8.981803e-07 2.257490e-05 -6.230437e-04 -4.840821e-05 2.330094e-05
 9834.259498 -3.165302e-05 -7.086843e-07 -1.341562e-07 -9.004949e-07 2.690056e-05 -6.416888e-04 -4.854158e-05 1.691381e-05
 9838.832266 -3.173424e-05 -7.126411e-07 -1.352030e-07 -9.047790e-07 2.742007e-05 -6.313175e-04 -5.149192e-05 1.788490e-05
 9843.417226 -3.181805e-05 -7.176829e-07 -1.366298e-07 -9.092414e-07 1.700833e-05 -6.452678e-04 -5.060764e-05 1.387910e-05
 9848.014377 -3.180264e-05 -7.194291e-07 -1.371929e-07 -9.109201e-07 1.919568e-05 -6.520822e-04 -5.311079e-05 9.237323e-06
 9852.623721 -3.180826e-05 -7.214614e-07 -1.380873e-07 -9.138943e-07 1.129086e-05 -6.644431e-04 -4.895600e-05 1.447064e-05
 9857.245256 -3.180268e-05 -7.238700e-07 -1.391086e-07 -9.165247e-07 2.944149e-06 -6.390461e-04 -4.880301e-05 1.158361e-05
 9861.878983 -3.175479e-05 -7.251775e-07 -1.392506e-07 -9.173551e-07 1.877480e-06 -6.675233e-04 -4.700780e-05 1.400869e-05
 9866.524902 -3.172911e-05 -7.272203e-07 -1.400596e-07 -9.186815e-07 6.151342e-07 -6.545994e-04 -5.042448e-05 2.130851e-05
 9871.183013 -3.169769e-05 -7.303018e-07 -1.408865e-07 -9.196860e-07 -7.699168e-06 -6.624021e-04 -5.817172e-05 2.658364e-05
 9875.853316 -3.159685e-05 -7.297920e-07 -1.412317e-07 -9.169283e-07 1.048104e-05 -6.413180e-04 -6.169154e-05 2.474580e-05
 9880.535811 -3.163142e-05 -7.336382e-07 -1.422676e-07 -9.219110e-07 1.428457e-05 -6.091962e-04 -5.090544e-05 2.090091e-05
 9885.230498 -3.160424e-05 -7.347467e-07 -1.427554e-07 -9.232706e-07 1.717663e-05 -6.346332e-04 -5.928610e-05 1.356753e-05
 9889.937377 -3.155952e-05 -7.356986e-07 -1.431813e-07 -9.236190e-07 1.490757e-05 -6.447703e-04 -6.123007e-05 1.028276e-05
 9894.656448 -3.157614e-05 -7.394652e-07 -1.442882e-07 -9.273164e-07 9.962157e-06 -6.497573e-04 -6.021505e-05 1.615793e-05
 9899.387710 -3.156911e-05 -7.426041e-07 -1.454214e-07 -9.301586e-07 6.096941e-06 -6.505281e-04 -6.476306e-05 2.219408e-05
 9904.131165 -3.155154e-05 -7.455213e-07 -1.461019e-07 -9.323041e-07 1.222290e-05 -6.476383e-04 -6.114711e-05 2.439570e-05
 9908.886811 -3.150153e-05 -7.473432e-07 -1.467850e-07 -9.324102e-07 1.121118e-05 -6.461702e-04 -6.336031e-05 2.756422e-05
 9913.654649 -3.147471e-05 -7.511584e-07 -1.478588e-07 -9.342553e-07 1.409502e-05 -6.658246e-04 -5.758954e-05 1.977213e-05
 9918.434679 -3.141890e-05 -7.540844e-07 -1.486133e-07 -9.342575e-07 1.491080e-05 -6.691241e-04 -5.478453e-05 1.793720e-05
 9923.226901 -3.140056e-05 -7.584284e-07 -1.499738e-07 -9.359544e-07 2.483847e-05 -6.572287e-04 -5.557785e-05 1.845652e-05
 9928.031315 -3.137663e-05 -7.612553e-07 -1.507155e-07 -9.378538e-07 1.899151e-05 -6.416552e-04 -5.696392e-05 1.711443e-05
 9932.847921 -3.124742e-05 -7.585019e-07 -1.503258e-07 -9.339495e-07 2.404995e-05 -6.491686e-04 -4.654194e-05 3.243622e-05
 9937.676719 -3.117682e-05 -7.597232e-07 -1.510072e-07 -9.351534e-07 2.265231e-05 -6.201416e-04 -4.847629e-05 3.849657e-05
 9942.517709 -3.107661e-05 -7.629908e-07 -1.522143e-07 -9.351145e-07 2.340699e-05 -5.811649e-04 -5.398647e-05 2.856502e-05
 9947.370891 -3.109186e-05 -7.636150e-07 -1.526072e-07 -9.382759e-07 2.229986e-05 -5.644247e-04 -5.471070e-05 2.425405e-05
 9952.236264 -3.117691e-05 -7.701919e-07 -1.542169e-07 -9.426461e-07 1.429076e-05 -5.356253e-04 -4.726482e-05 3.688087e-05
