# Facility.name: NSLS-II
# Facility.mode: Beam available
# Facility.current: 399.2856305189892
# Facility.current: 3 GeV
# Facility.year: 2023
# Facility.cycle: 2
# Facility.GUP: 312970
# Facility.SAF: 311402
# Experimenter.name: Esteban Fornero
# Beamline.name: ISS (8-ID)
# Beamline.x-ray_source: damping wiggler
# Beamline.collimation_mirror1.material: Si
# Beamline.collimation_mirror2.material: Pt
# Beamline.collimation_mirror2.bender_loading: -348.0
# Beamline.focusing: toroidal mirror
# Beamline.focusing.material: Pt
# Beamline.focusing.bender_loading: -418.0
# Beamline.harmonic_rejection: Si
# Mono.scan_mode: Si(111)
# Mono.d_spacing: 3.1354951
# Mono.scan_mode: pseudo-channel cut
# Mono.scan_type: fly_scan
# Mono.trajectory_name: 0f397ba2-1519.txt
# Mono.direction: None
# Mono.angle_offset: 0.69366577
# Mono.angle_offset: 39.744 deg
# Mono.encoder_resolution: 48.0 nrad
# Detector.I0: ion chamber
# Detector.I1: ion chamber
# Detector.I2: ion chamber
# Detector.IF: PIPS
# Detector.I0.length: 15 cm
# Detector.I1.length: 28 cm
# Detector.I2.length: 15 cm
# Detector.IF.thickness: 300 um
# Detector.I0.gas.N2: 38.0%
# Detector.I1.gas.N2: 38.0%
# Detector.I2.gas.N2: 38.0%
# Detector.I0.gas.He: 62.0%
# Detector.I1.gas.He: 62.0%
# Detector.I2.gas.He: 62.0%
# Detector.I0.voltage: -1649.99939
# Detector.I1.voltage: -1649.999146
# Detector.I2.voltage: -1650.0
# Detector.I0.gain: 4
# Detector.I1.gain: 6
# Detector.I2.gain: 6
# Detector.IF.gain: 6
# Detector.aux: {}
# Element.symbol: Ga
# Element.edge: K
# Element.line: None
# Scan.transient_id: 370606
# Scan.uid: 1b50c42f-33b2-4ca9-879e-4b3730f12631
# Scan.edge_energy: 10367.0
# Scan.start_time: 06/22/2023  16:30:29.078530
# Scan.end_time: 06/22/2023  16:31:04.184990
# Scan.name: CuGaO2-2nd H2 ramp (pos 001) Ga-K 0001
# Scan.comment: 
# Sample.name: CuGaO2-2nd
# Sample.comment: 
# Sample.position.x: -66.493997553
# Sample.position.y: 31.590026611
# Sample.position.z: -10.184937499999995
# Sample.position.theta: 845.5790000000001
# SampleHeater.temperature1.setpoint: 300.0
# SampleHeater.temperature1.readback: 1372.0
# SampleHeater.current.setpoint: 0.0
# SampleHeater.current.readback: 0.0
# SampleHeater.temperature2.setpoint: 260.25004981471096
# SampleHeater.temperature2.readback: 264.5
# SampleHeater.voltage.setpoint: 0.5430197059664101
# SampleHeater.voltage.readback: 0.899
# SampleHeater.PID.P: 0.025
# SampleHeater.PID.I: 0.07
# SampleHeater.PID.D: 0.0
# SampleGasCart.MFC.CH4.setpoint: 0.0
# SampleGasCart.MFC.CH4.readback: 0.0
# SampleGasCart.MFC.CO.setpoint: 0.0
# SampleGasCart.MFC.CO.readback: 0.0
# SampleGasCart.MFC.H2.setpoint: 10.0
# SampleGasCart.MFC.H2.readback: 10.012
# SampleGasCart.MFC.exhaust.setpoint: 100.0
# SampleGasCart.MFC.exhaust.readback: 9.93
# SampleGasHandlingSystem.gas_a.name: None
# SampleGasHandlingSystem.gas_b.name: None
# SampleGasHandlingSystem.gas_c.name: None
# SampleGasHandlingSystem.gas_d.name: None
# SampleGasHandlingSystem.gas_e.name: He
# SampleGasHandlingSystem.MFC1.setpoint: 0.0
# SampleGasHandlingSystem.MFC1.readback: -0.1302083283662796
# SampleGasHandlingSystem.MFC2.setpoint: 0.0
# SampleGasHandlingSystem.MFC2.readback: -0.0447591133415699
# SampleGasHandlingSystem.MFC3.setpoint: 0.0
# SampleGasHandlingSystem.MFC3.readback: 0.0244140625
# SampleGasHandlingSystem.MFC4.setpoint: 0.0
# SampleGasHandlingSystem.MFC4.readback: -0.0569661445915699
# SampleGasHandlingSystem.MFC5.setpoint: 0.0
# SampleGasHandlingSystem.MFC5.readback: -0.0040690102614462376
# SampleGasHandlingSystem.MFC6.setpoint: 0.0
# SampleGasHandlingSystem.MFC6.readback: -0.0325520820915699
# SampleGasHandlingSystem.MFC7.setpoint: 0.0
# SampleGasHandlingSystem.MFC7.readback: -0.0244140625
# SampleGasHandlingSystem.MFC8.setpoint: 0.0
# SampleGasHandlingSystem.MFC8.readback: -0.0773111954331398
# SampleGasHandlingSystem.MFC9.setpoint: 0.0
# SampleGasHandlingSystem.MFC9.readback: -0.048828125
# SampleGasHandlingSystem.MFC10.setpoint: 0.0
# SampleGasHandlingSystem.MFC10.readback: 0.01627604104578495
# SampleGasHandlingSystem.MFC11.setpoint: 0.0
# SampleGasHandlingSystem.MFC11.readback: -0.1017252579331398
# SampleGasHandlingSystem.MFC12.setpoint: 0.0
# SampleGasHandlingSystem.MFC12.readback: -0.048828125
# SampleGasHandlingSystem.MFC13.setpoint: 0.0
# SampleGasHandlingSystem.MFC13.readback: -0.0528971366584301
# SampleGasHandlingSystem.MFC14.setpoint: 0.0
# SampleGasHandlingSystem.MFC14.readback: -0.0651041641831398
# SampleGasHandlingSystem.MFC15.setpoint: 0.0
# SampleGasHandlingSystem.MFC15.readback: -0.1180013045668602
# SampleGasHandlingSystem.MFC16.setpoint: 0.0
# SampleGasHandlingSystem.MFC16.readback: -0.0325520820915699
# SampleGasHandlingSystem.RGA.ch1.mass: 2
# SampleGasHandlingSystem.RGA.ch1.readback: 7.34784e-07
# SampleGasHandlingSystem.RGA.ch2.mass: 4
# SampleGasHandlingSystem.RGA.ch2.readback: 4.80503e-11
# SampleGasHandlingSystem.RGA.ch3.mass: 12
# SampleGasHandlingSystem.RGA.ch3.readback: 2.01007e-12
# SampleGasHandlingSystem.RGA.ch4.mass: 16
# SampleGasHandlingSystem.RGA.ch4.readback: 4.9458e-10
# SampleGasHandlingSystem.RGA.ch5.mass: 18
# SampleGasHandlingSystem.RGA.ch5.readback: 3.86462e-09
# SampleGasHandlingSystem.RGA.ch6.mass: 28
# SampleGasHandlingSystem.RGA.ch6.readback: 1.0707e-08
# SampleGasHandlingSystem.RGA.ch7.mass: 32
# SampleGasHandlingSystem.RGA.ch7.readback: 1.56546e-09
# SampleGasHandlingSystem.RGA.ch8.mass: 40
# SampleGasHandlingSystem.RGA.ch8.readback: 1.11477e-11
# SampleGasHandlingSystem.RGA.ch9.mass: 44
# SampleGasHandlingSystem.RGA.ch9.readback: 8.32843e-12
# energy  i0  it  ir  iff  aux1  aux2  aux3  aux4
10167.000000 -2.949751e-05 -8.720551e-07 -2.531399e-07 -1.004377e-06 2.858288e-05 -1.726989e-04 -3.772151e-05 -1.339170e-05
10172.000000 -2.940689e-05 -8.679933e-07 -2.507551e-07 -1.004449e-06 2.532526e-05 -1.525750e-04 -4.180227e-05 -1.679494e-05
10177.000000 -2.933092e-05 -8.690750e-07 -2.486374e-07 -1.004359e-06 2.476856e-05 -1.343330e-04 -4.594606e-05 -2.263009e-05
10182.000000 -2.929216e-05 -8.705749e-07 -2.444678e-07 -1.006456e-06 2.842730e-05 -1.307792e-04 -4.883274e-05 -1.840240e-05
10187.000000 -2.928300e-05 -8.681408e-07 -2.352513e-07 -1.008508e-06 3.703313e-05 -1.316098e-04 -3.893773e-05 -1.419236e-05
10192.000000 -2.932778e-05 -8.702526e-07 -2.156777e-07 -1.012016e-06 3.643305e-05 -1.396984e-04 -2.777827e-05 -1.510998e-05
10197.000000 -2.928718e-05 -8.713021e-07 -1.602720e-07 -1.011834e-06 4.012236e-05 -1.639121e-04 -2.381980e-05 -1.593002e-05
10202.000000 -2.927479e-05 -8.747347e-07 -5.405135e-08 -1.015082e-06 4.183857e-05 -1.622391e-04 -2.838656e-05 -1.645144e-05
10207.000000 -2.924895e-05 -8.760087e-07 -2.120233e-08 -1.016321e-06 4.208148e-05 -1.821557e-04 -3.767441e-05 -2.310086e-05
10212.000000 -2.923271e-05 -8.778095e-07 -4.344230e-08 -1.018188e-06 4.433097e-05 -1.825516e-04 -4.566173e-05 -1.835120e-05
10217.000000 -2.922766e-05 -8.813618e-07 -5.649138e-08 -1.021945e-06 4.457132e-05 -1.782262e-04 -3.738952e-05 -5.452939e-06
10222.000000 -2.917043e-05 -8.818157e-07 -6.681285e-08 -1.021381e-06 4.217335e-05 -1.603793e-04 -3.322574e-05 -3.904667e-07
10227.000000 -2.913838e-05 -8.831265e-07 -7.369292e-08 -1.022667e-06 4.680738e-05 -1.762522e-04 -3.671029e-05 -5.047896e-07
10232.000000 -2.909415e-05 -8.858642e-07 -7.629001e-08 -1.024146e-06 4.899295e-05 -1.983312e-04 -3.472990e-05 8.810256e-07
10237.000000 -2.906185e-05 -8.862845e-07 -7.808653e-08 -1.024131e-06 4.077829e-05 -1.989594e-04 -4.001928e-05 6.414847e-08
10242.000000 -2.906510e-05 -8.907901e-07 -7.967984e-08 -1.028814e-06 3.665814e-05 -2.187310e-04 -3.792277e-05 3.575499e-06
10247.000000 -2.901729e-05 -8.930561e-07 -8.285570e-08 -1.029998e-06 3.598994e-05 -2.346031e-04 -4.430385e-05 -3.581426e-06
10252.000000 -2.898874e-05 -8.952745e-07 -8.296560e-08 -1.031057e-06 3.013444e-05 -2.071909e-04 -3.878367e-05 -1.652161e-06
10257.000000 -2.894460e-05 -8.968307e-07 -7.996031e-08 -1.030931e-06 3.759237e-05 -2.132763e-04 -3.509421e-05 -2.509714e-06
10262.000000 -2.887716e-05 -8.988847e-07 -7.945737e-08 -1.031400e-06 3.079587e-05 -2.358257e-04 -3.724953e-05 -6.601643e-06
10267.000000 -2.885004e-05 -8.995434e-07 -8.061463e-08 -1.030800e-06 3.151311e-05 -2.428010e-04 -4.278122e-05 -5.100305e-08
10272.000000 -2.888776e-05 -9.047183e-07 -8.176098e-08 -1.037073e-06 2.992007e-05 -2.337093e-04 -3.805053e-05 -8.559231e-07
10277.000000 -2.883713e-05 -9.068206e-07 -8.116121e-08 -1.038610e-06 3.365920e-05 -2.228344e-04 -3.535350e-05 -4.578971e-06
10282.000000 -2.871597e-05 -9.080573e-07 -8.019456e-08 -1.037796e-06 4.298952e-05 -2.311884e-04 -3.812540e-05 -9.433021e-06
10287.000000 -2.876389e-05 -9.120997e-07 -8.133781e-08 -1.042788e-06 4.392633e-05 -2.139851e-04 -3.781044e-05 -9.963260e-06
10292.000000 -2.870982e-05 -9.128937e-07 -8.332037e-08 -1.043231e-06 5.096506e-05 -2.081031e-04 -4.480243e-05 -1.637317e-05
10297.000000 -2.869957e-05 -9.170611e-07 -8.501020e-08 -1.047026e-06 5.637356e-05 -2.087152e-04 -3.128696e-05 -4.018890e-06
10302.000000 -2.869319e-05 -9.199319e-07 -8.489484e-08 -1.049433e-06 5.018736e-05 -2.061423e-04 -2.647385e-05 -2.640546e-06
10307.000000 -2.866403e-05 -9.228323e-07 -8.472959e-08 -1.050928e-06 3.397737e-05 -2.087993e-04 -3.167707e-05 1.147227e-06
10312.000000 -2.862739e-05 -9.261409e-07 -8.518295e-08 -1.052321e-06 2.652228e-05 -2.163042e-04 -4.461639e-05 -5.679287e-06
10317.000000 -2.857402e-05 -9.276629e-07 -8.462251e-08 -1.052933e-06 3.103002e-05 -2.431330e-04 -4.469588e-05 -8.440461e-06
10322.000000 -2.857142e-05 -9.320130e-07 -8.441359e-08 -1.057603e-06 4.578689e-05 -2.326246e-04 -5.041127e-05 -9.379192e-06
10327.000000 -2.853517e-05 -9.346963e-07 -8.365264e-08 -1.059483e-06 4.812005e-05 -2.440872e-04 -4.663157e-05 -4.234144e-06
10332.000000 -2.840629e-05 -9.318385e-07 -8.262293e-08 -1.058407e-06 4.484467e-05 -2.628327e-04 -4.538197e-05 -9.197660e-06
10337.000000 -2.848270e-05 -9.346621e-07 -8.276929e-08 -1.064685e-06 4.216529e-05 -2.453207e-04 -4.528820e-05 -1.256353e-05
10341.000000 -2.843017e-05 -9.327655e-07 -8.300978e-08 -1.066031e-06 4.584629e-05 -2.052356e-04 -4.660199e-05 -1.402970e-05
10344.000000 -2.841880e-05 -9.343796e-07 -8.387407e-08 -1.070744e-06 4.806739e-05 -1.885859e-04 -5.142518e-05 -1.399659e-05
10346.000000 -2.837598e-05 -9.347026e-07 -8.485231e-08 -1.070265e-06 4.175984e-05 -2.159370e-04 -5.008261e-05 -1.505421e-05
10347.000000 -2.834015e-05 -9.336420e-07 -8.507030e-08 -1.068243e-06 3.315337e-05 -2.220062e-04 -5.033875e-05 -1.357462e-05
10347.200000 -2.832226e-05 -9.325512e-07 -8.524047e-08 -1.066449e-06 3.764343e-05 -2.228671e-04 -5.442326e-05 -1.335474e-05
10347.400000 -2.829335e-05 -9.308292e-07 -8.515277e-08 -1.065688e-06 3.313389e-05 -2.144364e-04 -4.829761e-05 -6.532853e-06
10347.600000 -2.830645e-05 -9.324620e-07 -8.538975e-08 -1.066737e-06 2.888161e-05 -2.282339e-04 -5.817845e-05 -7.614176e-06
10347.800000 -2.832115e-05 -9.333049e-07 -8.548281e-08 -1.068959e-06 2.873785e-05 -2.329697e-04 -5.947365e-05 -7.014358e-06
10348.000000 -2.833950e-05 -9.339999e-07 -8.528848e-08 -1.071123e-06 3.252634e-05 -2.364235e-04 -5.067025e-05 -1.452282e-05
10348.200000 -2.837709e-05 -9.370067e-07 -8.568169e-08 -1.074345e-06 4.248516e-05 -2.318898e-04 -5.014613e-05 -1.937318e-05
10348.400000 -2.838792e-05 -9.366010e-07 -8.593350e-08 -1.075613e-06 3.561535e-05 -2.336012e-04 -6.005489e-05 -1.819030e-05
10348.600000 -2.837716e-05 -9.366766e-07 -8.628454e-08 -1.074588e-06 3.905765e-05 -2.382010e-04 -5.738573e-05 -1.682167e-05
10348.800000 -2.836567e-05 -9.356305e-07 -8.648279e-08 -1.074727e-06 4.068182e-05 -2.236936e-04 -5.028709e-05 -1.679125e-05
10349.000000 -2.835916e-05 -9.349717e-07 -8.667753e-08 -1.075144e-06 3.934462e-05 -2.427009e-04 -6.781249e-05 -1.986622e-05
10349.200000 -2.837859e-05 -9.385107e-07 -8.695755e-08 -1.076808e-06 3.705008e-05 -2.517240e-04 -7.148794e-05 -1.746884e-05
10349.400000 -2.835819e-05 -9.363564e-07 -8.666927e-08 -1.074695e-06 3.440333e-05 -2.392609e-04 -6.755713e-05 -2.161900e-05
10349.600000 -2.836311e-05 -9.381400e-07 -8.665998e-08 -1.076507e-06 3.958385e-05 -2.597826e-04 -7.244689e-05 -2.355017e-05
10349.800000 -2.836320e-05 -9.363688e-07 -8.659371e-08 -1.076999e-06 3.588682e-05 -2.716953e-04 -6.396130e-05 -1.677903e-05
10350.000000 -2.836619e-05 -9.374152e-07 -8.691976e-08 -1.076924e-06 3.992079e-05 -2.758320e-04 -6.032016e-05 -1.575697e-05
10350.200000 -2.838631e-05 -9.386545e-07 -8.737813e-08 -1.077883e-06 4.521447e-05 -2.878560e-04 -6.261474e-05 -1.047879e-05
10350.400000 -2.835364e-05 -9.346667e-07 -8.707703e-08 -1.076491e-06 3.763081e-05 -2.995748e-04 -7.800628e-05 -1.602556e-05
10350.600000 -2.835678e-05 -9.374338e-07 -8.742862e-08 -1.078350e-06 3.915015e-05 -2.772548e-04 -7.836065e-05 -1.842847e-05
10350.800000 -2.836811e-05 -9.371140e-07 -8.751825e-08 -1.079630e-06 4.313091e-05 -2.848925e-04 -6.905866e-05 -7.692063e-06
10351.000000 -2.836801e-05 -9.387388e-07 -8.756915e-08 -1.080253e-06 5.428352e-05 -2.985643e-04 -6.506625e-05 -1.185525e-05
10351.200000 -2.835179e-05 -9.365576e-07 -8.743680e-08 -1.079259e-06 4.999964e-05 -3.109647e-04 -7.817682e-05 -1.441403e-05
10351.400000 -2.835671e-05 -9.358197e-07 -8.745190e-08 -1.079731e-06 6.034570e-05 -3.228029e-04 -7.095519e-05 -1.082502e-05
10351.600000 -2.835309e-05 -9.371104e-07 -8.751756e-08 -1.080892e-06 5.310623e-05 -2.995371e-04 -6.944749e-05 -1.381257e-05
10351.800000 -2.834187e-05 -9.344446e-07 -8.741082e-08 -1.080359e-06 4.221607e-05 -2.941523e-04 -7.811669e-05 -9.292088e-06
10352.000000 -2.834866e-05 -9.368254e-07 -8.758758e-08 -1.080862e-06 4.456242e-05 -2.970924e-04 -6.664936e-05 -5.294346e-06
10352.200000 -2.834639e-05 -9.353290e-07 -8.756804e-08 -1.081323e-06 4.201905e-05 -3.076873e-04 -6.745930e-05 -1.101719e-05
10352.400000 -2.834774e-05 -9.360604e-07 -8.777748e-08 -1.081611e-06 5.017998e-05 -2.990049e-04 -7.172687e-05 -1.629707e-05
10352.600000 -2.834424e-05 -9.370874e-07 -8.805322e-08 -1.081839e-06 4.705706e-05 -2.944617e-04 -7.400706e-05 -1.655868e-05
10352.800000 -2.831845e-05 -9.341799e-07 -8.784427e-08 -1.080533e-06 5.410866e-05 -2.852609e-04 -6.997794e-05 -8.344170e-06
10353.000000 -2.832422e-05 -9.363079e-07 -8.801197e-08 -1.081775e-06 4.677867e-05 -2.935438e-04 -6.515983e-05 -9.585984e-06
10353.200000 -2.830620e-05 -9.352620e-07 -8.769408e-08 -1.080484e-06 4.529182e-05 -2.778812e-04 -6.774011e-05 -1.238709e-06
10353.400000 -2.827158e-05 -9.330230e-07 -8.745388e-08 -1.077834e-06 4.071846e-05 -2.836917e-04 -8.073555e-05 -1.169950e-05
10353.600000 -2.827231e-05 -9.321750e-07 -8.721034e-08 -1.078862e-06 4.826347e-05 -2.702501e-04 -8.248161e-05 -9.168719e-06
10353.800000 -2.826909e-05 -9.337316e-07 -8.753721e-08 -1.078426e-06 5.932557e-05 -2.609585e-04 -7.211209e-05 9.162908e-06
10354.000000 -2.827517e-05 -9.331588e-07 -8.781214e-08 -1.079777e-06 5.980310e-05 -2.526392e-04 -7.628074e-05 4.520725e-06
10354.200000 -2.827992e-05 -9.341898e-07 -8.817283e-08 -1.080007e-06 4.837675e-05 -2.402502e-04 -7.664059e-05 -4.070412e-06
10354.400000 -2.829519e-05 -9.369792e-07 -8.857173e-08 -1.081121e-06 4.356489e-05 -2.680988e-04 -7.735672e-05 -1.036776e-05
10354.600000 -2.829690e-05 -9.346500e-07 -8.833730e-08 -1.082521e-06 3.978506e-05 -2.704161e-04 -7.494614e-05 -2.251713e-06
10354.800000 -2.829479e-05 -9.367143e-07 -8.823010e-08 -1.082912e-06 3.831137e-05 -2.863097e-04 -7.063174e-05 -2.065577e-06
10355.000000 -2.825261e-05 -9.315851e-07 -8.755746e-08 -1.080713e-06 4.218601e-05 -2.980104e-04 -6.232053e-05 -4.724654e-06
10355.200000 -2.823577e-05 -9.307852e-07 -8.753267e-08 -1.080235e-06 3.437914e-05 -3.085436e-04 -7.172576e-05 -5.899308e-06
10355.400000 -2.824712e-05 -9.328811e-07 -8.789570e-08 -1.081143e-06 3.620675e-05 -2.965192e-04 -8.047961e-05 2.902857e-06
10355.600000 -2.825284e-05 -9.315732e-07 -8.794005e-08 -1.082968e-06 2.808580e-05 -2.961514e-04 -8.931918e-05 1.590661e-06
10355.800000 -2.826828e-05 -9.335713e-07 -8.844169e-08 -1.085018e-06 3.886986e-05 -3.071532e-04 -8.217394e-05 -1.223549e-05
10356.000000 -2.827242e-05 -9.324771e-07 -8.851978e-08 -1.085478e-06 4.480981e-05 -3.068455e-04 -7.372580e-05 -1.344329e-05
10356.200000 -2.827141e-05 -9.332448e-07 -8.860815e-08 -1.087193e-06 4.483625e-05 -2.825844e-04 -9.068105e-05 -1.930322e-05
10356.400000 -2.824590e-05 -9.309177e-07 -8.805831e-08 -1.085236e-06 4.647004e-05 -2.664288e-04 -8.780070e-05 -1.082413e-05
10356.600000 -2.824145e-05 -9.308906e-07 -8.791873e-08 -1.085996e-06 5.184222e-05 -2.714451e-04 -7.782760e-05 -4.438631e-07
10356.800000 -2.824159e-05 -9.311819e-07 -8.780655e-08 -1.086263e-06 5.209700e-05 -2.698480e-04 -6.232599e-05 -8.564106e-06
10357.000000 -2.825124e-05 -9.300001e-07 -8.789279e-08 -1.087275e-06 5.689980e-05 -2.696980e-04 -6.785671e-05 -1.857926e-05
10357.200000 -2.826701e-05 -9.326841e-07 -8.814054e-08 -1.089807e-06 5.175867e-05 -2.585430e-04 -7.732416e-05 -1.718872e-05
10357.400000 -2.824744e-05 -9.297481e-07 -8.784545e-08 -1.089184e-06 4.500832e-05 -2.788772e-04 -6.904254e-05 -9.195450e-06
10357.600000 -2.820314e-05 -9.292673e-07 -8.792040e-08 -1.086449e-06 4.143098e-05 -2.997164e-04 -6.983521e-05 -7.102032e-06
10357.800000 -2.811721e-05 -9.216312e-07 -8.715690e-08 -1.080833e-06 4.537309e-05 -3.008386e-04 -7.109949e-05 -1.893719e-05
10358.000000 -2.811821e-05 -9.226062e-07 -8.729377e-08 -1.080941e-06 5.483189e-05 -2.995995e-04 -7.028340e-05 -9.115326e-06
10358.200000 -2.816168e-05 -9.240924e-07 -8.744420e-08 -1.086505e-06 5.007126e-05 -2.940384e-04 -6.828188e-05 -6.275256e-06
10358.400000 -2.818462e-05 -9.257001e-07 -8.767228e-08 -1.088709e-06 4.619017e-05 -2.827441e-04 -6.756282e-05 -3.193526e-06
10358.600000 -2.820859e-05 -9.280928e-07 -8.786066e-08 -1.092567e-06 3.844618e-05 -2.654429e-04 -6.566434e-05 -2.081974e-06
10358.800000 -2.822672e-05 -9.285589e-07 -8.788123e-08 -1.094154e-06 4.013679e-05 -2.585878e-04 -6.395183e-05 -1.089615e-05
10359.000000 -2.819937e-05 -9.270246e-07 -8.771664e-08 -1.093629e-06 3.910873e-05 -2.654568e-04 -6.775788e-05 -1.256701e-05
10359.200000 -2.821270e-05 -9.286302e-07 -8.791685e-08 -1.095484e-06 3.715649e-05 -2.401144e-04 -8.186931e-05 -1.840086e-05
10359.400000 -2.819665e-05 -9.264258e-07 -8.794273e-08 -1.095306e-06 4.162071e-05 -2.546037e-04 -7.335462e-05 -2.002029e-05
10359.600000 -2.816464e-05 -9.254960e-07 -8.781713e-08 -1.094004e-06 3.912470e-05 -2.279337e-04 -7.036522e-05 -1.694166e-05
10359.800000 -2.815456e-05 -9.261606e-07 -8.804973e-08 -1.093968e-06 4.795310e-05 -2.319497e-04 -7.111861e-05 -1.678512e-05
10360.000000 -2.811174e-05 -9.209645e-07 -8.730942e-08 -1.093289e-06 5.392513e-05 -2.145769e-04 -7.190185e-05 -9.687344e-06
10360.200000 -2.811885e-05 -9.214567e-07 -8.719987e-08 -1.094120e-06 5.812006e-05 -2.084199e-04 -6.020187e-05 -1.492113e-05
10360.400000 -2.811984e-05 -9.218363e-07 -8.703677e-08 -1.095667e-06 5.722149e-05 -2.164411e-04 -7.460736e-05 -1.716518e-05
10360.600000 -2.814016e-05 -9.228541e-07 -8.709973e-08 -1.098358e-06 5.523802e-05 -2.190803e-04 -7.435207e-05 -1.791191e-05
10360.800000 -2.813287e-05 -9.234228e-07 -8.727906e-08 -1.098013e-06 4.957393e-05 -2.360959e-04 -8.064160e-05 -2.552134e-05
10361.000000 -2.814057e-05 -9.236468e-07 -8.740463e-08 -1.100619e-06 3.984781e-05 -2.513944e-04 -7.916273e-05 -2.019161e-05
10361.200000 -2.820866e-05 -9.280938e-07 -8.799136e-08 -1.108261e-06 3.387018e-05 -2.901333e-04 -7.730345e-05 -1.924711e-05
10361.400000 -2.822490e-05 -9.300339e-07 -8.819516e-08 -1.111351e-06 3.250959e-05 -2.630900e-04 -8.335776e-05 -1.763115e-05
10361.600000 -2.821779e-05 -9.287115e-07 -8.813277e-08 -1.111847e-06 4.954716e-05 -2.463661e-04 -8.177807e-05 -9.878235e-06
10361.800000 -2.820648e-05 -9.293864e-07 -8.800148e-08 -1.113427e-06 4.027047e-05 -2.302757e-04 -6.896134e-05 -7.622186e-06
10362.000000 -2.819430e-05 -9.265677e-07 -8.774247e-08 -1.112670e-06 4.150944e-05 -2.369185e-04 -7.107965e-05 -1.953792e-05
10362.200000 -2.818683e-05 -9.277105e-07 -8.786862e-08 -1.114403e-06 4.047935e-05 -2.306296e-04 -6.358183e-05 -1.704661e-05
10362.400000 -2.818437e-05 -9.256841e-07 -8.773880e-08 -1.116393e-06 3.328241e-05 -2.811500e-04 -7.389229e-05 -7.538920e-06
10362.600000 -2.820608e-05 -9.273148e-07 -8.771091e-08 -1.118716e-06 2.617263e-05 -2.818285e-04 -8.695883e-05 -6.936699e-06
10362.800000 -2.818663e-05 -9.269876e-07 -8.785581e-08 -1.119395e-06 3.542297e-05 -2.769339e-04 -7.622875e-05 -3.762693e-06
10363.000000 -2.819807e-05 -9.254125e-07 -8.782811e-08 -1.121451e-06 4.397023e-05 -2.859700e-04 -8.118907e-05 2.806694e-07
10363.200000 -2.819653e-05 -9.279058e-07 -8.809070e-08 -1.124669e-06 5.067537e-05 -2.881256e-04 -7.852084e-05 2.354681e-06
10363.400000 -2.819000e-05 -9.251251e-07 -8.785642e-08 -1.125487e-06 4.833452e-05 -2.707437e-04 -7.366900e-05 -4.388415e-06
10363.600000 -2.819105e-05 -9.266783e-07 -8.811164e-08 -1.128213e-06 3.726451e-05 -2.722560e-04 -6.952067e-05 2.705829e-06
10363.800000 -2.816224e-05 -9.240769e-07 -8.776106e-08 -1.128885e-06 3.795451e-05 -2.877405e-04 -6.086934e-05 4.858796e-06
10364.000000 -2.814752e-05 -9.238112e-07 -8.738271e-08 -1.130034e-06 3.074197e-05 -3.206560e-04 -5.201229e-05 -5.365691e-06
10364.200000 -2.814981e-05 -9.232834e-07 -8.716851e-08 -1.132418e-06 2.715056e-05 -3.078338e-04 -5.758554e-05 4.726056e-06
10364.400000 -2.815106e-05 -9.229777e-07 -8.689547e-08 -1.134785e-06 3.093807e-05 -2.982124e-04 -6.472180e-05 5.150117e-07
10364.600000 -2.812666e-05 -9.220517e-07 -8.686289e-08 -1.136207e-06 3.586788e-05 -3.033625e-04 -6.771737e-05 -6.476573e-06
10364.800000 -2.809294e-05 -9.168444e-07 -8.670906e-08 -1.136818e-06 4.462749e-05 -2.959194e-04 -6.103263e-05 -4.969509e-06
10365.000000 -2.806862e-05 -9.142048e-07 -8.667253e-08 -1.140058e-06 3.781631e-05 -3.155235e-04 -6.254604e-05 -1.998013e-06
10365.200000 -2.809372e-05 -9.174104e-07 -8.685742e-08 -1.144562e-06 3.357403e-05 -2.989990e-04 -5.491307e-05 1.808766e-06
10365.400000 -2.813107e-05 -9.197177e-07 -8.693481e-08 -1.152352e-06 4.137501e-05 -3.129037e-04 -6.101474e-05 -1.275039e-06
10365.600000 -2.817357e-05 -9.212724e-07 -8.694500e-08 -1.160271e-06 3.141618e-05 -3.222588e-04 -5.953460e-05 -5.782839e-06
10365.800000 -2.816650e-05 -9.203566e-07 -8.674343e-08 -1.164490e-06 3.002421e-05 -3.328103e-04 -5.828701e-05 -1.570327e-05
10366.000000 -2.815985e-05 -9.204923e-07 -8.681001e-08 -1.168921e-06 2.700749e-05 -3.181443e-04 -6.126855e-05 -1.968622e-05
10366.200000 -2.815879e-05 -9.189103e-07 -8.663164e-08 -1.173861e-06 3.592310e-05 -3.148377e-04 -6.411300e-05 -1.478774e-05
10366.400000 -2.815827e-05 -9.187216e-07 -8.660761e-08 -1.180933e-06 5.184737e-05 -3.247549e-04 -5.384241e-05 8.224404e-07
10366.600000 -2.815058e-05 -9.149086e-07 -8.651277e-08 -1.186417e-06 5.034261e-05 -3.220586e-04 -6.350654e-05 -5.934845e-08
10366.800000 -2.814540e-05 -9.148296e-07 -8.662325e-08 -1.193557e-06 4.355983e-05 -3.197036e-04 -6.578636e-05 -4.715096e-06
10367.000000 -2.814100e-05 -9.125971e-07 -8.639835e-08 -1.200677e-06 4.706766e-05 -3.173240e-04 -6.674218e-05 -1.358784e-05
10367.200000 -2.812042e-05 -9.098870e-07 -8.616553e-08 -1.207372e-06 4.548532e-05 -3.154885e-04 -6.231826e-05 -1.312965e-05
10367.400000 -2.809272e-05 -9.074876e-07 -8.612506e-08 -1.214857e-06 4.803005e-05 -3.182279e-04 -5.671292e-05 -9.152523e-06
10367.600000 -2.813060e-05 -9.072071e-07 -8.610690e-08 -1.228097e-06 4.236248e-05 -3.081644e-04 -5.937293e-05 -2.095892e-05
10367.800000 -2.813474e-05 -9.074470e-07 -8.623181e-08 -1.241898e-06 4.971988e-05 -3.163149e-04 -6.066387e-05 -1.957398e-05
10368.000000 -2.812894e-05 -9.019902e-07 -8.548264e-08 -1.254487e-06 4.756410e-05 -2.774720e-04 -7.057340e-05 -1.978111e-05
10368.200000 -2.813644e-05 -9.026972e-07 -8.554218e-08 -1.270301e-06 3.684827e-05 -2.715180e-04 -6.111390e-05 -1.264140e-05
10368.400000 -2.811463e-05 -8.966979e-07 -8.474265e-08 -1.285799e-06 4.020324e-05 -2.807375e-04 -4.722024e-05 -1.057879e-05
10368.600000 -2.809545e-05 -8.922225e-07 -8.426122e-08 -1.302784e-06 3.693551e-05 -2.678863e-04 -5.462570e-05 -1.658323e-05
10368.800000 -2.810261e-05 -8.899144e-07 -8.424075e-08 -1.325552e-06 3.176878e-05 -2.689565e-04 -5.508654e-05 -1.811805e-05
10369.000000 -2.811271e-05 -8.849182e-07 -8.384258e-08 -1.349940e-06 3.257141e-05 -2.539210e-04 -5.271699e-05 -1.948248e-05
10369.200000 -2.803002e-05 -8.765722e-07 -8.317603e-08 -1.367542e-06 4.036973e-05 -2.619754e-04 -6.303366e-05 -2.452387e-05
10369.400000 -2.796746e-05 -8.665856e-07 -8.204459e-08 -1.389382e-06 3.257301e-05 -2.386909e-04 -5.433336e-05 -2.025756e-05
10369.600000 -2.801215e-05 -8.654622e-07 -8.183634e-08 -1.424879e-06 3.164907e-05 -2.714226e-04 -4.802860e-05 -1.311047e-05
10369.800000 -2.808675e-05 -8.642155e-07 -8.158251e-08 -1.466985e-06 3.017520e-05 -2.590564e-04 -4.922276e-05 -1.409532e-05
10370.000000 -2.810312e-05 -8.590525e-07 -8.104249e-08 -1.507071e-06 3.682445e-05 -2.424119e-04 -5.552728e-05 -2.558576e-05
10370.200000 -2.810699e-05 -8.518732e-07 -8.031153e-08 -1.546624e-06 4.615037e-05 -2.490003e-04 -5.508678e-05 -2.788645e-05
10370.400000 -2.809250e-05 -8.442523e-07 -7.938153e-08 -1.587404e-06 3.712318e-05 -2.644515e-04 -6.646761e-05 -2.902787e-05
10370.600000 -2.807986e-05 -8.378000e-07 -7.881968e-08 -1.632543e-06 3.242502e-05 -2.555623e-04 -5.722639e-05 -2.301791e-05
10370.800000 -2.808219e-05 -8.284642e-07 -7.806192e-08 -1.682238e-06 3.667744e-05 -2.437673e-04 -7.311483e-05 -2.059581e-05
10371.000000 -2.810567e-05 -8.245043e-07 -7.810244e-08 -1.737566e-06 2.974294e-05 -2.290744e-04 -7.923416e-05 -2.087770e-05
10371.200000 -2.807848e-05 -8.130167e-07 -7.702846e-08 -1.788590e-06 3.107590e-05 -2.200340e-04 -7.191590e-05 -2.932010e-05
10371.400000 -2.801550e-05 -8.022401e-07 -7.592024e-08 -1.840990e-06 3.210523e-05 -2.252037e-04 -6.421297e-05 -1.447871e-05
10371.600000 -2.800952e-05 -7.950972e-07 -7.533103e-08 -1.903246e-06 2.816707e-05 -2.557351e-04 -6.680346e-05 -1.128722e-05
10371.800000 -2.801447e-05 -7.823798e-07 -7.419112e-08 -1.975372e-06 3.378163e-05 -3.051537e-04 -7.973062e-05 -1.906435e-05
10372.000000 -2.804954e-05 -7.792835e-07 -7.390137e-08 -2.053010e-06 3.209830e-05 -3.038964e-04 -6.759293e-05 -8.657900e-06
10372.200000 -2.803991e-05 -7.663483e-07 -7.231761e-08 -2.125180e-06 1.589051e-05 -2.803405e-04 -6.681446e-05 -6.545683e-06
10372.400000 -2.801192e-05 -7.581688e-07 -7.140988e-08 -2.199506e-06 1.401196e-05 -2.754233e-04 -6.412233e-05 -1.432834e-05
10372.600000 -2.798641e-05 -7.461413e-07 -7.009156e-08 -2.269230e-06 1.869695e-05 -2.843790e-04 -6.237295e-05 -2.381687e-05
10372.800000 -2.792570e-05 -7.333169e-07 -6.900531e-08 -2.339478e-06 2.040615e-05 -2.865628e-04 -5.999995e-05 -2.239114e-05
10373.000000 -2.797560e-05 -7.284765e-07 -6.885382e-08 -2.422882e-06 2.113603e-05 -2.759998e-04 -6.420176e-05 -1.464558e-05
10373.200000 -2.801226e-05 -7.199479e-07 -6.804106e-08 -2.502594e-06 3.286759e-05 -3.035080e-04 -5.137928e-05 -4.876422e-06
10373.400000 -2.805415e-05 -7.173431e-07 -6.774685e-08 -2.580271e-06 3.115169e-05 -2.615449e-04 -5.085030e-05 -1.137978e-05
10373.600000 -2.807818e-05 -7.090320e-07 -6.675162e-08 -2.645092e-06 3.601120e-05 -2.532453e-04 -5.323521e-05 -2.198208e-05
10373.800000 -2.806161e-05 -7.031151e-07 -6.586313e-08 -2.701517e-06 3.876872e-05 -2.676731e-04 -4.736031e-05 -9.352284e-06
10374.000000 -2.809700e-05 -6.987247e-07 -6.550012e-08 -2.756602e-06 4.074419e-05 -2.711614e-04 -5.080158e-05 -9.894986e-06
10374.200000 -2.811538e-05 -6.960264e-07 -6.526989e-08 -2.804139e-06 3.595169e-05 -2.714117e-04 -5.711438e-05 -1.751559e-05
10374.400000 -2.810707e-05 -6.909134e-07 -6.486978e-08 -2.841719e-06 2.557595e-05 -2.568616e-04 -4.417477e-05 -2.783955e-05
10374.600000 -2.811900e-05 -6.887513e-07 -6.461620e-08 -2.873349e-06 2.559782e-05 -2.766980e-04 -4.808135e-05 -3.262743e-05
10374.800000 -2.810967e-05 -6.863670e-07 -6.438570e-08 -2.896349e-06 2.712152e-05 -2.739847e-04 -5.004204e-05 -2.532519e-05
10375.000000 -2.810037e-05 -6.820026e-07 -6.393604e-08 -2.916852e-06 3.339652e-05 -2.575452e-04 -5.254011e-05 -2.575953e-05
10375.200000 -2.813890e-05 -6.841529e-07 -6.415434e-08 -2.942569e-06 3.983466e-05 -2.589690e-04 -5.679989e-05 -1.686381e-05
10375.400000 -2.812102e-05 -6.806350e-07 -6.385111e-08 -2.957164e-06 4.441318e-05 -2.395196e-04 -5.368015e-05 -2.293540e-05
10375.600000 -2.811628e-05 -6.790372e-07 -6.378678e-08 -2.970088e-06 4.830292e-05 -2.048702e-04 -5.942869e-05 -2.006010e-05
10375.800000 -2.812014e-05 -6.770834e-07 -6.366382e-08 -2.982499e-06 5.557791e-05 -1.694139e-04 -5.838914e-05 -2.412754e-05
10376.000000 -2.812779e-05 -6.769510e-07 -6.365124e-08 -2.995135e-06 5.523723e-05 -1.788421e-04 -5.538636e-05 -2.117305e-05
10376.200000 -2.814812e-05 -6.784399e-07 -6.368036e-08 -3.006131e-06 5.539578e-05 -2.074156e-04 -4.534624e-05 -1.457436e-05
10376.400000 -2.814557e-05 -6.781332e-07 -6.336917e-08 -3.011227e-06 5.636286e-05 -2.134624e-04 -4.185579e-05 -8.800851e-06
10376.600000 -2.814645e-05 -6.787597e-07 -6.337837e-08 -3.015927e-06 5.338184e-05 -2.390411e-04 -4.757603e-05 -7.310644e-06
10376.800000 -2.812952e-05 -6.755640e-07 -6.327059e-08 -3.015112e-06 4.761602e-05 -2.152601e-04 -4.004407e-05 -4.715070e-06
10377.000000 -2.812749e-05 -6.781882e-07 -6.372285e-08 -3.013201e-06 5.250336e-05 -2.343510e-04 -4.437977e-05 -2.004307e-05
10377.200000 -2.813979e-05 -6.774615e-07 -6.385270e-08 -3.006527e-06 5.190153e-05 -2.349632e-04 -5.897624e-05 -1.799130e-05
10377.400000 -2.810970e-05 -6.782048e-07 -6.391328e-08 -2.992775e-06 5.530028e-05 -1.841159e-04 -5.229957e-05 -1.761374e-05
10377.600000 -2.806839e-05 -6.757245e-07 -6.375293e-08 -2.972835e-06 5.549847e-05 -2.221885e-04 -5.223933e-05 -2.197111e-05
10377.800000 -2.806469e-05 -6.766187e-07 -6.358035e-08 -2.952891e-06 5.542702e-05 -2.322217e-04 -5.216044e-05 -2.217834e-05
10378.000000 -2.805941e-05 -6.793853e-07 -6.389913e-08 -2.934581e-06 5.556409e-05 -2.436229e-04 -5.025571e-05 -2.036217e-05
10378.200000 -2.806135e-05 -6.790947e-07 -6.381914e-08 -2.910989e-06 5.672837e-05 -2.351340e-04 -4.614683e-05 -2.435381e-05
10378.400000 -2.808973e-05 -6.863229e-07 -6.426012e-08 -2.892298e-06 4.288386e-05 -1.942022e-04 -5.057677e-05 -2.324162e-05
10378.600000 -2.807527e-05 -6.845560e-07 -6.400442e-08 -2.862231e-06 3.542611e-05 -1.955305e-04 -4.833274e-05 -2.328608e-05
10378.800000 -2.808159e-05 -6.876044e-07 -6.446023e-08 -2.834739e-06 4.260281e-05 -2.010043e-04 -4.865820e-05 -1.584630e-05
10379.000000 -2.810321e-05 -6.934726e-07 -6.505658e-08 -2.807615e-06 4.732959e-05 -1.876957e-04 -4.725124e-05 -1.410715e-05
10379.200000 -2.812473e-05 -6.974067e-07 -6.555927e-08 -2.782176e-06 3.718782e-05 -2.049475e-04 -5.042585e-05 -2.115837e-05
10379.400000 -2.813185e-05 -7.025814e-07 -6.624377e-08 -2.752479e-06 4.106912e-05 -2.154071e-04 -4.293450e-05 -3.775874e-05
10379.600000 -2.812190e-05 -7.043920e-07 -6.660340e-08 -2.716765e-06 4.477716e-05 -2.046369e-04 -4.523750e-05 -4.438656e-05
10379.800000 -2.812746e-05 -7.091985e-07 -6.712476e-08 -2.684390e-06 4.727642e-05 -2.042145e-04 -3.654009e-05 -2.444864e-05
10380.000000 -2.813592e-05 -7.110296e-07 -6.718443e-08 -2.651793e-06 4.874688e-05 -2.189723e-04 -4.773871e-05 -3.461828e-05
10380.200000 -2.812104e-05 -7.147486e-07 -6.750849e-08 -2.616383e-06 4.749973e-05 -2.195323e-04 -5.621116e-05 -2.588269e-05
10380.400000 -2.811304e-05 -7.172082e-07 -6.747082e-08 -2.577844e-06 5.001179e-05 -2.154685e-04 -5.978612e-05 -1.647979e-05
10380.600000 -2.804510e-05 -7.146902e-07 -6.700186e-08 -2.533673e-06 5.086070e-05 -2.334488e-04 -5.485959e-05 -1.507051e-05
10380.800000 -2.805960e-05 -7.210542e-07 -6.762289e-08 -2.498758e-06 5.079828e-05 -2.334415e-04 -6.673160e-05 -2.438872e-05
10381.000000 -2.806934e-05 -7.249273e-07 -6.798491e-08 -2.464510e-06 6.132261e-05 -2.413871e-04 -5.830192e-05 -2.398017e-05
10381.200000 -2.809024e-05 -7.309813e-07 -6.856903e-08 -2.433729e-06 6.683787e-05 -2.284452e-04 -4.680019e-05 -2.465916e-05
10381.400000 -2.810666e-05 -7.362910e-07 -6.913387e-08 -2.400435e-06 5.378548e-05 -2.259995e-04 -6.656215e-05 -3.522759e-05
10381.600000 -2.804356e-05 -7.381260e-07 -6.924371e-08 -2.356436e-06 5.313424e-05 -2.243228e-04 -6.354038e-05 -3.084020e-05
10381.800000 -2.797312e-05 -7.347137e-07 -6.884357e-08 -2.309517e-06 5.628596e-05 -2.285042e-04 -6.797359e-05 -2.101332e-05
10382.000000 -2.800799e-05 -7.418120e-07 -6.967742e-08 -2.284359e-06 6.042226e-05 -2.143604e-04 -5.332425e-05 -2.038508e-05
10382.200000 -2.806858e-05 -7.484707e-07 -7.053056e-08 -2.265031e-06 6.227329e-05 -2.459562e-04 -5.672787e-05 -2.555345e-05
10382.400000 -2.810911e-05 -7.557015e-07 -7.122422e-08 -2.241384e-06 5.059107e-05 -2.395434e-04 -6.078562e-05 -3.202088e-05
10382.600000 -2.811904e-05 -7.606937e-07 -7.172436e-08 -2.215726e-06 5.305088e-05 -2.636903e-04 -6.693893e-05 -2.317221e-05
10382.800000 -2.812425e-05 -7.633967e-07 -7.220102e-08 -2.189099e-06 4.967706e-05 -2.519581e-04 -5.926374e-05 -1.915440e-05
10383.000000 -2.810880e-05 -7.672134e-07 -7.243070e-08 -2.164823e-06 4.621363e-05 -2.752699e-04 -6.213710e-05 -2.497683e-05
10383.200000 -2.808897e-05 -7.661810e-07 -7.228554e-08 -2.139943e-06 5.154327e-05 -2.612437e-04 -6.243054e-05 -2.679999e-05
10383.400000 -2.808093e-05 -7.701371e-07 -7.262767e-08 -2.117953e-06 4.844913e-05 -2.526291e-04 -5.089996e-05 -2.750593e-05
10383.600000 -2.807294e-05 -7.708668e-07 -7.276672e-08 -2.099006e-06 4.521996e-05 -2.360417e-04 -4.726758e-05 -2.761703e-05
10383.800000 -2.810628e-05 -7.762384e-07 -7.331656e-08 -2.086392e-06 4.340734e-05 -2.355604e-04 -6.307731e-05 -2.947054e-05
10384.000000 -2.810218e-05 -7.782892e-07 -7.347004e-08 -2.072188e-06 3.873800e-05 -2.324895e-04 -5.366119e-05 -2.839109e-05
10384.200000 -2.809120e-05 -7.786715e-07 -7.348102e-08 -2.057455e-06 3.399603e-05 -2.222627e-04 -5.129416e-05 -3.468757e-05
10384.400000 -2.807763e-05 -7.809179e-07 -7.356334e-08 -2.045240e-06 3.144070e-05 -2.354121e-04 -4.427927e-05 -3.959551e-05
10384.600000 -2.807586e-05 -7.801329e-07 -7.339693e-08 -2.036003e-06 3.369918e-05 -2.408086e-04 -4.952153e-05 -4.393794e-05
10384.800000 -2.806966e-05 -7.816283e-07 -7.358219e-08 -2.026714e-06 2.666482e-05 -2.536746e-04 -3.946815e-05 -3.067273e-05
10385.000000 -2.808418e-05 -7.828139e-07 -7.366326e-08 -2.021634e-06 2.433777e-05 -2.515939e-04 -4.411660e-05 -3.012855e-05
10385.200000 -2.807822e-05 -7.859170e-07 -7.395871e-08 -2.013712e-06 3.135838e-05 -2.598622e-04 -4.680081e-05 -1.967708e-05
10385.400000 -2.802249e-05 -7.818552e-07 -7.372314e-08 -2.000094e-06 2.672924e-05 -2.481418e-04 -5.569291e-05 -3.268601e-05
10385.600000 -2.791975e-05 -7.756811e-07 -7.300490e-08 -1.980962e-06 2.536648e-05 -2.431094e-04 -5.869649e-05 -3.000591e-05
10385.800000 -2.794718e-05 -7.789012e-07 -7.309565e-08 -1.980355e-06 2.648427e-05 -2.469059e-04 -5.774504e-05 -2.844739e-05
10386.000000 -2.800738e-05 -7.818411e-07 -7.336531e-08 -1.987075e-06 3.732426e-05 -2.307441e-04 -5.096747e-05 -1.841930e-05
10386.200000 -2.805191e-05 -7.866137e-07 -7.395143e-08 -1.992129e-06 4.225840e-05 -2.283108e-04 -5.768045e-05 -1.411431e-05
10386.400000 -2.805177e-05 -7.856522e-07 -7.376659e-08 -1.989239e-06 3.482857e-05 -2.253364e-04 -5.923579e-05 -1.939671e-05
10386.600000 -2.801064e-05 -7.855917e-07 -7.362398e-08 -1.983206e-06 3.287470e-05 -2.338033e-04 -6.631945e-05 -2.435270e-05
10386.800000 -2.800719e-05 -7.838113e-07 -7.331115e-08 -1.981883e-06 3.074984e-05 -2.416977e-04 -5.074980e-05 -1.557456e-05
10387.000000 -2.803173e-05 -7.873278e-07 -7.357392e-08 -1.984897e-06 3.779468e-05 -2.404874e-04 -5.021074e-05 -1.971109e-05
10387.200000 -2.801988e-05 -7.862500e-07 -7.339772e-08 -1.985464e-06 3.332140e-05 -2.310181e-04 -5.683407e-05 -2.096899e-05
10387.400000 -2.801821e-05 -7.845956e-07 -7.297933e-08 -1.987679e-06 2.942049e-05 -2.273926e-04 -4.566683e-05 -1.853017e-05
10387.600000 -2.805731e-05 -7.905025e-07 -7.352493e-08 -1.994096e-06 3.240672e-05 -2.203801e-04 -3.981544e-05 -1.174813e-05
10387.800000 -2.803562e-05 -7.858571e-07 -7.311653e-08 -1.992816e-06 2.151540e-05 -2.110277e-04 -4.112914e-05 -1.061590e-05
10388.000000 -2.807723e-05 -7.901605e-07 -7.337065e-08 -2.001745e-06 1.728677e-05 -2.237594e-04 -5.010005e-05 -1.493295e-05
10388.200000 -2.808694e-05 -7.901403e-07 -7.322931e-08 -2.005307e-06 2.023431e-05 -2.209359e-04 -4.800482e-05 -8.504749e-06
10388.400000 -2.806696e-05 -7.885823e-07 -7.313867e-08 -2.006391e-06 1.615029e-05 -2.162884e-04 -5.278030e-05 -1.416928e-05
10388.600000 -2.803289e-05 -7.860911e-07 -7.275661e-08 -2.004348e-06 2.331671e-05 -2.452365e-04 -3.983748e-05 -1.257545e-05
10388.800000 -2.801646e-05 -7.856833e-07 -7.262471e-08 -2.003962e-06 2.920306e-05 -2.246820e-04 -4.834069e-05 -3.186578e-05
10389.000000 -2.804789e-05 -7.863025e-07 -7.283076e-08 -2.015260e-06 2.508808e-05 -2.173222e-04 -4.677072e-05 -3.163983e-05
10389.200000 -2.806652e-05 -7.869328e-07 -7.288693e-08 -2.021026e-06 3.094069e-05 -2.326112e-04 -4.901547e-05 -3.499057e-05
10389.400000 -2.803853e-05 -7.845760e-07 -7.278695e-08 -2.024002e-06 3.734541e-05 -2.379155e-04 -5.428061e-05 -3.490183e-05
10389.600000 -2.805327e-05 -7.854402e-07 -7.296437e-08 -2.029424e-06 2.661980e-05 -2.143525e-04 -5.117925e-05 -3.025860e-05
10389.800000 -2.805033e-05 -7.840508e-07 -7.275663e-08 -2.035145e-06 2.452875e-05 -2.108228e-04 -5.613390e-05 -3.129488e-05
10390.000000 -2.806546e-05 -7.839586e-07 -7.257914e-08 -2.041283e-06 2.042078e-05 -2.101737e-04 -5.965906e-05 -3.564887e-05
10390.200000 -2.807318e-05 -7.860306e-07 -7.279808e-08 -2.048109e-06 1.933428e-05 -2.313670e-04 -5.726096e-05 -2.876321e-05
10390.400000 -2.807324e-05 -7.849966e-07 -7.262672e-08 -2.053755e-06 2.410840e-05 -2.026149e-04 -5.556000e-05 -3.072230e-05
10390.600000 -2.807007e-05 -7.845088e-07 -7.240653e-08 -2.058323e-06 2.258973e-05 -1.890220e-04 -6.842358e-05 -3.883951e-05
10390.800000 -2.807545e-05 -7.844226e-07 -7.235543e-08 -2.063337e-06 2.645804e-05 -2.015240e-04 -7.112327e-05 -4.561687e-05
10391.000000 -2.806972e-05 -7.826610e-07 -7.221959e-08 -2.067664e-06 2.830586e-05 -2.331389e-04 -7.045830e-05 -5.687492e-05
10391.200000 -2.806728e-05 -7.831814e-07 -7.212247e-08 -2.073096e-06 2.918153e-05 -2.504070e-04 -5.283514e-05 -4.488401e-05
10391.400000 -2.807488e-05 -7.820427e-07 -7.178048e-08 -2.077799e-06 2.541065e-05 -2.485578e-04 -5.481189e-05 -5.489327e-05
10391.600000 -2.807488e-05 -7.830093e-07 -7.181519e-08 -2.083200e-06 3.487248e-05 -2.339751e-04 -6.042223e-05 -5.297639e-05
10391.800000 -2.805789e-05 -7.804506e-07 -7.160746e-08 -2.085836e-06 2.949713e-05 -2.585793e-04 -4.886454e-05 -2.745778e-05
10392.000000 -2.805980e-05 -7.800243e-07 -7.131463e-08 -2.089540e-06 3.216117e-05 -2.332678e-04 -6.201144e-05 -2.059337e-05
10392.200000 -2.806473e-05 -7.818366e-07 -7.124621e-08 -2.094720e-06 3.825938e-05 -2.499490e-04 -6.012950e-05 -1.861489e-05
10392.400000 -2.805706e-05 -7.790811e-07 -7.092213e-08 -2.097333e-06 2.926796e-05 -2.401493e-04 -6.964865e-05 -2.691083e-05
10392.600000 -2.804927e-05 -7.793534e-07 -7.075354e-08 -2.100450e-06 4.163198e-05 -2.297173e-04 -6.282562e-05 -1.409541e-05
10392.800000 -2.801833e-05 -7.781624e-07 -7.041353e-08 -2.098004e-06 4.531402e-05 -2.546599e-04 -7.095671e-05 -1.591435e-05
10393.000000 -2.794498e-05 -7.706489e-07 -6.975243e-08 -2.088164e-06 3.951219e-05 -2.577852e-04 -6.946625e-05 -1.497646e-05
10393.200000 -2.797163e-05 -7.744418e-07 -7.017627e-08 -2.093727e-06 4.404931e-05 -2.722424e-04 -6.303752e-05 -1.587445e-05
10393.400000 -2.801252e-05 -7.744762e-07 -7.021852e-08 -2.102277e-06 3.799404e-05 -2.617344e-04 -6.207086e-05 -6.887698e-06
10393.600000 -2.802489e-05 -7.767020e-07 -7.018706e-08 -2.105088e-06 4.028906e-05 -2.445291e-04 -5.954455e-05 -1.536285e-05
10393.800000 -2.803555e-05 -7.785917e-07 -7.029069e-08 -2.108003e-06 3.924372e-05 -2.174312e-04 -4.507463e-05 -1.478308e-05
10394.000000 -2.801806e-05 -7.771109e-07 -6.987468e-08 -2.106198e-06 3.220475e-05 -2.391270e-04 -4.349429e-05 -1.889610e-05
10394.200000 -2.800066e-05 -7.774952e-07 -6.977813e-08 -2.105044e-06 3.276658e-05 -2.508606e-04 -5.185695e-05 -1.625799e-05
10394.400000 -2.800591e-05 -7.770532e-07 -6.976785e-08 -2.105705e-06 3.212017e-05 -2.355869e-04 -4.976537e-05 -3.762812e-06
10394.600000 -2.794878e-05 -7.738809e-07 -6.949707e-08 -2.097760e-06 2.861026e-05 -2.077170e-04 -4.812741e-05 2.836525e-06
10394.800000 -2.795135e-05 -7.741153e-07 -6.965021e-08 -2.097283e-06 2.033608e-05 -2.250050e-04 -3.982385e-05 -2.766385e-06
10395.000000 -2.801982e-05 -7.792972e-07 -6.992354e-08 -2.105777e-06 2.376877e-05 -2.437113e-04 -3.967275e-05 -1.416385e-05
10395.200000 -2.803783e-05 -7.810776e-07 -6.996533e-08 -2.109264e-06 3.049472e-05 -2.335336e-04 -3.442037e-05 -1.359965e-05
10395.400000 -2.803658e-05 -7.803883e-07 -6.959008e-08 -2.107506e-06 2.954261e-05 -2.246925e-04 -3.982733e-05 -1.734912e-05
10395.600000 -2.803236e-05 -7.818541e-07 -6.928809e-08 -2.106550e-06 3.108193e-05 -2.270532e-04 -4.608172e-05 -2.273170e-05
10395.800000 -2.801057e-05 -7.797111e-07 -6.897948e-08 -2.101288e-06 2.579567e-05 -2.281386e-04 -5.207550e-05 -1.857616e-05
10396.000000 -2.798817e-05 -7.796219e-07 -6.896706e-08 -2.095305e-06 2.818250e-05 -2.242994e-04 -4.713096e-05 -1.214775e-05
10396.200000 -2.801368e-05 -7.809313e-07 -6.915746e-08 -2.095436e-06 3.421568e-05 -2.348364e-04 -4.410975e-05 -1.445718e-05
10396.400000 -2.802331e-05 -7.825679e-07 -6.944035e-08 -2.092945e-06 3.938634e-05 -2.386551e-04 -3.394971e-05 -1.071439e-05
10396.600000 -2.802722e-05 -7.844244e-07 -6.974171e-08 -2.089882e-06 4.306229e-05 -2.539260e-04 -4.172561e-05 -8.618179e-06
10396.800000 -2.802761e-05 -7.837516e-07 -6.947645e-08 -2.086362e-06 3.370952e-05 -2.456967e-04 -3.793962e-05 -7.687248e-06
10397.000000 -2.804282e-05 -7.864594e-07 -6.963771e-08 -2.082112e-06 3.061743e-05 -2.375047e-04 -3.501900e-05 -4.323713e-06
10397.227860 -2.803928e-05 -7.868034e-07 -6.949960e-08 -2.075899e-06 3.263032e-05 -2.597375e-04 -3.379326e-05 -9.475461e-06
10397.483581 -2.801503e-05 -7.859664e-07 -6.941238e-08 -2.064993e-06 3.022838e-05 -2.624708e-04 -3.871914e-05 -1.100037e-05
10397.767162 -2.798566e-05 -7.865358e-07 -6.938034e-08 -2.050376e-06 3.617970e-05 -2.310549e-04 -4.606730e-05 -9.441544e-06
10398.078604 -2.802152e-05 -7.900113e-07 -6.957858e-08 -2.045422e-06 3.749320e-05 -1.910395e-04 -4.276260e-05 -9.623017e-06
10398.417905 -2.802400e-05 -7.923349e-07 -6.994458e-08 -2.034474e-06 2.710536e-05 -1.993773e-04 -3.063727e-05 -8.175528e-06
10398.785067 -2.803128e-05 -7.958538e-07 -7.043260e-08 -2.022106e-06 2.091330e-05 -2.461058e-04 -3.281878e-05 -1.744379e-05
10399.180090 -2.802849e-05 -7.980811e-07 -7.052794e-08 -2.006951e-06 2.340625e-05 -2.367663e-04 -3.496319e-05 -1.698955e-05
10399.602973 -2.801005e-05 -7.999122e-07 -7.028316e-08 -1.988963e-06 2.326389e-05 -2.212986e-04 -3.388345e-05 -2.753096e-05
10400.053716 -2.803229e-05 -8.035853e-07 -7.042972e-08 -1.975423e-06 2.489728e-05 -2.280027e-04 -3.083553e-05 -3.465935e-05
10400.532319 -2.803271e-05 -8.056305e-07 -7.057305e-08 -1.959125e-06 3.148490e-05 -2.253408e-04 -4.655934e-05 -5.114125e-05
10401.038783 -2.801531e-05 -8.078204e-07 -7.077305e-08 -1.939554e-06 2.959511e-05 -2.174397e-04 -4.422286e-05 -4.439395e-05
10401.573107 -2.801531e-05 -8.106489e-07 -7.130838e-08 -1.924914e-06 3.095113e-05 -2.224630e-04 -3.580417e-05 -4.142927e-05
10402.135292 -2.800654e-05 -8.121155e-07 -7.142989e-08 -1.911342e-06 3.371278e-05 -2.304367e-04 -3.028653e-05 -3.996825e-05
10402.725337 -2.800913e-05 -8.139303e-07 -7.168255e-08 -1.901827e-06 3.322997e-05 -2.486174e-04 -4.434414e-05 -4.286527e-05
10403.343242 -2.801268e-05 -8.155974e-07 -7.215269e-08 -1.897189e-06 2.952130e-05 -2.372628e-04 -4.050604e-05 -2.829283e-05
10403.989008 -2.800820e-05 -8.161719e-07 -7.228196e-08 -1.896778e-06 3.081439e-05 -2.281825e-04 -5.009611e-05 -2.847241e-05
10404.662634 -2.800207e-05 -8.156749e-07 -7.227562e-08 -1.899306e-06 2.361290e-05 -2.283797e-04 -4.224002e-05 -3.484189e-05
10405.364120 -2.796902e-05 -8.130056e-07 -7.221488e-08 -1.902875e-06 2.360931e-05 -2.234348e-04 -4.520053e-05 -4.562087e-05
10406.093467 -2.796245e-05 -8.120404e-07 -7.284810e-08 -1.910509e-06 3.515852e-05 -2.027765e-04 -4.844175e-05 -4.021575e-05
10406.850674 -2.794987e-05 -8.105660e-07 -7.299792e-08 -1.920499e-06 4.450925e-05 -1.927422e-04 -4.577047e-05 -4.459463e-05
10407.635741 -2.796853e-05 -8.110113e-07 -7.350266e-08 -1.935493e-06 4.281559e-05 -1.897845e-04 -5.542735e-05 -3.978336e-05
10408.448669 -2.796571e-05 -8.091670e-07 -7.401091e-08 -1.947648e-06 4.153156e-05 -1.619241e-04 -5.059773e-05 -3.739448e-05
10409.289457 -2.795636e-05 -8.079736e-07 -7.473287e-08 -1.960159e-06 3.722574e-05 -1.667421e-04 -4.826824e-05 -3.517657e-05
10410.158106 -2.791036e-05 -8.039795e-07 -7.477735e-08 -1.968984e-06 3.701363e-05 -1.885821e-04 -4.527312e-05 -2.877388e-05
10411.054614 -2.787246e-05 -7.992353e-07 -7.508803e-08 -1.982199e-06 3.332993e-05 -1.941954e-04 -4.782079e-05 -2.869204e-05
10411.978983 -2.788753e-05 -7.975205e-07 -7.572221e-08 -2.007988e-06 3.646429e-05 -1.790348e-04 -4.554118e-05 -1.519082e-05
10412.931213 -2.791577e-05 -7.963396e-07 -7.609397e-08 -2.039355e-06 3.606401e-05 -1.571352e-04 -4.508210e-05 -6.779343e-06
10413.911303 -2.791109e-05 -7.927314e-07 -7.619307e-08 -2.068850e-06 2.443821e-05 -1.508081e-04 -4.679456e-05 -1.530007e-05
10414.919253 -2.790513e-05 -7.885585e-07 -7.643229e-08 -2.098320e-06 2.701006e-05 -1.678879e-04 -3.215051e-05 -1.272605e-05
10415.955064 -2.790055e-05 -7.852446e-07 -7.666761e-08 -2.126409e-06 2.260426e-05 -1.749100e-04 -2.633342e-05 -1.925195e-05
10417.018734 -2.788529e-05 -7.817990e-07 -7.630791e-08 -2.149709e-06 2.158708e-05 -1.828118e-04 -3.638327e-05 -2.888591e-05
10418.110266 -2.786848e-05 -7.787058e-07 -7.615202e-08 -2.169137e-06 1.972529e-05 -1.312822e-04 -3.466992e-05 -2.764876e-05
10419.232723 -2.785484e-05 -7.757074e-07 -7.625479e-08 -2.184575e-06 1.949635e-05 -1.774241e-04 -3.646145e-05 -2.979656e-05
10420.367373 -2.783554e-05 -7.731944e-07 -7.615051e-08 -2.197707e-06 2.172895e-05 -1.890379e-04 -3.547674e-05 -3.660339e-05
10421.514214 -2.780018e-05 -7.700025e-07 -7.567611e-08 -2.206961e-06 2.969470e-05 -1.769540e-04 -3.531148e-05 -4.390614e-05
10422.673248 -2.776184e-05 -7.666345e-07 -7.507758e-08 -2.212986e-06 2.599908e-05 -1.630776e-04 -4.142928e-05 -4.326170e-05
10423.844473 -2.778733e-05 -7.683750e-07 -7.502298e-08 -2.225777e-06 2.239591e-05 -1.387872e-04 -2.577771e-05 -3.616985e-05
10425.027890 -2.778343e-05 -7.683618e-07 -7.486050e-08 -2.230976e-06 2.192424e-05 -1.497737e-04 -3.040354e-05 -4.148250e-05
10426.223499 -2.775376e-05 -7.669936e-07 -7.470628e-08 -2.231861e-06 3.038833e-05 -1.484664e-04 -3.647718e-05 -2.965188e-05
10427.431300 -2.775266e-05 -7.677405e-07 -7.470952e-08 -2.236127e-06 3.746014e-05 -1.394001e-04 -4.819405e-05 -4.094333e-05
10428.651293 -2.775831e-05 -7.683195e-07 -7.467145e-08 -2.240366e-06 3.793755e-05 -1.309987e-04 -4.119904e-05 -4.377615e-05
10429.883478 -2.775100e-05 -7.686357e-07 -7.467461e-08 -2.240106e-06 3.727116e-05 -1.554686e-04 -4.553240e-05 -5.489266e-05
10431.127855 -2.775006e-05 -7.699829e-07 -7.466538e-08 -2.239377e-06 3.574283e-05 -1.821612e-04 -4.228427e-05 -5.258565e-05
10432.384423 -2.774589e-05 -7.705366e-07 -7.485048e-08 -2.234179e-06 4.628062e-05 -1.865946e-04 -3.897338e-05 -5.436834e-05
10433.653184 -2.773171e-05 -7.712009e-07 -7.524535e-08 -2.224791e-06 4.406613e-05 -1.963089e-04 -4.022710e-05 -5.981030e-05
10434.934136 -2.770656e-05 -7.719957e-07 -7.530397e-08 -2.213687e-06 3.888470e-05 -1.987702e-04 -4.336567e-05 -5.438854e-05
10436.227280 -2.768336e-05 -7.733197e-07 -7.503778e-08 -2.204371e-06 3.388858e-05 -1.898102e-04 -3.938771e-05 -5.623867e-05
10437.532617 -2.768470e-05 -7.755483e-07 -7.511824e-08 -2.198689e-06 2.639283e-05 -1.841219e-04 -4.117037e-05 -6.675415e-05
10438.850145 -2.767415e-05 -7.764097e-07 -7.511781e-08 -2.192480e-06 2.675504e-05 -1.654665e-04 -4.201270e-05 -6.970860e-05
10440.179865 -2.766076e-05 -7.773327e-07 -7.497693e-08 -2.185103e-06 3.057850e-05 -1.624458e-04 -4.136232e-05 -6.786276e-05
10441.521777 -2.764778e-05 -7.789835e-07 -7.501601e-08 -2.178434e-06 3.687130e-05 -1.710777e-04 -3.650507e-05 -6.316687e-05
10442.875881 -2.761369e-05 -7.778243e-07 -7.481274e-08 -2.168003e-06 3.830659e-05 -1.826952e-04 -4.091374e-05 -5.163076e-05
10444.242177 -2.760847e-05 -7.787563e-07 -7.498730e-08 -2.163547e-06 3.527294e-05 -1.820023e-04 -2.854627e-05 -5.457815e-05
10445.620664 -2.758485e-05 -7.788821e-07 -7.476386e-08 -2.157946e-06 3.729051e-05 -2.022583e-04 -2.159169e-05 -5.962522e-05
10447.011344 -2.756519e-05 -7.789712e-07 -7.470226e-08 -2.154052e-06 3.816294e-05 -2.101026e-04 -2.992565e-05 -6.334165e-05
10448.414215 -2.753066e-05 -7.777734e-07 -7.443292e-08 -2.147939e-06 3.874372e-05 -2.120648e-04 -3.781210e-05 -6.357269e-05
10449.829279 -2.752970e-05 -7.793244e-07 -7.453128e-08 -2.145927e-06 3.847951e-05 -2.283625e-04 -3.372059e-05 -7.533766e-05
10451.256534 -2.750921e-05 -7.796125e-07 -7.443102e-08 -2.139861e-06 4.321341e-05 -2.129183e-04 -3.366982e-05 -7.679077e-05
10452.695981 -2.751014e-05 -7.825552e-07 -7.451865e-08 -2.135563e-06 3.537459e-05 -2.116767e-04 -3.850661e-05 -7.046881e-05
10454.147620 -2.748998e-05 -7.832911e-07 -7.468115e-08 -2.129335e-06 2.955685e-05 -2.118036e-04 -3.694082e-05 -5.592065e-05
10455.611452 -2.748084e-05 -7.832930e-07 -7.485535e-08 -2.125335e-06 3.183563e-05 -2.096964e-04 -3.873460e-05 -5.196730e-05
10457.087475 -2.746549e-05 -7.849784e-07 -7.514173e-08 -2.122789e-06 3.040400e-05 -2.440464e-04 -3.499773e-05 -5.115996e-05
10458.575689 -2.741446e-05 -7.830177e-07 -7.486896e-08 -2.115461e-06 3.476192e-05 -2.539786e-04 -4.467090e-05 -5.582330e-05
10460.076096 -2.735757e-05 -7.810241e-07 -7.449395e-08 -2.106682e-06 3.539771e-05 -2.538370e-04 -4.785377e-05 -5.601069e-05
10461.588695 -2.738122e-05 -7.839198e-07 -7.471140e-08 -2.112609e-06 2.761869e-05 -2.426202e-04 -5.621943e-05 -5.357925e-05
10463.113485 -2.737630e-05 -7.835315e-07 -7.457166e-08 -2.113461e-06 4.276239e-05 -2.686671e-04 -4.647956e-05 -5.604540e-05
10464.650468 -2.728708e-05 -7.793313e-07 -7.394906e-08 -2.099119e-06 4.946860e-05 -2.654613e-04 -5.223531e-05 -6.230703e-05
10466.199642 -2.724741e-05 -7.777744e-07 -7.355131e-08 -2.093612e-06 4.703791e-05 -2.640859e-04 -4.532677e-05 -6.117164e-05
10467.761009 -2.722690e-05 -7.779556e-07 -7.352562e-08 -2.092737e-06 4.470179e-05 -2.884001e-04 -4.281986e-05 -5.527347e-05
10469.334567 -2.723112e-05 -7.797363e-07 -7.372513e-08 -2.096405e-06 4.626483e-05 -2.868054e-04 -3.681875e-05 -5.762197e-05
10470.920317 -2.723979e-05 -7.811260e-07 -7.384995e-08 -2.101058e-06 4.147054e-05 -2.627316e-04 -3.985332e-05 -5.928784e-05
10472.518259 -2.723696e-05 -7.816859e-07 -7.358667e-08 -2.104573e-06 3.488065e-05 -2.554864e-04 -4.249889e-05 -6.736590e-05
10474.128393 -2.721014e-05 -7.812922e-07 -7.336769e-08 -2.105623e-06 2.939825e-05 -2.695023e-04 -4.378890e-05 -5.830708e-05
10475.750719 -2.724008e-05 -7.847871e-07 -7.384071e-08 -2.114300e-06 2.835381e-05 -2.665962e-04 -5.011700e-05 -6.235385e-05
10477.385237 -2.725866e-05 -7.869750e-07 -7.438648e-08 -2.121973e-06 2.721291e-05 -2.489385e-04 -4.701217e-05 -6.532204e-05
10479.031946 -2.721973e-05 -7.856604e-07 -7.455741e-08 -2.121034e-06 2.284699e-05 -2.590581e-04 -5.309024e-05 -6.173587e-05
10480.690848 -2.716928e-05 -7.829794e-07 -7.476789e-08 -2.117435e-06 2.407619e-05 -2.566519e-04 -5.342066e-05 -5.874305e-05
10482.361942 -2.712712e-05 -7.824592e-07 -7.512222e-08 -2.116675e-06 2.621569e-05 -2.450860e-04 -5.803461e-05 -5.489231e-05
10484.045227 -2.711094e-05 -7.829486e-07 -7.559289e-08 -2.120128e-06 2.453285e-05 -2.629118e-04 -6.310353e-05 -5.940785e-05
10485.740704 -2.710461e-05 -7.833727e-07 -7.587373e-08 -2.121182e-06 2.026011e-05 -2.747372e-04 -5.991397e-05 -4.787889e-05
10487.448374 -2.706375e-05 -7.809989e-07 -7.601901e-08 -2.117670e-06 2.535716e-05 -2.826529e-04 -4.849396e-05 -4.334099e-05
10489.168235 -2.700989e-05 -7.787081e-07 -7.614416e-08 -2.112208e-06 3.713103e-05 -2.814313e-04 -4.959682e-05 -4.041906e-05
10490.900288 -2.703878e-05 -7.820804e-07 -7.720372e-08 -2.120948e-06 3.547165e-05 -2.797169e-04 -4.557812e-05 -5.021607e-05
10492.644533 -2.704462e-05 -7.829885e-07 -7.768246e-08 -2.126477e-06 3.427992e-05 -2.788349e-04 -4.562780e-05 -5.022365e-05
10494.400970 -2.697875e-05 -7.803788e-07 -7.744453e-08 -2.122822e-06 3.990203e-05 -2.746516e-04 -4.721827e-05 -5.170954e-05
10496.169598 -2.695117e-05 -7.787997e-07 -7.723783e-08 -2.125183e-06 4.564876e-05 -2.824190e-04 -5.521107e-05 -5.750497e-05
10497.950419 -2.692779e-05 -7.792349e-07 -7.729548e-08 -2.131616e-06 5.338389e-05 -2.760972e-04 -4.370076e-05 -4.936855e-05
10499.743432 -2.694558e-05 -7.805375e-07 -7.780066e-08 -2.144828e-06 3.968045e-05 -2.790734e-04 -6.306041e-05 -5.613383e-05
10501.548636 -2.695899e-05 -7.820389e-07 -7.838913e-08 -2.157315e-06 3.174451e-05 -2.770973e-04 -5.814122e-05 -5.323005e-05
10503.366032 -2.691500e-05 -7.785799e-07 -7.827046e-08 -2.159466e-06 3.295198e-05 -2.686241e-04 -5.328395e-05 -5.429541e-05
10505.195621 -2.684939e-05 -7.756207e-07 -7.801225e-08 -2.158428e-06 2.504545e-05 -2.433658e-04 -4.970059e-05 -4.951916e-05
10507.037401 -2.682258e-05 -7.739862e-07 -7.783514e-08 -2.159721e-06 2.136911e-05 -2.268181e-04 -5.760813e-05 -5.135035e-05
10508.891373 -2.681122e-05 -7.745318e-07 -7.789917e-08 -2.163650e-06 1.567554e-05 -2.168136e-04 -5.640725e-05 -3.474650e-05
10510.757537 -2.682493e-05 -7.778902e-07 -7.802660e-08 -2.171522e-06 1.704828e-05 -2.453375e-04 -5.169384e-05 -3.620423e-05
10512.635893 -2.677910e-05 -7.781151e-07 -7.779729e-08 -2.171046e-06 1.140561e-05 -2.679049e-04 -6.449754e-05 -4.399533e-05
10514.526441 -2.674158e-05 -7.783527e-07 -7.786982e-08 -2.170502e-06 7.255873e-06 -2.654254e-04 -5.206454e-05 -3.759780e-05
10516.429181 -2.676192e-05 -7.796352e-07 -7.779443e-08 -2.176297e-06 -3.802615e-06 -2.852722e-04 -6.512274e-05 -3.593853e-05
10518.344112 -2.672464e-05 -7.781478e-07 -7.759326e-08 -2.174839e-06 4.028087e-06 -2.814117e-04 -6.297553e-05 -4.289807e-05
10520.271236 -2.660023e-05 -7.759043e-07 -7.731643e-08 -2.164794e-06 1.635131e-05 -2.671870e-04 -5.654415e-05 -5.561854e-05
10522.210552 -2.667207e-05 -7.790965e-07 -7.760173e-08 -2.171485e-06 1.943601e-05 -2.810186e-04 -4.635791e-05 -5.596400e-05
10524.162059 -2.663432e-05 -7.784954e-07 -7.749348e-08 -2.166205e-06 1.568165e-05 -2.948320e-04 -5.486385e-05 -6.593604e-05
10526.125758 -2.655101e-05 -7.775404e-07 -7.702428e-08 -2.156315e-06 1.701095e-05 -3.006162e-04 -5.867173e-05 -6.237365e-05
10528.101649 -2.647396e-05 -7.772418e-07 -7.662596e-08 -2.146385e-06 1.771005e-05 -2.873624e-04 -5.927287e-05 -5.987390e-05
10530.089733 -2.644345e-05 -7.765792e-07 -7.630349e-08 -2.139080e-06 7.970338e-06 -3.107051e-04 -4.957280e-05 -5.649737e-05
10532.090008 -2.649994e-05 -7.792169e-07 -7.654269e-08 -2.138291e-06 7.912234e-08 -3.146025e-04 -4.619510e-05 -5.376491e-05
10534.102475 -2.647512e-05 -7.811655e-07 -7.682709e-08 -2.132514e-06 7.713230e-06 -3.131013e-04 -4.278722e-05 -5.309825e-05
10536.127133 -2.645720e-05 -7.832831e-07 -7.712103e-08 -2.130096e-06 6.670968e-06 -3.016399e-04 -6.185133e-05 -5.957574e-05
10538.163984 -2.646580e-05 -7.844834e-07 -7.734583e-08 -2.127734e-06 9.991733e-06 -3.017351e-04 -6.393955e-05 -5.459198e-05
10540.213027 -2.646748e-05 -7.870016e-07 -7.755239e-08 -2.127068e-06 1.229028e-05 -2.919266e-04 -5.220767e-05 -4.912794e-05
10542.274261 -2.643042e-05 -7.874944e-07 -7.758494e-08 -2.123947e-06 1.601801e-05 -2.922722e-04 -5.516628e-05 -5.435873e-05
10544.347688 -2.640603e-05 -7.875003e-07 -7.755306e-08 -2.121880e-06 9.398592e-06 -2.745462e-04 -5.216889e-05 -4.536510e-05
10546.433306 -2.635934e-05 -7.867835e-07 -7.767503e-08 -2.118267e-06 2.591241e-07 -2.801887e-04 -5.298462e-05 -5.331102e-05
10548.531117 -2.634107e-05 -7.861313e-07 -7.812545e-08 -2.117476e-06 7.022007e-06 -2.746136e-04 -5.358246e-05 -5.344564e-05
10550.641119 -2.629050e-05 -7.863016e-07 -7.865592e-08 -2.115434e-06 2.004490e-05 -2.635025e-04 -5.418494e-05 -4.886392e-05
10552.763313 -2.619148e-05 -7.831545e-07 -7.870062e-08 -2.108075e-06 2.812518e-05 -2.793542e-04 -6.264662e-05 -4.800961e-05
10554.897699 -2.612572e-05 -7.814208e-07 -7.871566e-08 -2.104229e-06 3.538733e-05 -2.990315e-04 -6.313576e-05 -4.635676e-05
10557.044277 -2.613157e-05 -7.829798e-07 -7.894827e-08 -2.109167e-06 3.660751e-05 -2.891464e-04 -5.970026e-05 -5.385501e-05
10559.203047 -2.613447e-05 -7.854222e-07 -7.928701e-08 -2.115265e-06 3.150282e-05 -2.836966e-04 -6.676305e-05 -5.776190e-05
10561.374008 -2.611842e-05 -7.866337e-07 -7.972218e-08 -2.120047e-06 2.956291e-05 -2.846469e-04 -6.553519e-05 -4.912648e-05
10563.557162 -2.609175e-05 -7.863220e-07 -7.986321e-08 -2.121294e-06 3.638663e-05 -2.499341e-04 -6.519387e-05 -4.784118e-05
10565.752508 -2.605975e-05 -7.860245e-07 -8.011548e-08 -2.122097e-06 3.351705e-05 -2.620881e-04 -7.030717e-05 -5.620084e-05
10567.960045 -2.604117e-05 -7.872918e-07 -8.051821e-08 -2.125518e-06 3.585344e-05 -2.624587e-04 -4.905858e-05 -4.842983e-05
10570.179775 -2.600748e-05 -7.873627e-07 -8.071070e-08 -2.127710e-06 3.601278e-05 -2.743405e-04 -6.996131e-05 -5.453398e-05
10572.411696 -2.597723e-05 -7.878241e-07 -8.119482e-08 -2.128701e-06 3.546033e-05 -2.845047e-04 -6.119091e-05 -5.279881e-05
10574.655809 -2.592062e-05 -7.863721e-07 -8.121890e-08 -2.124653e-06 4.544160e-05 -3.166452e-04 -6.900819e-05 -5.395354e-05
10576.912114 -2.587476e-05 -7.874953e-07 -8.150902e-08 -2.122555e-06 4.097262e-05 -3.159931e-04 -5.856451e-05 -5.259560e-05
10579.180611 -2.583640e-05 -7.867969e-07 -8.141405e-08 -2.121775e-06 3.751675e-05 -2.972484e-04 -7.148292e-05 -5.253847e-05
10581.461300 -2.578957e-05 -7.874623e-07 -8.148899e-08 -2.120819e-06 2.883413e-05 -2.904345e-04 -6.170073e-05 -5.269223e-05
10583.754181 -2.571845e-05 -7.846932e-07 -8.106121e-08 -2.114398e-06 3.214072e-05 -2.813473e-04 -5.820857e-05 -5.110352e-05
10586.059254 -2.569368e-05 -7.866306e-07 -8.152581e-08 -2.117365e-06 3.025096e-05 -2.701736e-04 -5.392434e-05 -4.764674e-05
10588.376518 -2.563550e-05 -7.870752e-07 -8.167161e-08 -2.114500e-06 3.390803e-05 -3.002409e-04 -6.359473e-05 -5.919504e-05
10590.705975 -2.554300e-05 -7.860962e-07 -8.164988e-08 -2.106366e-06 3.513088e-05 -3.218008e-04 -4.382069e-05 -4.336317e-05
10593.047623 -2.544633e-05 -7.854499e-07 -8.131267e-08 -2.098339e-06 2.998417e-05 -3.038254e-04 -4.867121e-05 -3.738717e-05
10595.401464 -2.541708e-05 -7.857502e-07 -8.126845e-08 -2.096132e-06 2.636755e-05 -2.891760e-04 -5.456391e-05 -4.392920e-05
10597.767496 -2.539091e-05 -7.858536e-07 -8.118690e-08 -2.091802e-06 2.922291e-05 -2.811222e-04 -6.372023e-05 -3.873272e-05
10600.145720 -2.537790e-05 -7.865292e-07 -8.131328e-08 -2.088911e-06 2.857363e-05 -3.199047e-04 -4.881147e-05 -3.910097e-05
10602.536136 -2.533817e-05 -7.878808e-07 -8.164417e-08 -2.086022e-06 2.308734e-05 -3.170392e-04 -5.280721e-05 -4.582019e-05
10604.938744 -2.526163e-05 -7.877758e-07 -8.180365e-08 -2.079006e-06 1.326631e-05 -3.257793e-04 -6.383007e-05 -5.381024e-05
10607.353544 -2.521288e-05 -7.888701e-07 -8.221866e-08 -2.076660e-06 1.565165e-05 -3.215144e-04 -5.652707e-05 -5.389742e-05
10609.780536 -2.516025e-05 -7.890662e-07 -8.209906e-08 -2.075516e-06 1.450834e-05 -3.017653e-04 -6.172674e-05 -5.359096e-05
10612.219720 -2.512049e-05 -7.889841e-07 -8.193512e-08 -2.075219e-06 2.050951e-05 -2.901458e-04 -5.170964e-05 -3.110525e-05
10614.671096 -2.509056e-05 -7.877952e-07 -8.151256e-08 -2.074302e-06 2.340731e-05 -2.990146e-04 -4.880287e-05 -2.273317e-05
10617.134663 -2.508684e-05 -7.879239e-07 -8.136159e-08 -2.075483e-06 3.256653e-05 -2.831048e-04 -6.430903e-05 -3.011460e-05
10619.610423 -2.505600e-05 -7.874857e-07 -8.140594e-08 -2.075554e-06 2.308172e-05 -2.946837e-04 -5.561843e-05 -2.807112e-05
10622.098374 -2.504726e-05 -7.906529e-07 -8.202083e-08 -2.080376e-06 2.495040e-05 -3.058624e-04 -5.445742e-05 -2.109207e-05
10624.598517 -2.501563e-05 -7.906885e-07 -8.221429e-08 -2.079659e-06 1.315518e-05 -2.915903e-04 -5.877276e-05 -1.296130e-05
10627.110852 -2.496934e-05 -7.916565e-07 -8.255644e-08 -2.078282e-06 1.961525e-05 -2.781858e-04 -6.445804e-05 -1.134568e-05
10629.635380 -2.492734e-05 -7.924578e-07 -8.268903e-08 -2.077857e-06 2.051562e-05 -2.642118e-04 -7.723880e-05 -9.890956e-06
10632.172099 -2.493308e-05 -7.959526e-07 -8.319741e-08 -2.084785e-06 2.681080e-05 -2.568940e-04 -6.575275e-05 -8.532008e-06
10634.721009 -2.484163e-05 -7.946866e-07 -8.291836e-08 -2.079643e-06 3.236809e-05 -2.224529e-04 -6.490744e-05 -1.345677e-05
10637.282112 -2.477263e-05 -7.927133e-07 -8.250894e-08 -2.074278e-06 2.278338e-05 -2.464351e-04 -8.462506e-05 -2.317615e-05
10639.855407 -2.472167e-05 -7.936764e-07 -8.273202e-08 -2.072477e-06 2.871994e-05 -2.702776e-04 -8.097377e-05 -1.342525e-05
10642.440894 -2.467039e-05 -7.937199e-07 -8.316602e-08 -2.070480e-06 3.293850e-05 -2.529468e-04 -7.230158e-05 -8.574491e-06
10645.038572 -2.461916e-05 -7.949119e-07 -8.367684e-08 -2.067316e-06 3.954716e-05 -2.385038e-04 -7.341222e-05 -1.568953e-05
10647.648443 -2.454736e-05 -7.938507e-07 -8.370066e-08 -2.062660e-06 3.994376e-05 -2.307996e-04 -7.132885e-05 -4.215857e-06
10650.270505 -2.448768e-05 -7.923908e-07 -8.374203e-08 -2.059018e-06 4.257114e-05 -2.277287e-04 -7.454165e-05 -7.191469e-06
10652.904759 -2.443218e-05 -7.940415e-07 -8.401468e-08 -2.057135e-06 4.939740e-05 -2.123406e-04 -8.863611e-05 -1.044575e-05
10655.551205 -2.435445e-05 -7.934107e-07 -8.420627e-08 -2.051352e-06 5.223278e-05 -1.881698e-04 -7.748241e-05 -2.054929e-06
10658.209844 -2.424525e-05 -7.917081e-07 -8.429151e-08 -2.042471e-06 5.262765e-05 -1.709516e-04 -7.527570e-05 -5.596125e-06
10660.880674 -2.422788e-05 -7.929349e-07 -8.470243e-08 -2.041364e-06 4.751766e-05 -1.969657e-04 -7.802152e-05 -9.458112e-06
10663.563696 -2.423510e-05 -7.966221e-07 -8.548119e-08 -2.041476e-06 3.900737e-05 -2.091381e-04 -7.354291e-05 -8.742250e-06
10666.258909 -2.419302e-05 -7.976731e-07 -8.574598e-08 -2.036363e-06 3.710312e-05 -1.986806e-04 -8.616211e-05 -1.364588e-05
10668.966315 -2.410945e-05 -7.976992e-07 -8.583165e-08 -2.028136e-06 4.141365e-05 -1.855197e-04 -6.496455e-05 -1.292911e-05
10671.685913 -2.404138e-05 -7.975219e-07 -8.594602e-08 -2.021466e-06 3.589021e-05 -1.594512e-04 -6.323775e-05 -2.773215e-05
10674.417702 -2.396577e-05 -7.961514e-07 -8.583990e-08 -2.015363e-06 3.629564e-05 -1.731397e-04 -6.988784e-05 -1.732148e-05
10677.161684 -2.386808e-05 -7.946187e-07 -8.574316e-08 -2.006842e-06 4.677903e-05 -2.193257e-04 -7.119812e-05 -2.486336e-05
10679.917857 -2.374200e-05 -7.927287e-07 -8.568941e-08 -1.995476e-06 4.875510e-05 -2.465992e-04 -6.833226e-05 -1.999469e-05
10682.686222 -2.365377e-05 -7.919779e-07 -8.599262e-08 -1.987323e-06 4.890455e-05 -2.322427e-04 -6.381538e-05 -2.529461e-05
10685.466780 -2.356949e-05 -7.926713e-07 -8.620343e-08 -1.981732e-06 3.961300e-05 -2.036049e-04 -7.826985e-05 -3.274350e-05
10688.259529 -2.346121e-05 -7.911691e-07 -8.592700e-08 -1.974961e-06 3.932107e-05 -1.828855e-04 -8.261970e-05 -2.824114e-05
10691.064470 -2.337694e-05 -7.887815e-07 -8.569959e-08 -1.971757e-06 3.452100e-05 -1.964073e-04 -7.617186e-05 -2.656324e-05
10693.881602 -2.335062e-05 -7.876610e-07 -8.607729e-08 -1.972788e-06 3.871988e-05 -1.965899e-04 -7.286208e-05 -3.231693e-05
10696.710927 -2.332607e-05 -7.886589e-07 -8.641084e-08 -1.971578e-06 3.213343e-05 -2.002663e-04 -6.827807e-05 -2.284014e-05
10699.552444 -2.329012e-05 -7.906803e-07 -8.677476e-08 -1.972156e-06 2.847127e-05 -2.069585e-04 -6.087549e-05 -1.820601e-05
10702.406153 -2.317707e-05 -7.898283e-07 -8.640514e-08 -1.965807e-06 2.809639e-05 -2.117168e-04 -6.005215e-05 -2.601232e-05
10705.272053 -2.307752e-05 -7.885868e-07 -8.613142e-08 -1.959117e-06 2.905723e-05 -2.184492e-04 -5.640928e-05 -3.492747e-05
10708.150146 -2.303613e-05 -7.868907e-07 -8.582436e-08 -1.956998e-06 2.442988e-05 -2.370586e-04 -6.880694e-05 -3.985859e-05
10711.040430 -2.301536e-05 -7.872699e-07 -8.591247e-08 -1.957715e-06 3.689388e-05 -2.127978e-04 -6.692138e-05 -3.625603e-05
10713.942906 -2.296631e-05 -7.879706e-07 -8.603016e-08 -1.955081e-06 3.861690e-05 -2.119372e-04 -6.931438e-05 -3.657585e-05
10716.857574 -2.292325e-05 -7.885245e-07 -8.609948e-08 -1.954363e-06 2.731714e-05 -2.436979e-04 -7.221919e-05 -3.562183e-05
10719.784435 -2.284115e-05 -7.875363e-07 -8.620967e-08 -1.947787e-06 2.891893e-05 -2.584072e-04 -6.584377e-05 -1.692376e-05
10722.723487 -2.277370e-05 -7.875279e-07 -8.651999e-08 -1.944270e-06 2.982344e-05 -2.771699e-04 -6.452488e-05 -1.217629e-05
10725.674730 -2.271623e-05 -7.879920e-07 -8.667404e-08 -1.942302e-06 2.930580e-05 -2.625068e-04 -7.148260e-05 -1.801138e-05
10728.638166 -2.262645e-05 -7.872270e-07 -8.638125e-08 -1.937093e-06 3.157364e-05 -2.520163e-04 -7.008666e-05 -1.489430e-05
10731.613794 -2.252844e-05 -7.863272e-07 -8.648379e-08 -1.931074e-06 2.132406e-05 -2.439994e-04 -7.799160e-05 -2.019083e-05
10734.601614 -2.249064e-05 -7.869706e-07 -8.677845e-08 -1.928930e-06 1.801497e-05 -2.336128e-04 -6.086954e-05 -1.067399e-05
10737.601625 -2.240674e-05 -7.859550e-07 -8.679468e-08 -1.922053e-06 2.466581e-05 -2.209338e-04 -6.425922e-05 -7.536345e-06
10740.613829 -2.230363e-05 -7.834430e-07 -8.660186e-08 -1.911237e-06 3.240245e-05 -2.405586e-04 -6.252327e-05 -1.776866e-05
10743.638224 -2.225505e-05 -7.855260e-07 -8.699622e-08 -1.910052e-06 3.497822e-05 -2.358594e-04 -7.623283e-05 -1.504593e-05
10746.674811 -2.218108e-05 -7.856206e-07 -8.722340e-08 -1.906425e-06 3.173467e-05 -2.381491e-04 -7.564224e-05 -1.488568e-05
10749.723590 -2.207209e-05 -7.839338e-07 -8.704468e-08 -1.897862e-06 3.437198e-05 -2.442257e-04 -8.004805e-05 -1.667992e-05
10752.784561 -2.197484e-05 -7.828155e-07 -8.709371e-08 -1.889472e-06 2.524076e-05 -2.434251e-04 -7.441787e-05 -1.385208e-05
10755.857724 -2.182056e-05 -7.797430e-07 -8.706385e-08 -1.875198e-06 2.992474e-05 -2.617805e-04 -6.547978e-05 -1.743035e-05
10758.943079 -2.176226e-05 -7.789362e-07 -8.714012e-08 -1.870909e-06 4.162062e-05 -2.821553e-04 -6.857858e-05 -1.772199e-05
10762.040626 -2.171309e-05 -7.794193e-07 -8.714272e-08 -1.866614e-06 3.881217e-05 -2.406005e-04 -6.746366e-05 -1.772649e-05
10765.150365 -2.159273e-05 -7.760688e-07 -8.637021e-08 -1.855695e-06 3.938505e-05 -2.355679e-04 -5.784915e-05 -1.776689e-05
10768.272295 -2.144650e-05 -7.698691e-07 -8.544535e-08 -1.840177e-06 3.868894e-05 -2.217392e-04 -6.852325e-05 -1.756598e-05
10771.406418 -2.139366e-05 -7.724608e-07 -8.574362e-08 -1.842100e-06 4.219119e-05 -2.050153e-04 -6.328039e-05 -1.919504e-05
10774.552732 -2.135819e-05 -7.768174e-07 -8.637710e-08 -1.844211e-06 4.194867e-05 -1.970653e-04 -5.716665e-05 -1.981549e-05
10777.711239 -2.126105e-05 -7.755489e-07 -8.648508e-08 -1.836731e-06 4.251000e-05 -1.925209e-04 -5.969015e-05 -1.509707e-05
10780.881937 -2.115536e-05 -7.737483e-07 -8.704132e-08 -1.828575e-06 3.893570e-05 -2.134659e-04 -7.010338e-05 -2.340809e-05
10784.064827 -2.105818e-05 -7.725943e-07 -8.769277e-08 -1.821666e-06 3.882353e-05 -2.069373e-04 -6.745290e-05 -2.149010e-05
10787.259909 -2.092744e-05 -7.692600e-07 -8.792765e-08 -1.810792e-06 4.416056e-05 -2.198017e-04 -6.660635e-05 -2.082765e-05
10790.467183 -2.086083e-05 -7.711400e-07 -8.881880e-08 -1.808774e-06 4.603632e-05 -2.284414e-04 -6.341526e-05 -2.538166e-05
10793.686649 -2.077459e-05 -7.705657e-07 -8.944261e-08 -1.802909e-06 3.039352e-05 -2.491957e-04 -6.480495e-05 -2.753807e-05
10796.918307 -2.064978e-05 -7.683020e-07 -8.934204e-08 -1.792918e-06 3.031547e-05 -2.524430e-04 -6.752900e-05 -3.162149e-05
10800.162157 -2.054220e-05 -7.669120e-07 -8.927561e-08 -1.785186e-06 3.427895e-05 -2.590286e-04 -7.165765e-05 -3.490828e-05
10803.418198 -2.041188e-05 -7.637457e-07 -8.909557e-08 -1.775003e-06 3.939968e-05 -2.458646e-04 -7.200176e-05 -3.032358e-05
10806.686432 -2.021920e-05 -7.591341e-07 -8.868251e-08 -1.757360e-06 4.010473e-05 -2.400613e-04 -7.053573e-05 -1.967118e-05
10809.966857 -2.013803e-05 -7.559374e-07 -8.811495e-08 -1.750137e-06 3.724831e-05 -2.426738e-04 -7.524334e-05 -2.781315e-05
10813.259474 -2.009826e-05 -7.570520e-07 -8.830480e-08 -1.748142e-06 3.658074e-05 -2.331234e-04 -6.313021e-05 -2.594239e-05
10816.564284 -2.000234e-05 -7.579501e-07 -8.864600e-08 -1.743655e-06 3.473330e-05 -2.202017e-04 -7.654448e-05 -2.176110e-05
10819.881285 -1.990449e-05 -7.561171e-07 -8.853440e-08 -1.737233e-06 4.315591e-05 -2.210887e-04 -7.719799e-05 -2.280093e-05
10823.210478 -1.978098e-05 -7.532396e-07 -8.806153e-08 -1.727533e-06 2.832551e-05 -2.228301e-04 -6.302567e-05 -2.336062e-05
10826.551863 -1.964646e-05 -7.497788e-07 -8.744310e-08 -1.715313e-06 2.202712e-05 -2.215827e-04 -6.810969e-05 -2.431228e-05
10829.905440 -1.950087e-05 -7.458661e-07 -8.661026e-08 -1.703949e-06 2.383276e-05 -2.369838e-04 -6.902348e-05 -2.165445e-05
10833.271209 -1.937263e-05 -7.432225e-07 -8.602827e-08 -1.693278e-06 3.395961e-05 -2.352267e-04 -6.700527e-05 -2.936890e-05
10836.649169 -1.925741e-05 -7.418551e-07 -8.585474e-08 -1.683732e-06 4.227895e-05 -2.195632e-04 -5.295879e-05 -3.560119e-05
10840.039322 -1.913423e-05 -7.396372e-07 -8.557840e-08 -1.672051e-06 4.718099e-05 -2.242102e-04 -5.824892e-05 -3.797053e-05
10843.441666 -1.901340e-05 -7.374360e-07 -8.552332e-08 -1.661390e-06 4.981249e-05 -2.008884e-04 -5.590510e-05 -3.037987e-05
10846.856203 -1.887824e-05 -7.339140e-07 -8.505905e-08 -1.649170e-06 4.918781e-05 -1.913297e-04 -5.733524e-05 -3.439583e-05
10850.282931 -1.872672e-05 -7.298302e-07 -8.456836e-08 -1.635395e-06 3.252746e-05 -2.042487e-04 -5.022323e-05 -2.883113e-05
10853.721851 -1.862844e-05 -7.318125e-07 -8.525198e-08 -1.631107e-06 2.610666e-05 -1.870232e-04 -5.411173e-05 -2.997977e-05
10857.172964 -1.853496e-05 -7.308069e-07 -8.567824e-08 -1.625104e-06 3.089149e-05 -1.655344e-04 -5.521603e-05 -3.209053e-05
10860.636268 -1.833013e-05 -7.227715e-07 -8.507667e-08 -1.604522e-06 2.749272e-05 -1.813520e-04 -6.237070e-05 -3.310235e-05
10864.111764 -1.821313e-05 -7.197932e-07 -8.506657e-08 -1.593581e-06 2.986959e-05 -1.612215e-04 -6.180373e-05 -2.951509e-05
10867.599451 -1.810882e-05 -7.187565e-07 -8.519881e-08 -1.586529e-06 3.793105e-05 -1.485492e-04 -7.049810e-05 -4.085691e-05
10871.099331 -1.797473e-05 -7.167837e-07 -8.498694e-08 -1.577634e-06 4.111822e-05 -1.709910e-04 -7.620157e-05 -3.509676e-05
10874.611403 -1.785761e-05 -7.162129e-07 -8.476756e-08 -1.570099e-06 4.282037e-05 -1.673593e-04 -7.694897e-05 -2.968693e-05
10878.135666 -1.770556e-05 -7.130893e-07 -8.447997e-08 -1.558200e-06 3.193324e-05 -1.603005e-04 -7.078707e-05 -2.720454e-05
10881.672122 -1.760486e-05 -7.104659e-07 -8.434489e-08 -1.549106e-06 2.958010e-05 -1.866277e-04 -6.517238e-05 -2.618007e-05
10885.220769 -1.747965e-05 -7.068764e-07 -8.391684e-08 -1.538044e-06 2.892310e-05 -1.747265e-04 -6.527998e-05 -3.107670e-05
10888.781609 -1.737247e-05 -7.060615e-07 -8.411478e-08 -1.531629e-06 3.116645e-05 -1.602291e-04 -5.700766e-05 -2.700826e-05
10892.354640 -1.722178e-05 -7.021767e-07 -8.403537e-08 -1.519234e-06 3.333650e-05 -1.863377e-04 -6.247179e-05 -2.931493e-05
10895.939863 -1.704732e-05 -6.957643e-07 -8.345309e-08 -1.502808e-06 3.180003e-05 -2.012441e-04 -4.877315e-05 -3.273842e-05
10899.537278 -1.692489e-05 -6.942807e-07 -8.353264e-08 -1.494040e-06 3.225707e-05 -1.884846e-04 -5.271371e-05 -4.185524e-05
10903.146885 -1.678099e-05 -6.913334e-07 -8.355891e-08 -1.481462e-06 4.180337e-05 -1.574358e-04 -4.846865e-05 -2.958022e-05
10906.768684 -1.668639e-05 -6.910356e-07 -8.402107e-08 -1.475887e-06 3.520452e-05 -1.628334e-04 -4.619986e-05 -3.519238e-05
10910.402675 -1.656610e-05 -6.884134e-07 -8.417593e-08 -1.466290e-06 3.476868e-05 -1.888766e-04 -4.497667e-05 -3.149822e-05
10914.048857 -1.642985e-05 -6.847040e-07 -8.434419e-08 -1.453964e-06 3.336501e-05 -2.017545e-04 -4.475175e-05 -2.672931e-05
10917.707232 -1.632242e-05 -6.831586e-07 -8.456550e-08 -1.446127e-06 3.832846e-05 -1.975456e-04 -4.637816e-05 -2.604074e-05
10921.377799 -1.617482e-05 -6.786468e-07 -8.399925e-08 -1.432077e-06 4.046326e-05 -2.221129e-04 -5.704259e-05 -2.463266e-05
10925.060557 -1.600836e-05 -6.730709e-07 -8.313494e-08 -1.417460e-06 3.049535e-05 -2.448982e-04 -7.266683e-05 -2.754245e-05
10928.755507 -1.585762e-05 -6.685940e-07 -8.274987e-08 -1.404763e-06 3.160774e-05 -2.590193e-04 -6.392620e-05 -2.859350e-05
10932.462650 -1.575908e-05 -6.681167e-07 -8.291952e-08 -1.399347e-06 2.834677e-05 -2.620888e-04 -6.226852e-05 -2.785312e-05
10936.181984 -1.563624e-05 -6.656919e-07 -8.287647e-08 -1.389375e-06 2.156819e-05 -2.549641e-04 -6.427066e-05 -2.435724e-05
10939.913510 -1.547924e-05 -6.613730e-07 -8.251684e-08 -1.375952e-06 3.326758e-05 -2.206149e-04 -6.405679e-05 -2.999787e-05
10943.657228 -1.535196e-05 -6.578341e-07 -8.189445e-08 -1.365662e-06 3.030308e-05 -2.268647e-04 -6.525823e-05 -2.406254e-05
10947.413138 -1.520261e-05 -6.523037e-07 -8.100663e-08 -1.352680e-06 2.289926e-05 -2.522502e-04 -6.661049e-05 -1.957004e-05
10951.181239 -1.502777e-05 -6.476607e-07 -8.071842e-08 -1.338374e-06 2.589257e-05 -2.593690e-04 -5.929739e-05 -2.498000e-05
10954.961533 -1.488088e-05 -6.424290e-07 -8.011914e-08 -1.323637e-06 2.893385e-05 -2.414242e-04 -5.404091e-05 -1.946730e-05
10958.754019 -1.477758e-05 -6.400214e-07 -7.978806e-08 -1.314862e-06 3.314561e-05 -2.462849e-04 -5.218158e-05 -1.164492e-05
10962.558696 -1.464913e-05 -6.377979e-07 -7.969025e-08 -1.306518e-06 2.949258e-05 -2.518732e-04 -4.074776e-05 -2.420163e-05
10966.375565 -1.448897e-05 -6.290163e-07 -7.818856e-08 -1.288932e-06 3.792981e-05 -2.518080e-04 -4.443701e-05 -2.489538e-05
10970.204627 -1.440904e-05 -6.285562e-07 -7.787352e-08 -1.284276e-06 2.596311e-05 -2.605037e-04 -4.368996e-05 -2.333866e-05
10974.045880 -1.433965e-05 -6.305975e-07 -7.832054e-08 -1.282803e-06 3.109528e-05 -2.619570e-04 -4.244471e-05 -2.842931e-05
10977.899325 -1.415175e-05 -6.218845e-07 -7.718584e-08 -1.262321e-06 3.740605e-05 -2.566590e-04 -5.313694e-05 -2.493044e-05
10981.764962 -1.399232e-05 -6.155962e-07 -7.629741e-08 -1.246902e-06 3.100241e-05 -2.756656e-04 -6.318392e-05 -2.349442e-05
10985.642791 -1.388285e-05 -6.150647e-07 -7.653843e-08 -1.240673e-06 3.549253e-05 -2.724424e-04 -5.604522e-05 -1.821089e-05
10989.532812 -1.378974e-05 -6.132883e-07 -7.644760e-08 -1.234621e-06 2.802773e-05 -2.731934e-04 -4.363022e-05 -2.398230e-06
10993.435025 -1.370978e-05 -6.134977e-07 -7.678505e-08 -1.231042e-06 2.996796e-05 -2.779201e-04 -4.643800e-05 -5.810958e-06
10997.349429 -1.360188e-05 -6.122054e-07 -7.695461e-08 -1.224562e-06 3.119171e-05 -2.885326e-04 -5.115942e-05 -3.688260e-06
11001.276026 -1.347681e-05 -6.086879e-07 -7.690894e-08 -1.214124e-06 3.135733e-05 -2.873539e-04 -5.739148e-05 -1.343757e-05
11005.214814 -1.335245e-05 -6.041947e-07 -7.652307e-08 -1.203725e-06 3.446892e-05 -2.730885e-04 -5.688346e-05 -1.884974e-05
11009.165795 -1.322527e-05 -6.003889e-07 -7.625936e-08 -1.193266e-06 4.537071e-05 -2.872665e-04 -5.916683e-05 -1.640088e-05
11013.128967 -1.308355e-05 -5.957866e-07 -7.586165e-08 -1.180158e-06 5.032972e-05 -2.989908e-04 -6.297403e-05 -1.431420e-05
11017.104331 -1.298119e-05 -5.937863e-07 -7.580450e-08 -1.173069e-06 4.711543e-05 -2.882005e-04 -5.439707e-05 -1.653756e-05
11021.091888 -1.287049e-05 -5.907228e-07 -7.584036e-08 -1.164603e-06 4.519092e-05 -2.813739e-04 -5.517009e-05 -2.094742e-05
11025.091636 -1.275567e-05 -5.871698e-07 -7.560480e-08 -1.154674e-06 4.307394e-05 -3.056766e-04 -6.272794e-05 -2.746076e-05
11029.103575 -1.263066e-05 -5.830859e-07 -7.537647e-08 -1.143884e-06 5.167044e-05 -3.019674e-04 -5.237246e-05 -3.079677e-05
11033.127707 -1.251795e-05 -5.799891e-07 -7.568943e-08 -1.136124e-06 4.670889e-05 -2.969227e-04 -4.543379e-05 -2.792614e-05
11037.164031 -1.238247e-05 -5.749678e-07 -7.549293e-08 -1.123291e-06 3.166406e-05 -3.095065e-04 -5.050656e-05 -2.357375e-05
11041.212547 -1.222621e-05 -5.679235e-07 -7.493526e-08 -1.107267e-06 3.273688e-05 -3.114159e-04 -5.680781e-05 -2.438856e-05
11045.273254 -1.210618e-05 -5.642609e-07 -7.469178e-08 -1.098019e-06 3.755705e-05 -2.657892e-04 -6.287312e-05 -2.223130e-05
11049.346154 -1.204400e-05 -5.652917e-07 -7.497792e-08 -1.097753e-06 3.340527e-05 -2.625091e-04 -4.600800e-05 -2.295767e-05
11053.431245 -1.188976e-05 -5.582839e-07 -7.409917e-08 -1.082278e-06 2.871441e-05 -2.894279e-04 -4.565734e-05 -2.833407e-05
11057.528529 -1.176322e-05 -5.537439e-07 -7.349257e-08 -1.071349e-06 2.559298e-05 -3.032935e-04 -4.697987e-05 -1.540805e-05
11061.638004 -1.169086e-05 -5.540746e-07 -7.362358e-08 -1.068366e-06 2.023005e-05 -2.983500e-04 -4.633193e-05 -1.608920e-05
11065.759671 -1.158740e-05 -5.512816e-07 -7.325897e-08 -1.060670e-06 1.313973e-05 -2.880849e-04 -4.713178e-05 -2.381391e-05
11069.893530 -1.148633e-05 -5.485051e-07 -7.288460e-08 -1.053242e-06 1.739322e-05 -3.046224e-04 -4.966923e-05 -2.193621e-05
11074.039581 -1.137093e-05 -5.445345e-07 -7.254793e-08 -1.043848e-06 1.892576e-05 -3.331600e-04 -5.191503e-05 -1.554433e-05
11078.197824 -1.126007e-05 -5.406718e-07 -7.207363e-08 -1.034935e-06 1.957944e-05 -3.259971e-04 -5.558634e-05 -9.955527e-06
11082.368258 -1.114955e-05 -5.368104e-07 -7.113900e-08 -1.025615e-06 2.283016e-05 -3.142573e-04 -5.404978e-05 -1.023395e-05
11086.550885 -1.104960e-05 -5.336689e-07 -7.052051e-08 -1.017931e-06 2.352027e-05 -3.257430e-04 -5.389544e-05 -1.894677e-05
11090.745704 -1.092881e-05 -5.296458e-07 -6.989855e-08 -1.007108e-06 2.609501e-05 -3.150321e-04 -6.176165e-05 -2.453257e-05
11094.952714 -1.082725e-05 -5.267765e-07 -6.977914e-08 -9.988856e-07 2.336549e-05 -3.156580e-04 -6.721840e-05 -2.280214e-05
11099.171916 -1.073331e-05 -5.241534e-07 -6.969114e-08 -9.920604e-07 2.763440e-05 -2.932470e-04 -6.184229e-05 -2.047397e-05
11103.403311 -1.062345e-05 -5.204311e-07 -6.937557e-08 -9.834356e-07 2.476304e-05 -2.502500e-04 -6.644899e-05 -2.152350e-05
11107.646897 -1.050024e-05 -5.149642e-07 -6.875397e-08 -9.716053e-07 2.979803e-05 -2.632416e-04 -5.843709e-05 -1.977075e-05
11111.902675 -1.042000e-05 -5.130184e-07 -6.874238e-08 -9.662532e-07 3.670843e-05 -2.969021e-04 -5.073531e-05 -2.551983e-05
11116.170645 -1.032569e-05 -5.102533e-07 -6.859356e-08 -9.594745e-07 3.492928e-05 -3.054241e-04 -6.635299e-05 -2.332292e-05
11120.450807 -1.022343e-05 -5.067324e-07 -6.819571e-08 -9.509991e-07 3.366837e-05 -2.921198e-04 -7.263889e-05 -2.489194e-05
11124.743161 -1.010760e-05 -5.016723e-07 -6.764448e-08 -9.405334e-07 3.194309e-05 -3.114973e-04 -5.831553e-05 -2.185979e-05
11129.047707 -1.001578e-05 -4.986290e-07 -6.739145e-08 -9.335753e-07 3.334920e-05 -3.083261e-04 -5.697243e-05 -1.943276e-05
11133.364444 -9.934338e-06 -4.967558e-07 -6.755878e-08 -9.278278e-07 4.169670e-05 -3.093507e-04 -6.219867e-05 -1.710243e-05
11137.693374 -9.835755e-06 -4.937338e-07 -6.746537e-08 -9.193951e-07 3.505286e-05 -2.915853e-04 -5.916405e-05 -1.515754e-05
11142.034495 -9.730748e-06 -4.899522e-07 -6.712002e-08 -9.103587e-07 3.193485e-05 -2.974914e-04 -6.950252e-05 -1.786395e-05
11146.387809 -9.636581e-06 -4.868032e-07 -6.669893e-08 -9.031154e-07 3.401495e-05 -3.401406e-04 -5.936047e-05 -1.707780e-05
11150.753314 -9.521224e-06 -4.815487e-07 -6.588500e-08 -8.925912e-07 3.461689e-05 -3.313710e-04 -6.549905e-05 -1.124274e-05
11155.131011 -9.334256e-06 -4.700397e-07 -6.436221e-08 -8.722570e-07 2.964994e-05 -3.200445e-04 -6.962580e-05 -6.717865e-06
11159.520900 -9.156332e-06 -4.636862e-07 -6.368919e-08 -8.581566e-07 2.412286e-05 -2.984832e-04 -7.240804e-05 -9.206556e-06
11163.922981 -9.049058e-06 -4.610674e-07 -6.366858e-08 -8.456277e-07 2.081342e-05 -2.785758e-04 -7.357116e-05 -1.097009e-05
11168.337254 -8.976655e-06 -4.555860e-07 -6.315797e-08 -8.412418e-07 1.928067e-05 -2.987604e-04 -6.988501e-05 -1.570026e-05
11172.763719 -8.992309e-06 -4.597490e-07 -6.419878e-08 -8.456091e-07 1.035127e-05 -3.003616e-04 -6.714949e-05 -1.340829e-05
11177.202376 -8.978796e-06 -4.627909e-07 -6.503459e-08 -8.485432e-07 1.346805e-05 -3.069896e-04 -6.508410e-05 -8.599667e-06
11181.653224 -8.875439e-06 -4.583466e-07 -6.463975e-08 -8.391809e-07 1.595931e-05 -3.126627e-04 -6.306033e-05 -6.271847e-06
11186.116265 -8.796507e-06 -4.564229e-07 -6.438404e-08 -8.342858e-07 2.049429e-05 -2.939710e-04 -6.120722e-05 -1.112894e-05
11190.591497 -8.730703e-06 -4.558504e-07 -6.419051e-08 -8.313344e-07 2.391692e-05 -3.103938e-04 -5.848501e-05 -1.617942e-05
11195.078922 -8.634361e-06 -4.520810e-07 -6.399276e-08 -8.235183e-07 2.359384e-05 -2.987386e-04 -5.243667e-05 -1.998498e-05
11199.578538 -8.550742e-06 -4.488735e-07 -6.385731e-08 -8.171261e-07 2.376093e-05 -2.890713e-04 -6.070731e-05 -2.642674e-05
11204.090346 -8.454878e-06 -4.448516e-07 -6.322743e-08 -8.091174e-07 2.331898e-05 -2.895726e-04 -6.124881e-05 -3.556849e-05
11208.614346 -8.356895e-06 -4.403966e-07 -6.239457e-08 -8.003679e-07 1.593688e-05 -2.702654e-04 -5.405569e-05 -2.728317e-05
11213.150538 -8.285037e-06 -4.380823e-07 -6.224981e-08 -7.953764e-07 1.651225e-05 -2.511894e-04 -5.512560e-05 -2.900098e-05
11217.698922 -8.199349e-06 -4.346033e-07 -6.219125e-08 -7.877692e-07 2.121494e-05 -2.460043e-04 -5.200178e-05 -2.036944e-05
11222.259498 -8.115344e-06 -4.313162e-07 -6.179954e-08 -7.812011e-07 2.742300e-05 -2.320773e-04 -5.239839e-05 -2.342126e-05
11226.832266 -8.026147e-06 -4.274382e-07 -6.105020e-08 -7.741110e-07 2.477556e-05 -2.386973e-04 -5.804170e-05 -2.670766e-05
11231.417226 -7.935114e-06 -4.233295e-07 -6.039607e-08 -7.664200e-07 3.087852e-05 -2.420555e-04 -5.306713e-05 -1.859939e-05
11236.014377 -7.845240e-06 -4.193914e-07 -5.969705e-08 -7.594483e-07 2.556653e-05 -2.408631e-04 -4.805343e-05 -2.056736e-05
11240.623721 -7.721018e-06 -4.120659e-07 -5.850789e-08 -7.466852e-07 2.658871e-05 -2.278125e-04 -5.710275e-05 -3.228925e-05
11245.245256 -7.662611e-06 -4.110873e-07 -5.875947e-08 -7.441817e-07 3.490661e-05 -2.313723e-04 -5.503721e-05 -2.674006e-05
11249.878983 -7.567668e-06 -4.067753e-07 -5.807577e-08 -7.360321e-07 3.274481e-05 -2.609484e-04 -5.695073e-05 -3.306559e-05
11254.524902 -7.496041e-06 -4.043181e-07 -5.797029e-08 -7.305436e-07 2.865117e-05 -2.869237e-04 -6.375196e-05 -2.117090e-05
11259.183013 -7.417622e-06 -4.015279e-07 -5.758036e-08 -7.245307e-07 3.021611e-05 -2.923596e-04 -6.689787e-05 -1.836742e-05
11263.853316 -7.320158e-06 -3.963685e-07 -5.710567e-08 -7.150598e-07 3.030062e-05 -2.712976e-04 -5.933436e-05 -9.520331e-06
11268.535811 -7.245747e-06 -3.934509e-07 -5.708676e-08 -7.099325e-07 2.539950e-05 -2.748438e-04 -6.477612e-05 -1.356907e-05
11273.230498 -7.167028e-06 -3.901031e-07 -5.670847e-08 -7.038774e-07 2.924896e-05 -3.093479e-04 -6.717360e-05 -1.933690e-05
11277.937377 -7.072786e-06 -3.852952e-07 -5.635622e-08 -6.947533e-07 3.360558e-05 -3.247369e-04 -6.678438e-05 -2.168551e-05
11282.656448 -7.008333e-06 -3.836922e-07 -5.604454e-08 -6.907418e-07 3.820748e-05 -3.022282e-04 -7.153968e-05 -1.644818e-05
11287.387710 -6.942062e-06 -3.813890e-07 -5.614771e-08 -6.859564e-07 3.688850e-05 -2.898038e-04 -5.739294e-05 -1.358685e-05
11292.131165 -6.868274e-06 -3.786538e-07 -5.600121e-08 -6.811354e-07 3.046303e-05 -3.008404e-04 -5.346417e-05 -1.368656e-05
11296.886811 -6.797837e-06 -3.755102e-07 -5.538905e-08 -6.754250e-07 3.355051e-05 -3.049762e-04 -5.678197e-05 -1.244303e-05
11301.654649 -6.724681e-06 -3.722439e-07 -5.505495e-08 -6.687510e-07 3.082453e-05 -3.029642e-04 -5.497292e-05 -1.073981e-05
11306.434679 -6.629420e-06 -3.674246e-07 -5.461538e-08 -6.597813e-07 2.157943e-05 -3.079748e-04 -4.771945e-05 -1.032540e-05
11311.226901 -6.524425e-06 -3.618527e-07 -5.377718e-08 -6.502723e-07 2.534595e-05 -3.093108e-04 -5.134112e-05 -1.013706e-05
11316.031315 -6.476141e-06 -3.590902e-07 -5.350634e-08 -6.480004e-07 2.203415e-05 -3.160295e-04 -5.550718e-05 -3.013088e-05
11320.847921 -6.440039e-06 -3.586829e-07 -5.343754e-08 -6.450545e-07 2.378450e-05 -3.430282e-04 -7.472869e-05 -3.643824e-05
11325.676719 -6.361801e-06 -3.546057e-07 -5.295601e-08 -6.381124e-07 2.124407e-05 -3.589942e-04 -6.691951e-05 -3.359226e-05
11330.517709 -6.290893e-06 -3.521747e-07 -5.275722e-08 -6.329570e-07 2.307225e-05 -3.656742e-04 -6.653575e-05 -2.606473e-05
11335.370891 -6.189443e-06 -3.477250e-07 -5.226201e-08 -6.244456e-07 3.277926e-05 -3.595962e-04 -6.164080e-05 -1.677987e-05
11340.236264 -6.179191e-06 -3.470355e-07 -5.228511e-08 -6.238444e-07 3.503095e-05 -3.447007e-04 -7.203681e-05 -1.282048e-05
