# Facility.name: NSLS-II
# Facility.mode: Beam available
# Facility.current: 398.8688414335119
# Facility.current: 3 GeV
# Facility.year: 2023
# Facility.cycle: 2
# Facility.GUP: 312970
# Facility.SAF: 311402
# Experimenter.name: Esteban Fornero
# Beamline.name: ISS (8-ID)
# Beamline.x-ray_source: damping wiggler
# Beamline.collimation_mirror1.material: Si
# Beamline.collimation_mirror2.material: Pt
# Beamline.collimation_mirror2.bender_loading: -349.0
# Beamline.focusing: toroidal mirror
# Beamline.focusing.material: Pt
# Beamline.focusing.bender_loading: -418.0
# Beamline.harmonic_rejection: Si
# Mono.scan_mode: Si(111)
# Mono.d_spacing: 3.1354951
# Mono.scan_mode: pseudo-channel cut
# Mono.scan_type: fly_scan
# Mono.trajectory_name: f950a534-6fd5.txt
# Mono.direction: None
# Mono.angle_offset: 0.69366577
# Mono.angle_offset: 39.744 deg
# Mono.encoder_resolution: 48.0 nrad
# Detector.I0: ion chamber
# Detector.I1: ion chamber
# Detector.I2: ion chamber
# Detector.IF: PIPS
# Detector.I0.length: 15 cm
# Detector.I1.length: 28 cm
# Detector.I2.length: 15 cm
# Detector.IF.thickness: 300 um
# Detector.I0.gas.N2: 38.0%
# Detector.I1.gas.N2: 38.0%
# Detector.I2.gas.N2: 38.0%
# Detector.I0.gas.He: 62.0%
# Detector.I1.gas.He: 62.0%
# Detector.I2.gas.He: 62.0%
# Detector.I0.voltage: -1649.997925
# Detector.I1.voltage: -1649.998413
# Detector.I2.voltage: -1649.999268
# Detector.I0.gain: 4
# Detector.I1.gain: 6
# Detector.I2.gain: 6
# Detector.IF.gain: 6
# Detector.aux: {}
# Element.symbol: Cu
# Element.edge: K
# Element.line: None
# Scan.transient_id: 370607
# Scan.uid: 858fcf72-4336-424c-ab94-eb955b5d4ef6
# Scan.edge_energy: 8979.0
# Scan.start_time: 06/22/2023  16:31:28.077286
# Scan.end_time: 06/22/2023  16:32:03.445148
# Scan.name: CuGaO2-2nd H2 ramp (pos 001) Cu-K 0001
# Scan.comment: 
# Sample.name: CuGaO2-2nd
# Sample.comment: 
# Sample.position.x: -66.493997553
# Sample.position.y: 31.5900075375
# Sample.position.z: -10.184937499999995
# Sample.position.theta: 845.5790000000001
# SampleHeater.temperature1.setpoint: 300.0
# SampleHeater.temperature1.readback: 1372.0
# SampleHeater.current.setpoint: 0.0
# SampleHeater.current.readback: 0.0
# SampleHeater.temperature2.setpoint: 270.4464717378275
# SampleHeater.temperature2.readback: 270.8
# SampleHeater.voltage.setpoint: 0.686193922300586
# SampleHeater.voltage.readback: 0.666
# SampleHeater.PID.P: 0.025
# SampleHeater.PID.I: 0.07
# SampleHeater.PID.D: 0.0
# SampleGasCart.MFC.CH4.setpoint: 0.0
# SampleGasCart.MFC.CH4.readback: 0.0
# SampleGasCart.MFC.CO.setpoint: 0.0
# SampleGasCart.MFC.CO.readback: 0.0
# SampleGasCart.MFC.H2.setpoint: 10.0
# SampleGasCart.MFC.H2.readback: 10.012
# SampleGasCart.MFC.exhaust.setpoint: 100.0
# SampleGasCart.MFC.exhaust.readback: 10.040000000000001
# SampleGasHandlingSystem.gas_a.name: None
# SampleGasHandlingSystem.gas_b.name: None
# SampleGasHandlingSystem.gas_c.name: None
# SampleGasHandlingSystem.gas_d.name: None
# SampleGasHandlingSystem.gas_e.name: He
# SampleGasHandlingSystem.MFC1.setpoint: 0.0
# SampleGasHandlingSystem.MFC1.readback: -0.1383463591337204
# SampleGasHandlingSystem.MFC2.setpoint: 0.0
# SampleGasHandlingSystem.MFC2.readback: -0.048828125
# SampleGasHandlingSystem.MFC3.setpoint: 0.0
# SampleGasHandlingSystem.MFC3.readback: 0.02848307229578495
# SampleGasHandlingSystem.MFC4.setpoint: 0.0
# SampleGasHandlingSystem.MFC4.readback: -0.0569661445915699
# SampleGasHandlingSystem.MFC5.setpoint: 0.0
# SampleGasHandlingSystem.MFC5.readback: 0.0
# SampleGasHandlingSystem.MFC6.setpoint: 0.0
# SampleGasHandlingSystem.MFC6.readback: -0.0325520820915699
# SampleGasHandlingSystem.MFC7.setpoint: 0.0
# SampleGasHandlingSystem.MFC7.readback: -0.0244140625
# SampleGasHandlingSystem.MFC8.setpoint: 0.0
# SampleGasHandlingSystem.MFC8.readback: -0.0773111954331398
# SampleGasHandlingSystem.MFC9.setpoint: 0.0
# SampleGasHandlingSystem.MFC9.readback: -0.0406901054084301
# SampleGasHandlingSystem.MFC10.setpoint: 0.0
# SampleGasHandlingSystem.MFC10.readback: 0.01627604104578495
# SampleGasHandlingSystem.MFC11.setpoint: 0.0
# SampleGasHandlingSystem.MFC11.readback: -0.1017252579331398
# SampleGasHandlingSystem.MFC12.setpoint: 0.0
# SampleGasHandlingSystem.MFC12.readback: -0.048828125
# SampleGasHandlingSystem.MFC13.setpoint: 0.0
# SampleGasHandlingSystem.MFC13.readback: -0.0528971366584301
# SampleGasHandlingSystem.MFC14.setpoint: 0.0
# SampleGasHandlingSystem.MFC14.readback: -0.0651041641831398
# SampleGasHandlingSystem.MFC15.setpoint: 0.0
# SampleGasHandlingSystem.MFC15.readback: -0.1139322891831398
# SampleGasHandlingSystem.MFC16.setpoint: 0.0
# SampleGasHandlingSystem.MFC16.readback: -0.0325520820915699
# SampleGasHandlingSystem.RGA.ch1.mass: 2
# SampleGasHandlingSystem.RGA.ch1.readback: 7.40546e-07
# SampleGasHandlingSystem.RGA.ch2.mass: 4
# SampleGasHandlingSystem.RGA.ch2.readback: 4.82987e-11
# SampleGasHandlingSystem.RGA.ch3.mass: 12
# SampleGasHandlingSystem.RGA.ch3.readback: 1.93199e-12
# SampleGasHandlingSystem.RGA.ch4.mass: 16
# SampleGasHandlingSystem.RGA.ch4.readback: 4.85671e-10
# SampleGasHandlingSystem.RGA.ch5.mass: 18
# SampleGasHandlingSystem.RGA.ch5.readback: 3.7289e-09
# SampleGasHandlingSystem.RGA.ch6.mass: 28
# SampleGasHandlingSystem.RGA.ch6.readback: 1.0621e-08
# SampleGasHandlingSystem.RGA.ch7.mass: 32
# SampleGasHandlingSystem.RGA.ch7.readback: 1.45192e-09
# SampleGasHandlingSystem.RGA.ch8.mass: 40
# SampleGasHandlingSystem.RGA.ch8.readback: 1.11477e-11
# SampleGasHandlingSystem.RGA.ch9.mass: 44
# SampleGasHandlingSystem.RGA.ch9.readback: 7.65802e-12
# energy  i0  it  ir  iff  aux1  aux2  aux3  aux4
 8779.000000 -3.465771e-05 -4.731163e-07 -3.136700e-07 -2.730773e-07 4.350173e-05 -3.838943e-04 -4.227556e-05 2.097597e-05
 8784.000000 -3.471743e-05 -4.720864e-07 -3.133063e-07 -2.741233e-07 3.078211e-05 -3.931969e-04 -4.926164e-05 2.766736e-05
 8789.000000 -3.468633e-05 -4.708055e-07 -3.126007e-07 -2.747261e-07 3.494450e-05 -3.760222e-04 -5.471098e-05 2.028166e-05
 8794.000000 -3.455430e-05 -4.692096e-07 -3.115136e-07 -2.744210e-07 3.457071e-05 -3.696752e-04 -4.715150e-05 1.697813e-05
 8799.000000 -3.402368e-05 -4.611476e-07 -3.064459e-07 -2.708996e-07 3.748810e-05 -3.987661e-04 -3.629925e-05 2.401064e-05
 8804.000000 -3.440551e-05 -4.673444e-07 -3.109897e-07 -2.744466e-07 2.801919e-05 -3.967329e-04 -3.601746e-05 2.837617e-05
 8809.000000 -3.427979e-05 -4.666164e-07 -3.104712e-07 -2.736967e-07 2.288243e-05 -3.699070e-04 -4.242520e-05 3.616737e-05
 8814.000000 -3.407724e-05 -4.650108e-07 -3.097869e-07 -2.725084e-07 2.886199e-05 -3.573454e-04 -4.305713e-05 3.665126e-05
 8819.000000 -3.420187e-05 -4.702720e-07 -3.136007e-07 -2.739959e-07 4.060613e-05 -3.547725e-04 -3.829861e-05 3.088773e-05
 8824.000000 -3.409264e-05 -4.705720e-07 -3.139013e-07 -2.737949e-07 5.779350e-05 -3.156835e-04 -3.875058e-05 2.308221e-05
 8829.000000 -3.394221e-05 -4.708535e-07 -3.141454e-07 -2.735784e-07 5.284785e-05 -3.384875e-04 -3.355247e-05 2.608655e-05
 8834.000000 -3.384168e-05 -4.723368e-07 -3.154838e-07 -2.739191e-07 4.821522e-05 -3.443092e-04 -3.729603e-05 2.695587e-05
 8839.000000 -3.371786e-05 -4.729905e-07 -3.161814e-07 -2.737313e-07 5.537218e-05 -3.634147e-04 -3.755660e-05 3.864147e-05
 8844.000000 -3.369655e-05 -4.761600e-07 -3.184803e-07 -2.750694e-07 6.133137e-05 -3.706436e-04 -5.802593e-05 3.601654e-05
 8849.000000 -3.354013e-05 -4.756655e-07 -3.183322e-07 -2.752084e-07 6.974823e-05 -3.737529e-04 -6.145904e-05 2.912400e-05
 8854.000000 -3.341758e-05 -4.760966e-07 -3.192358e-07 -2.752665e-07 6.864106e-05 -3.757793e-04 -6.831145e-05 2.861717e-05
 8859.000000 -3.339699e-05 -4.793201e-07 -3.212831e-07 -2.759507e-07 5.770517e-05 -3.949178e-04 -6.769963e-05 1.518211e-05
 8864.000000 -3.330232e-05 -4.806744e-07 -3.223887e-07 -2.757093e-07 5.211887e-05 -4.044750e-04 -7.351945e-05 2.140945e-05
 8869.000000 -3.319916e-05 -4.822378e-07 -3.237288e-07 -2.754917e-07 5.112378e-05 -3.957518e-04 -6.123115e-05 2.474513e-05
 8874.000000 -3.297093e-05 -4.811698e-07 -3.229213e-07 -2.745661e-07 5.050092e-05 -3.963980e-04 -4.920089e-05 2.247128e-05
 8879.000000 -3.285278e-05 -4.824623e-07 -3.238634e-07 -2.742830e-07 5.257925e-05 -4.021058e-04 -5.340632e-05 1.633916e-05
 8884.000000 -3.254999e-05 -4.792492e-07 -3.221044e-07 -2.727486e-07 5.727646e-05 -4.021467e-04 -5.020790e-05 1.361840e-05
 8889.000000 -3.225616e-05 -4.780531e-07 -3.216403e-07 -2.716395e-07 5.222977e-05 -3.965929e-04 -5.787693e-05 1.259106e-05
 8894.000000 -3.255381e-05 -4.864156e-07 -3.273390e-07 -2.745074e-07 5.072440e-05 -3.969607e-04 -5.723406e-05 1.808823e-05
 8899.000000 -3.244637e-05 -4.879477e-07 -3.284466e-07 -2.744376e-07 4.742521e-05 -3.721601e-04 -4.878720e-05 1.411852e-05
 8904.000000 -3.236283e-05 -4.905125e-07 -3.304015e-07 -2.743867e-07 5.320606e-05 -3.732353e-04 -4.785477e-05 8.064737e-06
 8909.000000 -3.222560e-05 -4.915864e-07 -3.309922e-07 -2.738337e-07 5.370158e-05 -3.852959e-04 -3.819184e-05 6.884955e-06
 8914.000000 -3.194747e-05 -4.904791e-07 -3.304401e-07 -2.718274e-07 5.450124e-05 -4.129864e-04 -2.823891e-05 5.821142e-06
 8919.000000 -3.185412e-05 -4.926225e-07 -3.321838e-07 -2.716580e-07 5.156385e-05 -4.012673e-04 -4.112655e-05 5.940612e-06
 8924.000000 -3.168985e-05 -4.927507e-07 -3.322794e-07 -2.711712e-07 5.597622e-05 -4.149929e-04 -3.729321e-05 1.631470e-05
 8929.000000 -3.171025e-05 -4.960812e-07 -3.347053e-07 -2.726388e-07 5.310155e-05 -4.015293e-04 -3.971964e-05 2.401187e-05
 8934.000000 -3.163551e-05 -4.972734e-07 -3.355251e-07 -2.732007e-07 4.085200e-05 -4.237584e-04 -3.868270e-05 3.384414e-05
 8939.000000 -3.151106e-05 -4.980077e-07 -3.360495e-07 -2.733188e-07 4.108149e-05 -4.385561e-04 -4.557656e-05 1.808080e-05
 8944.000000 -3.136117e-05 -4.981089e-07 -3.359476e-07 -2.730562e-07 4.626784e-05 -4.624593e-04 -4.909581e-05 1.728389e-05
 8949.000000 -3.126849e-05 -4.989715e-07 -3.362598e-07 -2.733222e-07 4.859451e-05 -4.629458e-04 -6.197162e-05 3.023263e-05
 8953.000000 -3.119385e-05 -5.000926e-07 -3.367196e-07 -2.735160e-07 5.523427e-05 -4.342647e-04 -6.190851e-05 3.777368e-05
 8956.000000 -3.113121e-05 -4.995908e-07 -3.361591e-07 -2.741343e-07 5.352253e-05 -3.991547e-04 -5.453825e-05 3.641959e-05
 8958.000000 -3.110360e-05 -4.988105e-07 -3.355241e-07 -2.750117e-07 5.130648e-05 -4.214721e-04 -5.711673e-05 3.713708e-05
 8959.000000 -3.110177e-05 -4.986777e-07 -3.352531e-07 -2.753892e-07 6.287185e-05 -4.246702e-04 -5.827306e-05 3.599425e-05
 8959.200000 -3.108337e-05 -4.981008e-07 -3.346655e-07 -2.753104e-07 6.274469e-05 -4.289908e-04 -5.929904e-05 3.124016e-05
 8959.400000 -3.106362e-05 -4.986177e-07 -3.350628e-07 -2.751014e-07 5.850521e-05 -4.194517e-04 -5.891051e-05 3.705789e-05
 8959.600000 -3.105908e-05 -4.984230e-07 -3.348316e-07 -2.753270e-07 4.973456e-05 -4.150874e-04 -6.363239e-05 3.220789e-05
 8959.800000 -3.107387e-05 -4.988310e-07 -3.348947e-07 -2.756451e-07 4.377571e-05 -4.141883e-04 -6.309119e-05 2.878674e-05
 8960.000000 -3.108711e-05 -4.985799e-07 -3.348707e-07 -2.756854e-07 4.391356e-05 -4.330240e-04 -6.009609e-05 2.193636e-05
 8960.200000 -3.107495e-05 -4.977843e-07 -3.342905e-07 -2.755316e-07 4.688932e-05 -4.241265e-04 -4.540721e-05 2.997488e-05
 8960.400000 -3.105204e-05 -4.994191e-07 -3.353214e-07 -2.752387e-07 3.902636e-05 -4.428945e-04 -4.298012e-05 2.995693e-05
 8960.600000 -3.099932e-05 -4.963247e-07 -3.331994e-07 -2.747444e-07 4.234341e-05 -4.344550e-04 -3.277181e-05 4.073611e-05
 8960.800000 -3.100364e-05 -4.997639e-07 -3.355901e-07 -2.747932e-07 4.872873e-05 -4.100940e-04 -3.973790e-05 2.609465e-05
 8961.000000 -3.100871e-05 -4.994866e-07 -3.354483e-07 -2.746937e-07 4.937842e-05 -4.196647e-04 -4.337223e-05 2.158395e-05
 8961.200000 -3.101643e-05 -4.994185e-07 -3.351353e-07 -2.748265e-07 4.304016e-05 -4.240170e-04 -4.858554e-05 2.224143e-05
 8961.400000 -3.104073e-05 -4.998720e-07 -3.353106e-07 -2.751887e-07 4.363654e-05 -4.378911e-04 -6.219238e-05 2.731361e-05
 8961.600000 -3.104753e-05 -4.998165e-07 -3.351939e-07 -2.751917e-07 4.463506e-05 -4.455322e-04 -6.285510e-05 2.332651e-05
 8961.800000 -3.103168e-05 -5.015299e-07 -3.360257e-07 -2.748923e-07 4.103464e-05 -4.437776e-04 -6.232783e-05 2.483081e-05
 8962.000000 -3.099634e-05 -4.999050e-07 -3.350480e-07 -2.746157e-07 4.120492e-05 -4.285269e-04 -6.102078e-05 1.982221e-05
 8962.200000 -3.094763e-05 -4.979661e-07 -3.338423e-07 -2.742641e-07 3.646664e-05 -4.412054e-04 -5.589792e-05 2.372407e-05
 8962.400000 -3.091547e-05 -4.978711e-07 -3.338726e-07 -2.742740e-07 3.390864e-05 -4.279479e-04 -5.424403e-05 2.199181e-05
 8962.600000 -3.090980e-05 -4.953440e-07 -3.322574e-07 -2.743282e-07 3.807026e-05 -3.972504e-04 -5.456276e-05 2.844981e-05
 8962.800000 -3.093691e-05 -4.976132e-07 -3.337259e-07 -2.745560e-07 4.024879e-05 -3.769653e-04 -6.298124e-05 3.274695e-05
 8963.000000 -3.096334e-05 -4.974291e-07 -3.334772e-07 -2.748040e-07 4.224116e-05 -4.071806e-04 -5.805026e-05 2.461977e-05
 8963.200000 -3.097635e-05 -4.993893e-07 -3.347135e-07 -2.750487e-07 4.420200e-05 -4.238005e-04 -4.085151e-05 2.875240e-05
 8963.400000 -3.095432e-05 -4.972477e-07 -3.333989e-07 -2.750321e-07 4.368477e-05 -4.075409e-04 -4.402227e-05 3.549604e-05
 8963.600000 -3.095211e-05 -4.971523e-07 -3.332840e-07 -2.750780e-07 4.185280e-05 -4.054389e-04 -5.083742e-05 3.418363e-05
 8963.800000 -3.095577e-05 -4.992352e-07 -3.346441e-07 -2.752890e-07 4.096039e-05 -4.082491e-04 -5.137466e-05 3.153199e-05
 8964.000000 -3.097239e-05 -4.986522e-07 -3.340930e-07 -2.755638e-07 3.445518e-05 -4.250194e-04 -3.964824e-05 2.904837e-05
 8964.200000 -3.095211e-05 -4.991157e-07 -3.343217e-07 -2.756135e-07 3.889345e-05 -4.167021e-04 -6.211051e-05 2.948596e-05
 8964.400000 -3.094008e-05 -4.987335e-07 -3.339660e-07 -2.756457e-07 4.104242e-05 -4.203748e-04 -4.851671e-05 3.446544e-05
 8964.600000 -3.087384e-05 -4.996868e-07 -3.340653e-07 -2.751246e-07 3.864168e-05 -4.576323e-04 -4.141048e-05 3.660213e-05
 8964.800000 -3.087688e-05 -4.973513e-07 -3.326094e-07 -2.751533e-07 3.616921e-05 -4.702004e-04 -4.763065e-05 3.872057e-05
 8965.000000 -3.091741e-05 -4.992522e-07 -3.338284e-07 -2.754805e-07 3.893853e-05 -4.759711e-04 -5.003366e-05 3.576743e-05
 8965.200000 -3.093374e-05 -4.993931e-07 -3.337569e-07 -2.755558e-07 4.372573e-05 -4.459880e-04 -5.454310e-05 3.688820e-05
 8965.400000 -3.092228e-05 -5.017307e-07 -3.350977e-07 -2.754650e-07 4.296692e-05 -4.079527e-04 -5.345004e-05 4.113702e-05
 8965.600000 -3.089963e-05 -5.011789e-07 -3.344890e-07 -2.752196e-07 3.973995e-05 -4.015563e-04 -5.977473e-05 3.236092e-05
 8965.800000 -3.088324e-05 -4.987431e-07 -3.327285e-07 -2.751550e-07 4.664808e-05 -4.112247e-04 -6.221615e-05 3.125926e-05
 8966.000000 -3.085510e-05 -5.009892e-07 -3.342238e-07 -2.751992e-07 5.479916e-05 -4.072985e-04 -6.232156e-05 2.534758e-05
 8966.200000 -3.087003e-05 -4.982929e-07 -3.324781e-07 -2.754209e-07 5.499284e-05 -4.247109e-04 -5.663369e-05 2.262185e-05
 8966.400000 -3.089458e-05 -4.994678e-07 -3.332266e-07 -2.757993e-07 5.778783e-05 -4.275666e-04 -4.499723e-05 3.220359e-05
 8966.600000 -3.088728e-05 -4.987244e-07 -3.324306e-07 -2.757729e-07 4.915665e-05 -4.300476e-04 -4.222848e-05 3.510137e-05
 8966.800000 -3.090348e-05 -5.007057e-07 -3.337884e-07 -2.758815e-07 5.073148e-05 -4.384240e-04 -6.000701e-05 2.755023e-05
 8967.000000 -3.088540e-05 -5.004566e-07 -3.334829e-07 -2.757359e-07 4.271069e-05 -4.458747e-04 -6.024854e-05 2.783790e-05
 8967.200000 -3.087190e-05 -4.990969e-07 -3.322356e-07 -2.755894e-07 4.767047e-05 -4.523505e-04 -4.424298e-05 3.878324e-05
 8967.400000 -3.087884e-05 -4.996644e-07 -3.325873e-07 -2.759191e-07 5.334740e-05 -4.575398e-04 -4.435830e-05 3.088303e-05
 8967.600000 -3.085192e-05 -4.975118e-07 -3.308734e-07 -2.757075e-07 5.371270e-05 -4.541834e-04 -3.362302e-05 3.226891e-05
 8967.800000 -3.085921e-05 -4.996917e-07 -3.320754e-07 -2.763146e-07 5.212422e-05 -4.566448e-04 -4.183815e-05 3.517609e-05
 8968.000000 -3.085907e-05 -4.973519e-07 -3.303734e-07 -2.762051e-07 5.049944e-05 -4.390698e-04 -3.767532e-05 3.795952e-05
 8968.200000 -3.085468e-05 -4.998872e-07 -3.318398e-07 -2.761867e-07 4.963365e-05 -4.445200e-04 -4.342703e-05 3.401740e-05
 8968.400000 -3.083738e-05 -4.980472e-07 -3.303959e-07 -2.761125e-07 5.621699e-05 -4.193183e-04 -3.050396e-05 3.806219e-05
 8968.600000 -3.083786e-05 -4.991022e-07 -3.308748e-07 -2.762039e-07 5.661777e-05 -4.477896e-04 -5.156690e-05 2.520343e-05
 8968.800000 -3.083864e-05 -4.994587e-07 -3.310285e-07 -2.761990e-07 4.387036e-05 -4.243027e-04 -5.489995e-05 2.317814e-05
 8969.000000 -3.085769e-05 -4.988549e-07 -3.306763e-07 -2.765193e-07 3.887779e-05 -4.328068e-04 -5.258703e-05 3.428815e-05
 8969.200000 -3.085393e-05 -5.001325e-07 -3.312931e-07 -2.763311e-07 3.531684e-05 -4.101883e-04 -6.330470e-05 3.437333e-05
 8969.400000 -3.084005e-05 -4.984074e-07 -3.301188e-07 -2.763107e-07 4.198165e-05 -3.926827e-04 -5.931737e-05 2.726391e-05
 8969.600000 -3.083845e-05 -5.000172e-07 -3.309504e-07 -2.766724e-07 4.929512e-05 -4.029719e-04 -5.254250e-05 3.423174e-05
 8969.800000 -3.085261e-05 -4.984632e-07 -3.297038e-07 -2.770460e-07 5.341512e-05 -4.126127e-04 -5.593381e-05 3.755187e-05
 8970.000000 -3.086609e-05 -4.995956e-07 -3.302103e-07 -2.772778e-07 5.252202e-05 -4.068297e-04 -6.129800e-05 4.649833e-05
 8970.200000 -3.085772e-05 -4.996301e-07 -3.301748e-07 -2.773587e-07 4.037297e-05 -4.064337e-04 -5.158708e-05 4.347841e-05
 8970.400000 -3.084758e-05 -4.991944e-07 -3.296665e-07 -2.775824e-07 4.329737e-05 -4.282876e-04 -4.961360e-05 3.877430e-05
 8970.600000 -3.084369e-05 -4.984339e-07 -3.290316e-07 -2.777398e-07 4.591240e-05 -4.057083e-04 -5.329809e-05 3.294191e-05
 8970.800000 -3.083556e-05 -4.973008e-07 -3.281409e-07 -2.777665e-07 4.716108e-05 -3.929875e-04 -5.279528e-05 2.739078e-05
 8971.000000 -3.083949e-05 -5.001020e-07 -3.297001e-07 -2.779539e-07 4.840256e-05 -4.276702e-04 -6.100317e-05 2.453120e-05
 8971.200000 -3.082967e-05 -4.977169e-07 -3.277614e-07 -2.779106e-07 4.355676e-05 -4.285633e-04 -8.309343e-05 1.920412e-05
 8971.400000 -3.079183e-05 -4.973290e-07 -3.271354e-07 -2.781954e-07 5.449584e-05 -4.060151e-04 -7.356447e-05 2.407801e-05
 8971.600000 -3.075630e-05 -4.962804e-07 -3.262278e-07 -2.778285e-07 6.017508e-05 -3.952601e-04 -6.786219e-05 1.825811e-05
 8971.800000 -3.075563e-05 -4.962547e-07 -3.258392e-07 -2.780870e-07 5.481017e-05 -4.068890e-04 -7.019284e-05 2.158941e-05
 8972.000000 -3.077269e-05 -4.975134e-07 -3.262399e-07 -2.783053e-07 5.271149e-05 -4.010154e-04 -7.686377e-05 1.455521e-05
 8972.200000 -3.080293e-05 -4.974958e-07 -3.257674e-07 -2.787736e-07 5.343006e-05 -4.019073e-04 -7.660770e-05 1.384241e-05
 8972.400000 -3.080274e-05 -4.992752e-07 -3.265248e-07 -2.791337e-07 5.722560e-05 -3.836157e-04 -6.109500e-05 1.294529e-05
 8972.600000 -3.075345e-05 -4.961634e-07 -3.238636e-07 -2.785975e-07 6.410518e-05 -3.962109e-04 -5.717071e-05 1.609884e-05
 8972.800000 -3.067632e-05 -4.947839e-07 -3.224348e-07 -2.781735e-07 6.643637e-05 -3.864555e-04 -5.848563e-05 2.006669e-05
 8973.000000 -3.068276e-05 -4.929646e-07 -3.208792e-07 -2.783951e-07 6.388035e-05 -3.665734e-04 -6.468868e-05 2.402326e-05
 8973.200000 -3.067285e-05 -4.942254e-07 -3.210605e-07 -2.785036e-07 5.600232e-05 -3.753737e-04 -7.088270e-05 1.656130e-05
 8973.400000 -3.068941e-05 -4.951543e-07 -3.210274e-07 -2.788872e-07 4.929837e-05 -4.177607e-04 -6.117125e-05 1.123019e-05
 8973.600000 -3.068827e-05 -4.950732e-07 -3.204177e-07 -2.790045e-07 5.672053e-05 -4.081354e-04 -5.413042e-05 1.055559e-05
 8973.800000 -3.068520e-05 -4.953540e-07 -3.200530e-07 -2.791039e-07 4.561885e-05 -3.796837e-04 -5.319970e-05 6.793876e-06
 8974.000000 -3.073170e-05 -4.955599e-07 -3.194507e-07 -2.802078e-07 4.910839e-05 -3.822676e-04 -4.462458e-05 1.068206e-05
 8974.200000 -3.073131e-05 -4.969462e-07 -3.195481e-07 -2.804846e-07 5.336783e-05 -3.839507e-04 -4.304574e-05 2.098361e-05
 8974.400000 -3.070942e-05 -4.951333e-07 -3.177497e-07 -2.807359e-07 4.937953e-05 -3.977787e-04 -3.042355e-05 2.561985e-05
 8974.600000 -3.072204e-05 -4.973838e-07 -3.184047e-07 -2.812446e-07 3.789610e-05 -4.024799e-04 -5.262686e-05 1.409308e-05
 8974.800000 -3.073757e-05 -4.965923e-07 -3.169577e-07 -2.820121e-07 3.738868e-05 -3.926030e-04 -5.366357e-05 4.949886e-06
 8975.000000 -3.074860e-05 -4.978526e-07 -3.165270e-07 -2.824847e-07 4.379091e-05 -3.964264e-04 -5.510152e-05 1.118668e-06
 8975.200000 -3.074765e-05 -4.982248e-07 -3.152957e-07 -2.831898e-07 5.068835e-05 -3.915116e-04 -5.623555e-05 9.767599e-06
 8975.400000 -3.074791e-05 -4.970003e-07 -3.128616e-07 -2.835943e-07 5.460895e-05 -4.010942e-04 -5.197553e-05 4.656816e-06
 8975.600000 -3.073510e-05 -4.990917e-07 -3.126047e-07 -2.845107e-07 4.974304e-05 -3.790263e-04 -6.193065e-05 1.252384e-07
 8975.800000 -3.073824e-05 -4.961882e-07 -3.089158e-07 -2.851697e-07 5.252127e-05 -3.924943e-04 -5.586864e-05 8.909492e-06
 8976.000000 -3.073185e-05 -4.985737e-07 -3.081630e-07 -2.857931e-07 5.036917e-05 -3.957842e-04 -5.344376e-05 1.423467e-05
 8976.200000 -3.073296e-05 -4.969867e-07 -3.046596e-07 -2.865448e-07 4.153540e-05 -3.842512e-04 -5.029594e-05 1.578535e-05
 8976.400000 -3.073134e-05 -4.972842e-07 -3.017967e-07 -2.874606e-07 4.998418e-05 -3.854604e-04 -5.167139e-05 1.518463e-05
 8976.600000 -3.071977e-05 -4.983239e-07 -2.987767e-07 -2.882955e-07 5.585553e-05 -3.999874e-04 -4.765727e-05 1.924651e-05
 8976.800000 -3.071022e-05 -4.960350e-07 -2.928623e-07 -2.892356e-07 5.465455e-05 -4.149872e-04 -4.575017e-05 8.067630e-06
 8977.000000 -3.069555e-05 -4.976997e-07 -2.890422e-07 -2.907124e-07 5.832017e-05 -4.057062e-04 -4.540119e-05 8.488620e-06
 8977.200000 -3.067068e-05 -4.946739e-07 -2.814179e-07 -2.920755e-07 6.202495e-05 -3.968941e-04 -4.109607e-05 2.033685e-05
 8977.400000 -3.065402e-05 -4.957810e-07 -2.748222e-07 -2.939428e-07 5.445368e-05 -3.660783e-04 -4.203678e-05 2.437411e-05
 8977.600000 -3.065963e-05 -4.944825e-07 -2.660524e-07 -2.960526e-07 4.659618e-05 -3.553488e-04 -4.420596e-05 2.537969e-05
 8977.800000 -3.066112e-05 -4.951359e-07 -2.571015e-07 -2.988148e-07 5.066108e-05 -3.438753e-04 -4.175148e-05 2.324709e-05
 8978.000000 -3.064395e-05 -4.946600e-07 -2.466062e-07 -3.020878e-07 5.912717e-05 -3.458298e-04 -4.729208e-05 2.880004e-05
 8978.200000 -3.063654e-05 -4.927435e-07 -2.347774e-07 -3.057610e-07 5.560857e-05 -3.930722e-04 -6.647555e-05 1.304112e-05
 8978.400000 -3.062570e-05 -4.937866e-07 -2.243716e-07 -3.100536e-07 4.406912e-05 -4.421258e-04 -5.662021e-05 1.915331e-05
 8978.600000 -3.059421e-05 -4.914730e-07 -2.121083e-07 -3.146998e-07 4.788465e-05 -4.293826e-04 -3.615161e-05 3.325565e-05
 8978.800000 -3.056713e-05 -4.913601e-07 -2.008036e-07 -3.206049e-07 5.680868e-05 -4.342279e-04 -3.406770e-05 3.789303e-05
 8979.000000 -3.049124e-05 -4.870660e-07 -1.883495e-07 -3.265921e-07 4.822931e-05 -4.387330e-04 -4.557345e-05 2.762055e-05
 8979.200000 -3.040750e-05 -4.855252e-07 -1.776132e-07 -3.337205e-07 3.867435e-05 -4.162617e-04 -6.278137e-05 1.852187e-05
 8979.400000 -3.043066e-05 -4.833910e-07 -1.676154e-07 -3.437813e-07 3.430862e-05 -4.148507e-04 -5.291506e-05 1.399995e-05
 8979.600000 -3.046728e-05 -4.836136e-07 -1.595632e-07 -3.556632e-07 3.326406e-05 -3.982928e-04 -4.868735e-05 1.935737e-05
 8979.800000 -3.048600e-05 -4.835688e-07 -1.532237e-07 -3.689307e-07 3.751735e-05 -3.601451e-04 -4.518830e-05 1.978698e-05
 8980.000000 -3.044301e-05 -4.794117e-07 -1.467256e-07 -3.817809e-07 3.868408e-05 -3.805767e-04 -4.842318e-05 1.883186e-05
 8980.200000 -3.044246e-05 -4.800343e-07 -1.430918e-07 -3.968754e-07 4.943987e-05 -3.897139e-04 -4.452613e-05 1.589910e-05
 8980.400000 -3.038840e-05 -4.751215e-07 -1.388771e-07 -4.110328e-07 5.086367e-05 -3.698940e-04 -5.082082e-05 1.495270e-05
 8980.600000 -3.037222e-05 -4.750806e-07 -1.370524e-07 -4.255602e-07 4.448681e-05 -4.056278e-04 -5.535159e-05 1.842253e-05
 8980.800000 -3.036560e-05 -4.717653e-07 -1.348193e-07 -4.380982e-07 4.231211e-05 -3.565680e-04 -5.807707e-05 1.868036e-05
 8981.000000 -3.032156e-05 -4.672476e-07 -1.332027e-07 -4.479028e-07 4.299875e-05 -3.511517e-04 -5.012892e-05 1.802419e-05
 8981.200000 -3.036033e-05 -4.704861e-07 -1.343762e-07 -4.561667e-07 5.234293e-05 -4.059035e-04 -6.581867e-05 1.403106e-05
 8981.400000 -3.038137e-05 -4.707195e-07 -1.349128e-07 -4.595550e-07 5.360495e-05 -3.699670e-04 -5.855139e-05 1.990323e-05
 8981.600000 -3.036977e-05 -4.715871e-07 -1.356036e-07 -4.584744e-07 4.660057e-05 -3.441770e-04 -5.083937e-05 2.227645e-05
 8981.800000 -3.038036e-05 -4.724641e-07 -1.364971e-07 -4.539379e-07 3.255776e-05 -3.492855e-04 -5.661718e-05 1.586674e-05
 8982.000000 -3.032304e-05 -4.702976e-07 -1.362558e-07 -4.456077e-07 5.191439e-05 -3.796133e-04 -5.883818e-05 1.676904e-05
 8982.200000 -3.026976e-05 -4.707588e-07 -1.366956e-07 -4.346606e-07 5.144291e-05 -3.969445e-04 -5.596066e-05 1.880986e-05
 8982.400000 -3.027255e-05 -4.714802e-07 -1.375529e-07 -4.249324e-07 4.419148e-05 -3.989036e-04 -5.912892e-05 1.945673e-05
 8982.600000 -3.031745e-05 -4.743307e-07 -1.385834e-07 -4.168256e-07 4.756309e-05 -4.158967e-04 -5.325737e-05 2.276057e-05
 8982.800000 -3.032258e-05 -4.759698e-07 -1.390620e-07 -4.089885e-07 5.188256e-05 -4.190781e-04 -5.266064e-05 1.991641e-05
 8983.000000 -3.032784e-05 -4.777100e-07 -1.392552e-07 -4.030221e-07 5.494467e-05 -4.125364e-04 -4.359575e-05 1.319265e-05
 8983.200000 -3.033713e-05 -4.771631e-07 -1.383935e-07 -3.985392e-07 4.638866e-05 -4.151142e-04 -4.585021e-05 9.875593e-06
 8983.400000 -3.035209e-05 -4.785886e-07 -1.379409e-07 -3.959248e-07 4.881441e-05 -4.044036e-04 -3.360056e-05 1.027762e-05
 8983.600000 -3.035242e-05 -4.785986e-07 -1.365237e-07 -3.944949e-07 4.604904e-05 -4.103189e-04 -3.653975e-05 8.030186e-06
 8983.800000 -3.032575e-05 -4.793275e-07 -1.352346e-07 -3.940989e-07 4.221230e-05 -4.151732e-04 -2.866376e-05 1.829536e-05
 8984.000000 -3.032636e-05 -4.790682e-07 -1.335156e-07 -3.949089e-07 4.559965e-05 -4.017846e-04 -3.099754e-05 1.532989e-05
 8984.200000 -3.032081e-05 -4.782779e-07 -1.313316e-07 -3.972769e-07 3.920805e-05 -4.318293e-04 -3.556486e-05 1.673071e-05
 8984.400000 -3.031675e-05 -4.772748e-07 -1.291475e-07 -3.996881e-07 3.865046e-05 -4.059128e-04 -5.140206e-05 1.577512e-05
 8984.600000 -3.029519e-05 -4.757780e-07 -1.267708e-07 -4.022029e-07 3.944475e-05 -4.236107e-04 -6.177076e-05 1.197593e-05
 8984.800000 -3.029328e-05 -4.769671e-07 -1.250828e-07 -4.054639e-07 4.486352e-05 -4.192845e-04 -5.125971e-05 1.709490e-05
 8985.000000 -3.030211e-05 -4.760267e-07 -1.232051e-07 -4.087392e-07 3.547840e-05 -4.382956e-04 -5.367799e-05 1.668779e-05
 8985.200000 -3.027999e-05 -4.750843e-07 -1.214603e-07 -4.114738e-07 3.428400e-05 -4.429124e-04 -5.360510e-05 1.233755e-05
 8985.400000 -3.027455e-05 -4.754429e-07 -1.199817e-07 -4.139853e-07 3.008493e-05 -4.543148e-04 -6.718419e-05 1.165045e-05
 8985.600000 -3.027857e-05 -4.742954e-07 -1.180321e-07 -4.167549e-07 2.854724e-05 -4.599585e-04 -6.283226e-05 9.342874e-06
 8985.800000 -3.026321e-05 -4.741321e-07 -1.163150e-07 -4.186513e-07 3.699689e-05 -4.491152e-04 -5.977343e-05 2.102828e-05
 8986.000000 -3.026285e-05 -4.731056e-07 -1.143385e-07 -4.207045e-07 3.795319e-05 -4.406084e-04 -5.976537e-05 1.076665e-05
 8986.200000 -3.023190e-05 -4.730184e-07 -1.122428e-07 -4.225767e-07 4.203617e-05 -4.566009e-04 -5.823633e-05 2.108395e-06
 8986.400000 -3.019847e-05 -4.705515e-07 -1.099198e-07 -4.242116e-07 4.226092e-05 -4.628835e-04 -6.034055e-05 4.986431e-06
 8986.600000 -3.020760e-05 -4.713944e-07 -1.082703e-07 -4.273954e-07 3.509971e-05 -4.595542e-04 -4.707446e-05 1.298109e-05
 8986.800000 -3.021403e-05 -4.721517e-07 -1.064325e-07 -4.307198e-07 3.682799e-05 -4.314154e-04 -5.119498e-05 9.579536e-06
 8987.000000 -3.020618e-05 -4.713766e-07 -1.041427e-07 -4.337612e-07 3.651444e-05 -4.358567e-04 -4.770916e-05 1.469123e-05
 8987.200000 -3.021817e-05 -4.723424e-07 -1.022122e-07 -4.378718e-07 3.161049e-05 -4.281987e-04 -5.530983e-05 1.667826e-05
 8987.400000 -3.020506e-05 -4.696250e-07 -9.940883e-08 -4.415997e-07 2.893764e-05 -4.283399e-04 -5.400045e-05 2.709671e-05
 8987.600000 -3.016385e-05 -4.690467e-07 -9.692466e-08 -4.452991e-07 3.054831e-05 -4.392571e-04 -6.223855e-05 3.222319e-05
 8987.800000 -3.018225e-05 -4.696495e-07 -9.506803e-08 -4.510492e-07 4.329889e-05 -4.448165e-04 -5.818476e-05 3.092322e-05
 8988.000000 -3.019312e-05 -4.689951e-07 -9.276892e-08 -4.564818e-07 3.936960e-05 -4.080251e-04 -6.654359e-05 1.862095e-05
 8988.200000 -3.019778e-05 -4.693677e-07 -9.031385e-08 -4.624757e-07 3.162903e-05 -3.737842e-04 -5.090308e-05 2.808170e-05
 8988.400000 -3.019884e-05 -4.691709e-07 -8.753098e-08 -4.683255e-07 3.479446e-05 -4.038067e-04 -5.131017e-05 3.729543e-05
 8988.600000 -3.015524e-05 -4.672279e-07 -8.461817e-08 -4.727787e-07 4.033821e-05 -4.362241e-04 -6.187560e-05 2.218390e-05
 8988.800000 -3.015666e-05 -4.658667e-07 -8.176009e-08 -4.788180e-07 4.127569e-05 -4.044320e-04 -5.507263e-05 2.042372e-05
 8989.000000 -3.016771e-05 -4.660891e-07 -7.936577e-08 -4.851838e-07 5.090566e-05 -3.861271e-04 -6.026694e-05 2.343112e-05
 8989.200000 -3.014928e-05 -4.653135e-07 -7.696149e-08 -4.897879e-07 4.949512e-05 -3.986659e-04 -5.864524e-05 1.787264e-05
 8989.400000 -3.011808e-05 -4.645480e-07 -7.455700e-08 -4.941323e-07 4.266507e-05 -4.047826e-04 -6.736437e-05 8.452359e-06
 8989.600000 -3.002679e-05 -4.600724e-07 -7.164000e-08 -4.969761e-07 4.791369e-05 -4.282580e-04 -6.972112e-05 7.618477e-06
 8989.800000 -3.002731e-05 -4.626501e-07 -6.976671e-08 -5.022349e-07 4.044794e-05 -4.115735e-04 -7.167747e-05 2.078167e-06
 8990.000000 -3.004509e-05 -4.611722e-07 -6.746279e-08 -5.081696e-07 4.566658e-05 -3.850710e-04 -5.401448e-05 5.761399e-06
 8990.200000 -3.008481e-05 -4.618542e-07 -6.549611e-08 -5.145205e-07 4.460905e-05 -3.887909e-04 -5.145933e-05 4.273455e-06
 8990.400000 -3.008410e-05 -4.619250e-07 -6.375099e-08 -5.194220e-07 4.171353e-05 -4.033500e-04 -4.417823e-05 1.175481e-05
 8990.600000 -3.005299e-05 -4.598286e-07 -6.157461e-08 -5.225616e-07 3.983910e-05 -4.044926e-04 -4.415852e-05 1.413362e-05
 8990.800000 -3.007030e-05 -4.610162e-07 -5.995343e-08 -5.272262e-07 3.815108e-05 -4.042589e-04 -5.074540e-05 1.650065e-05
 8991.000000 -3.006111e-05 -4.591823e-07 -5.792507e-08 -5.299169e-07 4.032178e-05 -3.949918e-04 -5.217821e-05 1.396095e-05
 8991.200000 -3.005482e-05 -4.598164e-07 -5.635861e-08 -5.322566e-07 3.709412e-05 -4.003337e-04 -3.961499e-05 1.787101e-05
 8991.400000 -3.004587e-05 -4.597552e-07 -5.499216e-08 -5.341707e-07 3.395450e-05 -3.874982e-04 -3.704344e-05 2.032184e-05
 8991.600000 -3.003622e-05 -4.583011e-07 -5.343654e-08 -5.349438e-07 3.812926e-05 -4.101176e-04 -3.583847e-05 1.554972e-05
 8991.800000 -3.002255e-05 -4.592655e-07 -5.262794e-08 -5.357641e-07 3.822285e-05 -4.218870e-04 -4.239442e-05 1.726449e-05
 8992.000000 -3.001645e-05 -4.574759e-07 -5.164910e-08 -5.354660e-07 4.086700e-05 -4.289163e-04 -3.845857e-05 1.544417e-05
 8992.200000 -3.001656e-05 -4.596069e-07 -5.108593e-08 -5.357820e-07 4.318295e-05 -4.303580e-04 -3.942660e-05 1.771181e-05
 8992.400000 -2.999767e-05 -4.581132e-07 -5.023540e-08 -5.344949e-07 3.131217e-05 -4.264875e-04 -4.290927e-05 1.996819e-05
 8992.600000 -2.998538e-05 -4.582985e-07 -4.975709e-08 -5.335259e-07 3.417230e-05 -4.429339e-04 -4.225403e-05 2.119176e-05
 8992.800000 -2.998745e-05 -4.584932e-07 -4.929298e-08 -5.329631e-07 4.176769e-05 -4.414644e-04 -4.982184e-05 1.555374e-05
 8993.000000 -2.997081e-05 -4.579293e-07 -4.897453e-08 -5.316934e-07 4.227387e-05 -4.178896e-04 -5.235292e-05 1.968129e-05
 8993.200000 -2.994981e-05 -4.578564e-07 -4.890307e-08 -5.303749e-07 4.234268e-05 -3.941197e-04 -4.840928e-05 1.248823e-05
 8993.400000 -2.996044e-05 -4.566852e-07 -4.868168e-08 -5.299396e-07 4.645207e-05 -4.150448e-04 -3.441503e-05 1.477697e-05
 8993.600000 -2.994606e-05 -4.580616e-07 -4.888390e-08 -5.296651e-07 4.540182e-05 -4.025705e-04 -2.610235e-05 2.330363e-05
 8993.800000 -2.994319e-05 -4.566510e-07 -4.879068e-08 -5.299588e-07 4.195337e-05 -4.159688e-04 -2.353142e-05 2.579141e-05
 8994.000000 -2.993548e-05 -4.567715e-07 -4.903663e-08 -5.304941e-07 3.936567e-05 -4.084982e-04 -3.568062e-05 8.542923e-06
 8994.200000 -2.993114e-05 -4.569342e-07 -4.938239e-08 -5.315226e-07 3.950298e-05 -4.225626e-04 -2.542676e-05 8.445389e-06
 8994.400000 -2.992017e-05 -4.565891e-07 -4.992856e-08 -5.328833e-07 3.874606e-05 -4.213650e-04 -2.434663e-05 2.071207e-05
 8994.600000 -2.991561e-05 -4.560817e-07 -5.044792e-08 -5.349002e-07 3.685888e-05 -4.145883e-04 -3.139301e-05 1.810147e-05
 8994.800000 -2.990706e-05 -4.549576e-07 -5.098902e-08 -5.376451e-07 3.482965e-05 -4.158734e-04 -3.120070e-05 1.503503e-05
 8995.000000 -2.992666e-05 -4.566780e-07 -5.165344e-08 -5.413665e-07 3.018415e-05 -4.111193e-04 -2.848792e-05 1.302927e-05
 8995.200000 -2.992071e-05 -4.559083e-07 -5.189430e-08 -5.442171e-07 2.889521e-05 -3.800681e-04 -3.214459e-05 1.658593e-05
 8995.400000 -2.990476e-05 -4.545705e-07 -5.212845e-08 -5.471840e-07 1.715302e-05 -4.028462e-04 -3.542218e-05 1.216404e-05
 8995.600000 -2.989532e-05 -4.544420e-07 -5.245983e-08 -5.511526e-07 1.989792e-05 -3.810460e-04 -3.737691e-05 1.552065e-05
 8995.800000 -2.988458e-05 -4.537901e-07 -5.278486e-08 -5.542171e-07 2.918243e-05 -3.874184e-04 -3.571510e-05 2.663347e-05
 8996.000000 -2.987884e-05 -4.537058e-07 -5.331567e-08 -5.575074e-07 2.178758e-05 -3.776872e-04 -5.305962e-05 1.591659e-05
 8996.200000 -2.989453e-05 -4.542058e-07 -5.406366e-08 -5.607417e-07 2.042007e-05 -3.888741e-04 -4.714631e-05 1.435139e-05
 8996.400000 -2.986898e-05 -4.536291e-07 -5.458659e-08 -5.629010e-07 3.564393e-05 -3.987228e-04 -4.299739e-05 1.267468e-05
 8996.600000 -2.984006e-05 -4.522812e-07 -5.511506e-08 -5.633559e-07 3.870680e-05 -3.893178e-04 -4.183106e-05 1.192921e-05
 8996.800000 -2.984036e-05 -4.517075e-07 -5.540862e-08 -5.656411e-07 3.566601e-05 -3.895949e-04 -5.065856e-05 1.582150e-05
 8997.000000 -2.981659e-05 -4.502194e-07 -5.554919e-08 -5.659467e-07 4.702879e-05 -4.050215e-04 -4.091389e-05 1.981016e-05
 8997.200000 -2.976911e-05 -4.491484e-07 -5.565633e-08 -5.647150e-07 4.527909e-05 -4.059745e-04 -5.332134e-05 6.539902e-06
 8997.400000 -2.979750e-05 -4.496801e-07 -5.584728e-08 -5.664377e-07 4.083709e-05 -4.083107e-04 -4.691407e-05 9.493013e-07
 8997.600000 -2.986344e-05 -4.527301e-07 -5.635824e-08 -5.674657e-07 4.225040e-05 -4.005754e-04 -5.235463e-05 1.578483e-06
 8997.800000 -2.985694e-05 -4.533564e-07 -5.660928e-08 -5.661020e-07 3.831952e-05 -3.747201e-04 -5.201066e-05 1.023784e-05
 8998.000000 -2.986112e-05 -4.523974e-07 -5.664831e-08 -5.643262e-07 4.255176e-05 -3.958880e-04 -4.438342e-05 1.147049e-05
 8998.200000 -2.985454e-05 -4.531077e-07 -5.666073e-08 -5.621759e-07 4.307153e-05 -4.010554e-04 -5.336599e-05 1.756284e-05
 8998.400000 -2.983988e-05 -4.521312e-07 -5.658996e-08 -5.588690e-07 3.525675e-05 -4.149646e-04 -4.514554e-05 1.656280e-05
 8998.600000 -2.983197e-05 -4.539310e-07 -5.663467e-08 -5.554139e-07 3.849420e-05 -3.943259e-04 -4.875268e-05 1.716233e-05
 8998.800000 -2.984889e-05 -4.536548e-07 -5.645066e-08 -5.523624e-07 4.557524e-05 -4.026804e-04 -4.224462e-05 2.149700e-05
 8999.000000 -2.980941e-05 -4.529549e-07 -5.590855e-08 -5.477142e-07 4.805470e-05 -3.886706e-04 -4.362118e-05 1.965438e-05
 8999.200000 -2.978058e-05 -4.518159e-07 -5.520635e-08 -5.434258e-07 5.124327e-05 -3.615935e-04 -4.855134e-05 1.050023e-05
 8999.400000 -2.980573e-05 -4.533064e-07 -5.473314e-08 -5.413636e-07 4.255117e-05 -3.732126e-04 -5.731796e-05 8.667734e-06
 8999.600000 -2.981028e-05 -4.542919e-07 -5.405043e-08 -5.382641e-07 4.726370e-05 -3.918365e-04 -5.967745e-05 1.452566e-05
 8999.800000 -2.980717e-05 -4.551040e-07 -5.336257e-08 -5.352486e-07 4.266871e-05 -4.145873e-04 -6.172134e-05 2.506080e-05
 9000.000000 -2.979264e-05 -4.563922e-07 -5.294402e-08 -5.326467e-07 3.731233e-05 -4.168191e-04 -5.846207e-05 1.901518e-05
 9000.200000 -2.978749e-05 -4.555526e-07 -5.212352e-08 -5.305659e-07 3.945447e-05 -3.943186e-04 -4.105307e-05 2.518384e-05
 9000.400000 -2.978368e-05 -4.563950e-07 -5.148034e-08 -5.286268e-07 4.971202e-05 -3.404632e-04 -4.679066e-05 1.774302e-05
 9000.600000 -2.976668e-05 -4.568566e-07 -5.093047e-08 -5.269427e-07 5.123558e-05 -3.462172e-04 -5.332489e-05 1.709375e-05
 9000.800000 -2.974618e-05 -4.555823e-07 -5.016565e-08 -5.256962e-07 4.902364e-05 -3.456346e-04 -4.850822e-05 2.283597e-05
 9001.000000 -2.967788e-05 -4.548102e-07 -4.931711e-08 -5.232503e-07 4.894621e-05 -3.451405e-04 -4.809831e-05 1.263011e-05
 9001.200000 -2.958788e-05 -4.528547e-07 -4.855954e-08 -5.207616e-07 4.521178e-05 -3.325526e-04 -5.161920e-05 1.709347e-05
 9001.400000 -2.949195e-05 -4.534963e-07 -4.814481e-08 -5.190842e-07 4.351014e-05 -3.317087e-04 -5.344900e-05 2.035402e-05
 9001.600000 -2.935994e-05 -4.492865e-07 -4.750710e-08 -5.162236e-07 4.101087e-05 -3.170183e-04 -5.971257e-05 2.372333e-05
 9001.800000 -2.921188e-05 -4.482402e-07 -4.695913e-08 -5.133204e-07 5.703310e-05 -3.044681e-04 -5.689815e-05 3.418838e-05
 9002.000000 -2.913431e-05 -4.489618e-07 -4.681291e-08 -5.121651e-07 5.986760e-05 -3.040364e-04 -6.052120e-05 2.361398e-05
 9002.200000 -2.914260e-05 -4.479292e-07 -4.636469e-08 -5.123860e-07 5.547647e-05 -3.455020e-04 -6.005826e-05 2.274575e-05
 9002.400000 -2.923036e-05 -4.481264e-07 -4.606245e-08 -5.142313e-07 5.535666e-05 -3.368928e-04 -5.970620e-05 2.325543e-05
 9002.600000 -2.934644e-05 -4.515712e-07 -4.660531e-08 -5.157318e-07 5.872088e-05 -3.573711e-04 -5.237629e-05 1.653686e-05
 9002.800000 -2.947612e-05 -4.541123e-07 -4.686237e-08 -5.182981e-07 4.756048e-05 -3.909018e-04 -5.156986e-05 2.181090e-05
 9003.000000 -2.958935e-05 -4.549383e-07 -4.712212e-08 -5.197560e-07 3.848096e-05 -3.563707e-04 -5.146174e-05 3.332167e-05
 9003.200000 -2.968823e-05 -4.579848e-07 -4.767605e-08 -5.216961e-07 5.063115e-05 -3.591092e-04 -5.312596e-05 3.716512e-05
 9003.400000 -2.973731e-05 -4.580569e-07 -4.822103e-08 -5.219332e-07 4.848660e-05 -3.516836e-04 -5.514157e-05 3.339380e-05
 9003.600000 -2.976000e-05 -4.580276e-07 -4.853494e-08 -5.219840e-07 5.086247e-05 -3.543952e-04 -4.729788e-05 4.240238e-05
 9003.800000 -2.977563e-05 -4.589963e-07 -4.918533e-08 -5.224705e-07 5.081610e-05 -3.724118e-04 -4.741464e-05 4.808142e-05
 9004.000000 -2.977778e-05 -4.593135e-07 -4.988671e-08 -5.217151e-07 4.552832e-05 -3.596642e-04 -5.953829e-05 4.313022e-05
 9004.200000 -2.977979e-05 -4.597886e-07 -5.057384e-08 -5.215097e-07 4.907358e-05 -3.715544e-04 -4.552702e-05 4.605638e-05
 9004.400000 -2.976765e-05 -4.598082e-07 -5.116668e-08 -5.208552e-07 5.047537e-05 -3.820263e-04 -4.781698e-05 4.769565e-05
 9004.600000 -2.975931e-05 -4.601239e-07 -5.167913e-08 -5.202845e-07 5.755168e-05 -3.730993e-04 -4.164342e-05 5.075037e-05
 9004.800000 -2.973663e-05 -4.591889e-07 -5.210706e-08 -5.188877e-07 5.432986e-05 -3.453030e-04 -5.689675e-05 3.343644e-05
 9005.000000 -2.973275e-05 -4.598212e-07 -5.232291e-08 -5.189617e-07 5.401073e-05 -3.569376e-04 -5.716434e-05 3.505166e-05
 9005.200000 -2.972606e-05 -4.598921e-07 -5.295751e-08 -5.182985e-07 5.791349e-05 -3.547644e-04 -4.643259e-05 3.608648e-05
 9005.400000 -2.971340e-05 -4.585345e-07 -5.316318e-08 -5.178352e-07 5.465244e-05 -3.615076e-04 -4.775830e-05 3.131358e-05
 9005.600000 -2.968359e-05 -4.590674e-07 -5.383178e-08 -5.166486e-07 5.384635e-05 -3.726415e-04 -4.719483e-05 3.832937e-05
 9005.800000 -2.967736e-05 -4.588664e-07 -5.435599e-08 -5.159789e-07 5.108551e-05 -3.583952e-04 -4.179606e-05 4.017258e-05
 9006.000000 -2.967965e-05 -4.600570e-07 -5.504395e-08 -5.162504e-07 4.896242e-05 -3.451583e-04 -4.934303e-05 3.407630e-05
 9006.200000 -2.970238e-05 -4.594146e-07 -5.536461e-08 -5.165775e-07 4.212281e-05 -3.419805e-04 -5.296855e-05 3.446632e-05
 9006.400000 -2.970378e-05 -4.607086e-07 -5.595302e-08 -5.164156e-07 4.378969e-05 -3.551240e-04 -4.341614e-05 4.423154e-05
 9006.600000 -2.968694e-05 -4.591726e-07 -5.627705e-08 -5.153588e-07 5.037678e-05 -3.815533e-04 -5.254894e-05 4.584101e-05
 9006.800000 -2.967968e-05 -4.585554e-07 -5.673157e-08 -5.149413e-07 5.217806e-05 -3.465420e-04 -5.634773e-05 3.635238e-05
 9007.000000 -2.968093e-05 -4.611893e-07 -5.739486e-08 -5.148534e-07 4.352910e-05 -3.136859e-04 -4.572638e-05 3.423758e-05
 9007.200000 -2.969198e-05 -4.594562e-07 -5.757307e-08 -5.151021e-07 4.092521e-05 -3.462748e-04 -4.490815e-05 3.398668e-05
 9007.400000 -2.967352e-05 -4.599855e-07 -5.808625e-08 -5.142028e-07 3.686132e-05 -3.646362e-04 -4.366026e-05 4.075395e-05
 9007.600000 -2.966466e-05 -4.604872e-07 -5.825264e-08 -5.133433e-07 3.107180e-05 -3.502584e-04 -5.074584e-05 4.347738e-05
 9007.800000 -2.965117e-05 -4.595963e-07 -5.833267e-08 -5.126241e-07 4.044242e-05 -3.558497e-04 -4.665712e-05 3.675079e-05
 9008.000000 -2.964992e-05 -4.592913e-07 -5.873808e-08 -5.123763e-07 4.728121e-05 -3.449607e-04 -4.851010e-05 3.810789e-05
 9008.200000 -2.966966e-05 -4.617431e-07 -5.938409e-08 -5.119927e-07 4.802615e-05 -3.537787e-04 -4.340635e-05 4.124611e-05
 9008.400000 -2.966014e-05 -4.616044e-07 -5.969247e-08 -5.116275e-07 4.556877e-05 -3.752928e-04 -5.186394e-05 4.230513e-05
 9008.600000 -2.967203e-05 -4.606313e-07 -6.001874e-08 -5.113602e-07 4.118309e-05 -4.028076e-04 -5.195620e-05 4.203462e-05
 9008.800000 -2.966767e-05 -4.608946e-07 -6.041405e-08 -5.114086e-07 4.214632e-05 -3.758073e-04 -5.613542e-05 4.490885e-05
 9009.000000 -2.965689e-05 -4.614266e-07 -6.089383e-08 -5.105232e-07 4.643317e-05 -3.625847e-04 -6.469151e-05 3.861940e-05
 9009.227860 -2.965430e-05 -4.616969e-07 -6.136700e-08 -5.104691e-07 3.553515e-05 -3.597050e-04 -5.639323e-05 4.198004e-05
 9009.483581 -2.963267e-05 -4.603906e-07 -6.180978e-08 -5.097968e-07 4.093392e-05 -3.730451e-04 -5.419414e-05 4.887887e-05
 9009.767162 -2.960939e-05 -4.593650e-07 -6.201731e-08 -5.088726e-07 4.862609e-05 -3.699824e-04 -5.023201e-05 3.765763e-05
 9010.078604 -2.960425e-05 -4.586335e-07 -6.199724e-08 -5.089732e-07 4.326835e-05 -3.567346e-04 -5.781618e-05 3.840825e-05
 9010.417905 -2.958697e-05 -4.576463e-07 -6.182111e-08 -5.086942e-07 4.712308e-05 -3.427113e-04 -7.006014e-05 4.302501e-05
 9010.785067 -2.951668e-05 -4.563286e-07 -6.192240e-08 -5.078809e-07 4.497140e-05 -3.651717e-04 -5.656540e-05 4.420066e-05
 9011.180090 -2.945742e-05 -4.551922e-07 -6.200075e-08 -5.084322e-07 5.009609e-05 -3.601814e-04 -4.258052e-05 4.336268e-05
 9011.602973 -2.940502e-05 -4.550244e-07 -6.176985e-08 -5.094902e-07 4.988499e-05 -3.959072e-04 -4.339068e-05 3.670735e-05
 9012.053716 -2.937718e-05 -4.558552e-07 -6.165042e-08 -5.113161e-07 4.622404e-05 -3.899946e-04 -3.473077e-05 4.138948e-05
 9012.532319 -2.936807e-05 -4.558559e-07 -6.127225e-08 -5.143264e-07 4.307353e-05 -4.163288e-04 -4.807280e-05 3.838825e-05
 9013.038783 -2.940380e-05 -4.548999e-07 -6.083177e-08 -5.194186e-07 4.870211e-05 -4.176735e-04 -4.761880e-05 3.763813e-05
 9013.573107 -2.948147e-05 -4.537449e-07 -6.078340e-08 -5.267031e-07 4.413619e-05 -3.868972e-04 -4.517360e-05 3.724494e-05
 9014.135292 -2.957777e-05 -4.547050e-07 -6.008379e-08 -5.349240e-07 3.338674e-05 -3.678743e-04 -3.701390e-05 3.546123e-05
 9014.725337 -2.967083e-05 -4.558820e-07 -5.940710e-08 -5.417148e-07 3.584809e-05 -3.549020e-04 -4.113823e-05 3.512644e-05
 9015.343242 -2.969349e-05 -4.552276e-07 -5.903617e-08 -5.454712e-07 3.954838e-05 -3.409013e-04 -4.566732e-05 3.038829e-05
 9015.989008 -2.971258e-05 -4.554964e-07 -5.777665e-08 -5.483528e-07 3.665836e-05 -3.666106e-04 -4.790541e-05 3.153841e-05
 9016.662634 -2.969048e-05 -4.538471e-07 -5.653567e-08 -5.472850e-07 3.717033e-05 -4.023885e-04 -4.747849e-05 4.271059e-05
 9017.364120 -2.965403e-05 -4.536663e-07 -5.555533e-08 -5.438902e-07 3.765622e-05 -3.936895e-04 -5.375238e-05 4.833414e-05
 9018.093467 -2.968402e-05 -4.558942e-07 -5.458313e-08 -5.414361e-07 3.611221e-05 -3.886564e-04 -5.182776e-05 3.189135e-05
 9018.850674 -2.968374e-05 -4.563779e-07 -5.338914e-08 -5.364374e-07 3.805699e-05 -3.903746e-04 -5.386960e-05 2.727874e-05
 9019.635741 -2.967152e-05 -4.574025e-07 -5.266166e-08 -5.308374e-07 3.739049e-05 -3.723697e-04 -6.137747e-05 3.300748e-05
 9020.448669 -2.965516e-05 -4.580641e-07 -5.167774e-08 -5.252442e-07 4.111277e-05 -3.798990e-04 -6.582659e-05 3.275673e-05
 9021.289457 -2.962147e-05 -4.575902e-07 -5.033476e-08 -5.191284e-07 3.459129e-05 -3.741705e-04 -5.952654e-05 3.416237e-05
 9022.158106 -2.961579e-05 -4.579649e-07 -4.948881e-08 -5.148319e-07 3.447584e-05 -3.659537e-04 -5.473847e-05 3.681704e-05
 9023.054614 -2.961192e-05 -4.584599e-07 -4.842028e-08 -5.115966e-07 4.770604e-05 -3.847361e-04 -4.943559e-05 3.443017e-05
 9023.978983 -2.960064e-05 -4.586473e-07 -4.768844e-08 -5.095097e-07 4.839908e-05 -3.847472e-04 -5.074132e-05 3.802296e-05
 9024.931213 -2.957103e-05 -4.569206e-07 -4.729829e-08 -5.076667e-07 5.373339e-05 -3.768609e-04 -6.121270e-05 3.585041e-05
 9025.911303 -2.955663e-05 -4.563250e-07 -4.764915e-08 -5.074631e-07 4.533588e-05 -3.777241e-04 -5.187732e-05 3.304988e-05
 9026.919253 -2.956152e-05 -4.569193e-07 -4.833940e-08 -5.085615e-07 4.954628e-05 -4.005609e-04 -3.223526e-05 3.673136e-05
 9027.955064 -2.954880e-05 -4.565227e-07 -4.978295e-08 -5.093070e-07 5.324854e-05 -4.079347e-04 -4.743454e-05 3.678582e-05
 9029.018734 -2.953914e-05 -4.559239e-07 -5.155219e-08 -5.104623e-07 5.457809e-05 -3.930821e-04 -4.232428e-05 3.192140e-05
 9030.110266 -2.950322e-05 -4.546567e-07 -5.275939e-08 -5.111594e-07 5.035895e-05 -3.994696e-04 -5.265488e-05 2.258931e-05
 9031.232723 -2.948909e-05 -4.535702e-07 -5.422526e-08 -5.123074e-07 4.315421e-05 -3.761631e-04 -5.521533e-05 3.148700e-05
 9032.367373 -2.944959e-05 -4.514454e-07 -5.529007e-08 -5.126019e-07 4.210094e-05 -3.738188e-04 -4.917692e-05 2.987695e-05
 9033.514214 -2.938164e-05 -4.488025e-07 -5.576479e-08 -5.122057e-07 4.454422e-05 -3.595378e-04 -4.480016e-05 2.462702e-05
 9034.673248 -2.937090e-05 -4.487028e-07 -5.640407e-08 -5.147707e-07 4.708571e-05 -3.772462e-04 -4.606923e-05 2.141444e-05
 9035.844473 -2.940164e-05 -4.496942e-07 -5.669110e-08 -5.194367e-07 4.361488e-05 -4.125916e-04 -4.129953e-05 1.941804e-05
 9037.027890 -2.940679e-05 -4.494720e-07 -5.679347e-08 -5.232891e-07 4.673927e-05 -4.168782e-04 -4.765332e-05 2.497780e-05
 9038.223499 -2.940394e-05 -4.490846e-07 -5.668085e-08 -5.269828e-07 4.872117e-05 -4.002920e-04 -4.378621e-05 2.178707e-05
 9039.431300 -2.938522e-05 -4.493526e-07 -5.623175e-08 -5.290869e-07 4.680177e-05 -3.907980e-04 -4.525178e-05 1.945019e-05
 9040.651293 -2.934969e-05 -4.483243e-07 -5.544617e-08 -5.300850e-07 3.912198e-05 -3.822883e-04 -3.711604e-05 1.601697e-05
 9041.883478 -2.933866e-05 -4.484357e-07 -5.503701e-08 -5.318405e-07 3.901477e-05 -3.725338e-04 -3.635596e-05 6.391361e-06
 9043.127855 -2.933672e-05 -4.488272e-07 -5.496799e-08 -5.334578e-07 3.347845e-05 -3.970598e-04 -2.065903e-05 1.156775e-05
 9044.384423 -2.930808e-05 -4.481192e-07 -5.495096e-08 -5.334801e-07 3.176956e-05 -3.774332e-04 -3.129467e-05 1.766297e-05
 9045.653184 -2.929951e-05 -4.484262e-07 -5.525994e-08 -5.344404e-07 3.232169e-05 -3.456305e-04 -2.383618e-05 1.341108e-05
 9046.934136 -2.925721e-05 -4.473063e-07 -5.497823e-08 -5.340774e-07 4.402201e-05 -3.425232e-04 -3.108021e-05 1.266140e-05
 9048.227280 -2.925685e-05 -4.472222e-07 -5.443414e-08 -5.361973e-07 5.602585e-05 -3.392244e-04 -4.628947e-05 7.866768e-06
 9049.532617 -2.925449e-05 -4.469122e-07 -5.361604e-08 -5.385456e-07 4.983916e-05 -3.306760e-04 -4.039848e-05 1.379623e-05
 9050.850145 -2.922537e-05 -4.456387e-07 -5.288506e-08 -5.394454e-07 4.201168e-05 -3.327484e-04 -4.181643e-05 1.240073e-05
 9052.179865 -2.921955e-05 -4.453864e-07 -5.290542e-08 -5.411697e-07 3.935525e-05 -3.457737e-04 -4.276970e-05 1.612553e-05
 9053.521777 -2.921167e-05 -4.447650e-07 -5.286502e-08 -5.415843e-07 4.814812e-05 -3.376640e-04 -4.654252e-05 1.967963e-05
 9054.875881 -2.921043e-05 -4.449082e-07 -5.285254e-08 -5.419868e-07 5.244027e-05 -3.256227e-04 -3.229369e-05 2.151333e-05
 9056.242177 -2.919950e-05 -4.446819e-07 -5.256755e-08 -5.416077e-07 4.966917e-05 -3.461652e-04 -3.948769e-05 1.718371e-05
 9057.620664 -2.916030e-05 -4.434854e-07 -5.168235e-08 -5.402850e-07 4.143108e-05 -3.488326e-04 -3.234489e-05 2.134593e-05
 9059.011344 -2.905787e-05 -4.429615e-07 -5.064450e-08 -5.387234e-07 4.832962e-05 -3.583321e-04 -1.901022e-05 3.072632e-05
 9060.414215 -2.896284e-05 -4.428912e-07 -5.008788e-08 -5.365705e-07 4.477684e-05 -3.492115e-04 -3.043642e-05 1.890815e-05
 9061.829279 -2.908284e-05 -4.435417e-07 -4.973472e-08 -5.385107e-07 4.312704e-05 -3.340036e-04 -3.142004e-05 1.860829e-05
 9063.256534 -2.913156e-05 -4.441319e-07 -4.951787e-08 -5.390515e-07 5.084798e-05 -3.469207e-04 -2.516408e-05 2.465483e-05
 9064.695981 -2.913591e-05 -4.440399e-07 -4.892919e-08 -5.394956e-07 4.994855e-05 -3.458231e-04 -3.034443e-05 2.342542e-05
 9066.147620 -2.912640e-05 -4.430823e-07 -4.825102e-08 -5.391547e-07 5.213393e-05 -3.445096e-04 -3.146932e-05 2.290053e-05
 9067.611452 -2.911325e-05 -4.432069e-07 -4.769970e-08 -5.392681e-07 4.713090e-05 -3.430848e-04 -3.474365e-05 2.736715e-05
 9069.087475 -2.907126e-05 -4.418231e-07 -4.678268e-08 -5.385398e-07 4.369156e-05 -3.730052e-04 -3.550964e-05 2.539081e-05
 9070.575689 -2.909283e-05 -4.430542e-07 -4.637575e-08 -5.407316e-07 4.893389e-05 -3.609066e-04 -4.754888e-05 2.759249e-05
 9072.076096 -2.910204e-05 -4.447764e-07 -4.643930e-08 -5.424269e-07 4.554185e-05 -3.682395e-04 -5.849874e-05 2.663779e-05
 9073.588695 -2.908762e-05 -4.439389e-07 -4.695373e-08 -5.431646e-07 4.368182e-05 -3.421195e-04 -4.642536e-05 2.583157e-05
 9075.113485 -2.907185e-05 -4.433852e-07 -4.753879e-08 -5.438316e-07 4.302744e-05 -3.446672e-04 -2.805996e-05 2.917323e-05
 9076.650468 -2.906578e-05 -4.435305e-07 -4.844485e-08 -5.440861e-07 4.064016e-05 -3.195531e-04 -3.755725e-05 1.882079e-05
 9078.199642 -2.903179e-05 -4.420918e-07 -4.905602e-08 -5.437172e-07 3.747835e-05 -3.185409e-04 -4.312411e-05 1.219438e-05
 9079.761009 -2.904653e-05 -4.428706e-07 -5.042483e-08 -5.443399e-07 4.729698e-05 -3.272731e-04 -4.203992e-05 1.604670e-05
 9081.334567 -2.901253e-05 -4.423992e-07 -5.167302e-08 -5.435030e-07 4.796332e-05 -3.183823e-04 -5.810525e-05 1.794096e-05
 9082.920317 -2.892812e-05 -4.410463e-07 -5.275094e-08 -5.415425e-07 4.723181e-05 -3.004980e-04 -5.563341e-05 1.786361e-05
 9084.518259 -2.893489e-05 -4.435801e-07 -5.417471e-08 -5.427685e-07 4.985387e-05 -3.091560e-04 -5.513602e-05 1.759464e-05
 9086.128393 -2.894120e-05 -4.435859e-07 -5.463728e-08 -5.436548e-07 5.121424e-05 -3.019671e-04 -3.423956e-05 1.841132e-05
 9087.750719 -2.895068e-05 -4.419587e-07 -5.478321e-08 -5.447521e-07 4.469122e-05 -3.026623e-04 -4.834670e-05 1.330601e-05
 9089.385237 -2.896357e-05 -4.424757e-07 -5.533569e-08 -5.451234e-07 3.686871e-05 -3.032801e-04 -6.029686e-05 1.557523e-05
 9091.031946 -2.899678e-05 -4.444133e-07 -5.654506e-08 -5.468490e-07 2.533016e-05 -3.058133e-04 -5.593807e-05 2.867700e-05
 9092.690848 -2.898833e-05 -4.442670e-07 -5.770083e-08 -5.470190e-07 2.477227e-05 -3.116744e-04 -5.634260e-05 3.010911e-05
 9094.361942 -2.897255e-05 -4.447770e-07 -5.891960e-08 -5.469303e-07 2.871907e-05 -2.990034e-04 -6.427977e-05 2.442263e-05
 9096.045227 -2.894629e-05 -4.434515e-07 -5.977275e-08 -5.460269e-07 3.169914e-05 -3.098826e-04 -5.629135e-05 3.337503e-05
 9097.740704 -2.894510e-05 -4.434466e-07 -6.012058e-08 -5.460816e-07 2.396494e-05 -3.209175e-04 -5.216100e-05 2.307499e-05
 9099.448374 -2.893153e-05 -4.426057e-07 -5.977679e-08 -5.449529e-07 2.837965e-05 -3.167668e-04 -4.381618e-05 1.349000e-05
 9101.168235 -2.892500e-05 -4.429382e-07 -5.893111e-08 -5.450199e-07 2.901701e-05 -3.212161e-04 -5.311703e-05 1.840982e-05
 9102.900288 -2.895024e-05 -4.443395e-07 -5.806252e-08 -5.456575e-07 3.641370e-05 -2.945926e-04 -4.962606e-05 1.816418e-05
 9104.644533 -2.894841e-05 -4.438625e-07 -5.688125e-08 -5.450951e-07 4.690653e-05 -2.718750e-04 -5.318384e-05 2.114915e-05
 9106.400970 -2.892646e-05 -4.434561e-07 -5.573510e-08 -5.443795e-07 5.454621e-05 -2.957205e-04 -4.945401e-05 3.208649e-05
 9108.169598 -2.893826e-05 -4.435274e-07 -5.481711e-08 -5.450282e-07 5.117838e-05 -3.093011e-04 -3.542370e-05 3.543581e-05
 9109.950419 -2.890120e-05 -4.426597e-07 -5.381499e-08 -5.443588e-07 5.288665e-05 -3.048984e-04 -4.008097e-05 3.133760e-05
 9111.743432 -2.886148e-05 -4.403720e-07 -5.310472e-08 -5.438664e-07 5.335188e-05 -2.897951e-04 -4.202895e-05 3.775833e-05
 9113.548636 -2.883105e-05 -4.394845e-07 -5.305188e-08 -5.435344e-07 4.323013e-05 -3.185354e-04 -4.124886e-05 2.444932e-05
 9115.366032 -2.882216e-05 -4.389870e-07 -5.302325e-08 -5.443645e-07 3.843533e-05 -3.152488e-04 -4.409503e-05 1.481924e-05
 9117.195621 -2.872548e-05 -4.342971e-07 -5.247217e-08 -5.416996e-07 4.454738e-05 -3.059083e-04 -3.107589e-05 1.617282e-05
 9119.037401 -2.870000e-05 -4.335152e-07 -5.199888e-08 -5.421238e-07 4.789518e-05 -3.132217e-04 -3.637371e-05 1.121973e-05
 9120.891373 -2.879535e-05 -4.377795e-07 -5.196816e-08 -5.468434e-07 5.419737e-05 -3.481643e-04 -3.157254e-05 1.348213e-05
 9122.757537 -2.886288e-05 -4.411524e-07 -5.148876e-08 -5.508245e-07 5.356657e-05 -3.264456e-04 -2.703784e-05 4.715739e-06
 9124.635893 -2.888854e-05 -4.425502e-07 -4.995911e-08 -5.537046e-07 5.258049e-05 -3.102144e-04 -3.058590e-05 2.315657e-06
 9126.526441 -2.881765e-05 -4.396956e-07 -4.790596e-08 -5.523452e-07 5.013529e-05 -3.125130e-04 -3.381309e-05 2.525756e-05
 9128.429181 -2.876280e-05 -4.386151e-07 -4.649359e-08 -5.525893e-07 4.849684e-05 -3.078829e-04 -3.825233e-05 2.451352e-05
 9130.344112 -2.869833e-05 -4.384533e-07 -4.602261e-08 -5.527546e-07 4.914609e-05 -3.156591e-04 -3.678779e-05 3.060348e-05
 9132.271236 -2.881134e-05 -4.407007e-07 -4.644480e-08 -5.569609e-07 5.382782e-05 -3.054611e-04 -4.149624e-05 2.313878e-05
 9134.210552 -2.884551e-05 -4.415366e-07 -4.701960e-08 -5.594135e-07 5.853102e-05 -3.105119e-04 -3.412288e-05 2.346670e-05
 9136.162059 -2.883868e-05 -4.417484e-07 -4.740599e-08 -5.609861e-07 5.674050e-05 -3.095440e-04 -3.718259e-05 2.747614e-05
 9138.125758 -2.878413e-05 -4.406718e-07 -4.757318e-08 -5.602988e-07 5.740461e-05 -2.987502e-04 -3.921484e-05 3.705147e-05
 9140.101649 -2.877727e-05 -4.390783e-07 -4.800162e-08 -5.605563e-07 5.528961e-05 -2.997618e-04 -5.793295e-05 3.110476e-05
 9142.089733 -2.883257e-05 -4.411418e-07 -4.966449e-08 -5.631122e-07 5.290239e-05 -2.620260e-04 -6.504111e-05 2.162773e-05
 9144.090008 -2.883642e-05 -4.421407e-07 -5.125835e-08 -5.640575e-07 6.456661e-05 -2.369026e-04 -4.011179e-05 1.555743e-05
 9146.102475 -2.883406e-05 -4.427567e-07 -5.313171e-08 -5.646304e-07 6.996252e-05 -2.444968e-04 -3.363193e-05 1.090527e-05
 9148.127133 -2.880442e-05 -4.420535e-07 -5.492278e-08 -5.639893e-07 5.633379e-05 -2.645181e-04 -3.099549e-05 1.589747e-05
 9150.163984 -2.880911e-05 -4.426336e-07 -5.678051e-08 -5.653512e-07 6.006904e-05 -2.636035e-04 -3.896654e-05 2.322149e-05
 9152.213027 -2.872942e-05 -4.400656e-07 -5.839796e-08 -5.627560e-07 4.622247e-05 -2.687081e-04 -4.320844e-05 2.663623e-05
 9154.274261 -2.851842e-05 -4.379142e-07 -5.978088e-08 -5.595336e-07 4.458494e-05 -2.767537e-04 -3.751980e-05 2.870745e-05
 9156.347688 -2.835099e-05 -4.356102e-07 -6.084313e-08 -5.579393e-07 5.329680e-05 -2.451736e-04 -4.793685e-05 3.368899e-05
 9158.433306 -2.884363e-05 -4.447296e-07 -6.287007e-08 -5.679583e-07 5.198510e-05 -2.315480e-04 -5.920063e-05 3.251456e-05
 9160.531117 -2.880820e-05 -4.442383e-07 -6.261525e-08 -5.669789e-07 5.362820e-05 -2.351793e-04 -5.467979e-05 4.108154e-05
 9162.641119 -2.876358e-05 -4.427092e-07 -6.172404e-08 -5.656631e-07 6.033591e-05 -2.240965e-04 -3.272939e-05 4.874719e-05
 9164.763313 -2.878701e-05 -4.439833e-07 -6.055350e-08 -5.672334e-07 5.864626e-05 -2.512851e-04 -3.707192e-05 4.472513e-05
 9166.897699 -2.874554e-05 -4.422993e-07 -5.851838e-08 -5.673651e-07 5.154460e-05 -2.734019e-04 -3.154176e-05 4.355067e-05
 9169.044277 -2.855551e-05 -4.406277e-07 -5.665642e-08 -5.652795e-07 5.709274e-05 -2.576304e-04 -3.980324e-05 3.546699e-05
 9171.203047 -2.852130e-05 -4.432340e-07 -5.572795e-08 -5.651243e-07 6.068885e-05 -2.775142e-04 -3.750237e-05 3.190346e-05
 9173.374008 -2.876396e-05 -4.455665e-07 -5.530310e-08 -5.711231e-07 6.133138e-05 -2.877336e-04 -3.935573e-05 3.557931e-05
 9175.557162 -2.881500e-05 -4.462171e-07 -5.507923e-08 -5.720113e-07 6.190121e-05 -2.885337e-04 -3.320256e-05 3.754368e-05
 9177.752508 -2.875082e-05 -4.441933e-07 -5.476428e-08 -5.699720e-07 5.633278e-05 -3.041990e-04 -5.287878e-05 2.789281e-05
 9179.960045 -2.876121e-05 -4.451103e-07 -5.504576e-08 -5.718528e-07 5.278458e-05 -2.941278e-04 -4.711751e-05 2.283384e-05
 9182.179775 -2.873217e-05 -4.440178e-07 -5.519801e-08 -5.714227e-07 5.135751e-05 -2.841671e-04 -3.626865e-05 1.751183e-05
 9184.411696 -2.880411e-05 -4.473003e-07 -5.596641e-08 -5.755281e-07 5.552975e-05 -3.025999e-04 -4.639522e-05 2.105812e-05
 9186.655809 -2.884117e-05 -4.476968e-07 -5.615833e-08 -5.777273e-07 5.541308e-05 -2.960242e-04 -4.079923e-05 2.940965e-05
 9188.912114 -2.882145e-05 -4.476762e-07 -5.598170e-08 -5.778562e-07 5.608332e-05 -2.809087e-04 -4.483698e-05 2.717889e-05
 9191.180611 -2.873174e-05 -4.442315e-07 -5.562559e-08 -5.747925e-07 5.402089e-05 -2.892754e-04 -3.975969e-05 2.449764e-05
 9193.461300 -2.873240e-05 -4.449695e-07 -5.599940e-08 -5.757369e-07 4.862605e-05 -2.873772e-04 -3.098184e-05 1.911141e-05
 9195.754181 -2.876317e-05 -4.460699e-07 -5.635967e-08 -5.782343e-07 4.357124e-05 -2.876124e-04 -1.843816e-05 2.728186e-05
 9198.059254 -2.880897e-05 -4.470496e-07 -5.652754e-08 -5.816086e-07 3.413285e-05 -2.891860e-04 -4.597511e-05 2.206898e-05
 9200.376518 -2.884497e-05 -4.491646e-07 -5.627162e-08 -5.835266e-07 3.421423e-05 -2.926995e-04 -3.793790e-05 2.518310e-05
 9202.705975 -2.882412e-05 -4.483326e-07 -5.533506e-08 -5.832064e-07 2.924371e-05 -3.178017e-04 -4.907042e-05 3.111299e-05
 9205.047623 -2.881424e-05 -4.476382e-07 -5.424270e-08 -5.836037e-07 3.289954e-05 -3.182640e-04 -6.155714e-05 3.481633e-05
 9207.401464 -2.881508e-05 -4.476612e-07 -5.348494e-08 -5.842394e-07 3.468660e-05 -3.327454e-04 -5.990544e-05 3.222531e-05
 9209.767496 -2.877654e-05 -4.460938e-07 -5.301310e-08 -5.833875e-07 3.013292e-05 -3.387411e-04 -5.645437e-05 2.742412e-05
 9212.145720 -2.882764e-05 -4.495673e-07 -5.333702e-08 -5.862922e-07 3.846364e-05 -3.260755e-04 -6.177036e-05 1.508338e-05
 9214.536136 -2.883784e-05 -4.499994e-07 -5.349963e-08 -5.873902e-07 3.545893e-05 -3.461374e-04 -5.762592e-05 2.010843e-05
 9216.938744 -2.881151e-05 -4.493791e-07 -5.392644e-08 -5.870906e-07 4.097223e-05 -3.460181e-04 -5.877688e-05 2.339045e-05
 9219.353544 -2.886505e-05 -4.518265e-07 -5.510301e-08 -5.895987e-07 4.861720e-05 -3.707781e-04 -5.729989e-05 1.136275e-05
 9221.780536 -2.887094e-05 -4.518193e-07 -5.621386e-08 -5.906903e-07 4.614505e-05 -3.434856e-04 -6.735485e-05 1.578156e-05
 9224.219720 -2.888096e-05 -4.527409e-07 -5.744879e-08 -5.916427e-07 3.213264e-05 -3.611310e-04 -6.356537e-05 2.000492e-05
 9226.671096 -2.888514e-05 -4.531253e-07 -5.864451e-08 -5.922764e-07 3.726252e-05 -3.642119e-04 -5.753690e-05 2.404878e-05
 9229.134663 -2.887729e-05 -4.533959e-07 -5.961630e-08 -5.928082e-07 3.737274e-05 -3.851525e-04 -5.419448e-05 3.164027e-05
 9231.610423 -2.888837e-05 -4.533327e-07 -6.069359e-08 -5.936781e-07 3.267146e-05 -3.786445e-04 -4.354950e-05 2.035321e-05
 9234.098374 -2.888511e-05 -4.541363e-07 -6.185387e-08 -5.938472e-07 3.747570e-05 -3.825956e-04 -4.058146e-05 2.224198e-05
 9236.598517 -2.880723e-05 -4.511755e-07 -6.217511e-08 -5.910983e-07 4.473472e-05 -3.775399e-04 -3.963656e-05 2.521850e-05
 9239.110852 -2.877642e-05 -4.506897e-07 -6.246974e-08 -5.906073e-07 4.393525e-05 -3.624691e-04 -4.929614e-05 1.569479e-05
 9241.635380 -2.880988e-05 -4.524095e-07 -6.259663e-08 -5.934595e-07 4.523552e-05 -3.733676e-04 -5.592770e-05 1.727662e-05
 9244.172099 -2.884275e-05 -4.540046e-07 -6.255177e-08 -5.960542e-07 4.011371e-05 -3.702725e-04 -6.057941e-05 3.045545e-05
 9246.721009 -2.885119e-05 -4.546404e-07 -6.239090e-08 -5.971124e-07 4.179976e-05 -3.925167e-04 -5.752629e-05 3.009851e-05
 9249.282112 -2.884888e-05 -4.560285e-07 -6.253382e-08 -5.979264e-07 4.613599e-05 -3.796397e-04 -5.780700e-05 1.985295e-05
 9251.855407 -2.884995e-05 -4.564836e-07 -6.260722e-08 -5.990470e-07 5.024474e-05 -3.808155e-04 -6.388208e-05 1.425949e-05
 9254.440894 -2.893506e-05 -4.603226e-07 -6.301846e-08 -6.037677e-07 3.955421e-05 -3.899153e-04 -5.911024e-05 2.323125e-05
 9257.038572 -2.897007e-05 -4.614770e-07 -6.327188e-08 -6.066703e-07 3.838574e-05 -3.699025e-04 -6.359858e-05 2.479009e-05
 9259.648443 -2.898066e-05 -4.614995e-07 -6.332615e-08 -6.078360e-07 4.360413e-05 -3.361003e-04 -6.710100e-05 2.200805e-05
 9262.270505 -2.894907e-05 -4.607719e-07 -6.294271e-08 -6.071696e-07 4.912206e-05 -3.562302e-04 -6.663433e-05 2.728522e-05
 9264.904759 -2.883276e-05 -4.561315e-07 -6.190257e-08 -6.032719e-07 4.571470e-05 -3.788169e-04 -5.051741e-05 3.656591e-05
 9267.551205 -2.870689e-05 -4.508187e-07 -6.053536e-08 -5.994423e-07 4.396768e-05 -3.588933e-04 -4.385970e-05 3.862641e-05
 9270.209844 -2.871565e-05 -4.513305e-07 -6.042986e-08 -6.010900e-07 4.990544e-05 -3.875364e-04 -3.965143e-05 4.237883e-05
 9272.880674 -2.890773e-05 -4.583592e-07 -6.143453e-08 -6.097350e-07 5.149010e-05 -3.718984e-04 -3.180645e-05 3.699526e-05
 9275.563696 -2.897691e-05 -4.611283e-07 -6.191128e-08 -6.134254e-07 4.837549e-05 -3.665254e-04 -3.272958e-05 2.252231e-05
 9278.258909 -2.894923e-05 -4.603196e-07 -6.150580e-08 -6.121489e-07 5.488513e-05 -3.497044e-04 -3.286567e-05 1.239863e-05
 9280.966315 -2.888370e-05 -4.582389e-07 -6.106238e-08 -6.098181e-07 6.189400e-05 -3.396089e-04 -2.532332e-05 3.043444e-05
 9283.685913 -2.885925e-05 -4.575765e-07 -6.083658e-08 -6.093860e-07 5.906354e-05 -3.328943e-04 -2.748047e-05 2.629465e-05
 9286.417702 -2.887661e-05 -4.593898e-07 -6.072337e-08 -6.106026e-07 5.278111e-05 -3.442222e-04 -3.397706e-05 1.997613e-05
 9289.161684 -2.889503e-05 -4.625131e-07 -6.086397e-08 -6.140817e-07 4.944250e-05 -3.432284e-04 -4.037149e-05 2.655587e-05
 9291.917857 -2.903672e-05 -4.670258e-07 -6.120160e-08 -6.202056e-07 4.289956e-05 -3.131243e-04 -4.852173e-05 2.642452e-05
 9294.686222 -2.906527e-05 -4.678212e-07 -6.157013e-08 -6.205904e-07 5.107699e-05 -3.294077e-04 -4.271911e-05 2.401951e-05
 9297.466780 -2.897148e-05 -4.658617e-07 -6.167077e-08 -6.185033e-07 5.533454e-05 -2.957485e-04 -3.283681e-05 2.637945e-05
 9300.259529 -2.887197e-05 -4.663998e-07 -6.218315e-08 -6.182609e-07 4.959971e-05 -2.776616e-04 -4.051832e-05 1.881065e-05
 9303.064470 -2.907756e-05 -4.695465e-07 -6.299388e-08 -6.235804e-07 4.690856e-05 -2.931085e-04 -3.689191e-05 9.882000e-06
 9305.881602 -2.905175e-05 -4.683232e-07 -6.318603e-08 -6.235958e-07 3.558288e-05 -3.003351e-04 -4.718146e-05 -1.468588e-06
 9308.710927 -2.906187e-05 -4.707467e-07 -6.419780e-08 -6.267259e-07 4.444501e-05 -3.109521e-04 -3.301867e-05 7.033846e-06
 9311.552444 -2.910902e-05 -4.714641e-07 -6.491378e-08 -6.282874e-07 4.743498e-05 -3.323506e-04 -3.115301e-05 1.418544e-05
 9314.406153 -2.914394e-05 -4.725922e-07 -6.572013e-08 -6.297841e-07 4.805451e-05 -3.120032e-04 -2.923188e-05 1.959645e-05
 9317.272053 -2.915688e-05 -4.744210e-07 -6.636178e-08 -6.306429e-07 4.141430e-05 -2.813258e-04 -2.987016e-05 2.561669e-05
 9320.150146 -2.915697e-05 -4.741210e-07 -6.678574e-08 -6.311168e-07 4.150500e-05 -2.798882e-04 -3.591920e-05 2.631938e-05
 9323.040430 -2.916835e-05 -4.756652e-07 -6.725983e-08 -6.327515e-07 3.677429e-05 -2.981045e-04 -3.986472e-05 2.209978e-05
 9325.942906 -2.903132e-05 -4.741446e-07 -6.709029e-08 -6.305271e-07 4.535817e-05 -2.944218e-04 -4.039773e-05 1.352517e-05
 9328.857574 -2.927414e-05 -4.802268e-07 -6.791792e-08 -6.383479e-07 4.750453e-05 -2.967775e-04 -4.468223e-05 2.290668e-05
 9331.784435 -2.933751e-05 -4.838352e-07 -6.880475e-08 -6.416893e-07 4.616604e-05 -3.023643e-04 -4.609443e-05 2.382323e-05
 9334.723487 -2.934154e-05 -4.838620e-07 -6.920734e-08 -6.418310e-07 5.125261e-05 -2.929332e-04 -4.941001e-05 1.712375e-05
 9337.674730 -2.938938e-05 -4.852317e-07 -6.976611e-08 -6.432518e-07 4.777267e-05 -2.894310e-04 -5.064392e-05 1.321609e-05
 9340.638166 -2.941908e-05 -4.866640e-07 -7.026565e-08 -6.456866e-07 5.928972e-05 -2.763723e-04 -4.262693e-05 2.213204e-05
 9343.613794 -2.944338e-05 -4.877360e-07 -7.092709e-08 -6.472535e-07 5.107426e-05 -2.669671e-04 -4.764121e-05 1.868111e-05
 9346.601614 -2.948280e-05 -4.890013e-07 -7.146486e-08 -6.503762e-07 4.626343e-05 -2.834216e-04 -5.061438e-05 1.776669e-05
 9349.601625 -2.952594e-05 -4.903689e-07 -7.167878e-08 -6.524572e-07 5.407559e-05 -3.155388e-04 -5.499543e-05 1.387262e-05
 9352.613829 -2.954926e-05 -4.919528e-07 -7.169450e-08 -6.539743e-07 4.500091e-05 -2.976453e-04 -4.668724e-05 1.760270e-05
 9355.638224 -2.956773e-05 -4.933720e-07 -7.185931e-08 -6.553308e-07 4.981883e-05 -3.304113e-04 -3.572336e-05 1.710132e-05
 9358.674811 -2.959926e-05 -4.947418e-07 -7.212690e-08 -6.568953e-07 4.238797e-05 -3.474794e-04 -3.015119e-05 1.713587e-05
 9361.723590 -2.961020e-05 -4.954240e-07 -7.198610e-08 -6.580831e-07 4.935616e-05 -3.429844e-04 -4.405479e-05 2.161748e-05
 9364.784561 -2.963939e-05 -4.970490e-07 -7.219852e-08 -6.601279e-07 5.236931e-05 -3.291713e-04 -3.908710e-05 2.319230e-05
 9367.857724 -2.966696e-05 -4.987484e-07 -7.270010e-08 -6.616459e-07 5.842816e-05 -3.230053e-04 -3.728910e-05 2.780575e-05
 9370.943079 -2.970062e-05 -4.999424e-07 -7.296252e-08 -6.630552e-07 5.966986e-05 -3.129192e-04 -3.403053e-05 2.982550e-05
 9374.040626 -2.971484e-05 -5.013991e-07 -7.280272e-08 -6.639141e-07 5.347831e-05 -3.256274e-04 -3.334952e-05 2.866926e-05
 9377.150365 -2.972894e-05 -5.016138e-07 -7.243026e-08 -6.646549e-07 4.185937e-05 -3.453175e-04 -4.455745e-05 1.870374e-05
 9380.272295 -2.974358e-05 -5.013497e-07 -7.242262e-08 -6.656053e-07 5.259831e-05 -3.495097e-04 -5.175740e-05 1.187971e-05
 9383.406418 -2.979909e-05 -5.037758e-07 -7.304828e-08 -6.690133e-07 5.658526e-05 -3.354825e-04 -5.438844e-05 1.543342e-05
 9386.552732 -2.981462e-05 -5.059362e-07 -7.339057e-08 -6.707787e-07 5.288943e-05 -3.467785e-04 -4.452273e-05 1.720316e-05
 9389.711239 -2.983605e-05 -5.068366e-07 -7.322318e-08 -6.719748e-07 4.994695e-05 -3.354147e-04 -3.871289e-05 2.252295e-05
 9392.881937 -2.988092e-05 -5.082884e-07 -7.345582e-08 -6.739680e-07 4.555774e-05 -3.332664e-04 -3.705397e-05 2.462495e-05
 9396.064827 -2.985901e-05 -5.061018e-07 -7.336689e-08 -6.730605e-07 5.128309e-05 -3.300552e-04 -4.637727e-05 2.775117e-05
 9399.259909 -2.994829e-05 -5.103250e-07 -7.423319e-08 -6.780075e-07 5.261057e-05 -3.355144e-04 -5.342048e-05 1.968844e-05
 9402.467183 -3.001398e-05 -5.147816e-07 -7.519307e-08 -6.825448e-07 5.304473e-05 -3.402334e-04 -6.426736e-05 1.333807e-05
 9405.686649 -3.000011e-05 -5.144725e-07 -7.548736e-08 -6.818762e-07 5.427613e-05 -3.196204e-04 -6.135435e-05 1.929068e-05
 9408.918307 -3.001588e-05 -5.150665e-07 -7.590563e-08 -6.828702e-07 6.067126e-05 -3.066693e-04 -6.049586e-05 2.136496e-05
 9412.162157 -3.000699e-05 -5.137504e-07 -7.618271e-08 -6.831610e-07 5.410757e-05 -3.056321e-04 -5.686422e-05 2.765379e-05
 9415.418198 -2.994139e-05 -5.103709e-07 -7.609963e-08 -6.807182e-07 5.114713e-05 -3.268503e-04 -6.213015e-05 2.459160e-05
 9418.686432 -2.995565e-05 -5.121963e-07 -7.684532e-08 -6.820824e-07 5.277477e-05 -3.582151e-04 -4.929937e-05 2.586443e-05
 9421.966857 -2.999613e-05 -5.184387e-07 -7.819690e-08 -6.870967e-07 5.810925e-05 -3.573617e-04 -4.911057e-05 2.169972e-05
 9425.259474 -3.015031e-05 -5.243829e-07 -7.921299e-08 -6.939965e-07 5.927225e-05 -3.437829e-04 -4.765431e-05 2.127374e-05
 9428.564284 -3.029838e-05 -5.278485e-07 -7.977187e-08 -6.979402e-07 5.668313e-05 -3.344512e-04 -3.904070e-05 1.081747e-05
 9431.881285 -3.031617e-05 -5.291721e-07 -7.985193e-08 -6.993573e-07 4.548186e-05 -3.502676e-04 -5.093960e-05 9.574805e-06
 9435.210478 -3.036061e-05 -5.323048e-07 -8.043456e-08 -7.026221e-07 4.353859e-05 -3.744671e-04 -4.184360e-05 1.333982e-05
 9438.551863 -3.037725e-05 -5.325703e-07 -8.070897e-08 -7.038594e-07 5.087108e-05 -3.738726e-04 -4.571697e-05 1.406298e-05
 9441.905440 -3.046510e-05 -5.358589e-07 -8.190518e-08 -7.074630e-07 5.235182e-05 -3.426613e-04 -4.759152e-05 2.765443e-05
 9445.271209 -3.052143e-05 -5.385839e-07 -8.260853e-08 -7.106788e-07 4.550048e-05 -3.466778e-04 -4.563394e-05 3.672366e-05
 9448.649169 -3.055371e-05 -5.412478e-07 -8.301883e-08 -7.133208e-07 4.842050e-05 -3.342930e-04 -5.291025e-05 2.710098e-05
 9452.039322 -3.055911e-05 -5.412628e-07 -8.333398e-08 -7.144026e-07 5.692206e-05 -3.284968e-04 -6.289131e-05 2.298167e-05
 9455.441666 -3.059414e-05 -5.428367e-07 -8.427472e-08 -7.163165e-07 6.545190e-05 -3.426472e-04 -6.114110e-05 2.223546e-05
 9458.856203 -3.064356e-05 -5.452066e-07 -8.490945e-08 -7.186115e-07 5.907137e-05 -3.590993e-04 -6.529259e-05 1.581129e-05
 9462.282931 -3.066166e-05 -5.470620e-07 -8.500994e-08 -7.205197e-07 5.364349e-05 -3.389480e-04 -6.632397e-05 1.457297e-05
 9465.721851 -3.066896e-05 -5.482611e-07 -8.513020e-08 -7.222670e-07 5.230686e-05 -3.191034e-04 -5.684700e-05 2.354683e-05
 9469.172964 -3.065432e-05 -5.470246e-07 -8.509799e-08 -7.213981e-07 5.850294e-05 -3.074072e-04 -5.132885e-05 2.569200e-05
 9472.636268 -3.072825e-05 -5.506176e-07 -8.608343e-08 -7.251745e-07 5.646444e-05 -3.053138e-04 -5.567881e-05 2.254643e-05
 9476.111764 -3.084016e-05 -5.559589e-07 -8.694486e-08 -7.309752e-07 5.681300e-05 -3.472438e-04 -4.621925e-05 2.385749e-05
 9479.599451 -3.088980e-05 -5.586935e-07 -8.737793e-08 -7.339479e-07 6.354509e-05 -3.716212e-04 -4.491290e-05 2.076771e-05
 9483.099331 -3.084910e-05 -5.576573e-07 -8.726870e-08 -7.321844e-07 6.382744e-05 -3.687857e-04 -5.531005e-05 1.645290e-05
 9486.611403 -3.086325e-05 -5.585710e-07 -8.755059e-08 -7.332569e-07 6.506394e-05 -3.483690e-04 -4.358897e-05 2.227775e-05
 9490.135666 -3.083868e-05 -5.574627e-07 -8.759424e-08 -7.328262e-07 6.024404e-05 -3.343771e-04 -3.983580e-05 1.813673e-05
 9493.672122 -3.091671e-05 -5.618177e-07 -8.837249e-08 -7.371204e-07 6.307230e-05 -2.991246e-04 -4.265882e-05 2.068659e-05
 9497.220769 -3.101306e-05 -5.669082e-07 -8.896390e-08 -7.429154e-07 5.717032e-05 -3.033967e-04 -3.788455e-05 3.186914e-05
 9500.781609 -3.098326e-05 -5.684654e-07 -8.899508e-08 -7.440378e-07 5.176818e-05 -3.428772e-04 -4.298197e-05 2.154856e-05
 9504.354640 -3.094372e-05 -5.696918e-07 -8.945569e-08 -7.449887e-07 4.679114e-05 -3.692131e-04 -4.452104e-05 1.299365e-05
 9507.939863 -3.113010e-05 -5.739986e-07 -9.032113e-08 -7.506278e-07 4.619456e-05 -3.684206e-04 -4.297978e-05 1.776025e-05
 9511.537278 -3.112278e-05 -5.743511e-07 -9.020209e-08 -7.501375e-07 3.817970e-05 -3.637069e-04 -3.061753e-05 2.117078e-05
 9515.146885 -3.118525e-05 -5.781993e-07 -9.086293e-08 -7.535938e-07 3.417183e-05 -3.511392e-04 -3.628592e-05 2.172188e-05
 9518.768684 -3.119629e-05 -5.794994e-07 -9.160220e-08 -7.549145e-07 4.101977e-05 -3.489025e-04 -5.401576e-05 1.771431e-05
 9522.402675 -3.123593e-05 -5.816506e-07 -9.252562e-08 -7.576538e-07 4.297636e-05 -3.533488e-04 -4.772065e-05 1.146566e-05
 9526.048857 -3.127236e-05 -5.836690e-07 -9.342118e-08 -7.611092e-07 4.610777e-05 -3.545750e-04 -4.506998e-05 1.758693e-05
 9529.707232 -3.130767e-05 -5.864924e-07 -9.410295e-08 -7.639530e-07 4.266944e-05 -3.519612e-04 -3.037243e-05 2.885477e-05
 9533.377799 -3.130718e-05 -5.881956e-07 -9.459006e-08 -7.645715e-07 3.851356e-05 -3.290495e-04 -3.819239e-05 1.427991e-05
 9537.060557 -3.130329e-05 -5.893185e-07 -9.533785e-08 -7.657716e-07 4.014870e-05 -3.081954e-04 -3.967457e-05 1.943798e-05
 9540.755507 -3.118560e-05 -5.882891e-07 -9.555726e-08 -7.647586e-07 4.098416e-05 -3.178104e-04 -2.870632e-05 2.293765e-05
 9544.462650 -3.147448e-05 -5.963051e-07 -9.687289e-08 -7.746877e-07 4.414696e-05 -3.004863e-04 -3.509482e-05 1.155253e-05
 9548.181984 -3.148175e-05 -5.980258e-07 -9.704992e-08 -7.755529e-07 4.705592e-05 -3.210630e-04 -4.949854e-05 5.209065e-06
 9551.913510 -3.149130e-05 -5.997536e-07 -9.789530e-08 -7.762083e-07 4.992837e-05 -3.219796e-04 -4.285175e-05 1.583758e-05
 9555.657228 -3.156472e-05 -6.046037e-07 -9.906482e-08 -7.817212e-07 5.663795e-05 -3.104577e-04 -3.784613e-05 2.256889e-06
 9559.413138 -3.157740e-05 -6.065204e-07 -9.933820e-08 -7.839763e-07 5.657472e-05 -3.196346e-04 -5.591579e-05 -2.866052e-06
 9563.181239 -3.156732e-05 -6.070836e-07 -9.963690e-08 -7.854787e-07 5.201490e-05 -3.137453e-04 -5.458636e-05 1.622638e-06
 9566.961533 -3.162160e-05 -6.094396e-07 -1.003488e-07 -7.881615e-07 4.975819e-05 -3.105431e-04 -5.991617e-05 3.948974e-06
 9570.754019 -3.158996e-05 -6.106628e-07 -1.008108e-07 -7.887156e-07 4.997924e-05 -3.124523e-04 -5.737100e-05 1.366883e-05
 9574.558696 -3.156035e-05 -6.090776e-07 -1.009599e-07 -7.873406e-07 4.998392e-05 -3.282133e-04 -6.250922e-05 2.205155e-05
 9578.375565 -3.159828e-05 -6.112451e-07 -1.014808e-07 -7.893027e-07 4.900017e-05 -3.364264e-04 -6.572832e-05 2.527596e-05
 9582.204627 -3.167724e-05 -6.158048e-07 -1.023865e-07 -7.946061e-07 6.752331e-05 -3.413987e-04 -6.669784e-05 1.622378e-05
 9586.045880 -3.174113e-05 -6.198657e-07 -1.036501e-07 -7.986880e-07 7.080638e-05 -3.446404e-04 -6.378019e-05 1.765336e-05
 9589.899325 -3.151723e-05 -6.109912e-07 -1.021613e-07 -7.886546e-07 5.056763e-05 -3.390089e-04 -6.448519e-05 1.720962e-05
 9593.764962 -3.146412e-05 -6.099883e-07 -1.017350e-07 -7.881330e-07 4.988345e-05 -3.403660e-04 -6.484643e-05 1.558691e-05
 9597.642791 -3.172358e-05 -6.239502e-07 -1.043382e-07 -8.010673e-07 5.649761e-05 -3.498951e-04 -6.726912e-05 1.149257e-05
 9601.532812 -3.168130e-05 -6.232569e-07 -1.046180e-07 -7.996258e-07 5.180236e-05 -3.631760e-04 -6.240552e-05 1.770358e-05
 9605.435025 -3.163720e-05 -6.219931e-07 -1.045707e-07 -7.988454e-07 5.802950e-05 -3.681834e-04 -6.082854e-05 2.009789e-05
 9609.349429 -3.164531e-05 -6.235135e-07 -1.048791e-07 -8.004134e-07 5.539865e-05 -3.688429e-04 -5.880468e-05 1.125360e-05
 9613.276026 -3.172619e-05 -6.283261e-07 -1.058217e-07 -8.056397e-07 5.623626e-05 -3.523044e-04 -6.009621e-05 1.696744e-05
 9617.214814 -3.174493e-05 -6.313160e-07 -1.067017e-07 -8.083943e-07 5.659846e-05 -3.693765e-04 -6.722558e-05 1.920529e-05
 9621.165795 -3.186007e-05 -6.389121e-07 -1.084499e-07 -8.158161e-07 4.843576e-05 -3.469069e-04 -7.119012e-05 1.774443e-05
 9625.128967 -3.194691e-05 -6.434677e-07 -1.090874e-07 -8.216855e-07 4.942571e-05 -3.455711e-04 -6.941872e-05 2.043180e-05
 9629.104331 -3.193041e-05 -6.442793e-07 -1.093803e-07 -8.220855e-07 4.622133e-05 -3.656503e-04 -7.741954e-05 2.844172e-05
 9633.091888 -3.192312e-05 -6.465981e-07 -1.101240e-07 -8.237402e-07 4.722785e-05 -3.567957e-04 -7.152348e-05 2.849378e-05
 9637.091636 -3.197596e-05 -6.497385e-07 -1.106982e-07 -8.261740e-07 5.096040e-05 -3.450026e-04 -7.000508e-05 3.013257e-05
 9641.103575 -3.196906e-05 -6.513181e-07 -1.110721e-07 -8.275641e-07 4.757685e-05 -3.598321e-04 -7.464624e-05 2.263847e-05
 9645.127707 -3.193782e-05 -6.506191e-07 -1.114552e-07 -8.268198e-07 4.794223e-05 -3.694891e-04 -6.873449e-05 2.126928e-05
 9649.164031 -3.203102e-05 -6.568325e-07 -1.128658e-07 -8.333597e-07 5.045850e-05 -3.748876e-04 -6.416315e-05 1.984531e-05
 9653.212547 -3.202811e-05 -6.592874e-07 -1.134944e-07 -8.345407e-07 4.940053e-05 -3.336751e-04 -6.952615e-05 2.286661e-05
 9657.273254 -3.208319e-05 -6.637155e-07 -1.145358e-07 -8.381994e-07 4.833895e-05 -3.382617e-04 -6.048947e-05 2.543561e-05
 9661.346154 -3.211147e-05 -6.678509e-07 -1.156574e-07 -8.414706e-07 4.776420e-05 -3.323081e-04 -6.110644e-05 3.781196e-05
 9665.431245 -3.203889e-05 -6.689067e-07 -1.160843e-07 -8.414259e-07 5.475852e-05 -3.179971e-04 -6.787910e-05 3.550722e-05
 9669.528529 -3.206872e-05 -6.708750e-07 -1.164614e-07 -8.421666e-07 4.909362e-05 -3.080351e-04 -5.989130e-05 3.809388e-05
 9673.638004 -3.205595e-05 -6.725618e-07 -1.173906e-07 -8.434475e-07 4.926437e-05 -3.128264e-04 -6.840194e-05 3.386877e-05
 9677.759671 -3.201777e-05 -6.728191e-07 -1.177087e-07 -8.435933e-07 5.789475e-05 -3.401985e-04 -5.783967e-05 4.239263e-05
 9681.893530 -3.209123e-05 -6.784730e-07 -1.187669e-07 -8.493803e-07 6.336577e-05 -3.490868e-04 -5.257508e-05 4.478588e-05
 9686.039581 -3.206495e-05 -6.797662e-07 -1.196680e-07 -8.490123e-07 6.750007e-05 -3.845749e-04 -5.053400e-05 3.732060e-05
 9690.197824 -3.195574e-05 -6.754753e-07 -1.190744e-07 -8.448160e-07 6.116877e-05 -3.977641e-04 -4.006628e-05 3.123209e-05
 9694.368258 -3.209893e-05 -6.838637e-07 -1.205655e-07 -8.541052e-07 6.104063e-05 -3.873040e-04 -4.965444e-05 2.402800e-05
 9698.550885 -3.210591e-05 -6.858988e-07 -1.212567e-07 -8.555220e-07 6.037661e-05 -3.990443e-04 -5.928525e-05 1.998219e-05
 9702.745704 -3.209377e-05 -6.881261e-07 -1.219968e-07 -8.572099e-07 5.290702e-05 -3.939786e-04 -6.719212e-05 1.314506e-05
 9706.952714 -3.208964e-05 -6.904058e-07 -1.226896e-07 -8.593064e-07 4.520841e-05 -3.856330e-04 -6.032089e-05 1.188554e-05
 9711.171916 -3.202570e-05 -6.903902e-07 -1.229426e-07 -8.583528e-07 3.860381e-05 -3.610748e-04 -5.426207e-05 2.293967e-05
 9715.403311 -3.216479e-05 -6.971362e-07 -1.247771e-07 -8.658676e-07 3.624021e-05 -3.727765e-04 -4.854076e-05 2.913781e-05
 9719.646897 -3.215847e-05 -6.991413e-07 -1.255732e-07 -8.682959e-07 4.807703e-05 -3.724458e-04 -4.764099e-05 3.123714e-05
 9723.902675 -3.214768e-05 -7.007455e-07 -1.258467e-07 -8.698662e-07 5.367202e-05 -3.571107e-04 -5.756344e-05 2.034026e-05
 9728.170645 -3.214203e-05 -7.038527e-07 -1.267027e-07 -8.709264e-07 6.031743e-05 -3.349546e-04 -5.767983e-05 2.483149e-05
 9732.450807 -3.208996e-05 -7.037560e-07 -1.269910e-07 -8.694978e-07 5.292411e-05 -3.389357e-04 -5.552779e-05 2.366033e-05
 9736.743161 -3.198952e-05 -7.008798e-07 -1.264729e-07 -8.662080e-07 5.754295e-05 -3.495592e-04 -5.457498e-05 2.277494e-05
 9741.047707 -3.206172e-05 -7.068519e-07 -1.277792e-07 -8.720108e-07 5.558557e-05 -3.310528e-04 -6.048756e-05 2.121838e-05
 9745.364444 -3.204884e-05 -7.080679e-07 -1.285709e-07 -8.725724e-07 5.364062e-05 -3.074419e-04 -5.437351e-05 1.377916e-05
 9749.693374 -3.201598e-05 -7.093751e-07 -1.288131e-07 -8.734518e-07 5.487923e-05 -3.067215e-04 -5.142871e-05 1.199332e-05
 9754.034495 -3.210524e-05 -7.161068e-07 -1.303875e-07 -8.808405e-07 5.891128e-05 -3.397843e-04 -5.497336e-05 1.501261e-05
 9758.387809 -3.211604e-05 -7.197058e-07 -1.315027e-07 -8.842138e-07 5.682214e-05 -3.352710e-04 -5.431195e-05 1.349109e-05
 9762.753314 -3.210352e-05 -7.213290e-07 -1.318576e-07 -8.863702e-07 6.124765e-05 -3.398547e-04 -5.219083e-05 1.840868e-05
 9767.131011 -3.210158e-05 -7.227158e-07 -1.323408e-07 -8.887317e-07 5.024604e-05 -3.362295e-04 -5.697023e-05 1.720350e-05
 9771.520900 -3.206830e-05 -7.239036e-07 -1.328118e-07 -8.896905e-07 4.566154e-05 -3.630996e-04 -4.606199e-05 1.776500e-05
 9775.922981 -3.201901e-05 -7.256040e-07 -1.333352e-07 -8.893718e-07 5.811060e-05 -3.898487e-04 -4.548680e-05 1.513647e-05
 9780.337254 -3.186101e-05 -7.233817e-07 -1.330978e-07 -8.861522e-07 5.652269e-05 -3.932130e-04 -4.659713e-05 1.467380e-05
 9784.763719 -3.192906e-05 -7.274838e-07 -1.346322e-07 -8.916355e-07 5.615436e-05 -3.998657e-04 -4.530068e-05 1.293523e-05
 9789.202376 -3.199092e-05 -7.314727e-07 -1.355799e-07 -8.955723e-07 5.668105e-05 -3.813373e-04 -4.739881e-05 1.165290e-05
 9793.653224 -3.187206e-05 -7.319310e-07 -1.357175e-07 -8.950933e-07 5.719092e-05 -3.753596e-04 -4.870073e-05 1.759838e-05
 9798.116265 -3.197734e-05 -7.362128e-07 -1.369478e-07 -8.994524e-07 5.949936e-05 -3.971788e-04 -4.728494e-05 1.422934e-05
 9802.591497 -3.196264e-05 -7.380115e-07 -1.372480e-07 -9.009899e-07 5.453373e-05 -4.048036e-04 -4.370428e-05 1.299085e-05
 9807.078922 -3.195786e-05 -7.409998e-07 -1.381169e-07 -9.032967e-07 6.284563e-05 -4.072571e-04 -4.823409e-05 1.786408e-05
 9811.578538 -3.194203e-05 -7.422797e-07 -1.389028e-07 -9.053849e-07 6.200716e-05 -4.155174e-04 -5.512557e-05 1.531093e-05
 9816.090346 -3.187974e-05 -7.416938e-07 -1.390226e-07 -9.044900e-07 5.806470e-05 -4.141363e-04 -5.965228e-05 1.597260e-05
 9820.614346 -3.182194e-05 -7.416208e-07 -1.392224e-07 -9.044865e-07 5.627273e-05 -3.994595e-04 -7.124534e-05 9.875813e-06
 9825.150538 -3.178134e-05 -7.440561e-07 -1.402023e-07 -9.068449e-07 6.581121e-05 -4.066208e-04 -5.615070e-05 1.294239e-05
 9829.698922 -3.151896e-05 -7.395095e-07 -1.395429e-07 -9.015580e-07 6.686042e-05 -4.008742e-04 -6.785276e-05 2.088201e-05
 9834.259498 -3.157905e-05 -7.430051e-07 -1.404754e-07 -9.053131e-07 6.108970e-05 -4.212538e-04 -7.254030e-05 1.721145e-05
 9838.832266 -3.165763e-05 -7.481429e-07 -1.420367e-07 -9.100183e-07 6.018058e-05 -4.127482e-04 -5.377449e-05 1.744296e-05
 9843.417226 -3.168660e-05 -7.501458e-07 -1.427199e-07 -9.117298e-07 5.930273e-05 -4.071621e-04 -6.429861e-05 1.710826e-05
 9848.014377 -3.167443e-05 -7.540298e-07 -1.438391e-07 -9.131117e-07 5.444641e-05 -4.167865e-04 -5.560117e-05 2.394568e-05
 9852.623721 -3.170456e-05 -7.582536e-07 -1.449070e-07 -9.174302e-07 5.338627e-05 -3.986377e-04 -6.299774e-05 2.204763e-05
 9857.245256 -3.166195e-05 -7.596378e-07 -1.454490e-07 -9.177378e-07 5.397008e-05 -4.139728e-04 -6.094009e-05 1.914910e-05
 9861.878983 -3.169441e-05 -7.644034e-07 -1.469395e-07 -9.226180e-07 6.208057e-05 -4.313997e-04 -6.691512e-05 2.753273e-05
 9866.524902 -3.164521e-05 -7.655671e-07 -1.474572e-07 -9.223815e-07 6.265604e-05 -4.466658e-04 -7.267878e-05 2.588977e-05
 9871.183013 -3.157315e-05 -7.656127e-07 -1.478069e-07 -9.208275e-07 6.470205e-05 -4.305231e-04 -7.379472e-05 1.396868e-05
 9875.853316 -3.152888e-05 -7.670425e-07 -1.482439e-07 -9.212085e-07 5.941402e-05 -4.045981e-04 -7.576915e-05 1.836490e-05
 9880.535811 -3.148800e-05 -7.687838e-07 -1.489355e-07 -9.215843e-07 6.797436e-05 -3.969593e-04 -7.555496e-05 2.455115e-05
 9885.230498 -3.132858e-05 -7.632679e-07 -1.479787e-07 -9.155260e-07 6.668568e-05 -3.882149e-04 -7.883027e-05 2.575328e-05
 9889.937377 -3.138704e-05 -7.708103e-07 -1.498326e-07 -9.216708e-07 5.765685e-05 -3.758542e-04 -8.518990e-05 2.731297e-05
 9894.656448 -3.149818e-05 -7.791725e-07 -1.521215e-07 -9.309728e-07 4.607326e-05 -3.656210e-04 -8.690526e-05 2.294250e-05
 9899.387710 -3.147968e-05 -7.817628e-07 -1.528306e-07 -9.325617e-07 5.993216e-05 -3.621185e-04 -7.721067e-05 3.026709e-05
 9904.131165 -3.150097e-05 -7.867482e-07 -1.540004e-07 -9.368045e-07 5.414555e-05 -3.389539e-04 -6.346984e-05 3.567818e-05
 9908.886811 -3.146535e-05 -7.882989e-07 -1.547774e-07 -9.380269e-07 6.086504e-05 -3.460645e-04 -6.126162e-05 2.943231e-05
 9913.654649 -3.142513e-05 -7.897397e-07 -1.553574e-07 -9.388591e-07 5.011425e-05 -3.445030e-04 -6.250625e-05 3.527772e-05
 9918.434679 -3.137666e-05 -7.912418e-07 -1.559936e-07 -9.394021e-07 5.349576e-05 -3.438180e-04 -6.001531e-05 2.664726e-05
 9923.226901 -3.128378e-05 -7.895884e-07 -1.556982e-07 -9.376167e-07 5.919417e-05 -3.190682e-04 -5.735894e-05 2.231763e-05
 9928.031315 -3.127922e-05 -7.931864e-07 -1.569603e-07 -9.408567e-07 5.891868e-05 -3.270574e-04 -4.404799e-05 2.615787e-05
 9932.847921 -3.127643e-05 -7.983126e-07 -1.583209e-07 -9.433738e-07 5.337088e-05 -3.629141e-04 -4.241116e-05 6.169058e-06
 9937.676719 -3.116913e-05 -8.001133e-07 -1.589811e-07 -9.425071e-07 4.432905e-05 -3.584932e-04 -4.373363e-05 4.964288e-06
 9942.517709 -3.097860e-05 -8.001559e-07 -1.592571e-07 -9.372940e-07 5.215858e-05 -3.577526e-04 -3.571683e-05 1.855005e-05
 9947.370891 -3.103386e-05 -8.027700e-07 -1.601878e-07 -9.426425e-07 5.420360e-05 -3.530581e-04 -4.289389e-05 2.405783e-05
 9952.236264 -3.109416e-05 -8.062188e-07 -1.611494e-07 -9.454765e-07 4.897190e-05 -3.428950e-04 -4.920504e-05 3.318150e-05
