# Facility.name: NSLS-II
# Facility.mode: Beam available
# Facility.current: 399.7155346016328
# Facility.current: 3 GeV
# Facility.year: 2023
# Facility.cycle: 2
# Facility.GUP: 312970
# Facility.SAF: 311402
# Experimenter.name: Esteban Fornero
# Beamline.name: ISS (8-ID)
# Beamline.x-ray_source: damping wiggler
# Beamline.collimation_mirror1.material: Si
# Beamline.collimation_mirror2.material: Pt
# Beamline.collimation_mirror2.bender_loading: -348.0
# Beamline.focusing: toroidal mirror
# Beamline.focusing.material: Pt
# Beamline.focusing.bender_loading: -418.0
# Beamline.harmonic_rejection: Si
# Mono.scan_mode: Si(111)
# Mono.d_spacing: 3.1354951
# Mono.scan_mode: pseudo-channel cut
# Mono.scan_type: fly_scan
# Mono.trajectory_name: 0f397ba2-1519.txt
# Mono.direction: None
# Mono.angle_offset: 0.69366577
# Mono.angle_offset: 39.744 deg
# Mono.encoder_resolution: 48.0 nrad
# Detector.I0: ion chamber
# Detector.I1: ion chamber
# Detector.I2: ion chamber
# Detector.IF: PIPS
# Detector.I0.length: 15 cm
# Detector.I1.length: 28 cm
# Detector.I2.length: 15 cm
# Detector.IF.thickness: 300 um
# Detector.I0.gas.N2: 38.0%
# Detector.I1.gas.N2: 38.0%
# Detector.I2.gas.N2: 38.0%
# Detector.I0.gas.He: 62.0%
# Detector.I1.gas.He: 62.0%
# Detector.I2.gas.He: 62.0%
# Detector.I0.voltage: -1650.000732
# Detector.I1.voltage: -1650.000854
# Detector.I2.voltage: -1650.002441
# Detector.I0.gain: 4
# Detector.I1.gain: 6
# Detector.I2.gain: 6
# Detector.IF.gain: 6
# Detector.aux: {}
# Element.symbol: Ga
# Element.edge: K
# Element.line: None
# Scan.transient_id: 370646
# Scan.uid: 6dcda11f-2bce-4871-b986-e95bfbf4f51c
# Scan.edge_energy: 10367.0
# Scan.start_time: 06/22/2023  17:10:19.029611
# Scan.end_time: 06/22/2023  17:10:53.748531
# Scan.name: CuGaO2-2nd H2 ramp (pos 001) Ga-K 0001
# Scan.comment: 
# Sample.name: CuGaO2-2nd
# Sample.comment: 
# Sample.position.x: -66.493997553
# Sample.position.y: 31.590026611
# Sample.position.z: -10.184937499999995
# Sample.position.theta: 845.5790000000001
# SampleHeater.temperature1.setpoint: 300.0
# SampleHeater.temperature1.readback: 1372.0
# SampleHeater.current.setpoint: 0.0
# SampleHeater.current.readback: 0.0
# SampleHeater.temperature2.setpoint: 30.0
# SampleHeater.temperature2.readback: 35.2
# SampleHeater.voltage.setpoint: 0.0
# SampleHeater.voltage.readback: 0.0
# SampleHeater.PID.P: 0.025
# SampleHeater.PID.I: 0.07
# SampleHeater.PID.D: 0.0
# SampleGasCart.MFC.CH4.setpoint: 0.0
# SampleGasCart.MFC.CH4.readback: 0.0
# SampleGasCart.MFC.CO.setpoint: 0.0
# SampleGasCart.MFC.CO.readback: 0.0
# SampleGasCart.MFC.H2.setpoint: 10.0
# SampleGasCart.MFC.H2.readback: 10.012
# SampleGasCart.MFC.exhaust.setpoint: 100.0
# SampleGasCart.MFC.exhaust.readback: 10.43
# SampleGasHandlingSystem.gas_a.name: None
# SampleGasHandlingSystem.gas_b.name: None
# SampleGasHandlingSystem.gas_c.name: None
# SampleGasHandlingSystem.gas_d.name: None
# SampleGasHandlingSystem.gas_e.name: He
# SampleGasHandlingSystem.MFC1.setpoint: 0.0
# SampleGasHandlingSystem.MFC1.readback: -0.1383463591337204
# SampleGasHandlingSystem.MFC2.setpoint: 0.0
# SampleGasHandlingSystem.MFC2.readback: -0.0528971366584301
# SampleGasHandlingSystem.MFC3.setpoint: 0.0
# SampleGasHandlingSystem.MFC3.readback: 0.0244140625
# SampleGasHandlingSystem.MFC4.setpoint: 0.0
# SampleGasHandlingSystem.MFC4.readback: -0.06103515625
# SampleGasHandlingSystem.MFC5.setpoint: 0.0
# SampleGasHandlingSystem.MFC5.readback: -0.0040690102614462376
# SampleGasHandlingSystem.MFC6.setpoint: 0.0
# SampleGasHandlingSystem.MFC6.readback: -0.03662109375
# SampleGasHandlingSystem.MFC7.setpoint: 0.0
# SampleGasHandlingSystem.MFC7.readback: -0.0325520820915699
# SampleGasHandlingSystem.MFC8.setpoint: 0.0
# SampleGasHandlingSystem.MFC8.readback: -0.0813802108168602
# SampleGasHandlingSystem.MFC9.setpoint: 0.0
# SampleGasHandlingSystem.MFC9.readback: -0.0569661445915699
# SampleGasHandlingSystem.MFC10.setpoint: 0.0
# SampleGasHandlingSystem.MFC10.readback: 0.01627604104578495
# SampleGasHandlingSystem.MFC11.setpoint: 0.0
# SampleGasHandlingSystem.MFC11.readback: -0.1017252579331398
# SampleGasHandlingSystem.MFC12.setpoint: 0.0
# SampleGasHandlingSystem.MFC12.readback: -0.0528971366584301
# SampleGasHandlingSystem.MFC13.setpoint: 0.0
# SampleGasHandlingSystem.MFC13.readback: -0.0569661445915699
# SampleGasHandlingSystem.MFC14.setpoint: 0.0
# SampleGasHandlingSystem.MFC14.readback: -0.0651041641831398
# SampleGasHandlingSystem.MFC15.setpoint: 0.0
# SampleGasHandlingSystem.MFC15.readback: -0.1139322891831398
# SampleGasHandlingSystem.MFC16.setpoint: 0.0
# SampleGasHandlingSystem.MFC16.readback: -0.03662109375
# SampleGasHandlingSystem.RGA.ch1.mass: 2
# SampleGasHandlingSystem.RGA.ch1.readback: 7.71893e-07
# SampleGasHandlingSystem.RGA.ch2.mass: 4
# SampleGasHandlingSystem.RGA.ch2.readback: 6.17813e-11
# SampleGasHandlingSystem.RGA.ch3.mass: 12
# SampleGasHandlingSystem.RGA.ch3.readback: 1.57571e-12
# SampleGasHandlingSystem.RGA.ch4.mass: 16
# SampleGasHandlingSystem.RGA.ch4.readback: 4.65555e-10
# SampleGasHandlingSystem.RGA.ch5.mass: 18
# SampleGasHandlingSystem.RGA.ch5.readback: 3.54212e-09
# SampleGasHandlingSystem.RGA.ch6.mass: 28
# SampleGasHandlingSystem.RGA.ch6.readback: 1.1051e-08
# SampleGasHandlingSystem.RGA.ch7.mass: 32
# SampleGasHandlingSystem.RGA.ch7.readback: 1.34375e-09
# SampleGasHandlingSystem.RGA.ch8.mass: 40
# SampleGasHandlingSystem.RGA.ch8.readback: 1.11477e-11
# SampleGasHandlingSystem.RGA.ch9.mass: 44
# SampleGasHandlingSystem.RGA.ch9.readback: 6.85668e-12
# energy  i0  it  ir  iff  aux1  aux2  aux3  aux4
10167.000000 -2.954132e-05 -9.095234e-07 -2.638625e-07 -1.003245e-06 2.439206e-06 -6.264075e-04 -4.103004e-05 -1.261276e-05
10172.000000 -2.940798e-05 -9.044772e-07 -2.612498e-07 -9.987167e-07 3.140687e-07 -6.563710e-04 -5.083014e-05 -1.268002e-05
10177.000000 -2.938493e-05 -9.087740e-07 -2.598407e-07 -1.002207e-06 1.546105e-06 -6.706008e-04 -4.201123e-05 -1.256490e-05
10182.000000 -2.933242e-05 -9.091395e-07 -2.554613e-07 -1.003151e-06 -2.193143e-06 -6.787885e-04 -3.914637e-05 -4.004677e-06
10187.000000 -2.929318e-05 -9.049608e-07 -2.453048e-07 -1.002445e-06 1.357339e-06 -6.926317e-04 -5.177029e-05 -4.329877e-06
10192.000000 -2.938927e-05 -9.103569e-07 -2.258554e-07 -1.010017e-06 -5.052751e-06 -6.791323e-04 -4.562121e-05 -1.274302e-05
10197.000000 -2.936506e-05 -9.132453e-07 -1.680656e-07 -1.010370e-06 -7.298465e-06 -6.845096e-04 -4.271746e-05 -1.710976e-05
10202.000000 -2.932686e-05 -9.148788e-07 -5.630686e-08 -1.011509e-06 -1.005928e-05 -7.025052e-04 -3.997925e-05 -1.815068e-05
10207.000000 -2.929607e-05 -9.173304e-07 -2.269298e-08 -1.013058e-06 -6.915056e-06 -6.826781e-04 -4.225625e-05 -4.652558e-06
10212.000000 -2.931368e-05 -9.215380e-07 -4.631830e-08 -1.018365e-06 -8.079693e-06 -6.686778e-04 -4.020287e-05 -7.179301e-06
10217.000000 -2.925909e-05 -9.224568e-07 -5.997888e-08 -1.017906e-06 -5.336359e-06 -6.873296e-04 -2.648134e-05 -1.320140e-05
10222.000000 -2.921826e-05 -9.238985e-07 -7.023237e-08 -1.018962e-06 -1.608124e-05 -6.761493e-04 -3.628223e-05 -1.287481e-05
10227.000000 -2.918874e-05 -9.256875e-07 -7.723219e-08 -1.021003e-06 -1.204832e-05 -7.039222e-04 -4.987099e-05 -2.021898e-05
10232.000000 -2.913932e-05 -9.278248e-07 -8.028300e-08 -1.022157e-06 -1.102430e-05 -6.784440e-04 -2.598990e-05 -8.860250e-06
10237.000000 -2.913390e-05 -9.300316e-07 -8.233956e-08 -1.024404e-06 -8.370085e-06 -6.685609e-04 -2.760569e-05 -8.494558e-06
10242.000000 -2.909119e-05 -9.321553e-07 -8.376791e-08 -1.025057e-06 -5.491351e-06 -6.635878e-04 -4.863995e-05 -1.449082e-05
10247.000000 -2.902073e-05 -9.330626e-07 -8.707815e-08 -1.024437e-06 -2.482406e-06 -6.729882e-04 -4.242133e-05 -7.950808e-06
10252.000000 -2.900550e-05 -9.358561e-07 -8.690465e-08 -1.026538e-06 2.642226e-06 -6.851845e-04 -3.023955e-05 4.011009e-06
10257.000000 -2.900023e-05 -9.399930e-07 -8.411877e-08 -1.030112e-06 -2.043281e-06 -6.824683e-04 -3.958439e-05 1.276198e-06
10262.000000 -2.891168e-05 -9.407440e-07 -8.359079e-08 -1.028883e-06 -1.891194e-06 -6.913604e-04 -4.576267e-05 -1.072783e-05
10267.000000 -2.895312e-05 -9.455336e-07 -8.515797e-08 -1.033012e-06 1.163658e-05 -6.739208e-04 -4.556267e-05 -7.532559e-06
10272.000000 -2.886683e-05 -9.442664e-07 -8.548217e-08 -1.028677e-06 1.714691e-06 -6.810226e-04 -3.824921e-05 -6.485952e-06
10277.000000 -2.882747e-05 -9.476667e-07 -8.523239e-08 -1.031038e-06 -1.422583e-05 -6.842044e-04 -4.133946e-05 -1.649113e-05
10282.000000 -2.872226e-05 -9.490774e-07 -8.449200e-08 -1.031377e-06 -1.414322e-05 -6.777330e-04 -3.412373e-05 -1.559337e-05
10287.000000 -2.878196e-05 -9.535929e-07 -8.538891e-08 -1.037004e-06 -6.006644e-06 -6.779679e-04 -4.565707e-05 -1.281470e-05
10292.000000 -2.875542e-05 -9.555286e-07 -8.757041e-08 -1.039573e-06 -4.534475e-06 -6.919294e-04 -4.658368e-05 -9.478555e-06
10297.000000 -2.869567e-05 -9.558320e-07 -8.854643e-08 -1.039310e-06 -3.884256e-06 -6.833828e-04 -4.936631e-05 2.025289e-05
10302.000000 -2.870408e-05 -9.599198e-07 -8.891424e-08 -1.043531e-06 1.124693e-05 -6.826566e-04 -5.132412e-05 2.111669e-05
10307.000000 -2.867344e-05 -9.627840e-07 -8.908038e-08 -1.046627e-06 -2.454997e-07 -7.100907e-04 -5.741877e-05 -7.925741e-06
10312.000000 -2.863803e-05 -9.654593e-07 -8.909468e-08 -1.048241e-06 -9.459652e-06 -7.298919e-04 -5.841471e-05 -1.823086e-05
10317.000000 -2.860365e-05 -9.679377e-07 -8.885290e-08 -1.050441e-06 -1.586362e-05 -7.211978e-04 -5.150776e-05 -1.762817e-05
10322.000000 -2.855422e-05 -9.696794e-07 -8.821487e-08 -1.051349e-06 -1.147471e-05 -7.074605e-04 -5.479991e-05 -2.605364e-05
10327.000000 -2.849320e-05 -9.702058e-07 -8.709941e-08 -1.052226e-06 -5.184195e-06 -7.078322e-04 -5.279135e-05 -2.108013e-05
10332.000000 -2.840331e-05 -9.700847e-07 -8.658863e-08 -1.054238e-06 -3.394892e-06 -7.016824e-04 -4.323489e-05 1.741820e-05
10337.000000 -2.847498e-05 -9.752061e-07 -8.671281e-08 -1.059945e-06 -6.995392e-06 -6.912791e-04 -3.949063e-05 2.791272e-05
10341.000000 -2.841619e-05 -9.759009e-07 -8.718972e-08 -1.059806e-06 -1.180903e-05 -7.030818e-04 -2.812411e-05 2.360201e-05
10344.000000 -2.842357e-05 -9.790695e-07 -8.834784e-08 -1.065161e-06 -5.248214e-06 -7.043990e-04 -2.189265e-05 2.298549e-05
10346.000000 -2.842293e-05 -9.812529e-07 -8.917278e-08 -1.068715e-06 -1.162319e-05 -7.066101e-04 -2.022262e-05 2.960322e-05
10347.000000 -2.838308e-05 -9.793944e-07 -8.959712e-08 -1.066962e-06 -2.047734e-05 -6.879455e-04 -2.708221e-05 2.387891e-05
10347.200000 -2.837232e-05 -9.795732e-07 -8.989663e-08 -1.066506e-06 -2.036701e-05 -6.783160e-04 -2.887840e-05 1.802868e-05
10347.400000 -2.837671e-05 -9.797256e-07 -8.999467e-08 -1.065522e-06 -1.334451e-05 -6.967257e-04 -2.215521e-05 1.916964e-05
10347.600000 -2.838207e-05 -9.803713e-07 -9.018883e-08 -1.067350e-06 -1.789142e-05 -7.067363e-04 -1.248206e-05 1.836068e-05
10347.800000 -2.836699e-05 -9.768725e-07 -8.996493e-08 -1.066733e-06 -7.469335e-06 -6.992306e-04 -9.141515e-06 1.367993e-05
10348.000000 -2.835052e-05 -9.778115e-07 -9.007849e-08 -1.066060e-06 -4.351754e-06 -6.583432e-04 -5.560274e-06 8.321313e-06
10348.200000 -2.834227e-05 -9.762303e-07 -9.007054e-08 -1.065271e-06 -1.187260e-05 -6.673502e-04 -1.111158e-05 1.444344e-05
10348.400000 -2.837559e-05 -9.802119e-07 -9.070584e-08 -1.068972e-06 -1.058727e-05 -6.683017e-04 -1.536163e-05 2.552090e-05
10348.600000 -2.840683e-05 -9.806784e-07 -9.091946e-08 -1.071070e-06 -1.506358e-05 -6.656966e-04 -2.684670e-05 2.128191e-05
10348.800000 -2.841721e-05 -9.824894e-07 -9.126486e-08 -1.072816e-06 -1.693164e-05 -6.842281e-04 -2.458318e-05 1.064656e-05
10349.000000 -2.839732e-05 -9.810604e-07 -9.123520e-08 -1.072296e-06 -8.302267e-06 -6.857280e-04 -2.013440e-05 1.082551e-05
10349.200000 -2.839107e-05 -9.807975e-07 -9.120246e-08 -1.071809e-06 -9.651980e-06 -7.013122e-04 -1.201124e-05 1.249066e-05
10349.400000 -2.838948e-05 -9.818668e-07 -9.128947e-08 -1.072562e-06 -8.745827e-06 -6.984490e-04 -8.399299e-07 2.413015e-05
10349.600000 -2.835085e-05 -9.784183e-07 -9.087688e-08 -1.069346e-06 -6.272596e-06 -6.886593e-04 -4.105891e-06 3.136654e-05
10349.800000 -2.829759e-05 -9.775922e-07 -9.096158e-08 -1.065289e-06 -1.088543e-05 -7.038375e-04 -1.775029e-05 2.225966e-05
10350.000000 -2.829829e-05 -9.738204e-07 -9.071875e-08 -1.065677e-06 -4.398553e-06 -6.955765e-04 -8.755474e-06 2.683565e-05
10350.200000 -2.834201e-05 -9.806666e-07 -9.133604e-08 -1.069284e-06 -5.300539e-07 -6.852804e-04 -2.391945e-05 1.262296e-05
10350.400000 -2.834495e-05 -9.778453e-07 -9.103621e-08 -1.069844e-06 6.528962e-07 -6.717520e-04 -1.565633e-05 3.926474e-06
10350.600000 -2.834686e-05 -9.797316e-07 -9.152489e-08 -1.070217e-06 -6.415061e-06 -6.905926e-04 -7.544505e-07 1.047515e-05
10350.800000 -2.835566e-05 -9.798406e-07 -9.155573e-08 -1.071595e-06 -8.648207e-06 -6.739278e-04 3.203360e-06 1.366489e-05
10351.000000 -2.834933e-05 -9.772986e-07 -9.131685e-08 -1.071575e-06 -9.967856e-06 -6.807480e-04 -1.722111e-05 7.126317e-06
10351.200000 -2.834381e-05 -9.803990e-07 -9.177914e-08 -1.071852e-06 -2.168891e-07 -6.904357e-04 -1.676382e-05 1.286672e-05
10351.400000 -2.830162e-05 -9.763743e-07 -9.132038e-08 -1.068077e-06 -5.807455e-06 -6.791180e-04 -1.963492e-07 2.239884e-05
10351.600000 -2.826619e-05 -9.760879e-07 -9.114453e-08 -1.066385e-06 -2.939818e-06 -6.586053e-04 -2.029218e-06 1.811783e-05
10351.800000 -2.820529e-05 -9.712478e-07 -9.055382e-08 -1.060801e-06 3.671391e-07 -6.708274e-04 -1.156896e-05 1.320775e-05
10352.000000 -2.813021e-05 -9.646647e-07 -8.994197e-08 -1.056899e-06 1.651967e-06 -6.599282e-04 -1.358023e-05 1.369875e-05
10352.200000 -2.809151e-05 -9.619777e-07 -8.987107e-08 -1.054460e-06 -3.698384e-06 -6.631987e-04 -4.462020e-06 2.415935e-05
10352.400000 -2.813429e-05 -9.646846e-07 -9.014383e-08 -1.057492e-06 6.039068e-06 -6.795592e-04 -8.617618e-06 2.601238e-05
10352.600000 -2.818567e-05 -9.696812e-07 -9.075082e-08 -1.062282e-06 6.727541e-06 -6.900184e-04 -1.011748e-05 2.269035e-05
10352.800000 -2.817864e-05 -9.676735e-07 -9.071561e-08 -1.063584e-06 5.117409e-07 -6.922362e-04 -9.782486e-07 -1.797984e-05
10353.000000 -2.819491e-05 -9.722353e-07 -9.134279e-08 -1.064770e-06 -7.942379e-06 -6.713668e-04 -3.399992e-06 -2.574055e-05
10353.200000 -2.822845e-05 -9.719967e-07 -9.142399e-08 -1.067721e-06 -8.259403e-06 -6.739428e-04 -1.540889e-05 -2.746656e-05
10353.400000 -2.830058e-05 -9.796186e-07 -9.216829e-08 -1.073662e-06 -6.551779e-06 -6.791237e-04 -3.479035e-06 -2.365036e-05
10353.600000 -2.831574e-05 -9.785383e-07 -9.224720e-08 -1.076189e-06 -8.095523e-06 -6.589492e-04 5.016142e-06 -2.102157e-05
10353.800000 -2.832057e-05 -9.805885e-07 -9.258563e-08 -1.076603e-06 -5.145412e-06 -6.660121e-04 -8.434145e-06 -2.266338e-05
10354.000000 -2.827973e-05 -9.783257e-07 -9.245581e-08 -1.073118e-06 -4.924178e-06 -6.683639e-04 -1.610615e-05 -1.669135e-05
10354.200000 -2.825207e-05 -9.750281e-07 -9.203639e-08 -1.071510e-06 -5.550772e-06 -6.670184e-04 -3.536573e-05 -1.743001e-05
10354.400000 -2.825616e-05 -9.764591e-07 -9.240809e-08 -1.073832e-06 -1.032496e-05 -6.627691e-04 -1.889737e-05 -7.419795e-06
10354.600000 -2.823434e-05 -9.725446e-07 -9.207886e-08 -1.071525e-06 -1.420748e-05 -6.568028e-04 -1.559254e-05 -1.374204e-05
10354.800000 -2.822980e-05 -9.758788e-07 -9.239290e-08 -1.071868e-06 -2.176695e-05 -6.601091e-04 -2.867408e-05 -1.764370e-05
10355.000000 -2.826855e-05 -9.756898e-07 -9.229167e-08 -1.076297e-06 -1.892946e-05 -6.659148e-04 -3.477844e-05 -1.254014e-05
10355.200000 -2.832507e-05 -9.806299e-07 -9.278182e-08 -1.081539e-06 -1.434572e-05 -6.580770e-04 -3.328514e-05 -5.050332e-06
10355.400000 -2.832840e-05 -9.815256e-07 -9.309192e-08 -1.083031e-06 -1.661680e-05 -6.684344e-04 -3.467219e-05 -2.629291e-06
10355.600000 -2.830440e-05 -9.795891e-07 -9.282487e-08 -1.081383e-06 -1.634587e-05 -6.916467e-04 -3.075737e-05 3.502521e-06
10355.800000 -2.827251e-05 -9.797367e-07 -9.265952e-08 -1.079749e-06 -1.308049e-05 -6.806671e-04 -3.343801e-05 -1.812841e-06
10356.000000 -2.826377e-05 -9.760511e-07 -9.235768e-08 -1.079170e-06 -1.212287e-05 -6.735667e-04 -4.184596e-05 -1.410257e-06
10356.200000 -2.828753e-05 -9.805887e-07 -9.299205e-08 -1.082051e-06 -1.738681e-05 -6.825383e-04 -5.414070e-05 -4.678553e-07
10356.400000 -2.827723e-05 -9.783459e-07 -9.252023e-08 -1.080968e-06 -1.647577e-05 -6.948079e-04 -4.074960e-05 -4.202034e-06
10356.600000 -2.827906e-05 -9.786435e-07 -9.290155e-08 -1.082940e-06 -1.243493e-05 -6.982376e-04 -3.394772e-05 -1.197313e-05
10356.800000 -2.830224e-05 -9.809928e-07 -9.323198e-08 -1.086340e-06 -7.699226e-06 -6.880496e-04 -2.539777e-05 -4.754418e-07
10357.000000 -2.831880e-05 -9.816507e-07 -9.335555e-08 -1.087702e-06 -1.587297e-05 -6.777400e-04 -2.379567e-05 1.916235e-06
10357.200000 -2.830743e-05 -9.821932e-07 -9.353002e-08 -1.087621e-06 -5.061059e-06 -6.726417e-04 -2.381901e-05 5.914640e-06
10357.400000 -2.829160e-05 -9.788343e-07 -9.339214e-08 -1.087405e-06 -9.928892e-06 -6.784125e-04 -2.738117e-05 -6.447181e-06
10357.600000 -2.824532e-05 -9.781839e-07 -9.323446e-08 -1.083817e-06 -1.123379e-05 -6.944980e-04 -4.123284e-05 -1.121634e-05
10357.800000 -2.821809e-05 -9.741077e-07 -9.275387e-08 -1.081963e-06 -3.225871e-06 -6.878137e-04 -4.115077e-05 -2.615078e-06
10358.000000 -2.826155e-05 -9.790071e-07 -9.331807e-08 -1.087724e-06 -1.383168e-05 -6.906343e-04 -2.739425e-05 -2.385286e-08
10358.200000 -2.827881e-05 -9.778674e-07 -9.321318e-08 -1.090300e-06 -1.233461e-05 -7.090868e-04 -3.352602e-05 -4.742037e-06
10358.400000 -2.827983e-05 -9.785257e-07 -9.330810e-08 -1.091432e-06 -4.609482e-06 -7.092546e-04 -3.310450e-05 -1.243895e-05
10358.600000 -2.828021e-05 -9.797954e-07 -9.324715e-08 -1.092097e-06 -6.475223e-07 -6.983086e-04 -4.098169e-05 -1.263699e-05
10358.800000 -2.824246e-05 -9.743529e-07 -9.264636e-08 -1.090369e-06 -1.818662e-07 -6.850760e-04 -4.577137e-05 -2.492939e-05
10359.000000 -2.824419e-05 -9.778020e-07 -9.284505e-08 -1.090835e-06 -4.881314e-07 -6.850164e-04 -3.292626e-05 -2.452913e-05
10359.200000 -2.827926e-05 -9.773378e-07 -9.286058e-08 -1.094189e-06 -6.892331e-06 -6.841603e-04 -3.309388e-05 -2.508048e-05
10359.400000 -2.827004e-05 -9.782212e-07 -9.297832e-08 -1.094999e-06 -8.662952e-06 -6.940809e-04 -3.092585e-05 -1.805359e-05
10359.600000 -2.822342e-05 -9.741756e-07 -9.253136e-08 -1.092584e-06 -1.192746e-05 -7.124570e-04 -2.307690e-05 -1.770578e-05
10359.800000 -2.822164e-05 -9.750890e-07 -9.273376e-08 -1.093794e-06 -1.693168e-05 -7.151470e-04 -3.129875e-05 -2.698096e-05
10360.000000 -2.824671e-05 -9.780297e-07 -9.317043e-08 -1.096660e-06 -7.680380e-06 -7.166221e-04 -3.524895e-05 -1.932582e-05
10360.200000 -2.825880e-05 -9.775276e-07 -9.290859e-08 -1.098518e-06 -4.555862e-06 -7.078551e-04 -2.859046e-05 -1.527254e-05
10360.400000 -2.823172e-05 -9.769540e-07 -9.274669e-08 -1.097042e-06 -9.731233e-06 -7.143664e-04 -3.532555e-05 -1.063719e-05
10360.600000 -2.819563e-05 -9.729017e-07 -9.231042e-08 -1.095155e-06 -7.198454e-06 -7.134679e-04 -2.794309e-05 -1.349421e-05
10360.800000 -2.822584e-05 -9.749025e-07 -9.277732e-08 -1.099156e-06 6.848795e-06 -6.942702e-04 -2.883504e-05 -7.583090e-06
10361.000000 -2.826771e-05 -9.798785e-07 -9.333634e-08 -1.104313e-06 1.076951e-05 -6.874967e-04 -2.585301e-05 -7.467007e-06
10361.200000 -2.827771e-05 -9.784854e-07 -9.325121e-08 -1.106446e-06 -2.952298e-06 -6.797731e-04 -2.280083e-05 -6.883278e-06
10361.400000 -2.826978e-05 -9.789246e-07 -9.319669e-08 -1.107755e-06 -2.522691e-06 -6.875278e-04 -2.634113e-05 -4.725271e-07
10361.600000 -2.823876e-05 -9.758940e-07 -9.278511e-08 -1.106564e-06 -1.683903e-06 -6.945293e-04 -2.168176e-05 4.398947e-06
10361.800000 -2.823567e-05 -9.771342e-07 -9.273421e-08 -1.108786e-06 -7.552747e-06 -7.077465e-04 -2.393572e-05 3.029189e-06
10362.000000 -2.825538e-05 -9.765025e-07 -9.273594e-08 -1.111769e-06 -9.827896e-06 -6.916788e-04 -2.147616e-05 1.664740e-06
10362.200000 -2.825744e-05 -9.776853e-07 -9.294529e-08 -1.113102e-06 -2.563935e-06 -6.880968e-04 -1.706002e-05 1.656685e-06
10362.400000 -2.825268e-05 -9.778753e-07 -9.296742e-08 -1.114596e-06 -2.101484e-06 -6.941117e-04 -1.699097e-05 8.085645e-06
10362.600000 -2.822650e-05 -9.754437e-07 -9.266515e-08 -1.114850e-06 -4.549258e-06 -7.102923e-04 -2.706965e-05 -4.679223e-06
10362.800000 -2.822430e-05 -9.752382e-07 -9.272514e-08 -1.115647e-06 -8.686803e-06 -7.001491e-04 -2.224643e-05 -3.711052e-06
10363.000000 -2.821873e-05 -9.752963e-07 -9.280400e-08 -1.117907e-06 -1.060605e-06 -7.367194e-04 -1.685445e-05 -2.119691e-05
10363.200000 -2.824015e-05 -9.760170e-07 -9.286740e-08 -1.122523e-06 -4.639875e-06 -7.463520e-04 -1.654140e-05 -1.018636e-05
10363.400000 -2.824206e-05 -9.762068e-07 -9.306944e-08 -1.124738e-06 1.604371e-06 -7.342372e-04 -1.780783e-05 3.930099e-05
10363.600000 -2.824196e-05 -9.763581e-07 -9.331287e-08 -1.125991e-06 -9.534523e-07 -7.314155e-04 -1.927162e-05 4.400524e-05
10363.800000 -2.822397e-05 -9.733894e-07 -9.298872e-08 -1.127206e-06 -3.985703e-06 -7.224471e-04 -2.911008e-05 3.061137e-05
10364.000000 -2.822003e-05 -9.748778e-07 -9.304754e-08 -1.130706e-06 -2.657201e-06 -7.321985e-04 -2.950148e-05 2.730471e-05
10364.200000 -2.820672e-05 -9.728744e-07 -9.244417e-08 -1.131592e-06 -3.261691e-06 -7.360352e-04 -3.772839e-05 8.447856e-06
10364.400000 -2.820952e-05 -9.741555e-07 -9.236249e-08 -1.135156e-06 -1.143086e-05 -7.372429e-04 -4.085550e-05 -7.029169e-06
10364.600000 -2.819027e-05 -9.717240e-07 -9.211349e-08 -1.136718e-06 -9.788002e-06 -7.357868e-04 -3.827096e-05 -3.976591e-06
10364.800000 -2.818549e-05 -9.710149e-07 -9.198288e-08 -1.138906e-06 -1.533589e-06 -7.225291e-04 -4.265641e-05 -1.094053e-05
10365.000000 -2.821970e-05 -9.735978e-07 -9.210835e-08 -1.146409e-06 4.463002e-06 -7.062627e-04 -3.931110e-05 -9.183484e-06
10365.200000 -2.822446e-05 -9.697385e-07 -9.208148e-08 -1.149864e-06 9.478113e-06 -7.087631e-04 -4.417329e-05 -6.867620e-06
10365.400000 -2.821702e-05 -9.713324e-07 -9.211464e-08 -1.152862e-06 1.097738e-05 -6.971801e-04 -3.515998e-05 -1.089716e-06
10365.600000 -2.817759e-05 -9.678176e-07 -9.180624e-08 -1.153996e-06 1.237458e-05 -6.877926e-04 -3.058102e-05 -1.723080e-05
10365.800000 -2.819026e-05 -9.675057e-07 -9.177300e-08 -1.160064e-06 -1.683349e-06 -6.868644e-04 -3.974092e-05 -1.895648e-05
10366.000000 -2.820140e-05 -9.679967e-07 -9.200505e-08 -1.166679e-06 -8.277367e-06 -6.770280e-04 -4.311574e-05 -1.348049e-05
10366.200000 -2.820466e-05 -9.670424e-07 -9.213391e-08 -1.172862e-06 7.004055e-06 -6.975246e-04 -3.520660e-05 4.079594e-06
10366.400000 -2.820095e-05 -9.667760e-07 -9.215688e-08 -1.178978e-06 7.764765e-06 -6.823270e-04 -2.948606e-05 4.169961e-06
10366.600000 -2.818327e-05 -9.633280e-07 -9.178844e-08 -1.183947e-06 5.204207e-06 -6.900525e-04 -3.992357e-05 1.987952e-07
10366.800000 -2.817763e-05 -9.631065e-07 -9.160870e-08 -1.190515e-06 9.826475e-06 -7.055210e-04 -4.827705e-05 4.880669e-07
10367.000000 -2.819896e-05 -9.628544e-07 -9.152759e-08 -1.200706e-06 1.503507e-05 -6.907377e-04 -3.848765e-05 1.877920e-05
10367.200000 -2.818741e-05 -9.606202e-07 -9.096894e-08 -1.208654e-06 7.359024e-06 -6.790839e-04 -3.518430e-05 8.377391e-06
10367.400000 -2.816310e-05 -9.570523e-07 -9.071523e-08 -1.217195e-06 1.293052e-05 -6.906690e-04 -2.868894e-05 7.552268e-06
10367.600000 -2.817630e-05 -9.555851e-07 -9.059411e-08 -1.230129e-06 4.901051e-06 -6.880497e-04 -3.171589e-05 5.307722e-06
10367.800000 -2.817866e-05 -9.534885e-07 -9.040761e-08 -1.243056e-06 3.953112e-06 -6.754074e-04 -3.775686e-05 -1.710587e-06
10368.000000 -2.818339e-05 -9.507655e-07 -9.011841e-08 -1.257784e-06 7.527519e-06 -6.824916e-04 -2.821578e-05 -7.139518e-06
10368.200000 -2.819899e-05 -9.505143e-07 -9.010183e-08 -1.274869e-06 1.778778e-05 -6.677280e-04 -3.722701e-05 -8.102381e-06
10368.400000 -2.819092e-05 -9.450384e-07 -8.964158e-08 -1.292469e-06 6.007077e-06 -6.711002e-04 -5.080138e-05 -1.341144e-05
10368.600000 -2.818802e-05 -9.419920e-07 -8.925135e-08 -1.311970e-06 8.591221e-06 -6.516684e-04 -3.066855e-05 -2.011857e-05
10368.800000 -2.815428e-05 -9.358323e-07 -8.890513e-08 -1.331076e-06 1.122983e-06 -6.688612e-04 -2.418614e-05 -2.550385e-05
10369.000000 -2.814429e-05 -9.297030e-07 -8.824512e-08 -1.354234e-06 1.159717e-07 -6.525146e-04 -1.782495e-05 -2.239734e-05
10369.200000 -2.817813e-05 -9.281587e-07 -8.837372e-08 -1.385730e-06 -4.698198e-07 -6.501266e-04 -2.147841e-05 -3.309856e-05
10369.400000 -2.816345e-05 -9.211923e-07 -8.772644e-08 -1.413893e-06 6.355732e-06 -6.760102e-04 -2.007708e-05 -2.936952e-05
10369.600000 -2.814463e-05 -9.158605e-07 -8.725367e-08 -1.446012e-06 1.456384e-05 -6.836782e-04 -1.635375e-05 -2.203942e-05
10369.800000 -2.813344e-05 -9.081157e-07 -8.640565e-08 -1.480118e-06 5.850249e-06 -6.787979e-04 -1.957994e-05 -2.643385e-05
10370.000000 -2.811508e-05 -9.016897e-07 -8.566418e-08 -1.518781e-06 3.824405e-06 -6.601116e-04 -2.210006e-05 -2.176309e-05
10370.200000 -2.814014e-05 -8.960691e-07 -8.553977e-08 -1.564642e-06 -4.926255e-07 -6.712955e-04 -2.171071e-05 -1.731854e-05
10370.400000 -2.812987e-05 -8.863157e-07 -8.449001e-08 -1.611935e-06 5.353140e-06 -6.729835e-04 -2.640106e-05 -1.560141e-05
10370.600000 -2.812763e-05 -8.803846e-07 -8.409601e-08 -1.662555e-06 7.632090e-06 -6.671562e-04 -1.969986e-05 -6.071668e-06
10370.800000 -2.811442e-05 -8.693071e-07 -8.285480e-08 -1.713825e-06 -1.479792e-06 -6.733762e-04 -2.324299e-05 -1.687045e-05
10371.000000 -2.812444e-05 -8.626313e-07 -8.207854e-08 -1.775551e-06 -3.666939e-06 -6.822284e-04 -3.551807e-05 -2.750598e-05
10371.200000 -2.811200e-05 -8.539771e-07 -8.106265e-08 -1.836788e-06 2.656094e-06 -6.791855e-04 -3.495780e-05 -2.031619e-05
10371.400000 -2.807560e-05 -8.444466e-07 -8.013173e-08 -1.897429e-06 2.043053e-06 -6.848945e-04 -3.427338e-05 -1.016901e-05
10371.600000 -2.806754e-05 -8.342641e-07 -7.926368e-08 -1.965133e-06 3.284482e-06 -7.048807e-04 -2.220380e-05 -1.594111e-05
10371.800000 -2.808414e-05 -8.253032e-07 -7.831636e-08 -2.037055e-06 -1.129659e-06 -6.935593e-04 -1.674718e-05 -2.033335e-05
10372.000000 -2.805759e-05 -8.170072e-07 -7.739340e-08 -2.106189e-06 7.963159e-06 -6.914623e-04 -1.709999e-05 -1.775329e-05
10372.200000 -2.805115e-05 -8.048266e-07 -7.634766e-08 -2.178144e-06 8.658911e-06 -6.963600e-04 -3.154111e-05 -1.374767e-05
10372.400000 -2.808091e-05 -8.001903e-07 -7.587712e-08 -2.254937e-06 1.665212e-05 -6.956468e-04 -2.466868e-05 -1.144940e-05
10372.600000 -2.807442e-05 -7.914653e-07 -7.480276e-08 -2.324046e-06 1.022100e-05 -6.913762e-04 -1.937797e-05 -1.310803e-05
10372.800000 -2.804556e-05 -7.812879e-07 -7.404843e-08 -2.385765e-06 8.453686e-06 -6.797895e-04 -2.442954e-05 -1.337727e-05
10373.000000 -2.806754e-05 -7.760460e-07 -7.373412e-08 -2.454029e-06 1.691415e-05 -6.816121e-04 -2.673411e-05 -6.375982e-06
10373.200000 -2.809507e-05 -7.704230e-07 -7.342083e-08 -2.517790e-06 1.474600e-05 -6.735706e-04 -2.775528e-05 -1.068700e-05
10373.400000 -2.812049e-05 -7.657955e-07 -7.278161e-08 -2.576529e-06 1.546883e-05 -6.736075e-04 -2.071185e-05 -1.379233e-05
10373.600000 -2.812254e-05 -7.597959e-07 -7.218169e-08 -2.624601e-06 2.253684e-05 -6.809238e-04 -2.231556e-05 -7.306895e-06
10373.800000 -2.810698e-05 -7.540746e-07 -7.160309e-08 -2.666223e-06 1.365745e-05 -6.771064e-04 -2.738340e-05 -1.230334e-05
10374.000000 -2.809047e-05 -7.475271e-07 -7.082124e-08 -2.700227e-06 9.997663e-06 -6.802603e-04 -3.323213e-05 -2.116104e-05
10374.200000 -2.811931e-05 -7.475621e-07 -7.077285e-08 -2.738188e-06 1.158220e-05 -6.808630e-04 -3.595186e-05 -1.466088e-05
10374.400000 -2.814248e-05 -7.444119e-07 -7.057255e-08 -2.771070e-06 1.165630e-05 -6.826809e-04 -2.966664e-05 -1.709088e-05
10374.600000 -2.815531e-05 -7.446898e-07 -7.042886e-08 -2.796393e-06 2.122445e-05 -7.046382e-04 -2.711080e-05 -9.027564e-06
10374.800000 -2.817251e-05 -7.429630e-07 -7.018249e-08 -2.822430e-06 2.245365e-05 -6.949067e-04 -1.442096e-05 -1.603733e-06
10375.000000 -2.817319e-05 -7.393248e-07 -6.981059e-08 -2.841930e-06 1.969075e-05 -6.674494e-04 -1.257300e-05 -3.645683e-06
10375.200000 -2.818416e-05 -7.392948e-07 -6.980108e-08 -2.860774e-06 2.549493e-05 -6.750856e-04 -2.067905e-05 -1.017307e-05
10375.400000 -2.819767e-05 -7.382084e-07 -6.949067e-08 -2.877672e-06 2.457227e-05 -6.974679e-04 -2.193809e-05 -2.036189e-05
10375.600000 -2.819116e-05 -7.385855e-07 -6.963942e-08 -2.890566e-06 3.176585e-05 -6.998075e-04 -2.209601e-05 -2.425429e-05
10375.800000 -2.815068e-05 -7.337806e-07 -6.919019e-08 -2.895457e-06 2.471934e-05 -6.936920e-04 -2.739186e-05 -1.655378e-05
10376.000000 -2.814028e-05 -7.345364e-07 -6.936004e-08 -2.904461e-06 3.381719e-05 -6.685170e-04 -3.129057e-05 -2.047973e-05
10376.200000 -2.814052e-05 -7.328849e-07 -6.908779e-08 -2.913361e-06 2.627031e-05 -6.683282e-04 -2.991378e-05 -1.943581e-05
10376.400000 -2.813274e-05 -7.321668e-07 -6.906858e-08 -2.918544e-06 1.548373e-05 -6.688159e-04 -3.925879e-05 -1.833109e-05
10376.600000 -2.816660e-05 -7.320518e-07 -6.915153e-08 -2.931383e-06 1.340109e-05 -6.705723e-04 -4.504487e-05 -2.925542e-05
10376.800000 -2.818625e-05 -7.329329e-07 -6.923272e-08 -2.937133e-06 1.761115e-05 -6.636354e-04 -4.035878e-05 -2.430177e-05
10377.000000 -2.820379e-05 -7.364842e-07 -6.961545e-08 -2.938492e-06 2.472117e-05 -6.470441e-04 -3.734484e-05 -2.119673e-05
10377.200000 -2.818684e-05 -7.340037e-07 -6.944262e-08 -2.930799e-06 3.514171e-05 -6.614131e-04 -3.074317e-05 -8.715709e-06
10377.400000 -2.819094e-05 -7.363863e-07 -6.964669e-08 -2.921651e-06 3.483695e-05 -6.639522e-04 -3.229225e-05 -1.606297e-05
10377.600000 -2.819795e-05 -7.373935e-07 -6.972943e-08 -2.909124e-06 3.962468e-05 -6.513853e-04 -2.918602e-05 -2.202656e-05
10377.800000 -2.819610e-05 -7.400364e-07 -7.013514e-08 -2.891835e-06 4.434914e-05 -6.787459e-04 -3.651855e-05 -3.038343e-05
10378.000000 -2.817625e-05 -7.399914e-07 -7.015988e-08 -2.867594e-06 4.048191e-05 -6.753978e-04 -2.621041e-05 -2.102991e-05
10378.200000 -2.815236e-05 -7.420293e-07 -7.036627e-08 -2.841767e-06 4.432309e-05 -6.462132e-04 -3.099466e-05 -2.465863e-05
10378.400000 -2.817990e-05 -7.458533e-07 -7.081918e-08 -2.818649e-06 4.330316e-05 -6.373986e-04 -4.335173e-05 -2.911769e-05
10378.600000 -2.817657e-05 -7.463381e-07 -7.077833e-08 -2.792781e-06 3.463103e-05 -6.358483e-04 -3.472536e-05 -2.416236e-05
10378.800000 -2.816326e-05 -7.500142e-07 -7.090536e-08 -2.762192e-06 3.445667e-05 -6.445776e-04 -3.225552e-05 -2.309378e-05
10379.000000 -2.814337e-05 -7.501642e-07 -7.085236e-08 -2.729718e-06 3.040626e-05 -6.510490e-04 -3.450291e-05 -1.660304e-05
10379.200000 -2.813658e-05 -7.524146e-07 -7.082881e-08 -2.698406e-06 2.280585e-05 -6.499736e-04 -4.731397e-05 -1.462000e-05
10379.400000 -2.813482e-05 -7.550293e-07 -7.103948e-08 -2.668809e-06 1.851074e-05 -6.741719e-04 -5.129197e-05 -1.542581e-05
10379.600000 -2.810948e-05 -7.566219e-07 -7.121209e-08 -2.635990e-06 1.663238e-05 -6.603318e-04 -4.149299e-05 -6.027165e-06
10379.800000 -2.811265e-05 -7.596172e-07 -7.164758e-08 -2.605578e-06 1.545617e-05 -6.832602e-04 -4.534467e-05 -1.422317e-05
10380.000000 -2.815410e-05 -7.651669e-07 -7.226509e-08 -2.584946e-06 1.425692e-05 -6.660164e-04 -3.970020e-05 -1.889567e-05
10380.200000 -2.817219e-05 -7.694433e-07 -7.276973e-08 -2.559482e-06 1.164247e-05 -6.536921e-04 -4.728837e-05 -2.776249e-05
10380.400000 -2.816138e-05 -7.717113e-07 -7.300793e-08 -2.529959e-06 1.939778e-05 -6.608421e-04 -4.781546e-05 -2.210162e-05
10380.600000 -2.814472e-05 -7.749660e-07 -7.339218e-08 -2.496554e-06 1.956877e-05 -6.658918e-04 -4.082382e-05 1.431966e-05
10380.800000 -2.813761e-05 -7.789917e-07 -7.363271e-08 -2.466416e-06 1.768599e-05 -6.698502e-04 -3.467504e-05 3.031165e-05
10381.000000 -2.814258e-05 -7.817535e-07 -7.408059e-08 -2.438991e-06 1.382149e-05 -6.603971e-04 -4.900610e-05 3.297869e-05
10381.200000 -2.816243e-05 -7.848471e-07 -7.440479e-08 -2.414287e-06 3.223118e-06 -6.522726e-04 -5.310308e-05 3.165662e-05
10381.400000 -2.815737e-05 -7.882868e-07 -7.453683e-08 -2.386673e-06 -9.227752e-07 -6.419148e-04 -5.154306e-05 1.945991e-05
10381.600000 -2.815112e-05 -7.901389e-07 -7.475635e-08 -2.359058e-06 -4.307840e-06 -6.396267e-04 -3.660617e-05 3.728848e-05
10381.800000 -2.816595e-05 -7.956937e-07 -7.524854e-08 -2.337041e-06 6.088784e-06 -6.351084e-04 -3.952631e-05 3.347266e-05
10382.000000 -2.816132e-05 -7.971726e-07 -7.530354e-08 -2.312289e-06 1.030835e-05 -6.229727e-04 -4.281542e-05 1.041144e-07
10382.200000 -2.817443e-05 -8.020839e-07 -7.563244e-08 -2.289404e-06 5.736883e-06 -6.191934e-04 -5.272770e-05 -1.597568e-05
10382.400000 -2.817106e-05 -8.040395e-07 -7.589688e-08 -2.266233e-06 1.032495e-05 -6.284155e-04 -3.012862e-05 -1.119671e-05
10382.600000 -2.816671e-05 -8.064346e-07 -7.611426e-08 -2.244934e-06 1.436676e-05 -6.256318e-04 -3.579128e-05 -1.194474e-05
10382.800000 -2.817040e-05 -8.097690e-07 -7.645237e-08 -2.224952e-06 1.303049e-05 -6.334970e-04 -4.326532e-05 -9.920725e-06
10383.000000 -2.816030e-05 -8.099269e-07 -7.655501e-08 -2.203530e-06 6.106614e-06 -6.449304e-04 -2.312018e-05 -8.479292e-06
10383.200000 -2.814215e-05 -8.134910e-07 -7.700365e-08 -2.185466e-06 -5.899815e-07 -6.446243e-04 -1.789656e-05 -5.812979e-06
10383.400000 -2.811755e-05 -8.129442e-07 -7.681957e-08 -2.164802e-06 -2.690694e-06 -6.428497e-04 -3.897435e-05 -1.578599e-05
10383.600000 -2.811070e-05 -8.147774e-07 -7.702972e-08 -2.146925e-06 -4.971760e-06 -6.328394e-04 -3.506207e-05 -4.579731e-06
10383.800000 -2.811726e-05 -8.170315e-07 -7.723007e-08 -2.133221e-06 -3.126449e-06 -6.259081e-04 -3.971053e-05 -1.108068e-05
10384.000000 -2.808915e-05 -8.165530e-07 -7.729901e-08 -2.118205e-06 -4.032386e-06 -6.242583e-04 -4.273623e-05 -2.131067e-05
10384.200000 -2.813317e-05 -8.211591e-07 -7.770707e-08 -2.113935e-06 5.151241e-06 -6.319206e-04 -4.457845e-05 -2.021106e-05
10384.400000 -2.812699e-05 -8.224946e-07 -7.784950e-08 -2.102350e-06 1.663373e-06 -6.338585e-04 -3.230913e-05 -1.380382e-05
10384.600000 -2.811316e-05 -8.226950e-07 -7.794693e-08 -2.093104e-06 1.139295e-06 -6.302421e-04 -5.133278e-05 -2.639493e-05
10384.800000 -2.809966e-05 -8.222529e-07 -7.765183e-08 -2.080633e-06 5.696322e-06 -6.718770e-04 -5.038487e-05 -2.180459e-05
10385.000000 -2.809103e-05 -8.248793e-07 -7.789059e-08 -2.071717e-06 1.531867e-05 -6.662541e-04 -5.403921e-05 -2.196517e-05
10385.200000 -2.805067e-05 -8.210432e-07 -7.742571e-08 -2.058757e-06 1.182268e-05 -6.880915e-04 -5.320046e-05 -1.988606e-05
10385.400000 -2.793115e-05 -8.157691e-07 -7.692187e-08 -2.036015e-06 1.510496e-05 -6.767321e-04 -5.588428e-05 -2.828104e-05
10385.600000 -2.790690e-05 -8.143603e-07 -7.676804e-08 -2.027030e-06 6.011604e-06 -6.681225e-04 -6.018549e-05 -3.667390e-05
10385.800000 -2.792799e-05 -8.172070e-07 -7.671015e-08 -2.023450e-06 -9.372661e-07 -6.651300e-04 -4.394021e-05 -2.961010e-05
10386.000000 -2.793117e-05 -8.155301e-07 -7.650411e-08 -2.022102e-06 -8.588095e-07 -6.713025e-04 -5.246137e-05 -2.371419e-05
10386.200000 -2.795515e-05 -8.166818e-07 -7.651598e-08 -2.020624e-06 2.284511e-06 -6.510281e-04 -5.000834e-05 -2.386025e-05
10386.400000 -2.794505e-05 -8.226324e-07 -7.725271e-08 -2.015704e-06 1.223079e-06 -6.414645e-04 -5.156754e-05 -2.544199e-05
10386.600000 -2.791588e-05 -8.172136e-07 -7.675861e-08 -2.007608e-06 -3.376178e-06 -6.492761e-04 -5.024469e-05 -1.352585e-05
10386.800000 -2.795031e-05 -8.215668e-07 -7.721051e-08 -2.011026e-06 3.329715e-06 -6.644034e-04 -5.354500e-05 -1.821387e-05
10387.000000 -2.797986e-05 -8.232228e-07 -7.742443e-08 -2.013248e-06 8.513568e-06 -6.720342e-04 -5.719066e-05 -1.710802e-05
10387.200000 -2.796229e-05 -8.196807e-07 -7.717427e-08 -2.010752e-06 1.274365e-05 -6.893532e-04 -5.880492e-05 -1.331141e-05
10387.400000 -2.796805e-05 -8.230710e-07 -7.737629e-08 -2.011452e-06 1.261125e-05 -6.898432e-04 -5.068135e-05 -4.780336e-07
10387.600000 -2.795139e-05 -8.200826e-07 -7.688555e-08 -2.007596e-06 1.386278e-06 -6.986011e-04 -5.004768e-05 2.000185e-06
10387.800000 -2.801768e-05 -8.255980e-07 -7.752822e-08 -2.019687e-06 2.497939e-06 -6.869003e-04 -6.565795e-05 -5.343295e-06
10388.000000 -2.805753e-05 -8.259830e-07 -7.741741e-08 -2.026353e-06 1.508646e-06 -6.923711e-04 -5.739259e-05 -1.054178e-05
10388.200000 -2.808765e-05 -8.308376e-07 -7.773483e-08 -2.032503e-06 6.948805e-06 -6.895833e-04 -4.949389e-05 -1.818839e-05
10388.400000 -2.811481e-05 -8.310165e-07 -7.767178e-08 -2.039063e-06 -8.227678e-07 -6.689821e-04 -4.454838e-05 -1.684495e-05
10388.600000 -2.810392e-05 -8.293529e-07 -7.708610e-08 -2.039930e-06 4.885667e-06 -6.895147e-04 -3.832684e-05 -2.087152e-05
10388.800000 -2.808838e-05 -8.297277e-07 -7.703790e-08 -2.039104e-06 7.273882e-06 -6.662920e-04 -5.267427e-05 -2.547842e-05
10389.000000 -2.808294e-05 -8.276771e-07 -7.669594e-08 -2.040765e-06 6.940482e-06 -6.637842e-04 -4.531589e-05 -2.938588e-05
10389.200000 -2.806888e-05 -8.273672e-07 -7.697040e-08 -2.039881e-06 1.665518e-05 -6.503971e-04 -5.096266e-05 -2.303479e-05
10389.400000 -2.806266e-05 -8.258095e-07 -7.692296e-08 -2.041703e-06 6.319664e-06 -6.607947e-04 -5.249263e-05 -1.986370e-05
10389.600000 -2.807351e-05 -8.256701e-07 -7.695026e-08 -2.047479e-06 1.135336e-05 -6.519381e-04 -4.395889e-05 -1.788943e-05
10389.800000 -2.809357e-05 -8.272942e-07 -7.708669e-08 -2.051703e-06 6.910878e-06 -6.714648e-04 -5.537956e-05 -1.810423e-05
10390.000000 -2.808137e-05 -8.264897e-07 -7.685471e-08 -2.053432e-06 7.465925e-06 -6.986143e-04 -4.853518e-05 -9.372246e-06
10390.200000 -2.802586e-05 -8.222172e-07 -7.624064e-08 -2.049652e-06 6.317591e-06 -7.124623e-04 -4.663288e-05 -2.200187e-05
10390.400000 -2.804509e-05 -8.235042e-07 -7.636775e-08 -2.054114e-06 1.969788e-06 -7.207934e-04 -4.321602e-05 -2.130982e-05
10390.600000 -2.807624e-05 -8.245112e-07 -7.639984e-08 -2.062479e-06 2.989643e-06 -7.369316e-04 -5.442649e-05 -1.368473e-05
10390.800000 -2.808135e-05 -8.249729e-07 -7.620368e-08 -2.067078e-06 5.233525e-06 -7.417826e-04 -5.715210e-05 -2.168649e-05
10391.000000 -2.806812e-05 -8.236576e-07 -7.621600e-08 -2.070305e-06 5.600995e-06 -7.332056e-04 -3.808664e-05 -1.920126e-05
10391.200000 -2.806042e-05 -8.232218e-07 -7.596726e-08 -2.070770e-06 -5.669751e-07 -7.244656e-04 -4.021009e-05 -2.217707e-05
10391.400000 -2.804630e-05 -8.215081e-07 -7.555191e-08 -2.071314e-06 5.416379e-06 -7.407602e-04 -3.384469e-05 -2.062277e-05
10391.600000 -2.804707e-05 -8.197406e-07 -7.527947e-08 -2.075571e-06 6.771642e-06 -7.534202e-04 -3.294438e-05 -1.960584e-05
10391.800000 -2.807870e-05 -8.238767e-07 -7.568948e-08 -2.082693e-06 4.846215e-06 -7.298371e-04 -3.068634e-05 -2.191841e-05
10392.000000 -2.804504e-05 -8.203036e-07 -7.536746e-08 -2.080457e-06 1.634758e-06 -7.198144e-04 -2.528577e-05 -2.249837e-05
10392.200000 -2.804984e-05 -8.213686e-07 -7.534328e-08 -2.082667e-06 -1.568418e-06 -7.090811e-04 -3.122410e-05 -3.215249e-05
10392.400000 -2.804792e-05 -8.200160e-07 -7.529644e-08 -2.085109e-06 6.046088e-06 -7.186941e-04 -3.518444e-05 -2.647813e-05
10392.600000 -2.804416e-05 -8.186587e-07 -7.513447e-08 -2.087165e-06 1.045978e-06 -7.224834e-04 -3.355791e-05 7.092352e-07
10392.800000 -2.804933e-05 -8.197293e-07 -7.513225e-08 -2.090841e-06 1.071478e-05 -7.363919e-04 -2.660803e-05 2.745078e-05
10393.000000 -2.806999e-05 -8.198151e-07 -7.505525e-08 -2.095214e-06 1.047377e-05 -7.395504e-04 -2.676487e-05 2.693994e-05
10393.200000 -2.806548e-05 -8.202082e-07 -7.522644e-08 -2.096803e-06 8.428714e-06 -7.312023e-04 -3.096878e-05 1.734748e-05
10393.400000 -2.805971e-05 -8.209036e-07 -7.502109e-08 -2.098625e-06 1.121241e-05 -7.190784e-04 -3.596768e-05 1.812348e-05
10393.600000 -2.805817e-05 -8.201881e-07 -7.479744e-08 -2.097935e-06 7.349686e-06 -6.705858e-04 -3.421778e-05 2.058536e-05
10393.800000 -2.805513e-05 -8.196117e-07 -7.452940e-08 -2.099548e-06 7.059111e-06 -6.575326e-04 -4.091362e-05 3.145542e-05
10394.000000 -2.804197e-05 -8.186134e-07 -7.422031e-08 -2.098643e-06 1.352791e-05 -6.814337e-04 -4.940375e-05 2.790174e-05
10394.200000 -2.804910e-05 -8.208505e-07 -7.420583e-08 -2.100388e-06 2.467354e-05 -6.663217e-04 -4.556503e-05 3.228671e-05
10394.400000 -2.803042e-05 -8.178991e-07 -7.393447e-08 -2.098620e-06 2.191802e-05 -7.028995e-04 -4.361951e-05 3.478585e-05
10394.600000 -2.804082e-05 -8.191890e-07 -7.386109e-08 -2.101287e-06 1.409935e-05 -7.322158e-04 -3.970858e-05 4.327118e-05
10394.800000 -2.804435e-05 -8.189057e-07 -7.380972e-08 -2.101830e-06 2.176775e-05 -7.331188e-04 -3.908998e-05 4.553470e-05
10395.000000 -2.801823e-05 -8.164182e-07 -7.341343e-08 -2.098919e-06 2.322714e-05 -7.121618e-04 -3.906412e-05 3.969939e-05
10395.200000 -2.801673e-05 -8.182038e-07 -7.337450e-08 -2.100008e-06 9.820157e-06 -7.049467e-04 -4.543865e-05 4.248513e-05
10395.400000 -2.802323e-05 -8.174436e-07 -7.317165e-08 -2.100518e-06 5.070212e-06 -6.746492e-04 -3.702635e-05 4.585180e-05
10395.600000 -2.802393e-05 -8.189222e-07 -7.334467e-08 -2.099413e-06 7.534739e-06 -6.860640e-04 -3.394301e-05 4.392298e-05
10395.800000 -2.801113e-05 -8.184691e-07 -7.330275e-08 -2.095131e-06 9.066220e-06 -6.858871e-04 -3.833876e-05 3.019237e-05
10396.000000 -2.797069e-05 -8.155290e-07 -7.318650e-08 -2.086569e-06 1.028294e-05 -6.924928e-04 -4.632197e-05 2.635047e-05
10396.200000 -2.793016e-05 -8.135896e-07 -7.281595e-08 -2.078092e-06 1.423541e-05 -7.004358e-04 -4.886948e-05 2.580027e-05
10396.400000 -2.789307e-05 -8.086797e-07 -7.245878e-08 -2.068167e-06 1.376297e-05 -6.734245e-04 -5.186772e-05 2.973253e-05
10396.600000 -2.794146e-05 -8.155091e-07 -7.294778e-08 -2.074321e-06 1.688468e-05 -6.682567e-04 -4.749714e-05 4.094547e-05
10396.800000 -2.797083e-05 -8.169021e-07 -7.298543e-08 -2.074970e-06 1.439049e-05 -6.766407e-04 -4.611375e-05 3.336052e-05
10397.000000 -2.793998e-05 -8.160673e-07 -7.273569e-08 -2.065785e-06 1.390604e-05 -6.501682e-04 -4.939545e-05 4.108295e-05
10397.227860 -2.796240e-05 -8.181794e-07 -7.284291e-08 -2.062457e-06 1.426120e-05 -6.521357e-04 -5.173977e-05 3.765432e-05
10397.483581 -2.797945e-05 -8.184719e-07 -7.293353e-08 -2.059524e-06 1.260491e-05 -6.712426e-04 -5.227156e-05 3.539735e-05
10397.767162 -2.798664e-05 -8.211570e-07 -7.308423e-08 -2.052431e-06 1.605265e-05 -6.984646e-04 -5.112400e-05 3.465707e-05
10398.078604 -2.798516e-05 -8.223745e-07 -7.312974e-08 -2.042180e-06 1.050484e-05 -6.943431e-04 -4.911032e-05 3.646203e-05
10398.417905 -2.800476e-05 -8.249862e-07 -7.333384e-08 -2.033659e-06 8.271716e-06 -6.859261e-04 -4.287986e-05 3.272777e-05
10398.785067 -2.800017e-05 -8.257185e-07 -7.371130e-08 -2.019171e-06 3.012053e-06 -7.010175e-04 -3.988363e-05 1.555606e-05
10399.180090 -2.799999e-05 -8.278337e-07 -7.382053e-08 -2.004524e-06 1.324714e-05 -6.915411e-04 -4.099774e-05 -1.012091e-05
10399.602973 -2.799855e-05 -8.299937e-07 -7.377210e-08 -1.989247e-06 1.265515e-05 -6.838277e-04 -3.401261e-05 -1.944495e-06
10400.053716 -2.798094e-05 -8.315435e-07 -7.383956e-08 -1.972362e-06 1.109144e-06 -6.912793e-04 -3.285151e-05 -2.024094e-06
10400.532319 -2.796828e-05 -8.326578e-07 -7.372973e-08 -1.954204e-06 -5.096958e-07 -6.987563e-04 -4.125273e-05 -7.028121e-06
10401.038783 -2.796040e-05 -8.343104e-07 -7.378789e-08 -1.938888e-06 -7.265393e-07 -7.091862e-04 -3.485552e-05 -3.219434e-06
10401.573107 -2.794128e-05 -8.356839e-07 -7.414606e-08 -1.922834e-06 -1.071142e-06 -7.151390e-04 -2.496626e-05 2.253105e-06
10402.135292 -2.794190e-05 -8.373805e-07 -7.432386e-08 -1.911159e-06 2.705124e-06 -7.085355e-04 -2.954009e-05 2.221487e-06
10402.725337 -2.792950e-05 -8.372771e-07 -7.444603e-08 -1.900178e-06 1.686610e-06 -6.959900e-04 -4.599873e-05 -1.709242e-06
10403.343242 -2.792242e-05 -8.372744e-07 -7.451848e-08 -1.894129e-06 8.141657e-07 -6.825138e-04 -3.406475e-05 -6.581221e-06
10403.989008 -2.789300e-05 -8.355592e-07 -7.445771e-08 -1.888657e-06 -1.716991e-06 -6.613806e-04 -3.153879e-05 -1.611501e-05
10404.662634 -2.783887e-05 -8.313248e-07 -7.432775e-08 -1.883519e-06 -3.461424e-06 -6.567381e-04 -3.820746e-05 -1.586501e-05
10405.364120 -2.783788e-05 -8.299481e-07 -7.481878e-08 -1.888266e-06 5.523175e-06 -6.685108e-04 -3.734564e-05 -1.149333e-05
10406.093467 -2.782596e-05 -8.276207e-07 -7.523196e-08 -1.894527e-06 9.009886e-06 -6.717408e-04 -4.279811e-05 -1.164962e-05
10406.850674 -2.777001e-05 -8.215844e-07 -7.477952e-08 -1.896947e-06 5.938740e-06 -6.875814e-04 -3.816875e-05 -8.991336e-06
10407.635741 -2.775121e-05 -8.176759e-07 -7.482995e-08 -1.906634e-06 2.032269e-06 -7.036913e-04 -3.760104e-05 -2.715587e-06
10408.448669 -2.769881e-05 -8.116015e-07 -7.505086e-08 -1.910193e-06 -6.618809e-06 -7.222957e-04 -4.289398e-05 -9.551733e-06
10409.289457 -2.769536e-05 -8.099730e-07 -7.558082e-08 -1.921930e-06 -5.631864e-07 -7.258263e-04 -4.081167e-05 -2.136909e-05
10410.158106 -2.767184e-05 -8.073287e-07 -7.588328e-08 -1.930758e-06 1.090772e-05 -7.280380e-04 -4.285658e-05 -1.650136e-05
10411.054614 -2.768781e-05 -8.074862e-07 -7.669522e-08 -1.949109e-06 5.719782e-06 -7.266899e-04 -3.855950e-05 -1.272570e-05
10411.978983 -2.765697e-05 -8.044594e-07 -7.725924e-08 -1.962667e-06 8.056401e-06 -7.316339e-04 -3.767413e-05 -1.178129e-05
10412.931213 -2.758573e-05 -7.971941e-07 -7.726704e-08 -1.974809e-06 -4.480598e-06 -7.191510e-04 -5.120722e-05 -2.982829e-05
10413.911303 -2.766241e-05 -7.994449e-07 -7.794899e-08 -2.012806e-06 -1.172879e-05 -7.246186e-04 -4.611348e-05 -2.509280e-05
10414.919253 -2.766628e-05 -7.967387e-07 -7.801776e-08 -2.039791e-06 -9.860191e-06 -7.250013e-04 -4.315242e-05 -2.219179e-05
10415.955064 -2.762447e-05 -7.918200e-07 -7.789497e-08 -2.060428e-06 -6.519319e-06 -6.934881e-04 -3.409394e-05 -1.926955e-05
10417.018734 -2.755075e-05 -7.858504e-07 -7.759902e-08 -2.073523e-06 -2.421948e-06 -7.209419e-04 -2.858797e-05 -1.171815e-05
10418.110266 -2.757004e-05 -7.850976e-07 -7.778347e-08 -2.097284e-06 -2.390141e-06 -7.330276e-04 -3.563445e-05 -6.514962e-06
10419.232723 -2.761554e-05 -7.871967e-07 -7.815959e-08 -2.121929e-06 6.733852e-06 -6.964757e-04 -3.069695e-05 -9.271144e-06
10420.367373 -2.759073e-05 -7.853408e-07 -7.759890e-08 -2.134167e-06 -6.800659e-06 -6.835790e-04 -3.010651e-05 -1.105750e-05
10421.514214 -2.756730e-05 -7.828840e-07 -7.732442e-08 -2.145792e-06 -7.553773e-06 -6.892965e-04 -3.443582e-05 -8.951549e-06
10422.673248 -2.756234e-05 -7.823410e-07 -7.747721e-08 -2.158947e-06 -8.749531e-06 -7.182044e-04 -3.917546e-05 -2.398266e-05
10423.844473 -2.758452e-05 -7.837208e-07 -7.761395e-08 -2.173801e-06 -1.344202e-05 -7.266723e-04 -3.660433e-05 -3.095326e-05
10425.027890 -2.759055e-05 -7.843540e-07 -7.749712e-08 -2.182675e-06 -1.490895e-05 -7.204236e-04 -3.103326e-05 -2.066368e-05
10426.223499 -2.759146e-05 -7.849708e-07 -7.751269e-08 -2.189538e-06 -1.077943e-05 -7.156669e-04 -3.985367e-05 -6.377460e-07
10427.431300 -2.756705e-05 -7.840481e-07 -7.711839e-08 -2.189447e-06 -4.501764e-06 -6.848232e-04 -3.806896e-05 1.964739e-05
10428.651293 -2.754712e-05 -7.840072e-07 -7.707096e-08 -2.188916e-06 -2.653645e-06 -7.057474e-04 -3.682265e-05 2.412050e-05
10429.883478 -2.756155e-05 -7.850242e-07 -7.741632e-08 -2.193944e-06 -7.556226e-06 -7.321376e-04 -3.784661e-05 2.506093e-05
10431.127855 -2.758177e-05 -7.873286e-07 -7.759053e-08 -2.200344e-06 -1.420426e-05 -7.357965e-04 -3.696042e-05 2.297203e-05
10432.384423 -2.756493e-05 -7.883447e-07 -7.732142e-08 -2.198110e-06 -9.589452e-06 -7.135926e-04 -2.586317e-05 2.969062e-05
10433.653184 -2.756969e-05 -7.903583e-07 -7.744633e-08 -2.195751e-06 -7.495692e-06 -7.142104e-04 -2.616867e-05 3.258153e-05
10434.934136 -2.756774e-05 -7.914085e-07 -7.755469e-08 -2.190758e-06 -5.496554e-06 -7.180129e-04 -3.901158e-05 2.891449e-05
10436.227280 -2.753954e-05 -7.919647e-07 -7.754279e-08 -2.182454e-06 -2.336319e-06 -7.271889e-04 -3.130374e-05 2.960065e-05
10437.532617 -2.748302e-05 -7.910684e-07 -7.734770e-08 -2.169003e-06 -7.991347e-06 -7.297045e-04 -4.608993e-05 3.144243e-05
10438.850145 -2.740064e-05 -7.885052e-07 -7.709426e-08 -2.151175e-06 -1.521866e-05 -7.367317e-04 -4.071481e-05 3.793808e-05
10440.179865 -2.747658e-05 -7.946349e-07 -7.771113e-08 -2.158500e-06 -1.473497e-05 -7.074221e-04 -3.808425e-05 4.016599e-05
10441.521777 -2.751162e-05 -7.993727e-07 -7.779230e-08 -2.158798e-06 -1.869799e-05 -7.265111e-04 -3.753479e-05 4.070457e-05
10442.875881 -2.749077e-05 -8.001162e-07 -7.752991e-08 -2.149606e-06 -1.202803e-05 -7.277731e-04 -4.496584e-05 3.339589e-05
10444.242177 -2.746484e-05 -8.009855e-07 -7.743842e-08 -2.140598e-06 -6.741606e-06 -7.322755e-04 -3.637990e-05 3.051822e-05
10445.620664 -2.741836e-05 -8.000604e-07 -7.722113e-08 -2.129923e-06 -6.644322e-06 -7.273679e-04 -3.381164e-05 2.520983e-05
10447.011344 -2.739271e-05 -7.998084e-07 -7.709161e-08 -2.123354e-06 1.844562e-07 -7.140046e-04 -2.729292e-05 2.557880e-06
10448.414215 -2.744492e-05 -8.054002e-07 -7.787667e-08 -2.130447e-06 -3.254657e-06 -7.186984e-04 -3.134780e-05 -2.767027e-05
10449.829279 -2.746388e-05 -8.091523e-07 -7.816835e-08 -2.132060e-06 -6.551902e-06 -7.131083e-04 -3.026308e-05 -2.960546e-05
10451.256534 -2.744773e-05 -8.110394e-07 -7.819510e-08 -2.127236e-06 -8.229151e-06 -7.383682e-04 -4.545642e-05 -3.177163e-05
10452.695981 -2.741985e-05 -8.108788e-07 -7.767504e-08 -2.117967e-06 -2.980687e-06 -7.181522e-04 -4.085129e-05 -3.360128e-05
10454.147620 -2.739513e-05 -8.109674e-07 -7.793408e-08 -2.109774e-06 -2.067544e-06 -7.390140e-04 -3.537605e-05 -2.863190e-05
10455.611452 -2.739686e-05 -8.135594e-07 -7.841329e-08 -2.108235e-06 -3.234485e-06 -7.354768e-04 -3.937052e-05 -2.894025e-05
10457.087475 -2.733418e-05 -8.117718e-07 -7.822574e-08 -2.096236e-06 -6.713536e-06 -7.441487e-04 -3.436218e-05 -3.101318e-05
10458.575689 -2.731846e-05 -8.125465e-07 -7.799625e-08 -2.093516e-06 -1.431534e-05 -7.394680e-04 -4.154869e-05 -4.361306e-05
10460.076096 -2.736499e-05 -8.170459e-07 -7.833351e-08 -2.102315e-06 -6.718590e-06 -7.492880e-04 -4.658594e-05 -4.556134e-05
10461.588695 -2.734763e-05 -8.176963e-07 -7.829501e-08 -2.101070e-06 -3.117873e-06 -7.327550e-04 -4.700409e-05 -3.974677e-05
10463.113485 -2.735259e-05 -8.199966e-07 -7.845508e-08 -2.102151e-06 -2.191562e-06 -7.409971e-04 -5.279323e-05 -3.875993e-05
10464.650468 -2.733191e-05 -8.204602e-07 -7.847535e-08 -2.098449e-06 -2.388542e-06 -7.441912e-04 -5.362883e-05 -3.027242e-05
10466.199642 -2.729221e-05 -8.193304e-07 -7.816448e-08 -2.092926e-06 5.947246e-06 -7.452977e-04 -5.423399e-05 -2.886389e-05
10467.761009 -2.727794e-05 -8.204598e-07 -7.832556e-08 -2.091175e-06 2.470281e-06 -7.516862e-04 -6.642358e-05 -4.427631e-05
10469.334567 -2.721005e-05 -8.176569e-07 -7.786502e-08 -2.082133e-06 1.860709e-06 -7.466666e-04 -6.871396e-05 -3.907270e-05
10470.920317 -2.723521e-05 -8.199011e-07 -7.799292e-08 -2.089542e-06 1.060045e-05 -7.280448e-04 -5.571554e-05 -2.675909e-05
10472.518259 -2.726947e-05 -8.233681e-07 -7.835807e-08 -2.100037e-06 8.525381e-06 -7.316842e-04 -5.258510e-05 -2.117998e-05
10474.128393 -2.726581e-05 -8.247329e-07 -7.841074e-08 -2.102667e-06 2.003763e-06 -7.453639e-04 -4.479792e-05 -2.891642e-05
10475.750719 -2.724726e-05 -8.247386e-07 -7.869428e-08 -2.103239e-06 1.441344e-06 -7.620412e-04 -4.861855e-05 -3.213464e-05
10477.385237 -2.722113e-05 -8.235100e-07 -7.897755e-08 -2.102095e-06 6.828597e-06 -7.671322e-04 -4.517265e-05 -2.579392e-05
10479.031946 -2.719409e-05 -8.230667e-07 -7.918789e-08 -2.102241e-06 7.980750e-06 -7.607309e-04 -2.872367e-05 -1.197391e-05
10480.690848 -2.716052e-05 -8.227811e-07 -7.937219e-08 -2.099990e-06 3.599427e-06 -7.557772e-04 -3.130685e-05 -1.997782e-05
10482.361942 -2.716039e-05 -8.235254e-07 -7.959321e-08 -2.104668e-06 5.054667e-06 -7.369229e-04 -4.178414e-05 -1.134594e-05
10484.045227 -2.712866e-05 -8.246814e-07 -8.002169e-08 -2.104580e-06 9.116723e-06 -7.490877e-04 -4.070916e-05 -1.689654e-05
10485.740704 -2.711676e-05 -8.239395e-07 -8.018153e-08 -2.104964e-06 1.212852e-05 -7.571359e-04 -4.015579e-05 -2.381112e-05
10487.448374 -2.709719e-05 -8.237238e-07 -8.063939e-08 -2.104298e-06 4.681222e-06 -7.367665e-04 -4.968477e-05 -1.228940e-05
10489.168235 -2.707402e-05 -8.230283e-07 -8.113912e-08 -2.103687e-06 -5.104684e-06 -7.355887e-04 -4.394894e-05 -1.253502e-05
10490.900288 -2.702441e-05 -8.209467e-07 -8.145091e-08 -2.098060e-06 -1.178578e-05 -7.392862e-04 -4.079025e-05 -1.855114e-05
10492.644533 -2.699296e-05 -8.210354e-07 -8.183857e-08 -2.097579e-06 -7.834103e-06 -7.474633e-04 -5.692243e-05 -1.260230e-05
10494.400970 -2.696855e-05 -8.205735e-07 -8.207595e-08 -2.098243e-06 -2.905236e-06 -7.595302e-04 -6.872129e-05 -2.350701e-05
10496.169598 -2.689344e-05 -8.175267e-07 -8.169692e-08 -2.092470e-06 6.833892e-06 -7.627065e-04 -5.299939e-05 -1.698826e-05
10497.950419 -2.689234e-05 -8.181743e-07 -8.172453e-08 -2.102054e-06 3.316041e-06 -7.691753e-04 -5.491785e-05 -2.924343e-05
10499.743432 -2.685337e-05 -8.153679e-07 -8.174176e-08 -2.106804e-06 -7.557908e-06 -7.650256e-04 -5.543092e-05 -3.677423e-05
10501.548636 -2.683571e-05 -8.150742e-07 -8.224141e-08 -2.114455e-06 -4.136345e-06 -7.805524e-04 -5.209945e-05 -3.139147e-05
10503.366032 -2.683888e-05 -8.153946e-07 -8.255533e-08 -2.126128e-06 -9.571921e-06 -7.811381e-04 -5.114262e-05 -4.020769e-05
10505.195621 -2.682859e-05 -8.160016e-07 -8.281638e-08 -2.135559e-06 -7.824966e-06 -7.747800e-04 -4.564933e-05 -3.539197e-05
10507.037401 -2.682547e-05 -8.164840e-07 -8.274146e-08 -2.142995e-06 -9.175137e-06 -7.699209e-04 -4.064296e-05 -2.789295e-05
10508.891373 -2.683147e-05 -8.180063e-07 -8.270659e-08 -2.150574e-06 -1.529273e-05 -7.549214e-04 -3.648732e-05 -1.977924e-05
10510.757537 -2.679870e-05 -8.179717e-07 -8.255423e-08 -2.151761e-06 -8.501004e-06 -7.636754e-04 -4.635096e-05 -2.525930e-05
10512.635893 -2.674949e-05 -8.174645e-07 -8.249589e-08 -2.150558e-06 -5.292004e-06 -7.740203e-04 -4.626356e-05 -3.356872e-05
10514.526441 -2.669413e-05 -8.169229e-07 -8.231238e-08 -2.150170e-06 -7.160639e-06 -7.778820e-04 -3.111204e-05 -2.719812e-05
10516.429181 -2.669582e-05 -8.160547e-07 -8.207187e-08 -2.152645e-06 -1.340243e-05 -7.959449e-04 -3.654883e-05 -2.897677e-05
10518.344112 -2.663890e-05 -8.142189e-07 -8.155943e-08 -2.150948e-06 -9.551104e-06 -7.949002e-04 -4.136321e-05 -2.704419e-05
10520.271236 -2.653478e-05 -8.124036e-07 -8.143518e-08 -2.145080e-06 -6.292415e-06 -7.914624e-04 -4.260977e-05 -2.805586e-05
10522.210552 -2.660564e-05 -8.153255e-07 -8.152584e-08 -2.152209e-06 -2.963740e-06 -7.807438e-04 -3.250803e-05 -3.576700e-05
10524.162059 -2.657730e-05 -8.153445e-07 -8.138795e-08 -2.148711e-06 -9.343464e-06 -7.656917e-04 -3.630425e-05 -3.147921e-05
10526.125758 -2.649293e-05 -8.135811e-07 -8.112647e-08 -2.138526e-06 -5.675588e-06 -7.533436e-04 -3.870669e-05 -3.336000e-05
10528.101649 -2.640916e-05 -8.137467e-07 -8.113805e-08 -2.129755e-06 5.967882e-07 -7.544131e-04 -4.600512e-05 -2.776655e-05
10530.089733 -2.639154e-05 -8.133826e-07 -8.112798e-08 -2.122634e-06 -1.238902e-06 -7.522283e-04 -4.976321e-05 -2.967512e-05
10532.090008 -2.647011e-05 -8.178918e-07 -8.158826e-08 -2.127355e-06 1.559173e-06 -7.657066e-04 -4.453312e-05 -2.043238e-05
10534.102475 -2.643921e-05 -8.195045e-07 -8.174055e-08 -2.121697e-06 2.569187e-06 -7.531328e-04 -3.812505e-05 -1.557779e-05
10536.127133 -2.640141e-05 -8.209909e-07 -8.163141e-08 -2.115150e-06 5.824352e-06 -7.326067e-04 -4.347504e-05 -1.319503e-05
10538.163984 -2.640555e-05 -8.214980e-07 -8.127820e-08 -2.112303e-06 1.332123e-05 -7.468847e-04 -5.642271e-05 -2.609159e-05
10540.213027 -2.638682e-05 -8.224922e-07 -8.135239e-08 -2.110021e-06 7.017576e-06 -7.521299e-04 -5.068774e-05 -1.373556e-05
10542.274261 -2.634833e-05 -8.223695e-07 -8.157633e-08 -2.105636e-06 7.250245e-06 -7.777256e-04 -5.380016e-05 -1.571898e-05
10544.347688 -2.630959e-05 -8.212443e-07 -8.185133e-08 -2.101556e-06 1.083920e-05 -7.679418e-04 -5.067871e-05 -2.133301e-05
10546.433306 -2.628282e-05 -8.222451e-07 -8.226197e-08 -2.100748e-06 1.387838e-05 -7.561856e-04 -4.153384e-05 -1.217028e-05
10548.531117 -2.622913e-05 -8.203903e-07 -8.222824e-08 -2.094923e-06 1.013826e-05 -7.690965e-04 -5.930567e-05 -2.090728e-05
10550.641119 -2.611803e-05 -8.170614e-07 -8.205063e-08 -2.080285e-06 9.329860e-06 -7.582648e-04 -4.945358e-05 -1.971614e-05
10552.763313 -2.602316e-05 -8.134799e-07 -8.185225e-08 -2.072384e-06 1.532844e-05 -7.373986e-04 -4.433755e-05 -1.857808e-05
10554.897699 -2.609068e-05 -8.209630e-07 -8.300223e-08 -2.091281e-06 9.577484e-06 -7.301810e-04 -3.944534e-05 -2.442688e-05
10557.044277 -2.609943e-05 -8.229975e-07 -8.336075e-08 -2.096247e-06 1.475153e-05 -7.333051e-04 -3.270046e-05 -2.592314e-05
10559.203047 -2.606147e-05 -8.223840e-07 -8.335050e-08 -2.096216e-06 1.125365e-05 -7.452446e-04 -3.192884e-05 -3.053620e-05
10561.374008 -2.603256e-05 -8.236006e-07 -8.357816e-08 -2.099223e-06 1.690877e-05 -7.518046e-04 -4.461984e-05 -2.740619e-05
10563.557162 -2.599997e-05 -8.223277e-07 -8.384364e-08 -2.100813e-06 6.935733e-06 -7.260406e-04 -4.448958e-05 -2.109221e-05
10565.752508 -2.597431e-05 -8.229905e-07 -8.441806e-08 -2.103297e-06 -3.052004e-06 -7.116596e-04 -5.129108e-05 -4.039624e-05
10567.960045 -2.593688e-05 -8.215108e-07 -8.448817e-08 -2.104959e-06 8.553047e-06 -7.352495e-04 -3.295858e-05 -3.528660e-05
10570.179775 -2.589578e-05 -8.225443e-07 -8.490626e-08 -2.105513e-06 2.703852e-06 -7.241246e-04 -3.592402e-05 -3.631037e-05
10572.411696 -2.584994e-05 -8.208315e-07 -8.498035e-08 -2.105721e-06 -6.815146e-06 -7.178293e-04 -3.881871e-05 -3.599881e-05
10574.655809 -2.580424e-05 -8.211732e-07 -8.520925e-08 -2.105068e-06 -1.406270e-05 -7.286791e-04 -4.553868e-05 -1.311258e-05
10576.912114 -2.575051e-05 -8.210430e-07 -8.545591e-08 -2.101479e-06 -6.945692e-06 -7.177547e-04 -4.263537e-05 9.244804e-06
10579.180611 -2.570214e-05 -8.207342e-07 -8.550632e-08 -2.097566e-06 -2.208679e-06 -7.362989e-04 -2.874734e-05 1.338008e-05
10581.461300 -2.567404e-05 -8.213562e-07 -8.579306e-08 -2.098505e-06 -2.696744e-06 -7.411361e-04 -1.724753e-05 -8.716307e-06
10583.754181 -2.564050e-05 -8.219252e-07 -8.581323e-08 -2.097281e-06 -7.611170e-07 -7.483338e-04 -2.812903e-05 -3.955673e-05
10586.059254 -2.559070e-05 -8.223541e-07 -8.589794e-08 -2.095642e-06 -4.720761e-06 -7.272482e-04 -2.662641e-05 -3.669484e-05
10588.376518 -2.552018e-05 -8.219365e-07 -8.600600e-08 -2.090676e-06 -8.927221e-06 -7.432916e-04 -2.769614e-05 -4.251226e-05
10590.705975 -2.543228e-05 -8.211926e-07 -8.600386e-08 -2.085022e-06 -1.818588e-05 -7.831060e-04 -2.987708e-05 -3.967147e-05
10593.047623 -2.532212e-05 -8.195539e-07 -8.572898e-08 -2.073238e-06 -1.367984e-05 -8.101401e-04 -4.297765e-05 -4.798155e-05
10595.401464 -2.524476e-05 -8.156106e-07 -8.504730e-08 -2.061743e-06 -7.865242e-07 -8.001420e-04 -2.934882e-05 -3.470125e-05
10597.767496 -2.526627e-05 -8.188562e-07 -8.541513e-08 -2.063420e-06 -2.150852e-06 -7.871780e-04 -3.362835e-05 -4.116295e-05
10600.145720 -2.528722e-05 -8.222399e-07 -8.580812e-08 -2.067051e-06 -5.826789e-06 -7.823327e-04 -3.480452e-05 -3.093221e-05
10602.536136 -2.526687e-05 -8.257115e-07 -8.616572e-08 -2.068437e-06 -8.510845e-06 -7.979785e-04 -2.607279e-05 -3.894849e-05
10604.938744 -2.517029e-05 -8.250713e-07 -8.582877e-08 -2.057629e-06 -1.011491e-05 -7.976558e-04 -2.960162e-05 -3.537920e-05
10607.353544 -2.510082e-05 -8.239202e-07 -8.548198e-08 -2.050996e-06 -7.384895e-06 -7.891658e-04 -2.141305e-05 -2.005095e-05
10609.780536 -2.504252e-05 -8.242987e-07 -8.584320e-08 -2.049382e-06 -8.794242e-06 -7.873237e-04 -1.661213e-05 -3.048194e-05
10612.219720 -2.502663e-05 -8.247065e-07 -8.604250e-08 -2.051353e-06 -1.302907e-05 -7.944355e-04 -1.886680e-05 -2.753613e-05
10614.671096 -2.503148e-05 -8.269720e-07 -8.637569e-08 -2.057251e-06 -9.109314e-06 -7.756414e-04 -2.585617e-05 -2.751797e-05
10617.134663 -2.504827e-05 -8.279935e-07 -8.656198e-08 -2.063041e-06 -6.062198e-06 -7.575866e-04 -2.071524e-05 -1.976301e-05
10619.610423 -2.502760e-05 -8.286005e-07 -8.671097e-08 -2.065626e-06 -4.922258e-06 -7.626242e-04 -4.246418e-05 -3.517650e-05
10622.098374 -2.499792e-05 -8.299708e-07 -8.699506e-08 -2.066601e-06 -5.436344e-06 -7.463128e-04 -4.715237e-05 -4.214078e-05
10624.598517 -2.494175e-05 -8.280045e-07 -8.686034e-08 -2.064538e-06 -3.038856e-06 -7.398744e-04 -4.155246e-05 -3.690192e-05
10627.110852 -2.488956e-05 -8.283991e-07 -8.692336e-08 -2.062114e-06 -9.072125e-06 -7.547510e-04 -4.058444e-05 -3.874648e-05
10629.635380 -2.482934e-05 -8.267963e-07 -8.664588e-08 -2.058054e-06 -1.544562e-05 -7.513403e-04 -4.490401e-05 -3.199383e-05
10632.172099 -2.475336e-05 -8.244301e-07 -8.639901e-08 -2.052032e-06 -1.272462e-05 -7.465029e-04 -4.708834e-05 -2.901781e-05
10634.721009 -2.468547e-05 -8.244350e-07 -8.683771e-08 -2.050187e-06 -1.122924e-05 -7.614149e-04 -5.187146e-05 -3.373386e-05
10637.282112 -2.464566e-05 -8.249707e-07 -8.702158e-08 -2.051075e-06 -5.380554e-06 -7.702880e-04 -4.644099e-05 -2.680781e-05
10639.855407 -2.460728e-05 -8.258574e-07 -8.722191e-08 -2.050428e-06 1.255241e-06 -7.560547e-04 -4.655518e-05 -2.753309e-05
10642.440894 -2.452874e-05 -8.245639e-07 -8.692530e-08 -2.045641e-06 1.121927e-06 -7.479585e-04 -2.947597e-05 -1.777947e-05
10645.038572 -2.445432e-05 -8.241041e-07 -8.691067e-08 -2.040634e-06 -2.660484e-06 -7.641845e-04 -3.407901e-05 -3.696677e-05
10647.648443 -2.439888e-05 -8.245637e-07 -8.714260e-08 -2.038748e-06 -3.300385e-06 -7.698857e-04 -3.834957e-05 -3.270131e-05
10650.270505 -2.435733e-05 -8.244579e-07 -8.749621e-08 -2.039274e-06 4.041992e-07 -7.514603e-04 -4.280695e-05 -3.776307e-05
10652.904759 -2.427242e-05 -8.230303e-07 -8.762797e-08 -2.031936e-06 2.635074e-06 -7.485855e-04 -3.482086e-05 -2.767249e-05
10655.551205 -2.415417e-05 -8.199592e-07 -8.727032e-08 -2.017860e-06 3.859813e-06 -7.344718e-04 -2.222337e-05 -1.692050e-05
10658.209844 -2.401887e-05 -8.155898e-07 -8.719987e-08 -2.004656e-06 7.766856e-06 -7.339264e-04 -2.939845e-05 -2.257695e-05
10660.880674 -2.407059e-05 -8.224549e-07 -8.841268e-08 -2.015789e-06 -5.348719e-06 -7.646032e-04 -3.281536e-05 -2.079754e-05
10663.563696 -2.409947e-05 -8.273780e-07 -8.922877e-08 -2.020395e-06 -8.242679e-06 -7.448665e-04 -2.764298e-05 -1.593740e-05
10666.258909 -2.399932e-05 -8.244672e-07 -8.891419e-08 -2.005529e-06 -1.549368e-05 -7.472957e-04 -3.834680e-05 -2.202211e-05
10668.966315 -2.391895e-05 -8.240587e-07 -8.908754e-08 -1.996596e-06 -8.325226e-06 -7.539883e-04 -3.502802e-05 -1.830355e-05
10671.685913 -2.387384e-05 -8.251380e-07 -8.951041e-08 -1.993527e-06 -1.327420e-05 -7.718327e-04 -3.906509e-05 -3.238201e-05
10674.417702 -2.376460e-05 -8.222136e-07 -8.920342e-08 -1.980907e-06 -1.145161e-05 -7.628510e-04 -4.006101e-05 -2.369935e-05
10677.161684 -2.367153e-05 -8.205751e-07 -8.904623e-08 -1.972444e-06 -8.642389e-06 -7.362845e-04 -3.347580e-05 -2.610885e-05
10679.917857 -2.357776e-05 -8.217978e-07 -8.930751e-08 -1.967927e-06 3.458626e-06 -7.456886e-04 -2.737530e-05 -2.670686e-05
10682.686222 -2.351779e-05 -8.238891e-07 -8.990635e-08 -1.965516e-06 6.624292e-06 -7.540820e-04 -2.716899e-05 -2.176114e-05
10685.466780 -2.343182e-05 -8.238979e-07 -9.006406e-08 -1.959871e-06 1.936258e-06 -7.719911e-04 -2.858263e-05 -2.321892e-05
10688.259529 -2.331674e-05 -8.214521e-07 -9.016240e-08 -1.951543e-06 6.433072e-06 -7.838494e-04 -1.841995e-05 -2.456976e-05
10691.064470 -2.323444e-05 -8.192894e-07 -9.021080e-08 -1.947844e-06 8.600100e-06 -7.585318e-04 -1.117846e-05 -3.048473e-05
10693.881602 -2.321221e-05 -8.182457e-07 -9.016863e-08 -1.949421e-06 6.551202e-06 -7.385724e-04 -2.237551e-05 -2.979996e-05
10696.710927 -2.318331e-05 -8.183549e-07 -8.995484e-08 -1.947628e-06 3.209895e-06 -7.583885e-04 -2.251233e-05 -2.171107e-05
10699.552444 -2.313239e-05 -8.191601e-07 -8.996489e-08 -1.948488e-06 -2.726716e-06 -7.475610e-04 -2.026221e-05 -2.127065e-05
10702.406153 -2.303386e-05 -8.186779e-07 -8.983683e-08 -1.943361e-06 7.043357e-07 -7.493278e-04 -1.753230e-05 -2.318718e-05
10705.272053 -2.292226e-05 -8.155037e-07 -8.943381e-08 -1.934269e-06 2.544504e-07 -7.513906e-04 -1.417004e-05 -2.394711e-05
10708.150146 -2.288680e-05 -8.148321e-07 -8.961124e-08 -1.932520e-06 -9.714152e-07 -7.371883e-04 -9.429837e-06 -2.545157e-05
10711.040430 -2.291294e-05 -8.191651e-07 -9.021811e-08 -1.938324e-06 -5.321877e-06 -7.550529e-04 -1.197732e-05 -3.085253e-05
10713.942906 -2.286951e-05 -8.199372e-07 -9.042388e-08 -1.937947e-06 6.747670e-07 -7.482259e-04 -1.472830e-05 -2.784013e-05
10716.857574 -2.278970e-05 -8.186438e-07 -9.016235e-08 -1.932683e-06 -5.818041e-07 -7.539584e-04 -2.711970e-05 -3.124318e-05
10719.784435 -2.271769e-05 -8.171904e-07 -9.004872e-08 -1.927437e-06 -3.147410e-06 -7.382645e-04 -2.062364e-05 -2.657151e-05
10722.723487 -2.266452e-05 -8.184920e-07 -9.029756e-08 -1.927165e-06 -7.786210e-06 -7.145685e-04 -2.365572e-05 -1.935615e-05
10725.674730 -2.257735e-05 -8.172560e-07 -9.012122e-08 -1.920722e-06 4.591743e-06 -7.137831e-04 -3.076017e-05 -2.230589e-05
10728.638166 -2.245023e-05 -8.130843e-07 -8.979814e-08 -1.909436e-06 1.329869e-05 -7.145754e-04 -1.768846e-05 -2.310606e-05
10731.613794 -2.234338e-05 -8.101003e-07 -8.967985e-08 -1.900910e-06 6.254716e-06 -7.260453e-04 -1.682553e-05 -2.686449e-05
10734.601614 -2.230005e-05 -8.104153e-07 -9.007773e-08 -1.899084e-06 9.231700e-06 -7.305005e-04 -4.251178e-06 -2.563007e-05
10737.601625 -2.225776e-05 -8.137750e-07 -9.055535e-08 -1.901613e-06 1.592431e-05 -7.089337e-04 -6.969051e-06 -2.208327e-05
10740.613829 -2.218698e-05 -8.139228e-07 -9.047195e-08 -1.896006e-06 8.580635e-06 -7.076206e-04 -2.165002e-05 -1.788505e-05
10743.638224 -2.206244e-05 -8.090931e-07 -8.992098e-08 -1.881336e-06 1.294739e-05 -6.989284e-04 -1.698144e-05 -2.048897e-05
10746.674811 -2.197121e-05 -8.077252e-07 -8.999600e-08 -1.872802e-06 1.785111e-05 -6.740045e-04 -1.443848e-05 -2.053140e-05
10749.723590 -2.188157e-05 -8.067846e-07 -9.003913e-08 -1.866129e-06 8.207249e-06 -7.060324e-04 -1.960208e-05 -2.360275e-05
10752.784561 -2.182459e-05 -8.091413e-07 -9.059257e-08 -1.866566e-06 6.173639e-06 -7.169939e-04 -2.800154e-05 -2.656625e-05
10755.857724 -2.167488e-05 -8.058507e-07 -9.045719e-08 -1.853369e-06 1.121790e-05 -7.356255e-04 -2.488027e-05 -2.507110e-05
10758.943079 -2.160296e-05 -8.043577e-07 -9.057606e-08 -1.846821e-06 5.654507e-06 -7.428344e-04 -2.642153e-05 -2.697095e-05
10762.040626 -2.155681e-05 -8.051291e-07 -9.070413e-08 -1.843611e-06 -7.952609e-07 -7.587547e-04 -2.662424e-05 -2.117253e-05
10765.150365 -2.149144e-05 -8.058676e-07 -9.050229e-08 -1.839506e-06 1.958371e-06 -7.671033e-04 -3.089716e-05 -2.841001e-05
10768.272295 -2.137120e-05 -8.020813e-07 -8.973938e-08 -1.827711e-06 3.594271e-06 -7.475721e-04 -2.429302e-05 -2.983123e-05
10771.406418 -2.119660e-05 -7.936159e-07 -8.859106e-08 -1.808308e-06 -4.281541e-07 -7.577831e-04 -1.814206e-05 -1.757670e-05
10774.552732 -2.115817e-05 -7.978505e-07 -8.943122e-08 -1.812347e-06 -8.142952e-06 -7.256184e-04 -1.337300e-05 -2.182281e-05
10777.711239 -2.107665e-05 -7.979502e-07 -8.981788e-08 -1.809142e-06 -3.667724e-06 -7.263432e-04 -9.321481e-06 -2.001746e-05
10780.881937 -2.100332e-05 -7.991027e-07 -9.067074e-08 -1.807589e-06 1.636358e-05 -7.468437e-04 -2.929540e-05 -1.524014e-05
10784.064827 -2.091123e-05 -7.975479e-07 -9.142734e-08 -1.801516e-06 1.765758e-05 -7.590838e-04 -3.915400e-05 -1.946588e-05
10787.259909 -2.080052e-05 -7.949381e-07 -9.155074e-08 -1.791980e-06 1.188980e-05 -7.566164e-04 -2.933018e-05 -1.953133e-05
10790.467183 -2.070674e-05 -7.944396e-07 -9.189312e-08 -1.786236e-06 1.119516e-06 -7.439798e-04 -2.170855e-05 -2.156628e-05
10793.686649 -2.062005e-05 -7.940500e-07 -9.219455e-08 -1.781560e-06 -1.540387e-06 -7.628848e-04 -1.977418e-05 -2.449748e-05
10796.918307 -2.049599e-05 -7.908751e-07 -9.218458e-08 -1.771888e-06 2.177142e-06 -7.843897e-04 -2.391398e-05 -2.182116e-05
10800.162157 -2.034077e-05 -7.848030e-07 -9.170887e-08 -1.756083e-06 4.615877e-06 -7.932379e-04 -1.967194e-05 -1.924399e-05
10803.418198 -2.016735e-05 -7.771540e-07 -9.108847e-08 -1.736972e-06 1.889761e-06 -8.080217e-04 -1.657997e-05 -2.619237e-05
10806.686432 -2.004526e-05 -7.794130e-07 -9.166124e-08 -1.731579e-06 -1.197248e-07 -7.988450e-04 -1.451173e-05 -2.346835e-05
10809.966857 -2.002069e-05 -7.815479e-07 -9.206321e-08 -1.734384e-06 6.459689e-06 -7.854856e-04 -1.490479e-05 1.186191e-05
10813.259474 -1.999043e-05 -7.839512e-07 -9.227146e-08 -1.736016e-06 4.489291e-06 -7.743977e-04 -2.863154e-05 2.412937e-05
10816.564284 -1.985324e-05 -7.797784e-07 -9.154194e-08 -1.722140e-06 9.395070e-06 -7.584564e-04 -3.798168e-05 2.092886e-05
10819.881285 -1.974049e-05 -7.765994e-07 -9.105035e-08 -1.711255e-06 1.004674e-05 -7.526926e-04 -2.345939e-05 2.440882e-05
10823.210478 -1.964807e-05 -7.761751e-07 -9.089154e-08 -1.704586e-06 7.510291e-06 -7.563248e-04 -3.646242e-05 1.512271e-05
10826.551863 -1.953370e-05 -7.748829e-07 -9.068004e-08 -1.697828e-06 1.570016e-05 -7.518535e-04 -3.353150e-05 3.356352e-05
10829.905440 -1.943304e-05 -7.744667e-07 -9.058987e-08 -1.691483e-06 1.474248e-05 -7.519832e-04 -2.155738e-05 3.428483e-05
10833.271209 -1.929046e-05 -7.699309e-07 -8.999637e-08 -1.677654e-06 1.511325e-05 -7.615459e-04 -3.697283e-05 -1.732975e-05
10836.649169 -1.917209e-05 -7.672926e-07 -8.947032e-08 -1.666064e-06 5.024989e-06 -7.319290e-04 -2.984441e-05 -2.421101e-05
10840.039322 -1.906991e-05 -7.668424e-07 -8.926280e-08 -1.659787e-06 1.774632e-06 -7.449212e-04 -3.487258e-05 -2.179835e-05
10843.441666 -1.896462e-05 -7.657577e-07 -8.908821e-08 -1.651052e-06 4.731855e-06 -7.493448e-04 -2.281544e-05 -1.069121e-05
10846.856203 -1.882848e-05 -7.617886e-07 -8.865979e-08 -1.638497e-06 -6.709499e-06 -7.456170e-04 -2.872063e-05 -9.325998e-06
10850.282931 -1.874734e-05 -7.629769e-07 -8.922972e-08 -1.634930e-06 -1.502229e-05 -7.332167e-04 -2.705913e-05 -1.283399e-05
10853.721851 -1.860545e-05 -7.603088e-07 -8.949902e-08 -1.624472e-06 -1.435709e-05 -7.119960e-04 -4.043870e-05 -2.316281e-05
10857.172964 -1.851370e-05 -7.590026e-07 -8.968744e-08 -1.617261e-06 -6.405910e-06 -6.837421e-04 -4.826001e-05 -1.616715e-05
10860.636268 -1.836170e-05 -7.556068e-07 -8.937965e-08 -1.605366e-06 -4.869509e-06 -7.021567e-04 -4.934643e-05 -2.167186e-05
10864.111764 -1.825425e-05 -7.530207e-07 -8.911968e-08 -1.596242e-06 -2.347018e-06 -7.137548e-04 -4.641957e-05 -1.462529e-05
10867.599451 -1.810572e-05 -7.483418e-07 -8.878283e-08 -1.582772e-06 3.859572e-06 -7.221973e-04 -5.315300e-05 -1.823438e-05
10871.099331 -1.795317e-05 -7.440580e-07 -8.852136e-08 -1.571565e-06 -1.952372e-06 -7.076200e-04 -5.470793e-05 -1.288010e-05
10874.611403 -1.781088e-05 -7.409775e-07 -8.846298e-08 -1.561275e-06 -6.165929e-06 -7.048828e-04 -4.433992e-05 -3.752249e-06
10878.135666 -1.766369e-05 -7.374686e-07 -8.808712e-08 -1.549950e-06 -7.373428e-06 -7.230145e-04 -3.513642e-05 3.264005e-06
10881.672122 -1.757582e-05 -7.355630e-07 -8.775926e-08 -1.542323e-06 -2.311094e-06 -7.160361e-04 -3.243089e-05 -1.225437e-06
10885.220769 -1.745756e-05 -7.328860e-07 -8.741845e-08 -1.532198e-06 -5.895690e-06 -7.251481e-04 -3.494653e-05 -3.836827e-06
10888.781609 -1.733197e-05 -7.298775e-07 -8.727013e-08 -1.520604e-06 1.778070e-07 -7.266020e-04 -3.303012e-05 -1.740952e-05
10892.354640 -1.719216e-05 -7.263115e-07 -8.720166e-08 -1.508078e-06 -8.312089e-06 -7.314889e-04 -2.769600e-05 -1.584362e-05
10895.939863 -1.708043e-05 -7.253387e-07 -8.743907e-08 -1.502634e-06 -1.566341e-05 -7.260654e-04 -3.104673e-05 -2.232639e-05
10899.537278 -1.692065e-05 -7.196725e-07 -8.715547e-08 -1.487799e-06 -5.543179e-06 -7.344767e-04 -3.668492e-05 -2.778015e-05
10903.146885 -1.681374e-05 -7.197546e-07 -8.780243e-08 -1.482331e-06 -1.994359e-07 -7.420153e-04 -4.206758e-05 -2.142298e-05
10906.768684 -1.669036e-05 -7.172812e-07 -8.808976e-08 -1.470831e-06 4.499257e-06 -7.540861e-04 -4.122365e-05 -2.136796e-05
10910.402675 -1.656216e-05 -7.134572e-07 -8.801809e-08 -1.459268e-06 -1.574533e-06 -7.174366e-04 -2.751773e-05 -1.754189e-05
10914.048857 -1.643942e-05 -7.100058e-07 -8.780438e-08 -1.448864e-06 -7.080994e-06 -6.867154e-04 -1.802872e-05 -1.268922e-05
10917.707232 -1.628783e-05 -7.046826e-07 -8.737951e-08 -1.434477e-06 -1.044596e-05 -7.104863e-04 -1.689083e-05 -1.612886e-05
10921.377799 -1.617204e-05 -7.031659e-07 -8.743778e-08 -1.427705e-06 -8.736976e-06 -7.302709e-04 -1.837032e-05 -2.171146e-05
10925.060557 -1.605539e-05 -7.013386e-07 -8.743355e-08 -1.420458e-06 -1.088342e-05 -7.314772e-04 -1.499467e-05 -1.647078e-05
10928.755507 -1.589877e-05 -6.954939e-07 -8.680442e-08 -1.405603e-06 -9.057348e-06 -7.265866e-04 -8.119481e-06 -2.339494e-05
10932.462650 -1.575771e-05 -6.912217e-07 -8.621011e-08 -1.393136e-06 -1.406583e-05 -7.093827e-04 -9.100464e-06 -2.277561e-05
10936.181984 -1.562684e-05 -6.882862e-07 -8.572298e-08 -1.384216e-06 -1.408555e-05 -7.244281e-04 -6.439677e-06 -3.028988e-05
10939.913510 -1.549914e-05 -6.854602e-07 -8.554368e-08 -1.374331e-06 -5.194120e-06 -7.355435e-04 -2.610111e-05 -3.204795e-05
10943.657228 -1.537522e-05 -6.811193e-07 -8.522593e-08 -1.363778e-06 -8.087548e-06 -7.328962e-04 -2.951681e-05 -2.960452e-05
10947.413138 -1.521586e-05 -6.752528e-07 -8.456000e-08 -1.347868e-06 -1.904857e-06 -7.253270e-04 -4.055148e-05 -2.635265e-05
10951.181239 -1.504333e-05 -6.708017e-07 -8.425839e-08 -1.333902e-06 -7.122969e-07 -7.181681e-04 -4.013486e-05 -2.370706e-05
10954.961533 -1.493975e-05 -6.686110e-07 -8.416269e-08 -1.327141e-06 -7.289468e-06 -7.235546e-04 -3.484881e-05 -2.135190e-05
10958.754019 -1.484679e-05 -6.675355e-07 -8.396067e-08 -1.320600e-06 -1.167594e-05 -7.154579e-04 -3.110634e-05 -1.372093e-05
10962.558696 -1.466624e-05 -6.597585e-07 -8.261540e-08 -1.302333e-06 -2.137163e-05 -7.212467e-04 -2.876761e-05 -1.304158e-05
10966.375565 -1.458495e-05 -6.579130e-07 -8.225401e-08 -1.297289e-06 -2.460840e-05 -7.309947e-04 -3.173674e-05 -2.374456e-05
10970.204627 -1.451745e-05 -6.581914e-07 -8.219793e-08 -1.293839e-06 -1.932780e-05 -7.316234e-04 -3.672126e-05 -3.089406e-05
10974.045880 -1.439641e-05 -6.555195e-07 -8.180552e-08 -1.284232e-06 -1.018399e-05 -7.252344e-04 -4.776530e-05 -3.159699e-05
10977.899325 -1.425306e-05 -6.512417e-07 -8.129866e-08 -1.272326e-06 -1.334422e-05 -7.351187e-04 -3.626644e-05 -1.941562e-05
10981.764962 -1.413123e-05 -6.477754e-07 -8.097408e-08 -1.262877e-06 -1.447688e-05 -7.584869e-04 -3.522852e-05 -1.622453e-05
10985.642791 -1.399920e-05 -6.440305e-07 -8.063625e-08 -1.251430e-06 -4.518404e-06 -7.539443e-04 -3.619719e-05 -1.778561e-05
10989.532812 -1.388906e-05 -6.405601e-07 -8.040768e-08 -1.242884e-06 -6.235957e-07 -7.487233e-04 -3.784203e-05 -2.757352e-05
10993.435025 -1.375830e-05 -6.363264e-07 -8.007743e-08 -1.232321e-06 -5.000961e-06 -7.508328e-04 -3.384454e-05 -2.342845e-05
10997.349429 -1.361647e-05 -6.313565e-07 -7.975680e-08 -1.219521e-06 -9.421989e-06 -7.255559e-04 -3.891598e-05 -2.717743e-05
11001.276026 -1.348411e-05 -6.269249e-07 -7.939746e-08 -1.208378e-06 -7.632677e-06 -7.527641e-04 -3.773357e-05 -1.903751e-05
11005.214814 -1.339513e-05 -6.262430e-07 -7.974599e-08 -1.204084e-06 -9.415504e-07 -7.542626e-04 -3.478023e-05 -1.660046e-06
11009.165795 -1.327234e-05 -6.226367e-07 -7.979036e-08 -1.194861e-06 -5.504923e-06 -7.474425e-04 -3.508465e-05 -3.132211e-06
11013.128967 -1.314344e-05 -6.178913e-07 -7.933569e-08 -1.183754e-06 -6.173300e-06 -7.408453e-04 -3.422940e-05 -5.825660e-06
11017.104331 -1.300467e-05 -6.124219e-07 -7.848641e-08 -1.170785e-06 -1.962348e-05 -7.297924e-04 -3.476424e-05 -6.482800e-06
11021.091888 -1.291127e-05 -6.106307e-07 -7.865772e-08 -1.164656e-06 -1.452033e-05 -7.440105e-04 -2.611077e-05 -4.748382e-06
11025.091636 -1.280052e-05 -6.069392e-07 -7.876740e-08 -1.154970e-06 -1.301674e-05 -7.355948e-04 -2.869903e-05 -1.140151e-05
11029.103575 -1.268499e-05 -6.034720e-07 -7.874044e-08 -1.145558e-06 -1.073164e-05 -7.247408e-04 -2.760931e-05 -1.065051e-05
11033.127707 -1.258213e-05 -6.010816e-07 -7.880200e-08 -1.139410e-06 -2.787266e-06 -7.378270e-04 -3.536300e-05 -1.865923e-05
11037.164031 -1.247443e-05 -5.975434e-07 -7.853487e-08 -1.130327e-06 -1.011794e-06 -7.336462e-04 -4.079032e-05 -1.626354e-05
11041.212547 -1.233700e-05 -5.921648e-07 -7.792306e-08 -1.117853e-06 -5.564815e-06 -7.252419e-04 -3.889077e-05 -1.794792e-05
11045.273254 -1.219392e-05 -5.864684e-07 -7.737858e-08 -1.104263e-06 -1.203459e-05 -7.319042e-04 -4.568568e-05 -2.274613e-05
11049.346154 -1.211116e-05 -5.846974e-07 -7.736658e-08 -1.099037e-06 -1.670481e-05 -7.573370e-04 -4.484885e-05 -1.713771e-05
11053.431245 -1.201534e-05 -5.826143e-07 -7.732384e-08 -1.092837e-06 -1.762271e-05 -7.734930e-04 -4.742909e-05 -1.759243e-05
11057.528529 -1.189056e-05 -5.782516e-07 -7.705530e-08 -1.081536e-06 -1.246669e-05 -7.782684e-04 -3.606683e-05 -2.035118e-05
11061.638004 -1.179143e-05 -5.757253e-07 -7.686165e-08 -1.073867e-06 -1.225468e-05 -7.684363e-04 -3.292246e-05 4.529231e-06
11065.759671 -1.168689e-05 -5.724218e-07 -7.630424e-08 -1.066181e-06 -9.102875e-06 -7.698776e-04 -3.502023e-05 2.368044e-05
11069.893530 -1.156988e-05 -5.679435e-07 -7.565086e-08 -1.055888e-06 -1.437982e-05 -7.684203e-04 -3.643212e-05 1.522938e-05
11074.039581 -1.145333e-05 -5.635399e-07 -7.534124e-08 -1.046390e-06 -4.207189e-06 -7.703219e-04 -3.194352e-05 1.697251e-05
11078.197824 -1.135156e-05 -5.604794e-07 -7.509739e-08 -1.039646e-06 -3.349551e-06 -7.602369e-04 -3.444192e-05 1.640512e-05
11082.368258 -1.123999e-05 -5.560300e-07 -7.443605e-08 -1.029792e-06 -1.243509e-05 -7.378325e-04 -3.952383e-05 2.116910e-05
11086.550885 -1.114029e-05 -5.526494e-07 -7.386273e-08 -1.022399e-06 -1.144155e-05 -7.040478e-04 -3.802495e-05 1.925030e-05
11090.745704 -1.102479e-05 -5.490827e-07 -7.301689e-08 -1.013487e-06 -1.376497e-05 -7.133230e-04 -4.177494e-05 2.005658e-05
11094.952714 -1.092884e-05 -5.463407e-07 -7.255241e-08 -1.005952e-06 6.263953e-07 -7.140972e-04 -3.020088e-05 1.706456e-05
11099.171916 -1.082418e-05 -5.427300e-07 -7.221659e-08 -9.974790e-07 2.365529e-06 -7.182577e-04 -2.571430e-05 1.602494e-05
11103.403311 -1.072066e-05 -5.395806e-07 -7.175136e-08 -9.895970e-07 -1.013100e-06 -7.149773e-04 -2.180645e-05 1.499957e-05
11107.646897 -1.061573e-05 -5.354951e-07 -7.142298e-08 -9.803957e-07 -6.695907e-06 -7.089322e-04 -2.669320e-05 1.050172e-05
11111.902675 -1.051038e-05 -5.315416e-07 -7.132550e-08 -9.716093e-07 -5.702071e-06 -7.201898e-04 -2.934713e-05 1.384926e-05
11116.170645 -1.041522e-05 -5.285500e-07 -7.131005e-08 -9.644087e-07 2.554290e-06 -6.915477e-04 -3.219683e-05 -1.112668e-05
11120.450807 -1.031272e-05 -5.245713e-07 -7.099639e-08 -9.562969e-07 3.038811e-06 -6.889842e-04 -2.877059e-05 -1.592173e-06
11124.743161 -1.018234e-05 -5.187196e-07 -7.046687e-08 -9.438665e-07 1.322674e-05 -6.664924e-04 -2.674313e-05 1.555244e-05
11129.047707 -1.008404e-05 -5.149710e-07 -7.009782e-08 -9.362859e-07 1.043602e-05 -6.758145e-04 -2.512025e-05 2.338977e-05
11133.364444 -1.000790e-05 -5.129843e-07 -6.977731e-08 -9.324394e-07 7.100391e-06 -6.823611e-04 -2.249428e-05 2.382479e-05
11137.693374 -9.922179e-06 -5.109381e-07 -7.011906e-08 -9.266427e-07 -1.576600e-06 -6.844082e-04 -2.458666e-05 2.440361e-05
11142.034495 -9.813881e-06 -5.064060e-07 -6.951944e-08 -9.177958e-07 -1.008733e-05 -6.890674e-04 -1.909980e-05 2.406613e-05
11146.387809 -9.719063e-06 -5.030708e-07 -6.919695e-08 -9.104205e-07 -8.993427e-06 -6.892342e-04 -1.163538e-05 2.378662e-05
11150.753314 -9.594214e-06 -4.971465e-07 -6.868609e-08 -8.975235e-07 -4.151474e-06 -7.167248e-04 -1.909587e-05 1.936826e-05
11155.131011 -9.460375e-06 -4.902003e-07 -6.759191e-08 -8.856381e-07 -8.389434e-06 -7.226295e-04 -2.548379e-05 2.231198e-05
11159.520900 -9.295676e-06 -4.847401e-07 -6.689539e-08 -8.752049e-07 2.216725e-06 -7.154692e-04 -2.651180e-05 2.553481e-05
11163.922981 -9.215379e-06 -4.848110e-07 -6.695149e-08 -8.672977e-07 -6.825351e-06 -7.268108e-04 -3.566042e-05 3.138272e-05
11168.337254 -9.150440e-06 -4.795229e-07 -6.662384e-08 -8.634581e-07 -4.201532e-06 -7.226053e-04 -4.100701e-05 3.279716e-05
11172.763719 -9.135411e-06 -4.806544e-07 -6.727278e-08 -8.630172e-07 -4.877226e-07 -7.164820e-04 -3.184008e-05 4.222170e-05
11177.202376 -9.043769e-06 -4.768158e-07 -6.687484e-08 -8.547539e-07 -2.517250e-06 -7.241780e-04 -3.505145e-05 3.955493e-05
11181.653224 -8.959912e-06 -4.738647e-07 -6.679840e-08 -8.486247e-07 2.562159e-06 -7.048647e-04 -3.494096e-05 3.027159e-05
11186.116265 -8.868908e-06 -4.706406e-07 -6.625525e-08 -8.412979e-07 2.759100e-06 -7.126464e-04 -3.721627e-05 3.233776e-05
11190.591497 -8.786151e-06 -4.677858e-07 -6.627423e-08 -8.357708e-07 1.089190e-05 -7.020353e-04 -3.876409e-05 3.552854e-05
11195.078922 -8.697878e-06 -4.647123e-07 -6.604313e-08 -8.292520e-07 5.807328e-06 -7.183322e-04 -4.017675e-05 3.959549e-05
11199.578538 -8.605267e-06 -4.602229e-07 -6.550493e-08 -8.205338e-07 -8.046441e-06 -7.103343e-04 -4.012697e-05 3.259735e-05
11204.090346 -8.520709e-06 -4.569769e-07 -6.529794e-08 -8.146503e-07 -1.487253e-05 -7.043676e-04 -3.819974e-05 1.353190e-05
11208.614346 -8.420127e-06 -4.525216e-07 -6.449400e-08 -8.060479e-07 -8.385948e-06 -7.067640e-04 -3.751089e-05 3.992209e-06
11213.150538 -8.318388e-06 -4.475699e-07 -6.397945e-08 -7.957889e-07 -6.265105e-06 -6.900241e-04 -2.863163e-05 -8.417604e-06
11217.698922 -8.255725e-06 -4.460889e-07 -6.387198e-08 -7.927275e-07 -1.055358e-05 -6.746565e-04 -3.686262e-05 -1.287968e-05
11222.259498 -8.173351e-06 -4.434976e-07 -6.371728e-08 -7.865186e-07 -1.721209e-06 -7.020537e-04 -3.670963e-05 -1.195922e-05
11226.832266 -8.083747e-06 -4.398532e-07 -6.298893e-08 -7.790098e-07 1.367368e-07 -6.925389e-04 -3.322010e-05 -1.099494e-05
11231.417226 -7.987803e-06 -4.354389e-07 -6.239278e-08 -7.707147e-07 -4.653696e-06 -6.812554e-04 -3.235143e-05 -1.111555e-06
11236.014377 -7.903554e-06 -4.319541e-07 -6.171386e-08 -7.649033e-07 -4.980656e-06 -6.903625e-04 -3.345585e-05 -5.992051e-06
11240.623721 -7.827690e-06 -4.292049e-07 -6.161968e-08 -7.595399e-07 4.117173e-06 -6.890507e-04 -4.613040e-05 -2.668167e-06
11245.245256 -7.721434e-06 -4.235602e-07 -6.068261e-08 -7.491947e-07 1.192372e-05 -6.485778e-04 -3.369543e-05 -2.630423e-07
11249.878983 -7.629790e-06 -4.193440e-07 -6.033533e-08 -7.413814e-07 2.017539e-05 -6.822974e-04 -2.794745e-05 3.482587e-06
11254.524902 -7.557499e-06 -4.168358e-07 -5.990217e-08 -7.366038e-07 1.507627e-05 -6.917572e-04 -2.378810e-05 8.001075e-06
11259.183013 -7.480514e-06 -4.138758e-07 -5.966111e-08 -7.312097e-07 2.227742e-06 -7.059182e-04 -2.185163e-05 -3.729932e-06
11263.853316 -7.406160e-06 -4.109383e-07 -5.957128e-08 -7.251963e-07 4.683873e-06 -6.930071e-04 -3.313466e-05 -2.197616e-05
11268.535811 -7.327539e-06 -4.076609e-07 -5.915820e-08 -7.191007e-07 5.027657e-06 -6.992203e-04 -3.786664e-05 -1.317930e-05
11273.230498 -7.218242e-06 -4.016872e-07 -5.868065e-08 -7.070417e-07 -8.612088e-06 -7.275333e-04 -3.158852e-05 -1.106602e-05
11277.937377 -7.171456e-06 -4.011767e-07 -5.887824e-08 -7.059038e-07 -7.261688e-06 -7.201876e-04 -2.428157e-05 -1.184909e-05
11282.656448 -7.094345e-06 -3.982516e-07 -5.836201e-08 -7.002256e-07 -1.022890e-05 -7.207675e-04 -3.440467e-05 -1.340064e-05
11287.387710 -7.019247e-06 -3.948381e-07 -5.820141e-08 -6.942192e-07 -1.034721e-05 -7.253396e-04 -3.194368e-05 -8.429973e-06
11292.131165 -6.923203e-06 -3.901655e-07 -5.764850e-08 -6.853382e-07 -5.843229e-06 -7.120011e-04 -3.561465e-05 -1.118982e-05
11296.886811 -6.869037e-06 -3.886993e-07 -5.783104e-08 -6.820108e-07 8.934129e-06 -7.224815e-04 -3.735794e-05 -1.632524e-05
11301.654649 -6.790361e-06 -3.849531e-07 -5.718722e-08 -6.750679e-07 2.290137e-06 -7.265339e-04 -4.182915e-05 -1.379358e-05
11306.434679 -6.700870e-06 -3.810597e-07 -5.670937e-08 -6.675680e-07 -1.328460e-06 -7.373671e-04 -4.127696e-05 2.180351e-05
11311.226901 -6.615774e-06 -3.775785e-07 -5.624147e-08 -6.606832e-07 1.042561e-06 -7.322554e-04 -4.510385e-05 2.629111e-05
11316.031315 -6.541148e-06 -3.723250e-07 -5.560094e-08 -6.542445e-07 -4.596026e-06 -7.467901e-04 -5.509337e-05 1.610855e-05
11320.847921 -6.494109e-06 -3.710283e-07 -5.546668e-08 -6.489086e-07 -1.304015e-05 -7.314016e-04 -4.467544e-05 2.407960e-05
11325.676719 -6.434087e-06 -3.689247e-07 -5.526651e-08 -6.451027e-07 -1.540761e-05 -7.451324e-04 -3.256578e-05 1.229769e-05
11330.517709 -6.357169e-06 -3.656275e-07 -5.491908e-08 -6.397007e-07 -1.085665e-05 -7.263396e-04 -4.482206e-05 -1.830695e-05
11335.370891 -6.245232e-06 -3.596986e-07 -5.417411e-08 -6.304932e-07 -9.681032e-06 -7.044300e-04 -4.179479e-05 -1.276548e-05
11340.236264 -6.246895e-06 -3.601977e-07 -5.436557e-08 -6.313079e-07 -4.414347e-06 -6.846416e-04 -3.644753e-05 -2.554467e-06
