# Facility.name: NSLS-II
# Facility.mode: Beam available
# Facility.current: 400.1534716484962
# Facility.current: 3 GeV
# Facility.year: 2023
# Facility.cycle: 2
# Facility.GUP: 312970
# Facility.SAF: 311402
# Experimenter.name: Esteban Fornero
# Beamline.name: ISS (8-ID)
# Beamline.x-ray_source: damping wiggler
# Beamline.collimation_mirror1.material: Si
# Beamline.collimation_mirror2.material: Pt
# Beamline.collimation_mirror2.bender_loading: -349.0
# Beamline.focusing: toroidal mirror
# Beamline.focusing.material: Pt
# Beamline.focusing.bender_loading: -418.0
# Beamline.harmonic_rejection: Si
# Mono.scan_mode: Si(111)
# Mono.d_spacing: 3.1354951
# Mono.scan_mode: pseudo-channel cut
# Mono.scan_type: fly_scan
# Mono.trajectory_name: 0f397ba2-1519.txt
# Mono.direction: None
# Mono.angle_offset: 0.69366577
# Mono.angle_offset: 39.744 deg
# Mono.encoder_resolution: 48.0 nrad
# Detector.I0: ion chamber
# Detector.I1: ion chamber
# Detector.I2: ion chamber
# Detector.IF: PIPS
# Detector.I0.length: 15 cm
# Detector.I1.length: 28 cm
# Detector.I2.length: 15 cm
# Detector.IF.thickness: 300 um
# Detector.I0.gas.N2: 38.0%
# Detector.I1.gas.N2: 38.0%
# Detector.I2.gas.N2: 38.0%
# Detector.I0.gas.He: 62.0%
# Detector.I1.gas.He: 62.0%
# Detector.I2.gas.He: 62.0%
# Detector.I0.voltage: -1649.999268
# Detector.I1.voltage: -1650.001831
# Detector.I2.voltage: -1650.0
# Detector.I0.gain: 4
# Detector.I1.gain: 6
# Detector.I2.gain: 6
# Detector.IF.gain: 6
# Detector.aux: {}
# Element.symbol: Ga
# Element.edge: K
# Element.line: None
# Scan.transient_id: 370582
# Scan.uid: 82593df0-46ee-4545-83b7-50f75979bde7
# Scan.edge_energy: 10367.0
# Scan.start_time: 06/22/2023  15:46:28.530005
# Scan.end_time: 06/22/2023  15:47:02.728588
# Scan.name: CuGaO2-2nd RT-bis (pos 001) Ga-K 0001
# Scan.comment: 
# Sample.name: CuGaO2-2nd
# Sample.comment: 
# Sample.position.x: -66.493997553
# Sample.position.y: 31.5900075375
# Sample.position.z: -10.184937499999995
# Sample.position.theta: 845.5790000000001
# SampleHeater.temperature1.setpoint: 300.0
# SampleHeater.temperature1.readback: 1372.0
# SampleHeater.current.setpoint: 0.0
# SampleHeater.current.readback: 0.0
# SampleHeater.temperature2.setpoint: 25.0
# SampleHeater.temperature2.readback: 25.6
# SampleHeater.voltage.setpoint: 0.0
# SampleHeater.voltage.readback: 0.0
# SampleHeater.PID.P: 0.025
# SampleHeater.PID.I: 0.07
# SampleHeater.PID.D: 0.0
# SampleGasCart.MFC.CH4.setpoint: 0.0
# SampleGasCart.MFC.CH4.readback: 0.0
# SampleGasCart.MFC.CO.setpoint: 0.0
# SampleGasCart.MFC.CO.readback: 0.0
# SampleGasCart.MFC.H2.setpoint: 0.0
# SampleGasCart.MFC.H2.readback: 0.0
# SampleGasCart.MFC.exhaust.setpoint: 100.0
# SampleGasCart.MFC.exhaust.readback: 0.0
# SampleGasHandlingSystem.gas_a.name: None
# SampleGasHandlingSystem.gas_b.name: None
# SampleGasHandlingSystem.gas_c.name: None
# SampleGasHandlingSystem.gas_d.name: None
# SampleGasHandlingSystem.gas_e.name: He
# SampleGasHandlingSystem.MFC1.setpoint: 0.0
# SampleGasHandlingSystem.MFC1.readback: -0.1383463591337204
# SampleGasHandlingSystem.MFC2.setpoint: 0.0
# SampleGasHandlingSystem.MFC2.readback: -0.0406901054084301
# SampleGasHandlingSystem.MFC3.setpoint: 0.0
# SampleGasHandlingSystem.MFC3.readback: 0.02034505270421505
# SampleGasHandlingSystem.MFC4.setpoint: 0.0
# SampleGasHandlingSystem.MFC4.readback: -0.048828125
# SampleGasHandlingSystem.MFC5.setpoint: 0.0
# SampleGasHandlingSystem.MFC5.readback: -0.0040690102614462376
# SampleGasHandlingSystem.MFC6.setpoint: 0.0
# SampleGasHandlingSystem.MFC6.readback: -0.0325520820915699
# SampleGasHandlingSystem.MFC7.setpoint: 0.0
# SampleGasHandlingSystem.MFC7.readback: -0.02848307229578495
# SampleGasHandlingSystem.MFC8.setpoint: 0.0
# SampleGasHandlingSystem.MFC8.readback: -0.0773111954331398
# SampleGasHandlingSystem.MFC9.setpoint: 0.0
# SampleGasHandlingSystem.MFC9.readback: -0.048828125
# SampleGasHandlingSystem.MFC10.setpoint: 0.0
# SampleGasHandlingSystem.MFC10.readback: 0.01627604104578495
# SampleGasHandlingSystem.MFC11.setpoint: 0.0
# SampleGasHandlingSystem.MFC11.readback: -0.0935872420668602
# SampleGasHandlingSystem.MFC12.setpoint: 0.0
# SampleGasHandlingSystem.MFC12.readback: -0.0447591133415699
# SampleGasHandlingSystem.MFC13.setpoint: 0.0
# SampleGasHandlingSystem.MFC13.readback: -0.0528971366584301
# SampleGasHandlingSystem.MFC14.setpoint: 0.0
# SampleGasHandlingSystem.MFC14.readback: -0.0651041641831398
# SampleGasHandlingSystem.MFC15.setpoint: 0.0
# SampleGasHandlingSystem.MFC15.readback: -0.10986328125
# SampleGasHandlingSystem.MFC16.setpoint: 0.0
# SampleGasHandlingSystem.MFC16.readback: -0.0325520820915699
# SampleGasHandlingSystem.RGA.ch1.mass: 2
# SampleGasHandlingSystem.RGA.ch1.readback: 5.42424e-10
# SampleGasHandlingSystem.RGA.ch2.mass: 4
# SampleGasHandlingSystem.RGA.ch2.readback: 2.89429e-10
# SampleGasHandlingSystem.RGA.ch3.mass: 12
# SampleGasHandlingSystem.RGA.ch3.readback: 6.47045e-12
# SampleGasHandlingSystem.RGA.ch4.mass: 16
# SampleGasHandlingSystem.RGA.ch4.readback: 4.09104e-09
# SampleGasHandlingSystem.RGA.ch5.mass: 18
# SampleGasHandlingSystem.RGA.ch5.readback: 2.95893e-09
# SampleGasHandlingSystem.RGA.ch6.mass: 28
# SampleGasHandlingSystem.RGA.ch6.readback: 1.27065e-07
# SampleGasHandlingSystem.RGA.ch7.mass: 32
# SampleGasHandlingSystem.RGA.ch7.readback: 2.0597e-08
# SampleGasHandlingSystem.RGA.ch8.mass: 40
# SampleGasHandlingSystem.RGA.ch8.readback: 1.11477e-11
# SampleGasHandlingSystem.RGA.ch9.mass: 44
# SampleGasHandlingSystem.RGA.ch9.readback: 7.63959e-11
# energy  i0  it  ir  iff  aux1  aux2  aux3  aux4
10167.000000 -3.521569e-05 -1.848024e-06 -5.269188e-07 -1.171572e-06 3.441327e-05 -1.393430e-04 -1.489963e-05 6.818729e-06
10172.000000 -3.508287e-05 -1.837231e-06 -5.211900e-07 -1.169822e-06 4.007213e-05 -1.250072e-04 -2.469494e-05 1.897370e-05
10177.000000 -3.498634e-05 -1.843278e-06 -5.175547e-07 -1.169104e-06 3.465863e-05 -1.289450e-04 -2.380773e-05 2.609748e-05
10182.000000 -3.488245e-05 -1.840421e-06 -5.077912e-07 -1.167188e-06 3.122844e-05 -1.280054e-04 -1.292718e-05 2.302102e-05
10187.000000 -3.488947e-05 -1.838071e-06 -4.890327e-07 -1.171131e-06 2.363962e-05 -1.289877e-04 -1.282129e-05 1.831592e-05
10192.000000 -3.496872e-05 -1.844553e-06 -4.487712e-07 -1.177149e-06 1.018773e-05 -1.185933e-04 -1.163075e-05 1.182689e-05
10197.000000 -3.495994e-05 -1.850255e-06 -3.342649e-07 -1.180198e-06 2.415392e-05 -1.168536e-04 -1.655404e-05 8.951544e-06
10202.000000 -3.491993e-05 -1.852996e-06 -1.144675e-07 -1.181913e-06 1.838694e-05 -1.247177e-04 -2.568226e-05 1.395931e-05
10207.000000 -3.489255e-05 -1.854569e-06 -4.346243e-08 -1.183425e-06 2.105486e-05 -1.536832e-04 -2.874044e-05 2.353123e-05
10212.000000 -3.483519e-05 -1.856415e-06 -8.830640e-08 -1.183212e-06 2.471898e-05 -1.280667e-04 -2.130796e-05 5.461480e-06
10217.000000 -3.477704e-05 -1.856638e-06 -1.153447e-07 -1.183369e-06 3.525377e-05 -1.203596e-04 -9.968854e-06 -8.961534e-06
10222.000000 -3.472605e-05 -1.858369e-06 -1.358998e-07 -1.184466e-06 4.380130e-05 -1.374755e-04 -8.068549e-06 -1.946563e-05
10227.000000 -3.468069e-05 -1.859507e-06 -1.496792e-07 -1.186412e-06 4.227968e-05 -1.542572e-04 -1.094596e-05 -2.852373e-05
10232.000000 -3.461828e-05 -1.861973e-06 -1.556678e-07 -1.187552e-06 3.503864e-05 -1.537816e-04 -1.782138e-05 -2.954750e-05
10237.000000 -3.460117e-05 -1.864334e-06 -1.593507e-07 -1.190346e-06 3.221254e-05 -1.569905e-04 -1.907138e-05 -1.976244e-05
10242.000000 -3.452587e-05 -1.862238e-06 -1.621389e-07 -1.189429e-06 3.147082e-05 -1.674603e-04 -1.664661e-05 -8.801494e-06
10247.000000 -3.445735e-05 -1.864298e-06 -1.681905e-07 -1.191176e-06 2.969122e-05 -1.566169e-04 -3.081943e-05 -2.520025e-05
10252.000000 -3.441608e-05 -1.866196e-06 -1.678003e-07 -1.192316e-06 2.929617e-05 -1.435001e-04 -3.089849e-05 -2.847179e-05
10257.000000 -3.434302e-05 -1.865585e-06 -1.613322e-07 -1.190373e-06 2.775956e-05 -1.421291e-04 -2.818635e-05 -3.404957e-05
10262.000000 -3.430907e-05 -1.871499e-06 -1.603470e-07 -1.194218e-06 2.317987e-05 -1.412275e-04 -1.699280e-05 -3.353151e-05
10267.000000 -3.433991e-05 -1.876153e-06 -1.632087e-07 -1.198682e-06 2.637109e-05 -1.446196e-04 -2.677933e-05 -3.105371e-05
10272.000000 -3.431928e-05 -1.879934e-06 -1.647834e-07 -1.201088e-06 2.937571e-05 -1.215568e-04 -2.589786e-05 -3.686063e-05
10277.000000 -3.420680e-05 -1.877063e-06 -1.636339e-07 -1.199140e-06 3.608067e-05 -1.396527e-04 -1.883648e-05 -2.736626e-05
10282.000000 -3.405463e-05 -1.875884e-06 -1.613207e-07 -1.197446e-06 3.281745e-05 -1.403290e-04 -2.448298e-05 -3.406795e-05
10287.000000 -3.409711e-05 -1.880447e-06 -1.626368e-07 -1.202028e-06 3.434171e-05 -1.521881e-04 -1.212757e-05 -3.477072e-05
10292.000000 -3.405805e-05 -1.882184e-06 -1.671595e-07 -1.203543e-06 3.051089e-05 -1.544549e-04 -1.234480e-05 -3.347645e-05
10297.000000 -3.398853e-05 -1.883271e-06 -1.695427e-07 -1.203441e-06 2.532939e-05 -1.436638e-04 -2.507969e-05 -2.901987e-05
10302.000000 -3.396239e-05 -1.884788e-06 -1.692212e-07 -1.205149e-06 2.663276e-05 -1.316797e-04 -2.909511e-05 -3.424675e-05
10307.000000 -3.389308e-05 -1.885871e-06 -1.687851e-07 -1.205382e-06 3.359982e-05 -1.178270e-04 -2.663588e-05 -2.632347e-05
10312.000000 -3.386496e-05 -1.891346e-06 -1.693186e-07 -1.208515e-06 3.211057e-05 -1.369051e-04 -4.156848e-05 -2.064174e-05
10317.000000 -3.385148e-05 -1.896743e-06 -1.687916e-07 -1.213373e-06 3.317378e-05 -1.408641e-04 -3.422582e-05 -2.446888e-05
10322.000000 -3.380405e-05 -1.897555e-06 -1.672112e-07 -1.215765e-06 3.782250e-05 -1.520956e-04 -3.448328e-05 -2.603986e-05
10327.000000 -3.366098e-05 -1.891762e-06 -1.650971e-07 -1.211718e-06 3.060534e-05 -1.435191e-04 -2.753999e-05 -2.577571e-05
10332.000000 -3.355891e-05 -1.893325e-06 -1.636337e-07 -1.214967e-06 2.941937e-05 -1.525691e-04 -2.626170e-05 -2.200977e-05
10337.000000 -3.370969e-05 -1.907320e-06 -1.643348e-07 -1.227737e-06 3.078753e-05 -1.720871e-04 -1.634053e-05 -2.316804e-05
10341.000000 -3.364188e-05 -1.903646e-06 -1.648703e-07 -1.229315e-06 3.921697e-05 -1.798926e-04 -2.879351e-05 -2.834900e-05
10344.000000 -3.356809e-05 -1.899959e-06 -1.661757e-07 -1.228608e-06 4.046264e-05 -1.723679e-04 -3.290280e-05 -2.923787e-05
10346.000000 -3.356555e-05 -1.902000e-06 -1.681273e-07 -1.232544e-06 3.011684e-05 -1.713307e-04 -4.074070e-05 -2.470346e-05
10347.000000 -3.359178e-05 -1.904912e-06 -1.695461e-07 -1.236665e-06 2.712275e-05 -1.758239e-04 -3.457170e-05 -8.553227e-06
10347.200000 -3.359794e-05 -1.902740e-06 -1.694241e-07 -1.237129e-06 2.236477e-05 -1.835930e-04 -3.482154e-05 -1.770900e-06
10347.400000 -3.357762e-05 -1.907031e-06 -1.699103e-07 -1.236498e-06 1.457597e-05 -1.769279e-04 -4.094004e-05 -6.082275e-06
10347.600000 -3.358094e-05 -1.904759e-06 -1.699421e-07 -1.236621e-06 2.636428e-05 -1.908440e-04 -3.692066e-05 -1.249225e-06
10347.800000 -3.359480e-05 -1.905942e-06 -1.702562e-07 -1.238101e-06 3.573391e-05 -1.972109e-04 -3.721922e-05 -5.773968e-06
10348.000000 -3.360035e-05 -1.907147e-06 -1.707578e-07 -1.239197e-06 4.253037e-05 -1.769106e-04 -3.266865e-05 -1.079914e-05
10348.200000 -3.359445e-05 -1.903743e-06 -1.706671e-07 -1.238824e-06 4.876849e-05 -1.806081e-04 -1.924253e-05 -9.416240e-06
10348.400000 -3.357981e-05 -1.905934e-06 -1.710349e-07 -1.237957e-06 4.753863e-05 -1.891567e-04 -1.723522e-05 -1.043445e-05
10348.600000 -3.357304e-05 -1.901032e-06 -1.703283e-07 -1.238229e-06 3.574443e-05 -1.629109e-04 -1.917792e-05 -1.736398e-05
10348.800000 -3.359140e-05 -1.908305e-06 -1.712407e-07 -1.240409e-06 4.835925e-05 -1.464417e-04 -1.747834e-05 -1.356344e-05
10349.000000 -3.358391e-05 -1.901835e-06 -1.707708e-07 -1.239952e-06 4.471987e-05 -1.769087e-04 -2.288100e-05 -1.581074e-05
10349.200000 -3.357398e-05 -1.907194e-06 -1.714507e-07 -1.239481e-06 4.203544e-05 -1.652571e-04 -2.166124e-05 -2.639738e-05
10349.400000 -3.356936e-05 -1.902280e-06 -1.712038e-07 -1.239742e-06 4.067319e-05 -1.677804e-04 -1.413757e-05 -1.847234e-05
10349.600000 -3.357599e-05 -1.905014e-06 -1.714872e-07 -1.240842e-06 5.146414e-05 -1.863398e-04 -3.995112e-05 -2.784689e-05
10349.800000 -3.357971e-05 -1.906595e-06 -1.717167e-07 -1.241649e-06 5.967802e-05 -1.699191e-04 -3.001176e-05 -2.697793e-05
10350.000000 -3.356894e-05 -1.900228e-06 -1.712551e-07 -1.241185e-06 5.899997e-05 -1.700560e-04 -2.866870e-05 -1.745534e-05
10350.200000 -3.354976e-05 -1.907255e-06 -1.725605e-07 -1.240893e-06 4.679514e-05 -1.827797e-04 -3.451608e-05 -2.238076e-05
10350.400000 -3.353304e-05 -1.899282e-06 -1.720987e-07 -1.238498e-06 3.984200e-05 -1.890791e-04 -3.117540e-05 -1.630620e-05
10350.600000 -3.351387e-05 -1.902382e-06 -1.726315e-07 -1.238349e-06 4.860479e-05 -1.831488e-04 -3.130311e-05 -1.457604e-05
10350.800000 -3.354086e-05 -1.903834e-06 -1.729568e-07 -1.239944e-06 5.637459e-05 -2.046932e-04 -2.814623e-05 -1.420782e-05
10351.000000 -3.352643e-05 -1.901597e-06 -1.728953e-07 -1.239976e-06 4.895715e-05 -2.343414e-04 -3.356045e-05 -1.467648e-05
10351.200000 -3.353828e-05 -1.904399e-06 -1.732340e-07 -1.241947e-06 5.073319e-05 -1.932455e-04 -2.484955e-05 -1.808531e-05
10351.400000 -3.355045e-05 -1.904078e-06 -1.731299e-07 -1.243098e-06 5.137726e-05 -1.921238e-04 -2.326801e-05 -2.599626e-05
10351.600000 -3.354693e-05 -1.908237e-06 -1.737699e-07 -1.244270e-06 5.161708e-05 -1.954571e-04 -3.478674e-05 -2.402175e-05
10351.800000 -3.355387e-05 -1.904700e-06 -1.735861e-07 -1.244535e-06 4.709396e-05 -1.689874e-04 -2.660878e-05 -2.543981e-05
10352.000000 -3.354951e-05 -1.906222e-06 -1.739525e-07 -1.244881e-06 4.890654e-05 -1.915078e-04 -2.400249e-05 -2.366930e-05
10352.200000 -3.352393e-05 -1.904615e-06 -1.738735e-07 -1.242470e-06 4.430420e-05 -1.792673e-04 -2.163201e-05 -3.789018e-05
10352.400000 -3.352455e-05 -1.904868e-06 -1.739465e-07 -1.243870e-06 4.903041e-05 -1.732746e-04 -2.957347e-05 -3.475919e-05
10352.600000 -3.353783e-05 -1.905639e-06 -1.741228e-07 -1.245073e-06 5.036278e-05 -1.813839e-04 -4.175856e-05 -3.314667e-05
10352.800000 -3.350268e-05 -1.905256e-06 -1.743349e-07 -1.243004e-06 4.413466e-05 -1.805105e-04 -3.456725e-05 -2.632379e-05
10353.000000 -3.348412e-05 -1.901503e-06 -1.742265e-07 -1.241738e-06 5.458491e-05 -1.820640e-04 -2.570950e-05 -1.499598e-05
10353.200000 -3.350634e-05 -1.905926e-06 -1.744794e-07 -1.244684e-06 4.866733e-05 -1.742353e-04 -2.524149e-05 -1.655962e-05
10353.400000 -3.349825e-05 -1.904046e-06 -1.746767e-07 -1.244800e-06 4.520223e-05 -1.643876e-04 -2.857526e-05 -1.836247e-05
10353.600000 -3.350289e-05 -1.902343e-06 -1.746641e-07 -1.245451e-06 4.157521e-05 -1.681923e-04 -4.223036e-05 -2.583052e-05
10353.800000 -3.350987e-05 -1.906643e-06 -1.749509e-07 -1.248167e-06 4.492495e-05 -1.810827e-04 -3.263513e-05 -2.253775e-05
10354.000000 -3.350391e-05 -1.902624e-06 -1.743724e-07 -1.247685e-06 4.267161e-05 -1.817482e-04 -3.362394e-05 -1.635394e-05
10354.200000 -3.351158e-05 -1.906916e-06 -1.748848e-07 -1.249324e-06 4.735375e-05 -1.637782e-04 -2.689518e-05 -1.995088e-05
10354.400000 -3.350118e-05 -1.903662e-06 -1.747967e-07 -1.248788e-06 4.689971e-05 -1.751764e-04 -2.695099e-05 -2.470810e-05
10354.600000 -3.349272e-05 -1.902080e-06 -1.747161e-07 -1.248868e-06 4.455871e-05 -1.728527e-04 -3.171433e-05 -2.386518e-05
10354.800000 -3.350260e-05 -1.905733e-06 -1.751185e-07 -1.250028e-06 3.915808e-05 -1.950601e-04 -3.241963e-05 -2.132289e-05
10355.000000 -3.350875e-05 -1.903803e-06 -1.748884e-07 -1.250736e-06 4.393764e-05 -1.749762e-04 -2.892832e-05 -1.553757e-05
10355.200000 -3.350286e-05 -1.905329e-06 -1.749313e-07 -1.251235e-06 4.486457e-05 -1.683356e-04 -1.444423e-05 -2.175830e-05
10355.400000 -3.349569e-05 -1.903713e-06 -1.748371e-07 -1.251585e-06 4.399282e-05 -1.813466e-04 -1.782525e-05 -1.527900e-05
10355.600000 -3.348972e-05 -1.903646e-06 -1.750127e-07 -1.252316e-06 5.250041e-05 -1.610180e-04 -2.863057e-05 -1.381983e-05
10355.800000 -3.347180e-05 -1.900888e-06 -1.749406e-07 -1.252189e-06 5.226818e-05 -1.710117e-04 -2.975258e-05 -2.772938e-05
10356.000000 -3.349249e-05 -1.902943e-06 -1.751304e-07 -1.253636e-06 5.239064e-05 -1.639850e-04 -3.463841e-05 -2.728021e-05
10356.200000 -3.348537e-05 -1.904059e-06 -1.753085e-07 -1.254311e-06 4.871606e-05 -1.864383e-04 -4.476895e-05 -2.800546e-05
10356.400000 -3.346700e-05 -1.901071e-06 -1.749824e-07 -1.254258e-06 5.418773e-05 -1.688412e-04 -3.559807e-05 -2.299685e-05
10356.600000 -3.346784e-05 -1.900222e-06 -1.746448e-07 -1.253514e-06 4.182367e-05 -1.928530e-04 -3.559328e-05 -2.556038e-05
10356.800000 -3.348071e-05 -1.906774e-06 -1.754838e-07 -1.255692e-06 5.208071e-05 -1.815536e-04 -4.092802e-05 -1.403732e-05
10357.000000 -3.347931e-05 -1.903425e-06 -1.751948e-07 -1.256264e-06 5.460427e-05 -1.930738e-04 -4.301474e-05 -1.594400e-05
10357.200000 -3.346245e-05 -1.902909e-06 -1.753497e-07 -1.256379e-06 4.506665e-05 -1.923932e-04 -3.720499e-05 -1.854738e-05
10357.400000 -3.344690e-05 -1.903253e-06 -1.754831e-07 -1.255746e-06 4.116411e-05 -1.571632e-04 -3.897059e-05 -1.939576e-05
10357.600000 -3.346188e-05 -1.901597e-06 -1.752589e-07 -1.257631e-06 4.876797e-05 -1.628642e-04 -3.328729e-05 -1.996902e-05
10357.800000 -3.345837e-05 -1.903914e-06 -1.755655e-07 -1.260007e-06 5.106114e-05 -1.472327e-04 -3.540533e-05 -2.258891e-05
10358.000000 -3.346069e-05 -1.900369e-06 -1.751654e-07 -1.260705e-06 5.119716e-05 -1.777446e-04 -3.535543e-05 -1.924916e-05
10358.200000 -3.343697e-05 -1.901580e-06 -1.755807e-07 -1.259753e-06 5.079376e-05 -1.850789e-04 -3.202667e-05 -2.304271e-05
10358.400000 -3.340232e-05 -1.896366e-06 -1.753482e-07 -1.257904e-06 5.419018e-05 -1.763056e-04 -2.716275e-05 -1.978824e-05
10358.600000 -3.341415e-05 -1.898906e-06 -1.758447e-07 -1.258875e-06 5.289047e-05 -1.609331e-04 -2.370601e-05 -3.330809e-05
10358.800000 -3.341972e-05 -1.899862e-06 -1.758381e-07 -1.260873e-06 5.948670e-05 -1.645668e-04 -3.928731e-05 -2.709581e-05
10359.000000 -3.340837e-05 -1.897849e-06 -1.753415e-07 -1.261433e-06 6.585770e-05 -1.621371e-04 -2.928296e-05 -1.987321e-05
10359.200000 -3.339104e-05 -1.896716e-06 -1.752504e-07 -1.261971e-06 5.507929e-05 -1.543442e-04 -2.968002e-05 -1.808234e-05
10359.400000 -3.341033e-05 -1.898864e-06 -1.753407e-07 -1.264291e-06 4.707797e-05 -1.487788e-04 -3.293132e-05 -2.480757e-05
10359.600000 -3.343079e-05 -1.899944e-06 -1.755106e-07 -1.266992e-06 4.186326e-05 -1.643642e-04 -4.964899e-05 -2.546472e-05
10359.800000 -3.342355e-05 -1.901078e-06 -1.756234e-07 -1.268532e-06 4.068080e-05 -1.707300e-04 -3.724403e-05 -1.862724e-05
10360.000000 -3.342157e-05 -1.899957e-06 -1.753708e-07 -1.269667e-06 4.586888e-05 -1.938082e-04 -4.714752e-05 -2.155180e-05
10360.200000 -3.342145e-05 -1.898667e-06 -1.752042e-07 -1.270673e-06 5.132687e-05 -1.543327e-04 -4.728546e-05 -1.301794e-05
10360.400000 -3.339378e-05 -1.899769e-06 -1.754030e-07 -1.269879e-06 4.276234e-05 -1.529422e-04 -5.134763e-05 -1.015461e-05
10360.600000 -3.332318e-05 -1.890826e-06 -1.746404e-07 -1.264796e-06 4.913528e-05 -1.409996e-04 -5.375245e-05 -5.172397e-06
10360.800000 -3.330922e-05 -1.888916e-06 -1.746531e-07 -1.265822e-06 4.643547e-05 -1.421522e-04 -5.392873e-05 -1.252097e-05
10361.000000 -3.328532e-05 -1.887172e-06 -1.748869e-07 -1.264282e-06 4.841097e-05 -1.638587e-04 -4.547837e-05 -2.025831e-05
10361.200000 -3.330925e-05 -1.889649e-06 -1.746884e-07 -1.268767e-06 4.880167e-05 -1.709926e-04 -4.312898e-05 -2.110349e-05
10361.400000 -3.335688e-05 -1.895173e-06 -1.749680e-07 -1.274830e-06 5.502594e-05 -1.823496e-04 -4.768212e-05 -1.178238e-05
10361.600000 -3.337954e-05 -1.894368e-06 -1.745276e-07 -1.278861e-06 5.032116e-05 -1.434413e-04 -4.304822e-05 -5.394549e-06
10361.800000 -3.337575e-05 -1.896619e-06 -1.748082e-07 -1.279987e-06 4.977469e-05 -1.694850e-04 -4.271792e-05 -1.405861e-05
10362.000000 -3.336547e-05 -1.892511e-06 -1.742844e-07 -1.281743e-06 5.384494e-05 -1.871864e-04 -4.336752e-05 -1.359768e-05
10362.200000 -3.337953e-05 -1.893540e-06 -1.742755e-07 -1.284009e-06 5.487015e-05 -2.010964e-04 -4.335726e-05 -1.634170e-05
10362.400000 -3.338357e-05 -1.895825e-06 -1.746743e-07 -1.286333e-06 4.472332e-05 -2.078054e-04 -4.551191e-05 -1.510684e-05
10362.600000 -3.337488e-05 -1.891676e-06 -1.742353e-07 -1.288096e-06 4.945000e-05 -2.305427e-04 -3.747477e-05 -1.413840e-05
10362.800000 -3.336326e-05 -1.893430e-06 -1.743887e-07 -1.289086e-06 4.806110e-05 -2.429533e-04 -2.854457e-05 -1.777507e-05
10363.000000 -3.335957e-05 -1.894117e-06 -1.745953e-07 -1.290822e-06 4.649118e-05 -2.456377e-04 -3.614405e-05 -1.744145e-05
10363.200000 -3.334610e-05 -1.890673e-06 -1.743302e-07 -1.292201e-06 5.148051e-05 -2.393627e-04 -4.243582e-05 -2.069149e-05
10363.400000 -3.333641e-05 -1.891507e-06 -1.746314e-07 -1.293602e-06 5.392333e-05 -2.453008e-04 -4.219727e-05 -2.393423e-05
10363.600000 -3.335214e-05 -1.888686e-06 -1.743114e-07 -1.297154e-06 5.190349e-05 -2.380362e-04 -5.211718e-05 -2.201822e-05
10363.800000 -3.335172e-05 -1.890359e-06 -1.744896e-07 -1.300581e-06 4.354703e-05 -2.335778e-04 -5.683272e-05 -2.821385e-05
10364.000000 -3.333859e-05 -1.887647e-06 -1.741195e-07 -1.302482e-06 4.708324e-05 -2.242806e-04 -4.953402e-05 -2.698691e-05
10364.200000 -3.335253e-05 -1.890085e-06 -1.744640e-07 -1.306520e-06 4.728587e-05 -1.970474e-04 -4.795113e-05 -1.381266e-05
10364.400000 -3.336158e-05 -1.889828e-06 -1.743146e-07 -1.310072e-06 4.754379e-05 -2.217246e-04 -4.178782e-05 -8.138652e-06
10364.600000 -3.336425e-05 -1.889369e-06 -1.740350e-07 -1.313196e-06 4.746004e-05 -2.346276e-04 -4.627654e-05 -6.185475e-06
10364.800000 -3.333749e-05 -1.886953e-06 -1.740440e-07 -1.315004e-06 5.838277e-05 -2.284953e-04 -4.391331e-05 -9.541344e-06
10365.000000 -3.334065e-05 -1.885979e-06 -1.740204e-07 -1.319037e-06 5.905712e-05 -2.484319e-04 -2.805122e-05 -9.458562e-06
10365.200000 -3.334527e-05 -1.885122e-06 -1.738809e-07 -1.323596e-06 5.760614e-05 -2.493949e-04 -2.370144e-05 -1.327717e-05
10365.400000 -3.334753e-05 -1.885360e-06 -1.738602e-07 -1.327682e-06 6.277971e-05 -2.432135e-04 -1.971364e-05 -1.588683e-05
10365.600000 -3.333598e-05 -1.885328e-06 -1.739152e-07 -1.331197e-06 5.547810e-05 -2.343869e-04 -2.053929e-05 -1.750070e-05
10365.800000 -3.332148e-05 -1.881128e-06 -1.733291e-07 -1.334247e-06 5.202088e-05 -2.186735e-04 -1.699418e-05 -1.945471e-05
10366.000000 -3.332879e-05 -1.885311e-06 -1.736435e-07 -1.340274e-06 5.499217e-05 -2.204516e-04 -1.815287e-05 -1.256577e-05
10366.200000 -3.332181e-05 -1.878475e-06 -1.729565e-07 -1.344925e-06 5.441640e-05 -2.291940e-04 -2.349856e-05 -1.284184e-05
10366.400000 -3.327570e-05 -1.876088e-06 -1.729983e-07 -1.347153e-06 4.163691e-05 -2.350535e-04 -3.702283e-05 -1.647759e-05
10366.600000 -3.322484e-05 -1.872008e-06 -1.727770e-07 -1.349084e-06 3.971837e-05 -2.347043e-04 -2.657382e-05 -7.573408e-06
10366.800000 -3.325880e-05 -1.872857e-06 -1.727915e-07 -1.358113e-06 5.336152e-05 -2.025173e-04 -2.844155e-05 -1.575768e-05
10367.000000 -3.327647e-05 -1.877755e-06 -1.733657e-07 -1.369563e-06 5.601581e-05 -1.888844e-04 -3.145805e-05 -1.313652e-05
10367.200000 -3.325918e-05 -1.868073e-06 -1.723517e-07 -1.375939e-06 5.048744e-05 -2.336845e-04 -1.780434e-05 -1.182790e-05
10367.400000 -3.324374e-05 -1.871740e-06 -1.724967e-07 -1.384407e-06 4.323990e-05 -2.264982e-04 -1.791186e-05 -1.169567e-05
10367.600000 -3.325306e-05 -1.864126e-06 -1.717512e-07 -1.395334e-06 3.601082e-05 -2.503796e-04 -2.225441e-05 -8.428334e-06
10367.800000 -3.325321e-05 -1.867120e-06 -1.719394e-07 -1.407501e-06 3.752508e-05 -2.369202e-04 -9.285246e-06 -4.091150e-06
10368.000000 -3.326346e-05 -1.862898e-06 -1.713666e-07 -1.423200e-06 3.439184e-05 -2.336951e-04 -1.268237e-05 -1.359745e-05
10368.200000 -3.326824e-05 -1.857229e-06 -1.707699e-07 -1.438820e-06 3.736410e-05 -2.315536e-04 -1.740189e-05 -1.010297e-05
10368.400000 -3.328520e-05 -1.862038e-06 -1.712177e-07 -1.457246e-06 3.184586e-05 -1.958520e-04 -1.177568e-05 1.707335e-07
10368.600000 -3.328953e-05 -1.853572e-06 -1.704192e-07 -1.476394e-06 3.091219e-05 -2.107011e-04 1.655444e-06 6.089119e-06
10368.800000 -3.329251e-05 -1.853797e-06 -1.705283e-07 -1.500723e-06 3.485757e-05 -2.218609e-04 -2.426699e-05 -8.010015e-06
10369.000000 -3.330676e-05 -1.845748e-06 -1.698744e-07 -1.524745e-06 3.587624e-05 -2.236738e-04 -2.104823e-05 -1.243565e-05
10369.200000 -3.329582e-05 -1.844693e-06 -1.699385e-07 -1.550821e-06 3.727756e-05 -2.133430e-04 -2.997515e-05 -1.254360e-05
10369.400000 -3.330965e-05 -1.838603e-06 -1.696183e-07 -1.581603e-06 4.034824e-05 -2.125955e-04 -2.493629e-05 -1.648280e-05
10369.600000 -3.330989e-05 -1.832443e-06 -1.690337e-07 -1.614051e-06 4.483275e-05 -2.008513e-04 -2.429719e-06 -6.092239e-06
10369.800000 -3.330047e-05 -1.825655e-06 -1.684942e-07 -1.649284e-06 4.886324e-05 -1.915197e-04 -1.658711e-05 -1.155407e-05
10370.000000 -3.329790e-05 -1.817921e-06 -1.675500e-07 -1.685875e-06 4.483228e-05 -1.964540e-04 -2.439449e-05 -8.168659e-06
10370.200000 -3.328289e-05 -1.812304e-06 -1.671274e-07 -1.725869e-06 4.371317e-05 -1.755400e-04 -2.749538e-05 -2.335993e-05
10370.400000 -3.328400e-05 -1.801011e-06 -1.659445e-07 -1.771256e-06 4.537702e-05 -1.708212e-04 -1.470541e-05 -2.145583e-05
10370.600000 -3.329920e-05 -1.799271e-06 -1.658434e-07 -1.822586e-06 4.764273e-05 -2.127708e-04 -2.248276e-05 -2.724840e-05
10370.800000 -3.327179e-05 -1.782703e-06 -1.639434e-07 -1.871583e-06 4.902026e-05 -1.877156e-04 -2.827785e-05 -3.916600e-05
10371.000000 -3.326494e-05 -1.776433e-06 -1.636338e-07 -1.928728e-06 5.354004e-05 -1.757242e-04 -3.293529e-05 -2.282308e-05
10371.200000 -3.325077e-05 -1.767225e-06 -1.627737e-07 -1.991097e-06 4.490489e-05 -1.658414e-04 -3.371296e-05 -1.298709e-05
10371.400000 -3.324865e-05 -1.752939e-06 -1.613708e-07 -2.056302e-06 4.445329e-05 -1.783762e-04 -2.950758e-05 -1.566791e-05
10371.600000 -3.324106e-05 -1.750174e-06 -1.614590e-07 -2.128503e-06 4.784597e-05 -1.809059e-04 -3.389654e-05 -5.317217e-06
10371.800000 -3.322513e-05 -1.729741e-06 -1.594052e-07 -2.204799e-06 4.947162e-05 -1.741327e-04 -3.256454e-05 2.378908e-06
10372.000000 -3.322379e-05 -1.727792e-06 -1.593273e-07 -2.288721e-06 5.626703e-05 -1.725096e-04 -2.962476e-05 -8.202522e-06
10372.200000 -3.319852e-05 -1.709371e-06 -1.574528e-07 -2.372725e-06 4.930782e-05 -1.853022e-04 -3.364819e-05 -1.241088e-05
10372.400000 -3.319431e-05 -1.697765e-06 -1.563275e-07 -2.464401e-06 3.699981e-05 -1.908504e-04 -2.578364e-05 -6.249013e-06
10372.600000 -3.317730e-05 -1.687081e-06 -1.551903e-07 -2.555850e-06 3.583351e-05 -1.997209e-04 -2.467281e-05 -6.545124e-06
10372.800000 -3.318990e-05 -1.671196e-06 -1.532848e-07 -2.651742e-06 4.023986e-05 -1.995947e-04 -2.584111e-05 2.394153e-06
10373.000000 -3.317577e-05 -1.664784e-06 -1.527736e-07 -2.745796e-06 3.957790e-05 -1.953387e-04 -3.070720e-05 -1.174496e-05
10373.200000 -3.318307e-05 -1.648546e-06 -1.511847e-07 -2.835347e-06 3.646145e-05 -2.045921e-04 -3.986503e-05 -1.266897e-05
10373.400000 -3.320356e-05 -1.643137e-06 -1.506824e-07 -2.926723e-06 3.395346e-05 -1.996847e-04 -3.932181e-05 -2.422674e-05
10373.600000 -3.321562e-05 -1.633678e-06 -1.497234e-07 -3.007548e-06 3.503642e-05 -1.982259e-04 -4.413768e-05 -3.422073e-05
10373.800000 -3.321964e-05 -1.623741e-06 -1.485504e-07 -3.079043e-06 4.652489e-05 -1.955781e-04 -3.833925e-05 -1.998266e-05
10374.000000 -3.322075e-05 -1.618893e-06 -1.481978e-07 -3.142501e-06 4.184693e-05 -2.093833e-04 -3.109980e-05 -1.599134e-05
10374.200000 -3.326116e-05 -1.614271e-06 -1.475322e-07 -3.203422e-06 3.878218e-05 -2.074238e-04 -2.233151e-05 -1.614341e-05
10374.400000 -3.327274e-05 -1.611870e-06 -1.475058e-07 -3.252376e-06 4.648865e-05 -2.092911e-04 -3.001112e-05 -2.614115e-05
10374.600000 -3.324465e-05 -1.602844e-06 -1.466815e-07 -3.287991e-06 4.625534e-05 -1.968001e-04 -2.438358e-05 -2.164963e-05
10374.800000 -3.322000e-05 -1.598772e-06 -1.465314e-07 -3.315360e-06 4.616290e-05 -1.955585e-04 -2.265633e-05 -3.058360e-05
10375.000000 -3.318889e-05 -1.593736e-06 -1.462594e-07 -3.335349e-06 3.277280e-05 -2.059622e-04 -2.484924e-05 -2.152130e-05
10375.200000 -3.319574e-05 -1.593715e-06 -1.461745e-07 -3.360627e-06 3.918627e-05 -2.419755e-04 -3.018014e-05 -3.740513e-05
10375.400000 -3.326546e-05 -1.595251e-06 -1.461996e-07 -3.395903e-06 4.029842e-05 -2.311993e-04 -4.034749e-05 -3.573502e-05
10375.600000 -3.330389e-05 -1.600572e-06 -1.465887e-07 -3.423222e-06 4.162630e-05 -1.915563e-04 -4.245269e-05 -2.502261e-05
10375.800000 -3.332163e-05 -1.597977e-06 -1.465017e-07 -3.439988e-06 3.617618e-05 -2.036966e-04 -4.299309e-05 -2.048561e-05
10376.000000 -3.330399e-05 -1.595860e-06 -1.461832e-07 -3.451116e-06 3.432523e-05 -2.034277e-04 -4.294378e-05 -2.326816e-05
10376.200000 -3.327549e-05 -1.594704e-06 -1.460472e-07 -3.457204e-06 2.946280e-05 -1.756273e-04 -3.173405e-05 -3.058601e-05
10376.400000 -3.326638e-05 -1.588980e-06 -1.453669e-07 -3.463866e-06 3.485671e-05 -1.894806e-04 -3.944153e-05 -4.001787e-05
10376.600000 -3.328239e-05 -1.594174e-06 -1.458324e-07 -3.473450e-06 3.776971e-05 -1.933343e-04 -4.260652e-05 -3.487477e-05
10376.800000 -3.327514e-05 -1.589242e-06 -1.452846e-07 -3.475892e-06 3.974117e-05 -1.972198e-04 -3.188655e-05 -1.891620e-05
10377.000000 -3.328422e-05 -1.595082e-06 -1.456789e-07 -3.477859e-06 4.747222e-05 -1.894365e-04 -3.441892e-05 -2.379282e-05
10377.200000 -3.328671e-05 -1.595543e-06 -1.459321e-07 -3.475566e-06 4.238094e-05 -1.988552e-04 -3.345850e-05 -1.714845e-05
10377.400000 -3.329303e-05 -1.594531e-06 -1.458150e-07 -3.467813e-06 4.232607e-05 -2.146860e-04 -3.795466e-05 -1.926127e-05
10377.600000 -3.328619e-05 -1.597389e-06 -1.460039e-07 -3.452497e-06 4.540500e-05 -2.044618e-04 -4.340608e-05 -2.041947e-05
10377.800000 -3.326175e-05 -1.592674e-06 -1.454755e-07 -3.430544e-06 4.360641e-05 -1.928801e-04 -4.338242e-05 -2.107239e-05
10378.000000 -3.327097e-05 -1.599832e-06 -1.461809e-07 -3.408285e-06 4.546259e-05 -1.916763e-04 -4.774812e-05 -1.870920e-05
10378.200000 -3.328912e-05 -1.602483e-06 -1.466866e-07 -3.383019e-06 4.236786e-05 -1.950349e-04 -4.515597e-05 -1.394752e-05
10378.400000 -3.328884e-05 -1.603914e-06 -1.469048e-07 -3.354757e-06 3.837548e-05 -2.031874e-04 -4.503168e-05 -1.336692e-05
10378.600000 -3.327446e-05 -1.609097e-06 -1.476221e-07 -3.318363e-06 3.379765e-05 -1.999255e-04 -3.835247e-05 -8.233193e-06
10378.800000 -3.327556e-05 -1.609242e-06 -1.475650e-07 -3.282370e-06 3.019817e-05 -2.125541e-04 -3.790063e-05 -1.362989e-05
10379.000000 -3.325353e-05 -1.612651e-06 -1.479107e-07 -3.242128e-06 4.151993e-05 -2.010442e-04 -2.903991e-05 -3.954003e-06
10379.200000 -3.327441e-05 -1.616242e-06 -1.478488e-07 -3.205951e-06 3.718500e-05 -1.942547e-04 -3.559097e-05 -1.696899e-05
10379.400000 -3.328765e-05 -1.622700e-06 -1.483897e-07 -3.168466e-06 3.700150e-05 -2.054321e-04 -4.214113e-05 -1.268620e-05
10379.600000 -3.328168e-05 -1.625685e-06 -1.487014e-07 -3.127346e-06 3.492067e-05 -2.350265e-04 -4.218299e-05 -4.253922e-06
10379.800000 -3.328061e-05 -1.629553e-06 -1.491996e-07 -3.087038e-06 3.161659e-05 -2.262288e-04 -4.540849e-05 -1.194539e-06
10380.000000 -3.324286e-05 -1.629120e-06 -1.492081e-07 -3.039305e-06 3.127670e-05 -2.154823e-04 -3.750579e-05 3.810410e-06
10380.200000 -3.326812e-05 -1.637225e-06 -1.497915e-07 -3.000647e-06 3.475713e-05 -2.080883e-04 -3.189818e-05 2.043771e-06
10380.400000 -3.326909e-05 -1.643756e-06 -1.502926e-07 -2.958664e-06 3.861229e-05 -1.986441e-04 -3.086517e-05 -9.705763e-06
10380.600000 -3.327411e-05 -1.647270e-06 -1.505987e-07 -2.915266e-06 3.556167e-05 -1.762163e-04 -2.377129e-05 -1.201577e-05
10380.800000 -3.327634e-05 -1.654809e-06 -1.513580e-07 -2.872860e-06 3.192403e-05 -1.719084e-04 -2.398215e-05 -9.514245e-06
10381.000000 -3.327305e-05 -1.655940e-06 -1.516169e-07 -2.827779e-06 3.951067e-05 -1.885277e-04 -3.567563e-05 -5.843810e-06
10381.200000 -3.327441e-05 -1.666207e-06 -1.528758e-07 -2.784767e-06 3.849399e-05 -2.005482e-04 -2.729681e-05 -8.572847e-06
10381.400000 -3.326653e-05 -1.665582e-06 -1.527187e-07 -2.740296e-06 3.607114e-05 -1.869596e-04 -3.712120e-05 -2.096391e-05
10381.600000 -3.323384e-05 -1.669309e-06 -1.531410e-07 -2.692011e-06 3.770218e-05 -2.075065e-04 -2.774086e-05 -2.928456e-05
10381.800000 -3.317670e-05 -1.671275e-06 -1.535606e-07 -2.641200e-06 3.922909e-05 -2.110933e-04 -2.447327e-05 -2.225358e-05
10382.000000 -3.312277e-05 -1.666403e-06 -1.527980e-07 -2.593911e-06 3.983893e-05 -2.041693e-04 -2.490732e-05 -2.311419e-05
10382.200000 -3.314670e-05 -1.679210e-06 -1.538554e-07 -2.561869e-06 3.469492e-05 -2.049447e-04 -3.441005e-05 -2.177269e-05
10382.400000 -3.317044e-05 -1.679787e-06 -1.541118e-07 -2.528788e-06 3.505896e-05 -2.027684e-04 -1.792158e-05 -1.072470e-05
10382.600000 -3.319211e-05 -1.690070e-06 -1.552509e-07 -2.500530e-06 4.187054e-05 -2.001568e-04 -1.123540e-05 -1.161403e-05
10382.800000 -3.326359e-05 -1.699806e-06 -1.558474e-07 -2.481332e-06 3.942483e-05 -1.975884e-04 -1.613776e-05 -8.478753e-06
10383.000000 -3.328518e-05 -1.705313e-06 -1.563026e-07 -2.456322e-06 3.960263e-05 -2.261996e-04 -1.613822e-05 -6.890239e-06
10383.200000 -3.328448e-05 -1.712828e-06 -1.574130e-07 -2.430851e-06 3.661053e-05 -2.222964e-04 -2.592595e-05 -1.434633e-05
10383.400000 -3.324120e-05 -1.706500e-06 -1.566665e-07 -2.398684e-06 3.290521e-05 -2.096983e-04 -2.666543e-05 -1.359004e-05
10383.600000 -3.318676e-05 -1.712466e-06 -1.573462e-07 -2.370177e-06 2.833518e-05 -2.075060e-04 -2.561436e-05 -1.150933e-06
10383.800000 -3.315289e-05 -1.706158e-06 -1.566703e-07 -2.344100e-06 2.773124e-05 -2.063139e-04 -2.677572e-05 -1.012522e-05
10384.000000 -3.318846e-05 -1.716726e-06 -1.573911e-07 -2.332618e-06 3.405943e-05 -1.888085e-04 -2.354975e-05 -2.760562e-06
10384.200000 -3.320842e-05 -1.718525e-06 -1.575203e-07 -2.321213e-06 4.959983e-05 -1.845423e-04 -2.561918e-05 -1.900847e-05
10384.400000 -3.319608e-05 -1.718103e-06 -1.574601e-07 -2.307343e-06 5.743010e-05 -1.743730e-04 -2.535105e-05 -1.836680e-05
10384.600000 -3.318064e-05 -1.719693e-06 -1.578192e-07 -2.293920e-06 4.996403e-05 -1.760225e-04 -2.976736e-05 -1.525146e-05
10384.800000 -3.321686e-05 -1.721413e-06 -1.577785e-07 -2.289556e-06 5.336729e-05 -1.819577e-04 -1.785692e-05 -3.093592e-06
10385.000000 -3.325826e-05 -1.729742e-06 -1.585177e-07 -2.286391e-06 6.048470e-05 -1.709258e-04 -1.506398e-05 3.194051e-06
10385.200000 -3.322998e-05 -1.725259e-06 -1.580153e-07 -2.275351e-06 5.949628e-05 -1.659739e-04 -1.702966e-05 3.003099e-07
10385.400000 -3.323015e-05 -1.731871e-06 -1.583749e-07 -2.270254e-06 4.580277e-05 -1.807540e-04 -1.442059e-05 -5.241251e-06
10385.600000 -3.324209e-05 -1.730341e-06 -1.579277e-07 -2.266514e-06 4.833375e-05 -1.783646e-04 -2.460264e-05 -5.098672e-06
10385.800000 -3.325473e-05 -1.732911e-06 -1.582042e-07 -2.263297e-06 5.173406e-05 -1.569378e-04 -1.825325e-05 -5.815133e-06
10386.000000 -3.324560e-05 -1.731020e-06 -1.579188e-07 -2.258989e-06 5.604507e-05 -1.868234e-04 -2.616587e-05 -1.972120e-05
10386.200000 -3.325083e-05 -1.730858e-06 -1.577441e-07 -2.256109e-06 5.673138e-05 -2.027499e-04 -2.330220e-05 -1.201231e-05
10386.400000 -3.323739e-05 -1.734378e-06 -1.580543e-07 -2.253084e-06 5.347849e-05 -2.010088e-04 -4.015617e-05 -1.379114e-05
10386.600000 -3.321724e-05 -1.727556e-06 -1.574258e-07 -2.247455e-06 5.447916e-05 -1.979379e-04 -3.932048e-05 -1.447615e-05
10386.800000 -3.323891e-05 -1.736209e-06 -1.580577e-07 -2.250391e-06 5.416990e-05 -2.149439e-04 -3.169647e-05 -1.793536e-05
10387.000000 -3.322076e-05 -1.729792e-06 -1.570307e-07 -2.247027e-06 4.718698e-05 -2.068438e-04 -2.498638e-05 -7.896684e-06
10387.200000 -3.322554e-05 -1.733671e-06 -1.574627e-07 -2.248744e-06 5.159287e-05 -2.083399e-04 -3.913029e-05 -1.386553e-05
10387.400000 -3.320676e-05 -1.731224e-06 -1.573829e-07 -2.247320e-06 6.141832e-05 -1.999091e-04 -3.566573e-05 -2.139292e-05
10387.600000 -3.319482e-05 -1.727122e-06 -1.568681e-07 -2.248834e-06 5.281841e-05 -1.951892e-04 -3.880392e-05 -2.801239e-05
10387.800000 -3.322223e-05 -1.732796e-06 -1.576385e-07 -2.254943e-06 5.600632e-05 -1.715496e-04 -3.336046e-05 -2.179024e-05
10388.000000 -3.320266e-05 -1.725121e-06 -1.567340e-07 -2.256441e-06 5.285383e-05 -1.650203e-04 -1.762603e-05 -2.737241e-05
10388.200000 -3.317357e-05 -1.725474e-06 -1.566046e-07 -2.256233e-06 5.151670e-05 -1.612196e-04 -2.275058e-05 -2.313584e-05
10388.400000 -3.320747e-05 -1.728275e-06 -1.565775e-07 -2.266274e-06 5.937199e-05 -1.630105e-04 -2.860845e-05 -2.188502e-05
10388.600000 -3.321980e-05 -1.726396e-06 -1.561647e-07 -2.272450e-06 6.275582e-05 -1.736762e-04 -1.958738e-05 -2.365702e-05
10388.800000 -3.322108e-05 -1.729051e-06 -1.564839e-07 -2.277401e-06 5.974377e-05 -1.830667e-04 -2.862900e-05 -1.863200e-05
10389.000000 -3.318067e-05 -1.720959e-06 -1.555283e-07 -2.277050e-06 6.486016e-05 -1.623722e-04 -3.347559e-05 -1.801949e-05
10389.200000 -3.314884e-05 -1.720164e-06 -1.555227e-07 -2.278502e-06 6.991656e-05 -1.605421e-04 -3.405302e-05 -1.679895e-05
10389.400000 -3.311204e-05 -1.714338e-06 -1.549266e-07 -2.278751e-06 6.917487e-05 -1.713660e-04 -2.017353e-05 -1.743819e-05
10389.600000 -3.306576e-05 -1.710159e-06 -1.543776e-07 -2.277280e-06 6.598840e-05 -1.746601e-04 -2.371115e-05 -1.083420e-05
10389.800000 -3.309895e-05 -1.713188e-06 -1.544518e-07 -2.290240e-06 6.208331e-05 -1.860798e-04 -2.677524e-05 -5.548254e-06
10390.000000 -3.311658e-05 -1.711662e-06 -1.540768e-07 -2.298172e-06 6.010877e-05 -2.130792e-04 -2.538619e-05 -1.752246e-05
10390.200000 -3.313628e-05 -1.716815e-06 -1.542660e-07 -2.304247e-06 6.266754e-05 -2.093272e-04 -3.987669e-05 -1.617850e-05
10390.400000 -3.313735e-05 -1.716440e-06 -1.536445e-07 -2.312454e-06 5.915200e-05 -2.019296e-04 -4.712651e-05 -2.328852e-05
10390.600000 -3.313965e-05 -1.715103e-06 -1.535923e-07 -2.320456e-06 6.383287e-05 -1.806978e-04 -3.351872e-05 -1.490399e-05
10390.800000 -3.311255e-05 -1.710891e-06 -1.531710e-07 -2.321628e-06 5.340243e-05 -1.743454e-04 -3.041828e-05 -6.188748e-06
10391.000000 -3.302536e-05 -1.701899e-06 -1.524007e-07 -2.315406e-06 5.631836e-05 -1.905299e-04 -2.443703e-05 -1.280372e-05
10391.200000 -3.300447e-05 -1.701077e-06 -1.523784e-07 -2.318448e-06 5.628643e-05 -2.023340e-04 -4.282145e-05 3.131450e-06
10391.400000 -3.307278e-05 -1.704411e-06 -1.523082e-07 -2.336358e-06 4.728747e-05 -1.948498e-04 -4.909822e-05 -9.635727e-06
10391.600000 -3.314483e-05 -1.713604e-06 -1.525353e-07 -2.353688e-06 4.721158e-05 -2.045004e-04 -5.289889e-05 -1.774139e-05
10391.800000 -3.318276e-05 -1.714944e-06 -1.522863e-07 -2.365908e-06 5.320455e-05 -2.304192e-04 -3.815879e-05 -1.635161e-05
10392.000000 -3.317095e-05 -1.714619e-06 -1.522549e-07 -2.369347e-06 6.915108e-05 -2.321809e-04 -3.063374e-05 -1.216180e-05
10392.200000 -3.316177e-05 -1.711330e-06 -1.518435e-07 -2.372535e-06 6.172605e-05 -2.094824e-04 -3.332088e-05 -1.775564e-05
10392.400000 -3.316275e-05 -1.713359e-06 -1.521006e-07 -2.377817e-06 6.040257e-05 -1.887269e-04 -2.798454e-05 -1.498205e-05
10392.600000 -3.314796e-05 -1.709177e-06 -1.515048e-07 -2.379780e-06 6.445288e-05 -1.874306e-04 -3.461664e-05 -1.386576e-05
10392.800000 -3.309714e-05 -1.705697e-06 -1.508454e-07 -2.374907e-06 5.584948e-05 -1.897827e-04 -4.553106e-05 -2.340685e-05
10393.000000 -3.305100e-05 -1.705179e-06 -1.507589e-07 -2.369740e-06 6.199563e-05 -1.878658e-04 -4.846610e-05 -2.148668e-05
10393.200000 -3.307862e-05 -1.706773e-06 -1.503597e-07 -2.374914e-06 6.073077e-05 -1.919797e-04 -5.339941e-05 -3.146136e-05
10393.400000 -3.311521e-05 -1.712007e-06 -1.506878e-07 -2.386320e-06 5.210917e-05 -2.048968e-04 -4.106835e-05 -2.757952e-05
10393.600000 -3.310221e-05 -1.707849e-06 -1.500527e-07 -2.386707e-06 5.333153e-05 -2.137857e-04 -4.766118e-05 -2.197328e-05
10393.800000 -3.312054e-05 -1.710864e-06 -1.502718e-07 -2.390290e-06 4.642407e-05 -1.747673e-04 -5.460589e-05 -1.604378e-05
10394.000000 -3.307702e-05 -1.705562e-06 -1.495870e-07 -2.386089e-06 5.591897e-05 -1.962382e-04 -4.649564e-05 -1.855645e-05
10394.200000 -3.305004e-05 -1.701427e-06 -1.489674e-07 -2.382313e-06 5.276527e-05 -2.024863e-04 -4.860360e-05 -2.358841e-05
10394.400000 -3.303566e-05 -1.704653e-06 -1.491819e-07 -2.381952e-06 4.487645e-05 -1.914156e-04 -3.698410e-05 -1.121446e-05
10394.600000 -3.307021e-05 -1.704829e-06 -1.487876e-07 -2.383520e-06 5.202012e-05 -2.049611e-04 -2.672412e-05 -9.967775e-06
10394.800000 -3.299962e-05 -1.702819e-06 -1.487215e-07 -2.377242e-06 4.041010e-05 -1.896239e-04 -2.162994e-05 -1.467961e-05
10395.000000 -3.300956e-05 -1.701825e-06 -1.485964e-07 -2.378422e-06 3.970885e-05 -1.982657e-04 -2.435433e-05 -1.064179e-05
10395.200000 -3.305895e-05 -1.707367e-06 -1.487639e-07 -2.387536e-06 3.941347e-05 -1.918684e-04 -9.832289e-06 -5.606366e-06
10395.400000 -3.308687e-05 -1.708789e-06 -1.486465e-07 -2.393290e-06 3.875208e-05 -1.889380e-04 -2.258257e-05 -4.963580e-06
10395.600000 -3.312255e-05 -1.710462e-06 -1.483464e-07 -2.395238e-06 4.798259e-05 -1.707861e-04 -3.503247e-05 -1.293234e-05
10395.800000 -3.312891e-05 -1.714131e-06 -1.485804e-07 -2.396620e-06 5.233503e-05 -1.662042e-04 -2.617644e-05 -3.138086e-06
10396.000000 -3.312358e-05 -1.711985e-06 -1.482660e-07 -2.393147e-06 5.231844e-05 -1.746377e-04 -2.997540e-05 -1.605327e-05
10396.200000 -3.310621e-05 -1.714055e-06 -1.482025e-07 -2.388787e-06 4.391008e-05 -1.882472e-04 -3.361392e-05 -1.965476e-05
10396.400000 -3.312402e-05 -1.714317e-06 -1.479547e-07 -2.386463e-06 4.251098e-05 -2.027290e-04 -3.799865e-05 -1.837012e-05
10396.600000 -3.312580e-05 -1.717964e-06 -1.480952e-07 -2.383770e-06 4.614242e-05 -1.995599e-04 -2.689242e-05 -3.303513e-06
10396.800000 -3.309393e-05 -1.712461e-06 -1.474732e-07 -2.375044e-06 5.087370e-05 -2.075221e-04 -1.910222e-05 -7.455110e-06
10397.000000 -3.310037e-05 -1.713335e-06 -1.474553e-07 -2.368927e-06 5.682914e-05 -1.756874e-04 -2.315807e-05 -1.357855e-05
10397.227860 -3.311129e-05 -1.714683e-06 -1.476733e-07 -2.363969e-06 5.270724e-05 -1.686511e-04 -2.421691e-05 -7.790277e-06
10397.483581 -3.310165e-05 -1.718013e-06 -1.482200e-07 -2.354460e-06 5.772967e-05 -1.660259e-04 -3.079176e-05 -4.270791e-06
10397.767162 -3.308702e-05 -1.717395e-06 -1.480387e-07 -2.339909e-06 6.045372e-05 -1.607690e-04 -4.363908e-05 -1.491656e-05
10398.078604 -3.304341e-05 -1.717026e-06 -1.474992e-07 -2.321428e-06 5.226970e-05 -1.698085e-04 -4.076540e-05 -5.882512e-07
10398.417905 -3.305510e-05 -1.718313e-06 -1.473174e-07 -2.308226e-06 5.343720e-05 -1.515389e-04 -4.516873e-05 -8.025885e-06
10398.785067 -3.310154e-05 -1.725107e-06 -1.478997e-07 -2.300077e-06 6.044341e-05 -1.584192e-04 -4.490720e-05 -5.377831e-06
10399.180090 -3.310252e-05 -1.727909e-06 -1.478747e-07 -2.282096e-06 6.212710e-05 -1.592890e-04 -3.922282e-05 -8.438984e-06
10399.602973 -3.304679e-05 -1.727455e-06 -1.471930e-07 -2.254935e-06 6.041915e-05 -1.585540e-04 -2.422457e-05 -1.132486e-05
10400.053716 -3.308749e-05 -1.732755e-06 -1.477167e-07 -2.241265e-06 5.492579e-05 -1.643511e-04 -1.657496e-05 -1.065650e-06
10400.532319 -3.309485e-05 -1.735774e-06 -1.480173e-07 -2.222189e-06 5.232836e-05 -1.677714e-04 -2.109462e-05 -7.095047e-06
10401.038783 -3.309149e-05 -1.739600e-06 -1.481510e-07 -2.201495e-06 5.291946e-05 -1.753848e-04 -2.607000e-05 -1.661324e-05
10401.573107 -3.305847e-05 -1.741034e-06 -1.487248e-07 -2.177312e-06 5.005334e-05 -1.759472e-04 -3.644012e-05 -2.608400e-05
10402.135292 -3.303232e-05 -1.739445e-06 -1.486379e-07 -2.157031e-06 5.191924e-05 -1.676216e-04 -3.134573e-05 -1.217466e-05
10402.725337 -3.306242e-05 -1.745446e-06 -1.490730e-07 -2.148517e-06 4.890514e-05 -1.808192e-04 -3.519252e-05 -1.581445e-05
10403.343242 -3.305897e-05 -1.746062e-06 -1.493869e-07 -2.140457e-06 5.282632e-05 -1.708056e-04 -2.433428e-05 -1.426691e-05
10403.989008 -3.303155e-05 -1.745449e-06 -1.496523e-07 -2.135249e-06 5.004978e-05 -1.373323e-04 -2.907662e-05 -1.553149e-05
10404.662634 -3.303330e-05 -1.746321e-06 -1.503673e-07 -2.138540e-06 5.183866e-05 -1.127745e-04 -2.856319e-05 -1.353486e-05
10405.364120 -3.301832e-05 -1.742946e-06 -1.510382e-07 -2.144178e-06 5.258769e-05 -1.363037e-04 -1.809579e-05 -1.187350e-05
10406.093467 -3.300081e-05 -1.742131e-06 -1.518248e-07 -2.153753e-06 5.418059e-05 -1.528585e-04 -2.535259e-05 -3.181897e-06
10406.850674 -3.295527e-05 -1.736394e-06 -1.520109e-07 -2.161316e-06 5.413174e-05 -1.468603e-04 -3.021167e-05 -2.415119e-06
10407.635741 -3.296887e-05 -1.735243e-06 -1.528459e-07 -2.178274e-06 5.509256e-05 -1.456440e-04 -2.695094e-05 -7.717739e-06
10408.448669 -3.299116e-05 -1.735968e-06 -1.539081e-07 -2.196670e-06 5.715867e-05 -1.674906e-04 -2.893746e-05 -1.441741e-05
10409.289457 -3.297164e-05 -1.732367e-06 -1.551220e-07 -2.210079e-06 5.845177e-05 -1.739256e-04 -2.131733e-05 -1.588576e-05
10410.158106 -3.296748e-05 -1.729645e-06 -1.563812e-07 -2.227236e-06 5.151821e-05 -1.871380e-04 -2.986385e-05 -1.070132e-05
10411.054614 -3.294602e-05 -1.724214e-06 -1.571933e-07 -2.246636e-06 6.480298e-05 -1.911532e-04 -2.535492e-05 -7.236060e-06
10411.978983 -3.290742e-05 -1.717522e-06 -1.581959e-07 -2.269354e-06 7.012749e-05 -1.984619e-04 -2.302673e-05 8.449371e-06
10412.931213 -3.290876e-05 -1.714534e-06 -1.590495e-07 -2.302546e-06 5.328071e-05 -1.987268e-04 -2.683903e-05 6.855768e-06
10413.911303 -3.285972e-05 -1.706475e-06 -1.596014e-07 -2.332716e-06 4.140520e-05 -1.820300e-04 -2.984683e-05 -2.619060e-06
10414.919253 -3.288302e-05 -1.702905e-06 -1.605569e-07 -2.374630e-06 4.811595e-05 -1.777935e-04 -2.350411e-05 -1.202771e-05
10415.955064 -3.288802e-05 -1.699083e-06 -1.607834e-07 -2.412129e-06 4.734446e-05 -1.734879e-04 -2.929566e-05 -1.413082e-05
10417.018734 -3.280039e-05 -1.687887e-06 -1.604615e-07 -2.431495e-06 4.634277e-05 -1.698084e-04 -2.281894e-05 -1.784921e-05
10418.110266 -3.275659e-05 -1.681761e-06 -1.601623e-07 -2.451066e-06 4.176043e-05 -1.872676e-04 -2.233026e-05 -2.284738e-05
10419.232723 -3.277981e-05 -1.681914e-06 -1.602804e-07 -2.477142e-06 4.086855e-05 -1.952007e-04 -2.839614e-05 -2.003644e-05
10420.367373 -3.276503e-05 -1.677694e-06 -1.601017e-07 -2.493440e-06 4.493339e-05 -1.897078e-04 -2.307811e-05 -2.331717e-05
10421.514214 -3.276116e-05 -1.676060e-06 -1.598586e-07 -2.510428e-06 4.314840e-05 -1.912221e-04 -2.225930e-05 -1.966514e-05
10422.673248 -3.276630e-05 -1.676537e-06 -1.595318e-07 -2.526445e-06 3.274535e-05 -1.871517e-04 -3.238865e-05 -2.061349e-05
10423.844473 -3.272024e-05 -1.671981e-06 -1.588096e-07 -2.531259e-06 3.476771e-05 -1.899419e-04 -3.152509e-05 -2.288917e-05
10425.027890 -3.274386e-05 -1.673717e-06 -1.586020e-07 -2.541952e-06 3.708213e-05 -1.689308e-04 -2.516724e-05 -1.686308e-05
10426.223499 -3.270985e-05 -1.672584e-06 -1.582618e-07 -2.541411e-06 3.376014e-05 -1.602319e-04 -3.064681e-05 -2.134492e-05
10427.431300 -3.270325e-05 -1.672784e-06 -1.581272e-07 -2.545645e-06 3.514974e-05 -1.725092e-04 -3.260029e-05 -2.417171e-05
10428.651293 -3.266980e-05 -1.669836e-06 -1.577401e-07 -2.543067e-06 2.402604e-05 -1.672914e-04 -3.229662e-05 -1.240694e-05
10429.883478 -3.264103e-05 -1.668688e-06 -1.577587e-07 -2.539094e-06 2.258051e-05 -1.677270e-04 -2.323790e-05 -9.101244e-06
10431.127855 -3.263791e-05 -1.670898e-06 -1.577745e-07 -2.538680e-06 2.910042e-05 -1.559823e-04 -2.671261e-05 -6.756086e-06
10432.384423 -3.262572e-05 -1.672086e-06 -1.578222e-07 -2.532005e-06 3.227216e-05 -1.613928e-04 -2.485182e-05 -1.096154e-05
10433.653184 -3.265786e-05 -1.677069e-06 -1.583110e-07 -2.527324e-06 2.702283e-05 -1.562611e-04 -3.334104e-05 -2.091856e-05
10434.934136 -3.264627e-05 -1.679036e-06 -1.584832e-07 -2.514659e-06 2.383396e-05 -1.578103e-04 -2.532823e-05 -1.264804e-05
10436.227280 -3.260422e-05 -1.678630e-06 -1.582655e-07 -2.499700e-06 3.084087e-05 -1.699988e-04 -2.532302e-05 -4.935586e-06
10437.532617 -3.257409e-05 -1.678197e-06 -1.580360e-07 -2.488212e-06 3.247289e-05 -1.653487e-04 -2.615266e-05 -1.451894e-05
10438.850145 -3.259430e-05 -1.681678e-06 -1.584384e-07 -2.484562e-06 2.651559e-05 -1.650054e-04 -3.000757e-05 -1.684395e-05
10440.179865 -3.257796e-05 -1.682174e-06 -1.582786e-07 -2.476072e-06 2.549194e-05 -1.692517e-04 -3.621013e-05 -2.684654e-05
10441.521777 -3.255318e-05 -1.683143e-06 -1.576361e-07 -2.464886e-06 3.006128e-05 -1.844062e-04 -3.258003e-05 -2.652103e-05
10442.875881 -3.252865e-05 -1.684488e-06 -1.571837e-07 -2.454056e-06 3.517178e-05 -1.723011e-04 -3.255480e-05 -1.828128e-05
10444.242177 -3.248161e-05 -1.681821e-06 -1.569111e-07 -2.441074e-06 4.189004e-05 -1.722586e-04 -3.583440e-05 -8.647501e-06
10445.620664 -3.249690e-05 -1.683915e-06 -1.568596e-07 -2.440373e-06 3.757402e-05 -1.823508e-04 -2.757114e-05 -1.709524e-05
10447.011344 -3.246712e-05 -1.684110e-06 -1.562841e-07 -2.435523e-06 3.250092e-05 -1.687643e-04 -2.571605e-05 -5.182210e-06
10448.414215 -3.243265e-05 -1.685789e-06 -1.559800e-07 -2.430016e-06 3.139518e-05 -1.902221e-04 -1.662778e-05 1.694832e-07
10449.829279 -3.238322e-05 -1.682833e-06 -1.557520e-07 -2.420714e-06 3.170988e-05 -1.937482e-04 -1.674662e-05 -1.722592e-05
10451.256534 -3.239623e-05 -1.686149e-06 -1.562017e-07 -2.418187e-06 3.211355e-05 -1.557591e-04 -3.137012e-05 -2.433894e-05
10452.695981 -3.239924e-05 -1.689418e-06 -1.567029e-07 -2.412051e-06 3.709533e-05 -1.723856e-04 -2.701962e-05 -2.150266e-05
10454.147620 -3.237748e-05 -1.690112e-06 -1.568517e-07 -2.404403e-06 3.333910e-05 -1.858101e-04 -3.332450e-05 -2.230721e-05
10455.611452 -3.234098e-05 -1.689517e-06 -1.568621e-07 -2.396733e-06 3.050881e-05 -1.875166e-04 -3.558607e-05 -1.345324e-05
10457.087475 -3.231652e-05 -1.689271e-06 -1.565607e-07 -2.392937e-06 3.308533e-05 -2.024620e-04 -4.509735e-05 -1.804464e-05
10458.575689 -3.228853e-05 -1.689507e-06 -1.563963e-07 -2.389672e-06 2.326536e-05 -1.964719e-04 -3.475182e-05 -1.840163e-05
10460.076096 -3.223714e-05 -1.686100e-06 -1.560727e-07 -2.383811e-06 2.500936e-05 -1.807596e-04 -3.489952e-05 -2.028634e-05
10461.588695 -3.219797e-05 -1.686781e-06 -1.559501e-07 -2.379525e-06 2.760613e-05 -1.977129e-04 -1.368642e-05 -1.806520e-05
10463.113485 -3.217689e-05 -1.686942e-06 -1.556064e-07 -2.377591e-06 2.064849e-05 -2.165718e-04 -1.304123e-05 -1.523964e-05
10464.650468 -3.214026e-05 -1.683108e-06 -1.548525e-07 -2.371809e-06 2.556885e-05 -2.319025e-04 -3.123327e-05 -2.597850e-05
10466.199642 -3.216941e-05 -1.688732e-06 -1.552434e-07 -2.377899e-06 2.069510e-05 -2.243718e-04 -3.181790e-05 -2.249208e-05
10467.761009 -3.217281e-05 -1.687746e-06 -1.550248e-07 -2.381017e-06 2.243922e-05 -2.272904e-04 -3.258155e-05 -7.304779e-06
10469.334567 -3.215445e-05 -1.687394e-06 -1.549903e-07 -2.381120e-06 2.094872e-05 -2.255156e-04 -2.196419e-05 -1.464932e-05
10470.920317 -3.213218e-05 -1.689228e-06 -1.550539e-07 -2.382763e-06 2.590878e-05 -2.137188e-04 -2.911311e-05 -1.702076e-05
10472.518259 -3.211849e-05 -1.687444e-06 -1.548732e-07 -2.384967e-06 3.406603e-05 -2.073586e-04 -2.256602e-05 2.159650e-06
10474.128393 -3.211844e-05 -1.689453e-06 -1.551113e-07 -2.389906e-06 2.481074e-05 -2.201665e-04 -1.531932e-05 1.930109e-06
10475.750719 -3.209708e-05 -1.689223e-06 -1.552359e-07 -2.392946e-06 3.150250e-05 -1.882837e-04 -1.500946e-05 6.310176e-06
10477.385237 -3.206450e-05 -1.686222e-06 -1.553724e-07 -2.395385e-06 3.573077e-05 -2.235979e-04 -1.900416e-05 1.317541e-06
10479.031946 -3.202454e-05 -1.686914e-06 -1.558703e-07 -2.396617e-06 3.535058e-05 -2.168068e-04 -1.549963e-05 -1.782251e-06
10480.690848 -3.197610e-05 -1.683717e-06 -1.560632e-07 -2.396978e-06 3.149455e-05 -1.779571e-04 -7.334297e-06 -5.485825e-06
10482.361942 -3.195134e-05 -1.683956e-06 -1.566634e-07 -2.399880e-06 3.994607e-05 -1.964981e-04 -1.728982e-05 4.150974e-06
10484.045227 -3.189635e-05 -1.682142e-06 -1.575814e-07 -2.397792e-06 3.397250e-05 -1.970473e-04 -2.724779e-05 -2.342514e-06
10485.740704 -3.185377e-05 -1.677148e-06 -1.582082e-07 -2.394299e-06 3.793796e-05 -1.970669e-04 -2.540515e-05 -1.039276e-05
10487.448374 -3.187244e-05 -1.679868e-06 -1.594153e-07 -2.400551e-06 3.871027e-05 -1.821829e-04 -1.635241e-05 -2.990256e-06
10489.168235 -3.185618e-05 -1.681179e-06 -1.601233e-07 -2.404169e-06 3.665127e-05 -2.070630e-04 -2.013481e-05 -6.419139e-06
10490.900288 -3.184320e-05 -1.681636e-06 -1.604326e-07 -2.407101e-06 3.477886e-05 -2.238381e-04 -1.726329e-05 -1.351909e-05
10492.644533 -3.181637e-05 -1.680679e-06 -1.608158e-07 -2.406693e-06 4.128508e-05 -2.322067e-04 -8.224812e-06 -3.851996e-06
10494.400970 -3.182098e-05 -1.681085e-06 -1.615248e-07 -2.412818e-06 3.330292e-05 -2.232274e-04 -2.851043e-06 -1.025068e-06
10496.169598 -3.179048e-05 -1.680952e-06 -1.621932e-07 -2.415921e-06 3.111951e-05 -2.254790e-04 2.578581e-06 -2.832185e-06
10497.950419 -3.173123e-05 -1.675946e-06 -1.621373e-07 -2.416728e-06 3.393105e-05 -2.025038e-04 -1.013754e-05 -7.428660e-06
10499.743432 -3.169554e-05 -1.676522e-06 -1.627689e-07 -2.424322e-06 3.815150e-05 -1.994023e-04 -1.638775e-05 -2.487817e-05
10501.548636 -3.165409e-05 -1.672464e-06 -1.629097e-07 -2.431803e-06 3.248011e-05 -2.246579e-04 -1.731763e-05 -2.361260e-05
10503.366032 -3.163192e-05 -1.673123e-06 -1.634917e-07 -2.440297e-06 2.588598e-05 -2.134476e-04 -8.176720e-06 -2.126720e-05
10505.195621 -3.160799e-05 -1.670801e-06 -1.635864e-07 -2.446067e-06 3.174764e-05 -2.274565e-04 -1.191917e-05 -1.327058e-05
10507.037401 -3.163077e-05 -1.673759e-06 -1.638060e-07 -2.457205e-06 2.925358e-05 -2.334906e-04 -2.872771e-05 -1.906946e-05
10508.891373 -3.160919e-05 -1.675086e-06 -1.636221e-07 -2.460466e-06 3.265028e-05 -2.052390e-04 -4.876251e-05 -1.437333e-05
10510.757537 -3.156914e-05 -1.673039e-06 -1.631139e-07 -2.459636e-06 3.983608e-05 -2.268922e-04 -5.412215e-05 -1.513764e-05
10512.635893 -3.147321e-05 -1.671660e-06 -1.626980e-07 -2.455070e-06 3.282820e-05 -2.419526e-04 -4.749157e-05 -1.459030e-05
10514.526441 -3.142687e-05 -1.668967e-06 -1.621286e-07 -2.454391e-06 3.449521e-05 -2.547907e-04 -5.469577e-05 -2.627195e-05
10516.429181 -3.145664e-05 -1.671310e-06 -1.620020e-07 -2.463123e-06 3.999000e-05 -2.390789e-04 -5.801974e-05 -2.791389e-05
10518.344112 -3.142956e-05 -1.671337e-06 -1.616978e-07 -2.464858e-06 3.875021e-05 -2.255033e-04 -4.582092e-05 -1.306217e-05
10520.271236 -3.130236e-05 -1.665969e-06 -1.610079e-07 -2.456688e-06 5.269890e-05 -2.053638e-04 -4.104284e-05 -1.109324e-05
10522.210552 -3.136490e-05 -1.671785e-06 -1.612639e-07 -2.462220e-06 4.468899e-05 -2.275776e-04 -5.748556e-05 -1.951968e-05
10524.162059 -3.132707e-05 -1.669456e-06 -1.605002e-07 -2.456148e-06 4.434275e-05 -2.073481e-04 -5.753750e-05 -1.900958e-05
10526.125758 -3.124094e-05 -1.669758e-06 -1.602348e-07 -2.444809e-06 3.881831e-05 -2.176044e-04 -5.168150e-05 -2.670427e-05
10528.101649 -3.112265e-05 -1.666166e-06 -1.596276e-07 -2.427955e-06 3.865993e-05 -1.898357e-04 -4.339875e-05 -2.053381e-05
10530.089733 -3.105764e-05 -1.659999e-06 -1.591486e-07 -2.412842e-06 3.708076e-05 -1.650914e-04 -4.537269e-05 -1.883909e-05
10532.090008 -3.109678e-05 -1.664637e-06 -1.595263e-07 -2.406789e-06 3.827929e-05 -1.617109e-04 -5.055524e-05 -2.372484e-05
10534.102475 -3.111085e-05 -1.670783e-06 -1.596007e-07 -2.405276e-06 3.958694e-05 -1.805592e-04 -3.843416e-05 -1.921014e-05
10536.127133 -3.110128e-05 -1.676263e-06 -1.598212e-07 -2.401784e-06 3.602209e-05 -1.950407e-04 -3.425238e-05 -1.424257e-05
10538.163984 -3.110567e-05 -1.676624e-06 -1.594743e-07 -2.396744e-06 3.762563e-05 -2.101587e-04 -4.532231e-05 -1.164852e-05
10540.213027 -3.106724e-05 -1.676941e-06 -1.597413e-07 -2.388325e-06 3.377797e-05 -2.200615e-04 -4.677779e-05 -1.029767e-05
10542.274261 -3.107098e-05 -1.678968e-06 -1.602693e-07 -2.390597e-06 2.916684e-05 -2.364601e-04 -3.047015e-05 -3.944061e-06
10544.347688 -3.105651e-05 -1.679350e-06 -1.607357e-07 -2.391759e-06 3.922340e-05 -2.421839e-04 -2.153608e-05 -8.557974e-06
10546.433306 -3.100922e-05 -1.679115e-06 -1.608593e-07 -2.389624e-06 4.029974e-05 -2.455589e-04 -2.642426e-05 -1.813639e-05
10548.531117 -3.097506e-05 -1.680951e-06 -1.614963e-07 -2.388301e-06 3.387709e-05 -2.050000e-04 -2.051457e-05 -2.300250e-05
10550.641119 -3.093466e-05 -1.679827e-06 -1.621002e-07 -2.386676e-06 3.826308e-05 -2.017679e-04 -2.785429e-05 -3.759208e-05
10552.763313 -3.083759e-05 -1.677013e-06 -1.626851e-07 -2.380732e-06 3.256412e-05 -2.170053e-04 -2.584954e-05 -2.912410e-05
10554.897699 -3.078937e-05 -1.672445e-06 -1.631071e-07 -2.378354e-06 3.393847e-05 -2.501335e-04 -2.869893e-05 -2.495764e-05
10557.044277 -3.079410e-05 -1.677110e-06 -1.641887e-07 -2.385574e-06 3.144291e-05 -2.582778e-04 -2.916924e-05 -1.737133e-05
10559.203047 -3.075287e-05 -1.676453e-06 -1.642243e-07 -2.388540e-06 3.033653e-05 -2.510778e-04 -2.951713e-05 -2.218826e-05
10561.374008 -3.071117e-05 -1.674629e-06 -1.643345e-07 -2.390309e-06 3.193014e-05 -2.690626e-04 -2.936609e-05 -2.181221e-05
10563.557162 -3.067311e-05 -1.673258e-06 -1.645988e-07 -2.392849e-06 3.818609e-05 -2.654196e-04 -3.706646e-05 -1.574395e-05
10565.752508 -3.061665e-05 -1.668016e-06 -1.646671e-07 -2.394467e-06 4.023011e-05 -2.741580e-04 -3.962215e-05 -1.719494e-05
10567.960045 -3.055217e-05 -1.667987e-06 -1.651956e-07 -2.392369e-06 3.856467e-05 -2.648337e-04 -5.688460e-05 -2.966100e-05
10570.179775 -3.047282e-05 -1.662512e-06 -1.651567e-07 -2.388843e-06 4.344383e-05 -2.556664e-04 -3.445722e-05 -2.054981e-05
10572.411696 -3.045450e-05 -1.664620e-06 -1.658069e-07 -2.393430e-06 2.983275e-05 -2.518169e-04 -4.368469e-05 -2.104963e-05
10574.655809 -3.043789e-05 -1.667732e-06 -1.666343e-07 -2.399857e-06 2.675837e-05 -2.498118e-04 -5.517933e-05 -1.967158e-05
10576.912114 -3.039667e-05 -1.665788e-06 -1.668262e-07 -2.400562e-06 3.564424e-05 -2.385340e-04 -4.443740e-05 -2.648785e-05
10579.180611 -3.034862e-05 -1.667653e-06 -1.675197e-07 -2.400978e-06 3.415740e-05 -2.318648e-04 -4.932320e-05 -3.698780e-05
10581.461300 -3.030271e-05 -1.663051e-06 -1.671841e-07 -2.398902e-06 2.234115e-05 -2.009518e-04 -5.777466e-05 -3.820572e-05
10583.754181 -3.022568e-05 -1.663002e-06 -1.673037e-07 -2.394242e-06 2.427806e-05 -1.990720e-04 -4.680206e-05 -3.174100e-05
10586.059254 -3.016320e-05 -1.659758e-06 -1.669374e-07 -2.391076e-06 3.526089e-05 -2.042993e-04 -4.119660e-05 -2.811676e-05
10588.376518 -3.009523e-05 -1.659193e-06 -1.668030e-07 -2.387962e-06 3.827327e-05 -1.954454e-04 -3.295458e-05 -3.035905e-05
10590.705975 -2.996659e-05 -1.657026e-06 -1.662985e-07 -2.378628e-06 3.136594e-05 -1.942016e-04 -3.022171e-05 -2.708354e-05
10593.047623 -2.982668e-05 -1.648278e-06 -1.654115e-07 -2.364681e-06 3.261192e-05 -2.086084e-04 -2.472687e-05 -2.456719e-05
10595.401464 -2.976970e-05 -1.649290e-06 -1.656864e-07 -2.359632e-06 3.246658e-05 -2.077995e-04 -3.152016e-05 -2.583462e-05
10597.767496 -2.976450e-05 -1.647877e-06 -1.656862e-07 -2.356770e-06 2.880577e-05 -2.096840e-04 -3.855798e-05 -8.979842e-08
10600.145720 -2.978482e-05 -1.654433e-06 -1.663748e-07 -2.359432e-06 2.496416e-05 -2.115497e-04 -4.160013e-05 1.156975e-05
10602.536136 -2.973190e-05 -1.654656e-06 -1.660055e-07 -2.352975e-06 3.150852e-05 -2.084993e-04 -3.159429e-05 2.316539e-05
10604.938744 -2.962689e-05 -1.651664e-06 -1.654779e-07 -2.341382e-06 3.672699e-05 -2.135856e-04 -3.515734e-05 1.882866e-05
10607.353544 -2.952945e-05 -1.650446e-06 -1.655374e-07 -2.331506e-06 2.565235e-05 -2.218241e-04 -4.017647e-05 1.447102e-05
10609.780536 -2.942276e-05 -1.642144e-06 -1.649893e-07 -2.322527e-06 2.305172e-05 -2.135304e-04 -3.688277e-05 2.059573e-05
10612.219720 -2.939390e-05 -1.644189e-06 -1.653423e-07 -2.325268e-06 2.011201e-05 -1.990289e-04 -4.239654e-05 1.741797e-05
10614.671096 -2.937634e-05 -1.645233e-06 -1.654732e-07 -2.328491e-06 3.013895e-05 -2.190686e-04 -3.483300e-05 1.929929e-05
10617.134663 -2.938793e-05 -1.647047e-06 -1.658107e-07 -2.334529e-06 3.931062e-05 -2.071222e-04 -1.891460e-05 2.684067e-05
10619.610423 -2.936457e-05 -1.649581e-06 -1.664003e-07 -2.338191e-06 4.069880e-05 -2.001500e-04 -3.061007e-05 1.721089e-05
10622.098374 -2.934826e-05 -1.647226e-06 -1.665742e-07 -2.342837e-06 3.427386e-05 -1.813247e-04 -3.344880e-05 1.259465e-05
10624.598517 -2.928769e-05 -1.646646e-06 -1.668687e-07 -2.340831e-06 2.387208e-05 -1.677774e-04 -3.639586e-05 -9.966552e-06
10627.110852 -2.923866e-05 -1.646758e-06 -1.667881e-07 -2.340366e-06 2.473425e-05 -1.811257e-04 -2.828371e-05 -1.500177e-05
10629.635380 -2.918518e-05 -1.646756e-06 -1.664605e-07 -2.341534e-06 2.684772e-05 -1.707297e-04 -2.847143e-05 -1.259239e-05
10632.172099 -2.912498e-05 -1.649027e-06 -1.665775e-07 -2.341357e-06 2.794589e-05 -2.004446e-04 -4.627718e-05 -2.520973e-05
10634.721009 -2.905153e-05 -1.644151e-06 -1.663306e-07 -2.337710e-06 3.150081e-05 -1.899046e-04 -4.570640e-05 -1.952896e-05
10637.282112 -2.896794e-05 -1.641829e-06 -1.663073e-07 -2.333740e-06 3.651120e-05 -1.981671e-04 -4.254906e-05 -9.908072e-06
10639.855407 -2.889787e-05 -1.640352e-06 -1.664280e-07 -2.329799e-06 3.373080e-05 -1.700024e-04 -4.929093e-05 -1.486392e-05
10642.440894 -2.883257e-05 -1.638307e-06 -1.664147e-07 -2.327303e-06 3.282234e-05 -1.937137e-04 -7.322799e-05 -1.456480e-05
10645.038572 -2.875538e-05 -1.642390e-06 -1.667977e-07 -2.323314e-06 3.790667e-05 -2.007233e-04 -5.864791e-05 -1.793424e-05
10647.648443 -2.865303e-05 -1.637080e-06 -1.667509e-07 -2.313245e-06 4.647691e-05 -2.028438e-04 -5.930106e-05 -1.729594e-05
10650.270505 -2.858553e-05 -1.633804e-06 -1.668722e-07 -2.310381e-06 4.021734e-05 -1.970639e-04 -4.294576e-05 -1.774180e-05
10652.904759 -2.849927e-05 -1.632623e-06 -1.674781e-07 -2.306134e-06 3.866858e-05 -1.907560e-04 -5.321504e-05 -2.658317e-05
10655.551205 -2.833904e-05 -1.623252e-06 -1.672512e-07 -2.286544e-06 4.111109e-05 -1.917818e-04 -6.222662e-05 -2.521664e-05
10658.209844 -2.815630e-05 -1.616571e-06 -1.669679e-07 -2.268881e-06 4.197951e-05 -1.881192e-04 -6.081714e-05 -2.230121e-05
10660.880674 -2.821777e-05 -1.626890e-06 -1.681198e-07 -2.281326e-06 4.492912e-05 -1.794979e-04 -4.655962e-05 -1.866105e-05
10663.563696 -2.825715e-05 -1.631082e-06 -1.691451e-07 -2.285396e-06 5.237534e-05 -1.766027e-04 -5.633827e-05 -2.431626e-05
10666.258909 -2.819894e-05 -1.632016e-06 -1.700733e-07 -2.278031e-06 5.915432e-05 -2.046266e-04 -4.250805e-05 -2.323924e-05
10668.966315 -2.813173e-05 -1.632701e-06 -1.706889e-07 -2.272767e-06 5.090068e-05 -2.106507e-04 -4.000614e-05 -2.621494e-05
10671.685913 -2.807759e-05 -1.632104e-06 -1.708552e-07 -2.267895e-06 4.365046e-05 -2.247256e-04 -3.968479e-05 -3.374112e-05
10674.417702 -2.797074e-05 -1.632292e-06 -1.711198e-07 -2.256050e-06 4.162817e-05 -2.157246e-04 -4.876422e-05 -3.189196e-05
10677.161684 -2.784042e-05 -1.624382e-06 -1.705598e-07 -2.241852e-06 4.191806e-05 -2.370640e-04 -3.339349e-05 -2.310091e-05
10679.917857 -2.772157e-05 -1.622419e-06 -1.706722e-07 -2.232506e-06 4.567065e-05 -2.389991e-04 -3.993186e-05 -2.496972e-05
10682.686222 -2.761118e-05 -1.620680e-06 -1.707060e-07 -2.221549e-06 3.703149e-05 -2.387623e-04 -4.646810e-05 -2.287738e-05
10685.466780 -2.749323e-05 -1.616076e-06 -1.705470e-07 -2.209834e-06 3.893284e-05 -2.319759e-04 -2.950663e-05 -1.721824e-05
10688.259529 -2.730719e-05 -1.608805e-06 -1.699847e-07 -2.194818e-06 4.099335e-05 -2.201797e-04 -4.109597e-05 -2.004203e-05
10691.064470 -2.720948e-05 -1.605110e-06 -1.699920e-07 -2.190680e-06 4.549363e-05 -2.268322e-04 -5.058284e-05 -2.213929e-05
10693.881602 -2.720159e-05 -1.603017e-06 -1.700759e-07 -2.197836e-06 4.105888e-05 -2.153134e-04 -4.786242e-05 -3.192092e-05
10696.710927 -2.720733e-05 -1.605975e-06 -1.705674e-07 -2.205957e-06 4.029185e-05 -2.146360e-04 -3.227769e-05 -2.625895e-05
10699.552444 -2.714856e-05 -1.607104e-06 -1.705218e-07 -2.206813e-06 5.399770e-05 -2.286472e-04 -4.091512e-05 -2.084680e-05
10702.406153 -2.700501e-05 -1.604044e-06 -1.700156e-07 -2.197729e-06 5.733364e-05 -2.302008e-04 -3.656015e-05 -2.659871e-05
10705.272053 -2.692689e-05 -1.601795e-06 -1.697564e-07 -2.196150e-06 5.811361e-05 -2.187898e-04 -4.596218e-05 -2.611683e-05
10708.150146 -2.690632e-05 -1.601822e-06 -1.701068e-07 -2.197686e-06 4.857616e-05 -2.182231e-04 -4.048143e-05 -3.370200e-05
10711.040430 -2.686717e-05 -1.599207e-06 -1.699138e-07 -2.194090e-06 4.619259e-05 -2.378726e-04 -2.709357e-05 -2.975979e-05
10713.942906 -2.676138e-05 -1.594599e-06 -1.694855e-07 -2.183534e-06 4.514382e-05 -2.248257e-04 -3.672734e-05 -3.497026e-05
10716.857574 -2.673175e-05 -1.599771e-06 -1.698817e-07 -2.188924e-06 4.427101e-05 -2.244501e-04 -4.087460e-05 -1.882812e-05
10719.784435 -2.667066e-05 -1.599368e-06 -1.697625e-07 -2.189419e-06 4.188407e-05 -2.390760e-04 -4.514293e-05 -3.211073e-05
10722.723487 -2.649301e-05 -1.586097e-06 -1.689057e-07 -2.169128e-06 4.444308e-05 -2.375541e-04 -4.582167e-05 -3.596215e-05
10725.674730 -2.638223e-05 -1.582676e-06 -1.693687e-07 -2.159190e-06 5.878136e-05 -2.241230e-04 -3.882981e-05 -3.049421e-05
10728.638166 -2.629587e-05 -1.583298e-06 -1.696136e-07 -2.159683e-06 5.367553e-05 -2.173011e-04 -3.157016e-05 -2.391378e-05
10731.613794 -2.623652e-05 -1.583897e-06 -1.692827e-07 -2.161226e-06 4.971488e-05 -2.399837e-04 -5.335574e-05 -2.566461e-05
10734.601614 -2.620870e-05 -1.586538e-06 -1.694845e-07 -2.161979e-06 4.423043e-05 -2.341173e-04 -5.878326e-05 -3.475496e-05
10737.601625 -2.608458e-05 -1.582884e-06 -1.694060e-07 -2.149089e-06 5.508073e-05 -2.171278e-04 -4.659941e-05 -3.361763e-05
10740.613829 -2.594311e-05 -1.575173e-06 -1.690342e-07 -2.132358e-06 5.634033e-05 -2.438974e-04 -4.281113e-05 -2.453175e-05
10743.638224 -2.585387e-05 -1.574379e-06 -1.688991e-07 -2.126264e-06 5.884648e-05 -2.349022e-04 -4.247278e-05 -2.955670e-05
10746.674811 -2.581047e-05 -1.577765e-06 -1.694856e-07 -2.128163e-06 6.248148e-05 -2.473469e-04 -4.037056e-05 -3.283097e-05
10749.723590 -2.565148e-05 -1.572150e-06 -1.694442e-07 -2.110263e-06 5.977544e-05 -2.452486e-04 -3.638459e-05 -2.990358e-05
10752.784561 -2.552652e-05 -1.566211e-06 -1.694322e-07 -2.098233e-06 5.582847e-05 -2.387290e-04 -4.041776e-05 -2.618030e-05
10755.857724 -2.540798e-05 -1.563563e-06 -1.693828e-07 -2.090745e-06 4.919236e-05 -2.493470e-04 -3.437274e-05 -2.600796e-05
10758.943079 -2.534436e-05 -1.562131e-06 -1.695480e-07 -2.087464e-06 4.037631e-05 -2.723379e-04 -4.186180e-05 -2.844765e-05
10762.040626 -2.533237e-05 -1.569335e-06 -1.702803e-07 -2.090394e-06 4.487483e-05 -2.761939e-04 -4.753798e-05 -3.323430e-05
10765.150365 -2.522937e-05 -1.565893e-06 -1.695194e-07 -2.083642e-06 4.032940e-05 -2.748319e-04 -2.848683e-05 -2.794423e-05
10768.272295 -2.511248e-05 -1.561734e-06 -1.688904e-07 -2.074180e-06 3.488945e-05 -2.830379e-04 -3.785292e-05 -2.962615e-05
10771.406418 -2.501334e-05 -1.560180e-06 -1.691557e-07 -2.067927e-06 3.946606e-05 -2.787648e-04 -5.331193e-05 -2.034353e-05
10774.552732 -2.487595e-05 -1.555924e-06 -1.690630e-07 -2.057224e-06 4.268520e-05 -2.830830e-04 -4.223359e-05 -1.234292e-05
10777.711239 -2.480675e-05 -1.555959e-06 -1.694592e-07 -2.057337e-06 4.027546e-05 -2.626113e-04 -4.767510e-05 -2.057889e-05
10780.881937 -2.469393e-05 -1.553627e-06 -1.700772e-07 -2.049705e-06 4.763735e-05 -2.498412e-04 -5.617709e-05 -2.419273e-05
10784.064827 -2.459660e-05 -1.551639e-06 -1.710590e-07 -2.043874e-06 4.529873e-05 -2.736087e-04 -5.600523e-05 -3.282115e-05
10787.259909 -2.446008e-05 -1.547068e-06 -1.713749e-07 -2.033512e-06 4.140493e-05 -2.708166e-04 -6.137076e-05 -3.779496e-05
10790.467183 -2.433804e-05 -1.543402e-06 -1.716858e-07 -2.025283e-06 4.352316e-05 -2.899344e-04 -5.638368e-05 -2.800089e-05
10793.686649 -2.420600e-05 -1.538477e-06 -1.719881e-07 -2.014791e-06 4.012645e-05 -2.718689e-04 -4.487841e-05 -2.795039e-05
10796.918307 -2.408405e-05 -1.535737e-06 -1.727177e-07 -2.007003e-06 4.235151e-05 -2.473072e-04 -4.163949e-05 -2.946134e-05
10800.162157 -2.395127e-05 -1.531841e-06 -1.729071e-07 -1.997821e-06 3.951111e-05 -2.503858e-04 -5.496516e-05 -1.906914e-05
10803.418198 -2.378432e-05 -1.524239e-06 -1.723712e-07 -1.982321e-06 4.134839e-05 -2.615758e-04 -5.315268e-05 -1.712732e-05
10806.686432 -2.357693e-05 -1.518540e-06 -1.721686e-07 -1.967684e-06 4.825644e-05 -2.407252e-04 -4.549869e-05 -1.142869e-05
10809.966857 -2.352528e-05 -1.515806e-06 -1.720955e-07 -1.966370e-06 3.712138e-05 -2.540854e-04 -5.851014e-05 -1.227494e-05
10813.259474 -2.346133e-05 -1.516432e-06 -1.721100e-07 -1.962904e-06 4.171183e-05 -2.592030e-04 -5.020611e-05 -1.913250e-05
10816.564284 -2.329538e-05 -1.509862e-06 -1.712189e-07 -1.948737e-06 4.375678e-05 -2.429000e-04 -5.678163e-05 -9.763875e-06
10819.881285 -2.318472e-05 -1.506385e-06 -1.707915e-07 -1.941232e-06 3.902101e-05 -2.129341e-04 -7.239831e-05 -2.106619e-05
10823.210478 -2.305719e-05 -1.502958e-06 -1.702429e-07 -1.931717e-06 4.508432e-05 -2.465404e-04 -6.115859e-05 -1.762730e-05
10826.551863 -2.288989e-05 -1.495928e-06 -1.693892e-07 -1.916716e-06 4.899475e-05 -2.643083e-04 -5.104041e-05 -1.272600e-05
10829.905440 -2.276548e-05 -1.492842e-06 -1.686080e-07 -1.908988e-06 5.015140e-05 -2.532238e-04 -4.063303e-05 -6.572235e-06
10833.271209 -2.260186e-05 -1.486172e-06 -1.672908e-07 -1.895508e-06 4.252504e-05 -2.535936e-04 -4.065870e-05 -5.500754e-06
10836.649169 -2.249169e-05 -1.483930e-06 -1.669279e-07 -1.887891e-06 3.407756e-05 -2.544594e-04 -4.840538e-05 -7.984145e-06
10840.039322 -2.237076e-05 -1.480503e-06 -1.664219e-07 -1.879354e-06 3.206496e-05 -2.437398e-04 -5.857425e-05 -4.750860e-06
10843.441666 -2.219135e-05 -1.472374e-06 -1.653359e-07 -1.860148e-06 2.467132e-05 -2.417650e-04 -5.814844e-05 -4.701023e-06
10846.856203 -2.203026e-05 -1.466102e-06 -1.646775e-07 -1.847213e-06 3.361646e-05 -2.295189e-04 -4.321783e-05 -5.461656e-08
10850.282931 -2.191132e-05 -1.463696e-06 -1.649233e-07 -1.840602e-06 4.241333e-05 -2.215545e-04 -4.537445e-05 -3.299389e-06
10853.721851 -2.174784e-05 -1.457309e-06 -1.648194e-07 -1.828170e-06 4.137604e-05 -2.324811e-04 -4.209007e-05 2.631945e-06
10857.172964 -2.162159e-05 -1.453232e-06 -1.648897e-07 -1.817037e-06 2.978003e-05 -2.414181e-04 -4.062985e-05 -6.325947e-06
10860.636268 -2.148131e-05 -1.450568e-06 -1.652399e-07 -1.808476e-06 3.956716e-05 -2.407298e-04 -3.422985e-05 -5.358946e-06
10864.111764 -2.133847e-05 -1.444579e-06 -1.650916e-07 -1.795842e-06 4.420596e-05 -2.402167e-04 -3.400300e-05 -1.056747e-05
10867.599451 -2.115539e-05 -1.434718e-06 -1.646193e-07 -1.779326e-06 3.925350e-05 -2.529181e-04 -4.249924e-05 -4.642341e-06
10871.099331 -2.092737e-05 -1.421719e-06 -1.634863e-07 -1.757247e-06 3.583936e-05 -2.465844e-04 -4.288241e-05 -7.589944e-06
10874.611403 -2.078838e-05 -1.418770e-06 -1.629376e-07 -1.750660e-06 4.230671e-05 -2.548969e-04 -4.793006e-05 -4.493909e-06
10878.135666 -2.066447e-05 -1.416392e-06 -1.628792e-07 -1.744786e-06 4.158095e-05 -2.562860e-04 -5.710429e-05 -3.929066e-06
10881.672122 -2.054459e-05 -1.410918e-06 -1.627970e-07 -1.735766e-06 4.530754e-05 -2.482967e-04 -4.733442e-05 -2.457989e-06
10885.220769 -2.042514e-05 -1.407008e-06 -1.624115e-07 -1.728137e-06 5.285393e-05 -2.514709e-04 -5.353627e-05 -1.350428e-06
10888.781609 -2.027501e-05 -1.401353e-06 -1.618032e-07 -1.717490e-06 5.296620e-05 -2.351565e-04 -5.441906e-05 4.700023e-06
10892.354640 -2.012044e-05 -1.396021e-06 -1.617393e-07 -1.706561e-06 5.104680e-05 -2.357063e-04 -5.244361e-05 5.001483e-06
10895.939863 -1.992785e-05 -1.385771e-06 -1.610584e-07 -1.688839e-06 3.747098e-05 -2.750434e-04 -5.274297e-05 2.288379e-06
10899.537278 -1.979677e-05 -1.382716e-06 -1.615469e-07 -1.682323e-06 4.307138e-05 -2.721221e-04 -5.821730e-05 -2.091599e-06
10903.146885 -1.962743e-05 -1.376496e-06 -1.616219e-07 -1.667282e-06 5.064004e-05 -2.772310e-04 -5.426604e-05 1.132544e-06
10906.768684 -1.949588e-05 -1.371857e-06 -1.618647e-07 -1.656858e-06 4.439278e-05 -2.830549e-04 -4.508339e-05 2.082169e-06
10910.402675 -1.935949e-05 -1.367298e-06 -1.622786e-07 -1.646905e-06 4.070007e-05 -2.871979e-04 -4.246297e-05 -2.655705e-06
10914.048857 -1.919613e-05 -1.359571e-06 -1.623174e-07 -1.632311e-06 4.899334e-05 -2.795008e-04 -3.764850e-05 7.580160e-06
10917.707232 -1.904976e-05 -1.354302e-06 -1.622717e-07 -1.621697e-06 4.581117e-05 -2.643708e-04 -4.828908e-05 -3.449903e-06
10921.377799 -1.886984e-05 -1.346158e-06 -1.614278e-07 -1.606867e-06 4.068551e-05 -2.507912e-04 -4.189461e-05 -3.847223e-06
10925.060557 -1.872912e-05 -1.341271e-06 -1.612901e-07 -1.597700e-06 2.706904e-05 -2.471619e-04 -4.351601e-05 -4.143341e-06
10928.755507 -1.854256e-05 -1.331517e-06 -1.606409e-07 -1.580085e-06 3.746265e-05 -2.676076e-04 -3.022426e-05 3.697396e-06
10932.462650 -1.837314e-05 -1.324747e-06 -1.600201e-07 -1.564717e-06 3.577747e-05 -2.609135e-04 -3.332302e-05 -5.580659e-06
10936.181984 -1.819965e-05 -1.316195e-06 -1.589247e-07 -1.550136e-06 3.167389e-05 -2.509692e-04 -4.007108e-05 -1.574735e-05
10939.913510 -1.805685e-05 -1.311016e-06 -1.587534e-07 -1.541027e-06 2.991977e-05 -2.567489e-04 -5.206212e-05 -1.596042e-05
10943.657228 -1.793674e-05 -1.304728e-06 -1.580881e-07 -1.533195e-06 2.587998e-05 -2.522041e-04 -4.847177e-05 -1.112805e-05
10947.413138 -1.776396e-05 -1.295386e-06 -1.569244e-07 -1.518604e-06 2.107723e-05 -2.436791e-04 -4.522036e-05 -8.545451e-06
10951.181239 -1.754415e-05 -1.284718e-06 -1.556772e-07 -1.499626e-06 1.439773e-05 -2.416720e-04 -4.509173e-05 -1.217449e-05
10954.961533 -1.741306e-05 -1.277702e-06 -1.547969e-07 -1.490013e-06 3.193015e-05 -2.401374e-04 -4.520738e-05 -4.548077e-06
10958.754019 -1.727605e-05 -1.271836e-06 -1.539976e-07 -1.477258e-06 2.519074e-05 -2.266004e-04 -4.517627e-05 4.520951e-07
10962.558696 -1.708229e-05 -1.260281e-06 -1.523680e-07 -1.460209e-06 2.885122e-05 -2.023259e-04 -4.957598e-05 -8.901325e-06
10966.375565 -1.698325e-05 -1.255834e-06 -1.517039e-07 -1.454776e-06 3.065155e-05 -2.073514e-04 -4.934540e-05 -1.059793e-05
10970.204627 -1.685357e-05 -1.249587e-06 -1.506443e-07 -1.443581e-06 2.179974e-05 -2.053253e-04 -4.995719e-05 -1.907872e-05
10974.045880 -1.673192e-05 -1.244521e-06 -1.498433e-07 -1.435033e-06 2.595839e-05 -2.272187e-04 -4.177820e-05 -1.294411e-05
10977.899325 -1.654992e-05 -1.234051e-06 -1.488655e-07 -1.418614e-06 2.726392e-05 -2.593060e-04 -4.775666e-05 -8.677476e-06
10981.764962 -1.642479e-05 -1.229134e-06 -1.484998e-07 -1.411757e-06 3.758177e-05 -2.542694e-04 -5.236674e-05 -1.714222e-05
10985.642791 -1.627038e-05 -1.222132e-06 -1.478022e-07 -1.399445e-06 2.978815e-05 -2.348941e-04 -5.269609e-05 -1.434565e-05
10989.532812 -1.608573e-05 -1.209090e-06 -1.469093e-07 -1.380911e-06 2.416796e-05 -2.278429e-04 -6.579776e-05 -1.375234e-05
10993.435025 -1.591559e-05 -1.199259e-06 -1.461804e-07 -1.364911e-06 2.959941e-05 -2.323999e-04 -5.127342e-05 2.753512e-06
10997.349429 -1.581207e-05 -1.196058e-06 -1.461057e-07 -1.362005e-06 2.897018e-05 -2.405349e-04 -4.362831e-05 2.325268e-06
11001.276026 -1.566664e-05 -1.187237e-06 -1.460353e-07 -1.350474e-06 2.816385e-05 -2.555144e-04 -4.327478e-05 4.560885e-06
11005.214814 -1.550212e-05 -1.177591e-06 -1.451637e-07 -1.336524e-06 2.623018e-05 -2.521264e-04 -4.348090e-05 -1.196540e-05
11009.165795 -1.534548e-05 -1.168821e-06 -1.446048e-07 -1.322473e-06 3.009000e-05 -2.528801e-04 -3.530528e-05 -1.588435e-05
11013.128967 -1.525735e-05 -1.165909e-06 -1.448055e-07 -1.320512e-06 3.020125e-05 -2.507540e-04 -4.230723e-05 -1.094678e-05
11017.104331 -1.511864e-05 -1.157706e-06 -1.441641e-07 -1.310070e-06 3.163498e-05 -2.518171e-04 -4.204580e-05 -1.389874e-05
11021.091888 -1.496781e-05 -1.149301e-06 -1.434721e-07 -1.298092e-06 2.871526e-05 -2.567485e-04 -4.821063e-05 -5.977990e-06
11025.091636 -1.483114e-05 -1.141370e-06 -1.428708e-07 -1.287868e-06 1.695813e-05 -2.678149e-04 -5.422375e-05 -6.627271e-06
11029.103575 -1.466277e-05 -1.129529e-06 -1.418578e-07 -1.272449e-06 2.381560e-05 -2.652127e-04 -4.881732e-05 3.341223e-06
11033.127707 -1.451835e-05 -1.120713e-06 -1.415337e-07 -1.262059e-06 2.095128e-05 -2.682939e-04 -4.499622e-05 -2.648874e-06
11037.164031 -1.438846e-05 -1.112818e-06 -1.412479e-07 -1.253075e-06 1.625108e-05 -2.778776e-04 -4.087761e-05 -2.167295e-06
11041.212547 -1.421849e-05 -1.100019e-06 -1.403389e-07 -1.237484e-06 1.782805e-05 -2.768024e-04 -4.386277e-05 -8.756541e-06
11045.273254 -1.408666e-05 -1.092672e-06 -1.402926e-07 -1.226742e-06 2.600170e-05 -2.608369e-04 -4.957180e-05 -1.458204e-05
11049.346154 -1.398590e-05 -1.088661e-06 -1.399901e-07 -1.220928e-06 2.649781e-05 -2.599544e-04 -5.152507e-05 -2.010824e-05
11053.431245 -1.382400e-05 -1.077789e-06 -1.388184e-07 -1.205903e-06 2.258852e-05 -2.658943e-04 -4.430273e-05 -9.553138e-06
11057.528529 -1.373107e-05 -1.072863e-06 -1.387110e-07 -1.201239e-06 1.881178e-05 -2.476048e-04 -4.954736e-05 2.949005e-06
11061.638004 -1.358339e-05 -1.064082e-06 -1.375349e-07 -1.188856e-06 1.761959e-05 -2.562314e-04 -4.615589e-05 -2.620247e-07
11065.759671 -1.344418e-05 -1.054651e-06 -1.365266e-07 -1.176641e-06 2.646141e-05 -2.731629e-04 -4.538858e-05 -7.395111e-06
11069.893530 -1.335933e-05 -1.050327e-06 -1.361476e-07 -1.173421e-06 3.379675e-05 -2.767104e-04 -4.373618e-05 -1.618695e-05
11074.039581 -1.321108e-05 -1.041301e-06 -1.347995e-07 -1.160906e-06 2.970901e-05 -2.865410e-04 -2.981980e-05 -1.270850e-05
11078.197824 -1.309251e-05 -1.033592e-06 -1.338778e-07 -1.151952e-06 2.848566e-05 -2.759313e-04 -2.762141e-05 -4.215200e-06
11082.368258 -1.296905e-05 -1.025935e-06 -1.325093e-07 -1.142877e-06 3.464164e-05 -2.688938e-04 -2.923708e-05 -6.977223e-06
11086.550885 -1.284579e-05 -1.018869e-06 -1.313317e-07 -1.134282e-06 3.355184e-05 -2.754060e-04 -4.766192e-05 -7.172377e-06
11090.745704 -1.271158e-05 -1.009679e-06 -1.299428e-07 -1.123942e-06 3.964390e-05 -2.950901e-04 -5.271883e-05 -1.103204e-05
11094.952714 -1.260504e-05 -1.004414e-06 -1.293332e-07 -1.116483e-06 4.523686e-05 -2.971112e-04 -4.877580e-05 -1.748825e-05
11099.171916 -1.248433e-05 -9.963416e-07 -1.286346e-07 -1.107254e-06 4.353574e-05 -2.851968e-04 -3.426108e-05 -1.136618e-05
11103.403311 -1.235577e-05 -9.873518e-07 -1.279056e-07 -1.096741e-06 4.272423e-05 -2.882349e-04 -2.824639e-05 -1.650067e-05
11107.646897 -1.223850e-05 -9.807529e-07 -1.273107e-07 -1.088234e-06 3.907127e-05 -2.983998e-04 -4.670939e-05 -1.486890e-05
11111.902675 -1.211382e-05 -9.726132e-07 -1.263588e-07 -1.078767e-06 2.834462e-05 -2.925794e-04 -4.103643e-05 -2.646448e-06
11116.170645 -1.198290e-05 -9.636367e-07 -1.257753e-07 -1.066647e-06 2.456860e-05 -2.679797e-04 -4.247433e-05 -7.433568e-08
11120.450807 -1.186244e-05 -9.559757e-07 -1.251476e-07 -1.057324e-06 2.745401e-05 -2.399384e-04 -5.110910e-05 -9.508459e-06
11124.743161 -1.172707e-05 -9.459223e-07 -1.246317e-07 -1.044997e-06 2.878499e-05 -2.626035e-04 -4.990980e-05 -6.219917e-06
11129.047707 -1.157152e-05 -9.343836e-07 -1.236907e-07 -1.030678e-06 3.387217e-05 -2.585474e-04 -5.103089e-05 -1.475718e-05
11133.364444 -1.146258e-05 -9.264250e-07 -1.226898e-07 -1.023026e-06 3.520223e-05 -2.337108e-04 -4.504076e-05 -1.000397e-05
11137.693374 -1.135622e-05 -9.199846e-07 -1.221475e-07 -1.016026e-06 3.608095e-05 -2.242341e-04 -4.843246e-05 -1.105582e-05
11142.034495 -1.125945e-05 -9.143895e-07 -1.215834e-07 -1.009352e-06 4.055378e-05 -2.323391e-04 -4.051680e-05 -1.106492e-05
11146.387809 -1.116428e-05 -9.082105e-07 -1.207916e-07 -1.004143e-06 3.156376e-05 -2.471150e-04 -4.057284e-05 -1.664109e-05
11150.753314 -1.105004e-05 -9.013358e-07 -1.199589e-07 -9.955113e-07 2.696748e-05 -2.323707e-04 -4.513847e-05 -1.209933e-05
11155.131011 -1.088867e-05 -8.878425e-07 -1.186730e-07 -9.821535e-07 2.451330e-05 -2.305414e-04 -5.606655e-05 -1.472923e-05
11159.520900 -1.066396e-05 -8.737468e-07 -1.170761e-07 -9.645163e-07 2.530392e-05 -2.242805e-04 -4.889827e-05 -1.300166e-05
11163.922981 -1.057921e-05 -8.734528e-07 -1.171810e-07 -9.562721e-07 2.152267e-05 -2.165496e-04 -5.127742e-05 -8.824497e-06
11168.337254 -1.050364e-05 -8.602028e-07 -1.159015e-07 -9.520920e-07 2.022630e-05 -2.284599e-04 -5.256751e-05 -5.737205e-06
11172.763719 -1.050340e-05 -8.646586e-07 -1.169780e-07 -9.535686e-07 3.019690e-05 -2.284088e-04 -3.864047e-05 -4.306398e-06
11177.202376 -1.040791e-05 -8.589423e-07 -1.167142e-07 -9.460241e-07 3.102758e-05 -2.247407e-04 -4.779472e-05 -9.398222e-06
11181.653224 -1.026445e-05 -8.486425e-07 -1.160421e-07 -9.319104e-07 3.037441e-05 -2.159955e-04 -5.437110e-05 -3.725094e-06
11186.116265 -1.015411e-05 -8.411067e-07 -1.154868e-07 -9.231495e-07 3.175884e-05 -1.934888e-04 -5.904062e-05 -7.387502e-06
11190.591497 -1.004587e-05 -8.344454e-07 -1.150028e-07 -9.138595e-07 3.485242e-05 -1.959291e-04 -6.160983e-05 -1.555404e-05
11195.078922 -9.927649e-06 -8.255178e-07 -1.140030e-07 -9.032023e-07 3.557119e-05 -2.211957e-04 -6.184741e-05 -2.122419e-05
11199.578538 -9.870941e-06 -8.218738e-07 -1.135433e-07 -9.031146e-07 4.276430e-05 -2.215885e-04 -6.564385e-05 -1.603099e-05
11204.090346 -9.752853e-06 -8.137886e-07 -1.128721e-07 -8.926954e-07 4.101357e-05 -2.178430e-04 -5.993915e-05 -1.935954e-05
11208.614346 -9.653493e-06 -8.064636e-07 -1.121540e-07 -8.856869e-07 3.781178e-05 -1.984724e-04 -3.579442e-05 -8.771217e-06
11213.150538 -9.553624e-06 -7.995463e-07 -1.112072e-07 -8.783114e-07 3.472729e-05 -1.836155e-04 -2.536321e-05 -1.081994e-05
11217.698922 -9.471184e-06 -7.930177e-07 -1.100993e-07 -8.734011e-07 3.756235e-05 -1.785717e-04 -3.395349e-05 -1.911364e-05
11222.259498 -9.373683e-06 -7.862916e-07 -1.093339e-07 -8.660407e-07 3.762312e-05 -1.830570e-04 -4.352539e-05 -1.454042e-05
11226.832266 -9.270691e-06 -7.796143e-07 -1.084589e-07 -8.579958e-07 3.553531e-05 -1.827558e-04 -5.370727e-05 -7.964310e-06
11231.417226 -9.137626e-06 -7.705761e-07 -1.070413e-07 -8.445399e-07 2.720746e-05 -1.702091e-04 -4.179068e-05 7.899968e-06
11236.014377 -9.040378e-06 -7.632361e-07 -1.059800e-07 -8.373313e-07 2.422232e-05 -1.867528e-04 -4.376834e-05 -6.493962e-06
11240.623721 -8.949243e-06 -7.557093e-07 -1.051757e-07 -8.310791e-07 2.241203e-05 -1.929091e-04 -4.418276e-05 -1.036179e-05
11245.245256 -8.829527e-06 -7.470838e-07 -1.042571e-07 -8.201682e-07 2.267740e-05 -1.805114e-04 -5.350829e-05 -1.135239e-05
11249.878983 -8.705501e-06 -7.383469e-07 -1.030554e-07 -8.085045e-07 1.613198e-05 -1.776559e-04 -5.236631e-05 -7.840760e-06
11254.524902 -8.637334e-06 -7.333168e-07 -1.023175e-07 -8.055647e-07 9.757066e-06 -1.523876e-04 -5.854346e-05 -1.569745e-05
11259.183013 -8.580676e-06 -7.292099e-07 -1.020684e-07 -8.039026e-07 2.110773e-05 -1.942052e-04 -5.260819e-05 -5.642774e-06
11263.853316 -8.479720e-06 -7.218220e-07 -1.013905e-07 -7.950932e-07 2.472191e-05 -2.047119e-04 -4.959318e-05 -1.312055e-05
11268.535811 -8.399333e-06 -7.156703e-07 -1.007090e-07 -7.899229e-07 3.676337e-05 -2.034050e-04 -4.013113e-05 -1.125786e-05
11273.230498 -8.293377e-06 -7.073422e-07 -1.000742e-07 -7.807180e-07 2.988120e-05 -2.158923e-04 -4.075972e-05 -1.229347e-05
11277.937377 -8.208757e-06 -7.013446e-07 -9.980643e-08 -7.742937e-07 2.456229e-05 -2.235659e-04 -4.198979e-05 -7.639628e-06
11282.656448 -8.140537e-06 -6.968106e-07 -9.936602e-08 -7.707500e-07 2.322354e-05 -2.178939e-04 -4.669267e-05 -6.775322e-06
11287.387710 -8.048713e-06 -6.902515e-07 -9.891365e-08 -7.634000e-07 3.049249e-05 -2.404868e-04 -4.391321e-05 -6.258892e-06
11292.131165 -7.947042e-06 -6.823322e-07 -9.811532e-08 -7.550203e-07 3.101938e-05 -2.551737e-04 -3.981597e-05 -1.011462e-05
11296.886811 -7.869530e-06 -6.770271e-07 -9.749521e-08 -7.491014e-07 3.027891e-05 -2.462955e-04 -4.339376e-05 -9.149415e-06
11301.654649 -7.756346e-06 -6.679200e-07 -9.648296e-08 -7.386586e-07 3.379349e-05 -2.404220e-04 -4.857291e-05 1.234630e-05
11306.434679 -7.635398e-06 -6.585338e-07 -9.513487e-08 -7.276950e-07 2.829725e-05 -2.514082e-04 -4.616307e-05 2.727553e-05
11311.226901 -7.560547e-06 -6.534221e-07 -9.459314e-08 -7.234632e-07 2.358005e-05 -2.367325e-04 -4.840295e-05 2.440351e-05
11316.031315 -7.496655e-06 -6.453941e-07 -9.362539e-08 -7.199361e-07 2.150237e-05 -2.205106e-04 -5.836570e-05 2.749359e-05
11320.847921 -7.438441e-06 -6.424802e-07 -9.343505e-08 -7.142353e-07 1.711302e-05 -2.099895e-04 -5.545454e-05 1.862939e-05
11325.676719 -7.362167e-06 -6.367270e-07 -9.285531e-08 -7.090889e-07 2.417648e-05 -2.128788e-04 -5.354855e-05 1.921277e-05
11330.517709 -7.260855e-06 -6.285750e-07 -9.191989e-08 -7.009529e-07 2.686004e-05 -2.186416e-04 -5.385128e-05 2.186472e-05
11335.370891 -7.115304e-06 -6.165567e-07 -9.031132e-08 -6.880892e-07 3.116865e-05 -2.126696e-04 -5.515504e-05 2.725991e-05
11340.236264 -7.113893e-06 -6.152254e-07 -9.030152e-08 -6.895158e-07 3.334155e-05 -2.081492e-04 -5.189778e-05 3.464829e-05
