# Facility.name: NSLS-II
# Facility.mode: Beam available
# Facility.current: 399.28228976633847
# Facility.current: 3 GeV
# Facility.year: 2023
# Facility.cycle: 2
# Facility.GUP: 312970
# Facility.SAF: 311402
# Experimenter.name: Esteban Fornero
# Beamline.name: ISS (8-ID)
# Beamline.x-ray_source: damping wiggler
# Beamline.collimation_mirror1.material: Si
# Beamline.collimation_mirror2.material: Pt
# Beamline.collimation_mirror2.bender_loading: -348.0
# Beamline.focusing: toroidal mirror
# Beamline.focusing.material: Pt
# Beamline.focusing.bender_loading: -418.0
# Beamline.harmonic_rejection: Si
# Mono.scan_mode: Si(111)
# Mono.d_spacing: 3.1354951
# Mono.scan_mode: pseudo-channel cut
# Mono.scan_type: fly_scan
# Mono.trajectory_name: 0f397ba2-1519.txt
# Mono.direction: None
# Mono.angle_offset: 0.69366577
# Mono.angle_offset: 39.744 deg
# Mono.encoder_resolution: 48.0 nrad
# Detector.I0: ion chamber
# Detector.I1: ion chamber
# Detector.I2: ion chamber
# Detector.IF: PIPS
# Detector.I0.length: 15 cm
# Detector.I1.length: 28 cm
# Detector.I2.length: 15 cm
# Detector.IF.thickness: 300 um
# Detector.I0.gas.N2: 38.0%
# Detector.I1.gas.N2: 38.0%
# Detector.I2.gas.N2: 38.0%
# Detector.I0.gas.He: 62.0%
# Detector.I1.gas.He: 62.0%
# Detector.I2.gas.He: 62.0%
# Detector.I0.voltage: -1650.001953
# Detector.I1.voltage: -1650.000366
# Detector.I2.voltage: -1650.002441
# Detector.I0.gain: 4
# Detector.I1.gain: 6
# Detector.I2.gain: 6
# Detector.IF.gain: 6
# Detector.aux: {}
# Element.symbol: Ga
# Element.edge: K
# Element.line: None
# Scan.transient_id: 370656
# Scan.uid: 084ba5df-33da-45d4-a80e-c1c0f0b00231
# Scan.edge_energy: 10367.0
# Scan.start_time: 06/22/2023  17:31:10.011095
# Scan.end_time: 06/22/2023  17:31:45.046691
# Scan.name: CuGaO2-2nd O2- RT (pos 001) Ga-K 0001
# Scan.comment: 
# Sample.name: CuGaO2-2nd
# Sample.comment: 
# Sample.position.x: -66.493997553
# Sample.position.y: 31.5900075375
# Sample.position.z: -10.184937499999995
# Sample.position.theta: 845.5790000000001
# SampleHeater.temperature1.setpoint: 300.0
# SampleHeater.temperature1.readback: 1372.0
# SampleHeater.current.setpoint: 0.0
# SampleHeater.current.readback: 0.0
# SampleHeater.temperature2.setpoint: 25.0
# SampleHeater.temperature2.readback: 28.3
# SampleHeater.voltage.setpoint: 0.0
# SampleHeater.voltage.readback: 0.0
# SampleHeater.PID.P: 0.025
# SampleHeater.PID.I: 0.07
# SampleHeater.PID.D: 0.0
# SampleGasCart.MFC.CH4.setpoint: 0.0
# SampleGasCart.MFC.CH4.readback: 0.0
# SampleGasCart.MFC.CO.setpoint: 0.0
# SampleGasCart.MFC.CO.readback: 0.0
# SampleGasCart.MFC.H2.setpoint: 0.0
# SampleGasCart.MFC.H2.readback: 0.0
# SampleGasCart.MFC.exhaust.setpoint: 100.0
# SampleGasCart.MFC.exhaust.readback: 8.73
# SampleGasHandlingSystem.gas_a.name: None
# SampleGasHandlingSystem.gas_b.name: None
# SampleGasHandlingSystem.gas_c.name: None
# SampleGasHandlingSystem.gas_d.name: None
# SampleGasHandlingSystem.gas_e.name: He
# SampleGasHandlingSystem.MFC1.setpoint: 8.0
# SampleGasHandlingSystem.MFC1.readback: 7.999674320220947
# SampleGasHandlingSystem.MFC2.setpoint: 0.0
# SampleGasHandlingSystem.MFC2.readback: -0.048828125
# SampleGasHandlingSystem.MFC3.setpoint: 0.0
# SampleGasHandlingSystem.MFC3.readback: 0.0244140625
# SampleGasHandlingSystem.MFC4.setpoint: 0.0
# SampleGasHandlingSystem.MFC4.readback: -0.06103515625
# SampleGasHandlingSystem.MFC5.setpoint: 0.0
# SampleGasHandlingSystem.MFC5.readback: -0.008138020522892475
# SampleGasHandlingSystem.MFC6.setpoint: 2.0
# SampleGasHandlingSystem.MFC6.readback: 2.001953125
# SampleGasHandlingSystem.MFC7.setpoint: 0.0
# SampleGasHandlingSystem.MFC7.readback: -0.0325520820915699
# SampleGasHandlingSystem.MFC8.setpoint: 0.0
# SampleGasHandlingSystem.MFC8.readback: -0.0813802108168602
# SampleGasHandlingSystem.MFC9.setpoint: 0.0
# SampleGasHandlingSystem.MFC9.readback: -0.0569661445915699
# SampleGasHandlingSystem.MFC10.setpoint: 0.0
# SampleGasHandlingSystem.MFC10.readback: 0.01220703125
# SampleGasHandlingSystem.MFC11.setpoint: 0.0
# SampleGasHandlingSystem.MFC11.readback: -0.1017252579331398
# SampleGasHandlingSystem.MFC12.setpoint: 0.0
# SampleGasHandlingSystem.MFC12.readback: -0.0528971366584301
# SampleGasHandlingSystem.MFC13.setpoint: 0.0
# SampleGasHandlingSystem.MFC13.readback: -0.0569661445915699
# SampleGasHandlingSystem.MFC14.setpoint: 0.0
# SampleGasHandlingSystem.MFC14.readback: -0.0773111954331398
# SampleGasHandlingSystem.MFC15.setpoint: 0.0
# SampleGasHandlingSystem.MFC15.readback: -0.1139322891831398
# SampleGasHandlingSystem.MFC16.setpoint: 0.0
# SampleGasHandlingSystem.MFC16.readback: -0.03662109375
# SampleGasHandlingSystem.RGA.ch1.mass: 2
# SampleGasHandlingSystem.RGA.ch1.readback: 7.18167e-10
# SampleGasHandlingSystem.RGA.ch2.mass: 4
# SampleGasHandlingSystem.RGA.ch2.readback: 2.38048e-07
# SampleGasHandlingSystem.RGA.ch3.mass: 12
# SampleGasHandlingSystem.RGA.ch3.readback: 1.15746e-12
# SampleGasHandlingSystem.RGA.ch4.mass: 16
# SampleGasHandlingSystem.RGA.ch4.readback: 3.00193e-09
# SampleGasHandlingSystem.RGA.ch5.mass: 18
# SampleGasHandlingSystem.RGA.ch5.readback: 6.13328e-10
# SampleGasHandlingSystem.RGA.ch6.mass: 28
# SampleGasHandlingSystem.RGA.ch6.readback: 4.95567e-10
# SampleGasHandlingSystem.RGA.ch7.mass: 32
# SampleGasHandlingSystem.RGA.ch7.readback: 1.6469e-08
# SampleGasHandlingSystem.RGA.ch8.mass: 40
# SampleGasHandlingSystem.RGA.ch8.readback: 1.11477e-11
# SampleGasHandlingSystem.RGA.ch9.mass: 44
# SampleGasHandlingSystem.RGA.ch9.readback: 4.01061e-12
# energy  i0  it  ir  iff  aux1  aux2  aux3  aux4
10167.000000 -2.963928e-05 -9.383529e-07 -2.727968e-07 -1.012336e-06 3.186174e-05 -5.255819e-04 -7.441738e-05 -1.766851e-05
10172.000000 -2.953989e-05 -9.349820e-07 -2.706241e-07 -1.010978e-06 2.940508e-05 -5.024089e-04 -6.818602e-05 -1.816328e-05
10177.000000 -2.942898e-05 -9.348224e-07 -2.678418e-07 -1.007025e-06 3.417947e-05 -4.980226e-04 -6.616422e-05 -2.090849e-05
10182.000000 -2.939352e-05 -9.361422e-07 -2.633301e-07 -1.008881e-06 3.313038e-05 -5.368224e-04 -7.396453e-05 -1.853657e-05
10187.000000 -2.942534e-05 -9.366508e-07 -2.541976e-07 -1.014017e-06 3.959150e-05 -5.502066e-04 -6.923307e-05 -2.259890e-05
10192.000000 -2.946139e-05 -9.387752e-07 -2.331417e-07 -1.016442e-06 4.399457e-05 -5.356189e-04 -7.098063e-05 -2.230897e-05
10197.000000 -2.945945e-05 -9.424004e-07 -1.736535e-07 -1.018268e-06 4.882744e-05 -5.197784e-04 -7.426415e-05 -2.808823e-05
10202.000000 -2.943632e-05 -9.455911e-07 -5.853474e-08 -1.020854e-06 5.162241e-05 -4.821053e-04 -6.578995e-05 -3.019690e-05
10207.000000 -2.941120e-05 -9.483431e-07 -2.349677e-08 -1.023129e-06 4.643311e-05 -4.544059e-04 -6.333811e-05 -3.069771e-05
10212.000000 -2.939521e-05 -9.515992e-07 -4.782158e-08 -1.025677e-06 4.209163e-05 -4.724121e-04 -7.125044e-05 -3.283319e-05
10217.000000 -2.935345e-05 -9.535436e-07 -6.200644e-08 -1.026012e-06 3.459131e-05 -4.982747e-04 -6.648795e-05 -2.076083e-05
10222.000000 -2.920015e-05 -9.482217e-07 -7.200642e-08 -1.018068e-06 4.504192e-05 -5.011915e-04 -5.992495e-05 -1.376837e-05
10227.000000 -2.914493e-05 -9.489866e-07 -7.926073e-08 -1.018067e-06 4.353318e-05 -5.000967e-04 -6.934819e-05 -1.756036e-05
10232.000000 -2.916706e-05 -9.549906e-07 -8.269930e-08 -1.025230e-06 4.572003e-05 -5.129683e-04 -7.058808e-05 -1.909527e-05
10237.000000 -2.910658e-05 -9.533985e-07 -8.449193e-08 -1.023499e-06 4.658523e-05 -5.331250e-04 -6.135772e-05 -2.003772e-05
10242.000000 -2.900306e-05 -9.522539e-07 -8.560551e-08 -1.019256e-06 4.804422e-05 -5.259778e-04 -6.589999e-05 -1.341557e-06
10247.000000 -2.904067e-05 -9.592877e-07 -9.000523e-08 -1.027476e-06 5.078370e-05 -5.253998e-04 -6.795804e-05 -1.068219e-05
10252.000000 -2.904586e-05 -9.634344e-07 -9.017671e-08 -1.031427e-06 5.923788e-05 -5.293590e-04 -6.574362e-05 -1.557405e-05
10257.000000 -2.884335e-05 -9.559425e-07 -8.590673e-08 -1.019488e-06 6.158856e-05 -5.441220e-04 -6.014295e-05 -1.620400e-05
10262.000000 -2.882699e-05 -9.606536e-07 -8.543559e-08 -1.024212e-06 5.732265e-05 -5.490931e-04 -5.593758e-05 -2.352754e-05
10267.000000 -2.897493e-05 -9.721825e-07 -8.774555e-08 -1.036872e-06 4.594917e-05 -5.609870e-04 -6.279807e-05 -3.587991e-05
10272.000000 -2.898059e-05 -9.765004e-07 -8.875152e-08 -1.040832e-06 4.839197e-05 -5.483751e-04 -6.793878e-05 -3.923183e-05
10277.000000 -2.892736e-05 -9.782154e-07 -8.842558e-08 -1.041678e-06 4.818336e-05 -5.176819e-04 -6.429497e-05 -4.657518e-05
10282.000000 -2.876872e-05 -9.774837e-07 -8.716014e-08 -1.037501e-06 4.982262e-05 -5.210985e-04 -5.716660e-05 -4.189776e-05
10287.000000 -2.883327e-05 -9.824844e-07 -8.812655e-08 -1.043166e-06 4.518783e-05 -5.156516e-04 -6.318216e-05 -4.056757e-05
10292.000000 -2.880970e-05 -9.854797e-07 -9.077170e-08 -1.045823e-06 3.568436e-05 -5.295451e-04 -6.504151e-05 -4.546027e-05
10297.000000 -2.878259e-05 -9.888425e-07 -9.237684e-08 -1.047376e-06 3.546182e-05 -5.363616e-04 -6.040013e-05 -2.506865e-05
10302.000000 -2.868967e-05 -9.867313e-07 -9.157170e-08 -1.042826e-06 3.886543e-05 -5.506465e-04 -6.055266e-05 1.870839e-07
10307.000000 -2.870076e-05 -9.924676e-07 -9.201895e-08 -1.048863e-06 3.809598e-05 -5.645978e-04 -5.990713e-05 -2.995879e-06
10312.000000 -2.864824e-05 -9.942853e-07 -9.198611e-08 -1.049897e-06 4.668253e-05 -5.732592e-04 -6.653234e-05 -3.849998e-05
10317.000000 -2.866660e-05 -9.994919e-07 -9.198113e-08 -1.056360e-06 4.874889e-05 -5.613386e-04 -7.532450e-05 -4.125683e-05
10322.000000 -2.864258e-05 -1.002554e-06 -9.158358e-08 -1.059903e-06 4.102699e-05 -5.768747e-04 -7.761513e-05 -1.643777e-05
10327.000000 -2.859228e-05 -1.004180e-06 -9.069050e-08 -1.061650e-06 3.774602e-05 -5.563350e-04 -8.122380e-05 -1.849144e-05
10332.000000 -2.845662e-05 -1.000995e-06 -8.948448e-08 -1.059766e-06 4.567296e-05 -5.177385e-04 -8.211419e-05 -3.707531e-05
10337.000000 -2.854401e-05 -1.006382e-06 -8.981046e-08 -1.067391e-06 4.108880e-05 -4.997949e-04 -7.003130e-05 -2.657432e-05
10341.000000 -2.851362e-05 -1.008000e-06 -9.033220e-08 -1.071027e-06 4.191762e-05 -5.084952e-04 -7.063912e-05 -1.896827e-05
10344.000000 -2.848039e-05 -1.008203e-06 -9.126124e-08 -1.072796e-06 4.772646e-05 -4.869837e-04 -8.367607e-05 8.884028e-06
10346.000000 -2.844803e-05 -1.008628e-06 -9.196584e-08 -1.073545e-06 4.471416e-05 -4.817864e-04 -9.254319e-05 -1.214270e-05
10347.000000 -2.843334e-05 -1.008633e-06 -9.269744e-08 -1.073819e-06 3.953135e-05 -4.879969e-04 -9.411454e-05 -4.890723e-05
10347.200000 -2.842079e-05 -1.008186e-06 -9.275035e-08 -1.073468e-06 3.881470e-05 -5.081797e-04 -9.026587e-05 -5.006172e-05
10347.400000 -2.843628e-05 -1.008140e-06 -9.295544e-08 -1.074237e-06 4.397650e-05 -4.971439e-04 -8.904821e-05 -5.087550e-05
10347.600000 -2.841629e-05 -1.009393e-06 -9.306461e-08 -1.073731e-06 5.203449e-05 -5.250027e-04 -8.818051e-05 -4.792609e-05
10347.800000 -2.838910e-05 -1.004137e-06 -9.269865e-08 -1.071862e-06 4.975788e-05 -5.333859e-04 -9.492301e-05 -6.194755e-05
10348.000000 -2.840741e-05 -1.007830e-06 -9.317091e-08 -1.073315e-06 4.704110e-05 -5.401185e-04 -7.572647e-05 -5.785172e-05
10348.200000 -2.844488e-05 -1.010441e-06 -9.350894e-08 -1.076276e-06 5.388702e-05 -5.210012e-04 -6.874259e-05 -4.713662e-05
10348.400000 -2.843868e-05 -1.009442e-06 -9.347894e-08 -1.076786e-06 5.045825e-05 -5.240206e-04 -8.813495e-05 -5.487180e-05
10348.600000 -2.840677e-05 -1.006800e-06 -9.312682e-08 -1.074274e-06 4.523074e-05 -4.883633e-04 -9.063665e-05 -4.949913e-05
10348.800000 -2.840418e-05 -1.005830e-06 -9.313344e-08 -1.074751e-06 4.681777e-05 -5.060071e-04 -7.454224e-05 -4.794569e-05
10349.000000 -2.839347e-05 -1.006705e-06 -9.327257e-08 -1.074954e-06 4.823584e-05 -5.126741e-04 -8.816458e-05 -4.823911e-05
10349.200000 -2.835955e-05 -1.001768e-06 -9.285257e-08 -1.072847e-06 4.270998e-05 -5.333743e-04 -8.018483e-05 -3.989836e-05
10349.400000 -2.841055e-05 -1.008629e-06 -9.377338e-08 -1.077860e-06 4.321661e-05 -5.330102e-04 -9.517706e-05 -4.335790e-05
10349.600000 -2.839195e-05 -1.005197e-06 -9.360581e-08 -1.076634e-06 3.775448e-05 -5.401258e-04 -8.223297e-05 -3.205123e-05
10349.800000 -2.841940e-05 -1.008983e-06 -9.418508e-08 -1.078452e-06 5.273593e-05 -5.270104e-04 -7.995044e-05 -3.075210e-05
10350.000000 -2.842947e-05 -1.009293e-06 -9.427420e-08 -1.079846e-06 5.070298e-05 -5.109979e-04 -7.930504e-05 -3.101867e-05
10350.200000 -2.839939e-05 -1.006483e-06 -9.410741e-08 -1.078896e-06 5.207326e-05 -5.384846e-04 -9.485959e-05 -3.523080e-05
10350.400000 -2.842075e-05 -1.009312e-06 -9.463967e-08 -1.080480e-06 5.582072e-05 -5.176296e-04 -8.225567e-05 -3.492266e-05
10350.600000 -2.842259e-05 -1.007321e-06 -9.470105e-08 -1.081023e-06 6.984154e-05 -5.348523e-04 -8.317196e-05 -3.702991e-05
10350.800000 -2.841398e-05 -1.010528e-06 -9.520887e-08 -1.081033e-06 5.329848e-05 -5.272706e-04 -8.147503e-05 -4.263737e-05
10351.000000 -2.841433e-05 -1.007893e-06 -9.530369e-08 -1.080762e-06 4.036442e-05 -5.213018e-04 -7.743568e-05 -3.849767e-05
10351.200000 -2.841421e-05 -1.011089e-06 -9.570674e-08 -1.081297e-06 5.483916e-05 -5.293219e-04 -7.344510e-05 -3.218895e-05
10351.400000 -2.840750e-05 -1.010476e-06 -9.546600e-08 -1.080769e-06 4.984208e-05 -5.174823e-04 -7.947636e-05 -4.262943e-05
10351.600000 -2.840696e-05 -1.007890e-06 -9.538490e-08 -1.082248e-06 4.234141e-05 -5.433091e-04 -7.106262e-05 -4.186532e-05
10351.800000 -2.840484e-05 -1.010654e-06 -9.548957e-08 -1.082725e-06 3.958958e-05 -5.473549e-04 -8.368057e-05 -3.896309e-05
10352.000000 -2.839054e-05 -1.007997e-06 -9.535465e-08 -1.082208e-06 5.266310e-05 -5.398254e-04 -1.029865e-04 -5.240641e-05
10352.200000 -2.839683e-05 -1.010220e-06 -9.554546e-08 -1.082735e-06 5.578855e-05 -5.442226e-04 -8.588085e-05 -4.177555e-05
10352.400000 -2.837677e-05 -1.006497e-06 -9.509500e-08 -1.082053e-06 6.071907e-05 -5.280606e-04 -8.254794e-05 -4.057565e-05
10352.600000 -2.839343e-05 -1.010396e-06 -9.546921e-08 -1.084215e-06 5.353978e-05 -5.179360e-04 -7.261551e-05 -4.228391e-05
10352.800000 -2.840515e-05 -1.010792e-06 -9.533809e-08 -1.084910e-06 4.315938e-05 -5.313698e-04 -8.125850e-05 -4.384499e-05
10353.000000 -2.839047e-05 -1.009779e-06 -9.518265e-08 -1.084587e-06 4.119053e-05 -5.278459e-04 -7.510740e-05 -4.050825e-05
10353.200000 -2.839790e-05 -1.011932e-06 -9.554985e-08 -1.085651e-06 4.403990e-05 -5.463587e-04 -9.989735e-05 -4.450507e-05
10353.400000 -2.838239e-05 -1.008203e-06 -9.520863e-08 -1.084487e-06 4.160516e-05 -5.524203e-04 -9.462897e-05 -4.589233e-05
10353.600000 -2.832350e-05 -1.008022e-06 -9.521663e-08 -1.079869e-06 3.683697e-05 -5.355016e-04 -7.699238e-05 -4.087789e-05
10353.800000 -2.824500e-05 -1.000525e-06 -9.453316e-08 -1.073947e-06 3.547439e-05 -5.275665e-04 -7.396014e-05 -3.959268e-05
10354.000000 -2.819977e-05 -9.976035e-07 -9.436094e-08 -1.071759e-06 4.116715e-05 -5.296636e-04 -6.551187e-05 -3.389610e-05
10354.200000 -2.823849e-05 -1.001020e-06 -9.457123e-08 -1.074928e-06 4.264316e-05 -5.356703e-04 -6.890179e-05 -4.610947e-05
10354.400000 -2.827206e-05 -1.003841e-06 -9.495518e-08 -1.077981e-06 5.477767e-05 -5.227826e-04 -6.949482e-05 -4.390129e-05
10354.600000 -2.834700e-05 -1.009332e-06 -9.567068e-08 -1.085296e-06 6.505553e-05 -5.372589e-04 -6.604675e-05 -3.407291e-05
10354.800000 -2.836880e-05 -1.009965e-06 -9.608865e-08 -1.087874e-06 6.063331e-05 -5.205674e-04 -4.210424e-05 -2.397799e-05
10355.000000 -2.837562e-05 -1.012102e-06 -9.643274e-08 -1.088923e-06 5.652806e-05 -5.215197e-04 -6.588380e-05 -3.440803e-05
10355.200000 -2.836417e-05 -1.009833e-06 -9.617349e-08 -1.087750e-06 5.162450e-05 -5.187124e-04 -7.041034e-05 -4.282355e-05
10355.400000 -2.828965e-05 -1.006217e-06 -9.566956e-08 -1.083303e-06 4.649350e-05 -5.376242e-04 -6.218776e-05 -4.378212e-05
10355.600000 -2.829721e-05 -1.005525e-06 -9.543096e-08 -1.083076e-06 4.610758e-05 -5.344983e-04 -7.154275e-05 -3.930769e-05
10355.800000 -2.830006e-05 -1.005818e-06 -9.538487e-08 -1.084925e-06 4.031853e-05 -5.362593e-04 -6.929093e-05 -2.970523e-05
10356.000000 -2.832130e-05 -1.007146e-06 -9.583268e-08 -1.086519e-06 4.155236e-05 -5.346042e-04 -7.337483e-05 -3.282307e-05
10356.200000 -2.829595e-05 -1.003353e-06 -9.547354e-08 -1.086473e-06 4.119103e-05 -5.449620e-04 -7.120982e-05 -3.040804e-05
10356.400000 -2.832623e-05 -1.009996e-06 -9.616044e-08 -1.088005e-06 3.964242e-05 -5.468861e-04 -6.663709e-05 -3.063707e-05
10356.600000 -2.833486e-05 -1.008125e-06 -9.613617e-08 -1.090347e-06 2.850373e-05 -5.636348e-04 -7.251171e-05 -3.043142e-05
10356.800000 -2.835721e-05 -1.010995e-06 -9.648378e-08 -1.093281e-06 3.115672e-05 -5.598120e-04 -5.955665e-05 -3.804561e-05
10357.000000 -2.835103e-05 -1.009441e-06 -9.639795e-08 -1.093023e-06 3.469397e-05 -5.606129e-04 -6.990682e-05 -4.951784e-05
10357.200000 -2.833450e-05 -1.009040e-06 -9.638556e-08 -1.093138e-06 3.689150e-05 -5.658635e-04 -6.204428e-05 -3.933321e-05
10357.400000 -2.834952e-05 -1.010509e-06 -9.649164e-08 -1.094625e-06 4.104139e-05 -5.606527e-04 -6.763464e-05 -3.238366e-05
10357.600000 -2.835562e-05 -1.010562e-06 -9.648967e-08 -1.096664e-06 4.127331e-05 -5.705191e-04 -8.149536e-05 -3.564686e-05
10357.800000 -2.834925e-05 -1.010810e-06 -9.653725e-08 -1.097419e-06 3.999065e-05 -5.621669e-04 -7.826263e-05 -3.538532e-05
10358.000000 -2.833790e-05 -1.010112e-06 -9.639156e-08 -1.097274e-06 3.567738e-05 -5.504132e-04 -7.683335e-05 -4.832082e-05
10358.200000 -2.831044e-05 -1.008417e-06 -9.612743e-08 -1.095948e-06 3.331265e-05 -5.395366e-04 -7.245197e-05 -3.459334e-05
10358.400000 -2.830939e-05 -1.007583e-06 -9.577067e-08 -1.096668e-06 3.103150e-05 -5.353003e-04 -8.680182e-05 -3.845734e-05
10358.600000 -2.832642e-05 -1.008681e-06 -9.612155e-08 -1.099339e-06 3.216272e-05 -5.494386e-04 -8.594338e-05 -4.620385e-05
10358.800000 -2.833843e-05 -1.009554e-06 -9.637121e-08 -1.101266e-06 3.509690e-05 -5.581850e-04 -8.379802e-05 -4.561011e-05
10359.000000 -2.834159e-05 -1.012962e-06 -9.671959e-08 -1.101913e-06 3.476768e-05 -5.692109e-04 -9.062180e-05 -4.627206e-05
10359.200000 -2.832330e-05 -1.009073e-06 -9.635935e-08 -1.102041e-06 4.032225e-05 -5.585244e-04 -7.642425e-05 -3.604385e-05
10359.400000 -2.831780e-05 -1.008675e-06 -9.623687e-08 -1.102191e-06 3.319918e-05 -5.469058e-04 -7.935714e-05 -2.975098e-05
10359.600000 -2.831282e-05 -1.007602e-06 -9.632730e-08 -1.104104e-06 3.530595e-05 -5.453521e-04 -7.913522e-05 -4.688818e-05
10359.800000 -2.829347e-05 -1.005665e-06 -9.614790e-08 -1.103562e-06 4.153215e-05 -5.312182e-04 -9.049593e-05 -4.983248e-05
10360.000000 -2.826826e-05 -1.005743e-06 -9.623499e-08 -1.102032e-06 2.905604e-05 -5.385769e-04 -9.566005e-05 -5.125334e-05
10360.200000 -2.825763e-05 -1.005691e-06 -9.632476e-08 -1.101784e-06 3.442190e-05 -5.551509e-04 -8.855204e-05 -6.309773e-05
10360.400000 -2.829253e-05 -1.008015e-06 -9.651319e-08 -1.106424e-06 4.005800e-05 -5.327593e-04 -8.217019e-05 -5.509689e-05
10360.600000 -2.829371e-05 -1.007625e-06 -9.653921e-08 -1.108221e-06 4.149754e-05 -5.292349e-04 -7.470916e-05 -4.828760e-05
10360.800000 -2.831201e-05 -1.008489e-06 -9.658438e-08 -1.110890e-06 4.029266e-05 -5.271945e-04 -7.292412e-05 -5.939248e-05
10361.000000 -2.829980e-05 -1.007724e-06 -9.647956e-08 -1.112024e-06 4.462409e-05 -5.332522e-04 -7.502033e-05 -4.616595e-05
10361.200000 -2.829781e-05 -1.007351e-06 -9.613699e-08 -1.113005e-06 4.833715e-05 -5.245593e-04 -8.751379e-05 -5.030012e-05
10361.400000 -2.829381e-05 -1.006864e-06 -9.621053e-08 -1.113442e-06 4.672914e-05 -5.322939e-04 -9.712892e-05 -4.875454e-05
10361.600000 -2.827420e-05 -1.005348e-06 -9.595439e-08 -1.114219e-06 5.013593e-05 -5.450939e-04 -9.603547e-05 -4.192395e-05
10361.800000 -2.825555e-05 -1.004110e-06 -9.565773e-08 -1.113596e-06 4.401628e-05 -5.257280e-04 -8.735601e-05 -4.503182e-05
10362.000000 -2.826062e-05 -1.005645e-06 -9.571730e-08 -1.114998e-06 3.061510e-05 -5.242554e-04 -6.747389e-05 -5.390603e-05
10362.200000 -2.827107e-05 -1.005005e-06 -9.572817e-08 -1.117854e-06 4.161180e-05 -5.186093e-04 -6.691070e-05 -4.998361e-05
10362.400000 -2.827878e-05 -1.005498e-06 -9.580444e-08 -1.120615e-06 4.015492e-05 -5.023175e-04 -6.687559e-05 -4.842932e-05
10362.600000 -2.827728e-05 -1.004732e-06 -9.576671e-08 -1.122612e-06 3.707538e-05 -5.072658e-04 -8.171337e-05 -5.167199e-05
10362.800000 -2.825314e-05 -1.004305e-06 -9.599248e-08 -1.123201e-06 3.882501e-05 -4.983410e-04 -7.666388e-05 -4.979915e-05
10363.000000 -2.822954e-05 -1.001156e-06 -9.568845e-08 -1.123564e-06 3.811639e-05 -5.023621e-04 -5.327287e-05 -3.879735e-05
10363.200000 -2.823549e-05 -1.003124e-06 -9.569256e-08 -1.125750e-06 2.812231e-05 -4.866338e-04 -5.927236e-05 -3.890068e-05
10363.400000 -2.821577e-05 -1.001134e-06 -9.542657e-08 -1.126583e-06 2.468633e-05 -4.813157e-04 -7.020048e-05 -4.756885e-05
10363.600000 -2.823228e-05 -1.001222e-06 -9.542926e-08 -1.129797e-06 3.987518e-05 -4.782903e-04 -6.226187e-05 -4.233252e-05
10363.800000 -2.826942e-05 -1.003682e-06 -9.564749e-08 -1.135196e-06 3.608662e-05 -4.822397e-04 -6.218751e-05 -4.392196e-05
10364.000000 -2.825381e-05 -1.000973e-06 -9.534049e-08 -1.137460e-06 3.293210e-05 -4.839827e-04 -5.931984e-05 -5.757526e-05
10364.200000 -2.825699e-05 -1.002871e-06 -9.557846e-08 -1.140055e-06 3.840917e-05 -4.871914e-04 -6.805834e-05 -6.135715e-05
10364.400000 -2.822985e-05 -9.972220e-07 -9.498173e-08 -1.140918e-06 4.541751e-05 -4.991475e-04 -7.396492e-05 -6.571863e-05
10364.600000 -2.821032e-05 -1.000333e-06 -9.501185e-08 -1.141040e-06 4.404874e-05 -5.131091e-04 -6.768434e-05 -5.940596e-05
10364.800000 -2.818775e-05 -9.960308e-07 -9.467372e-08 -1.142982e-06 3.720226e-05 -5.087673e-04 -7.092261e-05 -6.239952e-05
10365.000000 -2.822230e-05 -9.985258e-07 -9.515162e-08 -1.149954e-06 3.186539e-05 -5.105573e-04 -7.977327e-05 -5.935206e-05
10365.200000 -2.822257e-05 -9.996498e-07 -9.526881e-08 -1.153707e-06 2.530147e-05 -5.193067e-04 -7.268956e-05 -8.243476e-06
10365.400000 -2.819387e-05 -9.958491e-07 -9.501504e-08 -1.155117e-06 3.146450e-05 -5.124005e-04 -5.798867e-05 -6.865381e-06
10365.600000 -2.820900e-05 -9.973153e-07 -9.552587e-08 -1.161809e-06 3.961569e-05 -5.051445e-04 -7.601819e-05 -4.080764e-06
10365.800000 -2.822872e-05 -9.961045e-07 -9.535014e-08 -1.168078e-06 3.500507e-05 -5.180577e-04 -9.167575e-05 -5.751652e-06
10366.000000 -2.821991e-05 -9.970667e-07 -9.550083e-08 -1.173356e-06 2.462681e-05 -5.264326e-04 -8.816673e-05 -1.341125e-05
10366.200000 -2.823267e-05 -9.959440e-07 -9.521450e-08 -1.178809e-06 2.021044e-05 -5.260932e-04 -7.999060e-05 -1.594389e-05
10366.400000 -2.823294e-05 -9.965801e-07 -9.517972e-08 -1.185020e-06 2.075896e-05 -5.073368e-04 -8.482871e-05 -1.439076e-05
10366.600000 -2.820933e-05 -9.935570e-07 -9.462826e-08 -1.189714e-06 1.755120e-05 -5.036222e-04 -9.242039e-05 -1.392116e-05
10366.800000 -2.820852e-05 -9.909551e-07 -9.445112e-08 -1.197161e-06 1.424407e-05 -5.171623e-04 -9.466990e-05 -1.335189e-05
10367.000000 -2.823211e-05 -9.944634e-07 -9.462280e-08 -1.207912e-06 1.374067e-05 -5.390698e-04 -9.111241e-05 -1.255812e-05
10367.200000 -2.822894e-05 -9.894488e-07 -9.423328e-08 -1.217368e-06 1.940624e-05 -5.251145e-04 -9.840116e-05 -1.822973e-05
10367.400000 -2.823858e-05 -9.899464e-07 -9.425381e-08 -1.227442e-06 2.597309e-05 -4.922186e-04 -8.836730e-05 3.421675e-06
10367.600000 -2.822986e-05 -9.867293e-07 -9.392163e-08 -1.237142e-06 2.137929e-05 -5.115488e-04 -9.262324e-05 9.552480e-07
10367.800000 -2.821493e-05 -9.841990e-07 -9.368505e-08 -1.248758e-06 2.338716e-05 -5.278606e-04 -9.408672e-05 -4.151721e-06
10368.000000 -2.821858e-05 -9.816606e-07 -9.369144e-08 -1.262760e-06 2.524456e-05 -5.270234e-04 -9.493969e-05 -7.519288e-06
10368.200000 -2.821371e-05 -9.796619e-07 -9.357156e-08 -1.278547e-06 2.295275e-05 -5.231490e-04 -9.957528e-05 -3.083053e-06
10368.400000 -2.822438e-05 -9.776884e-07 -9.349695e-08 -1.297599e-06 3.142973e-05 -5.054437e-04 -1.042029e-04 -1.375195e-06
10368.600000 -2.822524e-05 -9.735282e-07 -9.292886e-08 -1.319249e-06 2.854901e-05 -5.237044e-04 -9.244556e-05 -4.314063e-06
10368.800000 -2.822105e-05 -9.697648e-07 -9.240156e-08 -1.341409e-06 3.748295e-05 -5.091772e-04 -9.612022e-05 -9.167692e-06
10369.000000 -2.821756e-05 -9.650158e-07 -9.170126e-08 -1.364513e-06 2.788259e-05 -5.023181e-04 -9.845095e-05 -2.313468e-06
10369.200000 -2.821340e-05 -9.613887e-07 -9.126300e-08 -1.391892e-06 2.727938e-05 -5.033287e-04 -9.739681e-05 -3.311792e-06
10369.400000 -2.822812e-05 -9.567666e-07 -9.099971e-08 -1.423089e-06 2.451555e-05 -5.015051e-04 -1.000274e-04 -1.186125e-05
10369.600000 -2.822089e-05 -9.501840e-07 -9.060663e-08 -1.456357e-06 2.679808e-05 -5.015042e-04 -9.432886e-05 -1.156049e-05
10369.800000 -2.822030e-05 -9.447615e-07 -9.017037e-08 -1.493403e-06 1.582526e-05 -5.140585e-04 -9.727190e-05 -8.917085e-06
10370.000000 -2.822852e-05 -9.371358e-07 -8.971863e-08 -1.533819e-06 6.947723e-06 -5.423133e-04 -9.056036e-05 -5.593107e-06
10370.200000 -2.821980e-05 -9.325156e-07 -8.945890e-08 -1.577668e-06 3.513468e-06 -5.502535e-04 -9.325545e-05 6.384999e-07
10370.400000 -2.821771e-05 -9.220438e-07 -8.827947e-08 -1.624229e-06 1.456550e-05 -5.510748e-04 -1.030162e-04 -8.756456e-06
10370.600000 -2.821449e-05 -9.157725e-07 -8.764406e-08 -1.676148e-06 1.860195e-05 -5.586480e-04 -1.151280e-04 -1.967922e-06
10370.800000 -2.820757e-05 -9.069197e-07 -8.685323e-08 -1.731286e-06 2.499607e-05 -5.496631e-04 -9.660680e-05 9.126069e-06
10371.000000 -2.817283e-05 -8.960310e-07 -8.555100e-08 -1.785161e-06 3.644870e-05 -5.435240e-04 -8.393693e-05 1.079300e-05
10371.200000 -2.815091e-05 -8.878513e-07 -8.472314e-08 -1.844845e-06 3.856798e-05 -5.373003e-04 -7.898655e-05 1.404126e-05
10371.400000 -2.816249e-05 -8.774985e-07 -8.367158e-08 -1.913970e-06 4.302579e-05 -5.459894e-04 -8.736677e-05 1.543371e-05
10371.600000 -2.816467e-05 -8.708483e-07 -8.312628e-08 -1.984745e-06 3.224173e-05 -5.387419e-04 -9.020824e-05 1.470657e-05
10371.800000 -2.814327e-05 -8.594148e-07 -8.197649e-08 -2.052297e-06 3.253394e-05 -5.507826e-04 -8.651269e-05 1.489559e-05
10372.000000 -2.812056e-05 -8.499248e-07 -8.095776e-08 -2.121816e-06 4.105238e-05 -5.510118e-04 -8.989387e-05 8.792427e-06
10372.200000 -2.811390e-05 -8.417023e-07 -8.016743e-08 -2.193034e-06 3.295678e-05 -5.338355e-04 -9.546315e-05 1.801973e-06
10372.400000 -2.808624e-05 -8.297798e-07 -7.919039e-08 -2.261178e-06 3.315472e-05 -5.437868e-04 -8.969374e-05 2.249353e-06
10372.600000 -2.807623e-05 -8.218518e-07 -7.846487e-08 -2.331102e-06 3.626568e-05 -5.310716e-04 -7.013007e-05 2.428975e-06
10372.800000 -2.810098e-05 -8.170699e-07 -7.788770e-08 -2.399994e-06 3.173877e-05 -5.492608e-04 -6.418634e-05 1.077758e-05
10373.000000 -2.808745e-05 -8.073635e-07 -7.695514e-08 -2.462512e-06 3.950693e-05 -5.622528e-04 -6.610871e-05 1.476393e-05
10373.200000 -2.812160e-05 -8.014676e-07 -7.651975e-08 -2.528002e-06 4.496928e-05 -5.554438e-04 -8.205438e-05 -9.568328e-06
10373.400000 -2.814305e-05 -7.968231e-07 -7.588236e-08 -2.586995e-06 3.950417e-05 -5.375156e-04 -8.963925e-05 -4.574298e-05
10373.600000 -2.812991e-05 -7.901335e-07 -7.529459e-08 -2.631964e-06 4.157359e-05 -5.651484e-04 -8.949080e-05 -4.587987e-05
10373.800000 -2.808250e-05 -7.813535e-07 -7.414734e-08 -2.666260e-06 4.167168e-05 -5.877406e-04 -8.704294e-05 -4.187517e-05
10374.000000 -2.811947e-05 -7.799105e-07 -7.407377e-08 -2.710642e-06 4.764376e-05 -5.675086e-04 -8.204920e-05 -5.049161e-05
10374.200000 -2.815883e-05 -7.792560e-07 -7.391027e-08 -2.749397e-06 4.960126e-05 -5.608524e-04 -8.261459e-05 -4.021379e-05
10374.400000 -2.816866e-05 -7.760513e-07 -7.363018e-08 -2.781122e-06 4.753753e-05 -5.458393e-04 -9.238497e-05 -3.574681e-05
10374.600000 -2.817212e-05 -7.724951e-07 -7.305855e-08 -2.806231e-06 4.425305e-05 -5.474799e-04 -9.246996e-05 -4.756489e-05
10374.800000 -2.819885e-05 -7.748010e-07 -7.327129e-08 -2.832996e-06 4.511766e-05 -5.467933e-04 -1.057880e-04 -5.348180e-05
10375.000000 -2.818655e-05 -7.711467e-07 -7.294828e-08 -2.849725e-06 3.533870e-05 -5.403094e-04 -1.071201e-04 -4.560210e-05
10375.200000 -2.815685e-05 -7.686474e-07 -7.258009e-08 -2.860320e-06 3.248466e-05 -5.180827e-04 -9.261735e-05 -4.474323e-05
10375.400000 -2.810886e-05 -7.657215e-07 -7.224343e-08 -2.865764e-06 4.404546e-05 -5.112179e-04 -9.144049e-05 -3.941483e-05
10375.600000 -2.805401e-05 -7.577668e-07 -7.131348e-08 -2.871307e-06 4.108895e-05 -5.294595e-04 -9.413371e-05 -3.768644e-05
10375.800000 -2.799151e-05 -7.534876e-07 -7.100102e-08 -2.872511e-06 2.909314e-05 -5.193670e-04 -8.281197e-05 -3.667218e-05
10376.000000 -2.802271e-05 -7.538372e-07 -7.103641e-08 -2.887180e-06 2.523812e-05 -5.240217e-04 -8.606011e-05 -3.855826e-05
10376.200000 -2.805453e-05 -7.561133e-07 -7.162877e-08 -2.904078e-06 2.743325e-05 -5.415594e-04 -1.082518e-04 -4.637333e-05
10376.400000 -2.808480e-05 -7.567125e-07 -7.191221e-08 -2.917428e-06 2.394398e-05 -5.468224e-04 -1.000859e-04 -4.724121e-05
10376.600000 -2.808938e-05 -7.562055e-07 -7.200321e-08 -2.923269e-06 2.392174e-05 -5.457453e-04 -9.454028e-05 -4.418302e-05
10376.800000 -2.808399e-05 -7.589531e-07 -7.238759e-08 -2.923760e-06 2.230724e-05 -5.289989e-04 -9.644957e-05 -4.393172e-05
10377.000000 -2.813074e-05 -7.599033e-07 -7.214780e-08 -2.931692e-06 3.266502e-05 -5.273378e-04 -9.506391e-05 -4.159150e-05
10377.200000 -2.813331e-05 -7.620088e-07 -7.214119e-08 -2.927380e-06 3.347874e-05 -5.541587e-04 -8.957342e-05 -2.531795e-05
10377.400000 -2.813205e-05 -7.612102e-07 -7.207504e-08 -2.918188e-06 3.796579e-05 -5.213511e-04 -8.753716e-05 -2.337034e-05
10377.600000 -2.819906e-05 -7.679958e-07 -7.296543e-08 -2.916554e-06 4.066351e-05 -5.053399e-04 -8.692009e-05 -1.261271e-05
10377.800000 -2.822900e-05 -7.715884e-07 -7.324840e-08 -2.908441e-06 3.268173e-05 -5.102832e-04 -8.100664e-05 -8.907505e-06
10378.000000 -2.823410e-05 -7.717743e-07 -7.330554e-08 -2.887392e-06 1.893708e-05 -5.063770e-04 -8.700664e-05 -1.917270e-05
10378.200000 -2.820347e-05 -7.728763e-07 -7.344101e-08 -2.858563e-06 2.879575e-05 -5.343107e-04 -8.700192e-05 -2.719891e-05
10378.400000 -2.816199e-05 -7.726092e-07 -7.332628e-08 -2.824029e-06 3.242644e-05 -5.353957e-04 -8.242595e-05 -2.029725e-05
10378.600000 -2.818912e-05 -7.784828e-07 -7.390883e-08 -2.800109e-06 3.522202e-05 -5.281760e-04 -9.009490e-05 -2.348682e-05
10378.800000 -2.821283e-05 -7.819561e-07 -7.436561e-08 -2.776358e-06 3.246587e-05 -5.368421e-04 -1.005475e-04 -3.731873e-05
10379.000000 -2.822783e-05 -7.861315e-07 -7.506975e-08 -2.751508e-06 3.464860e-05 -5.659998e-04 -8.037306e-05 -4.544555e-05
10379.200000 -2.822267e-05 -7.880423e-07 -7.526804e-08 -2.719546e-06 3.575494e-05 -5.616594e-04 -7.961191e-05 -4.568138e-05
10379.400000 -2.818788e-05 -7.885970e-07 -7.538009e-08 -2.683462e-06 3.942211e-05 -5.463020e-04 -7.682742e-05 -4.469892e-05
10379.600000 -2.818421e-05 -7.895038e-07 -7.544271e-08 -2.655010e-06 3.648636e-05 -5.531540e-04 -7.709525e-05 -3.883461e-05
10379.800000 -2.820219e-05 -7.941223e-07 -7.584057e-08 -2.628795e-06 3.766624e-05 -5.367560e-04 -6.401053e-05 -3.176257e-05
10380.000000 -2.819755e-05 -7.987864e-07 -7.612268e-08 -2.597614e-06 3.591173e-05 -5.653067e-04 -7.020921e-05 -2.993760e-05
10380.200000 -2.816918e-05 -7.988360e-07 -7.595441e-08 -2.562748e-06 3.162592e-05 -5.617838e-04 -7.714372e-05 -2.999250e-05
10380.400000 -2.814787e-05 -8.019670e-07 -7.620593e-08 -2.531613e-06 3.900368e-05 -5.672380e-04 -7.388248e-05 -3.132850e-05
10380.600000 -2.811426e-05 -8.026134e-07 -7.623194e-08 -2.493308e-06 3.938471e-05 -5.552596e-04 -6.605771e-05 -2.732323e-05
10380.800000 -2.807351e-05 -8.042835e-07 -7.623164e-08 -2.458092e-06 3.510427e-05 -5.353792e-04 -8.136337e-05 -3.224164e-05
10381.000000 -2.810445e-05 -8.075414e-07 -7.654949e-08 -2.435802e-06 4.020714e-05 -5.468750e-04 -7.841211e-05 -2.696248e-05
10381.200000 -2.810782e-05 -8.102650e-07 -7.667025e-08 -2.410770e-06 4.569685e-05 -5.150927e-04 -6.863580e-05 -2.289674e-05
10381.400000 -2.807087e-05 -8.144769e-07 -7.700804e-08 -2.374406e-06 3.805336e-05 -5.131025e-04 -7.053362e-05 -2.528040e-05
10381.600000 -2.802819e-05 -8.097445e-07 -7.665368e-08 -2.342126e-06 4.237049e-05 -5.015190e-04 -7.477081e-05 -3.620604e-05
10381.800000 -2.810213e-05 -8.217364e-07 -7.788324e-08 -2.328970e-06 4.146430e-05 -5.120360e-04 -6.168728e-05 -2.924537e-05
10382.000000 -2.813222e-05 -8.242729e-07 -7.825875e-08 -2.309419e-06 1.823372e-05 -5.052059e-04 -7.197861e-05 -2.998214e-05
10382.200000 -2.819638e-05 -8.327951e-07 -7.925427e-08 -2.297631e-06 2.108076e-05 -5.088858e-04 -6.836578e-05 -3.087213e-05
10382.400000 -2.821398e-05 -8.361266e-07 -7.942000e-08 -2.276711e-06 3.096064e-05 -5.096530e-04 -6.276771e-05 -3.766193e-05
10382.600000 -2.816992e-05 -8.351182e-07 -7.928498e-08 -2.249345e-06 3.175492e-05 -5.184900e-04 -7.623950e-05 -4.121175e-05
10382.800000 -2.818050e-05 -8.398884e-07 -7.969030e-08 -2.228834e-06 4.495402e-05 -5.178835e-04 -7.384875e-05 -3.286002e-05
10383.000000 -2.815242e-05 -8.391390e-07 -7.973402e-08 -2.206712e-06 5.323022e-05 -5.170763e-04 -6.841283e-05 -2.806867e-05
10383.200000 -2.810853e-05 -8.402755e-07 -7.971513e-08 -2.181082e-06 5.044400e-05 -5.160346e-04 -6.888170e-05 -3.671099e-05
10383.400000 -2.812465e-05 -8.424827e-07 -7.985071e-08 -2.166939e-06 5.102090e-05 -5.122540e-04 -6.778227e-05 -2.695982e-05
10383.600000 -2.815682e-05 -8.473389e-07 -8.024242e-08 -2.159862e-06 4.320074e-05 -5.129722e-04 -6.858225e-05 -3.575826e-05
10383.800000 -2.818593e-05 -8.524227e-07 -8.067887e-08 -2.149263e-06 4.238310e-05 -5.197006e-04 -5.698782e-05 -3.807684e-05
10384.000000 -2.818309e-05 -8.525406e-07 -8.067904e-08 -2.136948e-06 4.184394e-05 -5.187614e-04 -5.809521e-05 -4.053161e-05
10384.200000 -2.820692e-05 -8.550851e-07 -8.105416e-08 -2.127983e-06 4.083583e-05 -4.892460e-04 -6.196188e-05 -3.200971e-05
10384.400000 -2.819119e-05 -8.554010e-07 -8.131448e-08 -2.115584e-06 4.586572e-05 -4.941941e-04 -6.765312e-05 -3.457942e-05
10384.600000 -2.818571e-05 -8.571863e-07 -8.181931e-08 -2.106030e-06 4.531861e-05 -4.870480e-04 -5.677618e-05 -3.331026e-05
10384.800000 -2.816313e-05 -8.559215e-07 -8.169027e-08 -2.094328e-06 4.220105e-05 -4.871077e-04 -7.293182e-05 -4.094559e-05
10385.000000 -2.811312e-05 -8.558045e-07 -8.148522e-08 -2.079563e-06 3.860064e-05 -4.841625e-04 -8.217681e-05 -3.352563e-05
10385.200000 -2.806540e-05 -8.539548e-07 -8.125901e-08 -2.062363e-06 3.790057e-05 -4.828280e-04 -6.717093e-05 -3.545519e-05
10385.400000 -2.806923e-05 -8.547690e-07 -8.118098e-08 -2.057649e-06 3.748266e-05 -4.856138e-04 -6.267336e-05 -3.280469e-05
10385.600000 -2.809476e-05 -8.576357e-07 -8.132828e-08 -2.058405e-06 3.790715e-05 -4.825122e-04 -5.675633e-05 -4.922631e-05
10385.800000 -2.807662e-05 -8.551335e-07 -8.131019e-08 -2.049895e-06 4.929274e-05 -4.735910e-04 -7.656930e-05 -5.590390e-05
10386.000000 -2.807260e-05 -8.576904e-07 -8.137951e-08 -2.044871e-06 5.459335e-05 -4.849029e-04 -6.410543e-05 -4.079643e-05
10386.200000 -2.808174e-05 -8.571295e-07 -8.129834e-08 -2.043275e-06 4.659139e-05 -4.800263e-04 -7.345991e-05 -4.612894e-05
10386.400000 -2.811095e-05 -8.605945e-07 -8.152635e-08 -2.045641e-06 4.749571e-05 -4.614842e-04 -6.496500e-05 -4.575899e-05
10386.600000 -2.814654e-05 -8.629600e-07 -8.161712e-08 -2.048484e-06 4.287948e-05 -4.846676e-04 -6.065737e-05 -3.910913e-05
10386.800000 -2.816096e-05 -8.648058e-07 -8.170615e-08 -2.048219e-06 3.749320e-05 -4.911829e-04 -5.851415e-05 -3.555485e-05
10387.000000 -2.816376e-05 -8.653719e-07 -8.186562e-08 -2.047516e-06 4.234496e-05 -4.928519e-04 -7.189985e-05 -3.758691e-05
10387.200000 -2.816585e-05 -8.648516e-07 -8.172674e-08 -2.045181e-06 4.913202e-05 -4.950276e-04 -7.019521e-05 -4.490415e-05
10387.400000 -2.817022e-05 -8.674344e-07 -8.205144e-08 -2.048305e-06 5.301065e-05 -4.806889e-04 -7.001181e-05 -3.907703e-05
10387.600000 -2.817381e-05 -8.656098e-07 -8.168821e-08 -2.045457e-06 4.356058e-05 -4.887823e-04 -7.148232e-05 -3.141140e-05
10387.800000 -2.811787e-05 -8.643444e-07 -8.130039e-08 -2.036613e-06 3.506342e-05 -4.797577e-04 -7.365225e-05 -3.594108e-05
10388.000000 -2.809132e-05 -8.605797e-07 -8.076133e-08 -2.034904e-06 3.552016e-05 -4.755778e-04 -6.789330e-05 -2.721007e-05
10388.200000 -2.812875e-05 -8.637183e-07 -8.090859e-08 -2.041067e-06 4.180458e-05 -4.814075e-04 -7.172186e-05 -3.713012e-05
10388.400000 -2.813264e-05 -8.633694e-07 -8.099387e-08 -2.043408e-06 3.588212e-05 -4.891289e-04 -6.218884e-05 -2.712751e-05
10388.600000 -2.815760e-05 -8.642515e-07 -8.098642e-08 -2.048938e-06 4.215577e-05 -4.985309e-04 -6.396306e-05 -2.068135e-05
10388.800000 -2.816575e-05 -8.666800e-07 -8.100677e-08 -2.052507e-06 4.034814e-05 -4.794367e-04 -7.918418e-05 -4.120126e-05
10389.000000 -2.815070e-05 -8.639110e-07 -8.079095e-08 -2.052741e-06 4.039105e-05 -4.588306e-04 -8.186594e-05 -3.535790e-05
10389.200000 -2.816162e-05 -8.664471e-07 -8.087213e-08 -2.056873e-06 4.409434e-05 -4.768582e-04 -8.307038e-05 -2.793534e-05
10389.400000 -2.816525e-05 -8.649827e-07 -8.075535e-08 -2.059333e-06 4.706911e-05 -4.768112e-04 -8.090861e-05 -2.596710e-05
10389.600000 -2.814843e-05 -8.644257e-07 -8.048250e-08 -2.059727e-06 4.239046e-05 -4.730247e-04 -8.004217e-05 -3.259159e-05
10389.800000 -2.813245e-05 -8.634331e-07 -8.034528e-08 -2.060333e-06 3.157252e-05 -4.586093e-04 -8.841116e-05 -3.948759e-05
10390.000000 -2.814057e-05 -8.623243e-07 -8.022397e-08 -2.064563e-06 3.799709e-05 -4.397853e-04 -8.464419e-05 -3.206788e-05
10390.200000 -2.816159e-05 -8.634098e-07 -8.019373e-08 -2.069082e-06 3.956405e-05 -4.461517e-04 -7.044257e-05 -3.736115e-05
10390.400000 -2.816191e-05 -8.627840e-07 -8.016810e-08 -2.073135e-06 3.232806e-05 -4.606371e-04 -6.846242e-05 -2.701975e-05
10390.600000 -2.815113e-05 -8.628838e-07 -7.990947e-08 -2.076025e-06 2.901961e-05 -4.614957e-04 -7.696701e-05 -3.224456e-05
10390.800000 -2.814927e-05 -8.623815e-07 -7.961710e-08 -2.077701e-06 2.807106e-05 -4.621587e-04 -8.601472e-05 -4.553488e-05
10391.000000 -2.810480e-05 -8.600830e-07 -7.923779e-08 -2.073293e-06 3.004409e-05 -4.343675e-04 -8.425386e-05 -3.707736e-05
10391.200000 -2.803496e-05 -8.556435e-07 -7.855489e-08 -2.065629e-06 3.014496e-05 -4.240989e-04 -7.203642e-05 -2.638895e-05
10391.400000 -2.805517e-05 -8.567278e-07 -7.853955e-08 -2.072000e-06 2.968173e-05 -4.289883e-04 -6.203215e-05 -3.382094e-05
10391.600000 -2.809619e-05 -8.579515e-07 -7.871708e-08 -2.082563e-06 3.043899e-05 -4.212034e-04 -6.585194e-05 -3.916732e-05
10391.800000 -2.810822e-05 -8.576468e-07 -7.880416e-08 -2.087434e-06 3.268395e-05 -3.962960e-04 -6.971255e-05 -4.150593e-05
10392.000000 -2.813964e-05 -8.607897e-07 -7.916202e-08 -2.095673e-06 3.140728e-05 -4.323019e-04 -5.913591e-05 -4.667247e-05
10392.200000 -2.811129e-05 -8.563238e-07 -7.848412e-08 -2.095810e-06 3.607450e-05 -4.647748e-04 -5.595330e-05 -3.264298e-05
10392.400000 -2.807463e-05 -8.547700e-07 -7.845243e-08 -2.091039e-06 3.745768e-05 -4.543537e-04 -4.258201e-05 -2.624497e-05
10392.600000 -2.808077e-05 -8.560176e-07 -7.865668e-08 -2.093185e-06 3.735521e-05 -4.435211e-04 -6.159889e-05 -3.526556e-05
10392.800000 -2.806732e-05 -8.536555e-07 -7.833985e-08 -2.093447e-06 3.395757e-05 -4.365652e-04 -5.818861e-05 -3.379822e-05
10393.000000 -2.805771e-05 -8.534029e-07 -7.837114e-08 -2.095579e-06 3.847743e-05 -4.478718e-04 -6.103109e-05 -3.830335e-05
10393.200000 -2.807805e-05 -8.547873e-07 -7.836183e-08 -2.100347e-06 4.846007e-05 -4.456994e-04 -5.313395e-05 -3.501588e-05
10393.400000 -2.806969e-05 -8.550594e-07 -7.846063e-08 -2.100534e-06 4.412264e-05 -4.370560e-04 -5.455885e-05 -3.729271e-05
10393.600000 -2.802106e-05 -8.521978e-07 -7.778700e-08 -2.092087e-06 4.514075e-05 -4.495901e-04 -6.418486e-05 -4.110724e-05
10393.800000 -2.804705e-05 -8.521847e-07 -7.789818e-08 -2.098579e-06 4.227157e-05 -4.223111e-04 -7.203782e-05 -3.221241e-05
10394.000000 -2.809435e-05 -8.562888e-07 -7.819364e-08 -2.107609e-06 3.780124e-05 -4.239190e-04 -6.994596e-05 -2.574483e-05
10394.200000 -2.810026e-05 -8.556817e-07 -7.798305e-08 -2.110711e-06 3.919096e-05 -4.186058e-04 -7.196688e-05 -3.360834e-05
10394.400000 -2.810791e-05 -8.580356e-07 -7.796149e-08 -2.112642e-06 3.335555e-05 -4.057550e-04 -6.413109e-05 -3.827433e-05
10394.600000 -2.809391e-05 -8.564030e-07 -7.756998e-08 -2.112049e-06 2.813928e-05 -4.138555e-04 -5.134038e-05 -3.760103e-05
10394.800000 -2.806569e-05 -8.557844e-07 -7.728082e-08 -2.106496e-06 3.254263e-05 -4.262794e-04 -6.745609e-05 -4.570231e-05
10395.000000 -2.797980e-05 -8.497405e-07 -7.641838e-08 -2.092130e-06 3.669864e-05 -4.378451e-04 -5.896012e-05 -2.873990e-05
10395.200000 -2.796784e-05 -8.481474e-07 -7.631934e-08 -2.093155e-06 4.048170e-05 -4.339971e-04 -6.802005e-05 -3.723895e-05
10395.400000 -2.804679e-05 -8.546007e-07 -7.684797e-08 -2.101973e-06 4.265464e-05 -4.337566e-04 -4.779918e-05 -2.783151e-05
10395.600000 -2.808432e-05 -8.578738e-07 -7.730359e-08 -2.108678e-06 3.880347e-05 -4.242268e-04 -5.670939e-05 -3.178211e-05
10395.800000 -2.806664e-05 -8.564605e-07 -7.711873e-08 -2.102930e-06 4.190584e-05 -4.167077e-04 -5.740321e-05 -4.273967e-05
10396.000000 -2.803314e-05 -8.556299e-07 -7.677264e-08 -2.096116e-06 3.995077e-05 -4.307722e-04 -6.833740e-05 -3.824171e-05
10396.200000 -2.807747e-05 -8.602749e-07 -7.716920e-08 -2.103085e-06 3.971735e-05 -4.138083e-04 -6.561305e-05 -3.290912e-05
10396.400000 -2.809375e-05 -8.581811e-07 -7.712908e-08 -2.101860e-06 4.392805e-05 -4.168532e-04 -5.946152e-05 -2.832043e-05
10396.600000 -2.808598e-05 -8.602653e-07 -7.742593e-08 -2.098895e-06 3.496522e-05 -4.259163e-04 -7.392943e-05 -3.638610e-05
10396.800000 -2.809699e-05 -8.607048e-07 -7.723660e-08 -2.094537e-06 3.170966e-05 -4.230434e-04 -6.370310e-05 -4.426868e-05
10397.000000 -2.809565e-05 -8.623747e-07 -7.741069e-08 -2.090939e-06 3.959030e-05 -4.122486e-04 -6.017093e-05 -2.753709e-05
10397.227860 -2.810088e-05 -8.633096e-07 -7.750506e-08 -2.084160e-06 4.485770e-05 -4.146528e-04 -5.659711e-05 -2.720187e-05
10397.483581 -2.810458e-05 -8.646728e-07 -7.742794e-08 -2.077999e-06 4.216813e-05 -4.317562e-04 -5.896467e-05 -3.572309e-05
10397.767162 -2.808791e-05 -8.637222e-07 -7.713558e-08 -2.067238e-06 3.708755e-05 -4.189379e-04 -6.321870e-05 -3.019959e-05
10398.078604 -2.799441e-05 -8.598710e-07 -7.663600e-08 -2.042036e-06 4.309716e-05 -4.310293e-04 -6.638705e-05 -2.441915e-05
10398.417905 -2.800196e-05 -8.630234e-07 -7.687180e-08 -2.030847e-06 4.170274e-05 -4.509572e-04 -6.430977e-05 -2.291693e-05
10398.785067 -2.806816e-05 -8.684630e-07 -7.717226e-08 -2.028200e-06 3.528925e-05 -4.278502e-04 -5.474710e-05 -2.644164e-05
10399.180090 -2.807891e-05 -8.715872e-07 -7.729349e-08 -2.015942e-06 4.044876e-05 -4.292270e-04 -5.450111e-05 -3.419466e-05
10399.602973 -2.802805e-05 -8.711654e-07 -7.708193e-08 -1.993191e-06 4.403660e-05 -4.300859e-04 -5.917779e-05 -3.693295e-05
10400.053716 -2.804519e-05 -8.743044e-07 -7.728195e-08 -1.980247e-06 4.128931e-05 -4.261265e-04 -6.602511e-05 -3.894662e-05
10400.532319 -2.807473e-05 -8.786800e-07 -7.764508e-08 -1.969532e-06 4.887638e-05 -4.255246e-04 -6.721125e-05 -2.941180e-05
10401.038783 -2.808427e-05 -8.814031e-07 -7.799144e-08 -1.955927e-06 4.918431e-05 -4.101299e-04 -6.756268e-05 -1.992460e-05
10401.573107 -2.806763e-05 -8.836677e-07 -7.805849e-08 -1.939686e-06 3.979909e-05 -4.117786e-04 -6.882962e-05 -2.570148e-05
10402.135292 -2.806364e-05 -8.856457e-07 -7.842464e-08 -1.927130e-06 4.599592e-05 -4.151122e-04 -6.629495e-05 -3.314406e-05
10402.725337 -2.805590e-05 -8.861263e-07 -7.869496e-08 -1.915841e-06 4.213625e-05 -4.094836e-04 -7.136074e-05 -3.766426e-05
10403.343242 -2.805470e-05 -8.878592e-07 -7.897653e-08 -1.910507e-06 4.166373e-05 -3.863222e-04 -7.054589e-05 -3.351588e-05
10403.989008 -2.803484e-05 -8.877257e-07 -7.929948e-08 -1.905794e-06 4.904116e-05 -3.795158e-04 -7.042545e-05 -3.750562e-05
10404.662634 -2.801535e-05 -8.873243e-07 -7.941225e-08 -1.904026e-06 3.805285e-05 -3.923093e-04 -6.414816e-05 -2.951325e-05
10405.364120 -2.797383e-05 -8.844235e-07 -7.948820e-08 -1.903441e-06 4.022231e-05 -4.007289e-04 -7.559315e-05 -3.181413e-05
10406.093467 -2.795093e-05 -8.814064e-07 -7.944305e-08 -1.907056e-06 4.070758e-05 -3.904455e-04 -8.944038e-05 -3.355714e-05
10406.850674 -2.798324e-05 -8.829335e-07 -8.015938e-08 -1.920503e-06 5.374197e-05 -4.067470e-04 -7.889535e-05 -3.097476e-05
10407.635741 -2.795164e-05 -8.797953e-07 -8.032884e-08 -1.924843e-06 4.709579e-05 -4.093715e-04 -7.598907e-05 -3.132557e-05
10408.448669 -2.788665e-05 -8.745173e-07 -8.046293e-08 -1.925097e-06 4.363602e-05 -4.242799e-04 -7.705849e-05 -3.934710e-05
10409.289457 -2.795211e-05 -8.767833e-07 -8.162219e-08 -1.947255e-06 3.614309e-05 -4.094906e-04 -7.122835e-05 -3.242899e-05
10410.158106 -2.796035e-05 -8.763777e-07 -8.245257e-08 -1.962396e-06 3.629693e-05 -4.145052e-04 -7.719622e-05 -3.837930e-05
10411.054614 -2.786102e-05 -8.685989e-07 -8.243133e-08 -1.962162e-06 2.558462e-05 -4.189907e-04 -6.717490e-05 -3.145378e-05
10411.978983 -2.787351e-05 -8.664976e-07 -8.303986e-08 -1.983451e-06 2.006688e-05 -4.060458e-04 -5.960630e-05 -2.744705e-05
10412.931213 -2.791144e-05 -8.670296e-07 -8.378527e-08 -2.012540e-06 3.474840e-05 -4.104569e-04 -6.442311e-05 -3.291945e-05
10413.911303 -2.793994e-05 -8.661057e-07 -8.436889e-08 -2.044219e-06 4.294938e-05 -3.865660e-04 -7.277964e-05 -2.870981e-05
10414.919253 -2.792029e-05 -8.615843e-07 -8.460434e-08 -2.068638e-06 4.415602e-05 -3.629410e-04 -6.521670e-05 -3.339803e-05
10415.955064 -2.786884e-05 -8.555194e-07 -8.437455e-08 -2.086640e-06 3.906110e-05 -3.564748e-04 -6.569777e-05 -2.922067e-05
10417.018734 -2.787897e-05 -8.536010e-07 -8.443003e-08 -2.113536e-06 3.860853e-05 -3.846746e-04 -5.051062e-05 -3.259501e-05
10418.110266 -2.785067e-05 -8.496819e-07 -8.404948e-08 -2.129720e-06 4.507882e-05 -3.823440e-04 -6.276169e-05 -3.161536e-05
10419.232723 -2.786168e-05 -8.490784e-07 -8.398766e-08 -2.150955e-06 4.075566e-05 -3.772056e-04 -6.113906e-05 -2.513819e-05
10420.367373 -2.785302e-05 -8.466724e-07 -8.380472e-08 -2.167158e-06 3.527933e-05 -3.733531e-04 -6.489241e-05 -2.454817e-05
10421.514214 -2.785703e-05 -8.451919e-07 -8.365610e-08 -2.184236e-06 3.371074e-05 -3.716067e-04 -6.772948e-05 -3.227861e-05
10422.673248 -2.783013e-05 -8.425977e-07 -8.303987e-08 -2.194103e-06 3.978072e-05 -3.689431e-04 -6.604652e-05 -4.359497e-05
10423.844473 -2.780296e-05 -8.398752e-07 -8.259496e-08 -2.200731e-06 5.024355e-05 -3.794982e-04 -5.414960e-05 -3.882898e-05
10425.027890 -2.780477e-05 -8.398775e-07 -8.273486e-08 -2.210666e-06 4.347058e-05 -3.829882e-04 -5.188558e-05 -4.450283e-05
10426.223499 -2.779726e-05 -8.398256e-07 -8.259361e-08 -2.216566e-06 4.043884e-05 -3.783237e-04 -5.594451e-05 -3.249655e-05
10427.431300 -2.776513e-05 -8.386691e-07 -8.225294e-08 -2.215865e-06 4.567945e-05 -3.802326e-04 -6.201821e-05 -3.852569e-05
10428.651293 -2.772001e-05 -8.355940e-07 -8.182172e-08 -2.212202e-06 3.932764e-05 -3.721455e-04 -7.749497e-05 -2.671386e-05
10429.883478 -2.772195e-05 -8.362700e-07 -8.184648e-08 -2.216794e-06 2.726222e-05 -3.801960e-04 -6.273043e-05 -2.739642e-05
10431.127855 -2.768524e-05 -8.342844e-07 -8.158068e-08 -2.211775e-06 2.966842e-05 -3.795228e-04 -5.629172e-05 -2.847991e-05
10432.384423 -2.760132e-05 -8.304607e-07 -8.122463e-08 -2.197534e-06 3.282439e-05 -3.889173e-04 -6.663963e-05 -3.022415e-05
10433.653184 -2.757393e-05 -8.298498e-07 -8.122772e-08 -2.191425e-06 3.697269e-05 -3.849656e-04 -7.533030e-05 -2.725662e-05
10434.934136 -2.768155e-05 -8.387457e-07 -8.243393e-08 -2.206410e-06 4.083851e-05 -3.896693e-04 -7.993473e-05 -3.135132e-05
10436.227280 -2.768120e-05 -8.401314e-07 -8.274697e-08 -2.202697e-06 3.706024e-05 -3.997362e-04 -7.277329e-05 -2.596084e-05
10437.532617 -2.766687e-05 -8.402901e-07 -8.278443e-08 -2.196312e-06 3.724579e-05 -3.805016e-04 -7.506800e-05 -2.909861e-05
10438.850145 -2.765853e-05 -8.417815e-07 -8.284668e-08 -2.191513e-06 2.811852e-05 -3.654951e-04 -6.557381e-05 -3.540786e-05
10440.179865 -2.760518e-05 -8.403744e-07 -8.224475e-08 -2.177324e-06 2.630258e-05 -3.487470e-04 -5.666355e-05 -2.935386e-05
10441.521777 -2.761880e-05 -8.438166e-07 -8.215418e-08 -2.173737e-06 2.334291e-05 -3.738557e-04 -6.838092e-05 -2.771510e-05
10442.875881 -2.759768e-05 -8.447663e-07 -8.200991e-08 -2.166454e-06 2.986858e-05 -4.058909e-04 -8.028050e-05 -3.261625e-05
10444.242177 -2.754868e-05 -8.430399e-07 -8.176554e-08 -2.153208e-06 3.325489e-05 -3.667335e-04 -7.762909e-05 -3.749581e-05
10445.620664 -2.756819e-05 -8.458839e-07 -8.187931e-08 -2.153617e-06 3.207236e-05 -3.545645e-04 -7.280933e-05 -3.442823e-05
10447.011344 -2.758710e-05 -8.485169e-07 -8.221255e-08 -2.156662e-06 2.955425e-05 -3.755662e-04 -6.612582e-05 -3.435952e-05
10448.414215 -2.756524e-05 -8.486003e-07 -8.190110e-08 -2.151702e-06 2.783229e-05 -4.168089e-04 -5.103538e-05 -3.046285e-05
10449.829279 -2.745345e-05 -8.434198e-07 -8.084415e-08 -2.130991e-06 2.637720e-05 -4.213526e-04 -5.232469e-05 -3.546322e-05
10451.256534 -2.734500e-05 -8.379093e-07 -8.009340e-08 -2.109637e-06 2.432665e-05 -4.273533e-04 -4.647100e-05 -3.264344e-05
10452.695981 -2.731215e-05 -8.367483e-07 -8.025768e-08 -2.101382e-06 2.696949e-05 -4.209816e-04 -3.890812e-05 -2.335586e-05
10454.147620 -2.736090e-05 -8.426088e-07 -8.103989e-08 -2.106159e-06 2.626034e-05 -4.119852e-04 -4.360545e-05 -1.823502e-05
10455.611452 -2.742689e-05 -8.484814e-07 -8.183366e-08 -2.114160e-06 3.140577e-05 -4.166379e-04 -5.320037e-05 -2.549981e-05
10457.087475 -2.747776e-05 -8.531560e-07 -8.249181e-08 -2.121511e-06 2.286670e-05 -4.175015e-04 -5.734345e-05 -2.286387e-05
10458.575689 -2.744427e-05 -8.532157e-07 -8.255539e-08 -2.115913e-06 2.559596e-05 -4.215278e-04 -4.831030e-05 -1.977230e-05
10460.076096 -2.738362e-05 -8.506770e-07 -8.221077e-08 -2.106747e-06 2.961727e-05 -4.260025e-04 -5.069679e-05 -2.698418e-05
10461.588695 -2.739546e-05 -8.531651e-07 -8.216695e-08 -2.109181e-06 2.773040e-05 -4.238778e-04 -5.107221e-05 -2.804381e-05
10463.113485 -2.740481e-05 -8.552728e-07 -8.231707e-08 -2.112638e-06 2.897736e-05 -4.269013e-04 -4.399763e-05 -2.410832e-05
10464.650468 -2.740514e-05 -8.570878e-07 -8.232066e-08 -2.114310e-06 2.813759e-05 -4.212499e-04 -4.420390e-05 -2.800950e-05
10466.199642 -2.737820e-05 -8.558697e-07 -8.216297e-08 -2.110049e-06 2.789746e-05 -4.040132e-04 -3.886226e-05 -2.566045e-05
10467.761009 -2.734115e-05 -8.544878e-07 -8.187535e-08 -2.106446e-06 1.894808e-05 -4.307143e-04 -4.131608e-05 -2.488373e-05
10469.334567 -2.733173e-05 -8.555707e-07 -8.190578e-08 -2.106506e-06 2.295131e-05 -4.460555e-04 -4.280826e-05 -3.171277e-05
10470.920317 -2.734233e-05 -8.564841e-07 -8.190080e-08 -2.112394e-06 2.969302e-05 -4.424545e-04 -4.422084e-05 -2.359870e-05
10472.518259 -2.731563e-05 -8.565165e-07 -8.198687e-08 -2.112598e-06 2.796876e-05 -4.699450e-04 -5.630484e-05 -4.291769e-05
10474.128393 -2.727653e-05 -8.546859e-07 -8.187276e-08 -2.108634e-06 2.511393e-05 -4.796319e-04 -6.153894e-05 -4.037884e-05
10475.750719 -2.719750e-05 -8.507239e-07 -8.148168e-08 -2.098698e-06 2.518726e-05 -4.452342e-04 -5.419393e-05 -2.793436e-05
10477.385237 -2.720998e-05 -8.532936e-07 -8.172264e-08 -2.105240e-06 3.291458e-05 -4.422600e-04 -4.047771e-05 -2.832704e-05
10479.031946 -2.721296e-05 -8.545796e-07 -8.200596e-08 -2.109181e-06 3.474835e-05 -4.583705e-04 -4.207589e-05 -2.889547e-05
10480.690848 -2.721930e-05 -8.572664e-07 -8.277071e-08 -2.116330e-06 2.806523e-05 -4.627394e-04 -5.430767e-05 -3.130549e-05
10482.361942 -2.719262e-05 -8.557085e-07 -8.285374e-08 -2.116696e-06 3.064242e-05 -4.960350e-04 -4.988762e-05 -2.805373e-05
10484.045227 -2.714639e-05 -8.551134e-07 -8.322036e-08 -2.114467e-06 2.951485e-05 -5.063766e-04 -4.434228e-05 -2.752178e-05
10485.740704 -2.714450e-05 -8.558309e-07 -8.372098e-08 -2.116244e-06 2.988655e-05 -5.127321e-04 -5.961988e-05 -3.530512e-05
10487.448374 -2.713025e-05 -8.559764e-07 -8.402831e-08 -2.116009e-06 3.075293e-05 -4.800245e-04 -5.685655e-05 -2.763750e-05
10489.168235 -2.713473e-05 -8.577811e-07 -8.478873e-08 -2.119232e-06 2.671070e-05 -4.903622e-04 -6.688475e-05 -2.771765e-05
10490.900288 -2.709529e-05 -8.566618e-07 -8.494319e-08 -2.116074e-06 2.241265e-05 -5.083900e-04 -6.167271e-05 -3.986697e-05
10492.644533 -2.707176e-05 -8.556177e-07 -8.521124e-08 -2.116868e-06 2.411401e-05 -4.999847e-04 -6.834754e-05 -2.917115e-05
10494.400970 -2.704760e-05 -8.555599e-07 -8.547318e-08 -2.118782e-06 2.631067e-05 -5.008169e-04 -5.912044e-05 -2.290018e-05
10496.169598 -2.702227e-05 -8.535572e-07 -8.553003e-08 -2.121832e-06 3.325055e-05 -4.929566e-04 -6.615235e-05 -2.484183e-05
10497.950419 -2.698774e-05 -8.519171e-07 -8.577770e-08 -2.124260e-06 2.772538e-05 -4.918845e-04 -6.496873e-05 -1.480975e-05
10499.743432 -2.693227e-05 -8.488098e-07 -8.590192e-08 -2.126497e-06 3.652867e-05 -4.722668e-04 -7.206778e-05 -2.074282e-05
10501.548636 -2.687626e-05 -8.461889e-07 -8.586018e-08 -2.128787e-06 3.393696e-05 -4.613799e-04 -6.836577e-05 -3.161539e-05
10503.366032 -2.685776e-05 -8.451729e-07 -8.594379e-08 -2.137945e-06 3.917459e-05 -4.794187e-04 -6.468104e-05 -2.470560e-05
10505.195621 -2.685695e-05 -8.454562e-07 -8.597126e-08 -2.148013e-06 4.028157e-05 -4.755864e-04 -6.856008e-05 -2.102877e-05
10507.037401 -2.684347e-05 -8.456350e-07 -8.614602e-08 -2.154709e-06 5.229056e-05 -4.890929e-04 -6.743619e-05 -1.923828e-05
10508.891373 -2.681837e-05 -8.446429e-07 -8.598671e-08 -2.157031e-06 4.421127e-05 -5.018038e-04 -6.342025e-05 -1.418183e-05
10510.757537 -2.679326e-05 -8.455648e-07 -8.606466e-08 -2.160536e-06 3.306824e-05 -5.178823e-04 -6.592123e-05 -1.870233e-05
10512.635893 -2.673900e-05 -8.439694e-07 -8.559621e-08 -2.158665e-06 3.223119e-05 -5.069889e-04 -6.826321e-05 -2.435986e-05
10514.526441 -2.667774e-05 -8.434973e-07 -8.532810e-08 -2.156898e-06 3.167220e-05 -4.970347e-04 -8.406270e-05 -2.726125e-05
10516.429181 -2.669597e-05 -8.433360e-07 -8.509467e-08 -2.161215e-06 3.356305e-05 -4.844739e-04 -7.484173e-05 -1.714213e-05
10518.344112 -2.667386e-05 -8.454239e-07 -8.523565e-08 -2.163531e-06 3.810439e-05 -4.951737e-04 -6.725166e-05 -2.462349e-05
10520.271236 -2.654849e-05 -8.427072e-07 -8.472433e-08 -2.154993e-06 4.030503e-05 -4.992549e-04 -6.921293e-05 -2.453848e-05
10522.210552 -2.662701e-05 -8.463110e-07 -8.487793e-08 -2.163215e-06 3.730237e-05 -5.038749e-04 -6.990718e-05 -2.559232e-05
10524.162059 -2.659454e-05 -8.450598e-07 -8.434820e-08 -2.158434e-06 3.130903e-05 -4.964709e-04 -6.778804e-05 -3.575965e-05
10526.125758 -2.649947e-05 -8.429615e-07 -8.410101e-08 -2.147195e-06 3.368572e-05 -5.099349e-04 -7.773497e-05 -3.877278e-05
10528.101649 -2.643191e-05 -8.436360e-07 -8.409017e-08 -2.140456e-06 2.565232e-05 -5.042294e-04 -8.448735e-05 -4.242476e-05
10530.089733 -2.642592e-05 -8.446194e-07 -8.405531e-08 -2.137532e-06 1.891776e-05 -5.127065e-04 -6.408287e-05 -2.586963e-05
10532.090008 -2.648068e-05 -8.469584e-07 -8.399685e-08 -2.137887e-06 2.327308e-05 -5.201820e-04 -5.429144e-05 -1.145102e-05
10534.102475 -2.644378e-05 -8.482602e-07 -8.395356e-08 -2.130724e-06 2.574649e-05 -4.971953e-04 -6.769427e-05 -1.501775e-05
10536.127133 -2.639975e-05 -8.481106e-07 -8.395677e-08 -2.123514e-06 2.942338e-05 -5.161663e-04 -6.927834e-05 -2.026895e-05
10538.163984 -2.641812e-05 -8.503571e-07 -8.441618e-08 -2.123046e-06 2.314167e-05 -5.054498e-04 -5.802879e-05 -2.136700e-05
10540.213027 -2.637709e-05 -8.483334e-07 -8.425563e-08 -2.116878e-06 1.786503e-05 -5.022808e-04 -5.497715e-05 -2.163603e-05
10542.274261 -2.634740e-05 -8.507215e-07 -8.460759e-08 -2.113672e-06 1.870454e-05 -5.153100e-04 -5.807688e-05 -2.847482e-05
10544.347688 -2.629323e-05 -8.480900e-07 -8.445915e-08 -2.106622e-06 3.518866e-05 -5.086855e-04 -6.028622e-05 -1.720254e-05
10546.433306 -2.627907e-05 -8.505255e-07 -8.476198e-08 -2.108872e-06 2.810854e-05 -5.027981e-04 -6.462460e-05 -1.299202e-05
10548.531117 -2.626549e-05 -8.507988e-07 -8.512813e-08 -2.110102e-06 2.760308e-05 -5.281580e-04 -7.718335e-05 -1.524617e-05
10550.641119 -2.621676e-05 -8.511122e-07 -8.549005e-08 -2.107084e-06 2.376000e-05 -5.215755e-04 -8.231340e-05 -2.675524e-05
10552.763313 -2.611995e-05 -8.476753e-07 -8.550507e-08 -2.096620e-06 3.020596e-05 -5.117363e-04 -8.122882e-05 -2.218277e-05
10554.897699 -2.606084e-05 -8.463179e-07 -8.551874e-08 -2.091337e-06 3.933857e-05 -5.159975e-04 -8.279504e-05 -2.863492e-05
10557.044277 -2.602785e-05 -8.455891e-07 -8.578820e-08 -2.089640e-06 3.342728e-05 -5.265202e-04 -6.706789e-05 -2.034071e-05
10559.203047 -2.599821e-05 -8.457046e-07 -8.613546e-08 -2.090938e-06 3.188176e-05 -5.147589e-04 -7.707962e-05 -2.270404e-05
10561.374008 -2.598838e-05 -8.471003e-07 -8.653063e-08 -2.097336e-06 3.706887e-05 -5.161824e-04 -6.745069e-05 -2.128367e-05
10563.557162 -2.599890e-05 -8.496130e-07 -8.708524e-08 -2.108083e-06 3.873801e-05 -5.245817e-04 -7.512321e-05 -2.853855e-05
10565.752508 -2.596360e-05 -8.492442e-07 -8.718964e-08 -2.109529e-06 4.168350e-05 -5.331254e-04 -6.696716e-05 -1.380979e-05
10567.960045 -2.590021e-05 -8.465187e-07 -8.685854e-08 -2.105714e-06 4.057648e-05 -5.300427e-04 -7.593653e-05 -2.376190e-05
10570.179775 -2.587217e-05 -8.478619e-07 -8.741918e-08 -2.109980e-06 3.481409e-05 -5.449472e-04 -7.753242e-05 -2.177734e-05
10572.411696 -2.585270e-05 -8.490937e-07 -8.799419e-08 -2.113968e-06 2.882424e-05 -5.488579e-04 -8.472244e-05 -2.547296e-05
10574.655809 -2.581213e-05 -8.487674e-07 -8.832049e-08 -2.113874e-06 2.400141e-05 -5.377440e-04 -9.231466e-05 -1.345585e-05
10576.912114 -2.575249e-05 -8.470259e-07 -8.836535e-08 -2.111237e-06 1.674723e-05 -5.158854e-04 -8.875608e-05 -1.251114e-05
10579.180611 -2.570997e-05 -8.473593e-07 -8.846856e-08 -2.108831e-06 2.026581e-05 -5.171965e-04 -8.581052e-05 -2.190553e-05
10581.461300 -2.566703e-05 -8.472281e-07 -8.865254e-08 -2.106191e-06 1.689478e-05 -5.092451e-04 -8.369136e-05 -1.480261e-05
10583.754181 -2.562918e-05 -8.486972e-07 -8.892982e-08 -2.106407e-06 1.970634e-05 -5.192952e-04 -8.837047e-05 -2.911604e-05
10586.059254 -2.557775e-05 -8.483025e-07 -8.884592e-08 -2.103376e-06 3.510715e-05 -5.104179e-04 -8.261815e-05 -2.934239e-05
10588.376518 -2.549571e-05 -8.471963e-07 -8.861531e-08 -2.097179e-06 3.763524e-05 -5.062036e-04 -8.143894e-05 -2.735555e-05
10590.705975 -2.539042e-05 -8.446114e-07 -8.819793e-08 -2.088085e-06 4.021248e-05 -5.189827e-04 -9.045339e-05 -3.055794e-05
10593.047623 -2.528542e-05 -8.430174e-07 -8.791388e-08 -2.077986e-06 4.104909e-05 -5.093156e-04 -9.241727e-05 -3.086700e-05
10595.401464 -2.524205e-05 -8.419435e-07 -8.777180e-08 -2.071357e-06 3.041912e-05 -5.277678e-04 -7.763024e-05 -1.837153e-05
10597.767496 -2.526448e-05 -8.458761e-07 -8.811832e-08 -2.075726e-06 1.888203e-05 -5.251018e-04 -7.896955e-05 -2.510396e-05
10600.145720 -2.527341e-05 -8.485591e-07 -8.827159e-08 -2.076746e-06 2.786693e-05 -5.269225e-04 -8.056777e-05 -1.891957e-05
10602.536136 -2.521579e-05 -8.492732e-07 -8.834516e-08 -2.069379e-06 3.103845e-05 -5.237930e-04 -8.537974e-05 -1.753059e-05
10604.938744 -2.515064e-05 -8.498348e-07 -8.855595e-08 -2.063762e-06 2.965798e-05 -5.194995e-04 -8.280831e-05 -1.237498e-05
10607.353544 -2.509931e-05 -8.516676e-07 -8.879906e-08 -2.060923e-06 2.623721e-05 -5.322872e-04 -7.433886e-05 6.757313e-07
10609.780536 -2.503286e-05 -8.506533e-07 -8.868316e-08 -2.055026e-06 2.878253e-05 -5.151797e-04 -7.194022e-05 -1.346708e-07
10612.219720 -2.491205e-05 -8.432893e-07 -8.777358e-08 -2.040186e-06 3.848294e-05 -5.015362e-04 -7.963757e-05 1.354482e-06
10614.671096 -2.493444e-05 -8.463425e-07 -8.799142e-08 -2.047493e-06 2.305204e-05 -5.335828e-04 -9.082997e-05 6.601937e-07
10617.134663 -2.489669e-05 -8.424620e-07 -8.751006e-08 -2.045545e-06 2.051820e-05 -5.401532e-04 -8.159970e-05 -7.617511e-06
10619.610423 -2.483841e-05 -8.411005e-07 -8.764241e-08 -2.041818e-06 1.956697e-05 -5.395360e-04 -7.831488e-05 -1.703404e-05
10622.098374 -2.488600e-05 -8.478106e-07 -8.858312e-08 -2.056269e-06 1.633070e-05 -5.379865e-04 -8.663708e-05 -1.895365e-05
10624.598517 -2.481465e-05 -8.455359e-07 -8.858831e-08 -2.049904e-06 2.460751e-05 -5.437364e-04 -7.843632e-05 -9.221519e-06
10627.110852 -2.468646e-05 -8.387773e-07 -8.788834e-08 -2.035946e-06 2.299883e-05 -5.463738e-04 -8.953662e-05 -1.235798e-05
10629.635380 -2.461720e-05 -8.366940e-07 -8.782595e-08 -2.032184e-06 2.210703e-05 -5.091844e-04 -8.601716e-05 -1.123088e-05
10632.172099 -2.468609e-05 -8.464161e-07 -8.903415e-08 -2.051081e-06 2.244704e-05 -5.009176e-04 -8.036454e-05 -1.288734e-05
10634.721009 -2.464998e-05 -8.497017e-07 -8.947462e-08 -2.054157e-06 3.085007e-05 -4.938000e-04 -8.303316e-05 -8.918037e-06
10637.282112 -2.461359e-05 -8.497784e-07 -8.961926e-08 -2.055269e-06 2.936050e-05 -5.027396e-04 -9.864567e-05 -5.131061e-06
10639.855407 -2.456593e-05 -8.511461e-07 -8.993336e-08 -2.055809e-06 2.662458e-05 -5.030076e-04 -8.106663e-05 -4.692691e-06
10642.440894 -2.448075e-05 -8.478266e-07 -8.971180e-08 -2.048141e-06 2.637555e-05 -5.198266e-04 -7.895702e-05 -4.475457e-06
10645.038572 -2.439055e-05 -8.457584e-07 -8.979460e-08 -2.040193e-06 2.494580e-05 -5.417207e-04 -8.669651e-05 -1.715793e-05
10647.648443 -2.432461e-05 -8.461039e-07 -8.999937e-08 -2.035595e-06 3.371248e-05 -5.549502e-04 -8.503305e-05 -2.750273e-05
10650.270505 -2.427681e-05 -8.455382e-07 -9.006335e-08 -2.033893e-06 3.922958e-05 -5.451266e-04 -7.500777e-05 -2.449264e-05
10652.904759 -2.421768e-05 -8.464044e-07 -9.039981e-08 -2.030919e-06 4.247696e-05 -5.492701e-04 -6.749622e-05 -2.409025e-05
10655.551205 -2.418401e-05 -8.489866e-07 -9.118253e-08 -2.032935e-06 3.792096e-05 -5.562793e-04 -6.654824e-05 -2.627154e-05
10658.209844 -2.405802e-05 -8.465558e-07 -9.109421e-08 -2.024069e-06 2.953980e-05 -5.635126e-04 -8.354570e-05 -2.542128e-05
10660.880674 -2.405526e-05 -8.489073e-07 -9.174259e-08 -2.024541e-06 2.421078e-05 -5.469415e-04 -6.465527e-05 -1.661105e-05
10663.563696 -2.404040e-05 -8.497304e-07 -9.194566e-08 -2.020391e-06 2.599775e-05 -5.364528e-04 -5.336571e-05 -1.021449e-05
10666.258909 -2.395271e-05 -8.483376e-07 -9.173330e-08 -2.008111e-06 2.492513e-05 -5.239317e-04 -4.994220e-05 -2.218201e-05
10668.966315 -2.391586e-05 -8.512953e-07 -9.236866e-08 -2.007727e-06 2.581467e-05 -5.228840e-04 -5.408647e-05 -2.683444e-05
10671.685913 -2.381823e-05 -8.485011e-07 -9.227861e-08 -1.998083e-06 2.193814e-05 -5.261561e-04 -5.390679e-05 -2.768148e-05
10674.417702 -2.374754e-05 -8.483824e-07 -9.239080e-08 -1.989484e-06 2.716595e-05 -5.179099e-04 -5.101169e-05 -2.102268e-05
10677.161684 -2.366187e-05 -8.471724e-07 -9.233507e-08 -1.980742e-06 2.592260e-05 -5.238843e-04 -6.137993e-05 -2.192908e-05
10679.917857 -2.357632e-05 -8.494910e-07 -9.296277e-08 -1.976586e-06 1.799650e-05 -5.168742e-04 -7.154842e-05 -1.511038e-05
10682.686222 -2.349002e-05 -8.494281e-07 -9.313378e-08 -1.969251e-06 2.502110e-05 -5.187636e-04 -7.106539e-05 -2.209634e-05
10685.466780 -2.338897e-05 -8.480738e-07 -9.298156e-08 -1.959827e-06 2.535277e-05 -4.965066e-04 -6.194144e-05 -1.659963e-05
10688.259529 -2.324580e-05 -8.487912e-07 -9.311563e-08 -1.946680e-06 2.860534e-05 -4.788413e-04 -7.109024e-05 -2.085137e-05
10691.064470 -2.309962e-05 -8.536504e-07 -9.371300e-08 -1.930141e-06 3.007723e-05 -5.125077e-04 -5.549582e-05 -1.746727e-05
10693.881602 -2.311106e-05 -8.430598e-07 -9.298597e-08 -1.943934e-06 2.589012e-05 -5.077054e-04 -5.680144e-05 -8.615889e-06
10696.710927 -2.312116e-05 -8.434649e-07 -9.328380e-08 -1.952597e-06 1.839375e-05 -5.142260e-04 -7.588356e-05 -2.135008e-05
10699.552444 -2.306105e-05 -8.444425e-07 -9.357440e-08 -1.951613e-06 2.534134e-05 -4.903465e-04 -7.602722e-05 -8.361096e-06
10702.406153 -2.294515e-05 -8.425658e-07 -9.311332e-08 -1.942037e-06 3.034633e-05 -4.551371e-04 -6.678994e-05 -4.704949e-06
10705.272053 -2.284677e-05 -8.401572e-07 -9.285072e-08 -1.935697e-06 3.525859e-05 -4.682644e-04 -6.219065e-05 -1.947315e-05
10708.150146 -2.279624e-05 -8.382048e-07 -9.262503e-08 -1.930287e-06 3.538827e-05 -4.687632e-04 -6.584179e-05 -9.510197e-06
10711.040430 -2.278737e-05 -8.389161e-07 -9.281346e-08 -1.930055e-06 3.352771e-05 -4.450595e-04 -5.735773e-05 -1.106585e-05
10713.942906 -2.277327e-05 -8.420085e-07 -9.318960e-08 -1.931926e-06 4.267718e-05 -4.390234e-04 -6.669983e-05 -1.255011e-06
10716.857574 -2.273836e-05 -8.449277e-07 -9.367173e-08 -1.933735e-06 4.415155e-05 -4.514236e-04 -7.539261e-05 -5.818694e-06
10719.784435 -2.265816e-05 -8.424119e-07 -9.343457e-08 -1.924896e-06 4.502705e-05 -4.431354e-04 -8.835633e-05 -1.787127e-05
10722.723487 -2.257878e-05 -8.405985e-07 -9.333355e-08 -1.919763e-06 4.757978e-05 -4.500365e-04 -9.113373e-05 -2.559702e-05
10725.674730 -2.250191e-05 -8.398360e-07 -9.346658e-08 -1.917251e-06 4.835392e-05 -4.674560e-04 -8.394058e-05 -1.482640e-05
10728.638166 -2.243498e-05 -8.414087e-07 -9.374148e-08 -1.916937e-06 5.029479e-05 -4.665326e-04 -7.211551e-05 -1.103516e-05
10731.613794 -2.233788e-05 -8.399808e-07 -9.380602e-08 -1.910766e-06 5.425731e-05 -4.669919e-04 -6.365318e-05 -1.698885e-05
10734.601614 -2.227719e-05 -8.380718e-07 -9.358647e-08 -1.904980e-06 5.659505e-05 -4.630354e-04 -7.308760e-05 -2.566687e-05
10737.601625 -2.217973e-05 -8.357082e-07 -9.332488e-08 -1.898107e-06 5.394816e-05 -4.801719e-04 -8.643045e-05 7.701263e-06
10740.613829 -2.210208e-05 -8.350222e-07 -9.315413e-08 -1.891131e-06 5.007600e-05 -4.795803e-04 -8.767621e-05 2.767959e-05
10743.638224 -2.197272e-05 -8.295260e-07 -9.257684e-08 -1.876680e-06 4.599093e-05 -4.666551e-04 -8.099489e-05 3.040056e-05
10746.674811 -2.189028e-05 -8.292570e-07 -9.267650e-08 -1.869879e-06 4.298433e-05 -4.602754e-04 -7.251659e-05 3.337579e-05
10749.723590 -2.183398e-05 -8.320675e-07 -9.323413e-08 -1.868465e-06 4.460310e-05 -4.751160e-04 -8.093223e-05 2.460374e-05
10752.784561 -2.175981e-05 -8.321595e-07 -9.359532e-08 -1.864484e-06 4.357385e-05 -4.600070e-04 -8.947410e-05 3.289478e-05
10755.857724 -2.161900e-05 -8.289485e-07 -9.350019e-08 -1.851349e-06 4.344897e-05 -4.424003e-04 -1.016660e-04 3.378772e-05
10758.943079 -2.156471e-05 -8.297107e-07 -9.364370e-08 -1.848639e-06 4.115891e-05 -4.419655e-04 -9.492105e-05 3.227402e-05
10762.040626 -2.152952e-05 -8.314064e-07 -9.372109e-08 -1.846486e-06 3.767409e-05 -4.546807e-04 -7.319626e-05 4.060232e-05
10765.150365 -2.136024e-05 -8.220131e-07 -9.229258e-08 -1.824369e-06 4.111720e-05 -4.632038e-04 -8.184620e-05 3.896114e-05
10768.272295 -2.130057e-05 -8.239958e-07 -9.263715e-08 -1.823259e-06 3.715285e-05 -4.683787e-04 -6.892560e-05 3.701839e-05
10771.406418 -2.126159e-05 -8.280670e-07 -9.329640e-08 -1.827628e-06 3.248518e-05 -4.692414e-04 -7.252636e-05 3.259928e-05
10774.552732 -2.119579e-05 -8.293684e-07 -9.336773e-08 -1.825182e-06 3.194826e-05 -4.610332e-04 -7.960512e-05 2.612296e-05
10777.711239 -2.109010e-05 -8.268648e-07 -9.309637e-08 -1.817842e-06 3.549245e-05 -4.773492e-04 -7.283379e-05 2.632920e-05
10780.881937 -2.097344e-05 -8.235966e-07 -9.325141e-08 -1.806821e-06 3.824921e-05 -4.997204e-04 -7.348753e-05 3.774992e-06
10784.064827 -2.087283e-05 -8.217576e-07 -9.372419e-08 -1.800383e-06 3.802169e-05 -5.166042e-04 -8.289272e-05 -1.095778e-05
10787.259909 -2.078527e-05 -8.211682e-07 -9.444446e-08 -1.794622e-06 3.608714e-05 -5.080689e-04 -7.452415e-05 -1.660268e-06
10790.467183 -2.068323e-05 -8.192916e-07 -9.497983e-08 -1.788735e-06 3.665026e-05 -4.873200e-04 -7.939719e-05 -1.067029e-05
10793.686649 -2.059300e-05 -8.181395e-07 -9.544692e-08 -1.782597e-06 3.442223e-05 -4.924630e-04 -7.357885e-05 3.135320e-05
10796.918307 -2.044319e-05 -8.129954e-07 -9.513977e-08 -1.767693e-06 3.067979e-05 -5.120313e-04 -8.046770e-05 3.888806e-05
10800.162157 -2.034319e-05 -8.121774e-07 -9.514343e-08 -1.760726e-06 2.330189e-05 -4.884192e-04 -8.317861e-05 3.966452e-05
10803.418198 -2.021757e-05 -8.088761e-07 -9.485813e-08 -1.749964e-06 1.560034e-05 -5.091756e-04 -9.084627e-05 3.784732e-05
10806.686432 -2.007495e-05 -8.085257e-07 -9.503086e-08 -1.740826e-06 2.139933e-05 -5.183080e-04 -8.513903e-05 4.334836e-05
10809.966857 -2.002990e-05 -8.089769e-07 -9.528155e-08 -1.740069e-06 2.182627e-05 -5.128296e-04 -8.327658e-05 3.854816e-05
10813.259474 -1.995318e-05 -8.068801e-07 -9.491886e-08 -1.731945e-06 2.730203e-05 -4.982202e-04 -7.092878e-05 4.289291e-05
10816.564284 -1.981199e-05 -8.027436e-07 -9.463618e-08 -1.719648e-06 2.448431e-05 -5.016883e-04 -7.799005e-05 4.508667e-05
10819.881285 -1.971996e-05 -8.016199e-07 -9.444814e-08 -1.712700e-06 2.439543e-05 -5.020432e-04 -7.858351e-05 4.481451e-05
10823.210478 -1.962281e-05 -8.000615e-07 -9.420316e-08 -1.705990e-06 1.754496e-05 -4.761475e-04 -8.438263e-05 3.438390e-05
10826.551863 -1.953139e-05 -7.998640e-07 -9.405755e-08 -1.700880e-06 5.595375e-06 -4.891432e-04 -9.835000e-05 2.766992e-05
10829.905440 -1.939840e-05 -7.969275e-07 -9.371733e-08 -1.688818e-06 1.545816e-05 -5.106314e-04 -7.950624e-05 3.213008e-05
10833.271209 -1.930710e-05 -7.972128e-07 -9.364052e-08 -1.682694e-06 2.619139e-05 -5.173384e-04 -7.316444e-05 3.490451e-05
10836.649169 -1.919595e-05 -7.952835e-07 -9.318637e-08 -1.675413e-06 3.407692e-05 -5.113889e-04 -6.992060e-05 3.049447e-05
10840.039322 -1.907742e-05 -7.920046e-07 -9.252234e-08 -1.664840e-06 3.639810e-05 -4.891993e-04 -6.778707e-05 -2.896931e-06
10843.441666 -1.894815e-05 -7.886952e-07 -9.210702e-08 -1.652698e-06 3.548934e-05 -4.625516e-04 -7.415257e-05 -2.083577e-05
10846.856203 -1.881245e-05 -7.851618e-07 -9.170255e-08 -1.640992e-06 2.796380e-05 -4.840154e-04 -7.013119e-05 -1.125074e-05
10850.282931 -1.865258e-05 -7.795738e-07 -9.099612e-08 -1.626157e-06 2.431553e-05 -5.051953e-04 -6.937818e-05 -1.460153e-05
10853.721851 -1.847230e-05 -7.732760e-07 -9.053020e-08 -1.608844e-06 3.330477e-05 -4.714010e-04 -7.181461e-05 -3.712953e-06
10857.172964 -1.832380e-05 -7.666818e-07 -9.021130e-08 -1.592072e-06 3.525421e-05 -4.418669e-04 -7.695239e-05 -1.296493e-05
10860.636268 -1.826831e-05 -7.713261e-07 -9.144549e-08 -1.595369e-06 3.597735e-05 -4.586624e-04 -6.468041e-05 -2.368727e-05
10864.111764 -1.814669e-05 -7.679023e-07 -9.115495e-08 -1.583297e-06 2.911487e-05 -4.555880e-04 -6.743731e-05 -2.808017e-05
10867.599451 -1.799623e-05 -7.625783e-07 -9.051852e-08 -1.569405e-06 3.402525e-05 -4.723001e-04 -7.333768e-05 -3.038317e-05
10871.099331 -1.793009e-05 -7.664173e-07 -9.138922e-08 -1.573071e-06 3.855794e-05 -4.826848e-04 -7.628947e-05 -2.978692e-05
10874.611403 -1.777779e-05 -7.618461e-07 -9.089105e-08 -1.560874e-06 3.704399e-05 -4.893303e-04 -7.533848e-05 -2.350400e-05
10878.135666 -1.762888e-05 -7.576951e-07 -9.035861e-08 -1.549387e-06 3.168354e-05 -4.795447e-04 -7.882497e-05 -2.839395e-05
10881.672122 -1.751222e-05 -7.525853e-07 -8.975913e-08 -1.537403e-06 3.278754e-05 -4.899882e-04 -7.382513e-05 -1.954265e-05
10885.220769 -1.740089e-05 -7.495285e-07 -8.962637e-08 -1.527836e-06 2.833426e-05 -4.826089e-04 -7.554574e-05 -2.483583e-05
10888.781609 -1.724182e-05 -7.441217e-07 -8.919727e-08 -1.514236e-06 3.558917e-05 -4.852217e-04 -6.609738e-05 -1.150988e-05
10892.354640 -1.710986e-05 -7.408670e-07 -8.913353e-08 -1.503434e-06 2.640273e-05 -5.039226e-04 -7.652805e-05 -1.700617e-05
10895.939863 -1.700846e-05 -7.405823e-07 -8.965501e-08 -1.498584e-06 2.217136e-05 -5.183134e-04 -9.053665e-05 -2.187861e-05
10899.537278 -1.688828e-05 -7.387905e-07 -8.985340e-08 -1.489510e-06 2.287774e-05 -5.075736e-04 -6.868660e-05 -1.791767e-05
10903.146885 -1.673419e-05 -7.342624e-07 -8.989683e-08 -1.474195e-06 2.739107e-05 -5.154327e-04 -6.117374e-05 -1.435232e-05
10906.768684 -1.659868e-05 -7.299622e-07 -8.987927e-08 -1.460713e-06 2.577104e-05 -5.135608e-04 -6.542759e-05 -1.931112e-05
10910.402675 -1.652186e-05 -7.312570e-07 -9.048328e-08 -1.459329e-06 2.183270e-05 -5.036210e-04 -5.941182e-05 -2.062038e-05
10914.048857 -1.640961e-05 -7.284666e-07 -9.047334e-08 -1.449889e-06 1.979958e-05 -4.948803e-04 -6.098921e-05 -1.813912e-05
10917.707232 -1.629140e-05 -7.260517e-07 -9.045343e-08 -1.441657e-06 2.172248e-05 -4.954264e-04 -5.430685e-05 -1.344002e-05
10921.377799 -1.615253e-05 -7.222393e-07 -9.010443e-08 -1.430284e-06 2.376917e-05 -4.886641e-04 -4.418786e-05 -9.060661e-06
10925.060557 -1.602561e-05 -7.192513e-07 -8.983750e-08 -1.418666e-06 2.887851e-05 -4.846827e-04 -4.647595e-05 -7.926924e-06
10928.755507 -1.588887e-05 -7.152539e-07 -8.971496e-08 -1.406703e-06 3.370345e-05 -4.747526e-04 -4.321012e-05 -1.405194e-05
10932.462650 -1.576056e-05 -7.118811e-07 -8.931072e-08 -1.397044e-06 4.058565e-05 -4.848740e-04 -4.209851e-05 -1.658890e-05
10936.181984 -1.556025e-05 -7.022462e-07 -8.790983e-08 -1.375074e-06 4.141227e-05 -4.670317e-04 -4.403884e-05 -9.826505e-06
10939.913510 -1.541205e-05 -6.976702e-07 -8.722366e-08 -1.361117e-06 3.361205e-05 -4.898517e-04 -4.789261e-05 -2.035267e-05
10943.657228 -1.534204e-05 -6.986281e-07 -8.741581e-08 -1.360822e-06 2.939940e-05 -4.964891e-04 -5.763598e-05 -2.517536e-05
10947.413138 -1.522655e-05 -6.963273e-07 -8.727792e-08 -1.353728e-06 3.147963e-05 -4.936332e-04 -5.894415e-05 -2.448862e-05
10951.181239 -1.502303e-05 -6.881387e-07 -8.642132e-08 -1.332178e-06 3.605197e-05 -5.007986e-04 -5.653746e-05 -9.733414e-06
10954.961533 -1.488508e-05 -6.828424e-07 -8.594999e-08 -1.319136e-06 2.322134e-05 -4.798142e-04 -6.904796e-05 2.062688e-07
10958.754019 -1.482900e-05 -6.850999e-07 -8.613764e-08 -1.320286e-06 2.809344e-05 -4.810632e-04 -7.430228e-05 6.240066e-07
10962.558696 -1.468610e-05 -6.804318e-07 -8.549969e-08 -1.308883e-06 3.870961e-05 -4.788801e-04 -6.226906e-05 8.037419e-06
10966.375565 -1.458749e-05 -6.769742e-07 -8.510430e-08 -1.300790e-06 4.270436e-05 -5.014107e-04 -5.812201e-05 -1.953340e-07
10970.204627 -1.446585e-05 -6.725892e-07 -8.462709e-08 -1.289791e-06 3.384215e-05 -5.140872e-04 -6.504605e-05 4.462750e-06
10974.045880 -1.430334e-05 -6.660112e-07 -8.350903e-08 -1.272694e-06 3.856299e-05 -5.120591e-04 -6.269348e-05 -8.573501e-07
10977.899325 -1.418907e-05 -6.639519e-07 -8.302437e-08 -1.264672e-06 3.555073e-05 -4.845581e-04 -6.408558e-05 -7.494125e-06
10981.764962 -1.407377e-05 -6.609975e-07 -8.248250e-08 -1.256576e-06 3.822594e-05 -4.721938e-04 -6.405683e-05 -1.418874e-06
10985.642791 -1.393441e-05 -6.567621e-07 -8.226802e-08 -1.245962e-06 3.053921e-05 -4.917661e-04 -6.997591e-05 -1.565611e-05
10989.532812 -1.381716e-05 -6.522658e-07 -8.203961e-08 -1.236444e-06 2.984125e-05 -4.912775e-04 -7.921313e-05 -2.304695e-05
10993.435025 -1.370654e-05 -6.490203e-07 -8.193896e-08 -1.226952e-06 2.968515e-05 -5.013442e-04 -7.400554e-05 -1.571326e-05
10997.349429 -1.356971e-05 -6.440400e-07 -8.175908e-08 -1.215839e-06 3.373358e-05 -5.107262e-04 -7.107056e-05 -1.362358e-05
11001.276026 -1.342837e-05 -6.386840e-07 -8.134699e-08 -1.203896e-06 4.022744e-05 -5.206297e-04 -7.181529e-05 -1.517669e-05
11005.214814 -1.330000e-05 -6.345367e-07 -8.119780e-08 -1.193099e-06 4.004817e-05 -5.441848e-04 -7.386203e-05 2.012512e-05
11009.165795 -1.319329e-05 -6.319291e-07 -8.136564e-08 -1.185410e-06 3.547182e-05 -5.386118e-04 -7.431291e-05 4.284244e-05
11013.128967 -1.309808e-05 -6.304309e-07 -8.137759e-08 -1.180672e-06 3.025361e-05 -5.286633e-04 -7.755663e-05 4.189645e-05
11017.104331 -1.299708e-05 -6.280333e-07 -8.088400e-08 -1.173567e-06 3.666387e-05 -5.273123e-04 -7.245250e-05 4.804407e-05
11021.091888 -1.285850e-05 -6.223451e-07 -8.028447e-08 -1.160845e-06 4.073095e-05 -5.250404e-04 -7.496025e-05 4.804785e-05
11025.091636 -1.272773e-05 -6.169322e-07 -7.993425e-08 -1.148636e-06 3.442253e-05 -5.284905e-04 -6.957805e-05 4.661142e-05
11029.103575 -1.262686e-05 -6.147064e-07 -8.019586e-08 -1.141142e-06 2.993685e-05 -5.269822e-04 -7.800586e-05 3.556165e-05
11033.127707 -1.252953e-05 -6.127689e-07 -8.072196e-08 -1.135196e-06 3.984241e-05 -5.261356e-04 -7.764299e-05 2.915837e-05
11037.164031 -1.243102e-05 -6.100102e-07 -8.075216e-08 -1.128695e-06 2.927345e-05 -5.161795e-04 -7.753292e-05 3.248944e-05
11041.212547 -1.231956e-05 -6.063257e-07 -8.041253e-08 -1.119861e-06 3.234982e-05 -5.168379e-04 -8.038689e-05 4.286884e-05
11045.273254 -1.220256e-05 -6.023572e-07 -7.991291e-08 -1.109464e-06 3.700033e-05 -5.287053e-04 -7.253038e-05 3.957225e-05
11049.346154 -1.206940e-05 -5.968973e-07 -7.915156e-08 -1.096816e-06 3.215837e-05 -5.293139e-04 -7.925509e-05 8.133749e-06
11053.431245 -1.193277e-05 -5.914717e-07 -7.872365e-08 -1.083462e-06 3.022726e-05 -5.153923e-04 -7.592398e-05 -3.413878e-06
11057.528529 -1.184909e-05 -5.896365e-07 -7.893994e-08 -1.079070e-06 3.900939e-05 -5.189837e-04 -8.069650e-05 7.408980e-06
11061.638004 -1.175454e-05 -5.875869e-07 -7.897132e-08 -1.073078e-06 4.137111e-05 -5.102397e-04 -8.365387e-05 5.657206e-06
11065.759671 -1.164855e-05 -5.842555e-07 -7.876500e-08 -1.064710e-06 3.932388e-05 -5.119901e-04 -8.064973e-05 2.573887e-05
11069.893530 -1.153827e-05 -5.800741e-07 -7.805118e-08 -1.055783e-06 3.239040e-05 -5.117641e-04 -8.445578e-05 4.581152e-05
11074.039581 -1.142428e-05 -5.762807e-07 -7.743433e-08 -1.047097e-06 2.025033e-05 -5.209035e-04 -8.707849e-05 5.221411e-05
11078.197824 -1.131630e-05 -5.721230e-07 -7.691718e-08 -1.037568e-06 2.522568e-05 -5.007205e-04 -8.444802e-05 4.990351e-05
11082.368258 -1.120106e-05 -5.671129e-07 -7.619345e-08 -1.027145e-06 2.318447e-05 -4.888605e-04 -6.763983e-05 5.304438e-05
11086.550885 -1.110922e-05 -5.645722e-07 -7.556130e-08 -1.021747e-06 8.825481e-06 -4.913866e-04 -8.023217e-05 3.445047e-05
11090.745704 -1.099625e-05 -5.603701e-07 -7.461729e-08 -1.011709e-06 1.177901e-05 -5.099757e-04 -7.248631e-05 4.212585e-05
11094.952714 -1.087160e-05 -5.549106e-07 -7.409103e-08 -9.985894e-07 2.325161e-05 -5.116170e-04 -6.681830e-05 4.162963e-05
11099.171916 -1.079291e-05 -5.535184e-07 -7.422544e-08 -9.954208e-07 2.378561e-05 -5.123329e-04 -6.255493e-05 4.687811e-05
11103.403311 -1.069538e-05 -5.501810e-07 -7.365899e-08 -9.885428e-07 2.365724e-05 -5.030496e-04 -6.877185e-05 4.456022e-05
11107.646897 -1.059274e-05 -5.461537e-07 -7.330113e-08 -9.804873e-07 2.857859e-05 -5.246208e-04 -7.556263e-05 4.883261e-05
11111.902675 -1.049089e-05 -5.425172e-07 -7.313835e-08 -9.718083e-07 3.012862e-05 -5.016593e-04 -7.880422e-05 4.398670e-05
11116.170645 -1.039134e-05 -5.392363e-07 -7.285823e-08 -9.648146e-07 2.004821e-05 -4.949733e-04 -7.192068e-05 4.640120e-05
11120.450807 -1.026888e-05 -5.338938e-07 -7.215632e-08 -9.534307e-07 2.266998e-05 -4.828781e-04 -7.621857e-05 5.234400e-05
11124.743161 -1.017302e-05 -5.301656e-07 -7.210898e-08 -9.461891e-07 2.537242e-05 -4.829246e-04 -8.104253e-05 5.555513e-05
11129.047707 -1.008762e-05 -5.277338e-07 -7.220979e-08 -9.409754e-07 2.715024e-05 -4.921204e-04 -8.211820e-05 4.531270e-05
11133.364444 -9.981395e-06 -5.236756e-07 -7.173696e-08 -9.315426e-07 2.471112e-05 -5.034914e-04 -8.523471e-05 2.357971e-05
11137.693374 -9.871486e-06 -5.192923e-07 -7.133803e-08 -9.220702e-07 2.092194e-05 -4.931254e-04 -7.806182e-05 4.341086e-06
11142.034495 -9.767144e-06 -5.146163e-07 -7.119529e-08 -9.132031e-07 3.158375e-05 -4.998394e-04 -8.631826e-05 6.256579e-06
11146.387809 -9.645178e-06 -5.086951e-07 -7.033486e-08 -9.019867e-07 2.443899e-05 -5.004874e-04 -8.459669e-05 -4.494607e-06
11150.753314 -9.543865e-06 -5.046546e-07 -6.965855e-08 -8.934314e-07 1.397344e-05 -5.032562e-04 -9.109569e-05 -5.584333e-06
11155.131011 -9.431550e-06 -4.993254e-07 -6.916962e-08 -8.848987e-07 1.861240e-05 -5.026430e-04 -8.312338e-05 -1.252583e-05
11159.520900 -9.214184e-06 -4.890197e-07 -6.787965e-08 -8.652321e-07 2.696379e-05 -5.085645e-04 -8.548421e-05 -1.199666e-05
11163.922981 -9.147888e-06 -4.899722e-07 -6.819701e-08 -8.589901e-07 3.028518e-05 -5.158447e-04 -8.648079e-05 -7.571779e-06
11168.337254 -9.119548e-06 -4.877904e-07 -6.787896e-08 -8.613098e-07 3.058215e-05 -5.087707e-04 -7.460916e-05 -2.769871e-06
11172.763719 -9.121692e-06 -4.906164e-07 -6.849396e-08 -8.639564e-07 2.479233e-05 -5.149404e-04 -7.049682e-05 -1.123978e-05
11177.202376 -9.021664e-06 -4.856622e-07 -6.820054e-08 -8.536396e-07 2.737863e-05 -4.913901e-04 -7.261705e-05 -1.426942e-05
11181.653224 -8.864054e-06 -4.763641e-07 -6.738414e-08 -8.361311e-07 3.262261e-05 -4.723322e-04 -7.137518e-05 -1.658496e-05
11186.116265 -8.828358e-06 -4.781724e-07 -6.796677e-08 -8.383213e-07 3.979628e-05 -4.564339e-04 -6.543082e-05 -6.715244e-06
11190.591497 -8.759053e-06 -4.763086e-07 -6.776754e-08 -8.343022e-07 3.731406e-05 -4.493477e-04 -6.762635e-05 -4.371176e-06
11195.078922 -8.652957e-06 -4.717270e-07 -6.737536e-08 -8.243719e-07 2.231319e-05 -4.581826e-04 -7.037338e-05 -6.992708e-06
11199.578538 -8.562268e-06 -4.676693e-07 -6.708202e-08 -8.170416e-07 2.975725e-05 -4.465321e-04 -6.405053e-05 -4.667880e-06
11204.090346 -8.479921e-06 -4.646922e-07 -6.640580e-08 -8.112909e-07 2.849676e-05 -4.428543e-04 -6.533326e-05 -1.911532e-06
11208.614346 -8.395408e-06 -4.616411e-07 -6.593614e-08 -8.048196e-07 2.382330e-05 -4.567591e-04 -6.754177e-05 1.929059e-07
11213.150538 -8.318908e-06 -4.589238e-07 -6.587047e-08 -7.991471e-07 1.906898e-05 -4.570622e-04 -6.914436e-05 -9.948952e-07
11217.698922 -8.228900e-06 -4.550251e-07 -6.547506e-08 -7.915159e-07 1.911831e-05 -4.728906e-04 -7.397666e-05 -2.063843e-07
11222.259498 -8.138297e-06 -4.514742e-07 -6.491001e-08 -7.844153e-07 2.283536e-05 -4.882084e-04 -8.615175e-05 -1.215215e-05
11226.832266 -8.048756e-06 -4.473463e-07 -6.444266e-08 -7.771563e-07 2.264755e-05 -4.864055e-04 -8.511524e-05 -9.387053e-06
11231.417226 -7.961005e-06 -4.435485e-07 -6.375498e-08 -7.695881e-07 2.692741e-05 -4.540261e-04 -8.495729e-05 -8.569420e-06
11236.014377 -7.887352e-06 -4.410819e-07 -6.306975e-08 -7.641277e-07 2.202172e-05 -4.665750e-04 -9.558203e-05 -7.457834e-06
11240.623721 -7.800075e-06 -4.371758e-07 -6.256651e-08 -7.571318e-07 2.098083e-05 -4.757814e-04 -8.654589e-05 -2.828071e-06
11245.245256 -7.722251e-06 -4.341219e-07 -6.235105e-08 -7.516049e-07 1.942995e-05 -4.802733e-04 -8.296153e-05 -3.875240e-06
11249.878983 -7.634419e-06 -4.299380e-07 -6.176560e-08 -7.445013e-07 1.839817e-05 -4.707509e-04 -8.570793e-05 -4.431967e-06
11254.524902 -7.557093e-06 -4.269371e-07 -6.177130e-08 -7.388772e-07 2.447719e-05 -4.482184e-04 -8.077593e-05 1.054704e-06
11259.183013 -7.459084e-06 -4.226463e-07 -6.135908e-08 -7.298565e-07 2.159615e-05 -4.457791e-04 -7.534599e-05 7.990980e-06
11263.853316 -7.360262e-06 -4.178209e-07 -6.066465e-08 -7.207341e-07 2.059670e-05 -4.301864e-04 -7.700214e-05 2.940109e-06
11268.535811 -7.287673e-06 -4.148104e-07 -6.042204e-08 -7.151837e-07 2.234223e-05 -4.315190e-04 -6.946579e-05 -3.104051e-06
11273.230498 -7.232212e-06 -4.135387e-07 -6.053087e-08 -7.126987e-07 2.223898e-05 -4.491719e-04 -7.267370e-05 -1.122307e-05
11277.937377 -7.161985e-06 -4.105608e-07 -6.044715e-08 -7.071255e-07 2.146241e-05 -4.789008e-04 -7.748748e-05 -2.339133e-05
11282.656448 -7.080852e-06 -4.069287e-07 -5.996738e-08 -6.999416e-07 2.423511e-05 -4.780008e-04 -7.764930e-05 -1.444135e-05
11287.387710 -7.001592e-06 -4.032139e-07 -5.954246e-08 -6.928924e-07 3.221469e-05 -4.707377e-04 -6.231546e-05 -8.788385e-06
11292.131165 -6.908981e-06 -3.988407e-07 -5.923161e-08 -6.850891e-07 2.164319e-05 -4.701845e-04 -6.069968e-05 -1.600297e-05
11296.886811 -6.840031e-06 -3.959862e-07 -5.895173e-08 -6.799265e-07 1.918842e-05 -4.999504e-04 -7.020466e-05 -8.909893e-06
11301.654649 -6.746831e-06 -3.909252e-07 -5.815932e-08 -6.712463e-07 2.020885e-05 -5.033579e-04 -7.579726e-05 1.111862e-05
11306.434679 -6.665800e-06 -3.873486e-07 -5.779486e-08 -6.645052e-07 2.541070e-05 -5.374262e-04 -7.929993e-05 -8.377248e-06
11311.226901 -6.575893e-06 -3.832004e-07 -5.727504e-08 -6.569462e-07 3.382621e-05 -5.703433e-04 -7.501694e-05 -1.165896e-05
11316.031315 -6.508206e-06 -3.781556e-07 -5.654530e-08 -6.515953e-07 4.233820e-05 -5.680016e-04 -7.616551e-05 -9.618205e-06
11320.847921 -6.478841e-06 -3.785099e-07 -5.645986e-08 -6.497001e-07 2.750292e-05 -5.571563e-04 -7.852843e-05 -7.095186e-06
11325.676719 -6.385336e-06 -3.729179e-07 -5.624304e-08 -6.401305e-07 2.211503e-05 -5.531611e-04 -7.363064e-05 -9.635057e-06
11330.517709 -6.315551e-06 -3.700962e-07 -5.577074e-08 -6.354725e-07 1.995073e-05 -5.416081e-04 -7.316619e-05 -2.264379e-05
11335.370891 -6.221511e-06 -3.653980e-07 -5.517403e-08 -6.287647e-07 2.077729e-05 -5.454558e-04 -6.819929e-05 -2.206586e-05
11340.236264 -6.204695e-06 -3.637556e-07 -5.505834e-08 -6.277016e-07 2.223521e-05 -5.228259e-04 -6.203200e-05 -3.276361e-05
