# Facility.name: NSLS-II
# Facility.mode: Beam available
# Facility.current: 399.05502666456607
# Facility.current: 3 GeV
# Facility.year: 2023
# Facility.cycle: 2
# Facility.GUP: 312970
# Facility.SAF: 311402
# Experimenter.name: Esteban Fornero
# Beamline.name: ISS (8-ID)
# Beamline.x-ray_source: damping wiggler
# Beamline.collimation_mirror1.material: Si
# Beamline.collimation_mirror2.material: Pt
# Beamline.collimation_mirror2.bender_loading: -349.0
# Beamline.focusing: toroidal mirror
# Beamline.focusing.material: Pt
# Beamline.focusing.bender_loading: -418.0
# Beamline.harmonic_rejection: Si
# Mono.scan_mode: Si(111)
# Mono.d_spacing: 3.1354951
# Mono.scan_mode: pseudo-channel cut
# Mono.scan_type: fly_scan
# Mono.trajectory_name: 0f397ba2-1519.txt
# Mono.direction: None
# Mono.angle_offset: 0.69366577
# Mono.angle_offset: 39.744 deg
# Mono.encoder_resolution: 48.0 nrad
# Detector.I0: ion chamber
# Detector.I1: ion chamber
# Detector.I2: ion chamber
# Detector.IF: PIPS
# Detector.I0.length: 15 cm
# Detector.I1.length: 28 cm
# Detector.I2.length: 15 cm
# Detector.IF.thickness: 300 um
# Detector.I0.gas.N2: 38.0%
# Detector.I1.gas.N2: 38.0%
# Detector.I2.gas.N2: 38.0%
# Detector.I0.gas.He: 62.0%
# Detector.I1.gas.He: 62.0%
# Detector.I2.gas.He: 62.0%
# Detector.I0.voltage: -1650.002808
# Detector.I1.voltage: -1650.000488
# Detector.I2.voltage: -1649.998657
# Detector.I0.gain: 4
# Detector.I1.gain: 6
# Detector.I2.gain: 6
# Detector.IF.gain: 6
# Detector.aux: {}
# Element.symbol: Ga
# Element.edge: K
# Element.line: None
# Scan.transient_id: 370616
# Scan.uid: c80e484c-8751-44e0-8327-4f9964f79434
# Scan.edge_energy: 10367.0
# Scan.start_time: 06/22/2023  16:40:25.050863
# Scan.end_time: 06/22/2023  16:40:59.842585
# Scan.name: CuGaO2-2nd H2 ramp (pos 001) Ga-K 0001
# Scan.comment: 
# Sample.name: CuGaO2-2nd
# Sample.comment: 
# Sample.position.x: -66.493997553
# Sample.position.y: 31.590026611
# Sample.position.z: -10.184937499999995
# Sample.position.theta: 845.5790000000001
# SampleHeater.temperature1.setpoint: 300.0
# SampleHeater.temperature1.readback: 1372.0
# SampleHeater.current.setpoint: 0.0
# SampleHeater.current.readback: 0.0
# SampleHeater.temperature2.setpoint: 359.783387259979
# SampleHeater.temperature2.readback: 361.0
# SampleHeater.voltage.setpoint: 0.8390167137132828
# SampleHeater.voltage.readback: 0.847
# SampleHeater.PID.P: 0.025
# SampleHeater.PID.I: 0.07
# SampleHeater.PID.D: 0.0
# SampleGasCart.MFC.CH4.setpoint: 0.0
# SampleGasCart.MFC.CH4.readback: 0.0
# SampleGasCart.MFC.CO.setpoint: 0.0
# SampleGasCart.MFC.CO.readback: 0.0
# SampleGasCart.MFC.H2.setpoint: 10.0
# SampleGasCart.MFC.H2.readback: 10.012
# SampleGasCart.MFC.exhaust.setpoint: 100.0
# SampleGasCart.MFC.exhaust.readback: 10.06
# SampleGasHandlingSystem.gas_a.name: None
# SampleGasHandlingSystem.gas_b.name: None
# SampleGasHandlingSystem.gas_c.name: None
# SampleGasHandlingSystem.gas_d.name: None
# SampleGasHandlingSystem.gas_e.name: He
# SampleGasHandlingSystem.MFC1.setpoint: 0.0
# SampleGasHandlingSystem.MFC1.readback: -0.1383463591337204
# SampleGasHandlingSystem.MFC2.setpoint: 0.0
# SampleGasHandlingSystem.MFC2.readback: -0.048828125
# SampleGasHandlingSystem.MFC3.setpoint: 0.0
# SampleGasHandlingSystem.MFC3.readback: 0.0244140625
# SampleGasHandlingSystem.MFC4.setpoint: 0.0
# SampleGasHandlingSystem.MFC4.readback: -0.0569661445915699
# SampleGasHandlingSystem.MFC5.setpoint: 0.0
# SampleGasHandlingSystem.MFC5.readback: -0.0040690102614462376
# SampleGasHandlingSystem.MFC6.setpoint: 0.0
# SampleGasHandlingSystem.MFC6.readback: -0.0325520820915699
# SampleGasHandlingSystem.MFC7.setpoint: 0.0
# SampleGasHandlingSystem.MFC7.readback: -0.02848307229578495
# SampleGasHandlingSystem.MFC8.setpoint: 0.0
# SampleGasHandlingSystem.MFC8.readback: -0.0773111954331398
# SampleGasHandlingSystem.MFC9.setpoint: 0.0
# SampleGasHandlingSystem.MFC9.readback: -0.0569661445915699
# SampleGasHandlingSystem.MFC10.setpoint: 0.0
# SampleGasHandlingSystem.MFC10.readback: 0.01627604104578495
# SampleGasHandlingSystem.MFC11.setpoint: 0.0
# SampleGasHandlingSystem.MFC11.readback: -0.09765625
# SampleGasHandlingSystem.MFC12.setpoint: 0.0
# SampleGasHandlingSystem.MFC12.readback: -0.048828125
# SampleGasHandlingSystem.MFC13.setpoint: 0.0
# SampleGasHandlingSystem.MFC13.readback: -0.0528971366584301
# SampleGasHandlingSystem.MFC14.setpoint: 0.0
# SampleGasHandlingSystem.MFC14.readback: -0.0651041641831398
# SampleGasHandlingSystem.MFC15.setpoint: 0.0
# SampleGasHandlingSystem.MFC15.readback: -0.1180013045668602
# SampleGasHandlingSystem.MFC16.setpoint: 0.0
# SampleGasHandlingSystem.MFC16.readback: -0.0325520820915699
# SampleGasHandlingSystem.RGA.ch1.mass: 2
# SampleGasHandlingSystem.RGA.ch1.readback: 7.4949e-07
# SampleGasHandlingSystem.RGA.ch2.mass: 4
# SampleGasHandlingSystem.RGA.ch2.readback: 2.8982e-11
# SampleGasHandlingSystem.RGA.ch3.mass: 12
# SampleGasHandlingSystem.RGA.ch3.readback: 1.86523e-12
# SampleGasHandlingSystem.RGA.ch4.mass: 16
# SampleGasHandlingSystem.RGA.ch4.readback: 4.87291e-10
# SampleGasHandlingSystem.RGA.ch5.mass: 18
# SampleGasHandlingSystem.RGA.ch5.readback: 3.77325e-09
# SampleGasHandlingSystem.RGA.ch6.mass: 28
# SampleGasHandlingSystem.RGA.ch6.readback: 1.0793e-08
# SampleGasHandlingSystem.RGA.ch7.mass: 32
# SampleGasHandlingSystem.RGA.ch7.readback: 1.37263e-09
# SampleGasHandlingSystem.RGA.ch8.mass: 40
# SampleGasHandlingSystem.RGA.ch8.readback: 1.11477e-11
# SampleGasHandlingSystem.RGA.ch9.mass: 44
# SampleGasHandlingSystem.RGA.ch9.readback: 7.24921e-12
# energy  i0  it  ir  iff  aux1  aux2  aux3  aux4
10167.000000 -2.962042e-05 -8.058220e-07 -2.337197e-07 -1.000276e-06 2.956010e-05 -4.870012e-04 -3.869990e-05 3.744001e-05
10172.000000 -2.951374e-05 -8.022750e-07 -2.314777e-07 -9.995191e-07 2.265740e-05 -4.786879e-04 -3.869295e-05 3.595051e-05
10177.000000 -2.943693e-05 -8.041851e-07 -2.297270e-07 -9.992710e-07 2.462105e-05 -4.750304e-04 -4.418346e-05 4.096204e-05
10182.000000 -2.937274e-05 -8.046270e-07 -2.255678e-07 -9.992668e-07 2.423498e-05 -4.882939e-04 -4.231346e-05 4.183119e-05
10187.000000 -2.942653e-05 -8.081017e-07 -2.188739e-07 -1.006054e-06 1.910044e-05 -5.065572e-04 -3.444190e-05 3.628471e-05
10192.000000 -2.948128e-05 -8.108369e-07 -2.007552e-07 -1.010324e-06 1.951013e-05 -4.852208e-04 -4.064656e-05 3.455212e-05
10197.000000 -2.949238e-05 -8.151098e-07 -1.496434e-07 -1.014071e-06 2.118510e-05 -4.898762e-04 -3.691411e-05 4.441562e-05
10202.000000 -2.944836e-05 -8.160053e-07 -4.994180e-08 -1.015761e-06 2.069245e-05 -4.859405e-04 -3.658600e-05 4.213892e-05
10207.000000 -2.941891e-05 -8.186330e-07 -1.987438e-08 -1.017243e-06 2.507155e-05 -4.692423e-04 -4.406969e-05 3.940389e-05
10212.000000 -2.937590e-05 -8.193419e-07 -4.044135e-08 -1.016502e-06 1.380905e-05 -4.839861e-04 -3.836154e-05 3.756824e-05
10217.000000 -2.929179e-05 -8.169344e-07 -5.224723e-08 -1.013678e-06 5.091743e-06 -5.094395e-04 -3.806536e-05 4.013139e-05
10222.000000 -2.930829e-05 -8.243829e-07 -6.187861e-08 -1.019444e-06 1.803430e-05 -5.192705e-04 -4.222950e-05 3.854540e-05
10227.000000 -2.927042e-05 -8.253247e-07 -6.838438e-08 -1.020429e-06 3.050182e-05 -4.995882e-04 -4.439323e-05 3.083460e-05
10232.000000 -2.920869e-05 -8.272721e-07 -7.112266e-08 -1.021016e-06 3.876276e-05 -4.781214e-04 -4.185064e-05 3.005859e-05
10237.000000 -2.919583e-05 -8.286456e-07 -7.269385e-08 -1.023062e-06 2.917730e-05 -4.739843e-04 -3.442020e-05 2.417386e-05
10242.000000 -2.917978e-05 -8.330063e-07 -7.409348e-08 -1.026042e-06 3.013803e-05 -4.823034e-04 -3.144521e-05 2.960004e-05
10247.000000 -2.906542e-05 -8.308516e-07 -7.689301e-08 -1.022113e-06 2.982225e-05 -4.948242e-04 -3.930773e-05 3.230370e-05
10252.000000 -2.908405e-05 -8.373858e-07 -7.745862e-08 -1.027257e-06 2.862378e-05 -4.835721e-04 -2.859171e-05 3.299431e-05
10257.000000 -2.908062e-05 -8.424242e-07 -7.510204e-08 -1.031226e-06 2.502465e-05 -4.678194e-04 -3.434189e-05 3.966180e-05
10262.000000 -2.899497e-05 -8.435448e-07 -7.428903e-08 -1.031164e-06 2.714832e-05 -4.825362e-04 -3.878340e-05 3.559324e-05
10267.000000 -2.897115e-05 -8.423311e-07 -7.499785e-08 -1.029915e-06 3.086699e-05 -4.604070e-04 -4.558746e-05 3.052773e-05
10272.000000 -2.892297e-05 -8.422384e-07 -7.538893e-08 -1.029454e-06 2.971213e-05 -4.527976e-04 -5.728768e-05 2.770453e-05
10277.000000 -2.888512e-05 -8.468339e-07 -7.544164e-08 -1.032420e-06 3.535837e-05 -4.836759e-04 -5.573697e-05 1.879418e-05
10282.000000 -2.880606e-05 -8.531945e-07 -7.525974e-08 -1.034813e-06 3.256600e-05 -4.895439e-04 -4.184519e-05 1.590830e-05
10287.000000 -2.883177e-05 -8.556435e-07 -7.584382e-08 -1.037013e-06 3.152580e-05 -4.946822e-04 -4.064904e-05 1.513257e-05
10292.000000 -2.880171e-05 -8.586564e-07 -7.816088e-08 -1.038893e-06 3.057510e-05 -4.984766e-04 -3.730811e-05 1.640661e-05
10297.000000 -2.877625e-05 -8.611377e-07 -7.952559e-08 -1.041330e-06 3.573331e-05 -4.976426e-04 -3.471504e-05 2.512758e-05
10302.000000 -2.873028e-05 -8.604938e-07 -7.927892e-08 -1.039878e-06 3.703776e-05 -4.954647e-04 -4.482848e-05 2.355800e-05
10307.000000 -2.869060e-05 -8.629022e-07 -7.915882e-08 -1.042075e-06 3.075975e-05 -5.003437e-04 -4.452544e-05 2.692076e-05
10312.000000 -2.866449e-05 -8.669534e-07 -7.948707e-08 -1.045082e-06 3.012933e-05 -4.884049e-04 -3.973167e-05 2.288556e-05
10317.000000 -2.866728e-05 -8.723105e-07 -7.932354e-08 -1.050048e-06 4.104136e-05 -5.305195e-04 -3.931199e-05 2.103756e-05
10322.000000 -2.864163e-05 -8.746148e-07 -7.897847e-08 -1.052945e-06 3.512753e-05 -5.393809e-04 -4.195999e-05 2.315305e-05
10327.000000 -2.859431e-05 -8.761861e-07 -7.820858e-08 -1.054407e-06 3.881075e-05 -5.461340e-04 -4.829746e-05 2.663097e-05
10332.000000 -2.848192e-05 -8.755100e-07 -7.737436e-08 -1.054551e-06 4.439494e-05 -5.201538e-04 -5.794055e-05 2.173864e-05
10337.000000 -2.853615e-05 -8.776624e-07 -7.737254e-08 -1.059254e-06 4.418110e-05 -5.226940e-04 -4.397614e-05 1.858934e-05
10341.000000 -2.846502e-05 -8.757832e-07 -7.752465e-08 -1.058433e-06 5.212421e-05 -5.054893e-04 -4.748902e-05 1.396862e-05
10344.000000 -2.847831e-05 -8.794140e-07 -7.871946e-08 -1.065196e-06 5.221391e-05 -5.236090e-04 -4.757725e-05 1.177523e-05
10346.000000 -2.842531e-05 -8.777187e-07 -7.945449e-08 -1.064161e-06 4.605774e-05 -5.062353e-04 -4.211645e-05 1.359337e-05
10347.000000 -2.844130e-05 -8.800700e-07 -8.008134e-08 -1.067276e-06 3.915213e-05 -4.923790e-04 -3.236317e-05 1.774730e-05
10347.200000 -2.847381e-05 -8.836653e-07 -8.049630e-08 -1.070472e-06 3.963326e-05 -4.766217e-04 -3.226059e-05 1.298200e-05
10347.400000 -2.847713e-05 -8.831035e-07 -8.065631e-08 -1.069506e-06 4.276100e-05 -4.902239e-04 -3.493896e-05 2.019218e-05
10347.600000 -2.845786e-05 -8.821496e-07 -8.087695e-08 -1.069529e-06 4.674333e-05 -5.236580e-04 -3.105938e-05 2.539905e-05
10347.800000 -2.846176e-05 -8.816213e-07 -8.090195e-08 -1.069236e-06 5.060455e-05 -5.175767e-04 -2.979997e-05 2.407121e-05
10348.000000 -2.845520e-05 -8.806091e-07 -8.079403e-08 -1.069937e-06 4.513874e-05 -5.135124e-04 -4.111636e-05 2.783863e-05
10348.200000 -2.844444e-05 -8.811393e-07 -8.105256e-08 -1.069469e-06 3.962813e-05 -5.244223e-04 -3.577022e-05 2.793664e-05
10348.400000 -2.843536e-05 -8.799088e-07 -8.099428e-08 -1.069452e-06 4.105246e-05 -5.092991e-04 -4.400585e-05 1.313734e-05
10348.600000 -2.844537e-05 -8.817558e-07 -8.120334e-08 -1.070887e-06 5.200482e-05 -5.343958e-04 -4.878992e-05 1.190044e-05
10348.800000 -2.845005e-05 -8.819442e-07 -8.103612e-08 -1.071469e-06 4.655806e-05 -5.454657e-04 -4.364700e-05 1.341257e-05
10349.000000 -2.844816e-05 -8.823289e-07 -8.116392e-08 -1.071857e-06 4.891836e-05 -5.187494e-04 -4.789707e-05 1.750838e-05
10349.200000 -2.844322e-05 -8.815805e-07 -8.105422e-08 -1.072457e-06 4.680194e-05 -5.427987e-04 -3.692777e-05 2.375844e-05
10349.400000 -2.845038e-05 -8.816798e-07 -8.095586e-08 -1.073516e-06 4.749042e-05 -5.392336e-04 -3.036952e-05 2.238060e-05
10349.600000 -2.844500e-05 -8.824759e-07 -8.113290e-08 -1.072842e-06 4.283021e-05 -5.254487e-04 -1.903066e-05 3.248957e-05
10349.800000 -2.845341e-05 -8.833689e-07 -8.121462e-08 -1.074045e-06 4.202018e-05 -5.376367e-04 -3.722881e-05 3.009575e-05
10350.000000 -2.842762e-05 -8.812710e-07 -8.112564e-08 -1.072723e-06 4.970376e-05 -5.575967e-04 -4.515034e-05 3.093876e-05
10350.200000 -2.841922e-05 -8.807839e-07 -8.121803e-08 -1.072450e-06 5.264562e-05 -5.387133e-04 -4.715733e-05 2.182736e-05
10350.400000 -2.843033e-05 -8.828185e-07 -8.159761e-08 -1.073197e-06 5.315489e-05 -5.443752e-04 -3.482626e-05 1.827983e-05
10350.600000 -2.841867e-05 -8.820335e-07 -8.168539e-08 -1.073472e-06 3.892987e-05 -5.521718e-04 -2.475016e-05 2.224304e-05
10350.800000 -2.840007e-05 -8.797111e-07 -8.170298e-08 -1.072478e-06 3.564970e-05 -5.440529e-04 -2.560847e-05 3.021707e-05
10351.000000 -2.841666e-05 -8.816796e-07 -8.210847e-08 -1.073429e-06 4.006739e-05 -5.481173e-04 -3.297634e-05 2.494379e-05
10351.200000 -2.842550e-05 -8.820547e-07 -8.237428e-08 -1.074549e-06 4.050814e-05 -5.800976e-04 -3.505845e-05 2.535877e-05
10351.400000 -2.842812e-05 -8.825899e-07 -8.259012e-08 -1.075476e-06 4.818307e-05 -5.898974e-04 -3.606410e-05 2.861689e-05
10351.600000 -2.842673e-05 -8.820464e-07 -8.249135e-08 -1.076665e-06 5.284170e-05 -5.500374e-04 -2.460403e-05 2.455122e-05
10351.800000 -2.842222e-05 -8.834234e-07 -8.259086e-08 -1.076474e-06 5.279037e-05 -5.693426e-04 -1.503117e-05 2.659225e-05
10352.000000 -2.841403e-05 -8.820751e-07 -8.237351e-08 -1.076310e-06 4.581329e-05 -5.562246e-04 -2.400051e-05 2.041166e-05
10352.200000 -2.842263e-05 -8.823272e-07 -8.251277e-08 -1.077599e-06 3.484224e-05 -5.361478e-04 -1.634772e-05 2.891202e-05
10352.400000 -2.841492e-05 -8.820839e-07 -8.234803e-08 -1.077933e-06 3.314279e-05 -5.475497e-04 -2.489808e-05 2.995854e-05
10352.600000 -2.841923e-05 -8.821018e-07 -8.233880e-08 -1.078070e-06 3.722268e-05 -5.505771e-04 -4.318778e-05 2.754077e-05
10352.800000 -2.840814e-05 -8.812792e-07 -8.233815e-08 -1.078509e-06 4.497279e-05 -5.748014e-04 -3.679252e-05 2.615656e-05
10353.000000 -2.841097e-05 -8.817185e-07 -8.242501e-08 -1.078652e-06 4.318114e-05 -5.666955e-04 -2.525980e-05 2.955109e-05
10353.200000 -2.841633e-05 -8.828640e-07 -8.249043e-08 -1.079837e-06 5.637513e-05 -5.441584e-04 -3.030148e-05 2.440378e-05
10353.400000 -2.841331e-05 -8.840890e-07 -8.246930e-08 -1.080701e-06 5.440219e-05 -5.633168e-04 -3.166368e-05 2.901808e-05
10353.600000 -2.840909e-05 -8.832332e-07 -8.269332e-08 -1.080351e-06 5.278372e-05 -5.357361e-04 -2.863432e-05 2.737113e-05
10353.800000 -2.838650e-05 -8.822884e-07 -8.260407e-08 -1.079879e-06 4.751356e-05 -5.304393e-04 -2.972188e-05 2.990374e-05
10354.000000 -2.836447e-05 -8.794982e-07 -8.251597e-08 -1.077647e-06 5.156751e-05 -5.213760e-04 -3.184263e-05 2.268366e-05
10354.200000 -2.833656e-05 -8.780245e-07 -8.237895e-08 -1.075751e-06 5.207250e-05 -5.190268e-04 -3.576613e-05 2.512264e-05
10354.400000 -2.836028e-05 -8.790194e-07 -8.263199e-08 -1.078901e-06 5.072886e-05 -5.351501e-04 -3.512131e-05 2.358666e-05
10354.600000 -2.838524e-05 -8.819987e-07 -8.287912e-08 -1.082162e-06 4.581136e-05 -5.515916e-04 -3.613494e-05 2.842172e-05
10354.800000 -2.837753e-05 -8.829706e-07 -8.311969e-08 -1.082325e-06 5.544599e-05 -5.428877e-04 -3.587124e-05 2.721779e-05
10355.000000 -2.838139e-05 -8.841763e-07 -8.334653e-08 -1.082368e-06 4.948259e-05 -5.668775e-04 -3.520934e-05 2.294218e-05
10355.200000 -2.837270e-05 -8.846533e-07 -8.360256e-08 -1.082392e-06 5.529609e-05 -5.543137e-04 -3.828449e-05 2.039761e-05
10355.400000 -2.833962e-05 -8.802795e-07 -8.333651e-08 -1.080490e-06 6.226747e-05 -5.418110e-04 -3.483315e-05 9.278970e-06
10355.600000 -2.833458e-05 -8.800911e-07 -8.327622e-08 -1.080258e-06 6.859991e-05 -5.440333e-04 -4.761298e-05 1.261705e-05
10355.800000 -2.831387e-05 -8.769363e-07 -8.278142e-08 -1.079340e-06 6.170730e-05 -5.454615e-04 -3.913748e-05 2.671026e-05
10356.000000 -2.829413e-05 -8.765631e-07 -8.256399e-08 -1.078315e-06 5.593549e-05 -5.542115e-04 -3.952608e-05 2.098852e-05
10356.200000 -2.828232e-05 -8.756637e-07 -8.223676e-08 -1.077702e-06 5.602388e-05 -5.528839e-04 -4.384160e-05 2.220873e-05
10356.400000 -2.829374e-05 -8.770527e-07 -8.230971e-08 -1.081023e-06 4.303814e-05 -5.655622e-04 -3.689364e-05 2.425593e-05
10356.600000 -2.823791e-05 -8.704848e-07 -8.152969e-08 -1.075258e-06 4.979254e-05 -5.573282e-04 -4.557468e-05 2.312376e-05
10356.800000 -2.824808e-05 -8.718877e-07 -8.173951e-08 -1.078591e-06 5.169843e-05 -5.644646e-04 -4.981374e-05 2.571349e-05
10357.000000 -2.833297e-05 -8.813744e-07 -8.269869e-08 -1.084567e-06 5.014336e-05 -5.626899e-04 -4.318303e-05 2.882436e-05
10357.200000 -2.833944e-05 -8.806943e-07 -8.253341e-08 -1.086584e-06 5.076175e-05 -5.552469e-04 -4.963893e-05 3.630710e-05
10357.400000 -2.833091e-05 -8.817789e-07 -8.267191e-08 -1.087123e-06 5.231981e-05 -5.675972e-04 -5.408216e-05 2.419462e-05
10357.600000 -2.827002e-05 -8.741234e-07 -8.211029e-08 -1.083152e-06 5.754044e-05 -5.496993e-04 -4.861992e-05 1.888172e-05
10357.800000 -2.823975e-05 -8.749672e-07 -8.235204e-08 -1.080654e-06 5.322281e-05 -5.767275e-04 -4.412866e-05 2.134509e-05
10358.000000 -2.819973e-05 -8.710119e-07 -8.215694e-08 -1.077013e-06 5.272087e-05 -5.646024e-04 -4.591596e-05 1.442296e-05
10358.200000 -2.817674e-05 -8.676644e-07 -8.184918e-08 -1.077875e-06 5.144330e-05 -5.698898e-04 -4.079066e-05 8.315618e-06
10358.400000 -2.822060e-05 -8.728898e-07 -8.245631e-08 -1.081726e-06 5.315986e-05 -5.610443e-04 -3.589438e-05 1.570036e-05
10358.600000 -2.824394e-05 -8.735496e-07 -8.264159e-08 -1.083985e-06 5.219573e-05 -5.459099e-04 -3.041595e-05 8.630616e-06
10358.800000 -2.823313e-05 -8.735146e-07 -8.247741e-08 -1.085324e-06 5.225878e-05 -5.534756e-04 -2.521725e-05 2.235531e-05
10359.000000 -2.828010e-05 -8.780614e-07 -8.285102e-08 -1.089125e-06 5.250543e-05 -5.524775e-04 -4.441744e-05 1.936458e-05
10359.200000 -2.826629e-05 -8.771887e-07 -8.275264e-08 -1.090660e-06 5.891510e-05 -5.307045e-04 -4.231399e-05 2.023500e-05
10359.400000 -2.820565e-05 -8.693958e-07 -8.198446e-08 -1.086514e-06 5.227694e-05 -5.203636e-04 -4.431445e-05 1.558435e-05
10359.600000 -2.820705e-05 -8.701911e-07 -8.208092e-08 -1.086769e-06 4.939534e-05 -5.059672e-04 -2.631806e-05 2.006954e-05
10359.800000 -2.825642e-05 -8.772483e-07 -8.284896e-08 -1.092960e-06 5.083165e-05 -5.108676e-04 -2.643020e-05 2.333512e-05
10360.000000 -2.828969e-05 -8.795775e-07 -8.309683e-08 -1.097065e-06 5.105869e-05 -5.180585e-04 -4.142852e-05 7.698250e-06
10360.200000 -2.830196e-05 -8.811737e-07 -8.345555e-08 -1.100031e-06 5.462823e-05 -4.977903e-04 -4.071860e-05 7.812933e-06
10360.400000 -2.829885e-05 -8.808970e-07 -8.358384e-08 -1.099793e-06 5.614355e-05 -5.029647e-04 -3.320183e-05 2.174535e-05
10360.600000 -2.825468e-05 -8.768473e-07 -8.315745e-08 -1.097985e-06 5.289520e-05 -5.109713e-04 -3.661724e-05 1.246643e-05
10360.800000 -2.823924e-05 -8.736116e-07 -8.313052e-08 -1.096795e-06 5.929787e-05 -5.115074e-04 -3.387911e-05 1.215988e-05
10361.000000 -2.824244e-05 -8.765432e-07 -8.319242e-08 -1.098645e-06 5.484293e-05 -5.036763e-04 -2.560266e-05 1.195195e-05
10361.200000 -2.815902e-05 -8.668847e-07 -8.192345e-08 -1.095120e-06 6.131694e-05 -5.105880e-04 -3.848181e-05 1.523027e-05
10361.400000 -2.818225e-05 -8.703220e-07 -8.225079e-08 -1.097381e-06 5.192303e-05 -5.125114e-04 -3.792094e-05 2.290862e-05
10361.600000 -2.821409e-05 -8.733705e-07 -8.244318e-08 -1.102003e-06 5.167399e-05 -5.149829e-04 -3.661236e-05 2.471545e-05
10361.800000 -2.826519e-05 -8.774843e-07 -8.286200e-08 -1.107246e-06 5.940060e-05 -5.416764e-04 -4.286616e-05 2.060280e-05
10362.000000 -2.825722e-05 -8.776368e-07 -8.268865e-08 -1.109752e-06 5.460551e-05 -5.263180e-04 -4.074812e-05 2.797281e-05
10362.200000 -2.824361e-05 -8.740515e-07 -8.245675e-08 -1.109293e-06 4.990627e-05 -5.370896e-04 -4.322976e-05 2.924540e-05
10362.400000 -2.824247e-05 -8.754879e-07 -8.250335e-08 -1.111510e-06 4.763126e-05 -5.326065e-04 -4.261613e-05 2.479703e-05
10362.600000 -2.822648e-05 -8.745802e-07 -8.218993e-08 -1.111264e-06 4.594445e-05 -5.345955e-04 -3.959496e-05 2.389058e-05
10362.800000 -2.824484e-05 -8.764985e-07 -8.229119e-08 -1.114387e-06 4.443438e-05 -5.293379e-04 -3.246982e-05 2.614570e-05
10363.000000 -2.825518e-05 -8.764587e-07 -8.242027e-08 -1.118470e-06 4.288222e-05 -5.341038e-04 -3.486809e-05 2.402910e-05
10363.200000 -2.826335e-05 -8.759666e-07 -8.254518e-08 -1.121329e-06 4.588289e-05 -5.320539e-04 -3.320721e-05 2.385620e-05
10363.400000 -2.826988e-05 -8.769749e-07 -8.269712e-08 -1.125419e-06 4.930653e-05 -5.411551e-04 -3.224151e-05 1.967141e-05
10363.600000 -2.825326e-05 -8.748505e-07 -8.256853e-08 -1.124397e-06 6.131495e-05 -5.483412e-04 -2.910280e-05 3.333995e-05
10363.800000 -2.824952e-05 -8.756165e-07 -8.257183e-08 -1.128377e-06 6.202618e-05 -5.607252e-04 -2.898589e-05 4.354560e-05
10364.000000 -2.826705e-05 -8.767071e-07 -8.258134e-08 -1.131983e-06 6.686234e-05 -5.645699e-04 -4.459634e-05 3.132469e-05
10364.200000 -2.827168e-05 -8.770452e-07 -8.259979e-08 -1.135269e-06 5.980115e-05 -5.552706e-04 -3.490517e-05 2.750701e-05
10364.400000 -2.827852e-05 -8.770952e-07 -8.273213e-08 -1.139325e-06 5.834462e-05 -5.618346e-04 -2.642331e-05 2.878967e-05
10364.600000 -2.826364e-05 -8.741470e-07 -8.258175e-08 -1.140739e-06 5.298356e-05 -5.509934e-04 -2.680359e-05 1.901306e-05
10364.800000 -2.822754e-05 -8.723213e-07 -8.231066e-08 -1.140481e-06 6.212731e-05 -5.552198e-04 -1.850157e-05 1.729457e-05
10365.000000 -2.817753e-05 -8.666459e-07 -8.181595e-08 -1.139809e-06 6.739533e-05 -5.629136e-04 -1.650311e-05 2.973136e-05
10365.200000 -2.819075e-05 -8.677983e-07 -8.182456e-08 -1.145102e-06 6.307889e-05 -5.520174e-04 -2.198869e-05 1.794038e-05
10365.400000 -2.821349e-05 -8.671443e-07 -8.171834e-08 -1.152831e-06 6.631021e-05 -5.413459e-04 -1.693375e-05 1.764548e-05
10365.600000 -2.821984e-05 -8.698171e-07 -8.175610e-08 -1.157014e-06 6.418370e-05 -5.618113e-04 -1.791605e-05 1.746249e-05
10365.800000 -2.822022e-05 -8.682149e-07 -8.155352e-08 -1.162429e-06 5.302564e-05 -5.322879e-04 -2.926219e-05 1.409178e-05
10366.000000 -2.823423e-05 -8.696849e-07 -8.166957e-08 -1.170496e-06 5.856994e-05 -5.332657e-04 -2.768258e-05 1.931228e-05
10366.200000 -2.824069e-05 -8.699228e-07 -8.185105e-08 -1.177628e-06 5.141923e-05 -5.315036e-04 -1.709870e-05 1.722155e-05
10366.400000 -2.824843e-05 -8.680043e-07 -8.182250e-08 -1.184981e-06 4.425962e-05 -5.286235e-04 -1.092248e-05 1.855999e-05
10366.600000 -2.824806e-05 -8.671377e-07 -8.169700e-08 -1.192335e-06 5.138638e-05 -5.489304e-04 -6.102121e-06 3.022566e-05
10366.800000 -2.822771e-05 -8.630520e-07 -8.140336e-08 -1.197809e-06 5.092275e-05 -5.553997e-04 -1.522792e-05 2.466260e-05
10367.000000 -2.821577e-05 -8.620991e-07 -8.150773e-08 -1.206408e-06 5.509532e-05 -5.257466e-04 -2.120099e-05 2.281278e-05
10367.200000 -2.822022e-05 -8.604253e-07 -8.149737e-08 -1.217189e-06 6.016205e-05 -5.112279e-04 -1.711814e-05 2.635246e-05
10367.400000 -2.822831e-05 -8.593712e-07 -8.146760e-08 -1.229245e-06 5.517993e-05 -4.919925e-04 -1.184445e-05 2.182466e-05
10367.600000 -2.823482e-05 -8.582926e-07 -8.122666e-08 -1.241737e-06 4.747786e-05 -5.093566e-04 -2.535903e-05 1.553026e-05
10367.800000 -2.821215e-05 -8.543794e-07 -8.083156e-08 -1.254584e-06 4.983719e-05 -5.050076e-04 -2.184463e-05 1.578679e-05
10368.000000 -2.821490e-05 -8.514347e-07 -8.053192e-08 -1.271321e-06 5.422461e-05 -5.176051e-04 -1.578332e-05 2.075907e-05
10368.200000 -2.823681e-05 -8.492705e-07 -8.000895e-08 -1.289932e-06 5.657029e-05 -4.985199e-04 -2.352991e-05 1.968850e-05
10368.400000 -2.822542e-05 -8.446661e-07 -7.956342e-08 -1.308429e-06 5.279281e-05 -4.814163e-04 -2.116827e-05 1.505259e-05
10368.600000 -2.822557e-05 -8.409838e-07 -7.915151e-08 -1.329591e-06 5.005741e-05 -5.095478e-04 -1.868315e-05 2.534411e-05
10368.800000 -2.820956e-05 -8.344336e-07 -7.839943e-08 -1.350801e-06 4.707717e-05 -5.224170e-04 -2.932966e-05 1.776896e-05
10369.000000 -2.821556e-05 -8.314514e-07 -7.809183e-08 -1.378606e-06 5.341370e-05 -5.383460e-04 -2.643827e-05 2.121960e-05
10369.200000 -2.823859e-05 -8.284314e-07 -7.785270e-08 -1.409315e-06 5.908730e-05 -5.344142e-04 -2.187524e-05 1.802648e-05
10369.400000 -2.822467e-05 -8.206537e-07 -7.710296e-08 -1.439665e-06 5.309689e-05 -5.351484e-04 -5.368823e-06 1.568837e-05
10369.600000 -2.821606e-05 -8.158622e-07 -7.670430e-08 -1.472162e-06 5.340850e-05 -5.263220e-04 -1.259997e-05 1.538787e-05
10369.800000 -2.822273e-05 -8.094378e-07 -7.625095e-08 -1.508919e-06 5.750270e-05 -5.137116e-04 -1.038510e-05 2.012673e-05
10370.000000 -2.822459e-05 -8.035532e-07 -7.584572e-08 -1.549925e-06 5.730372e-05 -5.241650e-04 -1.269881e-05 2.196084e-05
10370.200000 -2.822008e-05 -7.965464e-07 -7.516946e-08 -1.591937e-06 6.140645e-05 -5.144739e-04 -1.709063e-05 1.480780e-05
10370.400000 -2.819852e-05 -7.878530e-07 -7.436478e-08 -1.635022e-06 5.983707e-05 -5.421235e-04 -2.523926e-05 2.162991e-05
10370.600000 -2.819419e-05 -7.804883e-07 -7.370116e-08 -1.683601e-06 5.443349e-05 -5.577042e-04 -2.777340e-05 2.816090e-05
10370.800000 -2.819101e-05 -7.717387e-07 -7.261858e-08 -1.736788e-06 4.537856e-05 -5.682152e-04 -2.750044e-05 2.377207e-05
10371.000000 -2.818757e-05 -7.636227e-07 -7.192452e-08 -1.793418e-06 5.340403e-05 -5.667974e-04 -1.726592e-05 2.476178e-05
10371.200000 -2.817882e-05 -7.542027e-07 -7.120006e-08 -1.850845e-06 5.193801e-05 -5.456086e-04 -1.729660e-05 1.551575e-05
10371.400000 -2.815449e-05 -7.437838e-07 -7.008367e-08 -1.909773e-06 5.290704e-05 -5.337967e-04 -1.364151e-05 1.456027e-05
10371.600000 -2.808151e-05 -7.297533e-07 -6.869964e-08 -1.965159e-06 6.231459e-05 -5.277146e-04 -2.126729e-05 1.743135e-05
10371.800000 -2.804597e-05 -7.177122e-07 -6.738396e-08 -2.029882e-06 5.600122e-05 -5.354587e-04 -2.418602e-05 1.624534e-05
10372.000000 -2.805345e-05 -7.106839e-07 -6.653678e-08 -2.101179e-06 5.130801e-05 -5.191411e-04 -3.254815e-05 1.705934e-05
10372.200000 -2.808329e-05 -7.042607e-07 -6.599780e-08 -2.178883e-06 5.201208e-05 -5.249860e-04 -3.401169e-05 2.488645e-05
10372.400000 -2.811531e-05 -6.980908e-07 -6.547085e-08 -2.256445e-06 4.049725e-05 -5.403574e-04 -3.465712e-05 2.155561e-05
10372.600000 -2.810036e-05 -6.891959e-07 -6.462921e-08 -2.327169e-06 4.387633e-05 -5.246237e-04 -2.736011e-05 1.729997e-05
10372.800000 -2.806025e-05 -6.760156e-07 -6.351533e-08 -2.389566e-06 4.338889e-05 -5.345085e-04 -2.301654e-05 1.790155e-05
10373.000000 -2.808865e-05 -6.718432e-07 -6.304942e-08 -2.460971e-06 3.980247e-05 -5.137842e-04 -2.619730e-05 1.512216e-05
10373.200000 -2.812028e-05 -6.666950e-07 -6.276977e-08 -2.530206e-06 3.954982e-05 -5.197938e-04 -3.135918e-05 2.174183e-05
10373.400000 -2.814402e-05 -6.604859e-07 -6.216249e-08 -2.593040e-06 4.704407e-05 -5.111586e-04 -2.689404e-05 2.455561e-05
10373.600000 -2.815663e-05 -6.562374e-07 -6.179173e-08 -2.647729e-06 4.315014e-05 -5.091153e-04 -2.151990e-05 3.180025e-05
10373.800000 -2.816307e-05 -6.519185e-07 -6.158885e-08 -2.694564e-06 4.945433e-05 -5.337947e-04 -1.758258e-05 2.886004e-05
10374.000000 -2.816428e-05 -6.468787e-07 -6.099052e-08 -2.735496e-06 4.467902e-05 -5.413692e-04 -1.474298e-05 2.872887e-05
10374.200000 -2.818045e-05 -6.441842e-07 -6.065715e-08 -2.773204e-06 4.062699e-05 -5.517848e-04 -1.913240e-05 2.315380e-05
10374.400000 -2.816833e-05 -6.381150e-07 -5.996910e-08 -2.800861e-06 3.665358e-05 -5.403775e-04 -3.808588e-05 1.355773e-05
10374.600000 -2.817441e-05 -6.371531e-07 -5.973336e-08 -2.827025e-06 4.169629e-05 -5.292569e-04 -2.558734e-05 1.721807e-05
10374.800000 -2.818218e-05 -6.341608e-07 -5.932202e-08 -2.850067e-06 4.734605e-05 -5.397328e-04 -2.730465e-05 1.663786e-05
10375.000000 -2.818117e-05 -6.323363e-07 -5.909632e-08 -2.866955e-06 4.988345e-05 -5.558282e-04 -2.623017e-05 2.511073e-05
10375.200000 -2.818939e-05 -6.316187e-07 -5.911698e-08 -2.885891e-06 6.247236e-05 -5.517906e-04 -2.361351e-05 2.957692e-05
10375.400000 -2.823000e-05 -6.322046e-07 -5.920228e-08 -2.906820e-06 6.425176e-05 -5.565480e-04 -3.025211e-05 2.916845e-05
10375.600000 -2.824081e-05 -6.342463e-07 -5.946653e-08 -2.923122e-06 6.505195e-05 -5.612464e-04 -2.832666e-05 3.250174e-05
10375.800000 -2.822600e-05 -6.309914e-07 -5.935450e-08 -2.929889e-06 5.357730e-05 -5.812418e-04 -2.555917e-05 3.070470e-05
10376.000000 -2.821295e-05 -6.304991e-07 -5.932451e-08 -2.938486e-06 5.547045e-05 -5.786961e-04 -3.170225e-05 2.644913e-05
10376.200000 -2.819665e-05 -6.281951e-07 -5.902034e-08 -2.940776e-06 6.225367e-05 -5.612804e-04 -2.431251e-05 4.459177e-05
10376.400000 -2.814790e-05 -6.230012e-07 -5.844787e-08 -2.937136e-06 5.419560e-05 -5.392916e-04 -2.296086e-05 4.231182e-05
10376.600000 -2.815632e-05 -6.247771e-07 -5.860604e-08 -2.942836e-06 4.343368e-05 -5.388836e-04 -3.347708e-05 3.564393e-05
10376.800000 -2.818849e-05 -6.268157e-07 -5.867734e-08 -2.948480e-06 4.135218e-05 -5.419197e-04 -2.633789e-05 3.710549e-05
10377.000000 -2.821029e-05 -6.305199e-07 -5.889956e-08 -2.953064e-06 5.255426e-05 -5.408442e-04 -2.493228e-05 3.838064e-05
10377.200000 -2.820730e-05 -6.298222e-07 -5.880434e-08 -2.944079e-06 4.696554e-05 -5.400087e-04 -3.224981e-05 3.102340e-05
10377.400000 -2.816923e-05 -6.288906e-07 -5.850919e-08 -2.928720e-06 5.099107e-05 -5.408685e-04 -3.428213e-05 3.462201e-05
10377.600000 -2.819333e-05 -6.317038e-07 -5.865209e-08 -2.918446e-06 4.842329e-05 -5.405259e-04 -4.003742e-05 2.942544e-05
10377.800000 -2.823150e-05 -6.374106e-07 -5.942699e-08 -2.909227e-06 4.749596e-05 -5.432360e-04 -4.792460e-05 2.964282e-05
10378.000000 -2.822826e-05 -6.381230e-07 -5.952701e-08 -2.888180e-06 4.917037e-05 -5.565973e-04 -3.040469e-05 3.633873e-05
10378.200000 -2.823574e-05 -6.418347e-07 -5.992478e-08 -2.868753e-06 5.001841e-05 -5.438767e-04 -3.449747e-05 4.122403e-05
10378.400000 -2.824006e-05 -6.453554e-07 -6.042654e-08 -2.843687e-06 4.209657e-05 -5.468833e-04 -3.575717e-05 3.288402e-05
10378.600000 -2.823880e-05 -6.473957e-07 -6.057691e-08 -2.818005e-06 3.939410e-05 -5.395857e-04 -3.617875e-05 3.448916e-05
10378.800000 -2.824642e-05 -6.508111e-07 -6.099477e-08 -2.791124e-06 3.868575e-05 -5.304817e-04 -3.692281e-05 2.732863e-05
10379.000000 -2.823408e-05 -6.513767e-07 -6.111378e-08 -2.758527e-06 4.207549e-05 -5.332751e-04 -3.158333e-05 2.937248e-05
10379.200000 -2.823119e-05 -6.571883e-07 -6.172613e-08 -2.731715e-06 5.180769e-05 -5.312726e-04 -3.018772e-05 3.030948e-05
10379.400000 -2.823224e-05 -6.579075e-07 -6.203014e-08 -2.700516e-06 4.921584e-05 -5.302502e-04 -4.082773e-05 3.107310e-05
10379.600000 -2.823474e-05 -6.611577e-07 -6.233260e-08 -2.672984e-06 4.282238e-05 -5.097711e-04 -4.412529e-05 3.861048e-05
10379.800000 -2.823937e-05 -6.657013e-07 -6.275821e-08 -2.643222e-06 3.477289e-05 -5.286449e-04 -5.830586e-05 3.533442e-05
10380.000000 -2.822127e-05 -6.663663e-07 -6.291030e-08 -2.609535e-06 4.159867e-05 -5.327126e-04 -6.006334e-05 2.235123e-05
10380.200000 -2.820889e-05 -6.714164e-07 -6.320943e-08 -2.576870e-06 5.363128e-05 -5.192470e-04 -6.358051e-05 2.364349e-05
10380.400000 -2.820476e-05 -6.722790e-07 -6.320906e-08 -2.544823e-06 5.747754e-05 -5.066853e-04 -5.361479e-05 3.363836e-05
10380.600000 -2.822253e-05 -6.782914e-07 -6.372456e-08 -2.517341e-06 5.944717e-05 -5.093615e-04 -4.684232e-05 4.446339e-05
10380.800000 -2.821526e-05 -6.802598e-07 -6.376051e-08 -2.483092e-06 4.834614e-05 -4.886163e-04 -5.414189e-05 4.241612e-05
10381.000000 -2.821569e-05 -6.849031e-07 -6.425858e-08 -2.451546e-06 3.628443e-05 -4.980109e-04 -5.220346e-05 3.299476e-05
10381.200000 -2.820956e-05 -6.875119e-07 -6.445672e-08 -2.420719e-06 3.243290e-05 -4.769177e-04 -5.248322e-05 3.469001e-05
10381.400000 -2.821429e-05 -6.924313e-07 -6.481250e-08 -2.388918e-06 4.067241e-05 -4.602695e-04 -4.566251e-05 2.773182e-05
10381.600000 -2.820364e-05 -6.958453e-07 -6.532729e-08 -2.357162e-06 3.598339e-05 -4.715392e-04 -4.131192e-05 2.385908e-05
10381.800000 -2.820320e-05 -6.987095e-07 -6.545119e-08 -2.328326e-06 3.694215e-05 -4.726278e-04 -4.252060e-05 2.671409e-05
10382.000000 -2.820499e-05 -7.029498e-07 -6.604207e-08 -2.300965e-06 4.279468e-05 -4.496921e-04 -4.941364e-05 2.031393e-05
10382.200000 -2.819994e-05 -7.047210e-07 -6.630733e-08 -2.272878e-06 5.165769e-05 -4.562895e-04 -5.023807e-05 2.461908e-05
10382.400000 -2.822671e-05 -7.118477e-07 -6.726550e-08 -2.250162e-06 5.219712e-05 -4.633085e-04 -4.513049e-05 3.614966e-05
10382.600000 -2.820456e-05 -7.112100e-07 -6.719331e-08 -2.224614e-06 4.984391e-05 -4.485318e-04 -4.791388e-05 3.017264e-05
10382.800000 -2.819198e-05 -7.146981e-07 -6.739454e-08 -2.199133e-06 4.618204e-05 -4.400456e-04 -5.357543e-05 2.266055e-05
10383.000000 -2.818520e-05 -7.178134e-07 -6.732689e-08 -2.176381e-06 4.699133e-05 -4.527041e-04 -4.447115e-05 1.629470e-05
10383.200000 -2.820653e-05 -7.207497e-07 -6.743097e-08 -2.162249e-06 4.008319e-05 -4.453387e-04 -3.599747e-05 2.702438e-05
10383.400000 -2.820105e-05 -7.242092e-07 -6.768991e-08 -2.144655e-06 4.278992e-05 -4.294347e-04 -3.025922e-05 2.482047e-05
10383.600000 -2.819960e-05 -7.254281e-07 -6.772065e-08 -2.128249e-06 4.351583e-05 -4.512162e-04 -4.814797e-05 1.628489e-05
10383.800000 -2.819181e-05 -7.285520e-07 -6.803873e-08 -2.114142e-06 3.522616e-05 -4.669078e-04 -3.301439e-05 2.479333e-05
10384.000000 -2.818161e-05 -7.287888e-07 -6.805623e-08 -2.097227e-06 3.903528e-05 -4.758031e-04 -2.842219e-05 1.819004e-05
10384.200000 -2.817046e-05 -7.291541e-07 -6.801170e-08 -2.084942e-06 4.910891e-05 -4.766729e-04 -3.348066e-05 2.328304e-05
10384.400000 -2.813623e-05 -7.293678e-07 -6.821659e-08 -2.068328e-06 4.372378e-05 -4.789474e-04 -2.449366e-05 2.293681e-05
10384.600000 -2.810256e-05 -7.244229e-07 -6.797826e-08 -2.054871e-06 4.921892e-05 -4.935454e-04 -3.445620e-05 2.681354e-05
10384.800000 -2.810175e-05 -7.276099e-07 -6.832926e-08 -2.047973e-06 5.165390e-05 -4.845786e-04 -2.107357e-05 2.035111e-05
10385.000000 -2.811002e-05 -7.293512e-07 -6.854468e-08 -2.040964e-06 4.414564e-05 -4.953623e-04 -1.958710e-05 2.350674e-05
10385.200000 -2.812223e-05 -7.322355e-07 -6.876300e-08 -2.039687e-06 4.180157e-05 -5.106182e-04 -3.533272e-05 1.682778e-05
10385.400000 -2.811522e-05 -7.308165e-07 -6.865751e-08 -2.033340e-06 4.136058e-05 -5.058280e-04 -3.096797e-05 1.151094e-05
10385.600000 -2.806450e-05 -7.267272e-07 -6.793877e-08 -2.021541e-06 4.864835e-05 -4.918939e-04 -3.201594e-05 1.081484e-05
10385.800000 -2.805362e-05 -7.275634e-07 -6.771403e-08 -2.013867e-06 4.140642e-05 -5.158791e-04 -1.864803e-05 1.832309e-05
10386.000000 -2.803454e-05 -7.252123e-07 -6.769713e-08 -2.010585e-06 4.410973e-05 -5.144005e-04 -3.826611e-05 2.324579e-05
10386.200000 -2.806933e-05 -7.317112e-07 -6.827675e-08 -2.011189e-06 4.547841e-05 -5.073093e-04 -4.381671e-05 2.809896e-05
10386.400000 -2.804929e-05 -7.286081e-07 -6.798907e-08 -2.005880e-06 4.266130e-05 -5.152440e-04 -4.127877e-05 2.540844e-05
10386.600000 -2.802843e-05 -7.281209e-07 -6.795792e-08 -2.002325e-06 4.087413e-05 -5.069671e-04 -3.682724e-05 2.924999e-05
10386.800000 -2.810682e-05 -7.340723e-07 -6.862115e-08 -2.012397e-06 5.068406e-05 -5.112612e-04 -2.921713e-05 3.296669e-05
10387.000000 -2.817394e-05 -7.402768e-07 -6.932133e-08 -2.023249e-06 4.439522e-05 -5.153686e-04 -3.485367e-05 3.727073e-05
10387.200000 -2.818832e-05 -7.416704e-07 -6.941167e-08 -2.024489e-06 4.874027e-05 -5.068203e-04 -4.896363e-05 3.235756e-05
10387.400000 -2.816391e-05 -7.402903e-07 -6.933289e-08 -2.021555e-06 5.902418e-05 -4.989484e-04 -4.493618e-05 3.493138e-05
10387.600000 -2.814781e-05 -7.400751e-07 -6.936947e-08 -2.019014e-06 6.123423e-05 -5.195406e-04 -4.052589e-05 2.493130e-05
10387.800000 -2.813178e-05 -7.373110e-07 -6.896160e-08 -2.019363e-06 5.411859e-05 -5.161581e-04 -4.664654e-05 2.166605e-05
10388.000000 -2.813680e-05 -7.381975e-07 -6.886868e-08 -2.022853e-06 4.532040e-05 -5.123160e-04 -5.757104e-05 1.612229e-05
10388.200000 -2.813529e-05 -7.392061e-07 -6.869070e-08 -2.023725e-06 4.501515e-05 -5.060719e-04 -5.134523e-05 1.766165e-05
10388.400000 -2.814395e-05 -7.402505e-07 -6.854115e-08 -2.026798e-06 5.836686e-05 -5.204513e-04 -4.353492e-05 2.216791e-05
10388.600000 -2.814675e-05 -7.371951e-07 -6.824784e-08 -2.031235e-06 5.905945e-05 -5.215842e-04 -5.445709e-05 1.719762e-05
10388.800000 -2.816504e-05 -7.400768e-07 -6.841050e-08 -2.035728e-06 5.060607e-05 -5.334359e-04 -4.815478e-05 1.720883e-05
10389.000000 -2.817941e-05 -7.393152e-07 -6.817761e-08 -2.041165e-06 4.367398e-05 -5.457437e-04 -3.471985e-05 2.762004e-05
10389.200000 -2.812847e-05 -7.337731e-07 -6.769866e-08 -2.038820e-06 3.992314e-05 -5.319908e-04 -4.144582e-05 3.278599e-05
10389.400000 -2.809616e-05 -7.324758e-07 -6.746569e-08 -2.036275e-06 2.896313e-05 -5.256211e-04 -4.896599e-05 3.188525e-05
10389.600000 -2.809307e-05 -7.320115e-07 -6.708403e-08 -2.037242e-06 3.911947e-05 -5.306654e-04 -4.244077e-05 3.448080e-05
10389.800000 -2.809197e-05 -7.314883e-07 -6.699380e-08 -2.042613e-06 4.130783e-05 -5.462416e-04 -4.026710e-05 2.975276e-05
10390.000000 -2.813106e-05 -7.339854e-07 -6.731034e-08 -2.052735e-06 4.255248e-05 -5.277228e-04 -4.529530e-05 1.617828e-05
10390.200000 -2.817254e-05 -7.366439e-07 -6.756888e-08 -2.061931e-06 4.657535e-05 -5.272779e-04 -3.579971e-05 2.132087e-05
10390.400000 -2.815739e-05 -7.363251e-07 -6.772648e-08 -2.066163e-06 4.544715e-05 -5.134040e-04 -3.911963e-05 2.223397e-05
10390.600000 -2.814974e-05 -7.351108e-07 -6.774445e-08 -2.067678e-06 4.917336e-05 -5.127476e-04 -5.266094e-05 1.011647e-05
10390.800000 -2.813768e-05 -7.340284e-07 -6.745353e-08 -2.070261e-06 4.377020e-05 -5.340034e-04 -4.307351e-05 1.863223e-05
10391.000000 -2.816429e-05 -7.357972e-07 -6.741732e-08 -2.079469e-06 4.277401e-05 -5.408207e-04 -4.252339e-05 1.956877e-05
10391.200000 -2.816136e-05 -7.350281e-07 -6.727546e-08 -2.081970e-06 4.516602e-05 -4.854653e-04 -3.971146e-05 1.896502e-05
10391.400000 -2.814713e-05 -7.335321e-07 -6.711799e-08 -2.084768e-06 3.684664e-05 -4.797134e-04 -3.880517e-05 2.145087e-05
10391.600000 -2.815677e-05 -7.336839e-07 -6.705938e-08 -2.089204e-06 4.439467e-05 -4.808338e-04 -4.218806e-05 1.760877e-05
10391.800000 -2.814917e-05 -7.330673e-07 -6.694837e-08 -2.092127e-06 5.058419e-05 -4.798547e-04 -3.017017e-05 1.304850e-05
10392.000000 -2.812961e-05 -7.302172e-07 -6.650775e-08 -2.092070e-06 3.969453e-05 -4.932578e-04 -3.377163e-05 1.153189e-05
10392.200000 -2.812854e-05 -7.303676e-07 -6.628122e-08 -2.095823e-06 3.430840e-05 -5.012765e-04 -3.502859e-05 1.370723e-05
10392.400000 -2.811314e-05 -7.297506e-07 -6.606673e-08 -2.094607e-06 3.869206e-05 -5.195024e-04 -3.997333e-05 1.342236e-05
10392.600000 -2.811603e-05 -7.291982e-07 -6.585824e-08 -2.097557e-06 3.390172e-05 -5.305985e-04 -3.953957e-05 1.078343e-05
10392.800000 -2.810246e-05 -7.284656e-07 -6.585018e-08 -2.099481e-06 3.399009e-05 -5.309437e-04 -4.339182e-05 7.720881e-06
10393.000000 -2.812146e-05 -7.309362e-07 -6.604538e-08 -2.103152e-06 2.815278e-05 -5.459108e-04 -2.831048e-05 1.131132e-05
10393.200000 -2.813827e-05 -7.315717e-07 -6.605333e-08 -2.106927e-06 3.407531e-05 -5.392063e-04 -2.802221e-05 1.447382e-05
10393.400000 -2.812593e-05 -7.306421e-07 -6.598723e-08 -2.108506e-06 3.843970e-05 -5.540880e-04 -3.046962e-05 1.833839e-05
10393.600000 -2.811727e-05 -7.296418e-07 -6.583647e-08 -2.108078e-06 4.536903e-05 -5.496707e-04 -2.756848e-05 9.267704e-06
10393.800000 -2.810758e-05 -7.291189e-07 -6.574690e-08 -2.106331e-06 3.863912e-05 -5.477966e-04 -2.980196e-05 9.302872e-06
10394.000000 -2.809031e-05 -7.283795e-07 -6.572576e-08 -2.103322e-06 2.814976e-05 -5.363086e-04 -2.271541e-05 6.966581e-06
10394.200000 -2.806475e-05 -7.255852e-07 -6.546178e-08 -2.101101e-06 2.840473e-05 -5.138027e-04 -2.437300e-05 5.572417e-06
10394.400000 -2.803349e-05 -7.239297e-07 -6.507625e-08 -2.094982e-06 2.816523e-05 -5.034695e-04 -3.460288e-05 1.844490e-06
10394.600000 -2.805147e-05 -7.258617e-07 -6.521881e-08 -2.096964e-06 3.781482e-05 -5.060538e-04 -3.942885e-05 8.841093e-06
10394.800000 -2.808441e-05 -7.287722e-07 -6.523595e-08 -2.103297e-06 3.066145e-05 -5.124049e-04 -3.634170e-05 1.059638e-05
10395.000000 -2.808597e-05 -7.293676e-07 -6.501754e-08 -2.103147e-06 3.238267e-05 -5.391876e-04 -2.986998e-05 1.097721e-05
10395.200000 -2.805596e-05 -7.254710e-07 -6.464302e-08 -2.097819e-06 3.487713e-05 -5.451984e-04 -3.855357e-05 2.924040e-06
10395.400000 -2.805516e-05 -7.267110e-07 -6.457426e-08 -2.095270e-06 3.336963e-05 -5.416215e-04 -2.890381e-05 6.078155e-06
10395.600000 -2.803392e-05 -7.246689e-07 -6.418956e-08 -2.088596e-06 3.357308e-05 -5.268839e-04 -2.744384e-05 7.551165e-06
10395.800000 -2.802117e-05 -7.246976e-07 -6.410784e-08 -2.085383e-06 2.880817e-05 -5.108091e-04 -3.632559e-05 3.018475e-06
10396.000000 -2.806211e-05 -7.293218e-07 -6.461149e-08 -2.090487e-06 3.823692e-05 -5.162121e-04 -3.192456e-05 7.721718e-06
10396.200000 -2.806306e-05 -7.291428e-07 -6.449371e-08 -2.087611e-06 4.193255e-05 -5.451388e-04 -3.834130e-05 1.182633e-05
10396.400000 -2.804776e-05 -7.278356e-07 -6.434916e-08 -2.082806e-06 3.725001e-05 -5.490772e-04 -3.145432e-05 1.202172e-05
10396.600000 -2.802819e-05 -7.267016e-07 -6.417738e-08 -2.075041e-06 3.705403e-05 -5.350865e-04 -4.047362e-05 4.923767e-06
10396.800000 -2.803551e-05 -7.279508e-07 -6.443238e-08 -2.069977e-06 3.908426e-05 -5.327117e-04 -4.154551e-05 3.684601e-06
10397.000000 -2.805092e-05 -7.300772e-07 -6.456362e-08 -2.068920e-06 4.203614e-05 -5.352943e-04 -4.528641e-05 7.270866e-06
10397.227860 -2.808348e-05 -7.336875e-07 -6.483425e-08 -2.068293e-06 4.156715e-05 -5.386635e-04 -3.473127e-05 1.186920e-05
10397.483581 -2.808320e-05 -7.348056e-07 -6.488570e-08 -2.061490e-06 3.044566e-05 -5.363769e-04 -2.824468e-05 1.237497e-05
10397.767162 -2.806444e-05 -7.349145e-07 -6.456994e-08 -2.048365e-06 2.882961e-05 -5.394506e-04 -3.100216e-05 3.179338e-06
10398.078604 -2.807562e-05 -7.365659e-07 -6.473502e-08 -2.040498e-06 3.552561e-05 -5.185963e-04 -3.970840e-05 -3.810707e-06
10398.417905 -2.808781e-05 -7.393833e-07 -6.503214e-08 -2.030974e-06 4.352384e-05 -5.138654e-04 -3.286065e-05 1.209297e-05
10398.785067 -2.805098e-05 -7.385947e-07 -6.471739e-08 -2.011968e-06 5.454377e-05 -4.924581e-04 -4.307127e-05 9.841003e-06
10399.180090 -2.806207e-05 -7.417323e-07 -6.480000e-08 -2.001791e-06 4.069455e-05 -4.929165e-04 -2.794695e-05 1.362462e-05
10399.602973 -2.807876e-05 -7.456598e-07 -6.537208e-08 -1.990362e-06 3.449576e-05 -4.935386e-04 -2.604275e-05 6.657036e-06
10400.053716 -2.808667e-05 -7.485003e-07 -6.567603e-08 -1.976207e-06 3.838973e-05 -4.807330e-04 -2.156305e-05 9.575053e-06
10400.532319 -2.807214e-05 -7.504323e-07 -6.580361e-08 -1.958426e-06 4.138112e-05 -4.965882e-04 -2.154422e-05 2.293324e-05
10401.038783 -2.807119e-05 -7.532178e-07 -6.614075e-08 -1.944494e-06 4.600225e-05 -5.103911e-04 -2.824050e-05 2.685669e-05
10401.573107 -2.805840e-05 -7.541644e-07 -6.608179e-08 -1.929950e-06 4.164296e-05 -5.566081e-04 -2.765982e-05 2.044612e-05
10402.135292 -2.807338e-05 -7.584907e-07 -6.629008e-08 -1.922166e-06 4.131383e-05 -5.592762e-04 -1.704346e-05 1.950061e-05
10402.725337 -2.805502e-05 -7.591758e-07 -6.654449e-08 -1.910883e-06 4.508620e-05 -5.301257e-04 -2.516512e-05 9.193904e-06
10403.343242 -2.804693e-05 -7.598746e-07 -6.686288e-08 -1.906436e-06 3.791514e-05 -5.358792e-04 -2.093494e-05 9.917907e-06
10403.989008 -2.804739e-05 -7.606465e-07 -6.698458e-08 -1.907271e-06 3.031333e-05 -5.338047e-04 -2.311086e-05 8.579262e-06
10404.662634 -2.801838e-05 -7.584599e-07 -6.673383e-08 -1.906991e-06 3.439636e-05 -5.190780e-04 -2.151601e-05 5.214094e-06
10405.364120 -2.802101e-05 -7.587068e-07 -6.697635e-08 -1.913409e-06 3.137409e-05 -5.180110e-04 -2.670960e-05 4.712867e-07
10406.093467 -2.802062e-05 -7.592860e-07 -6.771031e-08 -1.922397e-06 3.319419e-05 -5.204340e-04 -3.055697e-05 1.095374e-05
10406.850674 -2.799745e-05 -7.563865e-07 -6.815686e-08 -1.928384e-06 2.737482e-05 -5.076106e-04 -2.902189e-05 1.443230e-05
10407.635741 -2.797324e-05 -7.539489e-07 -6.839636e-08 -1.937673e-06 3.884265e-05 -5.177907e-04 -3.297449e-05 1.609162e-05
10408.448669 -2.796091e-05 -7.515226e-07 -6.847023e-08 -1.947459e-06 4.687492e-05 -5.417151e-04 -3.557698e-05 2.096037e-05
10409.289457 -2.786422e-05 -7.409589e-07 -6.806193e-08 -1.943785e-06 4.096980e-05 -5.345639e-04 -3.773473e-05 2.108785e-05
10410.158106 -2.792997e-05 -7.458050e-07 -6.912579e-08 -1.968619e-06 4.411739e-05 -5.417047e-04 -3.315612e-05 2.160250e-05
10411.054614 -2.792283e-05 -7.433885e-07 -6.968798e-08 -1.985129e-06 4.049953e-05 -5.429634e-04 -2.748653e-05 2.329177e-05
10411.978983 -2.790593e-05 -7.394815e-07 -7.000305e-08 -2.002882e-06 3.808051e-05 -4.984513e-04 -3.833835e-05 2.071189e-05
10412.931213 -2.789713e-05 -7.359661e-07 -6.985557e-08 -2.025655e-06 3.934754e-05 -4.984012e-04 -4.220221e-05 2.103017e-05
10413.911303 -2.791040e-05 -7.340436e-07 -7.009369e-08 -2.054587e-06 3.681223e-05 -5.085077e-04 -4.318980e-05 2.446890e-05
10414.919253 -2.790637e-05 -7.311002e-07 -7.021838e-08 -2.081496e-06 3.475563e-05 -5.323656e-04 -4.078802e-05 1.846287e-05
10415.955064 -2.788435e-05 -7.266100e-07 -7.050920e-08 -2.103178e-06 4.121566e-05 -5.223487e-04 -3.489173e-05 2.256590e-05
10417.018734 -2.786880e-05 -7.233452e-07 -7.061668e-08 -2.122966e-06 3.837151e-05 -5.239852e-04 -4.107504e-05 1.618236e-05
10418.110266 -2.785762e-05 -7.214769e-07 -7.030436e-08 -2.141407e-06 3.379121e-05 -4.989450e-04 -3.322994e-05 1.373494e-05
10419.232723 -2.785449e-05 -7.199257e-07 -7.031714e-08 -2.159499e-06 3.151485e-05 -5.160390e-04 -3.895237e-05 1.989362e-05
10420.367373 -2.783685e-05 -7.170935e-07 -6.998334e-08 -2.172376e-06 2.656964e-05 -5.301332e-04 -3.660364e-05 2.064528e-05
10421.514214 -2.780763e-05 -7.142505e-07 -7.002282e-08 -2.181876e-06 3.707175e-05 -5.239550e-04 -1.539071e-05 2.793368e-05
10422.673248 -2.781977e-05 -7.150149e-07 -7.001281e-08 -2.196631e-06 4.387928e-05 -5.374035e-04 -1.715202e-05 2.851013e-05
10423.844473 -2.781100e-05 -7.141923e-07 -6.956587e-08 -2.204299e-06 4.528734e-05 -5.305208e-04 -2.587477e-05 3.136125e-05
10425.027890 -2.778842e-05 -7.124368e-07 -6.915864e-08 -2.206729e-06 4.169143e-05 -5.188440e-04 -1.716824e-05 2.910968e-05
10426.223499 -2.773535e-05 -7.085025e-07 -6.854626e-08 -2.203549e-06 3.745733e-05 -5.228192e-04 -2.060364e-05 4.022240e-05
10427.431300 -2.776300e-05 -7.119395e-07 -6.881493e-08 -2.213789e-06 4.547154e-05 -5.362619e-04 -1.846755e-05 3.923110e-05
10428.651293 -2.775429e-05 -7.122722e-07 -6.897398e-08 -2.216454e-06 4.116296e-05 -5.395384e-04 -1.872258e-05 3.027915e-05
10429.883478 -2.774168e-05 -7.121893e-07 -6.892859e-08 -2.216472e-06 4.158213e-05 -5.201766e-04 -2.595176e-05 3.184710e-05
10431.127855 -2.773613e-05 -7.126473e-07 -6.889105e-08 -2.216807e-06 3.807648e-05 -5.211981e-04 -2.055357e-05 4.096536e-05
10432.384423 -2.772384e-05 -7.119589e-07 -6.891312e-08 -2.212513e-06 3.899904e-05 -5.038966e-04 -2.874545e-05 4.126112e-05
10433.653184 -2.771079e-05 -7.121326e-07 -6.886163e-08 -2.207378e-06 3.089507e-05 -5.007951e-04 -2.565719e-05 4.146000e-05
10434.934136 -2.768803e-05 -7.126350e-07 -6.878874e-08 -2.198134e-06 2.829581e-05 -4.878217e-04 -3.034212e-05 2.436634e-05
10436.227280 -2.765807e-05 -7.126868e-07 -6.880766e-08 -2.188856e-06 3.504690e-05 -4.927165e-04 -3.232784e-05 2.156715e-05
10437.532617 -2.767109e-05 -7.159630e-07 -6.934501e-08 -2.187081e-06 3.155880e-05 -5.137231e-04 -3.924002e-05 1.940298e-05
10438.850145 -2.765812e-05 -7.167356e-07 -6.945866e-08 -2.180057e-06 2.887781e-05 -5.220129e-04 -3.699775e-05 1.917440e-05
10440.179865 -2.762417e-05 -7.157362e-07 -6.922727e-08 -2.169320e-06 3.428397e-05 -4.983343e-04 -4.131078e-05 1.581640e-05
10441.521777 -2.759287e-05 -7.145609e-07 -6.888926e-08 -2.160261e-06 3.048083e-05 -4.993657e-04 -3.582830e-05 9.716666e-06
10442.875881 -2.758076e-05 -7.157680e-07 -6.865149e-08 -2.155368e-06 2.553975e-05 -4.851199e-04 -3.449752e-05 1.501038e-05
10444.242177 -2.758959e-05 -7.184619e-07 -6.840248e-08 -2.154114e-06 1.565376e-05 -4.853690e-04 -3.412615e-05 1.295122e-05
10445.620664 -2.756891e-05 -7.186625e-07 -6.815791e-08 -2.148800e-06 2.374197e-05 -4.882504e-04 -3.348324e-05 1.920213e-05
10447.011344 -2.755280e-05 -7.183691e-07 -6.825418e-08 -2.145950e-06 2.989314e-05 -4.733292e-04 -3.613600e-05 2.480116e-05
10448.414215 -2.753161e-05 -7.183468e-07 -6.831894e-08 -2.140963e-06 2.689397e-05 -4.501025e-04 -3.626155e-05 1.690468e-05
10449.829279 -2.752448e-05 -7.199447e-07 -6.860346e-08 -2.138865e-06 3.078757e-05 -4.644452e-04 -2.484009e-05 1.761449e-05
10451.256534 -2.750987e-05 -7.219439e-07 -6.871720e-08 -2.134370e-06 4.093317e-05 -4.702679e-04 -3.598445e-05 2.021555e-05
10452.695981 -2.747345e-05 -7.210987e-07 -6.852091e-08 -2.125484e-06 3.837392e-05 -4.699626e-04 -2.775776e-05 1.428933e-05
10454.147620 -2.745781e-05 -7.215784e-07 -6.846544e-08 -2.120777e-06 3.779507e-05 -4.502735e-04 -3.358110e-05 5.296729e-06
10455.611452 -2.746208e-05 -7.242359e-07 -6.861356e-08 -2.119865e-06 3.414422e-05 -4.493479e-04 -4.365851e-05 6.111058e-06
10457.087475 -2.744204e-05 -7.245388e-07 -6.873786e-08 -2.115540e-06 3.051000e-05 -4.701329e-04 -4.492406e-05 6.047951e-06
10458.575689 -2.743088e-05 -7.248451e-07 -6.886168e-08 -2.113296e-06 2.377480e-05 -4.771068e-04 -4.278168e-05 6.967379e-06
10460.076096 -2.741430e-05 -7.258770e-07 -6.907350e-08 -2.112467e-06 1.777651e-05 -4.603242e-04 -3.486482e-05 7.489208e-06
10461.588695 -2.738941e-05 -7.256341e-07 -6.908021e-08 -2.110025e-06 2.267576e-05 -4.809253e-04 -2.853935e-05 1.434727e-05
10463.113485 -2.734574e-05 -7.228720e-07 -6.859258e-08 -2.103042e-06 2.149690e-05 -4.805381e-04 -4.082738e-05 1.411960e-05
10464.650468 -2.730016e-05 -7.209788e-07 -6.813048e-08 -2.096196e-06 2.638836e-05 -4.635346e-04 -4.279452e-05 5.874637e-06
10466.199642 -2.728117e-05 -7.213690e-07 -6.812811e-08 -2.094647e-06 2.977992e-05 -4.792171e-04 -5.048612e-05 8.481541e-06
10467.761009 -2.726533e-05 -7.216905e-07 -6.811193e-08 -2.093567e-06 3.218397e-05 -4.622261e-04 -5.341398e-05 1.765682e-05
10469.334567 -2.726370e-05 -7.240882e-07 -6.809761e-08 -2.096424e-06 2.501878e-05 -4.569506e-04 -4.302154e-05 1.852209e-05
10470.920317 -2.723381e-05 -7.221623e-07 -6.782033e-08 -2.094000e-06 3.240492e-05 -4.646229e-04 -3.919224e-05 1.853521e-05
10472.518259 -2.715934e-05 -7.151548e-07 -6.714690e-08 -2.085456e-06 3.414854e-05 -4.296429e-04 -4.369955e-05 6.533172e-06
10474.128393 -2.715772e-05 -7.190925e-07 -6.745281e-08 -2.088127e-06 3.672293e-05 -4.498662e-04 -4.010874e-05 9.570682e-06
10475.750719 -2.719782e-05 -7.254814e-07 -6.825054e-08 -2.099892e-06 3.384324e-05 -4.609393e-04 -3.936535e-05 1.115574e-05
10477.385237 -2.722843e-05 -7.297139e-07 -6.896398e-08 -2.110139e-06 3.598812e-05 -4.462288e-04 -5.253236e-05 9.415650e-06
10479.031946 -2.720859e-05 -7.292710e-07 -6.908692e-08 -2.110839e-06 3.512065e-05 -4.372556e-04 -4.865018e-05 4.189264e-06
10480.690848 -2.716890e-05 -7.269494e-07 -6.928394e-08 -2.109538e-06 3.601434e-05 -4.363382e-04 -3.563625e-05 4.907451e-06
10482.361942 -2.714910e-05 -7.283704e-07 -6.981219e-08 -2.110726e-06 3.908589e-05 -4.368504e-04 -3.518484e-05 1.185818e-05
10484.045227 -2.711595e-05 -7.284369e-07 -7.020516e-08 -2.109618e-06 4.752021e-05 -4.443289e-04 -3.679501e-05 1.866623e-05
10485.740704 -2.711454e-05 -7.290659e-07 -7.068902e-08 -2.112391e-06 3.790832e-05 -4.314540e-04 -3.874194e-05 1.739098e-05
10487.448374 -2.707258e-05 -7.255796e-07 -7.069561e-08 -2.106425e-06 2.892127e-05 -4.338343e-04 -4.126955e-05 2.162038e-05
10489.168235 -2.703480e-05 -7.241071e-07 -7.076135e-08 -2.105086e-06 3.174547e-05 -4.470440e-04 -3.070151e-05 2.503062e-05
10490.900288 -2.704248e-05 -7.266310e-07 -7.118716e-08 -2.111702e-06 3.189873e-05 -4.608644e-04 -3.971286e-05 2.576307e-05
10492.644533 -2.702639e-05 -7.264336e-07 -7.127426e-08 -2.113776e-06 3.137241e-05 -4.458461e-04 -3.959899e-05 2.824657e-05
10494.400970 -2.699669e-05 -7.253047e-07 -7.130512e-08 -2.116653e-06 3.493529e-05 -4.523988e-04 -5.101687e-05 2.361657e-05
10496.169598 -2.700204e-05 -7.271508e-07 -7.177391e-08 -2.123889e-06 2.849324e-05 -4.430240e-04 -5.353308e-05 1.951480e-05
10497.950419 -2.696275e-05 -7.247894e-07 -7.179329e-08 -2.126176e-06 3.036935e-05 -4.286617e-04 -3.216666e-05 2.107978e-05
10499.743432 -2.691866e-05 -7.219040e-07 -7.200380e-08 -2.129214e-06 3.082259e-05 -4.457264e-04 -2.836116e-05 1.659279e-05
10501.548636 -2.691343e-05 -7.232288e-07 -7.249356e-08 -2.139462e-06 3.332616e-05 -4.687042e-04 -3.474517e-05 1.154354e-05
10503.366032 -2.689744e-05 -7.241377e-07 -7.283539e-08 -2.146372e-06 3.773951e-05 -4.653390e-04 -5.147225e-05 1.641427e-05
10505.195621 -2.683490e-05 -7.199421e-07 -7.235415e-08 -2.144338e-06 4.354977e-05 -4.679278e-04 -4.617255e-05 1.212060e-05
10507.037401 -2.672617e-05 -7.113544e-07 -7.133327e-08 -2.131116e-06 4.012153e-05 -4.689644e-04 -3.960352e-05 9.867637e-06
10508.891373 -2.665212e-05 -7.053398e-07 -7.065399e-08 -2.125218e-06 4.289037e-05 -4.645935e-04 -2.695779e-05 1.621541e-05
10510.757537 -2.662117e-05 -7.051759e-07 -7.048384e-08 -2.123950e-06 4.358206e-05 -4.671848e-04 -3.418967e-05 1.498870e-05
10512.635893 -2.660833e-05 -7.093035e-07 -7.081779e-08 -2.128738e-06 4.315607e-05 -4.648152e-04 -3.945810e-05 1.678012e-05
10514.526441 -2.660812e-05 -7.140325e-07 -7.118457e-08 -2.136215e-06 4.149732e-05 -4.580229e-04 -2.639822e-05 1.918123e-05
10516.429181 -2.664849e-05 -7.182200e-07 -7.148108e-08 -2.144846e-06 4.689474e-05 -4.501954e-04 -2.758889e-05 8.355176e-06
10518.344112 -2.661124e-05 -7.171055e-07 -7.121437e-08 -2.143790e-06 3.775508e-05 -4.417502e-04 -3.257987e-05 1.503756e-05
10520.271236 -2.649870e-05 -7.163816e-07 -7.116307e-08 -2.137798e-06 3.923579e-05 -4.655075e-04 -2.488763e-05 1.482423e-05
10522.210552 -2.658288e-05 -7.206777e-07 -7.155256e-08 -2.146135e-06 4.378028e-05 -4.695532e-04 -2.406688e-05 5.033314e-06
10524.162059 -2.657195e-05 -7.214720e-07 -7.143750e-08 -2.145942e-06 4.295226e-05 -4.478281e-04 -3.184065e-05 4.181159e-06
10526.125758 -2.648315e-05 -7.197980e-07 -7.095738e-08 -2.137313e-06 3.909423e-05 -4.499055e-04 -2.896176e-05 9.669011e-06
10528.101649 -2.640016e-05 -7.197724e-07 -7.089182e-08 -2.126646e-06 3.547498e-05 -4.564201e-04 -4.493799e-05 6.335120e-06
10530.089733 -2.639786e-05 -7.216521e-07 -7.085547e-08 -2.126276e-06 4.004215e-05 -4.655088e-04 -3.182141e-05 1.678111e-05
10532.090008 -2.644776e-05 -7.228015e-07 -7.078830e-08 -2.126484e-06 4.610594e-05 -4.742110e-04 -1.993124e-05 1.292577e-05
10534.102475 -2.640540e-05 -7.224832e-07 -7.055792e-08 -2.119163e-06 4.278076e-05 -4.700288e-04 -2.579807e-05 8.578861e-06
10536.127133 -2.636379e-05 -7.228327e-07 -7.053062e-08 -2.114977e-06 4.234821e-05 -4.350327e-04 -2.654335e-05 1.338199e-05
10538.163984 -2.639082e-05 -7.256080e-07 -7.086780e-08 -2.116287e-06 3.301648e-05 -4.344880e-04 -3.462911e-05 1.146896e-07
10540.213027 -2.633626e-05 -7.225945e-07 -7.065138e-08 -2.107804e-06 3.366337e-05 -4.351694e-04 -3.281624e-05 2.666853e-06
10542.274261 -2.629319e-05 -7.218341e-07 -7.077694e-08 -2.102371e-06 3.174845e-05 -4.598640e-04 -2.575520e-05 -6.338257e-07
10544.347688 -2.628474e-05 -7.246378e-07 -7.144761e-08 -2.104819e-06 3.332280e-05 -4.541317e-04 -2.699064e-05 4.980068e-06
10546.433306 -2.625570e-05 -7.246861e-07 -7.160403e-08 -2.102835e-06 3.785178e-05 -4.449549e-04 -2.603708e-05 1.779711e-06
10548.531117 -2.622001e-05 -7.243417e-07 -7.171177e-08 -2.100077e-06 4.307975e-05 -4.607988e-04 -3.042767e-05 -1.640327e-07
10550.641119 -2.617259e-05 -7.229742e-07 -7.185250e-08 -2.098542e-06 4.260046e-05 -4.722958e-04 -3.597901e-05 8.209336e-06
10552.763313 -2.610363e-05 -7.226926e-07 -7.200829e-08 -2.096638e-06 3.246534e-05 -4.763490e-04 -2.966222e-05 1.027806e-05
10554.897699 -2.607899e-05 -7.233852e-07 -7.225515e-08 -2.098728e-06 4.339810e-05 -4.865057e-04 -2.793105e-05 1.558512e-05
10557.044277 -2.607834e-05 -7.261759e-07 -7.274336e-08 -2.102493e-06 4.413703e-05 -4.921276e-04 -4.159920e-05 1.291677e-05
10559.203047 -2.605000e-05 -7.260518e-07 -7.299723e-08 -2.101593e-06 4.295198e-05 -5.120638e-04 -4.583410e-05 7.970286e-06
10561.374008 -2.599541e-05 -7.232751e-07 -7.307254e-08 -2.097825e-06 4.404970e-05 -5.136622e-04 -3.282275e-05 1.294089e-05
10563.557162 -2.598743e-05 -7.254808e-07 -7.373834e-08 -2.102459e-06 4.133620e-05 -5.097939e-04 -2.579352e-05 7.582136e-06
10565.752508 -2.598845e-05 -7.291130e-07 -7.438692e-08 -2.108297e-06 4.152232e-05 -4.875806e-04 -1.901453e-05 8.639925e-06
10567.960045 -2.595801e-05 -7.306893e-07 -7.455680e-08 -2.110362e-06 3.591148e-05 -4.894446e-04 -4.253492e-05 1.991903e-06
10570.179775 -2.591409e-05 -7.308075e-07 -7.453346e-08 -2.110064e-06 4.313320e-05 -4.781700e-04 -3.926263e-05 1.870230e-05
10572.411696 -2.588203e-05 -7.323092e-07 -7.482840e-08 -2.110846e-06 3.817789e-05 -4.992456e-04 -3.830383e-05 1.474838e-05
10574.655809 -2.581999e-05 -7.287744e-07 -7.466212e-08 -2.105265e-06 4.308529e-05 -4.938157e-04 -3.175194e-05 1.312729e-05
10576.912114 -2.575895e-05 -7.275979e-07 -7.466741e-08 -2.100072e-06 4.116995e-05 -4.986517e-04 -4.269341e-05 -9.981253e-07
10579.180611 -2.569159e-05 -7.247502e-07 -7.457707e-08 -2.094232e-06 4.037791e-05 -4.955395e-04 -4.867240e-05 5.935117e-07
10581.461300 -2.566005e-05 -7.259094e-07 -7.486113e-08 -2.096145e-06 4.298471e-05 -4.876082e-04 -3.612748e-05 -8.120772e-07
10583.754181 -2.563951e-05 -7.295437e-07 -7.547523e-08 -2.100494e-06 4.578214e-05 -4.955451e-04 -3.204060e-05 -5.576096e-06
10586.059254 -2.558787e-05 -7.292002e-07 -7.550590e-08 -2.098032e-06 4.611460e-05 -4.946090e-04 -3.845707e-05 -1.138366e-05
10588.376518 -2.548961e-05 -7.259211e-07 -7.496416e-08 -2.089061e-06 5.163507e-05 -4.918461e-04 -2.749509e-05 -3.700628e-07
10590.705975 -2.535009e-05 -7.197344e-07 -7.396669e-08 -2.071928e-06 5.176626e-05 -4.731977e-04 -2.555361e-05 2.081525e-06
10593.047623 -2.524878e-05 -7.173488e-07 -7.360767e-08 -2.062625e-06 4.474667e-05 -4.923967e-04 -4.060925e-05 -1.272757e-06
10595.401464 -2.523309e-05 -7.196486e-07 -7.399235e-08 -2.062074e-06 5.403177e-05 -4.838401e-04 -5.525647e-05 -4.550187e-06
10597.767496 -2.527747e-05 -7.251692e-07 -7.464624e-08 -2.070045e-06 6.259584e-05 -4.786302e-04 -4.664760e-05 -6.145130e-07
10600.145720 -2.529175e-05 -7.308949e-07 -7.531185e-08 -2.074693e-06 5.839775e-05 -4.838963e-04 -4.581131e-05 -1.299143e-06
10602.536136 -2.524926e-05 -7.316879e-07 -7.527591e-08 -2.072037e-06 5.426967e-05 -4.769876e-04 -4.467605e-05 6.878171e-06
10604.938744 -2.513214e-05 -7.273949e-07 -7.483995e-08 -2.059165e-06 4.939653e-05 -4.721101e-04 -4.934632e-05 5.144659e-06
10607.353544 -2.500767e-05 -7.209266e-07 -7.416196e-08 -2.043992e-06 4.621879e-05 -4.889387e-04 -4.730660e-05 1.155048e-05
10609.780536 -2.496992e-05 -7.226623e-07 -7.449454e-08 -2.046446e-06 4.679798e-05 -4.866004e-04 -3.977310e-05 1.219259e-05
10612.219720 -2.495696e-05 -7.268238e-07 -7.514447e-08 -2.051334e-06 5.341721e-05 -5.376451e-04 -3.725174e-05 1.243521e-05
10614.671096 -2.498685e-05 -7.301336e-07 -7.563485e-08 -2.060237e-06 5.606378e-05 -5.241982e-04 -3.960583e-05 2.158679e-06
10617.134663 -2.497666e-05 -7.296762e-07 -7.573068e-08 -2.060607e-06 6.063036e-05 -5.068879e-04 -4.717855e-05 2.660502e-06
10619.610423 -2.495405e-05 -7.294071e-07 -7.584884e-08 -2.060195e-06 5.914322e-05 -4.968996e-04 -4.566543e-05 3.544656e-07
10622.098374 -2.492568e-05 -7.309750e-07 -7.603158e-08 -2.062651e-06 5.441234e-05 -5.053379e-04 -4.328946e-05 1.750059e-06
10624.598517 -2.489301e-05 -7.323087e-07 -7.625567e-08 -2.063465e-06 4.903727e-05 -5.067888e-04 -3.629919e-05 5.804486e-06
10627.110852 -2.485138e-05 -7.329392e-07 -7.607173e-08 -2.062462e-06 5.312922e-05 -5.126123e-04 -4.120455e-05 3.195226e-06
10629.635380 -2.480968e-05 -7.344770e-07 -7.609617e-08 -2.062229e-06 5.288263e-05 -4.989601e-04 -3.766410e-05 1.353289e-06
10632.172099 -2.476716e-05 -7.347674e-07 -7.632598e-08 -2.060654e-06 5.919969e-05 -4.901980e-04 -2.469479e-05 1.510268e-05
10634.721009 -2.467660e-05 -7.309410e-07 -7.585301e-08 -2.051105e-06 5.660983e-05 -4.819820e-04 -2.576284e-05 1.364117e-05
10637.282112 -2.460609e-05 -7.295073e-07 -7.560816e-08 -2.045371e-06 5.660270e-05 -4.583190e-04 -3.538431e-05 6.640422e-07
10639.855407 -2.460588e-05 -7.343312e-07 -7.635389e-08 -2.051350e-06 6.513470e-05 -4.478130e-04 -3.174229e-05 -2.353638e-06
10642.440894 -2.453806e-05 -7.344744e-07 -7.658268e-08 -2.047621e-06 5.915273e-05 -4.444187e-04 -3.498049e-05 3.057632e-06
10645.038572 -2.444748e-05 -7.320212e-07 -7.657454e-08 -2.038779e-06 6.442458e-05 -4.326495e-04 -2.852339e-05 9.845848e-06
10647.648443 -2.440516e-05 -7.337472e-07 -7.685137e-08 -2.038224e-06 5.688978e-05 -4.439331e-04 -2.399200e-05 8.571373e-06
10650.270505 -2.434275e-05 -7.322510e-07 -7.676262e-08 -2.033175e-06 6.380228e-05 -4.529686e-04 -4.007379e-05 3.757839e-06
10652.904759 -2.427184e-05 -7.305939e-07 -7.663878e-08 -2.027484e-06 6.352443e-05 -4.555167e-04 -4.169830e-05 4.547929e-06
10655.551205 -2.422086e-05 -7.337203e-07 -7.733685e-08 -2.027176e-06 6.085652e-05 -4.893701e-04 -3.617531e-05 7.060392e-06
10658.209844 -2.411579e-05 -7.343723e-07 -7.769153e-08 -2.021723e-06 5.838134e-05 -4.891067e-04 -3.874378e-05 1.527197e-05
10660.880674 -2.408484e-05 -7.332679e-07 -7.772493e-08 -2.017844e-06 5.145053e-05 -4.565533e-04 -2.527254e-05 1.533307e-05
10663.563696 -2.409246e-05 -7.355932e-07 -7.824001e-08 -2.017549e-06 5.306730e-05 -4.681424e-04 -3.183223e-05 8.063723e-06
10666.258909 -2.405606e-05 -7.382882e-07 -7.885412e-08 -2.015406e-06 5.347474e-05 -4.726148e-04 -3.749518e-05 1.650388e-05
10668.966315 -2.397967e-05 -7.378740e-07 -7.906466e-08 -2.007727e-06 4.908672e-05 -4.837132e-04 -3.772591e-05 1.115728e-05
10671.685913 -2.390590e-05 -7.375078e-07 -7.922598e-08 -2.001595e-06 4.957389e-05 -4.855951e-04 -3.372705e-05 1.423272e-05
10674.417702 -2.384144e-05 -7.380580e-07 -7.951784e-08 -1.996855e-06 4.816217e-05 -4.686050e-04 -3.327723e-05 1.301759e-05
10677.161684 -2.376183e-05 -7.377301e-07 -7.956187e-08 -1.991051e-06 5.017843e-05 -4.687399e-04 -3.715304e-05 5.366703e-06
10679.917857 -2.365263e-05 -7.385183e-07 -7.978248e-08 -1.984243e-06 5.081039e-05 -4.912337e-04 -3.442297e-05 6.742070e-06
10682.686222 -2.358165e-05 -7.389398e-07 -7.985071e-08 -1.978721e-06 5.387458e-05 -4.897588e-04 -1.436350e-05 2.047499e-05
10685.466780 -2.349095e-05 -7.378486e-07 -7.976060e-08 -1.971638e-06 5.956628e-05 -4.793668e-04 -2.138315e-05 1.817495e-05
10688.259529 -2.336677e-05 -7.357631e-07 -7.957374e-08 -1.962430e-06 5.593384e-05 -4.748972e-04 -3.904112e-05 1.212820e-05
10691.064470 -2.326267e-05 -7.318177e-07 -7.918921e-08 -1.953693e-06 4.802352e-05 -4.889232e-04 -4.516606e-05 9.149431e-06
10693.881602 -2.324373e-05 -7.301694e-07 -7.935944e-08 -1.954609e-06 4.419077e-05 -4.998343e-04 -3.800524e-05 8.032896e-06
10696.710927 -2.323478e-05 -7.317884e-07 -7.970433e-08 -1.957379e-06 4.750491e-05 -5.029512e-04 -3.521291e-05 6.109986e-06
10699.552444 -2.317721e-05 -7.327521e-07 -7.998287e-08 -1.955327e-06 5.419889e-05 -4.935773e-04 -4.031943e-05 5.203458e-06
10702.406153 -2.304085e-05 -7.290750e-07 -7.944281e-08 -1.944015e-06 4.802201e-05 -4.837280e-04 -3.166193e-05 6.626086e-06
10705.272053 -2.296693e-05 -7.307558e-07 -7.963900e-08 -1.942563e-06 4.199801e-05 -4.796784e-04 -2.923813e-05 1.021396e-05
10708.150146 -2.294398e-05 -7.309362e-07 -7.955651e-08 -1.942949e-06 4.820561e-05 -4.871774e-04 -2.232687e-05 1.860500e-05
10711.040430 -2.292301e-05 -7.302144e-07 -7.923472e-08 -1.941503e-06 5.553474e-05 -4.714861e-04 -1.438253e-05 1.812731e-05
10713.942906 -2.288724e-05 -7.316752e-07 -7.938228e-08 -1.941582e-06 5.742412e-05 -4.527310e-04 -1.483011e-05 1.629347e-05
10716.857574 -2.283322e-05 -7.325839e-07 -7.958976e-08 -1.939579e-06 5.231602e-05 -4.469515e-04 -2.523716e-05 2.122534e-05
10719.784435 -2.276556e-05 -7.324403e-07 -7.994738e-08 -1.935288e-06 4.514224e-05 -4.531531e-04 -2.318952e-05 2.532898e-05
10722.723487 -2.269954e-05 -7.325906e-07 -8.018006e-08 -1.931526e-06 4.925155e-05 -4.579640e-04 -2.654506e-05 2.291562e-05
10725.674730 -2.262324e-05 -7.317989e-07 -8.021574e-08 -1.926507e-06 5.205876e-05 -4.653105e-04 -3.019720e-05 1.696090e-05
10728.638166 -2.253030e-05 -7.319842e-07 -8.040262e-08 -1.920923e-06 6.298074e-05 -4.932947e-04 -3.128993e-05 2.930776e-05
10731.613794 -2.243269e-05 -7.305178e-07 -8.035380e-08 -1.914599e-06 5.907239e-05 -4.998470e-04 -3.651220e-05 2.548130e-05
10734.601614 -2.239572e-05 -7.304896e-07 -8.026621e-08 -1.910468e-06 5.028764e-05 -4.912830e-04 -3.542554e-05 2.692607e-05
10737.601625 -2.231652e-05 -7.302495e-07 -8.020826e-08 -1.905820e-06 5.496272e-05 -4.842712e-04 -3.541398e-05 3.038052e-05
10740.613829 -2.221053e-05 -7.263120e-07 -7.979741e-08 -1.893890e-06 5.973484e-05 -4.724696e-04 -3.192716e-05 3.505230e-05
10743.638224 -2.212064e-05 -7.253944e-07 -7.998344e-08 -1.887225e-06 4.814068e-05 -4.947599e-04 -3.426943e-05 2.702609e-05
10746.674811 -2.209437e-05 -7.318605e-07 -8.113929e-08 -1.892210e-06 4.612473e-05 -5.000761e-04 -4.146377e-05 2.841159e-05
10749.723590 -2.201451e-05 -7.318567e-07 -8.143536e-08 -1.886760e-06 4.850042e-05 -4.832200e-04 -4.489820e-05 2.319300e-05
10752.784561 -2.192219e-05 -7.311316e-07 -8.143815e-08 -1.878933e-06 3.761762e-05 -4.822004e-04 -4.019244e-05 2.520343e-05
10755.857724 -2.177520e-05 -7.287166e-07 -8.149597e-08 -1.867247e-06 3.483404e-05 -4.883635e-04 -4.109202e-05 2.196491e-05
10758.943079 -2.170090e-05 -7.257525e-07 -8.100136e-08 -1.858747e-06 2.933223e-05 -4.806320e-04 -3.776722e-05 1.682273e-05
10762.040626 -2.166875e-05 -7.280553e-07 -8.116279e-08 -1.859086e-06 3.228209e-05 -4.673643e-04 -2.106544e-05 2.124886e-05
10765.150365 -2.157788e-05 -7.269309e-07 -8.081456e-08 -1.852711e-06 2.705615e-05 -4.793685e-04 -3.255385e-05 8.657051e-06
10768.272295 -2.147931e-05 -7.242212e-07 -8.038451e-08 -1.843145e-06 1.574189e-05 -4.852780e-04 -3.308701e-05 1.622371e-07
10771.406418 -2.137222e-05 -7.209912e-07 -8.003848e-08 -1.834557e-06 2.676350e-05 -4.797243e-04 -2.120754e-05 8.473696e-06
10774.552732 -2.131370e-05 -7.245892e-07 -8.053935e-08 -1.835063e-06 3.149227e-05 -5.189166e-04 -3.437221e-05 1.693450e-05
10777.711239 -2.121571e-05 -7.231861e-07 -8.077064e-08 -1.827181e-06 3.085292e-05 -5.184968e-04 -3.025501e-05 1.287715e-05
10780.881937 -2.113417e-05 -7.234273e-07 -8.139193e-08 -1.821547e-06 3.522715e-05 -5.105196e-04 -1.836609e-05 1.666044e-05
10784.064827 -2.103026e-05 -7.209147e-07 -8.165838e-08 -1.813548e-06 3.012058e-05 -5.282325e-04 -1.177069e-05 1.491104e-05
10787.259909 -2.092021e-05 -7.189268e-07 -8.207884e-08 -1.804285e-06 3.253413e-05 -5.186826e-04 -2.372056e-05 1.977448e-05
10790.467183 -2.077689e-05 -7.134034e-07 -8.187353e-08 -1.790703e-06 3.110282e-05 -4.850267e-04 -3.035593e-05 1.106408e-05
10793.686649 -2.066824e-05 -7.102882e-07 -8.189359e-08 -1.781617e-06 3.005897e-05 -5.058894e-04 -3.141786e-05 3.137478e-06
10796.918307 -2.055700e-05 -7.085474e-07 -8.198993e-08 -1.774483e-06 2.564275e-05 -4.868560e-04 -2.982379e-05 9.739434e-06
10800.162157 -2.048378e-05 -7.109932e-07 -8.243192e-08 -1.772509e-06 2.864874e-05 -4.775650e-04 -3.490282e-05 1.213262e-05
10803.418198 -2.036012e-05 -7.092877e-07 -8.239185e-08 -1.765192e-06 3.152965e-05 -4.753831e-04 -4.500502e-05 8.836663e-06
10806.686432 -2.019406e-05 -7.074537e-07 -8.231626e-08 -1.752514e-06 2.963244e-05 -4.686288e-04 -3.637930e-05 1.481660e-05
10809.966857 -2.014868e-05 -7.073794e-07 -8.235341e-08 -1.749711e-06 3.091973e-05 -4.863084e-04 -3.385340e-05 2.596197e-05
10813.259474 -2.010649e-05 -7.086994e-07 -8.255877e-08 -1.746833e-06 1.714127e-05 -4.852431e-04 -3.590547e-05 2.752550e-05
10816.564284 -1.995190e-05 -7.037585e-07 -8.210762e-08 -1.730903e-06 1.515762e-05 -4.740244e-04 -3.173863e-05 2.270003e-05
10819.881285 -1.986953e-05 -7.033477e-07 -8.205215e-08 -1.725798e-06 2.271938e-05 -4.732064e-04 -2.663453e-05 2.316983e-05
10823.210478 -1.978384e-05 -7.037628e-07 -8.215490e-08 -1.720154e-06 2.680630e-05 -4.709380e-04 -1.892405e-05 2.188028e-05
10826.551863 -1.967907e-05 -7.039598e-07 -8.207203e-08 -1.714360e-06 2.766196e-05 -4.538050e-04 -3.448488e-05 3.899630e-05
10829.905440 -1.955334e-05 -7.010727e-07 -8.154384e-08 -1.703163e-06 3.437184e-05 -4.665531e-04 -3.303289e-05 4.379778e-05
10833.271209 -1.940919e-05 -6.968319e-07 -8.075801e-08 -1.689216e-06 3.921677e-05 -4.714353e-04 -3.528067e-05 3.092831e-05
10836.649169 -1.931210e-05 -6.969585e-07 -8.062199e-08 -1.683874e-06 4.125385e-05 -4.802671e-04 -4.386300e-05 3.359331e-05
10840.039322 -1.918143e-05 -6.930842e-07 -7.993884e-08 -1.673046e-06 3.357862e-05 -4.910086e-04 -4.456856e-05 3.621212e-05
10843.441666 -1.906593e-05 -6.913853e-07 -7.974917e-08 -1.664094e-06 3.160219e-05 -4.842516e-04 -4.226215e-05 3.315916e-05
10846.856203 -1.892749e-05 -6.878223e-07 -7.916442e-08 -1.650501e-06 3.167008e-05 -4.852818e-04 -5.494562e-05 2.617180e-05
10850.282931 -1.882040e-05 -6.871982e-07 -7.916194e-08 -1.642156e-06 2.501848e-05 -4.648842e-04 -4.735848e-05 2.968316e-05
10853.721851 -1.867481e-05 -6.841813e-07 -7.913755e-08 -1.631336e-06 2.515525e-05 -4.684707e-04 -5.381547e-05 3.065019e-05
10857.172964 -1.852571e-05 -6.770759e-07 -7.860497e-08 -1.613967e-06 3.258760e-05 -4.737921e-04 -4.227804e-05 3.624496e-05
10860.636268 -1.837308e-05 -6.736022e-07 -7.848795e-08 -1.601586e-06 2.971871e-05 -4.534721e-04 -4.470512e-05 3.629071e-05
10864.111764 -1.833197e-05 -6.787352e-07 -7.948191e-08 -1.603838e-06 2.620758e-05 -4.592094e-04 -4.627623e-05 3.118327e-05
10867.599451 -1.821108e-05 -6.765657e-07 -7.962160e-08 -1.594051e-06 2.754479e-05 -4.760404e-04 -4.686204e-05 3.190473e-05
10871.099331 -1.807841e-05 -6.746394e-07 -7.955802e-08 -1.584073e-06 2.321477e-05 -4.649894e-04 -4.809440e-05 3.005750e-05
10874.611403 -1.791650e-05 -6.702378e-07 -7.885965e-08 -1.570203e-06 1.839883e-05 -4.482634e-04 -3.842953e-05 3.733340e-05
10878.135666 -1.775891e-05 -6.655797e-07 -7.839864e-08 -1.556506e-06 2.818710e-05 -4.412481e-04 -4.275275e-05 3.898036e-05
10881.672122 -1.770882e-05 -6.683980e-07 -7.890748e-08 -1.557274e-06 1.754938e-05 -4.647435e-04 -4.001301e-05 3.871942e-05
10885.220769 -1.760877e-05 -6.666996e-07 -7.879562e-08 -1.548997e-06 2.059472e-05 -4.984043e-04 -4.063642e-05 4.106206e-05
10888.781609 -1.743604e-05 -6.592128e-07 -7.821250e-08 -1.529932e-06 2.281106e-05 -4.892190e-04 -5.328667e-05 3.722143e-05
10892.354640 -1.729805e-05 -6.569255e-07 -7.845715e-08 -1.519143e-06 2.750795e-05 -4.919438e-04 -4.369427e-05 4.173297e-05
10895.939863 -1.717436e-05 -6.552394e-07 -7.846150e-08 -1.510923e-06 2.973617e-05 -4.712637e-04 -4.198728e-05 3.375677e-05
10899.537278 -1.703409e-05 -6.522176e-07 -7.808793e-08 -1.499883e-06 2.719813e-05 -4.875668e-04 -3.377793e-05 3.437247e-05
10903.146885 -1.687971e-05 -6.485475e-07 -7.785257e-08 -1.485858e-06 3.342051e-05 -4.840703e-04 -3.326573e-05 2.988082e-05
10906.768684 -1.679173e-05 -6.489135e-07 -7.832874e-08 -1.481682e-06 4.100801e-05 -4.795067e-04 -3.458778e-05 2.616437e-05
10910.402675 -1.667960e-05 -6.472607e-07 -7.860955e-08 -1.474036e-06 3.952773e-05 -4.849820e-04 -2.854824e-05 3.085380e-05
10914.048857 -1.652412e-05 -6.417067e-07 -7.838326e-08 -1.458677e-06 3.978311e-05 -4.658666e-04 -2.557109e-05 3.204430e-05
10917.707232 -1.636018e-05 -6.352334e-07 -7.780950e-08 -1.441629e-06 3.922409e-05 -4.777104e-04 -2.418839e-05 2.980846e-05
10921.377799 -1.626892e-05 -6.373015e-07 -7.825994e-08 -1.438932e-06 2.978129e-05 -4.941134e-04 -2.162361e-05 3.347947e-05
10925.060557 -1.615400e-05 -6.365424e-07 -7.822844e-08 -1.432337e-06 3.271738e-05 -5.034530e-04 -3.321727e-05 3.221522e-05
10928.755507 -1.600947e-05 -6.326487e-07 -7.806126e-08 -1.420571e-06 3.840671e-05 -5.134403e-04 -1.986129e-05 2.923445e-05
10932.462650 -1.588676e-05 -6.302962e-07 -7.803218e-08 -1.411150e-06 3.661631e-05 -5.226318e-04 -1.219478e-05 2.311340e-05
10936.181984 -1.573904e-05 -6.261760e-07 -7.758310e-08 -1.397513e-06 4.008400e-05 -5.176911e-04 -1.880605e-05 2.547364e-05
10939.913510 -1.556692e-05 -6.198096e-07 -7.706918e-08 -1.379673e-06 3.484995e-05 -5.038575e-04 -2.014255e-05 1.976113e-05
10943.657228 -1.546779e-05 -6.188208e-07 -7.706409e-08 -1.373650e-06 3.650572e-05 -5.141590e-04 -3.928822e-05 1.967316e-05
10947.413138 -1.534253e-05 -6.157679e-07 -7.652763e-08 -1.364799e-06 3.898313e-05 -4.912765e-04 -4.496176e-05 2.172614e-05
10951.181239 -1.517211e-05 -6.120646e-07 -7.584756e-08 -1.351198e-06 3.507177e-05 -4.779160e-04 -3.388926e-05 2.994204e-05
10954.961533 -1.506500e-05 -6.100257e-07 -7.549300e-08 -1.343395e-06 3.029173e-05 -4.986775e-04 -3.522413e-05 2.655514e-05
10958.754019 -1.496293e-05 -6.085346e-07 -7.533440e-08 -1.334894e-06 3.501808e-05 -4.932346e-04 -3.725721e-05 2.839477e-05
10962.558696 -1.480779e-05 -6.037379e-07 -7.498468e-08 -1.321520e-06 3.564112e-05 -4.899397e-04 -2.884048e-05 4.111272e-05
10966.375565 -1.470197e-05 -6.002269e-07 -7.429644e-08 -1.312051e-06 3.514948e-05 -4.620624e-04 -2.835765e-05 4.348062e-05
10970.204627 -1.459721e-05 -5.981436e-07 -7.354856e-08 -1.304061e-06 2.981857e-05 -4.536488e-04 -2.632981e-05 4.040628e-05
10974.045880 -1.447112e-05 -5.955476e-07 -7.306260e-08 -1.294230e-06 2.771266e-05 -4.582501e-04 -2.345756e-05 3.253099e-05
10977.899325 -1.432241e-05 -5.906149e-07 -7.266144e-08 -1.280120e-06 2.771681e-05 -4.467308e-04 -2.693433e-05 3.517988e-05
10981.764962 -1.421554e-05 -5.892983e-07 -7.268218e-08 -1.273287e-06 3.191568e-05 -4.553897e-04 -3.041276e-05 3.899549e-05
10985.642791 -1.406737e-05 -5.853552e-07 -7.255791e-08 -1.260712e-06 2.493398e-05 -4.711039e-04 -3.188583e-05 3.494586e-05
10989.532812 -1.395253e-05 -5.820332e-07 -7.242478e-08 -1.251913e-06 2.844569e-05 -4.789740e-04 -2.049589e-05 4.292869e-05
10993.435025 -1.384180e-05 -5.797305e-07 -7.216055e-08 -1.242474e-06 3.207731e-05 -4.759384e-04 -1.961635e-05 3.726438e-05
10997.349429 -1.370832e-05 -5.759547e-07 -7.219425e-08 -1.231045e-06 3.451678e-05 -4.649227e-04 -1.887955e-05 5.006010e-05
11001.276026 -1.358605e-05 -5.725660e-07 -7.223547e-08 -1.221622e-06 2.541486e-05 -4.781760e-04 -2.390739e-05 4.147785e-05
11005.214814 -1.347003e-05 -5.700326e-07 -7.221956e-08 -1.212793e-06 3.017766e-05 -4.713734e-04 -2.819516e-05 3.686869e-05
11009.165795 -1.334909e-05 -5.669414e-07 -7.206849e-08 -1.202481e-06 4.027930e-05 -4.705639e-04 -2.141254e-05 3.451008e-05
11013.128967 -1.323163e-05 -5.642824e-07 -7.184830e-08 -1.193149e-06 4.554766e-05 -4.768217e-04 -1.951264e-05 4.302792e-05
11017.104331 -1.311055e-05 -5.611291e-07 -7.125714e-08 -1.183993e-06 3.769291e-05 -4.659720e-04 -2.639105e-05 3.565881e-05
11021.091888 -1.296334e-05 -5.554993e-07 -7.065146e-08 -1.169853e-06 2.860051e-05 -4.388595e-04 -3.066000e-05 3.016441e-05
11025.091636 -1.285883e-05 -5.534490e-07 -7.071657e-08 -1.161892e-06 3.382278e-05 -4.503605e-04 -2.506248e-05 3.232102e-05
11029.103575 -1.276555e-05 -5.522855e-07 -7.118002e-08 -1.155806e-06 4.251850e-05 -4.567507e-04 -1.372033e-05 3.525917e-05
11033.127707 -1.263449e-05 -5.477645e-07 -7.102160e-08 -1.144160e-06 3.982186e-05 -4.665194e-04 -1.640201e-05 3.538659e-05
11037.164031 -1.251921e-05 -5.439901e-07 -7.064654e-08 -1.134257e-06 4.684559e-05 -4.686590e-04 -1.343944e-05 3.716058e-05
11041.212547 -1.238150e-05 -5.382756e-07 -7.009040e-08 -1.120674e-06 3.648050e-05 -4.695206e-04 -2.113766e-05 3.679227e-05
11045.273254 -1.228724e-05 -5.376798e-07 -7.048052e-08 -1.115170e-06 4.192172e-05 -4.691156e-04 -1.933053e-05 3.607213e-05
11049.346154 -1.215817e-05 -5.334925e-07 -7.024957e-08 -1.103763e-06 4.886190e-05 -4.669970e-04 -2.286579e-05 4.529581e-05
11053.431245 -1.201340e-05 -5.275172e-07 -6.959212e-08 -1.089161e-06 4.451601e-05 -4.734265e-04 -2.839523e-05 4.264619e-05
11057.528529 -1.194196e-05 -5.281491e-07 -6.966759e-08 -1.086888e-06 3.457635e-05 -4.706543e-04 -3.310561e-05 3.338248e-05
11061.638004 -1.185538e-05 -5.275156e-07 -6.960432e-08 -1.082382e-06 3.955248e-05 -4.717754e-04 -2.597021e-05 3.191930e-05
11065.759671 -1.176839e-05 -5.259374e-07 -6.958695e-08 -1.076913e-06 4.388134e-05 -4.674338e-04 -2.554040e-05 3.155218e-05
11069.893530 -1.165316e-05 -5.223940e-07 -6.901636e-08 -1.067468e-06 4.120033e-05 -4.835370e-04 -3.215415e-05 3.235867e-05
11074.039581 -1.152937e-05 -5.182143e-07 -6.850633e-08 -1.056853e-06 4.233912e-05 -4.872118e-04 -2.985433e-05 3.515887e-05
11078.197824 -1.142538e-05 -5.154728e-07 -6.816049e-08 -1.048759e-06 4.303796e-05 -4.900699e-04 -2.186845e-05 2.898725e-05
11082.368258 -1.130085e-05 -5.107003e-07 -6.731136e-08 -1.037026e-06 4.467571e-05 -4.946712e-04 -1.314895e-05 1.746853e-05
11086.550885 -1.119974e-05 -5.075004e-07 -6.689529e-08 -1.029535e-06 4.668703e-05 -4.880852e-04 -1.028338e-05 2.210369e-05
11090.745704 -1.108739e-05 -5.037030e-07 -6.642579e-08 -1.020161e-06 4.972947e-05 -4.941389e-04 -1.009951e-05 2.279734e-05
11094.952714 -1.096329e-05 -4.990818e-07 -6.584929e-08 -1.008975e-06 4.254800e-05 -4.952507e-04 -1.811655e-05 2.184674e-05
11099.171916 -1.086969e-05 -4.969873e-07 -6.556872e-08 -1.002871e-06 3.875464e-05 -4.853487e-04 -1.773577e-05 1.802501e-05
11103.403311 -1.075202e-05 -4.925070e-07 -6.487932e-08 -9.929394e-07 3.580724e-05 -4.784412e-04 -2.195139e-05 2.379465e-05
11107.646897 -1.065901e-05 -4.900048e-07 -6.500790e-08 -9.861280e-07 3.648889e-05 -4.538163e-04 -2.565719e-05 1.705172e-05
11111.902675 -1.055682e-05 -4.867951e-07 -6.492904e-08 -9.778467e-07 4.104814e-05 -4.286702e-04 -3.696483e-05 1.658019e-05
11116.170645 -1.045735e-05 -4.837464e-07 -6.493571e-08 -9.692413e-07 3.586769e-05 -4.395516e-04 -3.676143e-05 3.297736e-05
11120.450807 -1.034811e-05 -4.805482e-07 -6.446419e-08 -9.604177e-07 2.249672e-05 -4.605245e-04 -2.588004e-05 2.490408e-05
11124.743161 -1.023220e-05 -4.762987e-07 -6.400866e-08 -9.505491e-07 2.174920e-05 -4.522471e-04 -2.872473e-05 1.184697e-05
11129.047707 -1.008184e-05 -4.681208e-07 -6.319127e-08 -9.338445e-07 2.950361e-05 -4.800299e-04 -1.821478e-05 1.553089e-05
11133.364444 -1.003611e-05 -4.698374e-07 -6.357753e-08 -9.351915e-07 3.077885e-05 -4.612819e-04 -2.676922e-05 1.389023e-05
11137.693374 -9.936204e-06 -4.670568e-07 -6.324337e-08 -9.269534e-07 3.073206e-05 -4.450574e-04 -2.802127e-05 7.776202e-06
11142.034495 -9.850516e-06 -4.649381e-07 -6.324222e-08 -9.212017e-07 3.131931e-05 -4.421586e-04 -3.813167e-05 1.230802e-05
11146.387809 -9.744087e-06 -4.611345e-07 -6.282252e-08 -9.123289e-07 3.243992e-05 -4.562045e-04 -3.528290e-05 1.575528e-05
11150.753314 -9.654822e-06 -4.588005e-07 -6.243920e-08 -9.053421e-07 4.464570e-05 -4.355920e-04 -3.171165e-05 1.876357e-05
11155.131011 -9.535631e-06 -4.540477e-07 -6.213282e-08 -8.963741e-07 4.393743e-05 -4.402686e-04 -3.400517e-05 1.644449e-05
11159.520900 -9.324982e-06 -4.450054e-07 -6.087973e-08 -8.777075e-07 4.681390e-05 -4.820202e-04 -4.085048e-05 1.673015e-05
11163.922981 -9.240755e-06 -4.449194e-07 -6.104131e-08 -8.696797e-07 4.119616e-05 -4.918778e-04 -3.686249e-05 1.044988e-05
11168.337254 -9.174290e-06 -4.399592e-07 -6.042579e-08 -8.661109e-07 4.034949e-05 -4.637136e-04 -2.584956e-05 1.800663e-05
11172.763719 -9.143746e-06 -4.395162e-07 -6.044569e-08 -8.632830e-07 3.555773e-05 -4.728502e-04 -2.925405e-05 2.051157e-05
11177.202376 -9.059044e-06 -4.365877e-07 -6.041310e-08 -8.553938e-07 4.334344e-05 -4.889424e-04 -3.038261e-05 1.938051e-05
11181.653224 -8.941039e-06 -4.311864e-07 -6.023709e-08 -8.436949e-07 3.466721e-05 -5.018885e-04 -2.859849e-05 2.185211e-05
11186.116265 -8.823361e-06 -4.258125e-07 -5.956822e-08 -8.330799e-07 3.641289e-05 -4.878232e-04 -3.829164e-05 1.347679e-05
11190.591497 -8.795337e-06 -4.285273e-07 -6.010460e-08 -8.360214e-07 3.466530e-05 -5.189421e-04 -4.230701e-05 1.271507e-05
11195.078922 -8.704908e-06 -4.255324e-07 -6.003970e-08 -8.288164e-07 3.185055e-05 -5.417973e-04 -4.451626e-05 2.312152e-05
11199.578538 -8.636903e-06 -4.244299e-07 -6.014199e-08 -8.256459e-07 3.029906e-05 -5.375084e-04 -4.486516e-05 2.068850e-05
11204.090346 -8.541967e-06 -4.207183e-07 -5.959739e-08 -8.169700e-07 3.167321e-05 -5.326477e-04 -3.674833e-05 1.606889e-05
11208.614346 -8.438437e-06 -4.161674e-07 -5.870433e-08 -8.076388e-07 3.808986e-05 -5.509980e-04 -3.797954e-05 2.084165e-05
11213.150538 -8.371841e-06 -4.147845e-07 -5.870292e-08 -8.033215e-07 3.426887e-05 -5.495312e-04 -4.189591e-05 2.027995e-05
11217.698922 -8.291839e-06 -4.126606e-07 -5.870173e-08 -7.975085e-07 3.524420e-05 -5.311341e-04 -4.313768e-05 1.839189e-05
11222.259498 -8.203912e-06 -4.098087e-07 -5.823883e-08 -7.906194e-07 2.776910e-05 -5.162399e-04 -4.626469e-05 1.430535e-05
11226.832266 -8.114289e-06 -4.064059e-07 -5.787999e-08 -7.829117e-07 3.160321e-05 -5.046207e-04 -3.943463e-05 2.021085e-05
11231.417226 -7.966811e-06 -3.973441e-07 -5.682520e-08 -7.657945e-07 3.921844e-05 -5.172556e-04 -3.354205e-05 2.427466e-05
11236.014377 -7.912528e-06 -3.974851e-07 -5.653711e-08 -7.642426e-07 3.772765e-05 -5.222416e-04 -2.683979e-05 2.719027e-05
11240.623721 -7.802403e-06 -3.917341e-07 -5.550661e-08 -7.532623e-07 3.420816e-05 -5.357992e-04 -3.123988e-05 2.918659e-05
11245.245256 -7.735617e-06 -3.900553e-07 -5.537976e-08 -7.493282e-07 3.216917e-05 -5.238965e-04 -3.950984e-05 2.585750e-05
11249.878983 -7.674507e-06 -3.889022e-07 -5.516256e-08 -7.458814e-07 3.346313e-05 -5.391106e-04 -4.225991e-05 2.542946e-05
11254.524902 -7.612036e-06 -3.878214e-07 -5.531133e-08 -7.424350e-07 2.127083e-05 -5.660184e-04 -4.193799e-05 2.596619e-05
11259.183013 -7.522692e-06 -3.842966e-07 -5.523817e-08 -7.350014e-07 2.577660e-05 -5.711557e-04 -3.397255e-05 2.796635e-05
11263.853316 -7.428184e-06 -3.798322e-07 -5.456208e-08 -7.269747e-07 2.943992e-05 -5.833057e-04 -2.438137e-05 2.452964e-05
11268.535811 -7.357079e-06 -3.774484e-07 -5.433688e-08 -7.220759e-07 3.058384e-05 -5.702184e-04 -3.142557e-05 1.966843e-05
11273.230498 -7.265390e-06 -3.732943e-07 -5.382028e-08 -7.137358e-07 2.788739e-05 -5.519983e-04 -3.752549e-05 1.968853e-05
11277.937377 -7.189571e-06 -3.704562e-07 -5.374364e-08 -7.075194e-07 3.197283e-05 -5.437988e-04 -3.717501e-05 1.695591e-05
11282.656448 -7.075484e-06 -3.637406e-07 -5.290572e-08 -6.951773e-07 3.346833e-05 -5.453560e-04 -3.134215e-05 1.668298e-05
11287.387710 -7.022665e-06 -3.630201e-07 -5.285068e-08 -6.929848e-07 3.207721e-05 -5.500825e-04 -2.735370e-05 1.491365e-05
11292.131165 -6.949123e-06 -3.603955e-07 -5.294698e-08 -6.872752e-07 3.660692e-05 -5.658282e-04 -3.376070e-05 1.760319e-05
11296.886811 -6.877730e-06 -3.576605e-07 -5.277650e-08 -6.811351e-07 3.414728e-05 -5.556228e-04 -3.628393e-05 2.328661e-05
11301.654649 -6.792792e-06 -3.543497e-07 -5.227427e-08 -6.741409e-07 3.392756e-05 -5.660417e-04 -5.363365e-05 1.887331e-05
11306.434679 -6.681975e-06 -3.486156e-07 -5.154605e-08 -6.635292e-07 3.182945e-05 -5.732689e-04 -5.034240e-05 1.311856e-05
11311.226901 -6.599813e-06 -3.459333e-07 -5.121322e-08 -6.573415e-07 4.231564e-05 -5.809150e-04 -4.071051e-05 1.171851e-05
11316.031315 -6.554766e-06 -3.436632e-07 -5.085399e-08 -6.557903e-07 4.047396e-05 -5.697098e-04 -3.011588e-05 1.400825e-05
11320.847921 -6.512853e-06 -3.425998e-07 -5.071940e-08 -6.518452e-07 3.809988e-05 -5.651785e-04 -3.534573e-05 1.629753e-05
11325.676719 -6.433313e-06 -3.393672e-07 -5.063373e-08 -6.447927e-07 4.058851e-05 -5.660728e-04 -4.140713e-05 2.455774e-05
11330.517709 -6.335209e-06 -3.348828e-07 -5.001512e-08 -6.361597e-07 4.495625e-05 -5.631297e-04 -4.532900e-05 1.267019e-05
11335.370891 -6.243038e-06 -3.315243e-07 -4.956756e-08 -6.297216e-07 4.606928e-05 -5.322049e-04 -4.726189e-05 1.604491e-05
11340.236264 -6.232023e-06 -3.308608e-07 -4.956419e-08 -6.287639e-07 4.452484e-05 -5.134378e-04 -4.140601e-05 2.721508e-05
