# Facility.name: NSLS-II
# Facility.mode: Beam available
# Facility.current: 400.0846938963744
# Facility.current: 3 GeV
# Facility.year: 2023
# Facility.cycle: 2
# Facility.GUP: 312970
# Facility.SAF: 311402
# Experimenter.name: Esteban Fornero
# Beamline.name: ISS (8-ID)
# Beamline.x-ray_source: damping wiggler
# Beamline.collimation_mirror1.material: Si
# Beamline.collimation_mirror2.material: Pt
# Beamline.collimation_mirror2.bender_loading: -349.0
# Beamline.focusing: toroidal mirror
# Beamline.focusing.material: Pt
# Beamline.focusing.bender_loading: -418.0
# Beamline.harmonic_rejection: Si
# Mono.scan_mode: Si(111)
# Mono.d_spacing: 3.1354951
# Mono.scan_mode: pseudo-channel cut
# Mono.scan_type: fly_scan
# Mono.trajectory_name: 0f397ba2-1519.txt
# Mono.direction: None
# Mono.angle_offset: 0.69366577
# Mono.angle_offset: 39.744 deg
# Mono.encoder_resolution: 48.0 nrad
# Detector.I0: ion chamber
# Detector.I1: ion chamber
# Detector.I2: ion chamber
# Detector.IF: PIPS
# Detector.I0.length: 15 cm
# Detector.I1.length: 28 cm
# Detector.I2.length: 15 cm
# Detector.IF.thickness: 300 um
# Detector.I0.gas.N2: 38.0%
# Detector.I1.gas.N2: 38.0%
# Detector.I2.gas.N2: 38.0%
# Detector.I0.gas.He: 62.0%
# Detector.I1.gas.He: 62.0%
# Detector.I2.gas.He: 62.0%
# Detector.I0.voltage: -1649.998291
# Detector.I1.voltage: -1650.001953
# Detector.I2.voltage: -1650.0
# Detector.I0.gain: 4
# Detector.I1.gain: 6
# Detector.I2.gain: 6
# Detector.IF.gain: 6
# Detector.aux: {}
# Element.symbol: Ga
# Element.edge: K
# Element.line: None
# Scan.transient_id: 370632
# Scan.uid: 46f40d7c-d547-4c6b-a61b-0ee438a7814d
# Scan.edge_energy: 10367.0
# Scan.start_time: 06/22/2023  16:56:24.075776
# Scan.end_time: 06/22/2023  16:56:58.922719
# Scan.name: CuGaO2-2nd H2 ramp (pos 001) Ga-K 0001
# Scan.comment: 
# Sample.name: CuGaO2-2nd
# Sample.comment: 
# Sample.position.x: -66.493997553
# Sample.position.y: 31.5900075375
# Sample.position.z: -10.184937499999995
# Sample.position.theta: 845.5790000000001
# SampleHeater.temperature1.setpoint: 300.0
# SampleHeater.temperature1.readback: 1372.0
# SampleHeater.current.setpoint: 0.0
# SampleHeater.current.readback: 0.0
# SampleHeater.temperature2.setpoint: 334.2263046503067
# SampleHeater.temperature2.readback: 338.8
# SampleHeater.voltage.setpoint: 0.6943166666952088
# SampleHeater.voltage.readback: 0.723
# SampleHeater.PID.P: 0.025
# SampleHeater.PID.I: 0.07
# SampleHeater.PID.D: 0.0
# SampleGasCart.MFC.CH4.setpoint: 0.0
# SampleGasCart.MFC.CH4.readback: 0.0
# SampleGasCart.MFC.CO.setpoint: 0.0
# SampleGasCart.MFC.CO.readback: 0.0
# SampleGasCart.MFC.H2.setpoint: 10.0
# SampleGasCart.MFC.H2.readback: 10.012
# SampleGasCart.MFC.exhaust.setpoint: 100.0
# SampleGasCart.MFC.exhaust.readback: 10.4
# SampleGasHandlingSystem.gas_a.name: None
# SampleGasHandlingSystem.gas_b.name: None
# SampleGasHandlingSystem.gas_c.name: None
# SampleGasHandlingSystem.gas_d.name: None
# SampleGasHandlingSystem.gas_e.name: He
# SampleGasHandlingSystem.MFC1.setpoint: 0.0
# SampleGasHandlingSystem.MFC1.readback: -0.1383463591337204
# SampleGasHandlingSystem.MFC2.setpoint: 0.0
# SampleGasHandlingSystem.MFC2.readback: -0.048828125
# SampleGasHandlingSystem.MFC3.setpoint: 0.0
# SampleGasHandlingSystem.MFC3.readback: 0.0244140625
# SampleGasHandlingSystem.MFC4.setpoint: 0.0
# SampleGasHandlingSystem.MFC4.readback: -0.06103515625
# SampleGasHandlingSystem.MFC5.setpoint: 0.0
# SampleGasHandlingSystem.MFC5.readback: -0.0040690102614462376
# SampleGasHandlingSystem.MFC6.setpoint: 0.0
# SampleGasHandlingSystem.MFC6.readback: -0.0325520820915699
# SampleGasHandlingSystem.MFC7.setpoint: 0.0
# SampleGasHandlingSystem.MFC7.readback: -0.02848307229578495
# SampleGasHandlingSystem.MFC8.setpoint: 0.0
# SampleGasHandlingSystem.MFC8.readback: -0.0773111954331398
# SampleGasHandlingSystem.MFC9.setpoint: 0.0
# SampleGasHandlingSystem.MFC9.readback: -0.0569661445915699
# SampleGasHandlingSystem.MFC10.setpoint: 0.0
# SampleGasHandlingSystem.MFC10.readback: 0.01220703125
# SampleGasHandlingSystem.MFC11.setpoint: 0.0
# SampleGasHandlingSystem.MFC11.readback: -0.1017252579331398
# SampleGasHandlingSystem.MFC12.setpoint: 0.0
# SampleGasHandlingSystem.MFC12.readback: -0.048828125
# SampleGasHandlingSystem.MFC13.setpoint: 0.0
# SampleGasHandlingSystem.MFC13.readback: -0.0569661445915699
# SampleGasHandlingSystem.MFC14.setpoint: 0.0
# SampleGasHandlingSystem.MFC14.readback: -0.0651041641831398
# SampleGasHandlingSystem.MFC15.setpoint: 0.0
# SampleGasHandlingSystem.MFC15.readback: -0.1139322891831398
# SampleGasHandlingSystem.MFC16.setpoint: 0.0
# SampleGasHandlingSystem.MFC16.readback: -0.03662109375
# SampleGasHandlingSystem.RGA.ch1.mass: 2
# SampleGasHandlingSystem.RGA.ch1.readback: 7.67378e-07
# SampleGasHandlingSystem.RGA.ch2.mass: 4
# SampleGasHandlingSystem.RGA.ch2.readback: 1.84351e-11
# SampleGasHandlingSystem.RGA.ch3.mass: 12
# SampleGasHandlingSystem.RGA.ch3.readback: 1.68265e-12
# SampleGasHandlingSystem.RGA.ch4.mass: 16
# SampleGasHandlingSystem.RGA.ch4.readback: 4.86814e-10
# SampleGasHandlingSystem.RGA.ch5.mass: 18
# SampleGasHandlingSystem.RGA.ch5.readback: 3.67515e-09
# SampleGasHandlingSystem.RGA.ch6.mass: 28
# SampleGasHandlingSystem.RGA.ch6.readback: 1.1524e-08
# SampleGasHandlingSystem.RGA.ch7.mass: 32
# SampleGasHandlingSystem.RGA.ch7.readback: 1.43646e-09
# SampleGasHandlingSystem.RGA.ch8.mass: 40
# SampleGasHandlingSystem.RGA.ch8.readback: 1.11477e-11
# SampleGasHandlingSystem.RGA.ch9.mass: 44
# SampleGasHandlingSystem.RGA.ch9.readback: 7.15711e-12
# energy  i0  it  ir  iff  aux1  aux2  aux3  aux4
10167.000000 -2.964711e-05 -8.107133e-07 -2.357845e-07 -1.004476e-06 4.123023e-05 -5.812411e-04 -3.580297e-05 -6.656165e-06
10172.000000 -2.953470e-05 -8.076787e-07 -2.338028e-07 -1.002266e-06 4.069484e-05 -5.605877e-04 -4.305581e-05 -7.469713e-06
10177.000000 -2.947172e-05 -8.105664e-07 -2.322145e-07 -1.003453e-06 3.050028e-05 -5.649427e-04 -4.251090e-05 -1.369858e-05
10182.000000 -2.938725e-05 -8.093501e-07 -2.276387e-07 -1.001606e-06 2.893504e-05 -5.628956e-04 -3.684269e-05 -1.284263e-05
10187.000000 -2.938719e-05 -8.078393e-07 -2.192188e-07 -1.003894e-06 2.935888e-05 -5.743615e-04 -3.868065e-05 -1.597499e-05
10192.000000 -2.943162e-05 -8.092233e-07 -2.010560e-07 -1.007190e-06 3.509423e-05 -5.767621e-04 -4.059670e-05 -1.898145e-05
10197.000000 -2.944945e-05 -8.139932e-07 -1.499506e-07 -1.012396e-06 3.350471e-05 -6.031358e-04 -4.391474e-05 -2.421725e-05
10202.000000 -2.940634e-05 -8.155445e-07 -5.063528e-08 -1.013042e-06 3.808844e-05 -5.936193e-04 -3.299768e-05 -1.472392e-05
10207.000000 -2.938279e-05 -8.178075e-07 -1.976240e-08 -1.013964e-06 3.225301e-05 -5.882455e-04 -3.218768e-05 -3.915081e-06
10212.000000 -2.930634e-05 -8.145553e-07 -4.045795e-08 -1.011237e-06 3.672320e-05 -5.936433e-04 -3.832658e-05 -1.375835e-05
10217.000000 -2.923246e-05 -8.116990e-07 -5.245727e-08 -1.009669e-06 4.080072e-05 -5.923224e-04 -4.665001e-05 -9.725919e-06
10222.000000 -2.928479e-05 -8.219578e-07 -6.226055e-08 -1.018310e-06 3.364904e-05 -5.848970e-04 -5.061800e-05 4.515446e-07
10227.000000 -2.919169e-05 -8.187471e-07 -6.827605e-08 -1.014445e-06 3.761677e-05 -5.727360e-04 -4.870725e-05 -3.162396e-06
10232.000000 -2.919388e-05 -8.265457e-07 -7.135315e-08 -1.020193e-06 3.579041e-05 -5.667297e-04 -5.103730e-05 -1.358376e-05
10237.000000 -2.920724e-05 -8.308104e-07 -7.330699e-08 -1.024364e-06 4.333639e-05 -5.705836e-04 -5.495510e-05 -1.350351e-05
10242.000000 -2.916471e-05 -8.315399e-07 -7.463869e-08 -1.024427e-06 4.645145e-05 -5.635594e-04 -6.678075e-05 -1.647149e-05
10247.000000 -2.911313e-05 -8.338963e-07 -7.760944e-08 -1.026293e-06 4.144705e-05 -5.770931e-04 -6.250428e-05 -1.231496e-05
10252.000000 -2.908968e-05 -8.359041e-07 -7.756934e-08 -1.027513e-06 4.487740e-05 -5.895060e-04 -5.824899e-05 -1.595620e-05
10257.000000 -2.892714e-05 -8.273960e-07 -7.341621e-08 -1.018564e-06 4.788451e-05 -6.106776e-04 -6.359687e-05 -2.546297e-05
10262.000000 -2.881405e-05 -8.258983e-07 -7.268792e-08 -1.015478e-06 4.067662e-05 -6.025850e-04 -5.940710e-05 -2.257575e-05
10267.000000 -2.890140e-05 -8.347050e-07 -7.464372e-08 -1.023524e-06 4.440427e-05 -5.952844e-04 -6.714623e-05 -1.780724e-05
10272.000000 -2.892937e-05 -8.413618e-07 -7.578402e-08 -1.028485e-06 4.955282e-05 -6.425331e-04 -5.683527e-05 -1.605784e-05
10277.000000 -2.895537e-05 -8.504696e-07 -7.640763e-08 -1.037019e-06 5.428861e-05 -6.496934e-04 -5.338009e-05 -2.159270e-05
10282.000000 -2.883121e-05 -8.519257e-07 -7.545167e-08 -1.036644e-06 5.694716e-05 -6.086275e-04 -4.343874e-05 -1.466660e-05
10287.000000 -2.887092e-05 -8.556680e-07 -7.621778e-08 -1.040747e-06 5.049330e-05 -6.003385e-04 -4.125864e-05 -1.192765e-05
10292.000000 -2.884232e-05 -8.582545e-07 -7.864326e-08 -1.042958e-06 5.651283e-05 -5.809241e-04 -4.158401e-05 -1.058798e-05
10297.000000 -2.880643e-05 -8.603102e-07 -7.975586e-08 -1.044282e-06 4.481944e-05 -5.779504e-04 -4.643605e-05 -2.017130e-05
10302.000000 -2.879511e-05 -8.629258e-07 -7.987506e-08 -1.045135e-06 5.102013e-05 -5.730146e-04 -4.545346e-05 -3.437252e-05
10307.000000 -2.873544e-05 -8.635949e-07 -7.964224e-08 -1.044491e-06 4.287460e-05 -5.671919e-04 -4.942834e-05 -2.248134e-05
10312.000000 -2.870234e-05 -8.667265e-07 -8.001681e-08 -1.047264e-06 3.553223e-05 -6.000930e-04 -5.551332e-05 -8.752767e-06
10317.000000 -2.868371e-05 -8.698520e-07 -7.966185e-08 -1.050526e-06 2.819565e-05 -5.956436e-04 -6.197354e-05 -2.150042e-05
10322.000000 -2.863904e-05 -8.708757e-07 -7.895512e-08 -1.050872e-06 2.081759e-05 -6.185116e-04 -5.629530e-05 -2.242175e-05
10327.000000 -2.856421e-05 -8.705309e-07 -7.803725e-08 -1.050036e-06 3.575471e-05 -6.402900e-04 -5.569386e-05 -1.963303e-05
10332.000000 -2.848190e-05 -8.721710e-07 -7.741225e-08 -1.053578e-06 3.805875e-05 -6.279385e-04 -5.066632e-05 -1.856682e-05
10337.000000 -2.857689e-05 -8.785814e-07 -7.791605e-08 -1.061204e-06 4.126226e-05 -5.887485e-04 -3.407608e-05 -1.962209e-05
10341.000000 -2.855561e-05 -8.802154e-07 -7.842891e-08 -1.064395e-06 3.597389e-05 -5.930336e-04 -3.107854e-05 -1.921806e-05
10344.000000 -2.852034e-05 -8.800741e-07 -7.919347e-08 -1.066227e-06 3.869085e-05 -5.746244e-04 -3.323884e-05 -2.269838e-05
10346.000000 -2.850554e-05 -8.812784e-07 -8.007800e-08 -1.069062e-06 4.297603e-05 -5.833012e-04 -3.462676e-05 -2.599134e-05
10347.000000 -2.849890e-05 -8.817669e-07 -8.072449e-08 -1.070268e-06 4.644825e-05 -5.974744e-04 -2.491206e-05 -2.478709e-05
10347.200000 -2.849487e-05 -8.826873e-07 -8.104883e-08 -1.070803e-06 5.326093e-05 -5.881090e-04 -2.792471e-05 -2.142364e-05
10347.400000 -2.849848e-05 -8.813507e-07 -8.084155e-08 -1.071452e-06 4.554572e-05 -5.988497e-04 -2.826571e-05 -2.744470e-05
10347.600000 -2.850065e-05 -8.826884e-07 -8.092196e-08 -1.071685e-06 4.181207e-05 -5.887602e-04 -2.891487e-05 -2.889933e-05
10347.800000 -2.849732e-05 -8.827630e-07 -8.107691e-08 -1.071390e-06 4.370847e-05 -5.793072e-04 -3.268877e-05 -2.467301e-05
10348.000000 -2.848999e-05 -8.817655e-07 -8.106620e-08 -1.071249e-06 4.896820e-05 -5.688973e-04 -2.518582e-05 -1.793622e-05
10348.200000 -2.848112e-05 -8.826993e-07 -8.167032e-08 -1.070605e-06 5.459954e-05 -6.032418e-04 -3.253119e-05 -2.689766e-05
10348.400000 -2.844427e-05 -8.790771e-07 -8.147648e-08 -1.066773e-06 5.509920e-05 -5.775247e-04 -4.057512e-05 -2.273244e-05
10348.600000 -2.839434e-05 -8.759847e-07 -8.132210e-08 -1.063807e-06 5.059823e-05 -6.005112e-04 -4.101252e-05 -2.957901e-05
10348.800000 -2.836887e-05 -8.732498e-07 -8.078871e-08 -1.061413e-06 4.256300e-05 -5.804753e-04 -4.030686e-05 -1.741834e-05
10349.000000 -2.841260e-05 -8.776984e-07 -8.107260e-08 -1.065706e-06 4.735182e-05 -5.967455e-04 -4.159039e-05 -2.300105e-05
10349.200000 -2.845167e-05 -8.815303e-07 -8.155308e-08 -1.069061e-06 4.409818e-05 -5.835809e-04 -3.751929e-05 -1.946809e-05
10349.400000 -2.845553e-05 -8.804847e-07 -8.169060e-08 -1.070706e-06 4.887426e-05 -5.784914e-04 -2.691415e-05 -2.220719e-05
10349.600000 -2.845832e-05 -8.810015e-07 -8.176687e-08 -1.070965e-06 4.408785e-05 -5.957133e-04 -2.282540e-05 -1.445946e-05
10349.800000 -2.846082e-05 -8.816882e-07 -8.197087e-08 -1.071564e-06 4.590812e-05 -6.037397e-04 -2.982867e-05 -1.118067e-05
10350.000000 -2.846464e-05 -8.815491e-07 -8.230757e-08 -1.073593e-06 5.069188e-05 -5.854754e-04 -2.702693e-05 -4.305757e-06
10350.200000 -2.846255e-05 -8.818528e-07 -8.226305e-08 -1.074057e-06 5.233239e-05 -6.117321e-04 -4.279334e-05 -1.813536e-05
10350.400000 -2.842413e-05 -8.801072e-07 -8.183754e-08 -1.070872e-06 4.972427e-05 -6.181752e-04 -3.851530e-05 -1.834888e-05
10350.600000 -2.840066e-05 -8.777632e-07 -8.158526e-08 -1.068001e-06 5.869351e-05 -6.098038e-04 -3.238017e-05 -6.299982e-06
10350.800000 -2.839595e-05 -8.762974e-07 -8.159583e-08 -1.068759e-06 5.107940e-05 -6.139226e-04 -3.126589e-05 -2.258196e-05
10351.000000 -2.843337e-05 -8.801154e-07 -8.209294e-08 -1.072708e-06 4.805625e-05 -6.278701e-04 -2.919184e-05 -2.728827e-05
10351.200000 -2.844909e-05 -8.808427e-07 -8.227743e-08 -1.075040e-06 4.822171e-05 -6.207966e-04 -4.799431e-05 -2.844674e-05
10351.400000 -2.842850e-05 -8.801188e-07 -8.247648e-08 -1.074325e-06 4.601920e-05 -6.371744e-04 -4.715187e-05 -2.036659e-05
10351.600000 -2.839954e-05 -8.780403e-07 -8.243011e-08 -1.070507e-06 4.849919e-05 -6.388031e-04 -5.569260e-05 -1.969548e-05
10351.800000 -2.833114e-05 -8.700974e-07 -8.154802e-08 -1.066888e-06 5.048937e-05 -6.283555e-04 -5.535956e-05 -1.765593e-05
10352.000000 -2.832992e-05 -8.699746e-07 -8.150170e-08 -1.066944e-06 4.620110e-05 -6.188390e-04 -5.462043e-05 -1.003284e-05
10352.200000 -2.839492e-05 -8.772836e-07 -8.217484e-08 -1.071741e-06 3.719279e-05 -6.430653e-04 -5.106565e-05 -1.413345e-05
10352.400000 -2.840411e-05 -8.768058e-07 -8.207743e-08 -1.075280e-06 4.429408e-05 -6.396958e-04 -3.936356e-05 -1.989868e-06
10352.600000 -2.842862e-05 -8.791532e-07 -8.240798e-08 -1.077885e-06 3.351412e-05 -6.256561e-04 -5.578157e-05 -1.391881e-05
10352.800000 -2.842395e-05 -8.799174e-07 -8.266917e-08 -1.078297e-06 4.475962e-05 -6.126271e-04 -6.855358e-05 -4.288327e-06
10353.000000 -2.838254e-05 -8.753595e-07 -8.239760e-08 -1.074235e-06 4.005124e-05 -6.174470e-04 -6.647006e-05 -8.976635e-06
10353.200000 -2.833998e-05 -8.737876e-07 -8.219993e-08 -1.070614e-06 4.207293e-05 -6.199744e-04 -6.373073e-05 -7.487852e-06
10353.400000 -2.828877e-05 -8.686229e-07 -8.167373e-08 -1.067762e-06 3.811176e-05 -6.044648e-04 -8.475211e-05 -2.092250e-05
10353.600000 -2.836457e-05 -8.753690e-07 -8.220772e-08 -1.074501e-06 4.008341e-05 -6.152718e-04 -6.725451e-05 -2.129317e-05
10353.800000 -2.838085e-05 -8.773052e-07 -8.217125e-08 -1.077858e-06 4.767626e-05 -6.153314e-04 -6.229898e-05 -1.823045e-05
10354.000000 -2.839512e-05 -8.783799e-07 -8.255276e-08 -1.079694e-06 4.667735e-05 -6.259313e-04 -6.559885e-05 -1.800503e-05
10354.200000 -2.840084e-05 -8.790106e-07 -8.269255e-08 -1.081393e-06 4.131546e-05 -6.042837e-04 -5.929119e-05 -6.953046e-06
10354.400000 -2.836664e-05 -8.760045e-07 -8.264316e-08 -1.078169e-06 3.523713e-05 -6.091363e-04 -4.446209e-05 5.533380e-08
10354.600000 -2.832269e-05 -8.735991e-07 -8.256197e-08 -1.075079e-06 3.065195e-05 -6.003834e-04 -5.634496e-05 -1.216038e-05
10354.800000 -2.835172e-05 -8.766743e-07 -8.275276e-08 -1.077377e-06 3.101078e-05 -6.074349e-04 -6.194701e-05 -1.654879e-05
10355.000000 -2.829048e-05 -8.708412e-07 -8.200610e-08 -1.073634e-06 2.804942e-05 -5.716652e-04 -5.852693e-05 -2.013207e-05
10355.200000 -2.826023e-05 -8.678768e-07 -8.165237e-08 -1.070985e-06 3.045009e-05 -5.776498e-04 -5.188544e-05 -1.120308e-05
10355.400000 -2.826201e-05 -8.677999e-07 -8.160399e-08 -1.070855e-06 3.150570e-05 -5.908563e-04 -5.589566e-05 -7.588793e-06
10355.600000 -2.827814e-05 -8.706389e-07 -8.199904e-08 -1.072887e-06 2.782482e-05 -6.344638e-04 -6.023689e-05 -4.285920e-06
10355.800000 -2.830422e-05 -8.715621e-07 -8.215901e-08 -1.075954e-06 3.224719e-05 -6.306183e-04 -5.056700e-05 -1.177156e-05
10356.000000 -2.834727e-05 -8.773897e-07 -8.319815e-08 -1.080803e-06 3.200326e-05 -5.814625e-04 -5.779085e-05 -1.446668e-05
10356.200000 -2.835038e-05 -8.753232e-07 -8.308983e-08 -1.081408e-06 3.010135e-05 -5.678701e-04 -6.304183e-05 -2.305319e-05
10356.400000 -2.834096e-05 -8.757732e-07 -8.297610e-08 -1.081356e-06 4.438315e-05 -5.792322e-04 -5.393307e-05 -1.465065e-05
10356.600000 -2.833774e-05 -8.752294e-07 -8.297717e-08 -1.082443e-06 3.515538e-05 -5.923791e-04 -5.570979e-05 -1.093587e-05
10356.800000 -2.837180e-05 -8.790367e-07 -8.335087e-08 -1.087083e-06 2.577704e-05 -6.103029e-04 -5.154718e-05 -8.088720e-06
10357.000000 -2.837302e-05 -8.788647e-07 -8.306811e-08 -1.088649e-06 2.091953e-05 -6.028540e-04 -4.817154e-05 -5.107257e-06
10357.200000 -2.836599e-05 -8.785156e-07 -8.311226e-08 -1.088666e-06 2.543374e-05 -6.125255e-04 -4.572093e-05 -7.574490e-06
10357.400000 -2.836792e-05 -8.803150e-07 -8.348852e-08 -1.088933e-06 2.373876e-05 -6.443808e-04 -6.182608e-05 -1.574581e-05
10357.600000 -2.835674e-05 -8.768168e-07 -8.315507e-08 -1.088546e-06 3.358211e-05 -6.488858e-04 -4.846126e-05 -3.167325e-07
10357.800000 -2.835146e-05 -8.776611e-07 -8.326747e-08 -1.089710e-06 3.877843e-05 -6.076320e-04 -4.866139e-05 -3.555185e-06
10358.000000 -2.831098e-05 -8.740803e-07 -8.309061e-08 -1.085741e-06 3.739121e-05 -5.994378e-04 -5.517453e-05 -1.150324e-05
10358.200000 -2.826637e-05 -8.704391e-07 -8.268721e-08 -1.083423e-06 3.358918e-05 -5.899132e-04 -4.534719e-05 -1.599361e-05
10358.400000 -2.826292e-05 -8.706169e-07 -8.269253e-08 -1.084188e-06 3.571605e-05 -5.958786e-04 -4.870120e-05 -1.346303e-05
10358.600000 -2.821274e-05 -8.642800e-07 -8.198250e-08 -1.081662e-06 3.013329e-05 -6.249104e-04 -7.015940e-05 -1.615986e-05
10358.800000 -2.820581e-05 -8.659625e-07 -8.191759e-08 -1.082050e-06 2.905473e-05 -6.264639e-04 -6.300088e-05 -1.823457e-05
10359.000000 -2.822348e-05 -8.665456e-07 -8.184945e-08 -1.083728e-06 2.193246e-05 -6.384167e-04 -6.911181e-05 -2.211984e-05
10359.200000 -2.829097e-05 -8.734161e-07 -8.245005e-08 -1.091219e-06 2.627559e-05 -6.280274e-04 -6.606288e-05 -3.048572e-05
10359.400000 -2.830735e-05 -8.759632e-07 -8.284097e-08 -1.094256e-06 2.718008e-05 -6.183495e-04 -5.652761e-05 -2.238295e-05
10359.600000 -2.826886e-05 -8.732751e-07 -8.265381e-08 -1.092543e-06 2.978807e-05 -6.409336e-04 -3.588063e-05 -1.160514e-05
10359.800000 -2.826580e-05 -8.724921e-07 -8.265011e-08 -1.093992e-06 2.628870e-05 -6.365044e-04 -3.269834e-05 -1.023527e-05
10360.000000 -2.825778e-05 -8.716524e-07 -8.259494e-08 -1.093433e-06 2.616619e-05 -6.330909e-04 -4.377740e-05 -2.533539e-05
10360.200000 -2.831574e-05 -8.759599e-07 -8.313118e-08 -1.099819e-06 3.083992e-05 -6.104773e-04 -6.084055e-05 -2.915321e-05
10360.400000 -2.832559e-05 -8.764061e-07 -8.312366e-08 -1.103264e-06 3.642262e-05 -6.448456e-04 -5.326945e-05 -2.803197e-05
10360.600000 -2.832358e-05 -8.776392e-07 -8.337620e-08 -1.104098e-06 3.875046e-05 -6.618861e-04 -4.520860e-05 -2.372896e-05
10360.800000 -2.832270e-05 -8.773380e-07 -8.354631e-08 -1.105686e-06 4.261899e-05 -6.563365e-04 -4.253380e-05 -2.419111e-05
10361.000000 -2.832079e-05 -8.781248e-07 -8.359366e-08 -1.107598e-06 4.539384e-05 -6.355147e-04 -3.806779e-05 -2.707221e-05
10361.200000 -2.831821e-05 -8.765327e-07 -8.342283e-08 -1.108115e-06 4.286470e-05 -6.432393e-04 -4.049267e-05 -2.600254e-05
10361.400000 -2.830239e-05 -8.750986e-07 -8.311042e-08 -1.108425e-06 4.552105e-05 -6.527342e-04 -4.776840e-05 -4.304077e-05
10361.600000 -2.829201e-05 -8.750391e-07 -8.286613e-08 -1.107781e-06 3.963159e-05 -6.678393e-04 -4.020658e-05 -4.335681e-05
10361.800000 -2.825564e-05 -8.698706e-07 -8.219600e-08 -1.106529e-06 3.199101e-05 -6.685373e-04 -3.996324e-05 -2.888164e-05
10362.000000 -2.828324e-05 -8.746513e-07 -8.292898e-08 -1.111158e-06 4.257259e-05 -6.505252e-04 -3.751356e-05 -2.277079e-05
10362.200000 -2.828676e-05 -8.747875e-07 -8.315033e-08 -1.113653e-06 4.648471e-05 -6.482505e-04 -3.496713e-05 -2.774826e-05
10362.400000 -2.824317e-05 -8.702809e-07 -8.272729e-08 -1.111852e-06 3.789468e-05 -6.836302e-04 -3.907023e-05 -3.286423e-05
10362.600000 -2.825403e-05 -8.722922e-07 -8.296076e-08 -1.113482e-06 3.349975e-05 -6.563573e-04 -4.273100e-05 -3.405182e-05
10362.800000 -2.827047e-05 -8.725811e-07 -8.313687e-08 -1.118204e-06 3.856560e-05 -6.417335e-04 -3.238052e-05 -1.874413e-05
10363.000000 -2.829658e-05 -8.752110e-07 -8.339782e-08 -1.122299e-06 4.526204e-05 -6.399922e-04 -4.937012e-05 -1.949793e-05
10363.200000 -2.829341e-05 -8.735963e-07 -8.312481e-08 -1.123736e-06 5.227693e-05 -6.369825e-04 -4.455440e-05 -2.040707e-05
10363.400000 -2.824743e-05 -8.722470e-07 -8.307474e-08 -1.122035e-06 4.701913e-05 -6.278177e-04 -3.916524e-05 -2.426998e-05
10363.600000 -2.814513e-05 -8.619075e-07 -8.197130e-08 -1.115365e-06 3.976027e-05 -6.179838e-04 -4.041892e-05 -2.857182e-05
10363.800000 -2.817803e-05 -8.645320e-07 -8.211122e-08 -1.120461e-06 4.241832e-05 -6.407890e-04 -2.381642e-05 -1.941731e-05
10364.000000 -2.825511e-05 -8.706863e-07 -8.274017e-08 -1.131030e-06 4.412230e-05 -6.475670e-04 -3.228111e-05 -1.853846e-05
10364.200000 -2.827927e-05 -8.709574e-07 -8.249763e-08 -1.137362e-06 4.814110e-05 -6.420455e-04 -2.379989e-05 -1.915113e-05
10364.400000 -2.829511e-05 -8.735717e-07 -8.264656e-08 -1.141351e-06 3.481989e-05 -6.534317e-04 -2.155480e-05 -2.164655e-05
10364.600000 -2.828006e-05 -8.710592e-07 -8.222564e-08 -1.143439e-06 3.495159e-05 -6.579329e-04 -2.212063e-05 -2.167778e-05
10364.800000 -2.826968e-05 -8.715089e-07 -8.220375e-08 -1.146555e-06 3.768834e-05 -6.632929e-04 -2.461547e-05 -1.569908e-05
10365.000000 -2.827755e-05 -8.704765e-07 -8.219589e-08 -1.150371e-06 2.788075e-05 -6.325932e-04 -3.174897e-05 -1.779988e-05
10365.200000 -2.828588e-05 -8.707872e-07 -8.226643e-08 -1.155785e-06 2.984740e-05 -6.098987e-04 -2.224619e-05 -1.612581e-05
10365.400000 -2.828188e-05 -8.689433e-07 -8.203216e-08 -1.160767e-06 3.065595e-05 -6.496849e-04 -3.311199e-05 -1.845584e-05
10365.600000 -2.826992e-05 -8.668658e-07 -8.176730e-08 -1.165255e-06 3.321722e-05 -6.780471e-04 -2.952333e-05 -1.360465e-05
10365.800000 -2.824754e-05 -8.653231e-07 -8.168600e-08 -1.168396e-06 3.820459e-05 -6.958233e-04 -4.078808e-05 -6.285663e-06
10366.000000 -2.824555e-05 -8.634189e-07 -8.152880e-08 -1.173358e-06 3.025501e-05 -6.732572e-04 -5.181931e-05 -1.068025e-05
10366.200000 -2.825714e-05 -8.637057e-07 -8.194081e-08 -1.182272e-06 3.938130e-05 -6.669509e-04 -4.237921e-05 -9.792793e-06
10366.400000 -2.826639e-05 -8.629837e-07 -8.195366e-08 -1.190699e-06 4.231546e-05 -6.769531e-04 -3.384370e-05 -1.998849e-05
10366.600000 -2.825794e-05 -8.622219e-07 -8.186925e-08 -1.199307e-06 3.949010e-05 -6.618944e-04 -1.656411e-05 -1.366278e-05
10366.800000 -2.826040e-05 -8.599897e-07 -8.168520e-08 -1.207004e-06 3.835963e-05 -6.905734e-04 -1.792007e-05 -1.087988e-05
10367.000000 -2.826018e-05 -8.579669e-07 -8.146113e-08 -1.216485e-06 3.429760e-05 -7.150032e-04 -3.927011e-05 -1.739333e-05
10367.200000 -2.825515e-05 -8.574431e-07 -8.118904e-08 -1.227482e-06 3.475875e-05 -6.984473e-04 -1.769597e-05 -1.889137e-05
10367.400000 -2.825152e-05 -8.542077e-07 -8.101757e-08 -1.238785e-06 3.873077e-05 -7.055626e-04 -1.897898e-05 -1.768130e-05
10367.600000 -2.824261e-05 -8.528816e-07 -8.095135e-08 -1.252179e-06 4.424117e-05 -6.989194e-04 -2.136977e-05 -1.652444e-05
10367.800000 -2.821756e-05 -8.487114e-07 -8.017103e-08 -1.261628e-06 3.761336e-05 -6.835129e-04 -2.426361e-05 -1.837689e-05
10368.000000 -2.812007e-05 -8.353056e-07 -7.887084e-08 -1.268496e-06 3.482252e-05 -6.871019e-04 -2.769125e-05 -1.457996e-05
10368.200000 -2.812176e-05 -8.334566e-07 -7.860579e-08 -1.285873e-06 3.094040e-05 -7.049175e-04 -3.544818e-05 -1.044318e-05
10368.400000 -2.817175e-05 -8.321207e-07 -7.850175e-08 -1.311352e-06 3.606141e-05 -6.973235e-04 -2.767861e-05 -1.322596e-05
10368.600000 -2.822625e-05 -8.355191e-07 -7.885127e-08 -1.341318e-06 3.909158e-05 -7.124766e-04 -1.764525e-05 -9.700708e-06
10368.800000 -2.823895e-05 -8.302467e-07 -7.854919e-08 -1.364979e-06 3.260484e-05 -6.830171e-04 -1.981822e-05 -1.523335e-05
10369.000000 -2.825981e-05 -8.285477e-07 -7.849857e-08 -1.394726e-06 3.428817e-05 -6.769692e-04 -3.545208e-05 -1.924562e-05
10369.200000 -2.823603e-05 -8.214190e-07 -7.781068e-08 -1.421790e-06 3.711660e-05 -6.630243e-04 -2.699392e-05 -1.115567e-05
10369.400000 -2.819582e-05 -8.138217e-07 -7.708909e-08 -1.448432e-06 3.643998e-05 -6.651281e-04 -2.447227e-05 -6.380966e-06
10369.600000 -2.816632e-05 -8.058699e-07 -7.631492e-08 -1.480261e-06 2.942565e-05 -6.748193e-04 -1.974282e-05 -1.607711e-05
10369.800000 -2.813855e-05 -7.956848e-07 -7.549314e-08 -1.514843e-06 3.670756e-05 -6.852974e-04 3.412566e-07 -6.455988e-06
10370.000000 -2.814119e-05 -7.893201e-07 -7.478877e-08 -1.556233e-06 3.495006e-05 -6.932923e-04 -1.104130e-05 -8.869483e-06
10370.200000 -2.818601e-05 -7.862569e-07 -7.466132e-08 -1.607817e-06 4.069170e-05 -6.979156e-04 -1.999163e-05 -1.004830e-05
10370.400000 -2.820178e-05 -7.808278e-07 -7.414902e-08 -1.658981e-06 3.176249e-05 -6.816163e-04 -3.076747e-05 -8.285999e-06
10370.600000 -2.819747e-05 -7.721821e-07 -7.341221e-08 -1.710640e-06 3.127371e-05 -6.545552e-04 -1.728091e-05 2.157451e-06
10370.800000 -2.821216e-05 -7.665020e-07 -7.278051e-08 -1.768368e-06 3.424452e-05 -6.572840e-04 -2.707296e-05 2.874133e-06
10371.000000 -2.821657e-05 -7.580771e-07 -7.189756e-08 -1.826969e-06 4.108911e-05 -6.543022e-04 -2.278266e-05 4.665853e-06
10371.200000 -2.821019e-05 -7.492610e-07 -7.089809e-08 -1.889086e-06 4.339991e-05 -6.397403e-04 -1.283390e-05 5.996839e-07
10371.400000 -2.818319e-05 -7.387034e-07 -6.992017e-08 -1.950316e-06 4.346202e-05 -6.721691e-04 -2.388561e-05 8.981130e-07
10371.600000 -2.816163e-05 -7.294129e-07 -6.884513e-08 -2.015019e-06 4.113111e-05 -6.725089e-04 -2.391561e-05 -2.904813e-06
10371.800000 -2.812743e-05 -7.173432e-07 -6.761711e-08 -2.080148e-06 3.389174e-05 -6.699349e-04 -2.494373e-05 -7.189012e-06
10372.000000 -2.812597e-05 -7.085063e-07 -6.692553e-08 -2.151901e-06 2.477019e-05 -6.619206e-04 -2.459076e-05 -2.951515e-06
10372.200000 -2.811964e-05 -7.013383e-07 -6.628926e-08 -2.219942e-06 3.516882e-05 -6.725438e-04 -2.881315e-05 -6.198141e-06
10372.400000 -2.813267e-05 -6.921809e-07 -6.560615e-08 -2.291450e-06 3.577404e-05 -6.607249e-04 -3.606808e-05 -1.225557e-05
10372.600000 -2.816789e-05 -6.875558e-07 -6.509659e-08 -2.362715e-06 4.683268e-05 -6.379665e-04 -3.438170e-05 -7.993761e-06
10372.800000 -2.816199e-05 -6.794698e-07 -6.438509e-08 -2.425167e-06 4.324785e-05 -6.193923e-04 -2.102114e-05 -8.201474e-06
10373.000000 -2.814895e-05 -6.719937e-07 -6.350950e-08 -2.482695e-06 3.771319e-05 -6.264098e-04 -2.299866e-05 -5.076211e-06
10373.200000 -2.816194e-05 -6.677258e-07 -6.304338e-08 -2.541078e-06 2.924272e-05 -6.415324e-04 -2.800243e-05 -5.353104e-06
10373.400000 -2.816808e-05 -6.598691e-07 -6.232519e-08 -2.590972e-06 2.739461e-05 -6.773253e-04 -3.442727e-05 -1.149481e-05
10373.600000 -2.817584e-05 -6.576214e-07 -6.226291e-08 -2.639539e-06 3.624878e-05 -6.684042e-04 -4.655423e-05 -1.533751e-05
10373.800000 -2.818216e-05 -6.518875e-07 -6.176722e-08 -2.678630e-06 3.975747e-05 -6.699539e-04 -4.162797e-05 -1.417645e-05
10374.000000 -2.818545e-05 -6.474679e-07 -6.152520e-08 -2.713837e-06 4.058909e-05 -6.551245e-04 -3.308942e-05 -9.353720e-06
10374.200000 -2.821134e-05 -6.457645e-07 -6.128820e-08 -2.746893e-06 4.781801e-05 -6.484704e-04 -3.311058e-05 -3.253157e-06
10374.400000 -2.823054e-05 -6.428356e-07 -6.098120e-08 -2.776358e-06 4.230649e-05 -6.432772e-04 -3.141520e-05 -4.000975e-06
10374.600000 -2.823580e-05 -6.427458e-07 -6.061605e-08 -2.802094e-06 4.915659e-05 -6.520653e-04 -2.297207e-05 1.513715e-06
10374.800000 -2.823015e-05 -6.389000e-07 -6.011863e-08 -2.817698e-06 4.452763e-05 -6.525221e-04 -3.564229e-05 -5.775960e-06
10375.000000 -2.823924e-05 -6.383347e-07 -6.018157e-08 -2.838167e-06 4.214725e-05 -6.356038e-04 -3.984422e-05 -1.092024e-05
10375.200000 -2.825986e-05 -6.378245e-07 -6.021804e-08 -2.857020e-06 4.371675e-05 -6.357993e-04 -3.755098e-05 -1.298236e-05
10375.400000 -2.822686e-05 -6.338536e-07 -5.993185e-08 -2.864808e-06 4.362484e-05 -6.412249e-04 -3.266809e-05 -5.737325e-06
10375.600000 -2.821719e-05 -6.320730e-07 -5.991608e-08 -2.872644e-06 4.295100e-05 -6.272469e-04 -3.409038e-05 -1.321732e-05
10375.800000 -2.823281e-05 -6.309575e-07 -5.976809e-08 -2.886883e-06 3.035363e-05 -6.510932e-04 -2.176526e-05 -7.818783e-06
10376.000000 -2.824294e-05 -6.317728e-07 -5.969280e-08 -2.901116e-06 3.075634e-05 -6.444920e-04 -3.002710e-05 -9.379544e-06
10376.200000 -2.823533e-05 -6.304670e-07 -5.917924e-08 -2.907115e-06 3.211659e-05 -6.648164e-04 -2.804332e-05 -1.182988e-05
10376.400000 -2.819031e-05 -6.262363e-07 -5.861318e-08 -2.904073e-06 3.305321e-05 -6.411445e-04 -3.277788e-05 -5.645809e-06
10376.600000 -2.820762e-05 -6.277841e-07 -5.879457e-08 -2.908948e-06 4.157422e-05 -6.336652e-04 -2.277346e-05 2.601200e-06
10376.800000 -2.824164e-05 -6.312692e-07 -5.938054e-08 -2.916657e-06 3.745831e-05 -6.564367e-04 -2.633368e-05 -4.598060e-06
10377.000000 -2.824479e-05 -6.309792e-07 -5.973975e-08 -2.912801e-06 4.841547e-05 -6.540419e-04 -2.446487e-05 -1.422165e-06
10377.200000 -2.825198e-05 -6.335604e-07 -6.010998e-08 -2.908865e-06 4.750820e-05 -6.306918e-04 -2.565654e-05 -1.565415e-06
10377.400000 -2.824900e-05 -6.343958e-07 -6.010243e-08 -2.897784e-06 3.995061e-05 -6.296825e-04 -4.575537e-05 4.288909e-06
10377.600000 -2.823748e-05 -6.345559e-07 -5.988278e-08 -2.881578e-06 3.908716e-05 -6.331306e-04 -4.107928e-05 1.075055e-05
10377.800000 -2.824043e-05 -6.381389e-07 -6.011915e-08 -2.866462e-06 4.012717e-05 -6.547120e-04 -3.633066e-05 1.995884e-06
10378.000000 -2.822392e-05 -6.367379e-07 -6.012042e-08 -2.841747e-06 4.391488e-05 -6.402021e-04 -4.211209e-05 -4.273806e-06
10378.200000 -2.818858e-05 -6.374320e-07 -6.017211e-08 -2.812501e-06 4.711678e-05 -6.309180e-04 -3.423919e-05 -3.379582e-06
10378.400000 -2.819452e-05 -6.383053e-07 -6.035118e-08 -2.789928e-06 4.645596e-05 -6.466130e-04 -4.637735e-05 -1.481934e-05
10378.600000 -2.823741e-05 -6.462879e-07 -6.122510e-08 -2.773981e-06 4.366074e-05 -6.531866e-04 -5.000469e-05 -5.753520e-06
10378.800000 -2.824167e-05 -6.496017e-07 -6.159290e-08 -2.747814e-06 4.149935e-05 -6.512339e-04 -5.172838e-05 -3.648767e-06
10379.000000 -2.823329e-05 -6.503027e-07 -6.191143e-08 -2.717794e-06 3.422066e-05 -5.977359e-04 -3.446618e-05 -5.944330e-06
10379.200000 -2.823194e-05 -6.547744e-07 -6.208664e-08 -2.691702e-06 4.086111e-05 -5.884002e-04 -4.314012e-05 -1.416134e-05
10379.400000 -2.823472e-05 -6.566062e-07 -6.215692e-08 -2.664570e-06 3.834462e-05 -6.008164e-04 -4.336816e-05 -1.430951e-05
10379.600000 -2.823023e-05 -6.609140e-07 -6.252547e-08 -2.636263e-06 3.979894e-05 -5.863770e-04 -3.978282e-05 -9.224620e-06
10379.800000 -2.822596e-05 -6.619615e-07 -6.273038e-08 -2.607597e-06 4.385976e-05 -5.935149e-04 -4.710450e-05 -1.127420e-05
10380.000000 -2.821672e-05 -6.655149e-07 -6.273595e-08 -2.577181e-06 4.877094e-05 -5.969915e-04 -4.912132e-05 -1.297773e-05
10380.200000 -2.821982e-05 -6.680591e-07 -6.280785e-08 -2.550486e-06 5.028465e-05 -6.042935e-04 -3.743992e-05 -9.203353e-06
10380.400000 -2.823561e-05 -6.715735e-07 -6.338359e-08 -2.524982e-06 4.324446e-05 -6.070627e-04 -3.699124e-05 -1.624229e-05
10380.600000 -2.821722e-05 -6.745366e-07 -6.364253e-08 -2.493311e-06 4.566516e-05 -5.828605e-04 -5.097504e-05 -2.457283e-05
10380.800000 -2.819839e-05 -6.735258e-07 -6.371111e-08 -2.464491e-06 3.850055e-05 -5.851250e-04 -3.977788e-05 -2.133841e-05
10381.000000 -2.822079e-05 -6.809463e-07 -6.452053e-08 -2.440910e-06 3.601835e-05 -5.956508e-04 -2.471117e-05 -1.041890e-05
10381.200000 -2.820543e-05 -6.809645e-07 -6.458222e-08 -2.411574e-06 3.994981e-05 -6.199660e-04 -1.733542e-05 -1.274936e-05
10381.400000 -2.819586e-05 -6.841200e-07 -6.471775e-08 -2.382746e-06 4.250530e-05 -5.894378e-04 -3.688060e-05 -1.605362e-05
10381.600000 -2.823780e-05 -6.924145e-07 -6.534385e-08 -2.363904e-06 4.387701e-05 -5.963436e-04 -3.442305e-05 -9.371206e-06
10381.800000 -2.822004e-05 -6.925647e-07 -6.533601e-08 -2.340094e-06 4.602012e-05 -6.212418e-04 -4.392011e-05 -1.557526e-05
10382.000000 -2.824127e-05 -6.981440e-07 -6.568525e-08 -2.317899e-06 3.954685e-05 -6.070754e-04 -3.911364e-05 -2.018965e-05
10382.200000 -2.822814e-05 -6.996624e-07 -6.589623e-08 -2.293507e-06 3.550086e-05 -6.084633e-04 -3.456397e-05 -1.247767e-05
10382.400000 -2.822590e-05 -7.032377e-07 -6.637010e-08 -2.270653e-06 3.926327e-05 -6.113254e-04 -3.408193e-05 -1.267135e-05
10382.600000 -2.823029e-05 -7.059289e-07 -6.679589e-08 -2.249333e-06 4.004818e-05 -6.195120e-04 -3.713944e-05 -1.568945e-05
10382.800000 -2.821323e-05 -7.063890e-07 -6.696048e-08 -2.227914e-06 4.402461e-05 -6.206107e-04 -3.510161e-05 -1.961024e-05
10383.000000 -2.822807e-05 -7.127111e-07 -6.751426e-08 -2.210341e-06 4.994810e-05 -6.029176e-04 -3.445264e-05 -2.170878e-05
10383.200000 -2.821254e-05 -7.113750e-07 -6.753730e-08 -2.191269e-06 4.635609e-05 -5.913288e-04 -4.358018e-05 -2.527969e-05
10383.400000 -2.820511e-05 -7.143906e-07 -6.772006e-08 -2.173750e-06 4.861078e-05 -6.060535e-04 -3.926893e-05 -1.833177e-05
10383.600000 -2.822495e-05 -7.169694e-07 -6.811185e-08 -2.161892e-06 4.551694e-05 -6.049983e-04 -3.342107e-05 -1.034189e-05
10383.800000 -2.822652e-05 -7.190625e-07 -6.847289e-08 -2.148670e-06 4.299742e-05 -5.759446e-04 -3.002791e-05 -1.276984e-05
10384.000000 -2.823063e-05 -7.213122e-07 -6.853426e-08 -2.135009e-06 3.476972e-05 -5.855868e-04 -3.719032e-05 -1.171464e-05
10384.200000 -2.820101e-05 -7.196507e-07 -6.838622e-08 -2.118691e-06 4.678332e-05 -5.716656e-04 -3.381470e-05 -9.178850e-06
10384.400000 -2.815835e-05 -7.171163e-07 -6.800554e-08 -2.102632e-06 4.741119e-05 -5.868611e-04 -2.677169e-05 -1.278712e-05
10384.600000 -2.811428e-05 -7.125413e-07 -6.732062e-08 -2.086258e-06 4.557668e-05 -5.662436e-04 -3.912835e-05 -1.404330e-05
10384.800000 -2.814952e-05 -7.185410e-07 -6.789160e-08 -2.085465e-06 4.192579e-05 -5.792357e-04 -4.437972e-05 -1.380511e-05
10385.000000 -2.820391e-05 -7.236051e-07 -6.852241e-08 -2.088213e-06 4.854549e-05 -5.757327e-04 -4.333454e-05 -1.640893e-05
10385.200000 -2.823026e-05 -7.266251e-07 -6.856355e-08 -2.086961e-06 4.630642e-05 -5.755934e-04 -2.642877e-05 -1.078306e-05
10385.400000 -2.823556e-05 -7.286216e-07 -6.867521e-08 -2.081979e-06 4.248312e-05 -5.774506e-04 -3.837314e-05 -1.036672e-05
10385.600000 -2.822328e-05 -7.274356e-07 -6.846921e-08 -2.074106e-06 4.390389e-05 -5.670265e-04 -5.159601e-05 -3.500721e-06
10385.800000 -2.820965e-05 -7.278055e-07 -6.842041e-08 -2.069283e-06 5.108876e-05 -5.606700e-04 -4.950270e-05 -7.179827e-06
10386.000000 -2.821540e-05 -7.280266e-07 -6.827936e-08 -2.064243e-06 5.604918e-05 -5.794191e-04 -4.437142e-05 -9.108446e-06
10386.200000 -2.821881e-05 -7.297101e-07 -6.850357e-08 -2.062288e-06 5.281921e-05 -5.887850e-04 -3.044387e-05 -8.185421e-06
10386.400000 -2.821666e-05 -7.298552e-07 -6.858409e-08 -2.059155e-06 4.807299e-05 -6.090310e-04 -2.994364e-05 -9.844298e-06
10386.600000 -2.819969e-05 -7.290017e-07 -6.831407e-08 -2.055105e-06 3.783769e-05 -6.081012e-04 -3.699574e-05 -2.060285e-05
10386.800000 -2.818676e-05 -7.277680e-07 -6.828353e-08 -2.049320e-06 3.726351e-05 -5.976964e-04 -4.223378e-05 -2.231780e-05
10387.000000 -2.816785e-05 -7.257890e-07 -6.817013e-08 -2.046334e-06 3.351215e-05 -6.013456e-04 -2.916728e-05 -1.098933e-05
10387.200000 -2.818991e-05 -7.282480e-07 -6.840401e-08 -2.047594e-06 2.892523e-05 -5.999930e-04 -4.361566e-05 -1.977807e-05
10387.400000 -2.820844e-05 -7.297682e-07 -6.842516e-08 -2.050357e-06 2.465503e-05 -5.877005e-04 -4.134436e-05 -1.188663e-05
10387.600000 -2.820846e-05 -7.309433e-07 -6.854802e-08 -2.050987e-06 1.623067e-05 -6.010599e-04 -4.767360e-05 -8.109848e-06
10387.800000 -2.819312e-05 -7.282098e-07 -6.816673e-08 -2.049470e-06 3.191007e-05 -5.911553e-04 -3.265998e-05 -7.220486e-06
10388.000000 -2.819169e-05 -7.291195e-07 -6.811693e-08 -2.050378e-06 3.894666e-05 -6.116906e-04 -4.515671e-05 -1.568707e-05
10388.200000 -2.818904e-05 -7.270812e-07 -6.801060e-08 -2.048336e-06 3.263913e-05 -6.167023e-04 -6.024370e-05 -1.685012e-05
10388.400000 -2.818328e-05 -7.292967e-07 -6.822818e-08 -2.050794e-06 3.052435e-05 -6.067449e-04 -6.445900e-05 -2.661013e-05
10388.600000 -2.816906e-05 -7.264499e-07 -6.794334e-08 -2.049447e-06 3.160345e-05 -5.838733e-04 -6.134897e-05 -2.786239e-05
10388.800000 -2.812631e-05 -7.239084e-07 -6.748875e-08 -2.044272e-06 2.573157e-05 -6.001961e-04 -5.997735e-05 -2.850870e-05
10389.000000 -2.810047e-05 -7.205095e-07 -6.721185e-08 -2.042925e-06 3.712996e-05 -5.827656e-04 -5.153365e-05 -2.158119e-05
10389.200000 -2.811292e-05 -7.219096e-07 -6.715171e-08 -2.047253e-06 4.646223e-05 -5.571276e-04 -6.338536e-05 -2.610579e-05
10389.400000 -2.809156e-05 -7.200871e-07 -6.683863e-08 -2.045937e-06 3.924657e-05 -5.686419e-04 -6.061880e-05 -2.899914e-05
10389.600000 -2.810348e-05 -7.192940e-07 -6.668747e-08 -2.049773e-06 4.087784e-05 -5.657899e-04 -6.638261e-05 -2.982595e-05
10389.800000 -2.812732e-05 -7.219059e-07 -6.695834e-08 -2.057384e-06 4.173618e-05 -5.518407e-04 -4.941532e-05 -1.604743e-05
10390.000000 -2.816993e-05 -7.248969e-07 -6.708418e-08 -2.067467e-06 3.946005e-05 -5.555471e-04 -5.761373e-05 -1.528997e-05
10390.200000 -2.818126e-05 -7.257160e-07 -6.701258e-08 -2.072023e-06 3.475827e-05 -5.560228e-04 -5.742648e-05 -1.964240e-05
10390.400000 -2.817327e-05 -7.262602e-07 -6.702833e-08 -2.074116e-06 3.322503e-05 -5.247616e-04 -5.414154e-05 -2.437168e-05
10390.600000 -2.813244e-05 -7.215399e-07 -6.654710e-08 -2.069637e-06 4.122249e-05 -5.254635e-04 -4.440449e-05 -1.567589e-05
10390.800000 -2.812277e-05 -7.215447e-07 -6.658971e-08 -2.070281e-06 3.551389e-05 -5.366993e-04 -5.414108e-05 -2.369072e-05
10391.000000 -2.813563e-05 -7.217432e-07 -6.655716e-08 -2.075617e-06 3.598359e-05 -5.326341e-04 -4.682094e-05 -2.809400e-05
10391.200000 -2.813841e-05 -7.217608e-07 -6.669309e-08 -2.079957e-06 3.661814e-05 -5.229929e-04 -4.377821e-05 -2.865728e-05
10391.400000 -2.815690e-05 -7.231836e-07 -6.659876e-08 -2.085700e-06 3.233107e-05 -5.650855e-04 -3.887832e-05 -2.637341e-05
10391.600000 -2.816352e-05 -7.240139e-07 -6.673696e-08 -2.088622e-06 3.251410e-05 -6.087466e-04 -4.256998e-05 -2.846268e-05
10391.800000 -2.816986e-05 -7.235915e-07 -6.663574e-08 -2.093636e-06 2.927453e-05 -5.683124e-04 -4.721697e-05 -3.613679e-05
10392.000000 -2.818335e-05 -7.246008e-07 -6.669528e-08 -2.097200e-06 4.597551e-05 -5.678758e-04 -5.395076e-05 -3.595013e-05
10392.200000 -2.817744e-05 -7.240186e-07 -6.676131e-08 -2.097916e-06 5.255154e-05 -5.447042e-04 -4.284735e-05 -2.569033e-05
10392.400000 -2.815830e-05 -7.223819e-07 -6.638653e-08 -2.099293e-06 4.702421e-05 -5.733638e-04 -3.654333e-05 -3.600155e-05
10392.600000 -2.816188e-05 -7.238036e-07 -6.628633e-08 -2.101514e-06 4.415367e-05 -5.852703e-04 -3.090217e-05 -3.075282e-05
10392.800000 -2.814217e-05 -7.220371e-07 -6.591019e-08 -2.100282e-06 3.494160e-05 -5.925354e-04 -4.497101e-05 -3.043773e-05
10393.000000 -2.814936e-05 -7.231460e-07 -6.579577e-08 -2.103730e-06 2.756147e-05 -5.560108e-04 -5.293387e-05 -3.034866e-05
10393.200000 -2.814660e-05 -7.225654e-07 -6.560410e-08 -2.104661e-06 3.697150e-05 -5.543862e-04 -5.419921e-05 -3.006155e-05
10393.400000 -2.814823e-05 -7.218782e-07 -6.530294e-08 -2.104607e-06 2.872080e-05 -5.512707e-04 -6.086230e-05 -3.212182e-05
10393.600000 -2.814261e-05 -7.221366e-07 -6.538508e-08 -2.106761e-06 3.016199e-05 -5.611645e-04 -5.885559e-05 -2.928175e-05
10393.800000 -2.815596e-05 -7.227254e-07 -6.550475e-08 -2.108393e-06 3.712116e-05 -5.435218e-04 -4.203859e-05 -1.562973e-05
10394.000000 -2.814889e-05 -7.227796e-07 -6.533122e-08 -2.107926e-06 3.801582e-05 -5.630943e-04 -4.097650e-05 -1.691437e-05
10394.200000 -2.813667e-05 -7.219207e-07 -6.511277e-08 -2.106283e-06 4.172879e-05 -6.028980e-04 -4.909768e-05 -2.655509e-05
10394.400000 -2.813895e-05 -7.215171e-07 -6.497996e-08 -2.107987e-06 5.129232e-05 -5.851594e-04 -5.396854e-05 -2.105855e-05
10394.600000 -2.813039e-05 -7.217913e-07 -6.502478e-08 -2.107118e-06 4.728988e-05 -5.601749e-04 -5.088053e-05 -2.531669e-05
10394.800000 -2.813236e-05 -7.216524e-07 -6.515960e-08 -2.106287e-06 4.616213e-05 -5.360836e-04 -2.296162e-05 -2.617908e-05
10395.000000 -2.813030e-05 -7.224267e-07 -6.501459e-08 -2.108254e-06 5.137868e-05 -5.518516e-04 -2.984896e-05 -3.796541e-05
10395.200000 -2.812450e-05 -7.222430e-07 -6.499686e-08 -2.105689e-06 5.119509e-05 -5.689822e-04 -4.318193e-05 -3.629448e-05
10395.400000 -2.812743e-05 -7.228852e-07 -6.476605e-08 -2.105480e-06 4.885422e-05 -5.608540e-04 -4.194182e-05 -2.694798e-05
10395.600000 -2.812060e-05 -7.221148e-07 -6.435367e-08 -2.102613e-06 4.493071e-05 -5.575943e-04 -2.315409e-05 -2.381776e-05
10395.800000 -2.811860e-05 -7.229152e-07 -6.451678e-08 -2.100257e-06 4.209777e-05 -5.512890e-04 -3.634221e-05 -3.339561e-05
10396.000000 -2.812663e-05 -7.234099e-07 -6.454803e-08 -2.098970e-06 4.370752e-05 -5.528480e-04 -3.200334e-05 -3.174403e-05
10396.200000 -2.812814e-05 -7.230371e-07 -6.452101e-08 -2.095035e-06 4.621942e-05 -5.572293e-04 -3.021889e-05 -2.504778e-05
10396.400000 -2.811489e-05 -7.236543e-07 -6.444585e-08 -2.089851e-06 4.916133e-05 -5.527072e-04 -4.549584e-05 -3.196689e-05
10396.600000 -2.810259e-05 -7.240966e-07 -6.435545e-08 -2.085622e-06 4.486582e-05 -5.643046e-04 -3.911425e-05 -3.067449e-05
10396.800000 -2.811715e-05 -7.254099e-07 -6.433086e-08 -2.083260e-06 3.884526e-05 -5.874494e-04 -3.776244e-05 -3.401718e-05
10397.000000 -2.811318e-05 -7.261238e-07 -6.432781e-08 -2.080209e-06 3.697481e-05 -5.674345e-04 -5.132223e-05 -3.762509e-05
10397.227860 -2.810960e-05 -7.269244e-07 -6.443655e-08 -2.074327e-06 4.211971e-05 -5.473480e-04 -4.545866e-05 -2.718711e-05
10397.483581 -2.811323e-05 -7.279096e-07 -6.439410e-08 -2.066714e-06 3.594987e-05 -5.756727e-04 -5.364518e-05 -3.636819e-05
10397.767162 -2.809334e-05 -7.274020e-07 -6.431490e-08 -2.055874e-06 3.123048e-05 -5.685897e-04 -5.138733e-05 -4.565038e-05
10398.078604 -2.807016e-05 -7.267124e-07 -6.431007e-08 -2.042494e-06 3.336466e-05 -5.564120e-04 -3.908251e-05 -4.135604e-05
10398.417905 -2.804831e-05 -7.260871e-07 -6.423487e-08 -2.025681e-06 3.590770e-05 -5.638102e-04 -2.821895e-05 -3.530313e-05
10398.785067 -2.805486e-05 -7.288856e-07 -6.455163e-08 -2.015233e-06 3.957688e-05 -5.477647e-04 -2.830954e-05 -3.787056e-05
10399.180090 -2.806970e-05 -7.315538e-07 -6.483860e-08 -2.005622e-06 3.756019e-05 -5.512110e-04 -4.162994e-05 -4.756568e-05
10399.602973 -2.810481e-05 -7.362164e-07 -6.510001e-08 -1.998555e-06 4.058320e-05 -5.663227e-04 -4.866472e-05 -4.095809e-05
10400.053716 -2.808724e-05 -7.373097e-07 -6.510234e-08 -1.982601e-06 4.586865e-05 -5.584948e-04 -4.065091e-05 -4.254926e-05
10400.532319 -2.809480e-05 -7.404377e-07 -6.510369e-08 -1.970150e-06 2.916485e-05 -5.593345e-04 -4.650956e-05 -4.854437e-05
10401.038783 -2.807516e-05 -7.405956e-07 -6.485436e-08 -1.952600e-06 2.981101e-05 -5.367939e-04 -4.405066e-05 -4.352281e-05
10401.573107 -2.804131e-05 -7.394786e-07 -6.490147e-08 -1.934854e-06 3.018842e-05 -5.504641e-04 -3.214958e-05 -2.506420e-05
10402.135292 -2.803165e-05 -7.395194e-07 -6.509381e-08 -1.923684e-06 3.923350e-05 -5.669895e-04 -4.009529e-05 -2.605379e-05
10402.725337 -2.798429e-05 -7.368965e-07 -6.487121e-08 -1.908862e-06 3.847048e-05 -5.853985e-04 -3.651574e-05 -2.410786e-05
10403.343242 -2.804167e-05 -7.442521e-07 -6.561852e-08 -1.915102e-06 3.802426e-05 -5.996329e-04 -4.695207e-05 -2.408893e-05
10403.989008 -2.803699e-05 -7.449135e-07 -6.574840e-08 -1.914614e-06 3.975805e-05 -6.087110e-04 -5.180640e-05 -2.800200e-05
10404.662634 -2.803851e-05 -7.458095e-07 -6.612831e-08 -1.916992e-06 4.210261e-05 -5.734330e-04 -4.896935e-05 -2.236285e-05
10405.364120 -2.798672e-05 -7.412695e-07 -6.593924e-08 -1.914215e-06 3.545992e-05 -5.662356e-04 -3.939221e-05 -1.753063e-05
10406.093467 -2.800040e-05 -7.424919e-07 -6.653793e-08 -1.923141e-06 3.285649e-05 -5.802910e-04 -3.768508e-05 -2.566709e-05
10406.850674 -2.800231e-05 -7.426769e-07 -6.707696e-08 -1.932242e-06 4.238284e-05 -5.919974e-04 -4.570658e-05 -2.076385e-05
10407.635741 -2.800661e-05 -7.426327e-07 -6.791185e-08 -1.943040e-06 4.126239e-05 -5.941182e-04 -4.798856e-05 -1.722159e-05
10408.448669 -2.800171e-05 -7.415632e-07 -6.836963e-08 -1.952815e-06 2.917806e-05 -5.810925e-04 -5.507443e-05 -2.128312e-05
10409.289457 -2.798287e-05 -7.393210e-07 -6.861487e-08 -1.961296e-06 1.984112e-05 -5.631209e-04 -5.795532e-05 -2.750193e-05
10410.158106 -2.798486e-05 -7.381111e-07 -6.894725e-08 -1.974346e-06 2.699082e-05 -5.526345e-04 -5.735234e-05 -2.442083e-05
10411.054614 -2.798395e-05 -7.364482e-07 -6.935854e-08 -1.988881e-06 3.042012e-05 -5.319859e-04 -5.350813e-05 -1.520894e-05
10411.978983 -2.794221e-05 -7.309716e-07 -6.958098e-08 -2.000109e-06 4.220395e-05 -5.057259e-04 -5.979527e-05 -1.848530e-05
10412.931213 -2.785609e-05 -7.208091e-07 -6.921689e-08 -2.006730e-06 3.902345e-05 -5.257203e-04 -4.963747e-05 -2.129754e-05
10413.911303 -2.791718e-05 -7.234198e-07 -7.013941e-08 -2.041760e-06 2.469873e-05 -5.483226e-04 -5.267008e-05 -2.399847e-05
10414.919253 -2.792029e-05 -7.208224e-07 -7.028422e-08 -2.068102e-06 2.095568e-05 -5.521123e-04 -5.964254e-05 -2.939656e-05
10415.955064 -2.792557e-05 -7.192660e-07 -7.033851e-08 -2.094574e-06 2.202921e-05 -5.605266e-04 -5.730215e-05 -2.710711e-05
10417.018734 -2.791412e-05 -7.165853e-07 -7.042479e-08 -2.115221e-06 2.278595e-05 -5.721218e-04 -5.819062e-05 -2.205212e-05
10418.110266 -2.788562e-05 -7.127676e-07 -7.023940e-08 -2.129968e-06 2.488562e-05 -6.070361e-04 -5.817026e-05 -1.740797e-05
10419.232723 -2.788295e-05 -7.112164e-07 -7.023541e-08 -2.147091e-06 2.387418e-05 -5.773013e-04 -5.027283e-05 -1.610114e-05
10420.367373 -2.785108e-05 -7.073435e-07 -6.974210e-08 -2.158635e-06 3.391066e-05 -5.742527e-04 -3.695448e-05 -2.020989e-05
10421.514214 -2.781226e-05 -7.030971e-07 -6.911543e-08 -2.167253e-06 2.980864e-05 -5.754666e-04 -4.589673e-05 -1.650396e-05
10422.673248 -2.777418e-05 -6.991065e-07 -6.871742e-08 -2.172658e-06 3.550736e-05 -5.686549e-04 -3.825964e-05 -7.710034e-06
10423.844473 -2.774227e-05 -6.963362e-07 -6.831981e-08 -2.178021e-06 3.789204e-05 -5.351359e-04 -4.371979e-05 -1.486945e-05
10425.027890 -2.776049e-05 -6.989266e-07 -6.869302e-08 -2.188248e-06 4.585787e-05 -5.478615e-04 -5.057071e-05 -1.646433e-05
10426.223499 -2.770299e-05 -6.934701e-07 -6.819024e-08 -2.184302e-06 4.994182e-05 -5.477109e-04 -5.099052e-05 -1.599705e-05
10427.431300 -2.767873e-05 -6.922187e-07 -6.783672e-08 -2.185693e-06 5.611665e-05 -5.441831e-04 -4.540403e-05 -1.119896e-05
10428.651293 -2.768397e-05 -6.934563e-07 -6.759838e-08 -2.191058e-06 4.367699e-05 -5.407497e-04 -6.340827e-05 -1.843397e-05
10429.883478 -2.773754e-05 -7.001679e-07 -6.828220e-08 -2.204229e-06 4.139106e-05 -5.300802e-04 -5.338387e-05 -8.258726e-06
10431.127855 -2.773242e-05 -7.010712e-07 -6.851195e-08 -2.204150e-06 3.825230e-05 -5.068080e-04 -6.052461e-05 -1.429725e-05
10432.384423 -2.772400e-05 -7.009890e-07 -6.863297e-08 -2.202554e-06 4.153924e-05 -5.303115e-04 -5.373062e-05 -1.353087e-05
10433.653184 -2.774789e-05 -7.057415e-07 -6.915557e-08 -2.205476e-06 3.645396e-05 -5.412276e-04 -6.302992e-05 -1.668374e-05
10434.934136 -2.773096e-05 -7.063687e-07 -6.898684e-08 -2.199075e-06 3.089485e-05 -5.484772e-04 -5.186878e-05 -2.020403e-05
10436.227280 -2.767494e-05 -7.030470e-07 -6.849460e-08 -2.186282e-06 2.625859e-05 -5.660694e-04 -5.116868e-05 -8.211471e-06
10437.532617 -2.764056e-05 -7.023245e-07 -6.849900e-08 -2.178031e-06 2.056529e-05 -5.648634e-04 -6.574229e-05 -1.285625e-05
10438.850145 -2.765375e-05 -7.054601e-07 -6.888308e-08 -2.177292e-06 2.461802e-05 -5.632756e-04 -6.993180e-05 -1.641763e-05
10440.179865 -2.763254e-05 -7.054659e-07 -6.886123e-08 -2.169267e-06 2.903629e-05 -5.542912e-04 -6.644282e-05 -2.024862e-05
10441.521777 -2.758312e-05 -7.024126e-07 -6.814517e-08 -2.156474e-06 2.784431e-05 -5.388060e-04 -6.761400e-05 -2.106425e-05
10442.875881 -2.757765e-05 -7.040928e-07 -6.803043e-08 -2.152027e-06 3.340598e-05 -5.432735e-04 -6.077547e-05 -1.917972e-05
10444.242177 -2.755144e-05 -7.035897e-07 -6.788828e-08 -2.143596e-06 4.190974e-05 -5.579568e-04 -6.057693e-05 -1.661778e-05
10445.620664 -2.757560e-05 -7.082800e-07 -6.833418e-08 -2.147534e-06 4.723663e-05 -5.462316e-04 -5.623071e-05 -7.732193e-06
10447.011344 -2.756684e-05 -7.097888e-07 -6.824913e-08 -2.144914e-06 4.785155e-05 -5.536023e-04 -5.978776e-05 -9.154682e-06
10448.414215 -2.743600e-05 -6.983948e-07 -6.705133e-08 -2.121323e-06 3.639291e-05 -5.523917e-04 -5.928604e-05 -5.167390e-06
10449.829279 -2.743680e-05 -7.010306e-07 -6.706155e-08 -2.119457e-06 2.946377e-05 -5.590710e-04 -6.099494e-05 -1.076089e-05
10451.256534 -2.750437e-05 -7.100290e-07 -6.783651e-08 -2.130459e-06 2.820664e-05 -6.045913e-04 -5.239007e-05 -1.163654e-05
10452.695981 -2.750634e-05 -7.131618e-07 -6.796049e-08 -2.128705e-06 2.290541e-05 -5.989608e-04 -5.097163e-05 -1.118357e-05
10454.147620 -2.740570e-05 -7.054962e-07 -6.742304e-08 -2.110448e-06 2.092328e-05 -5.795540e-04 -5.608526e-05 -1.147795e-05
10455.611452 -2.740871e-05 -7.076131e-07 -6.801069e-08 -2.108546e-06 3.324690e-05 -5.660977e-04 -4.817928e-05 -1.587324e-05
10457.087475 -2.738141e-05 -7.066935e-07 -6.799907e-08 -2.103872e-06 4.125181e-05 -5.431724e-04 -4.892371e-05 -1.805568e-05
10458.575689 -2.739030e-05 -7.094379e-07 -6.807676e-08 -2.105479e-06 3.590654e-05 -5.486615e-04 -4.283372e-05 -1.911355e-05
10460.076096 -2.742818e-05 -7.155045e-07 -6.865961e-08 -2.112612e-06 4.040571e-05 -5.445612e-04 -4.576624e-05 -1.713416e-05
10461.588695 -2.743109e-05 -7.187106e-07 -6.888674e-08 -2.114165e-06 3.809641e-05 -5.392182e-04 -3.868944e-05 -8.140448e-06
10463.113485 -2.742429e-05 -7.201288e-07 -6.878937e-08 -2.112928e-06 3.752238e-05 -5.388121e-04 -5.027066e-05 -6.167496e-06
10464.650468 -2.739781e-05 -7.198291e-07 -6.858993e-08 -2.108630e-06 3.842069e-05 -5.862028e-04 -5.508466e-05 -1.342446e-05
10466.199642 -2.736266e-05 -7.197951e-07 -6.825533e-08 -2.103902e-06 4.089064e-05 -6.102049e-04 -4.898658e-05 -1.412971e-05
10467.761009 -2.735318e-05 -7.196366e-07 -6.833452e-08 -2.104156e-06 3.654544e-05 -6.144911e-04 -4.333583e-05 -1.747741e-05
10469.334567 -2.733493e-05 -7.198155e-07 -6.834148e-08 -2.102924e-06 3.221095e-05 -5.947225e-04 -3.855380e-05 -1.781595e-05
10470.920317 -2.730926e-05 -7.186695e-07 -6.839044e-08 -2.100524e-06 2.691821e-05 -5.650800e-04 -3.710135e-05 -2.612932e-05
10472.518259 -2.726989e-05 -7.160519e-07 -6.824092e-08 -2.096430e-06 1.797361e-05 -5.753276e-04 -4.230381e-05 -2.267727e-05
10474.128393 -2.726717e-05 -7.186691e-07 -6.851013e-08 -2.098893e-06 1.719549e-05 -5.642873e-04 -4.050902e-05 -2.558960e-05
10475.750719 -2.724029e-05 -7.177420e-07 -6.845926e-08 -2.098860e-06 2.324964e-05 -5.826886e-04 -4.298114e-05 -2.528122e-05
10477.385237 -2.724825e-05 -7.199547e-07 -6.877525e-08 -2.104244e-06 2.416227e-05 -5.881176e-04 -3.944376e-05 -1.769360e-05
10479.031946 -2.726031e-05 -7.232980e-07 -6.918079e-08 -2.111118e-06 2.319655e-05 -5.945055e-04 -4.330816e-05 -1.563857e-05
10480.690848 -2.721687e-05 -7.215231e-07 -6.916203e-08 -2.108616e-06 1.911569e-05 -5.983190e-04 -4.833701e-05 -2.479043e-05
10482.361942 -2.717867e-05 -7.196579e-07 -6.927911e-08 -2.105940e-06 2.568386e-05 -5.943717e-04 -4.724193e-05 -1.751180e-05
10484.045227 -2.715186e-05 -7.211809e-07 -6.981183e-08 -2.106512e-06 3.145418e-05 -5.889929e-04 -5.088391e-05 -1.725353e-05
10485.740704 -2.711045e-05 -7.172251e-07 -6.980224e-08 -2.101773e-06 2.357341e-05 -5.886866e-04 -4.873849e-05 -1.896633e-05
10487.448374 -2.712614e-05 -7.206826e-07 -7.061904e-08 -2.107640e-06 2.127459e-05 -6.006174e-04 -5.089017e-05 -2.178834e-05
10489.168235 -2.712600e-05 -7.221786e-07 -7.103406e-08 -2.111563e-06 2.318687e-05 -5.781477e-04 -4.657712e-05 -2.161718e-05
10490.900288 -2.708510e-05 -7.190840e-07 -7.100814e-08 -2.109073e-06 3.043947e-05 -5.578920e-04 -3.941957e-05 -1.081845e-05
10492.644533 -2.706603e-05 -7.192484e-07 -7.143175e-08 -2.110691e-06 3.530674e-05 -5.620403e-04 -4.862134e-05 -1.453282e-05
10494.400970 -2.704330e-05 -7.189747e-07 -7.162628e-08 -2.113602e-06 4.160078e-05 -5.654564e-04 -5.413602e-05 -2.093124e-05
10496.169598 -2.702795e-05 -7.193843e-07 -7.194785e-08 -2.117776e-06 4.554596e-05 -5.701279e-04 -4.331460e-05 -1.387586e-05
10497.950419 -2.700717e-05 -7.177100e-07 -7.208493e-08 -2.122443e-06 4.545781e-05 -5.821787e-04 -4.037873e-05 -1.460093e-05
10499.743432 -2.697133e-05 -7.162871e-07 -7.215823e-08 -2.127230e-06 4.650710e-05 -5.786824e-04 -4.299028e-05 -1.432943e-05
10501.548636 -2.695693e-05 -7.158242e-07 -7.234373e-08 -2.135342e-06 3.670105e-05 -5.714776e-04 -4.539151e-05 -2.213607e-05
10503.366032 -2.691155e-05 -7.141987e-07 -7.227738e-08 -2.138592e-06 3.502173e-05 -5.862144e-04 -4.802797e-05 -2.049645e-05
10505.195621 -2.686170e-05 -7.110333e-07 -7.188781e-08 -2.138673e-06 3.990441e-05 -5.701475e-04 -5.313726e-05 -2.650615e-05
10507.037401 -2.680528e-05 -7.062847e-07 -7.109548e-08 -2.134965e-06 3.428614e-05 -5.615392e-04 -4.965112e-05 -3.299511e-05
10508.891373 -2.677887e-05 -7.053573e-07 -7.093837e-08 -2.135560e-06 3.041569e-05 -5.405552e-04 -5.602569e-05 -2.681931e-05
10510.757537 -2.673474e-05 -7.044086e-07 -7.070054e-08 -2.134678e-06 3.903393e-05 -5.633310e-04 -5.239473e-05 -2.168191e-05
10512.635893 -2.668113e-05 -7.044288e-07 -7.064461e-08 -2.133120e-06 3.448981e-05 -5.638581e-04 -5.380460e-05 -2.256123e-05
10514.526441 -2.667677e-05 -7.082409e-07 -7.108006e-08 -2.139432e-06 3.514187e-05 -5.705327e-04 -4.889520e-05 -1.913845e-05
10516.429181 -2.672198e-05 -7.130961e-07 -7.163157e-08 -2.149663e-06 3.597665e-05 -5.793002e-04 -4.671486e-05 -2.349219e-05
10518.344112 -2.669394e-05 -7.132556e-07 -7.151114e-08 -2.149218e-06 4.153300e-05 -5.458032e-04 -3.886006e-05 -2.523872e-05
10520.271236 -2.657785e-05 -7.108828e-07 -7.138878e-08 -2.140311e-06 3.608041e-05 -5.696681e-04 -3.984073e-05 -2.162195e-05
10522.210552 -2.663790e-05 -7.128695e-07 -7.136722e-08 -2.146206e-06 3.940372e-05 -5.912526e-04 -4.127229e-05 -1.702898e-05
10524.162059 -2.658716e-05 -7.097175e-07 -7.068222e-08 -2.140305e-06 4.120725e-05 -5.725735e-04 -4.077135e-05 -1.747915e-05
10526.125758 -2.649326e-05 -7.087236e-07 -7.035441e-08 -2.132251e-06 3.726340e-05 -5.781491e-04 -3.985499e-05 -1.893278e-05
10528.101649 -2.643701e-05 -7.105889e-07 -7.022670e-08 -2.127036e-06 3.358059e-05 -5.671786e-04 -4.265459e-05 -2.200693e-05
10530.089733 -2.642820e-05 -7.115871e-07 -7.033247e-08 -2.124643e-06 2.089419e-05 -5.836345e-04 -3.453569e-05 -3.674953e-05
10532.090008 -2.648076e-05 -7.125719e-07 -7.026356e-08 -2.125908e-06 1.397110e-05 -5.931715e-04 -4.101802e-05 -4.668283e-05
10534.102475 -2.644259e-05 -7.134965e-07 -7.022403e-08 -2.118393e-06 2.455369e-05 -5.879285e-04 -4.324337e-05 -3.749625e-05
10536.127133 -2.640529e-05 -7.145092e-07 -7.011064e-08 -2.113794e-06 1.935576e-05 -5.558842e-04 -5.490132e-05 -4.834965e-05
10538.163984 -2.644018e-05 -7.183264e-07 -7.044540e-08 -2.118608e-06 2.809608e-05 -5.711380e-04 -6.154551e-05 -4.374513e-05
10540.213027 -2.639826e-05 -7.162791e-07 -7.025936e-08 -2.110166e-06 2.326316e-05 -5.993790e-04 -6.536556e-05 -3.290853e-05
10542.274261 -2.634735e-05 -7.142373e-07 -7.039815e-08 -2.102943e-06 1.819810e-05 -5.756279e-04 -6.542017e-05 -3.055320e-05
10544.347688 -2.630321e-05 -7.130388e-07 -7.046194e-08 -2.099453e-06 3.112923e-05 -6.059916e-04 -6.378830e-05 -2.762182e-05
10546.433306 -2.617910e-05 -7.033010e-07 -6.962612e-08 -2.080736e-06 3.497758e-05 -6.092365e-04 -6.194519e-05 -3.527418e-05
10548.531117 -2.619866e-05 -7.081417e-07 -7.024268e-08 -2.089159e-06 2.671455e-05 -6.320226e-04 -5.963363e-05 -2.750539e-05
10550.641119 -2.622617e-05 -7.151377e-07 -7.125798e-08 -2.099691e-06 3.144944e-05 -6.496829e-04 -5.763594e-05 -3.259931e-05
10552.763313 -2.619132e-05 -7.183024e-07 -7.209978e-08 -2.101873e-06 3.014398e-05 -6.525086e-04 -5.882868e-05 -3.760069e-05
10554.897699 -2.612238e-05 -7.138223e-07 -7.176575e-08 -2.096214e-06 3.383220e-05 -6.483387e-04 -6.210420e-05 -4.213500e-05
10557.044277 -2.610016e-05 -7.136442e-07 -7.187216e-08 -2.095127e-06 2.869874e-05 -6.287392e-04 -6.445654e-05 -4.132861e-05
10559.203047 -2.608633e-05 -7.148657e-07 -7.225034e-08 -2.098851e-06 3.235744e-05 -6.172278e-04 -5.838986e-05 -3.700881e-05
10561.374008 -2.603513e-05 -7.124950e-07 -7.210435e-08 -2.095925e-06 2.493744e-05 -6.229770e-04 -6.479589e-05 -3.065786e-05
10563.557162 -2.601364e-05 -7.138989e-07 -7.254217e-08 -2.098210e-06 2.917738e-05 -5.799343e-04 -6.284807e-05 -2.357845e-05
10565.752508 -2.601835e-05 -7.172974e-07 -7.313094e-08 -2.103673e-06 2.713847e-05 -5.938060e-04 -6.279924e-05 -2.436710e-05
10567.960045 -2.597659e-05 -7.173886e-07 -7.333552e-08 -2.104481e-06 2.250601e-05 -6.133678e-04 -5.596815e-05 -2.246882e-05
10570.179775 -2.594942e-05 -7.194338e-07 -7.369212e-08 -2.106803e-06 2.865120e-05 -5.751306e-04 -5.520544e-05 -2.963034e-05
10572.411696 -2.591150e-05 -7.190204e-07 -7.368420e-08 -2.105961e-06 2.858883e-05 -5.452364e-04 -4.726670e-05 -2.562247e-05
10574.655809 -2.586976e-05 -7.201094e-07 -7.411000e-08 -2.106371e-06 3.140007e-05 -5.489677e-04 -4.494183e-05 -3.007356e-05
10576.912114 -2.581912e-05 -7.189235e-07 -7.429567e-08 -2.102891e-06 3.989922e-05 -5.293442e-04 -4.761106e-05 -2.933958e-05
10579.180611 -2.576032e-05 -7.179752e-07 -7.440030e-08 -2.098988e-06 3.227777e-05 -5.645970e-04 -5.449853e-05 -4.151202e-05
10581.461300 -2.572808e-05 -7.177057e-07 -7.450353e-08 -2.097232e-06 3.117320e-05 -6.018775e-04 -4.796065e-05 -3.544749e-05
10583.754181 -2.569128e-05 -7.198936e-07 -7.486749e-08 -2.097554e-06 2.770242e-05 -5.916633e-04 -5.088600e-05 -3.874801e-05
10586.059254 -2.562466e-05 -7.188604e-07 -7.505255e-08 -2.093728e-06 2.717569e-05 -6.038989e-04 -4.216500e-05 -4.125094e-05
10588.376518 -2.551158e-05 -7.134160e-07 -7.437506e-08 -2.080822e-06 2.627576e-05 -5.911468e-04 -4.829053e-05 -3.855797e-05
10590.705975 -2.541131e-05 -7.123906e-07 -7.424980e-08 -2.072981e-06 3.064995e-05 -5.609001e-04 -4.043035e-05 -2.968100e-05
10593.047623 -2.532518e-05 -7.111926e-07 -7.413855e-08 -2.067214e-06 3.560746e-05 -5.802125e-04 -5.355147e-05 -3.479828e-05
10595.401464 -2.526384e-05 -7.088904e-07 -7.369045e-08 -2.060728e-06 2.850162e-05 -5.948977e-04 -4.362335e-05 -3.004815e-05
10597.767496 -2.528564e-05 -7.114335e-07 -7.370932e-08 -2.065830e-06 2.979015e-05 -5.861856e-04 -4.472417e-05 -3.442617e-05
10600.145720 -2.531200e-05 -7.188556e-07 -7.449305e-08 -2.072583e-06 1.795872e-05 -5.776135e-04 -5.029833e-05 -3.267853e-05
10602.536136 -2.528366e-05 -7.219510e-07 -7.480477e-08 -2.070955e-06 1.757523e-05 -5.815042e-04 -5.262463e-05 -2.852612e-05
10604.938744 -2.518220e-05 -7.192092e-07 -7.440274e-08 -2.060531e-06 1.579754e-05 -5.776303e-04 -3.840415e-05 -2.864074e-05
10607.353544 -2.510025e-05 -7.167796e-07 -7.407272e-08 -2.050960e-06 1.372094e-05 -5.797563e-04 -3.488049e-05 -3.829282e-05
10609.780536 -2.506040e-05 -7.185478e-07 -7.453894e-08 -2.053165e-06 2.021097e-05 -5.880193e-04 -4.927137e-05 -4.695623e-05
10612.219720 -2.502030e-05 -7.197570e-07 -7.472142e-08 -2.052590e-06 2.934498e-05 -5.839451e-04 -4.916046e-05 -4.627896e-05
10614.671096 -2.505025e-05 -7.232168e-07 -7.527539e-08 -2.060613e-06 2.045601e-05 -5.643294e-04 -3.739819e-05 -3.836777e-05
10617.134663 -2.505703e-05 -7.243193e-07 -7.536769e-08 -2.065638e-06 1.767225e-05 -5.350905e-04 -4.352043e-05 -3.207452e-05
10619.610423 -2.503465e-05 -7.252271e-07 -7.536006e-08 -2.066641e-06 2.127726e-05 -5.403463e-04 -4.131026e-05 -2.785213e-05
10622.098374 -2.497102e-05 -7.221770e-07 -7.500623e-08 -2.062028e-06 2.029859e-05 -5.471618e-04 -4.706758e-05 -2.982571e-05
10624.598517 -2.491675e-05 -7.207371e-07 -7.496794e-08 -2.058110e-06 2.894628e-05 -5.281072e-04 -5.297869e-05 -3.858162e-05
10627.110852 -2.485316e-05 -7.177771e-07 -7.466444e-08 -2.051097e-06 3.220932e-05 -5.543427e-04 -4.234190e-05 -3.368569e-05
10629.635380 -2.477377e-05 -7.142097e-07 -7.444418e-08 -2.045074e-06 2.181391e-05 -5.652711e-04 -5.101946e-05 -3.242482e-05
10632.172099 -2.473940e-05 -7.167694e-07 -7.475090e-08 -2.045243e-06 2.479836e-05 -5.747177e-04 -4.003934e-05 -2.844682e-05
10634.721009 -2.469429e-05 -7.188915e-07 -7.532440e-08 -2.046503e-06 3.591789e-05 -5.758000e-04 -4.472320e-05 -3.634700e-05
10637.282112 -2.464715e-05 -7.199483e-07 -7.545099e-08 -2.045865e-06 3.447793e-05 -5.848743e-04 -3.061129e-05 -2.838863e-05
10639.855407 -2.461253e-05 -7.216583e-07 -7.562767e-08 -2.045780e-06 1.541627e-05 -6.093498e-04 -4.219089e-05 -3.020194e-05
10642.440894 -2.450925e-05 -7.176423e-07 -7.508055e-08 -2.037433e-06 8.528184e-06 -6.389787e-04 -2.684971e-05 -1.985883e-05
10645.038572 -2.441496e-05 -7.141742e-07 -7.474249e-08 -2.026420e-06 4.232009e-06 -6.254911e-04 -4.335317e-05 -2.744940e-05
10647.648443 -2.436987e-05 -7.160025e-07 -7.535848e-08 -2.026921e-06 3.503459e-06 -6.255656e-04 -3.875420e-05 -3.092644e-05
10650.270505 -2.430862e-05 -7.152705e-07 -7.564410e-08 -2.024204e-06 7.462464e-06 -5.946675e-04 -4.242017e-05 -2.382721e-05
10652.904759 -2.425302e-05 -7.157573e-07 -7.583969e-08 -2.019104e-06 1.176410e-05 -5.632234e-04 -4.727020e-05 -3.090337e-05
10655.551205 -2.421498e-05 -7.196032e-07 -7.636590e-08 -2.021319e-06 1.845490e-05 -5.544133e-04 -5.650805e-05 -2.395283e-05
10658.209844 -2.411846e-05 -7.215735e-07 -7.663714e-08 -2.016258e-06 1.880593e-05 -5.604317e-04 -5.149855e-05 -2.447699e-05
10660.880674 -2.410055e-05 -7.223084e-07 -7.681068e-08 -2.016945e-06 1.898045e-05 -5.492245e-04 -4.536255e-05 -2.425840e-05
10663.563696 -2.410958e-05 -7.252679e-07 -7.746929e-08 -2.017483e-06 9.653973e-06 -5.525039e-04 -3.984720e-05 -2.213278e-05
10666.258909 -2.405590e-05 -7.270887e-07 -7.803935e-08 -2.014133e-06 1.877414e-05 -5.556759e-04 -3.429322e-05 -1.988426e-05
10668.966315 -2.397923e-05 -7.261990e-07 -7.823995e-08 -2.007175e-06 1.729281e-05 -5.797379e-04 -3.114500e-05 -2.502593e-05
10671.685913 -2.389084e-05 -7.225513e-07 -7.818740e-08 -1.995897e-06 1.399910e-05 -5.794832e-04 -3.740877e-05 -2.747892e-05
10674.417702 -2.383397e-05 -7.240095e-07 -7.855754e-08 -1.992935e-06 1.738057e-05 -5.712937e-04 -3.874966e-05 -2.907064e-05
10677.161684 -2.373930e-05 -7.213662e-07 -7.808061e-08 -1.983439e-06 1.728374e-05 -5.694978e-04 -4.014023e-05 -3.126525e-05
10679.917857 -2.362244e-05 -7.223553e-07 -7.834327e-08 -1.976801e-06 1.385734e-05 -5.901898e-04 -2.735229e-05 -2.318520e-05
10682.686222 -2.354328e-05 -7.228582e-07 -7.873352e-08 -1.970797e-06 1.615337e-05 -5.984853e-04 -2.607760e-05 -2.033996e-05
10685.466780 -2.344764e-05 -7.204729e-07 -7.859464e-08 -1.962816e-06 2.021643e-05 -5.880622e-04 -3.426271e-05 -2.908170e-05
10688.259529 -2.331067e-05 -7.158257e-07 -7.823359e-08 -1.950392e-06 1.819958e-05 -5.920754e-04 -3.906881e-05 -3.451561e-05
10691.064470 -2.323523e-05 -7.157060e-07 -7.800539e-08 -1.947192e-06 2.249349e-05 -5.870836e-04 -2.202460e-05 -1.512793e-05
10693.881602 -2.322348e-05 -7.150205e-07 -7.776658e-08 -1.948710e-06 1.261683e-05 -5.881814e-04 -3.101483e-05 -1.183233e-05
10696.710927 -2.322454e-05 -7.181311e-07 -7.821372e-08 -1.953719e-06 5.431681e-06 -5.779194e-04 -3.710841e-05 -1.560508e-05
10699.552444 -2.319766e-05 -7.219260e-07 -7.891217e-08 -1.956236e-06 8.277908e-06 -5.850161e-04 -3.701616e-05 -2.565555e-05
10702.406153 -2.308300e-05 -7.208980e-07 -7.892958e-08 -1.948461e-06 1.523070e-05 -5.902436e-04 -2.806654e-05 -2.048932e-05
10705.272053 -2.296911e-05 -7.174748e-07 -7.828037e-08 -1.938170e-06 2.051254e-05 -5.987548e-04 -4.139137e-05 -2.518419e-05
10708.150146 -2.295535e-05 -7.182022e-07 -7.855260e-08 -1.939585e-06 1.448804e-05 -6.125370e-04 -4.452306e-05 -2.641306e-05
10711.040430 -2.294762e-05 -7.196309e-07 -7.869867e-08 -1.942301e-06 1.478298e-05 -6.029477e-04 -3.804075e-05 -3.253182e-05
10713.942906 -2.291226e-05 -7.215878e-07 -7.902623e-08 -1.941675e-06 1.652406e-05 -6.207197e-04 -3.535903e-05 -3.752130e-05
10716.857574 -2.284091e-05 -7.202684e-07 -7.885658e-08 -1.935588e-06 1.418073e-05 -6.088097e-04 -3.141186e-05 -4.155862e-05
10719.784435 -2.278223e-05 -7.206248e-07 -7.910771e-08 -1.932719e-06 1.331931e-05 -6.254160e-04 -3.963804e-05 -4.129881e-05
10722.723487 -2.271481e-05 -7.212000e-07 -7.956304e-08 -1.929415e-06 9.924373e-06 -6.123808e-04 -4.215501e-05 -4.091610e-05
10725.674730 -2.262792e-05 -7.195042e-07 -7.963095e-08 -1.923151e-06 1.715298e-05 -6.079176e-04 -3.395763e-05 -3.783665e-05
10728.638166 -2.251168e-05 -7.159407e-07 -7.914318e-08 -1.912270e-06 1.836675e-05 -6.066602e-04 -3.023051e-05 -3.661293e-05
10731.613794 -2.241476e-05 -7.141992e-07 -7.893959e-08 -1.904532e-06 1.858647e-05 -6.030931e-04 -4.182384e-05 -2.780831e-05
10734.601614 -2.237374e-05 -7.139878e-07 -7.880760e-08 -1.901902e-06 1.441654e-05 -6.061053e-04 -3.721487e-05 -2.638030e-05
10737.601625 -2.231776e-05 -7.170736e-07 -7.909162e-08 -1.901944e-06 5.846569e-06 -6.063435e-04 -3.942773e-05 -3.452637e-05
10740.613829 -2.223659e-05 -7.157342e-07 -7.890413e-08 -1.895523e-06 1.466993e-05 -6.144745e-04 -3.426426e-05 -3.366287e-05
10743.638224 -2.214443e-05 -7.144918e-07 -7.906742e-08 -1.887443e-06 2.584981e-05 -6.167154e-04 -3.052998e-05 -2.504802e-05
10746.674811 -2.209268e-05 -7.176419e-07 -7.988804e-08 -1.886150e-06 1.974265e-05 -6.299111e-04 -3.632317e-05 -2.289086e-05
10749.723590 -2.201242e-05 -7.180029e-07 -8.017317e-08 -1.881097e-06 1.825986e-05 -6.222917e-04 -3.265058e-05 -2.183072e-05
10752.784561 -2.189485e-05 -7.144460e-07 -7.967421e-08 -1.870769e-06 1.883866e-05 -6.287856e-04 -3.640523e-05 -2.106111e-05
10755.857724 -2.172607e-05 -7.077015e-07 -7.891649e-08 -1.852588e-06 1.013877e-05 -6.388803e-04 -2.954678e-05 -1.193214e-05
10758.943079 -2.162875e-05 -7.026567e-07 -7.811968e-08 -1.842612e-06 1.488168e-05 -6.286331e-04 -3.475671e-05 -1.520669e-05
10762.040626 -2.163362e-05 -7.092799e-07 -7.876958e-08 -1.849784e-06 1.469143e-05 -6.406466e-04 -3.670869e-05 -2.161596e-05
10765.150365 -2.155715e-05 -7.101650e-07 -7.900649e-08 -1.845876e-06 3.229483e-05 -6.366181e-04 -4.178467e-05 -1.703144e-05
10768.272295 -2.145088e-05 -7.058137e-07 -7.858400e-08 -1.834281e-06 3.041910e-05 -6.285177e-04 -4.033510e-05 -1.970123e-05
10771.406418 -2.135149e-05 -7.036462e-07 -7.864846e-08 -1.827987e-06 2.085781e-05 -6.034405e-04 -3.532741e-05 -1.821040e-05
10774.552732 -2.128505e-05 -7.063743e-07 -7.909688e-08 -1.826457e-06 1.682700e-05 -6.068557e-04 -3.774936e-05 -1.219496e-05
10777.711239 -2.117460e-05 -7.033456e-07 -7.891262e-08 -1.817491e-06 5.713390e-06 -5.963178e-04 -3.043007e-05 -1.267649e-05
10780.881937 -2.109234e-05 -7.047774e-07 -7.961373e-08 -1.812966e-06 9.926570e-06 -6.144523e-04 -3.842515e-05 -2.097833e-05
10784.064827 -2.101644e-05 -7.058998e-07 -8.042773e-08 -1.810039e-06 1.314461e-05 -6.022801e-04 -3.046344e-05 -1.028337e-05
10787.259909 -2.093047e-05 -7.058770e-07 -8.102083e-08 -1.803899e-06 1.652074e-05 -5.723097e-04 -4.208519e-05 -8.930971e-06
10790.467183 -2.084362e-05 -7.064538e-07 -8.141457e-08 -1.799208e-06 2.589705e-05 -5.596694e-04 -4.926154e-05 6.818811e-07
10793.686649 -2.074075e-05 -7.043838e-07 -8.147162e-08 -1.790786e-06 2.089932e-05 -5.740931e-04 -4.745364e-05 -1.678925e-05
10796.918307 -2.061183e-05 -7.018193e-07 -8.119789e-08 -1.780799e-06 1.574172e-05 -6.201351e-04 -4.587981e-05 -1.857341e-05
10800.162157 -2.051282e-05 -7.012731e-07 -8.134887e-08 -1.774254e-06 1.923229e-05 -6.203516e-04 -5.014316e-05 -3.012628e-05
10803.418198 -2.041264e-05 -7.006360e-07 -8.165107e-08 -1.766941e-06 2.404751e-05 -6.214394e-04 -3.763891e-05 -2.452080e-05
10806.686432 -2.024301e-05 -6.987836e-07 -8.187076e-08 -1.754214e-06 1.621012e-05 -6.160780e-04 -4.970110e-05 -3.314368e-05
10809.966857 -2.019143e-05 -6.986408e-07 -8.183217e-08 -1.752328e-06 1.562727e-05 -5.967664e-04 -4.615947e-05 -3.269117e-05
10813.259474 -2.011963e-05 -6.969206e-07 -8.158659e-08 -1.745980e-06 2.516843e-05 -6.052711e-04 -4.185564e-05 -2.100964e-05
10816.564284 -1.997530e-05 -6.916477e-07 -8.110853e-08 -1.731388e-06 3.426202e-05 -6.103950e-04 -3.708390e-05 -1.278571e-05
10819.881285 -1.989776e-05 -6.916416e-07 -8.143298e-08 -1.726786e-06 4.058522e-05 -6.140624e-04 -4.012227e-05 -1.729572e-05
10823.210478 -1.977416e-05 -6.886959e-07 -8.083519e-08 -1.716262e-06 1.938095e-05 -6.250276e-04 -3.817806e-05 -2.324838e-05
10826.551863 -1.968640e-05 -6.906452e-07 -8.066187e-08 -1.713303e-06 6.847563e-06 -6.416150e-04 -4.861738e-05 -2.506245e-05
10829.905440 -1.956439e-05 -6.885254e-07 -8.020436e-08 -1.703443e-06 2.100677e-05 -6.434041e-04 -5.238054e-05 -2.504502e-05
10833.271209 -1.944742e-05 -6.860252e-07 -8.000013e-08 -1.693395e-06 2.485341e-05 -6.277920e-04 -5.811973e-05 -2.421594e-05
10836.649169 -1.934573e-05 -6.855856e-07 -7.978537e-08 -1.686567e-06 2.115075e-05 -6.344515e-04 -5.738907e-05 -2.356185e-05
10840.039322 -1.922239e-05 -6.818665e-07 -7.877307e-08 -1.673945e-06 2.213490e-05 -6.118370e-04 -6.447141e-05 -2.466325e-05
10843.441666 -1.910055e-05 -6.795758e-07 -7.853856e-08 -1.663219e-06 1.978321e-05 -5.941709e-04 -6.468593e-05 -2.683628e-05
10846.856203 -1.898513e-05 -6.784066e-07 -7.875964e-08 -1.654958e-06 2.820045e-05 -6.005998e-04 -5.910933e-05 -2.100816e-05
10850.282931 -1.886912e-05 -6.779137e-07 -7.900618e-08 -1.648334e-06 3.372598e-05 -6.077313e-04 -4.869870e-05 -1.146424e-05
10853.721851 -1.872179e-05 -6.755594e-07 -7.889579e-08 -1.636574e-06 3.297776e-05 -6.103328e-04 -3.624852e-05 -1.334025e-05
10857.172964 -1.859355e-05 -6.698020e-07 -7.855520e-08 -1.621018e-06 3.747006e-05 -6.270481e-04 -4.074374e-05 -1.155875e-05
10860.636268 -1.844693e-05 -6.672434e-07 -7.861046e-08 -1.608842e-06 2.920450e-05 -6.165062e-04 -4.164075e-05 -5.656061e-06
10864.111764 -1.839304e-05 -6.711543e-07 -7.929071e-08 -1.610050e-06 2.731851e-05 -6.194122e-04 -5.116660e-05 -8.123554e-06
10867.599451 -1.825909e-05 -6.676412e-07 -7.915962e-08 -1.597817e-06 2.953287e-05 -5.904322e-04 -4.194858e-05 -4.001898e-06
10871.099331 -1.811341e-05 -6.639719e-07 -7.869534e-08 -1.584122e-06 3.349860e-05 -5.607431e-04 -3.943271e-05 -1.337997e-05
10874.611403 -1.797648e-05 -6.623634e-07 -7.840067e-08 -1.574782e-06 3.373176e-05 -6.046230e-04 -4.700862e-05 -7.486144e-06
10878.135666 -1.784755e-05 -6.610033e-07 -7.820927e-08 -1.565691e-06 3.528795e-05 -6.088570e-04 -4.806068e-05 1.069057e-06
10881.672122 -1.774644e-05 -6.580837e-07 -7.838454e-08 -1.557087e-06 2.916903e-05 -6.361625e-04 -5.364452e-05 -1.110441e-05
10885.220769 -1.764334e-05 -6.560957e-07 -7.830909e-08 -1.549136e-06 3.539805e-05 -6.320272e-04 -5.012560e-05 -1.821251e-07
10888.781609 -1.751224e-05 -6.538757e-07 -7.785849e-08 -1.539617e-06 2.506946e-05 -6.424471e-04 -3.864466e-05 -6.621151e-06
10892.354640 -1.738133e-05 -6.519125e-07 -7.799436e-08 -1.529839e-06 1.816005e-05 -6.419590e-04 -5.391450e-05 -1.052737e-05
10895.939863 -1.724855e-05 -6.492049e-07 -7.822309e-08 -1.519140e-06 2.037344e-05 -6.448902e-04 -4.801313e-05 -1.300216e-05
10899.537278 -1.708025e-05 -6.426617e-07 -7.761954e-08 -1.501535e-06 2.001529e-05 -6.427049e-04 -4.189382e-05 -1.308758e-05
10903.146885 -1.696665e-05 -6.433512e-07 -7.775216e-08 -1.495897e-06 2.401711e-05 -6.382582e-04 -4.324504e-05 -1.208777e-05
10906.768684 -1.684022e-05 -6.406267e-07 -7.788755e-08 -1.485890e-06 3.203674e-05 -6.420760e-04 -5.495162e-05 -2.191635e-05
10910.402675 -1.672023e-05 -6.379394e-07 -7.826404e-08 -1.476121e-06 4.077804e-05 -6.363011e-04 -4.271611e-05 -1.599156e-05
10914.048857 -1.660022e-05 -6.361334e-07 -7.826462e-08 -1.467413e-06 3.247030e-05 -6.315521e-04 -4.604294e-05 -1.610453e-05
10917.707232 -1.646191e-05 -6.328215e-07 -7.800909e-08 -1.456017e-06 3.669759e-05 -6.119168e-04 -5.442862e-05 -3.316077e-05
10921.377799 -1.631598e-05 -6.287965e-07 -7.780300e-08 -1.442765e-06 3.602697e-05 -6.107826e-04 -5.803892e-05 -3.216717e-05
10925.060557 -1.617313e-05 -6.242181e-07 -7.758522e-08 -1.428971e-06 3.602180e-05 -6.117171e-04 -3.680335e-05 -1.964638e-05
10928.755507 -1.602298e-05 -6.200985e-07 -7.727890e-08 -1.416037e-06 3.508799e-05 -6.065852e-04 -4.412654e-05 -2.678831e-05
10932.462650 -1.587473e-05 -6.155398e-07 -7.668649e-08 -1.402680e-06 3.181128e-05 -6.041393e-04 -4.297956e-05 -1.867785e-05
10936.181984 -1.573731e-05 -6.127708e-07 -7.636044e-08 -1.391918e-06 4.002568e-05 -6.104691e-04 -4.173184e-05 -1.529182e-05
10939.913510 -1.559500e-05 -6.089116e-07 -7.610610e-08 -1.379532e-06 5.189671e-05 -5.994207e-04 -4.640800e-05 -2.370572e-05
10943.657228 -1.552167e-05 -6.110215e-07 -7.623766e-08 -1.379215e-06 5.847933e-05 -6.007522e-04 -3.685829e-05 -2.188256e-05
10947.413138 -1.538867e-05 -6.080732e-07 -7.583932e-08 -1.369741e-06 4.361647e-05 -6.239763e-04 -3.667818e-05 -3.653131e-05
10951.181239 -1.520035e-05 -6.027046e-07 -7.543557e-08 -1.353042e-06 4.209636e-05 -6.078472e-04 -3.580642e-05 -3.289049e-05
10954.961533 -1.506103e-05 -5.972802e-07 -7.486556e-08 -1.339806e-06 3.390043e-05 -6.200884e-04 -3.984833e-05 -2.712574e-05
10958.754019 -1.493631e-05 -5.931316e-07 -7.404441e-08 -1.328381e-06 2.865769e-05 -6.214073e-04 -3.204142e-05 -3.393571e-05
10962.558696 -1.480037e-05 -5.905713e-07 -7.356305e-08 -1.318101e-06 2.451079e-05 -6.200163e-04 -2.682439e-05 -3.913831e-05
10966.375565 -1.468007e-05 -5.850731e-07 -7.304104e-08 -1.306002e-06 2.670870e-05 -6.093053e-04 -3.917481e-05 -4.204860e-05
10970.204627 -1.459573e-05 -5.848354e-07 -7.293844e-08 -1.299941e-06 2.496791e-05 -5.916644e-04 -2.822191e-05 -4.669725e-05
10974.045880 -1.449336e-05 -5.846809e-07 -7.259076e-08 -1.293555e-06 2.340630e-05 -5.962487e-04 -2.294439e-05 -3.518105e-05
10977.899325 -1.431307e-05 -5.765889e-07 -7.135272e-08 -1.274440e-06 3.227562e-05 -6.184382e-04 -2.625673e-05 -2.799938e-05
10981.764962 -1.418899e-05 -5.741502e-07 -7.096493e-08 -1.266303e-06 3.327071e-05 -6.258814e-04 -4.552134e-05 -2.975238e-05
10985.642791 -1.407300e-05 -5.732410e-07 -7.111291e-08 -1.258818e-06 3.646027e-05 -6.203157e-04 -4.152113e-05 -2.813006e-05
10989.532812 -1.398907e-05 -5.726881e-07 -7.159849e-08 -1.254027e-06 3.550438e-05 -6.052029e-04 -3.026839e-05 -2.230007e-05
10993.435025 -1.387631e-05 -5.703050e-07 -7.175589e-08 -1.245182e-06 3.463698e-05 -6.128109e-04 -4.523520e-05 -2.475556e-05
10997.349429 -1.372853e-05 -5.649284e-07 -7.121848e-08 -1.230475e-06 3.419595e-05 -6.107670e-04 -4.650935e-05 -3.878081e-05
11001.276026 -1.358796e-05 -5.604486e-07 -7.075139e-08 -1.217420e-06 3.241466e-05 -6.399979e-04 -4.609947e-05 -2.990173e-05
11005.214814 -1.348226e-05 -5.586710e-07 -7.080538e-08 -1.210101e-06 3.466325e-05 -6.268724e-04 -3.559954e-05 -2.420520e-05
11009.165795 -1.339478e-05 -5.587810e-07 -7.126846e-08 -1.206590e-06 3.488832e-05 -6.227240e-04 -3.035495e-05 -2.137471e-05
11013.128967 -1.324960e-05 -5.535670e-07 -7.090621e-08 -1.193372e-06 3.441421e-05 -6.456927e-04 -1.850327e-05 -1.078406e-05
11017.104331 -1.308898e-05 -5.468927e-07 -7.011568e-08 -1.176767e-06 4.212171e-05 -6.477846e-04 -2.306773e-05 -1.406422e-05
11021.091888 -1.295429e-05 -5.421154e-07 -6.964660e-08 -1.165240e-06 3.192902e-05 -6.363204e-04 -2.676683e-05 -2.070246e-05
11025.091636 -1.290069e-05 -5.445399e-07 -7.038026e-08 -1.165514e-06 3.704138e-05 -6.448105e-04 -2.548684e-05 -1.272134e-05
11029.103575 -1.279624e-05 -5.423626e-07 -7.047478e-08 -1.157769e-06 4.470759e-05 -6.569619e-04 -2.915166e-05 -2.073253e-05
11033.127707 -1.263630e-05 -5.353403e-07 -6.967331e-08 -1.141168e-06 4.059623e-05 -6.609147e-04 -3.148172e-05 -2.019144e-05
11037.164031 -1.255360e-05 -5.350714e-07 -6.970945e-08 -1.136923e-06 3.448648e-05 -6.615343e-04 -3.778052e-05 -9.821428e-06
11041.212547 -1.244766e-05 -5.329717e-07 -6.992087e-08 -1.129399e-06 3.340036e-05 -6.522264e-04 -3.586277e-05 -1.965798e-05
11045.273254 -1.234138e-05 -5.307103e-07 -7.023632e-08 -1.121502e-06 4.235374e-05 -6.296164e-04 -3.203851e-05 -2.896312e-05
11049.346154 -1.221760e-05 -5.264256e-07 -6.966279e-08 -1.110502e-06 3.850527e-05 -6.296294e-04 -2.971167e-05 -3.282599e-05
11053.431245 -1.211407e-05 -5.241746e-07 -6.947656e-08 -1.103074e-06 4.174771e-05 -6.273456e-04 -2.181689e-05 -1.913309e-05
11057.528529 -1.200580e-05 -5.211666e-07 -6.952742e-08 -1.094296e-06 4.433702e-05 -6.299319e-04 -2.385774e-05 -1.564055e-05
11061.638004 -1.188700e-05 -5.176005e-07 -6.928514e-08 -1.084816e-06 4.107087e-05 -6.606389e-04 -3.621177e-05 -2.351980e-05
11065.759671 -1.175342e-05 -5.122566e-07 -6.855995e-08 -1.072208e-06 3.808803e-05 -6.597537e-04 -3.020502e-05 -2.146349e-05
11069.893530 -1.161190e-05 -5.062602e-07 -6.747736e-08 -1.058713e-06 3.455923e-05 -6.658261e-04 -2.173632e-05 -1.768900e-05
11074.039581 -1.150286e-05 -5.037234e-07 -6.689436e-08 -1.050100e-06 3.211351e-05 -6.644614e-04 -2.587671e-05 -1.938708e-05
11078.197824 -1.139742e-05 -5.007590e-07 -6.643567e-08 -1.041379e-06 2.484281e-05 -6.612239e-04 -2.794203e-05 -2.666367e-05
11082.368258 -1.129742e-05 -4.979734e-07 -6.600255e-08 -1.033761e-06 2.364535e-05 -6.603553e-04 -3.645550e-05 -2.871698e-05
11086.550885 -1.122033e-05 -4.972617e-07 -6.598925e-08 -1.030016e-06 3.012430e-05 -6.581251e-04 -4.648059e-05 -2.275974e-05
11090.745704 -1.110225e-05 -4.938360e-07 -6.539667e-08 -1.020870e-06 2.255393e-05 -6.500844e-04 -3.512022e-05 -1.384897e-05
11094.952714 -1.098757e-05 -4.899747e-07 -6.483229e-08 -1.011118e-06 1.434184e-05 -6.611792e-04 -3.638231e-05 -1.492966e-05
11099.171916 -1.088871e-05 -4.874732e-07 -6.470130e-08 -1.003942e-06 1.793689e-05 -6.475915e-04 -2.980663e-05 -1.399907e-05
11103.403311 -1.078800e-05 -4.854427e-07 -6.462944e-08 -9.976736e-07 1.992566e-05 -6.332754e-04 -4.389385e-05 -1.318438e-05
11107.646897 -1.068871e-05 -4.825656e-07 -6.444487e-08 -9.895967e-07 2.572715e-05 -6.269406e-04 -4.917842e-05 -1.317821e-05
11111.902675 -1.059171e-05 -4.799018e-07 -6.414925e-08 -9.817884e-07 2.158125e-05 -6.414890e-04 -4.758767e-05 -7.383586e-06
11116.170645 -1.049623e-05 -4.771511e-07 -6.440060e-08 -9.745287e-07 2.117949e-05 -6.497084e-04 -4.257536e-05 -3.369704e-06
11120.450807 -1.039184e-05 -4.739573e-07 -6.408299e-08 -9.663215e-07 2.153005e-05 -6.460382e-04 -3.849747e-05 -8.720512e-08
11124.743161 -1.027814e-05 -4.693848e-07 -6.334912e-08 -9.568766e-07 2.745049e-05 -6.440369e-04 -4.137659e-05 -3.392640e-06
11129.047707 -1.018221e-05 -4.665564e-07 -6.320165e-08 -9.491693e-07 3.635425e-05 -6.366029e-04 -5.211596e-05 -1.460652e-05
11133.364444 -1.008150e-05 -4.631975e-07 -6.274770e-08 -9.406614e-07 2.477657e-05 -6.167703e-04 -4.978121e-05 -1.618622e-05
11137.693374 -9.982221e-06 -4.604698e-07 -6.262206e-08 -9.326032e-07 1.345236e-05 -6.351982e-04 -3.336557e-05 -6.912403e-06
11142.034495 -9.880111e-06 -4.571299e-07 -6.268031e-08 -9.240452e-07 1.614583e-05 -6.476353e-04 -4.127142e-05 -1.691153e-05
11146.387809 -9.727268e-06 -4.487205e-07 -6.150742e-08 -9.070241e-07 2.694058e-05 -6.377866e-04 -3.215937e-05 -5.285421e-06
11150.753314 -9.623212e-06 -4.448772e-07 -6.088328e-08 -8.980507e-07 2.541504e-05 -6.226348e-04 -2.804877e-05 -5.001671e-06
11155.131011 -9.554429e-06 -4.444087e-07 -6.105931e-08 -8.965975e-07 2.562301e-05 -6.340490e-04 -3.336663e-05 -7.235934e-06
11159.520900 -9.354256e-06 -4.367190e-07 -6.001908e-08 -8.795894e-07 2.293207e-05 -6.309575e-04 -2.358832e-05 -1.292992e-05
11163.922981 -9.283907e-06 -4.379426e-07 -6.020851e-08 -8.735550e-07 2.065166e-05 -6.267072e-04 -2.145527e-05 -1.265632e-05
11168.337254 -9.232352e-06 -4.347439e-07 -6.032503e-08 -8.720558e-07 2.406428e-05 -6.468344e-04 -3.035550e-05 -1.099003e-05
11172.763719 -9.231784e-06 -4.377345e-07 -6.080535e-08 -8.745354e-07 2.118280e-05 -6.119091e-04 -3.225360e-05 -1.346343e-05
11177.202376 -9.149105e-06 -4.350245e-07 -6.095625e-08 -8.673069e-07 2.650167e-05 -6.122243e-04 -2.834744e-05 -1.565290e-05
11181.653224 -9.024442e-06 -4.289358e-07 -6.041356e-08 -8.541203e-07 2.630333e-05 -6.189749e-04 -3.095078e-05 -1.142292e-05
11186.116265 -8.913255e-06 -4.242268e-07 -5.974342e-08 -8.437359e-07 2.435264e-05 -6.432616e-04 -3.892743e-05 -3.257057e-06
11190.591497 -8.847793e-06 -4.244343e-07 -6.019577e-08 -8.413718e-07 2.752979e-05 -6.423651e-04 -4.072822e-05 -7.655994e-06
11195.078922 -8.775576e-06 -4.229160e-07 -6.011599e-08 -8.373820e-07 3.718102e-05 -6.181066e-04 -4.441534e-05 -1.315494e-05
11199.578538 -8.678894e-06 -4.189842e-07 -5.950028e-08 -8.288356e-07 2.289038e-05 -6.419807e-04 -3.005356e-05 -1.478430e-05
11204.090346 -8.585874e-06 -4.158447e-07 -5.951285e-08 -8.214901e-07 1.443291e-05 -6.487644e-04 -2.789812e-05 -1.670161e-05
11208.614346 -8.504664e-06 -4.135243e-07 -5.936890e-08 -8.151769e-07 2.350841e-05 -6.678692e-04 -2.696909e-05 -1.766486e-05
11213.150538 -8.426364e-06 -4.112424e-07 -5.883741e-08 -8.090626e-07 2.446725e-05 -6.699315e-04 -3.572958e-05 -1.703950e-05
11217.698922 -8.339880e-06 -4.081855e-07 -5.834969e-08 -8.018996e-07 2.927413e-05 -6.795589e-04 -2.897605e-05 -2.436517e-05
11222.259498 -8.256415e-06 -4.052074e-07 -5.805257e-08 -7.951021e-07 2.619530e-05 -6.474331e-04 -3.360780e-05 -1.773930e-05
11226.832266 -8.158908e-06 -4.009268e-07 -5.725315e-08 -7.867251e-07 2.197286e-05 -6.553304e-04 -3.837459e-05 -1.881253e-05
11231.417226 -8.063836e-06 -3.972300e-07 -5.678523e-08 -7.783541e-07 2.995706e-05 -6.789453e-04 -3.095163e-05 -1.957758e-05
11236.014377 -7.987954e-06 -3.952187e-07 -5.679568e-08 -7.733479e-07 2.410632e-05 -6.673957e-04 -3.326099e-05 -2.321067e-05
11240.623721 -7.892822e-06 -3.912246e-07 -5.596445e-08 -7.647240e-07 1.797683e-05 -6.577727e-04 -1.788105e-05 -1.104989e-05
11245.245256 -7.820062e-06 -3.889034e-07 -5.551718e-08 -7.594812e-07 1.674365e-05 -6.679893e-04 -2.000856e-05 -1.851161e-05
11249.878983 -7.720182e-06 -3.841871e-07 -5.507998e-08 -7.501740e-07 2.233969e-05 -6.776666e-04 -2.952090e-05 -2.585394e-05
11254.524902 -7.655124e-06 -3.833297e-07 -5.485193e-08 -7.470464e-07 2.498450e-05 -6.831960e-04 -2.973205e-05 -2.245070e-05
11259.183013 -7.560695e-06 -3.791425e-07 -5.458738e-08 -7.381172e-07 2.844236e-05 -6.891408e-04 -2.953384e-05 -2.773453e-05
11263.853316 -7.483946e-06 -3.763426e-07 -5.434425e-08 -7.325707e-07 2.160906e-05 -7.083703e-04 -2.716960e-05 -1.897210e-05
11268.535811 -7.393316e-06 -3.723159e-07 -5.407211e-08 -7.251533e-07 1.543163e-05 -6.886701e-04 -2.107799e-05 -1.154099e-05
11273.230498 -7.290104e-06 -3.669706e-07 -5.331339e-08 -7.145867e-07 1.066895e-05 -6.888001e-04 -1.389339e-05 -1.219350e-05
11277.937377 -7.235466e-06 -3.663875e-07 -5.346757e-08 -7.121390e-07 9.163986e-06 -7.056305e-04 -2.179117e-05 -2.716584e-05
11282.656448 -7.166395e-06 -3.645467e-07 -5.360319e-08 -7.075310e-07 2.203670e-05 -7.050175e-04 -2.300147e-05 -3.239795e-05
11287.387710 -7.070187e-06 -3.595699e-07 -5.275455e-08 -6.979871e-07 2.719727e-05 -6.898613e-04 -2.437155e-05 -2.747185e-05
11292.131165 -7.002031e-06 -3.581247e-07 -5.268440e-08 -6.939891e-07 1.905083e-05 -6.712613e-04 -2.819061e-05 -2.564101e-05
11296.886811 -6.920813e-06 -3.544173e-07 -5.237712e-08 -6.861296e-07 5.536966e-06 -6.697172e-04 -3.303243e-05 -2.516814e-05
11301.654649 -6.836754e-06 -3.506625e-07 -5.177069e-08 -6.784488e-07 1.363719e-05 -6.548280e-04 -3.115432e-05 -2.806935e-05
11306.434679 -6.729788e-06 -3.456883e-07 -5.115915e-08 -6.682699e-07 2.877688e-05 -6.391576e-04 -2.875763e-05 -2.960307e-05
11311.226901 -6.642329e-06 -3.426971e-07 -5.088511e-08 -6.615841e-07 2.361796e-05 -6.231209e-04 -2.404887e-05 -2.268473e-05
11316.031315 -6.584013e-06 -3.388950e-07 -5.036691e-08 -6.583491e-07 1.843420e-05 -6.716802e-04 -2.176565e-05 -2.288315e-05
11320.847921 -6.545555e-06 -3.378909e-07 -5.044746e-08 -6.553898e-07 6.483368e-06 -6.950015e-04 -3.399230e-05 -2.226682e-05
11325.676719 -6.464078e-06 -3.347764e-07 -4.994746e-08 -6.481979e-07 -4.810600e-07 -6.878420e-04 -3.690836e-05 -2.633546e-05
11330.517709 -6.395196e-06 -3.337701e-07 -4.995711e-08 -6.440807e-07 6.599432e-06 -6.664825e-04 -4.071011e-05 -2.465519e-05
11335.370891 -6.290752e-06 -3.299158e-07 -4.953821e-08 -6.352114e-07 7.178196e-06 -6.644157e-04 -4.320247e-05 -2.325998e-05
11340.236264 -6.280453e-06 -3.296896e-07 -4.971567e-08 -6.344968e-07 2.032470e-05 -6.516055e-04 -4.321285e-05 -2.314266e-05
