# Facility.name: NSLS-II
# Facility.mode: Beam available
# Facility.current: 399.6965981246402
# Facility.current: 3 GeV
# Facility.year: 2023
# Facility.cycle: 2
# Facility.GUP: 312970
# Facility.SAF: 311402
# Experimenter.name: Esteban Fornero
# Beamline.name: ISS (8-ID)
# Beamline.x-ray_source: damping wiggler
# Beamline.collimation_mirror1.material: Si
# Beamline.collimation_mirror2.material: Pt
# Beamline.collimation_mirror2.bender_loading: -349.0
# Beamline.focusing: toroidal mirror
# Beamline.focusing.material: Pt
# Beamline.focusing.bender_loading: -419.0
# Beamline.harmonic_rejection: Si
# Mono.scan_mode: Si(111)
# Mono.d_spacing: 3.1354951
# Mono.scan_mode: pseudo-channel cut
# Mono.scan_type: fly_scan
# Mono.trajectory_name: 0f397ba2-1519.txt
# Mono.direction: None
# Mono.angle_offset: 0.69366577
# Mono.angle_offset: 39.744 deg
# Mono.encoder_resolution: 48.0 nrad
# Detector.I0: ion chamber
# Detector.I1: ion chamber
# Detector.I2: ion chamber
# Detector.IF: PIPS
# Detector.I0.length: 15 cm
# Detector.I1.length: 28 cm
# Detector.I2.length: 15 cm
# Detector.IF.thickness: 300 um
# Detector.I0.gas.N2: 38.0%
# Detector.I1.gas.N2: 38.0%
# Detector.I2.gas.N2: 38.0%
# Detector.I0.gas.He: 62.0%
# Detector.I1.gas.He: 62.0%
# Detector.I2.gas.He: 62.0%
# Detector.I0.voltage: -1650.001709
# Detector.I1.voltage: -1650.002441
# Detector.I2.voltage: -1650.001343
# Detector.I0.gain: 4
# Detector.I1.gain: 6
# Detector.I2.gain: 6
# Detector.IF.gain: 6
# Detector.aux: {}
# Element.symbol: Ga
# Element.edge: K
# Element.line: None
# Scan.transient_id: 371090
# Scan.uid: 39071824-0dc5-4caf-b410-ac9dc2fe6da4
# Scan.edge_energy: 10367.0
# Scan.start_time: 06/23/2023  06:12:25.534321
# Scan.end_time: 06/23/2023  06:12:57.846556
# Scan.name: CuGaO2-4th PP+O2-ramp (pos 001) Ga-K 0001
# Scan.comment: 
# Sample.name: CuGaO2-4th
# Sample.comment: 
# Sample.position.x: -66.4779948865
# Sample.position.y: 30.524046843
# Sample.position.z: -10.184937499999995
# Sample.position.theta: 845.5790000000001
# SampleHeater.temperature1.setpoint: 300.0
# SampleHeater.temperature1.readback: 1372.0
# SampleHeater.current.setpoint: 0.0
# SampleHeater.current.readback: 0.0
# SampleHeater.temperature2.setpoint: 400.0
# SampleHeater.temperature2.readback: 400.1
# SampleHeater.voltage.setpoint: 0.8872986198562325
# SampleHeater.voltage.readback: 0.873
# SampleHeater.PID.P: 0.025
# SampleHeater.PID.I: 0.07
# SampleHeater.PID.D: 0.0
# SampleGasCart.MFC.CH4.setpoint: 3.0
# SampleGasCart.MFC.CH4.readback: 2.998
# SampleGasCart.MFC.CO.setpoint: 0.0
# SampleGasCart.MFC.CO.readback: 0.0
# SampleGasCart.MFC.H2.setpoint: 0.0
# SampleGasCart.MFC.H2.readback: 0.0
# SampleGasCart.MFC.exhaust.setpoint: 100.0
# SampleGasCart.MFC.exhaust.readback: 11.0
# SampleGasHandlingSystem.gas_a.name: None
# SampleGasHandlingSystem.gas_b.name: None
# SampleGasHandlingSystem.gas_c.name: None
# SampleGasHandlingSystem.gas_d.name: None
# SampleGasHandlingSystem.gas_e.name: He
# SampleGasHandlingSystem.MFC1.setpoint: 7.0
# SampleGasHandlingSystem.MFC1.readback: 6.998697757720947
# SampleGasHandlingSystem.MFC2.setpoint: 0.0
# SampleGasHandlingSystem.MFC2.readback: -0.0651041641831398
# SampleGasHandlingSystem.MFC3.setpoint: 0.0
# SampleGasHandlingSystem.MFC3.readback: 0.02034505270421505
# SampleGasHandlingSystem.MFC4.setpoint: 0.0
# SampleGasHandlingSystem.MFC4.readback: -0.0528971366584301
# SampleGasHandlingSystem.MFC5.setpoint: 0.0
# SampleGasHandlingSystem.MFC5.readback: -0.008138020522892475
# SampleGasHandlingSystem.MFC6.setpoint: 1.5
# SampleGasHandlingSystem.MFC6.readback: 1.50146484375
# SampleGasHandlingSystem.MFC7.setpoint: 0.0
# SampleGasHandlingSystem.MFC7.readback: -0.0406901054084301
# SampleGasHandlingSystem.MFC8.setpoint: 0.0
# SampleGasHandlingSystem.MFC8.readback: -0.0813802108168602
# SampleGasHandlingSystem.MFC9.setpoint: 0.0
# SampleGasHandlingSystem.MFC9.readback: -0.0651041641831398
# SampleGasHandlingSystem.MFC10.setpoint: 0.0
# SampleGasHandlingSystem.MFC10.readback: 0.01220703125
# SampleGasHandlingSystem.MFC11.setpoint: 0.0
# SampleGasHandlingSystem.MFC11.readback: -0.1017252579331398
# SampleGasHandlingSystem.MFC12.setpoint: 0.0
# SampleGasHandlingSystem.MFC12.readback: -0.0528971366584301
# SampleGasHandlingSystem.MFC13.setpoint: 0.0
# SampleGasHandlingSystem.MFC13.readback: -0.06103515625
# SampleGasHandlingSystem.MFC14.setpoint: 0.0
# SampleGasHandlingSystem.MFC14.readback: -0.0691731795668602
# SampleGasHandlingSystem.MFC15.setpoint: 0.0
# SampleGasHandlingSystem.MFC15.readback: -0.1139322891831398
# SampleGasHandlingSystem.MFC16.setpoint: 0.0
# SampleGasHandlingSystem.MFC16.readback: -0.0406901054084301
# SampleGasHandlingSystem.RGA.ch1.mass: 2
# SampleGasHandlingSystem.RGA.ch1.readback: 1.07594e-06
# SampleGasHandlingSystem.RGA.ch2.mass: 4
# SampleGasHandlingSystem.RGA.ch2.readback: 0.0
# SampleGasHandlingSystem.RGA.ch3.mass: 5
# SampleGasHandlingSystem.RGA.ch3.readback: 7.81276e-12
# SampleGasHandlingSystem.RGA.ch4.mass: 5
# SampleGasHandlingSystem.RGA.ch4.readback: 4.78717e-10
# SampleGasHandlingSystem.RGA.ch5.mass: 18
# SampleGasHandlingSystem.RGA.ch5.readback: 2.18695e-09
# SampleGasHandlingSystem.RGA.ch6.mass: 28
# SampleGasHandlingSystem.RGA.ch6.readback: 1.4534e-08
# SampleGasHandlingSystem.RGA.ch7.mass: 32
# SampleGasHandlingSystem.RGA.ch7.readback: 3.07315e-09
# SampleGasHandlingSystem.RGA.ch8.mass: 41
# SampleGasHandlingSystem.RGA.ch8.readback: 1.11477e-11
# SampleGasHandlingSystem.RGA.ch9.mass: 44
# SampleGasHandlingSystem.RGA.ch9.readback: 2.07863e-10
# energy  i0  it  ir  iff  aux1  aux2  aux3  aux4
10167.000000 -2.966756e-05 -6.522465e-07 -1.887643e-07 -1.009795e-06 5.034141e-05 -5.268372e-04 -4.364275e-05 1.968478e-05
10172.000000 -2.948315e-05 -6.487772e-07 -1.868263e-07 -1.004874e-06 5.065719e-05 -5.044290e-04 -4.143216e-05 2.511767e-05
10177.000000 -2.940248e-05 -6.506679e-07 -1.856437e-07 -1.003451e-06 5.299389e-05 -4.925690e-04 -4.754101e-05 2.152569e-05
10182.000000 -2.941130e-05 -6.520440e-07 -1.825422e-07 -1.007172e-06 5.098781e-05 -4.753512e-04 -4.431103e-05 2.270286e-05
10187.000000 -2.941506e-05 -6.518842e-07 -1.755855e-07 -1.010280e-06 5.039112e-05 -4.745785e-04 -3.749385e-05 3.618302e-05
10192.000000 -2.947166e-05 -6.553276e-07 -1.610111e-07 -1.014920e-06 5.167441e-05 -4.924083e-04 -4.082191e-05 3.502101e-05
10197.000000 -2.947018e-05 -6.574809e-07 -1.181895e-07 -1.017530e-06 4.906334e-05 -4.870332e-04 -5.634789e-05 2.605684e-05
10202.000000 -2.943322e-05 -6.596517e-07 -3.738904e-08 -1.019229e-06 4.595573e-05 -4.951311e-04 -5.766515e-05 3.238792e-05
10207.000000 -2.937044e-05 -6.609299e-07 -1.600810e-08 -1.019455e-06 4.321190e-05 -4.774918e-04 -5.741341e-05 3.012704e-05
10212.000000 -2.932903e-05 -6.620440e-07 -3.242539e-08 -1.020653e-06 4.043612e-05 -4.833010e-04 -5.127189e-05 3.715463e-05
10217.000000 -2.932480e-05 -6.649600e-07 -4.206948e-08 -1.023426e-06 3.381558e-05 -4.932283e-04 -3.510521e-05 2.894649e-05
10222.000000 -2.927771e-05 -6.670411e-07 -4.947462e-08 -1.024148e-06 3.794145e-05 -4.996592e-04 -3.682922e-05 3.849533e-05
10227.000000 -2.921486e-05 -6.684747e-07 -5.490712e-08 -1.024117e-06 4.656050e-05 -4.851942e-04 -4.503295e-05 3.598489e-05
10232.000000 -2.919623e-05 -6.712738e-07 -5.710401e-08 -1.026691e-06 4.604474e-05 -4.825446e-04 -4.937654e-05 2.405344e-05
10237.000000 -2.917198e-05 -6.740367e-07 -5.847587e-08 -1.027988e-06 5.013885e-05 -4.731015e-04 -4.394289e-05 3.097754e-05
10242.000000 -2.914123e-05 -6.748414e-07 -5.963004e-08 -1.030271e-06 4.269154e-05 -4.470627e-04 -4.985741e-05 2.074248e-05
10247.000000 -2.909293e-05 -6.762729e-07 -6.181370e-08 -1.031754e-06 3.868702e-05 -4.530114e-04 -4.145641e-05 1.597364e-05
10252.000000 -2.904175e-05 -6.786156e-07 -6.165861e-08 -1.031697e-06 4.248280e-05 -4.575753e-04 -3.148258e-05 2.694411e-05
10257.000000 -2.898702e-05 -6.803232e-07 -5.946716e-08 -1.032293e-06 4.048905e-05 -5.131230e-04 -4.442323e-05 1.936559e-05
10262.000000 -2.895257e-05 -6.832527e-07 -5.950558e-08 -1.033984e-06 4.744351e-05 -5.173076e-04 -3.778363e-05 3.085801e-05
10267.000000 -2.895285e-05 -6.859689e-07 -6.064589e-08 -1.036298e-06 5.549251e-05 -5.409980e-04 -4.531062e-05 2.236313e-05
10272.000000 -2.890750e-05 -6.881259e-07 -6.106442e-08 -1.037282e-06 4.628505e-05 -5.399367e-04 -4.544970e-05 1.993520e-05
10277.000000 -2.869030e-05 -6.873473e-07 -6.041415e-08 -1.030526e-06 3.983513e-05 -5.321087e-04 -5.922406e-05 2.063755e-05
10282.000000 -2.858345e-05 -6.868305e-07 -5.971141e-08 -1.030047e-06 4.543376e-05 -5.389043e-04 -5.727406e-05 2.347932e-05
10287.000000 -2.876617e-05 -6.938773e-07 -6.083812e-08 -1.040838e-06 4.363645e-05 -5.377993e-04 -5.280504e-05 2.322038e-05
10292.000000 -2.876194e-05 -6.960275e-07 -6.295193e-08 -1.043659e-06 4.938993e-05 -5.372747e-04 -5.125856e-05 2.518543e-05
10297.000000 -2.871653e-05 -6.984402e-07 -6.365866e-08 -1.045177e-06 5.124869e-05 -5.289720e-04 -6.967686e-05 1.885875e-05
10302.000000 -2.870737e-05 -7.009909e-07 -6.331190e-08 -1.047648e-06 4.795527e-05 -5.271571e-04 -6.871618e-05 1.225258e-05
10307.000000 -2.862362e-05 -7.033460e-07 -6.357796e-08 -1.046785e-06 5.270239e-05 -5.292889e-04 -5.741485e-05 2.433893e-05
10312.000000 -2.860138e-05 -7.066961e-07 -6.403413e-08 -1.048872e-06 4.900835e-05 -5.240831e-04 -5.477578e-05 3.298289e-05
10317.000000 -2.860548e-05 -7.094427e-07 -6.387671e-08 -1.053106e-06 4.587004e-05 -5.324888e-04 -6.253885e-05 3.113136e-05
10322.000000 -2.853951e-05 -7.113926e-07 -6.329551e-08 -1.053165e-06 4.759980e-05 -5.152254e-04 -6.405059e-05 2.642669e-05
10327.000000 -2.853355e-05 -7.141389e-07 -6.300567e-08 -1.056810e-06 4.594704e-05 -5.389726e-04 -5.657720e-05 2.799988e-05
10332.000000 -2.843474e-05 -7.149067e-07 -6.224137e-08 -1.058358e-06 4.210379e-05 -5.149354e-04 -5.175034e-05 2.258799e-05
10337.000000 -2.854156e-05 -7.206428e-07 -6.261278e-08 -1.066103e-06 5.098349e-05 -5.226936e-04 -4.790806e-05 2.274448e-05
10341.000000 -2.849187e-05 -7.197813e-07 -6.300521e-08 -1.067786e-06 5.562090e-05 -5.065997e-04 -4.720631e-05 2.400322e-05
10344.000000 -2.844203e-05 -7.205886e-07 -6.367561e-08 -1.068748e-06 5.906720e-05 -5.494345e-04 -5.420207e-05 2.874907e-05
10346.000000 -2.842148e-05 -7.212008e-07 -6.441689e-08 -1.070687e-06 5.789330e-05 -5.483509e-04 -4.091936e-05 2.585714e-05
10347.000000 -2.835267e-05 -7.194437e-07 -6.461432e-08 -1.068768e-06 5.781144e-05 -5.773758e-04 -4.400924e-05 2.518835e-05
10347.200000 -2.832019e-05 -7.190728e-07 -6.485013e-08 -1.067144e-06 5.326620e-05 -5.931178e-04 -5.231937e-05 2.242670e-05
10347.400000 -2.839754e-05 -7.189242e-07 -6.488213e-08 -1.072194e-06 6.085024e-05 -5.613127e-04 -5.328713e-05 3.352426e-05
10347.600000 -2.843389e-05 -7.209812e-07 -6.504619e-08 -1.075047e-06 4.749012e-05 -5.621375e-04 -5.736055e-05 3.558157e-05
10347.800000 -2.843271e-05 -7.210028e-07 -6.497626e-08 -1.075344e-06 4.727289e-05 -5.928498e-04 -5.242742e-05 3.470058e-05
10348.000000 -2.842924e-05 -7.206006e-07 -6.492960e-08 -1.075171e-06 4.888677e-05 -5.891945e-04 -5.350311e-05 3.554394e-05
10348.200000 -2.842534e-05 -7.209209e-07 -6.513636e-08 -1.074624e-06 4.120314e-05 -5.597273e-04 -3.823246e-05 3.751606e-05
10348.400000 -2.842081e-05 -7.228753e-07 -6.578091e-08 -1.074393e-06 4.377138e-05 -5.659411e-04 -3.796011e-05 4.255433e-05
10348.600000 -2.840852e-05 -7.219981e-07 -6.588974e-08 -1.073996e-06 3.954152e-05 -5.703567e-04 -3.773946e-05 4.468405e-05
10348.800000 -2.837667e-05 -7.207871e-07 -6.596389e-08 -1.072485e-06 3.671901e-05 -5.582803e-04 -4.382557e-05 3.874851e-05
10349.000000 -2.832615e-05 -7.186043e-07 -6.561992e-08 -1.070465e-06 4.626580e-05 -5.710246e-04 -3.412620e-05 4.088803e-05
10349.200000 -2.833624e-05 -7.209464e-07 -6.552572e-08 -1.070668e-06 4.915002e-05 -5.772784e-04 -4.392504e-05 4.273568e-05
10349.400000 -2.838817e-05 -7.214471e-07 -6.549212e-08 -1.074056e-06 3.909055e-05 -6.010464e-04 -4.595319e-05 4.741820e-05
10349.600000 -2.837314e-05 -7.201029e-07 -6.533133e-08 -1.073665e-06 3.523280e-05 -5.993961e-04 -3.523328e-05 4.874410e-05
10349.800000 -2.840559e-05 -7.218663e-07 -6.576118e-08 -1.075067e-06 4.330602e-05 -5.796123e-04 -3.442729e-05 3.280035e-05
10350.000000 -2.841655e-05 -7.222144e-07 -6.600643e-08 -1.076020e-06 4.626912e-05 -5.720271e-04 -4.350934e-05 3.231361e-05
10350.200000 -2.838731e-05 -7.214054e-07 -6.608177e-08 -1.075357e-06 4.267077e-05 -5.493730e-04 -4.533233e-05 3.961698e-05
10350.400000 -2.839088e-05 -7.216474e-07 -6.588412e-08 -1.076088e-06 4.392874e-05 -5.437508e-04 -4.212094e-05 3.651012e-05
10350.600000 -2.841501e-05 -7.231122e-07 -6.602595e-08 -1.077081e-06 5.330039e-05 -5.349949e-04 -3.866389e-05 5.035866e-05
10350.800000 -2.840799e-05 -7.229773e-07 -6.617686e-08 -1.077480e-06 5.942310e-05 -5.594955e-04 -3.228387e-05 5.267805e-05
10351.000000 -2.837111e-05 -7.216702e-07 -6.614551e-08 -1.076804e-06 5.678028e-05 -5.617701e-04 -4.375420e-05 4.255718e-05
10351.200000 -2.837360e-05 -7.208459e-07 -6.597946e-08 -1.077633e-06 5.240457e-05 -5.608259e-04 -4.308017e-05 4.233978e-05
10351.400000 -2.840571e-05 -7.230331e-07 -6.623449e-08 -1.079634e-06 4.931384e-05 -5.600333e-04 -5.678804e-05 4.190637e-05
10351.600000 -2.838416e-05 -7.225287e-07 -6.644737e-08 -1.078881e-06 5.475254e-05 -5.783317e-04 -5.589581e-05 4.440634e-05
10351.800000 -2.834600e-05 -7.239785e-07 -6.669720e-08 -1.076998e-06 4.964859e-05 -5.565875e-04 -3.953828e-05 4.601173e-05
10352.000000 -2.831864e-05 -7.213311e-07 -6.666694e-08 -1.076531e-06 4.703810e-05 -5.587579e-04 -5.475496e-05 3.989036e-05
10352.200000 -2.834697e-05 -7.196443e-07 -6.669165e-08 -1.078360e-06 4.356880e-05 -5.682334e-04 -6.042423e-05 3.558602e-05
10352.400000 -2.838375e-05 -7.238936e-07 -6.716305e-08 -1.079980e-06 4.327934e-05 -5.565654e-04 -6.291805e-05 3.216918e-05
10352.600000 -2.839475e-05 -7.239948e-07 -6.697330e-08 -1.081363e-06 5.774201e-05 -5.352925e-04 -4.272576e-05 3.520460e-05
10352.800000 -2.837519e-05 -7.221540e-07 -6.670039e-08 -1.081424e-06 4.647175e-05 -5.414123e-04 -6.243857e-05 3.481325e-05
10353.000000 -2.838314e-05 -7.239394e-07 -6.690514e-08 -1.081772e-06 4.417398e-05 -5.622805e-04 -6.501540e-05 3.063865e-05
10353.200000 -2.837495e-05 -7.235378e-07 -6.659864e-08 -1.082095e-06 4.545893e-05 -5.508832e-04 -6.157503e-05 3.677145e-05
10353.400000 -2.838109e-05 -7.240442e-07 -6.674489e-08 -1.082927e-06 4.617312e-05 -5.541064e-04 -6.889530e-05 4.162500e-05
10353.600000 -2.837341e-05 -7.240287e-07 -6.693964e-08 -1.082661e-06 5.785889e-05 -5.771199e-04 -6.770864e-05 4.643258e-05
10353.800000 -2.835121e-05 -7.233525e-07 -6.702021e-08 -1.082190e-06 6.053515e-05 -5.782956e-04 -7.307928e-05 4.372387e-05
10354.000000 -2.837546e-05 -7.238388e-07 -6.698379e-08 -1.083643e-06 5.330294e-05 -5.688280e-04 -6.069465e-05 4.138004e-05
10354.200000 -2.838050e-05 -7.241816e-07 -6.691919e-08 -1.084133e-06 4.894032e-05 -5.534420e-04 -5.333812e-05 3.168602e-05
10354.400000 -2.836202e-05 -7.227698e-07 -6.652777e-08 -1.084041e-06 4.222365e-05 -5.641086e-04 -4.478542e-05 2.662151e-05
10354.600000 -2.838335e-05 -7.242706e-07 -6.654603e-08 -1.085103e-06 4.834074e-05 -5.688826e-04 -4.767389e-05 3.551278e-05
10354.800000 -2.837602e-05 -7.246750e-07 -6.676984e-08 -1.085110e-06 4.758511e-05 -5.735184e-04 -5.562308e-05 3.702126e-05
10355.000000 -2.837406e-05 -7.240284e-07 -6.699551e-08 -1.085912e-06 4.209438e-05 -5.670876e-04 -6.515052e-05 3.901818e-05
10355.200000 -2.837849e-05 -7.245198e-07 -6.726150e-08 -1.085982e-06 4.541612e-05 -5.526930e-04 -4.519623e-05 4.614588e-05
10355.400000 -2.837484e-05 -7.246808e-07 -6.743938e-08 -1.086336e-06 4.012504e-05 -5.536403e-04 -4.679432e-05 3.400313e-05
10355.600000 -2.836860e-05 -7.244966e-07 -6.737924e-08 -1.086064e-06 4.359965e-05 -5.513328e-04 -4.210357e-05 3.563994e-05
10355.800000 -2.835570e-05 -7.234991e-07 -6.713586e-08 -1.086715e-06 4.346233e-05 -5.685163e-04 -4.512836e-05 4.109209e-05
10356.000000 -2.837207e-05 -7.233521e-07 -6.700759e-08 -1.088244e-06 3.679973e-05 -5.621211e-04 -5.050722e-05 3.967714e-05
10356.200000 -2.835718e-05 -7.243436e-07 -6.725480e-08 -1.087901e-06 4.105611e-05 -5.506257e-04 -4.519432e-05 3.559128e-05
10356.400000 -2.832038e-05 -7.225914e-07 -6.721894e-08 -1.086663e-06 5.384444e-05 -5.415297e-04 -5.120074e-05 4.230516e-05
10356.600000 -2.831417e-05 -7.221009e-07 -6.734610e-08 -1.087079e-06 5.394741e-05 -5.664648e-04 -5.206346e-05 3.781041e-05
10356.800000 -2.832803e-05 -7.219949e-07 -6.749911e-08 -1.087961e-06 4.905038e-05 -5.554352e-04 -4.346254e-05 4.238115e-05
10357.000000 -2.833432e-05 -7.233249e-07 -6.746882e-08 -1.088686e-06 4.219773e-05 -5.553030e-04 -4.545882e-05 4.255845e-05
10357.200000 -2.831515e-05 -7.232811e-07 -6.720922e-08 -1.089075e-06 3.781658e-05 -5.521394e-04 -4.311912e-05 3.882997e-05
10357.400000 -2.829983e-05 -7.245260e-07 -6.731120e-08 -1.087887e-06 4.055416e-05 -5.643802e-04 -3.720919e-05 3.777494e-05
10357.600000 -2.826692e-05 -7.224180e-07 -6.716050e-08 -1.086899e-06 5.168968e-05 -5.545999e-04 -3.067057e-05 4.505498e-05
10357.800000 -2.828492e-05 -7.231880e-07 -6.715867e-08 -1.088826e-06 5.511006e-05 -5.732893e-04 -4.687298e-05 3.425736e-05
10358.000000 -2.825115e-05 -7.222058e-07 -6.710727e-08 -1.088008e-06 4.328226e-05 -5.696019e-04 -4.977601e-05 3.362875e-05
10358.200000 -2.823963e-05 -7.202685e-07 -6.698797e-08 -1.088129e-06 5.155389e-05 -5.661567e-04 -3.652743e-05 3.758555e-05
10358.400000 -2.825929e-05 -7.203858e-07 -6.708728e-08 -1.090308e-06 4.440116e-05 -5.816024e-04 -3.253402e-05 3.651519e-05
10358.600000 -2.831422e-05 -7.220296e-07 -6.698866e-08 -1.094418e-06 4.201656e-05 -5.707796e-04 -3.979558e-05 3.377464e-05
10358.800000 -2.831246e-05 -7.228736e-07 -6.695813e-08 -1.094908e-06 4.837052e-05 -5.740452e-04 -4.844987e-05 2.568514e-05
10359.000000 -2.833075e-05 -7.243947e-07 -6.725278e-08 -1.096413e-06 4.969399e-05 -5.589434e-04 -5.096195e-05 2.455002e-05
10359.200000 -2.827615e-05 -7.216008e-07 -6.714909e-08 -1.094351e-06 6.049334e-05 -5.478159e-04 -5.202001e-05 2.942679e-05
10359.400000 -2.820897e-05 -7.221832e-07 -6.731357e-08 -1.091389e-06 6.122508e-05 -5.673716e-04 -4.626331e-05 2.521738e-05
10359.600000 -2.817321e-05 -7.206705e-07 -6.722779e-08 -1.090682e-06 4.814987e-05 -5.716190e-04 -7.038970e-05 1.542055e-05
10359.800000 -2.820361e-05 -7.234954e-07 -6.734240e-08 -1.092980e-06 5.811703e-05 -5.546593e-04 -5.961608e-05 1.940170e-05
10360.000000 -2.816966e-05 -7.219901e-07 -6.734863e-08 -1.092206e-06 5.354601e-05 -5.516346e-04 -4.658473e-05 2.094798e-05
10360.200000 -2.819356e-05 -7.231520e-07 -6.750310e-08 -1.094153e-06 4.388053e-05 -5.753029e-04 -4.786022e-05 2.101463e-05
10360.400000 -2.822656e-05 -7.224507e-07 -6.757203e-08 -1.097192e-06 4.028125e-05 -5.660629e-04 -5.738071e-05 1.978663e-05
10360.600000 -2.823417e-05 -7.219184e-07 -6.742565e-08 -1.098558e-06 4.475148e-05 -5.519472e-04 -4.388612e-05 1.780300e-05
10360.800000 -2.823776e-05 -7.237273e-07 -6.749263e-08 -1.099855e-06 4.891920e-05 -5.456891e-04 -4.260618e-05 9.227826e-06
10361.000000 -2.815211e-05 -7.209554e-07 -6.729585e-08 -1.096404e-06 5.144434e-05 -5.293072e-04 -4.909750e-05 1.650925e-05
10361.200000 -2.810545e-05 -7.225354e-07 -6.731381e-08 -1.094842e-06 4.657439e-05 -5.132189e-04 -6.332743e-05 2.682663e-05
10361.400000 -2.812176e-05 -7.229958e-07 -6.726678e-08 -1.097450e-06 4.567936e-05 -5.102897e-04 -5.523228e-05 2.461568e-05
10361.600000 -2.819226e-05 -7.237556e-07 -6.747978e-08 -1.102417e-06 5.466101e-05 -5.411519e-04 -5.936873e-05 2.139146e-05
10361.800000 -2.826159e-05 -7.245231e-07 -6.754917e-08 -1.107957e-06 4.553827e-05 -5.423540e-04 -5.659609e-05 2.052590e-05
10362.000000 -2.827422e-05 -7.237353e-07 -6.748137e-08 -1.110648e-06 4.856215e-05 -5.326832e-04 -4.713225e-05 2.679184e-05
10362.200000 -2.828061e-05 -7.235989e-07 -6.729633e-08 -1.112531e-06 5.337358e-05 -5.656695e-04 -5.822505e-05 1.892554e-05
10362.400000 -2.828863e-05 -7.241724e-07 -6.720090e-08 -1.114471e-06 5.037941e-05 -5.545478e-04 -6.389174e-05 2.830505e-06
10362.600000 -2.827594e-05 -7.229500e-07 -6.696504e-08 -1.116684e-06 5.926162e-05 -5.874437e-04 -6.817125e-05 6.627667e-06
10362.800000 -2.828014e-05 -7.216578e-07 -6.690405e-08 -1.118720e-06 6.710138e-05 -5.835268e-04 -5.602588e-05 1.968392e-05
10363.000000 -2.827626e-05 -7.218241e-07 -6.707601e-08 -1.120318e-06 7.608210e-05 -5.813595e-04 -5.557667e-05 1.911175e-05
10363.200000 -2.827547e-05 -7.229626e-07 -6.727737e-08 -1.121769e-06 6.846070e-05 -5.971451e-04 -6.235094e-05 1.733509e-05
10363.400000 -2.821430e-05 -7.195934e-07 -6.719538e-08 -1.120619e-06 6.681250e-05 -5.942481e-04 -6.097835e-05 1.545589e-05
10363.600000 -2.817235e-05 -7.210806e-07 -6.737365e-08 -1.119398e-06 6.182507e-05 -5.768485e-04 -4.918793e-05 2.550641e-05
10363.800000 -2.821149e-05 -7.218309e-07 -6.730901e-08 -1.123705e-06 6.179609e-05 -5.655711e-04 -5.194738e-05 2.681138e-05
10364.000000 -2.825038e-05 -7.192650e-07 -6.676252e-08 -1.129330e-06 6.444707e-05 -5.563543e-04 -5.307593e-05 2.219870e-05
10364.200000 -2.827071e-05 -7.195133e-07 -6.691939e-08 -1.132700e-06 6.724786e-05 -5.655740e-04 -3.986586e-05 2.348186e-05
10364.400000 -2.825958e-05 -7.177876e-07 -6.698403e-08 -1.134482e-06 6.177247e-05 -5.878122e-04 -5.245726e-05 1.537202e-05
10364.600000 -2.825645e-05 -7.183076e-07 -6.707588e-08 -1.136961e-06 5.670888e-05 -6.092075e-04 -6.053544e-05 5.735960e-06
10364.800000 -2.826462e-05 -7.182400e-07 -6.695448e-08 -1.140520e-06 5.548325e-05 -5.854752e-04 -5.675580e-05 9.395437e-06
10365.000000 -2.822538e-05 -7.179021e-07 -6.703489e-08 -1.141454e-06 5.356323e-05 -5.825095e-04 -6.240815e-05 2.371417e-05
10365.200000 -2.823441e-05 -7.173617e-07 -6.669864e-08 -1.145619e-06 5.130949e-05 -5.881683e-04 -5.545265e-05 2.695622e-05
10365.400000 -2.822240e-05 -7.163457e-07 -6.645630e-08 -1.149621e-06 5.149106e-05 -6.059368e-04 -4.570029e-05 2.172414e-05
10365.600000 -2.821600e-05 -7.156159e-07 -6.635624e-08 -1.152250e-06 4.543645e-05 -6.008145e-04 -6.003685e-05 2.144207e-05
10365.800000 -2.822143e-05 -7.156269e-07 -6.625202e-08 -1.156704e-06 4.583900e-05 -5.891208e-04 -5.050498e-05 2.192459e-05
10366.000000 -2.822239e-05 -7.162283e-07 -6.640509e-08 -1.161401e-06 6.239081e-05 -5.725553e-04 -5.054527e-05 1.775950e-05
10366.200000 -2.821606e-05 -7.141112e-07 -6.625997e-08 -1.166348e-06 6.985332e-05 -5.482171e-04 -4.602269e-05 2.409754e-05
10366.400000 -2.821981e-05 -7.138074e-07 -6.619731e-08 -1.172247e-06 5.329251e-05 -5.740977e-04 -4.281870e-05 2.293565e-05
10366.600000 -2.821728e-05 -7.119424e-07 -6.612834e-08 -1.178849e-06 5.056399e-05 -5.628617e-04 -4.701418e-05 2.449316e-05
10366.800000 -2.821883e-05 -7.120328e-07 -6.604482e-08 -1.185561e-06 5.785003e-05 -6.017882e-04 -3.993770e-05 2.074366e-05
10367.000000 -2.819959e-05 -7.093883e-07 -6.584894e-08 -1.192776e-06 6.145018e-05 -5.929376e-04 -4.666170e-05 1.780396e-05
10367.200000 -2.816525e-05 -7.101982e-07 -6.588427e-08 -1.198647e-06 5.659091e-05 -5.793726e-04 -5.922810e-05 2.264496e-05
10367.400000 -2.798979e-05 -6.988694e-07 -6.504579e-08 -1.198059e-06 6.104809e-05 -5.703240e-04 -4.821610e-05 2.660992e-05
10367.600000 -2.797273e-05 -6.999600e-07 -6.508509e-08 -1.207434e-06 6.566426e-05 -5.881998e-04 -5.489923e-05 1.808526e-05
10367.800000 -2.801940e-05 -7.030579e-07 -6.539401e-08 -1.222252e-06 6.086861e-05 -5.711356e-04 -4.514908e-05 3.704130e-05
10368.000000 -2.799680e-05 -6.995330e-07 -6.502300e-08 -1.235183e-06 5.885732e-05 -5.673050e-04 -5.171630e-05 3.544374e-05
10368.200000 -2.802737e-05 -6.955946e-07 -6.482578e-08 -1.252798e-06 5.473582e-05 -5.920495e-04 -4.890586e-05 4.133551e-05
10368.400000 -2.808299e-05 -6.925403e-07 -6.455360e-08 -1.274574e-06 5.050345e-05 -5.750786e-04 -4.400744e-05 3.646665e-05
10368.600000 -2.814329e-05 -6.957933e-07 -6.467725e-08 -1.297313e-06 5.258230e-05 -5.690749e-04 -4.178876e-05 3.842619e-05
10368.800000 -2.807675e-05 -6.846660e-07 -6.363244e-08 -1.315804e-06 4.973392e-05 -5.726498e-04 -4.633992e-05 3.403054e-05
10369.000000 -2.810728e-05 -6.849083e-07 -6.361795e-08 -1.340840e-06 4.876659e-05 -5.666761e-04 -4.919653e-05 4.304639e-05
10369.200000 -2.807838e-05 -6.825632e-07 -6.333524e-08 -1.365972e-06 4.927186e-05 -5.536128e-04 -4.588766e-05 3.745181e-05
10369.400000 -2.807001e-05 -6.743640e-07 -6.261479e-08 -1.394850e-06 4.826444e-05 -5.531083e-04 -5.644604e-05 3.373105e-05
10369.600000 -2.812025e-05 -6.723080e-07 -6.249536e-08 -1.429802e-06 5.749267e-05 -5.443731e-04 -5.107279e-05 3.204055e-05
10369.800000 -2.816827e-05 -6.693658e-07 -6.199570e-08 -1.467726e-06 6.212656e-05 -5.982004e-04 -5.202007e-05 3.319758e-05
10370.000000 -2.815443e-05 -6.626031e-07 -6.136890e-08 -1.504077e-06 5.524437e-05 -5.961835e-04 -4.918425e-05 3.205343e-05
10370.200000 -2.810838e-05 -6.520383e-07 -6.058976e-08 -1.540662e-06 4.852593e-05 -5.716626e-04 -4.775106e-05 2.426224e-05
10370.400000 -2.812655e-05 -6.483890e-07 -5.996477e-08 -1.586539e-06 5.485962e-05 -5.664926e-04 -4.702520e-05 1.779279e-05
10370.600000 -2.813929e-05 -6.419736e-07 -5.939663e-08 -1.633969e-06 4.840678e-05 -5.677062e-04 -5.940677e-05 2.015974e-05
10370.800000 -2.813319e-05 -6.336977e-07 -5.864301e-08 -1.683116e-06 5.667410e-05 -5.520429e-04 -4.300062e-05 3.385293e-05
10371.000000 -2.812003e-05 -6.265233e-07 -5.798129e-08 -1.734294e-06 5.386361e-05 -5.547980e-04 -4.404738e-05 2.327518e-05
10371.200000 -2.806664e-05 -6.191352e-07 -5.744479e-08 -1.785981e-06 5.349695e-05 -5.734593e-04 -4.722636e-05 7.373141e-06
10371.400000 -2.804588e-05 -6.111919e-07 -5.681320e-08 -1.844017e-06 5.790271e-05 -5.900033e-04 -4.770445e-05 1.507709e-05
10371.600000 -2.802219e-05 -6.029836e-07 -5.610807e-08 -1.905466e-06 7.044309e-05 -5.624910e-04 -4.541810e-05 2.807776e-05
10371.800000 -2.801662e-05 -5.946435e-07 -5.517548e-08 -1.971207e-06 7.067816e-05 -5.572752e-04 -4.976789e-05 2.891744e-05
10372.000000 -2.790558e-05 -5.842600e-07 -5.401520e-08 -2.028166e-06 6.659497e-05 -5.611643e-04 -5.253883e-05 2.530608e-05
10372.200000 -2.790248e-05 -5.757222e-07 -5.314925e-08 -2.097751e-06 6.494519e-05 -5.568273e-04 -5.632374e-05 1.565512e-05
10372.400000 -2.798664e-05 -5.715647e-07 -5.273163e-08 -2.175839e-06 6.412577e-05 -5.573488e-04 -5.298446e-05 2.183652e-05
10372.600000 -2.806880e-05 -5.638148e-07 -5.220567e-08 -2.257153e-06 6.405535e-05 -5.546200e-04 -5.554940e-05 2.310246e-05
10372.800000 -2.810195e-05 -5.570719e-07 -5.165040e-08 -2.327814e-06 4.737064e-05 -5.659451e-04 -6.271257e-05 2.193090e-05
10373.000000 -2.809020e-05 -5.497167e-07 -5.091181e-08 -2.390043e-06 5.067729e-05 -5.725300e-04 -5.400519e-05 1.775479e-05
10373.200000 -2.808353e-05 -5.446934e-07 -5.017161e-08 -2.447841e-06 5.646703e-05 -5.888253e-04 -3.809193e-05 2.651991e-05
10373.400000 -2.808994e-05 -5.378806e-07 -4.935746e-08 -2.502663e-06 5.704150e-05 -5.796214e-04 -4.646414e-05 2.501681e-05
10373.600000 -2.809761e-05 -5.335593e-07 -4.891923e-08 -2.551454e-06 5.638263e-05 -5.750088e-04 -5.373500e-05 3.214392e-05
10373.800000 -2.811281e-05 -5.293338e-07 -4.863894e-08 -2.595865e-06 5.434557e-05 -5.936661e-04 -6.231437e-05 1.870090e-05
10374.000000 -2.811395e-05 -5.249267e-07 -4.829872e-08 -2.631500e-06 5.628495e-05 -5.640318e-04 -3.821810e-05 2.428722e-05
10374.200000 -2.815055e-05 -5.256742e-07 -4.837805e-08 -2.665268e-06 5.661183e-05 -5.362096e-04 -3.679439e-05 2.909148e-05
10374.400000 -2.816687e-05 -5.224898e-07 -4.810044e-08 -2.693097e-06 5.294118e-05 -5.556534e-04 -3.577876e-05 3.412597e-05
10374.600000 -2.818049e-05 -5.213944e-07 -4.781577e-08 -2.717700e-06 5.864505e-05 -5.745000e-04 -5.567198e-05 2.369875e-05
10374.800000 -2.816416e-05 -5.186604e-07 -4.751137e-08 -2.734456e-06 6.131660e-05 -5.726545e-04 -4.382968e-05 3.171253e-05
10375.000000 -2.819137e-05 -5.176854e-07 -4.740328e-08 -2.754857e-06 6.346705e-05 -5.608504e-04 -4.566141e-05 3.120911e-05
10375.200000 -2.819408e-05 -5.164913e-07 -4.738352e-08 -2.770789e-06 6.894997e-05 -5.374224e-04 -4.611117e-05 3.505490e-05
10375.400000 -2.818951e-05 -5.141582e-07 -4.710224e-08 -2.783379e-06 7.805871e-05 -5.577036e-04 -5.275826e-05 4.115230e-05
10375.600000 -2.821207e-05 -5.153665e-07 -4.730478e-08 -2.799079e-06 6.875767e-05 -5.515230e-04 -5.526244e-05 4.789211e-05
10375.800000 -2.820783e-05 -5.140848e-07 -4.738594e-08 -2.809872e-06 6.958068e-05 -5.368229e-04 -5.047994e-05 4.849100e-05
10376.000000 -2.816195e-05 -5.122164e-07 -4.719886e-08 -2.812800e-06 6.395528e-05 -5.291960e-04 -6.541466e-05 3.004577e-05
10376.200000 -2.814345e-05 -5.130369e-07 -4.731321e-08 -2.814398e-06 6.930769e-05 -5.497214e-04 -6.426772e-05 3.268368e-05
10376.400000 -2.813780e-05 -5.104327e-07 -4.704850e-08 -2.819490e-06 6.920626e-05 -5.524127e-04 -5.346797e-05 2.809569e-05
10376.600000 -2.814317e-05 -5.123852e-07 -4.698720e-08 -2.821167e-06 6.295548e-05 -5.193592e-04 -5.709419e-05 1.667869e-05
10376.800000 -2.810513e-05 -5.105340e-07 -4.694017e-08 -2.814310e-06 6.220798e-05 -4.935236e-04 -6.736854e-05 1.876806e-05
10377.000000 -2.810251e-05 -5.133774e-07 -4.725027e-08 -2.807350e-06 6.101692e-05 -5.057364e-04 -6.445313e-05 1.704573e-05
10377.200000 -2.808901e-05 -5.122342e-07 -4.706708e-08 -2.795832e-06 5.553285e-05 -5.430609e-04 -6.297431e-05 2.863603e-05
10377.400000 -2.809207e-05 -5.148989e-07 -4.710173e-08 -2.783424e-06 5.556100e-05 -5.556670e-04 -5.676784e-05 3.407170e-05
10377.600000 -2.813376e-05 -5.188823e-07 -4.751730e-08 -2.774521e-06 5.695285e-05 -5.721703e-04 -5.269695e-05 2.984567e-05
10377.800000 -2.813899e-05 -5.163508e-07 -4.751447e-08 -2.756676e-06 5.931002e-05 -6.005022e-04 -4.599731e-05 3.342120e-05
10378.000000 -2.816662e-05 -5.202316e-07 -4.779985e-08 -2.739190e-06 5.396504e-05 -6.042272e-04 -4.402459e-05 4.346281e-05
10378.200000 -2.817928e-05 -5.232612e-07 -4.810895e-08 -2.716871e-06 4.975667e-05 -6.056049e-04 -3.806457e-05 3.880040e-05
10378.400000 -2.814501e-05 -5.261601e-07 -4.828876e-08 -2.686517e-06 4.990976e-05 -6.091193e-04 -3.894585e-05 2.867607e-05
10378.600000 -2.808972e-05 -5.289784e-07 -4.841884e-08 -2.649797e-06 4.758340e-05 -5.919291e-04 -4.402616e-05 2.660218e-05
10378.800000 -2.799253e-05 -5.283001e-07 -4.828374e-08 -2.610204e-06 4.444681e-05 -5.712220e-04 -4.368267e-05 3.514479e-05
10379.000000 -2.807307e-05 -5.339486e-07 -4.887457e-08 -2.594450e-06 4.997253e-05 -5.973550e-04 -3.997663e-05 3.781544e-05
10379.200000 -2.814148e-05 -5.361323e-07 -4.888701e-08 -2.577306e-06 6.137944e-05 -5.779126e-04 -4.613533e-05 3.699276e-05
10379.400000 -2.818634e-05 -5.403739e-07 -4.956083e-08 -2.556310e-06 5.571111e-05 -5.793546e-04 -4.012259e-05 3.851798e-05
10379.600000 -2.818458e-05 -5.414394e-07 -4.973091e-08 -2.529840e-06 5.290227e-05 -5.802384e-04 -4.298513e-05 3.086923e-05
10379.800000 -2.816346e-05 -5.419727e-07 -4.981217e-08 -2.498799e-06 5.167940e-05 -5.871294e-04 -2.997519e-05 4.329470e-05
10380.000000 -2.816948e-05 -5.471635e-07 -5.025686e-08 -2.469237e-06 5.200706e-05 -6.026534e-04 -4.017044e-05 4.957327e-05
10380.200000 -2.814153e-05 -5.505720e-07 -5.048984e-08 -2.435760e-06 4.618394e-05 -5.843499e-04 -4.174742e-05 4.357630e-05
10380.400000 -2.813014e-05 -5.546624e-07 -5.100610e-08 -2.402992e-06 6.114581e-05 -5.620277e-04 -4.579453e-05 4.163523e-05
10380.600000 -2.811623e-05 -5.567865e-07 -5.105432e-08 -2.370498e-06 6.125502e-05 -5.422016e-04 -3.171274e-05 4.966612e-05
10380.800000 -2.808250e-05 -5.599461e-07 -5.149783e-08 -2.336080e-06 4.492001e-05 -5.712394e-04 -4.145673e-05 4.533046e-05
10381.000000 -2.815036e-05 -5.671167e-07 -5.210850e-08 -2.311821e-06 5.562647e-05 -5.625216e-04 -5.283412e-05 4.106437e-05
10381.200000 -2.816554e-05 -5.695285e-07 -5.231540e-08 -2.283359e-06 5.403310e-05 -5.900228e-04 -5.161752e-05 3.891923e-05
10381.400000 -2.817785e-05 -5.720210e-07 -5.259204e-08 -2.255858e-06 5.955094e-05 -5.901165e-04 -5.574884e-05 3.500265e-05
10381.600000 -2.813688e-05 -5.740269e-07 -5.289985e-08 -2.222505e-06 5.690200e-05 -5.663782e-04 -6.522959e-05 3.798950e-05
10381.800000 -2.806185e-05 -5.792294e-07 -5.342274e-08 -2.183416e-06 6.640649e-05 -5.557162e-04 -5.958648e-05 4.027777e-05
10382.000000 -2.804945e-05 -5.812662e-07 -5.339530e-08 -2.154817e-06 5.403991e-05 -5.493293e-04 -5.906007e-05 4.627508e-05
10382.200000 -2.802056e-05 -5.824517e-07 -5.338992e-08 -2.127128e-06 4.953286e-05 -5.430597e-04 -5.678610e-05 3.491988e-05
10382.400000 -2.806283e-05 -5.856960e-07 -5.369587e-08 -2.107309e-06 5.318538e-05 -5.422309e-04 -4.307413e-05 3.017642e-05
10382.600000 -2.812920e-05 -5.906187e-07 -5.417964e-08 -2.092591e-06 5.583726e-05 -5.486056e-04 -4.274316e-05 3.455035e-05
10382.800000 -2.813904e-05 -5.919862e-07 -5.413442e-08 -2.072751e-06 5.731031e-05 -5.499688e-04 -4.551331e-05 3.778000e-05
10383.000000 -2.814123e-05 -5.930674e-07 -5.460678e-08 -2.053650e-06 5.324647e-05 -5.382818e-04 -4.463050e-05 5.052215e-05
10383.200000 -2.814843e-05 -5.963687e-07 -5.494900e-08 -2.036485e-06 5.166509e-05 -5.613384e-04 -4.603685e-05 5.292382e-05
10383.400000 -2.816899e-05 -5.995529e-07 -5.507642e-08 -2.022852e-06 5.707674e-05 -5.359564e-04 -5.283578e-05 4.764004e-05
10383.600000 -2.815906e-05 -5.999522e-07 -5.506457e-08 -2.008302e-06 5.345479e-05 -5.252531e-04 -5.795343e-05 3.702130e-05
10383.800000 -2.817000e-05 -6.013451e-07 -5.524219e-08 -1.996001e-06 5.908789e-05 -5.493517e-04 -6.917375e-05 2.392124e-05
10384.000000 -2.817162e-05 -6.042313e-07 -5.540518e-08 -1.984505e-06 5.861158e-05 -5.594878e-04 -6.581187e-05 2.192959e-05
10384.200000 -2.811167e-05 -6.034063e-07 -5.540703e-08 -1.969307e-06 5.521547e-05 -5.716893e-04 -6.150145e-05 3.073876e-05
10384.400000 -2.808568e-05 -6.048665e-07 -5.551940e-08 -1.957806e-06 5.927233e-05 -5.950827e-04 -5.538997e-05 3.087509e-05
10384.600000 -2.812946e-05 -6.063717e-07 -5.580814e-08 -1.956781e-06 5.203750e-05 -5.742548e-04 -4.763604e-05 2.321979e-05
10384.800000 -2.814987e-05 -6.077821e-07 -5.579511e-08 -1.952304e-06 5.644943e-05 -5.535960e-04 -5.517502e-05 2.418994e-05
10385.000000 -2.814081e-05 -6.085004e-07 -5.593358e-08 -1.945246e-06 6.253346e-05 -5.560004e-04 -5.613595e-05 2.378574e-05
10385.200000 -2.808895e-05 -6.071454e-07 -5.590785e-08 -1.935212e-06 5.696978e-05 -5.613765e-04 -6.210830e-05 2.546559e-05
10385.400000 -2.810198e-05 -6.096560e-07 -5.602897e-08 -1.932236e-06 5.473729e-05 -5.547406e-04 -5.291318e-05 3.436420e-05
10385.600000 -2.809151e-05 -6.078326e-07 -5.593490e-08 -1.927797e-06 5.325702e-05 -5.638291e-04 -4.511875e-05 3.202156e-05
10385.800000 -2.807297e-05 -6.091067e-07 -5.605882e-08 -1.922534e-06 4.780680e-05 -5.219411e-04 -5.296298e-05 3.530475e-05
10386.000000 -2.811480e-05 -6.116497e-07 -5.624068e-08 -1.924380e-06 5.890943e-05 -5.192109e-04 -6.346961e-05 3.368690e-05
10386.200000 -2.814362e-05 -6.112862e-07 -5.615321e-08 -1.925674e-06 5.805960e-05 -5.367145e-04 -6.295724e-05 2.703876e-05
10386.400000 -2.814990e-05 -6.124389e-07 -5.622758e-08 -1.924622e-06 6.350652e-05 -5.042433e-04 -5.682998e-05 3.272362e-05
10386.600000 -2.813486e-05 -6.102192e-07 -5.589515e-08 -1.923054e-06 5.858322e-05 -5.049349e-04 -5.101552e-05 3.273002e-05
10386.800000 -2.813414e-05 -6.129418e-07 -5.609855e-08 -1.921537e-06 5.441839e-05 -5.213367e-04 -6.093003e-05 3.345314e-05
10387.000000 -2.807672e-05 -6.125743e-07 -5.612836e-08 -1.914252e-06 6.017401e-05 -4.973364e-04 -7.475248e-05 3.606547e-05
10387.200000 -2.806089e-05 -6.135390e-07 -5.617231e-08 -1.912567e-06 6.571119e-05 -5.282361e-04 -6.147032e-05 3.678096e-05
10387.400000 -2.805799e-05 -6.098009e-07 -5.574347e-08 -1.913635e-06 6.348341e-05 -4.988835e-04 -6.823389e-05 3.582729e-05
10387.600000 -2.809999e-05 -6.117103e-07 -5.586580e-08 -1.919798e-06 5.727970e-05 -5.024550e-04 -9.518166e-05 3.406269e-05
10387.800000 -2.810686e-05 -6.121055e-07 -5.584087e-08 -1.921547e-06 5.691680e-05 -5.144506e-04 -8.566404e-05 3.164348e-05
10388.000000 -2.812994e-05 -6.135447e-07 -5.577412e-08 -1.926283e-06 5.174125e-05 -5.193644e-04 -7.943680e-05 3.296015e-05
10388.200000 -2.812881e-05 -6.128995e-07 -5.564270e-08 -1.928507e-06 5.758662e-05 -5.230341e-04 -9.116378e-05 2.946484e-05
10388.400000 -2.813166e-05 -6.122517e-07 -5.574185e-08 -1.932126e-06 6.643218e-05 -5.123365e-04 -7.832643e-05 3.358631e-05
10388.600000 -2.812967e-05 -6.118656e-07 -5.554071e-08 -1.934343e-06 7.463233e-05 -5.005128e-04 -6.812512e-05 2.657345e-05
10388.800000 -2.814923e-05 -6.132650e-07 -5.541524e-08 -1.938716e-06 7.543760e-05 -4.938545e-04 -6.890052e-05 2.703899e-05
10389.000000 -2.812838e-05 -6.123542e-07 -5.539411e-08 -1.939706e-06 6.659850e-05 -4.920241e-04 -7.133119e-05 3.854708e-05
10389.200000 -2.811908e-05 -6.119388e-07 -5.505849e-08 -1.942100e-06 6.083811e-05 -4.815921e-04 -7.722409e-05 4.154270e-05
10389.400000 -2.815099e-05 -6.128886e-07 -5.490563e-08 -1.949303e-06 6.097466e-05 -4.940291e-04 -7.694590e-05 3.322817e-05
10389.600000 -2.814161e-05 -6.125661e-07 -5.498529e-08 -1.951870e-06 6.086833e-05 -4.895213e-04 -7.126645e-05 3.650154e-05
10389.800000 -2.810504e-05 -6.095138e-07 -5.479285e-08 -1.952162e-06 5.594744e-05 -5.219037e-04 -7.377200e-05 3.684474e-05
10390.000000 -2.813007e-05 -6.112254e-07 -5.511733e-08 -1.958075e-06 5.452780e-05 -5.366291e-04 -7.028863e-05 4.157403e-05
10390.200000 -2.814339e-05 -6.121295e-07 -5.513648e-08 -1.963103e-06 5.310809e-05 -5.268712e-04 -7.524430e-05 3.821168e-05
10390.400000 -2.809845e-05 -6.091339e-07 -5.485070e-08 -1.963923e-06 4.844567e-05 -5.137338e-04 -8.477492e-05 3.585687e-05
10390.600000 -2.813036e-05 -6.092011e-07 -5.473934e-08 -1.971676e-06 4.934051e-05 -5.194479e-04 -6.835813e-05 4.542920e-05
10390.800000 -2.813727e-05 -6.085414e-07 -5.437863e-08 -1.977487e-06 4.540389e-05 -5.174548e-04 -7.474516e-05 3.825908e-05
10391.000000 -2.812107e-05 -6.100803e-07 -5.453332e-08 -1.979587e-06 5.080634e-05 -5.224660e-04 -7.134588e-05 4.152110e-05
10391.200000 -2.806999e-05 -6.078038e-07 -5.449715e-08 -1.978225e-06 5.273752e-05 -5.190214e-04 -6.360804e-05 3.549900e-05
10391.400000 -2.806758e-05 -6.061791e-07 -5.444728e-08 -1.982753e-06 4.681735e-05 -5.190258e-04 -7.298225e-05 3.925692e-05
10391.600000 -2.811159e-05 -6.082847e-07 -5.469213e-08 -1.990919e-06 5.449870e-05 -4.909488e-04 -7.251333e-05 2.811455e-05
10391.800000 -2.809879e-05 -6.063158e-07 -5.429995e-08 -1.994591e-06 6.242008e-05 -4.884677e-04 -6.596763e-05 3.470977e-05
10392.000000 -2.808199e-05 -6.053932e-07 -5.415796e-08 -1.994928e-06 6.788689e-05 -5.042630e-04 -8.172048e-05 3.302958e-05
10392.200000 -2.806577e-05 -6.053371e-07 -5.394195e-08 -1.996027e-06 5.477673e-05 -5.153226e-04 -7.859443e-05 3.302187e-05
10392.400000 -2.807089e-05 -6.045173e-07 -5.393994e-08 -1.999662e-06 5.642361e-05 -5.140425e-04 -7.309430e-05 2.083351e-05
10392.600000 -2.812397e-05 -6.065286e-07 -5.406982e-08 -2.007217e-06 5.933876e-05 -4.884549e-04 -6.984350e-05 2.643382e-05
10392.800000 -2.810552e-05 -6.050932e-07 -5.379051e-08 -2.007378e-06 6.113815e-05 -4.747715e-04 -6.750695e-05 2.829547e-05
10393.000000 -2.810180e-05 -6.043401e-07 -5.356906e-08 -2.009047e-06 6.359561e-05 -4.515204e-04 -7.496167e-05 2.315298e-05
10393.200000 -2.811182e-05 -6.046220e-07 -5.335896e-08 -2.010851e-06 6.468418e-05 -4.637373e-04 -7.543410e-05 2.612880e-05
10393.400000 -2.811293e-05 -6.043684e-07 -5.315740e-08 -2.011445e-06 6.210203e-05 -4.562217e-04 -6.965810e-05 2.453179e-05
10393.600000 -2.810002e-05 -6.043943e-07 -5.321305e-08 -2.010632e-06 6.121295e-05 -4.707088e-04 -5.752388e-05 3.247317e-05
10393.800000 -2.807603e-05 -6.042709e-07 -5.322097e-08 -2.008109e-06 6.346395e-05 -4.719416e-04 -5.529012e-05 3.350495e-05
10394.000000 -2.809123e-05 -6.073305e-07 -5.332232e-08 -2.009116e-06 6.009680e-05 -4.636864e-04 -5.089589e-05 3.096594e-05
10394.200000 -2.808866e-05 -6.066766e-07 -5.327261e-08 -2.009953e-06 5.398849e-05 -4.908021e-04 -5.339391e-05 3.991798e-05
10394.400000 -2.806553e-05 -6.035228e-07 -5.298561e-08 -2.007766e-06 5.836320e-05 -4.845921e-04 -5.245957e-05 4.631398e-05
10394.600000 -2.807622e-05 -6.046130e-07 -5.303806e-08 -2.008521e-06 5.847610e-05 -4.905274e-04 -5.965097e-05 3.205826e-05
10394.800000 -2.808927e-05 -6.044957e-07 -5.286078e-08 -2.009055e-06 5.643080e-05 -4.622679e-04 -6.627618e-05 2.525697e-05
10395.000000 -2.805640e-05 -6.039457e-07 -5.286462e-08 -2.003775e-06 5.552757e-05 -4.955677e-04 -6.208304e-05 3.358203e-05
10395.200000 -2.800466e-05 -6.024306e-07 -5.279998e-08 -1.997385e-06 6.007688e-05 -4.938065e-04 -5.911591e-05 3.550002e-05
10395.400000 -2.804289e-05 -6.034139e-07 -5.287968e-08 -2.000009e-06 6.002962e-05 -4.857380e-04 -7.217497e-05 2.873723e-05
10395.600000 -2.805902e-05 -6.062805e-07 -5.298123e-08 -1.998682e-06 6.237172e-05 -5.098409e-04 -6.378867e-05 2.977792e-05
10395.800000 -2.804270e-05 -6.034836e-07 -5.272263e-08 -1.994577e-06 6.215862e-05 -5.018446e-04 -5.747107e-05 3.025016e-05
10396.000000 -2.805841e-05 -6.041809e-07 -5.246834e-08 -1.993565e-06 6.071540e-05 -4.936035e-04 -5.844426e-05 3.193685e-05
10396.200000 -2.804782e-05 -6.047765e-07 -5.248032e-08 -1.990075e-06 6.256510e-05 -4.956056e-04 -4.910201e-05 3.809388e-05
10396.400000 -2.803317e-05 -6.041613e-07 -5.243828e-08 -1.985015e-06 6.387811e-05 -5.034820e-04 -5.353163e-05 3.875242e-05
10396.600000 -2.804787e-05 -6.041127e-07 -5.238198e-08 -1.982069e-06 5.792552e-05 -4.852782e-04 -4.949906e-05 3.639247e-05
10396.800000 -2.806265e-05 -6.057585e-07 -5.274197e-08 -1.978344e-06 5.170486e-05 -5.125550e-04 -6.604921e-05 3.280316e-05
10397.000000 -2.806392e-05 -6.070146e-07 -5.286881e-08 -1.973667e-06 6.288558e-05 -5.082863e-04 -6.074437e-05 4.088378e-05
10397.227860 -2.802512e-05 -6.054241e-07 -5.276564e-08 -1.963902e-06 7.533315e-05 -4.909847e-04 -4.209477e-05 4.068415e-05
10397.483581 -2.799209e-05 -6.063711e-07 -5.258534e-08 -1.952229e-06 7.071974e-05 -4.758015e-04 -3.906431e-05 3.750820e-05
10397.767162 -2.790712e-05 -6.068462e-07 -5.243349e-08 -1.934585e-06 6.492629e-05 -4.743022e-04 -3.242730e-05 2.639413e-05
10398.078604 -2.792353e-05 -6.084342e-07 -5.251910e-08 -1.926840e-06 5.881817e-05 -4.672847e-04 -4.241717e-05 2.625064e-05
10398.417905 -2.804306e-05 -6.113865e-07 -5.287012e-08 -1.929393e-06 5.165729e-05 -4.766365e-04 -3.975383e-05 2.552953e-05
10398.785067 -2.802456e-05 -6.131033e-07 -5.294978e-08 -1.915626e-06 5.594307e-05 -5.008731e-04 -3.335999e-05 3.111583e-05
10399.180090 -2.799975e-05 -6.145264e-07 -5.290705e-08 -1.900656e-06 5.150298e-05 -4.996551e-04 -4.381963e-05 3.173411e-05
10399.602973 -2.795101e-05 -6.155498e-07 -5.285927e-08 -1.882122e-06 5.584912e-05 -5.039687e-04 -3.721262e-05 2.711864e-05
10400.053716 -2.797672e-05 -6.193054e-07 -5.327040e-08 -1.871335e-06 5.802053e-05 -4.923046e-04 -3.985484e-05 3.249926e-05
10400.532319 -2.799914e-05 -6.217986e-07 -5.350711e-08 -1.860057e-06 5.205770e-05 -5.176359e-04 -3.646037e-05 3.458298e-05
10401.038783 -2.800364e-05 -6.234649e-07 -5.358120e-08 -1.847868e-06 4.296629e-05 -5.154779e-04 -3.308023e-05 3.972051e-05
10401.573107 -2.798672e-05 -6.242990e-07 -5.360707e-08 -1.834289e-06 5.009847e-05 -5.327543e-04 -3.922297e-05 4.376372e-05
10402.135292 -2.801870e-05 -6.251793e-07 -5.365806e-08 -1.828550e-06 5.278217e-05 -5.222039e-04 -4.650283e-05 4.277741e-05
10402.725337 -2.801968e-05 -6.257797e-07 -5.369714e-08 -1.822866e-06 5.455022e-05 -5.292552e-04 -5.127456e-05 4.292226e-05
10403.343242 -2.798165e-05 -6.265926e-07 -5.398050e-08 -1.816137e-06 5.082369e-05 -5.242746e-04 -3.920881e-05 4.609203e-05
10403.989008 -2.796853e-05 -6.267022e-07 -5.412694e-08 -1.815858e-06 5.239841e-05 -5.432302e-04 -5.169801e-05 4.363074e-05
10404.662634 -2.800127e-05 -6.276982e-07 -5.429431e-08 -1.822212e-06 4.767241e-05 -5.433265e-04 -4.411108e-05 4.720414e-05
10405.364120 -2.798760e-05 -6.277322e-07 -5.478488e-08 -1.826447e-06 4.871497e-05 -5.791122e-04 -4.482291e-05 3.783775e-05
10406.093467 -2.798865e-05 -6.266902e-07 -5.494842e-08 -1.834952e-06 5.546108e-05 -5.822714e-04 -3.736863e-05 3.703981e-05
10406.850674 -2.796738e-05 -6.252961e-07 -5.505163e-08 -1.841946e-06 5.649196e-05 -5.985962e-04 -4.963997e-05 4.115511e-05
10407.635741 -2.794438e-05 -6.232295e-07 -5.538063e-08 -1.849669e-06 5.887821e-05 -5.906980e-04 -6.076461e-05 4.338967e-05
10408.448669 -2.793195e-05 -6.219312e-07 -5.574748e-08 -1.858932e-06 6.180918e-05 -5.829555e-04 -6.274543e-05 3.966091e-05
10409.289457 -2.792136e-05 -6.207026e-07 -5.598596e-08 -1.868718e-06 5.935404e-05 -5.895095e-04 -5.699164e-05 4.403634e-05
10410.158106 -2.790227e-05 -6.179082e-07 -5.657358e-08 -1.880313e-06 5.578157e-05 -5.945326e-04 -5.743034e-05 4.250502e-05
10411.054614 -2.790787e-05 -6.168250e-07 -5.703302e-08 -1.896730e-06 5.579727e-05 -6.095106e-04 -6.724223e-05 3.898088e-05
10411.978983 -2.790770e-05 -6.141936e-07 -5.726931e-08 -1.916114e-06 5.496776e-05 -6.101145e-04 -6.968452e-05 3.696423e-05
10412.931213 -2.786411e-05 -6.106370e-07 -5.759933e-08 -1.933807e-06 6.057115e-05 -6.233317e-04 -5.895227e-05 3.787373e-05
10413.911303 -2.780352e-05 -6.078733e-07 -5.749988e-08 -1.950504e-06 5.491383e-05 -6.108649e-04 -5.048132e-05 3.783584e-05
10414.919253 -2.782584e-05 -6.048434e-07 -5.742905e-08 -1.978039e-06 5.575260e-05 -6.077258e-04 -4.557212e-05 2.529842e-05
10415.955064 -2.785185e-05 -6.027391e-07 -5.750965e-08 -2.004053e-06 6.289467e-05 -6.020934e-04 -5.676790e-05 2.985485e-05
10417.018734 -2.778111e-05 -6.002860e-07 -5.757215e-08 -2.015185e-06 6.131016e-05 -5.966689e-04 -5.463295e-05 3.831597e-05
10418.110266 -2.767780e-05 -5.963691e-07 -5.740157e-08 -2.021086e-06 5.100716e-05 -5.981970e-04 -4.453683e-05 3.480053e-05
10419.232723 -2.765257e-05 -5.943739e-07 -5.743297e-08 -2.034194e-06 5.070590e-05 -6.217051e-04 -5.083576e-05 3.405199e-05
10420.367373 -2.772271e-05 -5.927370e-07 -5.723726e-08 -2.057167e-06 4.746200e-05 -6.119069e-04 -5.374085e-05 3.500047e-05
10421.514214 -2.775413e-05 -5.912899e-07 -5.682791e-08 -2.074787e-06 4.843663e-05 -6.244744e-04 -4.841064e-05 3.374463e-05
10422.673248 -2.769977e-05 -5.897922e-07 -5.668196e-08 -2.078435e-06 5.477540e-05 -5.852507e-04 -5.200552e-05 3.863944e-05
10423.844473 -2.767897e-05 -5.892985e-07 -5.649767e-08 -2.085098e-06 5.195126e-05 -5.807933e-04 -4.966310e-05 4.445768e-05
10425.027890 -2.769186e-05 -5.884509e-07 -5.601861e-08 -2.094038e-06 4.641311e-05 -5.907216e-04 -5.423252e-05 3.870221e-05
10426.223499 -2.770999e-05 -5.887478e-07 -5.590830e-08 -2.100441e-06 5.262259e-05 -5.875587e-04 -5.173017e-05 4.721648e-05
10427.431300 -2.771658e-05 -5.893892e-07 -5.607898e-08 -2.105670e-06 5.870916e-05 -5.820175e-04 -5.251581e-05 4.202773e-05
10428.651293 -2.766918e-05 -5.885989e-07 -5.605337e-08 -2.103057e-06 4.743789e-05 -5.692735e-04 -5.378558e-05 3.774828e-05
10429.883478 -2.768620e-05 -5.890584e-07 -5.606422e-08 -2.107910e-06 5.023511e-05 -5.476496e-04 -4.716060e-05 3.219227e-05
10431.127855 -2.767608e-05 -5.901046e-07 -5.631990e-08 -2.106755e-06 4.911433e-05 -5.498748e-04 -5.353508e-05 3.406342e-05
10432.384423 -2.765250e-05 -5.910849e-07 -5.637553e-08 -2.100861e-06 4.728187e-05 -5.566667e-04 -3.957301e-05 4.636934e-05
10433.653184 -2.761716e-05 -5.913765e-07 -5.620673e-08 -2.090465e-06 4.355250e-05 -5.799793e-04 -4.642454e-05 4.457868e-05
10434.934136 -2.761074e-05 -5.921747e-07 -5.623906e-08 -2.083357e-06 4.408015e-05 -5.816633e-04 -5.121604e-05 4.088181e-05
10436.227280 -2.759805e-05 -5.936861e-07 -5.619848e-08 -2.076281e-06 5.069996e-05 -5.924973e-04 -4.543216e-05 4.537298e-05
10437.532617 -2.754603e-05 -5.939943e-07 -5.613181e-08 -2.065675e-06 4.939173e-05 -5.768714e-04 -4.350588e-05 3.056979e-05
10438.850145 -2.755592e-05 -5.954396e-07 -5.623832e-08 -2.062491e-06 3.913062e-05 -6.040485e-04 -5.508105e-05 1.862877e-05
10440.179865 -2.753871e-05 -5.955930e-07 -5.650151e-08 -2.055197e-06 3.969025e-05 -5.939603e-04 -5.897384e-05 2.073872e-05
10441.521777 -2.754942e-05 -5.970004e-07 -5.634921e-08 -2.051819e-06 3.707629e-05 -5.821222e-04 -6.156836e-05 2.286655e-05
10442.875881 -2.755441e-05 -5.988063e-07 -5.623509e-08 -2.047996e-06 3.765723e-05 -5.649403e-04 -7.716465e-05 2.501769e-05
10444.242177 -2.753365e-05 -5.993519e-07 -5.616604e-08 -2.043487e-06 4.045901e-05 -5.724693e-04 -5.746790e-05 3.898555e-05
10445.620664 -2.746984e-05 -5.986864e-07 -5.637967e-08 -2.033994e-06 4.890322e-05 -5.319359e-04 -5.822951e-05 4.293528e-05
10447.011344 -2.746990e-05 -5.990227e-07 -5.639772e-08 -2.033407e-06 5.044101e-05 -5.513537e-04 -5.648691e-05 4.663605e-05
10448.414215 -2.746785e-05 -5.999572e-07 -5.615510e-08 -2.032530e-06 5.355498e-05 -5.597814e-04 -5.016414e-05 3.993772e-05
10449.829279 -2.737675e-05 -5.987985e-07 -5.606064e-08 -2.018771e-06 5.097227e-05 -5.628949e-04 -5.571530e-05 2.486635e-05
10451.256534 -2.734389e-05 -5.991087e-07 -5.608995e-08 -2.012213e-06 5.331214e-05 -5.597227e-04 -5.062950e-05 3.751799e-05
10452.695981 -2.725208e-05 -5.981464e-07 -5.609176e-08 -1.998639e-06 4.527514e-05 -5.823311e-04 -5.715932e-05 3.534779e-05
10454.147620 -2.725208e-05 -5.996458e-07 -5.623510e-08 -1.995477e-06 5.720067e-05 -5.590985e-04 -5.352587e-05 3.217178e-05
10455.611452 -2.732136e-05 -6.007765e-07 -5.623950e-08 -2.002547e-06 6.303308e-05 -5.479230e-04 -6.155474e-05 2.760179e-05
10457.087475 -2.738112e-05 -6.028853e-07 -5.642348e-08 -2.009406e-06 5.258460e-05 -5.517185e-04 -6.370166e-05 3.392687e-05
10458.575689 -2.735335e-05 -6.027533e-07 -5.630864e-08 -2.007174e-06 4.803704e-05 -5.503548e-04 -7.040578e-05 3.423974e-05
10460.076096 -2.730056e-05 -6.020458e-07 -5.617315e-08 -2.001505e-06 5.581717e-05 -5.467232e-04 -7.229901e-05 3.953068e-05
10461.588695 -2.721553e-05 -6.017651e-07 -5.621497e-08 -1.991235e-06 5.402377e-05 -5.674241e-04 -5.926895e-05 4.959590e-05
10463.113485 -2.719492e-05 -6.014908e-07 -5.629269e-08 -1.988704e-06 5.339470e-05 -5.544685e-04 -4.586991e-05 5.069080e-05
10464.650468 -2.725211e-05 -6.033852e-07 -5.625827e-08 -1.996013e-06 4.888562e-05 -5.635371e-04 -4.831902e-05 4.919526e-05
10466.199642 -2.724607e-05 -6.037741e-07 -5.623610e-08 -1.996564e-06 4.780274e-05 -5.715892e-04 -5.540654e-05 5.480473e-05
10467.761009 -2.721803e-05 -6.038176e-07 -5.615493e-08 -1.994201e-06 4.760952e-05 -5.601509e-04 -6.339091e-05 5.192135e-05
10469.334567 -2.720755e-05 -6.043779e-07 -5.602338e-08 -1.994933e-06 5.198505e-05 -5.548442e-04 -5.588262e-05 4.722083e-05
10470.920317 -2.719608e-05 -6.045570e-07 -5.607963e-08 -1.995229e-06 6.357452e-05 -5.442990e-04 -5.546228e-05 5.254052e-05
10472.518259 -2.714521e-05 -6.033781e-07 -5.602431e-08 -1.990899e-06 6.253053e-05 -5.338750e-04 -5.934112e-05 4.633050e-05
10474.128393 -2.714365e-05 -6.037857e-07 -5.609302e-08 -1.994124e-06 5.538599e-05 -5.452936e-04 -6.058999e-05 4.109773e-05
10475.750719 -2.713590e-05 -6.034975e-07 -5.609956e-08 -1.997109e-06 5.572443e-05 -5.229432e-04 -5.511181e-05 4.586835e-05
10477.385237 -2.711677e-05 -6.039743e-07 -5.623502e-08 -1.997546e-06 6.106430e-05 -5.431608e-04 -4.561209e-05 4.572921e-05
10479.031946 -2.706798e-05 -6.026059e-07 -5.608198e-08 -1.996252e-06 6.692514e-05 -5.409297e-04 -5.866496e-05 4.041190e-05
10480.690848 -2.707413e-05 -6.041321e-07 -5.637827e-08 -1.999190e-06 7.168645e-05 -5.443516e-04 -5.333983e-05 4.059078e-05
10482.361942 -2.705627e-05 -6.040601e-07 -5.685140e-08 -2.000551e-06 6.250034e-05 -5.471406e-04 -4.788709e-05 3.658572e-05
10484.045227 -2.700296e-05 -6.035697e-07 -5.716684e-08 -1.997346e-06 5.889245e-05 -5.426205e-04 -3.414120e-05 3.778682e-05
10485.740704 -2.699436e-05 -6.037706e-07 -5.762565e-08 -1.996948e-06 5.928546e-05 -5.084541e-04 -4.104329e-05 3.899901e-05
10487.448374 -2.694060e-05 -6.032872e-07 -5.796235e-08 -1.992465e-06 5.899264e-05 -5.070058e-04 -4.139351e-05 4.542359e-05
10489.168235 -2.695465e-05 -6.051812e-07 -5.827944e-08 -1.997237e-06 5.219548e-05 -5.025420e-04 -4.828099e-05 4.609483e-05
10490.900288 -2.697046e-05 -6.059941e-07 -5.856802e-08 -2.003457e-06 5.455815e-05 -5.110754e-04 -4.882254e-05 4.151224e-05
10492.644533 -2.692956e-05 -6.056255e-07 -5.882107e-08 -2.002075e-06 5.628137e-05 -5.087043e-04 -4.753074e-05 3.670898e-05
10494.400970 -2.691829e-05 -6.062744e-07 -5.911545e-08 -2.005966e-06 6.624885e-05 -5.033768e-04 -4.305638e-05 3.978815e-05
10496.169598 -2.689779e-05 -6.058773e-07 -5.929371e-08 -2.011671e-06 6.749143e-05 -4.905975e-04 -4.049423e-05 3.937272e-05
10497.950419 -2.688678e-05 -6.062920e-07 -5.956025e-08 -2.018484e-06 6.356999e-05 -4.904787e-04 -4.646866e-05 4.338293e-05
10499.743432 -2.685684e-05 -6.056463e-07 -5.952895e-08 -2.022783e-06 5.466365e-05 -5.195867e-04 -4.258896e-05 4.867852e-05
10501.548636 -2.682585e-05 -6.042685e-07 -5.947740e-08 -2.027929e-06 6.187579e-05 -5.132855e-04 -3.597070e-05 4.910111e-05
10503.366032 -2.679348e-05 -6.036451e-07 -5.953160e-08 -2.030890e-06 5.670953e-05 -4.891866e-04 -4.472017e-05 4.668799e-05
10505.195621 -2.675755e-05 -6.022523e-07 -5.935415e-08 -2.033965e-06 4.519058e-05 -4.868585e-04 -4.170825e-05 3.920830e-05
10507.037401 -2.673143e-05 -6.022625e-07 -5.934392e-08 -2.035672e-06 5.486800e-05 -5.102894e-04 -3.881476e-05 3.463807e-05
10508.891373 -2.672264e-05 -6.031462e-07 -5.939291e-08 -2.037679e-06 5.878981e-05 -5.318925e-04 -4.069816e-05 2.943653e-05
10510.757537 -2.665782e-05 -6.025172e-07 -5.924747e-08 -2.033317e-06 6.428557e-05 -5.197691e-04 -3.389748e-05 3.354952e-05
10512.635893 -2.657294e-05 -6.000739e-07 -5.899483e-08 -2.028741e-06 6.663502e-05 -5.148580e-04 -3.352303e-05 3.675470e-05
10514.526441 -2.651122e-05 -5.995338e-07 -5.890395e-08 -2.025330e-06 5.501897e-05 -5.324988e-04 -3.220026e-05 3.444259e-05
10516.429181 -2.651890e-05 -6.003481e-07 -5.878648e-08 -2.029445e-06 4.778324e-05 -5.538727e-04 -4.191191e-05 2.399898e-05
10518.344112 -2.640925e-05 -6.000076e-07 -5.863695e-08 -2.018042e-06 4.614700e-05 -5.547095e-04 -3.979008e-05 3.109439e-05
10520.271236 -2.627536e-05 -5.963983e-07 -5.813451e-08 -2.008298e-06 5.199241e-05 -5.442965e-04 -4.755312e-05 3.072392e-05
10522.210552 -2.642885e-05 -6.008848e-07 -5.835617e-08 -2.024422e-06 5.704549e-05 -5.351679e-04 -4.641863e-05 3.951246e-05
10524.162059 -2.642867e-05 -6.025153e-07 -5.844242e-08 -2.024799e-06 5.015407e-05 -5.347936e-04 -5.362190e-05 3.554313e-05
10526.125758 -2.630853e-05 -6.003743e-07 -5.823255e-08 -2.012079e-06 5.350552e-05 -5.535726e-04 -4.959107e-05 3.085622e-05
10528.101649 -2.625861e-05 -6.019618e-07 -5.841076e-08 -2.007092e-06 5.475006e-05 -5.755314e-04 -5.441806e-05 3.105640e-05
10530.089733 -2.626484e-05 -6.038078e-07 -5.852223e-08 -2.006661e-06 4.967687e-05 -5.677043e-04 -5.398092e-05 2.699172e-05
10532.090008 -2.633459e-05 -6.061620e-07 -5.858087e-08 -2.009620e-06 4.018679e-05 -5.330094e-04 -5.465665e-05 2.901724e-05
10534.102475 -2.629284e-05 -6.072074e-07 -5.861714e-08 -2.003053e-06 4.488814e-05 -5.218870e-04 -3.886248e-05 3.653234e-05
10536.127133 -2.626293e-05 -6.077629e-07 -5.857913e-08 -1.999499e-06 4.684315e-05 -5.487507e-04 -4.343259e-05 2.245174e-05
10538.163984 -2.625327e-05 -6.089253e-07 -5.876609e-08 -1.995964e-06 4.476530e-05 -5.538447e-04 -3.184225e-05 2.957150e-05
10540.213027 -2.619157e-05 -6.083753e-07 -5.870252e-08 -1.989092e-06 3.730868e-05 -5.606651e-04 -3.965713e-05 3.315388e-05
10542.274261 -2.618760e-05 -6.108101e-07 -5.891543e-08 -1.988873e-06 5.358618e-05 -5.157665e-04 -3.861533e-05 3.329317e-05
10544.347688 -2.620044e-05 -6.121629e-07 -5.912754e-08 -1.991856e-06 6.143406e-05 -5.351917e-04 -4.116884e-05 3.176874e-05
10546.433306 -2.617697e-05 -6.131751e-07 -5.952066e-08 -1.991107e-06 5.172043e-05 -5.260782e-04 -3.640218e-05 3.947020e-05
10548.531117 -2.613681e-05 -6.135369e-07 -5.971527e-08 -1.989042e-06 3.998584e-05 -5.207633e-04 -3.096605e-05 3.836713e-05
10550.641119 -2.607192e-05 -6.116923e-07 -5.964816e-08 -1.984423e-06 4.551787e-05 -5.519695e-04 -3.239640e-05 3.928288e-05
10552.763313 -2.600227e-05 -6.119296e-07 -5.966037e-08 -1.980361e-06 4.880597e-05 -5.365244e-04 -3.197339e-05 3.508027e-05
10554.897699 -2.598186e-05 -6.123649e-07 -5.989954e-08 -1.983749e-06 4.878163e-05 -5.296182e-04 -6.047221e-05 2.755560e-05
10557.044277 -2.596200e-05 -6.138292e-07 -6.055437e-08 -1.983642e-06 4.926784e-05 -5.225053e-04 -7.044192e-05 1.596176e-05
10559.203047 -2.588860e-05 -6.120208e-07 -6.076631e-08 -1.978587e-06 4.469694e-05 -5.187244e-04 -4.718539e-05 2.542387e-05
10561.374008 -2.580049e-05 -6.110361e-07 -6.099109e-08 -1.972720e-06 5.005356e-05 -5.298844e-04 -5.184702e-05 2.933063e-05
10563.557162 -2.583180e-05 -6.115132e-07 -6.087880e-08 -1.984218e-06 5.707658e-05 -5.215387e-04 -5.065573e-05 3.236607e-05
10565.752508 -2.582018e-05 -6.128058e-07 -6.119232e-08 -1.987254e-06 5.788390e-05 -4.859121e-04 -5.108074e-05 2.766670e-05
10567.960045 -2.577828e-05 -6.130178e-07 -6.133674e-08 -1.987037e-06 5.200978e-05 -5.272133e-04 -5.164197e-05 3.330445e-05
10570.179775 -2.571991e-05 -6.124732e-07 -6.141656e-08 -1.983327e-06 4.305520e-05 -5.195826e-04 -5.524907e-05 3.880270e-05
10572.411696 -2.566816e-05 -6.127017e-07 -6.176769e-08 -1.980650e-06 4.120459e-05 -5.182982e-04 -5.767409e-05 4.312608e-05
10574.655809 -2.564145e-05 -6.123442e-07 -6.192281e-08 -1.981900e-06 3.224555e-05 -5.084059e-04 -6.835797e-05 4.696672e-05
10576.912114 -2.559870e-05 -6.135507e-07 -6.222940e-08 -1.980953e-06 4.256375e-05 -4.880996e-04 -5.804845e-05 4.214826e-05
10579.180611 -2.553008e-05 -6.119700e-07 -6.234271e-08 -1.975611e-06 4.737686e-05 -4.863608e-04 -5.377247e-05 3.791232e-05
10581.461300 -2.546128e-05 -6.113524e-07 -6.228542e-08 -1.969799e-06 4.108738e-05 -4.978649e-04 -6.089010e-05 3.940060e-05
10583.754181 -2.541075e-05 -6.118529e-07 -6.230446e-08 -1.967497e-06 3.271238e-05 -4.926050e-04 -6.582564e-05 3.578540e-05
10586.059254 -2.532571e-05 -6.099201e-07 -6.211363e-08 -1.960893e-06 3.018607e-05 -4.711768e-04 -5.965424e-05 3.868864e-05
10588.376518 -2.522615e-05 -6.087736e-07 -6.186650e-08 -1.953451e-06 4.576974e-05 -4.825270e-04 -5.299206e-05 3.502175e-05
10590.705975 -2.507741e-05 -6.071326e-07 -6.176414e-08 -1.939549e-06 5.029913e-05 -4.653634e-04 -4.711406e-05 4.182454e-05
10593.047623 -2.492971e-05 -6.071807e-07 -6.185024e-08 -1.925978e-06 4.435800e-05 -4.929918e-04 -4.737562e-05 3.390369e-05
10595.401464 -2.489353e-05 -6.085979e-07 -6.191003e-08 -1.923681e-06 3.749833e-05 -4.850394e-04 -5.181431e-05 3.236884e-05
10597.767496 -2.503372e-05 -6.118527e-07 -6.205976e-08 -1.938986e-06 3.545541e-05 -4.855396e-04 -5.688855e-05 2.905135e-05
10600.145720 -2.508495e-05 -6.143137e-07 -6.224026e-08 -1.946906e-06 3.905820e-05 -4.926340e-04 -5.253317e-05 2.336683e-05
10602.536136 -2.503775e-05 -6.144142e-07 -6.240458e-08 -1.942451e-06 3.309895e-05 -5.074499e-04 -5.549145e-05 2.800575e-05
10604.938744 -2.494162e-05 -6.143771e-07 -6.248894e-08 -1.933882e-06 3.484573e-05 -4.845498e-04 -4.866156e-05 3.264455e-05
10607.353544 -2.487844e-05 -6.142640e-07 -6.249042e-08 -1.929744e-06 4.618027e-05 -4.891665e-04 -4.411762e-05 2.938562e-05
10609.780536 -2.476701e-05 -6.128114e-07 -6.234091e-08 -1.919601e-06 4.771278e-05 -4.931262e-04 -4.756150e-05 3.735892e-05
10612.219720 -2.474724e-05 -6.137266e-07 -6.219243e-08 -1.922296e-06 5.645484e-05 -5.093765e-04 -4.980741e-05 3.824954e-05
10614.671096 -2.479543e-05 -6.155423e-07 -6.259260e-08 -1.931677e-06 5.190657e-05 -5.286623e-04 -5.825691e-05 2.640154e-05
10617.134663 -2.478925e-05 -6.162319e-07 -6.289360e-08 -1.933414e-06 5.488525e-05 -5.337210e-04 -6.566418e-05 2.757872e-05
10619.610423 -2.473817e-05 -6.152386e-07 -6.312977e-08 -1.930200e-06 5.579775e-05 -5.386595e-04 -4.779811e-05 2.913184e-05
10622.098374 -2.470211e-05 -6.157687e-07 -6.309422e-08 -1.928717e-06 4.661174e-05 -5.325194e-04 -4.622672e-05 1.878827e-05
10624.598517 -2.468275e-05 -6.173820e-07 -6.311657e-08 -1.930341e-06 4.211363e-05 -5.295413e-04 -4.330710e-05 2.542964e-05
10627.110852 -2.464000e-05 -6.168586e-07 -6.305293e-08 -1.929960e-06 4.598724e-05 -5.417701e-04 -4.525416e-05 3.343954e-05
10629.635380 -2.463577e-05 -6.194677e-07 -6.329847e-08 -1.934774e-06 4.762998e-05 -5.442301e-04 -4.382304e-05 2.631140e-05
10632.172099 -2.458354e-05 -6.192322e-07 -6.336286e-08 -1.933370e-06 5.248581e-05 -5.439899e-04 -3.813033e-05 2.646801e-05
10634.721009 -2.452784e-05 -6.196398e-07 -6.343550e-08 -1.931440e-06 4.052335e-05 -5.414917e-04 -3.155064e-05 2.588502e-05
10637.282112 -2.447797e-05 -6.204970e-07 -6.356372e-08 -1.929740e-06 3.836532e-05 -5.554613e-04 -3.443617e-05 2.485187e-05
10639.855407 -2.441363e-05 -6.193421e-07 -6.356999e-08 -1.926234e-06 3.992369e-05 -5.580339e-04 -3.970983e-05 2.722982e-05
10642.440894 -2.435334e-05 -6.197345e-07 -6.360967e-08 -1.923457e-06 3.694537e-05 -5.647840e-04 -4.757787e-05 2.655269e-05
10645.038572 -2.426396e-05 -6.176109e-07 -6.343014e-08 -1.916139e-06 3.293330e-05 -5.433330e-04 -4.594875e-05 3.101025e-05
10647.648443 -2.420866e-05 -6.176258e-07 -6.360612e-08 -1.912564e-06 3.129434e-05 -5.349724e-04 -4.918339e-05 2.262564e-05
10650.270505 -2.416352e-05 -6.183078e-07 -6.418726e-08 -1.910614e-06 2.747325e-05 -5.141356e-04 -4.024570e-05 2.465239e-05
10652.904759 -2.410744e-05 -6.183243e-07 -6.440821e-08 -1.909258e-06 2.397585e-05 -5.306974e-04 -4.226268e-05 3.920348e-05
10655.551205 -2.404256e-05 -6.186271e-07 -6.460937e-08 -1.904470e-06 2.308462e-05 -5.074007e-04 -5.374535e-05 3.658840e-05
10658.209844 -2.390211e-05 -6.160126e-07 -6.444426e-08 -1.894734e-06 2.367222e-05 -4.933766e-04 -5.737328e-05 3.612795e-05
10660.880674 -2.389347e-05 -6.166275e-07 -6.472863e-08 -1.894297e-06 2.962408e-05 -5.127775e-04 -4.319493e-05 3.944731e-05
10663.563696 -2.384172e-05 -6.163534e-07 -6.511009e-08 -1.886485e-06 3.768147e-05 -5.034782e-04 -3.916700e-05 4.134414e-05
10666.258909 -2.378588e-05 -6.170288e-07 -6.525932e-08 -1.883042e-06 3.970250e-05 -5.034968e-04 -4.671574e-05 4.603797e-05
10668.966315 -2.375150e-05 -6.179331e-07 -6.542712e-08 -1.881750e-06 3.865640e-05 -5.417378e-04 -5.820122e-05 3.791913e-05
10671.685913 -2.369073e-05 -6.176778e-07 -6.548675e-08 -1.878065e-06 3.695307e-05 -5.414790e-04 -6.995706e-05 3.641346e-05
10674.417702 -2.361689e-05 -6.170482e-07 -6.569513e-08 -1.871941e-06 4.293050e-05 -5.368933e-04 -5.516442e-05 3.577064e-05
10677.161684 -2.350603e-05 -6.152587e-07 -6.557851e-08 -1.861103e-06 3.979324e-05 -5.364619e-04 -5.676163e-05 3.090281e-05
10679.917857 -2.333878e-05 -6.133163e-07 -6.532341e-08 -1.845856e-06 3.009142e-05 -5.621222e-04 -6.320763e-05 3.152974e-05
10682.686222 -2.329854e-05 -6.142147e-07 -6.530602e-08 -1.845591e-06 3.203126e-05 -5.730299e-04 -4.950217e-05 3.813230e-05
10685.466780 -2.324897e-05 -6.145509e-07 -6.530561e-08 -1.845764e-06 3.117851e-05 -5.656215e-04 -5.645371e-05 3.613334e-05
10688.259529 -2.315212e-05 -6.142644e-07 -6.552843e-08 -1.839857e-06 3.275844e-05 -5.343954e-04 -6.057179e-05 2.730017e-05
10691.064470 -2.304773e-05 -6.122959e-07 -6.564506e-08 -1.832098e-06 3.611963e-05 -5.357509e-04 -6.275157e-05 1.742903e-05
10693.881602 -2.305394e-05 -6.133509e-07 -6.592837e-08 -1.835522e-06 4.344895e-05 -5.303400e-04 -5.591792e-05 2.058864e-05
10696.710927 -2.303171e-05 -6.137672e-07 -6.604340e-08 -1.834867e-06 4.028632e-05 -5.487030e-04 -5.129577e-05 2.663686e-05
10699.552444 -2.300702e-05 -6.155521e-07 -6.616722e-08 -1.836858e-06 4.154374e-05 -5.472546e-04 -5.092652e-05 1.965021e-05
10702.406153 -2.288701e-05 -6.141302e-07 -6.585714e-08 -1.828753e-06 4.430219e-05 -5.464852e-04 -4.870220e-05 2.493294e-05
10705.272053 -2.279430e-05 -6.132197e-07 -6.582712e-08 -1.821591e-06 3.623447e-05 -5.732889e-04 -5.645378e-05 2.198217e-05
10708.150146 -2.278246e-05 -6.147630e-07 -6.599756e-08 -1.822031e-06 4.314612e-05 -5.634936e-04 -5.034930e-05 2.989924e-05
10711.040430 -2.278863e-05 -6.165481e-07 -6.637342e-08 -1.825438e-06 3.957845e-05 -5.403331e-04 -4.498407e-05 2.329071e-05
10713.942906 -2.273634e-05 -6.164236e-07 -6.632985e-08 -1.821780e-06 3.929837e-05 -5.477328e-04 -4.703694e-05 1.977164e-05
10716.857574 -2.270411e-05 -6.176694e-07 -6.653012e-08 -1.822721e-06 3.661380e-05 -5.485276e-04 -5.105397e-05 2.711193e-05
10719.784435 -2.265666e-05 -6.183701e-07 -6.645865e-08 -1.822334e-06 3.965071e-05 -5.410008e-04 -4.814500e-05 2.698213e-05
10722.723487 -2.256570e-05 -6.175163e-07 -6.644902e-08 -1.814343e-06 4.989295e-05 -5.487815e-04 -4.630905e-05 1.604011e-05
10725.674730 -2.250088e-05 -6.167037e-07 -6.661481e-08 -1.811413e-06 4.267333e-05 -5.613788e-04 -4.461198e-05 2.405673e-05
10728.638166 -2.240369e-05 -6.156912e-07 -6.659367e-08 -1.807135e-06 3.914662e-05 -5.516787e-04 -3.761441e-05 1.836198e-05
10731.613794 -2.231923e-05 -6.150966e-07 -6.650022e-08 -1.802276e-06 3.905760e-05 -5.296951e-04 -3.495303e-05 2.608561e-05
10734.601614 -2.228186e-05 -6.159341e-07 -6.649273e-08 -1.799694e-06 4.782053e-05 -5.367978e-04 -4.942672e-05 3.158014e-05
10737.601625 -2.220086e-05 -6.154912e-07 -6.660641e-08 -1.793282e-06 4.634761e-05 -5.384585e-04 -4.926290e-05 3.261510e-05
10740.613829 -2.216022e-05 -6.170762e-07 -6.678316e-08 -1.793461e-06 5.297720e-05 -5.387835e-04 -5.053547e-05 2.512670e-05
10743.638224 -2.207638e-05 -6.162925e-07 -6.697121e-08 -1.787735e-06 5.254935e-05 -5.597232e-04 -5.128945e-05 2.896657e-05
10746.674811 -2.200694e-05 -6.163511e-07 -6.714395e-08 -1.783003e-06 5.503576e-05 -5.568134e-04 -4.034354e-05 3.582076e-05
10749.723590 -2.193272e-05 -6.166803e-07 -6.725988e-08 -1.777222e-06 5.455305e-05 -5.409844e-04 -4.694625e-05 2.761075e-05
10752.784561 -2.182399e-05 -6.157099e-07 -6.727813e-08 -1.769010e-06 4.998168e-05 -5.534396e-04 -4.405734e-05 2.804555e-05
10755.857724 -2.170784e-05 -6.152838e-07 -6.723543e-08 -1.760620e-06 5.031080e-05 -5.578078e-04 -4.237246e-05 3.087771e-05
10758.943079 -2.165256e-05 -6.154942e-07 -6.742250e-08 -1.756722e-06 4.921985e-05 -5.561889e-04 -5.300918e-05 2.426793e-05
10762.040626 -2.160516e-05 -6.155181e-07 -6.755806e-08 -1.752100e-06 4.771293e-05 -5.617337e-04 -4.163831e-05 3.253701e-05
10765.150365 -2.153838e-05 -6.154344e-07 -6.731320e-08 -1.749414e-06 5.650822e-05 -5.429242e-04 -3.204850e-05 4.509120e-05
10768.272295 -2.146918e-05 -6.150078e-07 -6.706912e-08 -1.746495e-06 5.360739e-05 -5.085200e-04 -3.900339e-05 3.501411e-05
10771.406418 -2.137728e-05 -6.144763e-07 -6.704677e-08 -1.739740e-06 4.747741e-05 -4.972849e-04 -4.634647e-05 2.833460e-05
10774.552732 -2.129236e-05 -6.140983e-07 -6.750348e-08 -1.732946e-06 5.285798e-05 -4.844687e-04 -4.724035e-05 2.256929e-05
10777.711239 -2.121250e-05 -6.141025e-07 -6.772840e-08 -1.729986e-06 4.686446e-05 -4.927757e-04 -3.980146e-05 2.098853e-05
10780.881937 -2.110585e-05 -6.125041e-07 -6.757926e-08 -1.722734e-06 4.417768e-05 -5.098569e-04 -4.370712e-05 1.916826e-05
10784.064827 -2.102660e-05 -6.116690e-07 -6.793312e-08 -1.719192e-06 4.457562e-05 -5.175916e-04 -3.788599e-05 2.341142e-05
10787.259909 -2.094042e-05 -6.110278e-07 -6.859128e-08 -1.714230e-06 5.054442e-05 -5.467007e-04 -2.559015e-05 3.074954e-05
10790.467183 -2.083868e-05 -6.091894e-07 -6.904893e-08 -1.706621e-06 4.989124e-05 -5.358126e-04 -3.689518e-05 2.968854e-05
10793.686649 -2.070681e-05 -6.053962e-07 -6.886481e-08 -1.694954e-06 4.757558e-05 -5.397864e-04 -2.003332e-05 2.713633e-05
10796.918307 -2.057979e-05 -6.032146e-07 -6.867528e-08 -1.683878e-06 4.526730e-05 -5.457670e-04 -1.925781e-05 2.027333e-05
10800.162157 -2.051204e-05 -6.038202e-07 -6.887819e-08 -1.681085e-06 3.888703e-05 -5.570049e-04 -3.485889e-05 2.298777e-05
10803.418198 -2.041756e-05 -6.029277e-07 -6.887769e-08 -1.674744e-06 3.511132e-05 -5.588882e-04 -4.026272e-05 2.200615e-05
10806.686432 -2.022411e-05 -5.988916e-07 -6.854373e-08 -1.658437e-06 3.406452e-05 -5.352830e-04 -4.472724e-05 1.836076e-05
10809.966857 -2.019050e-05 -5.995952e-07 -6.865698e-08 -1.658249e-06 3.588486e-05 -5.329750e-04 -4.775068e-05 1.333158e-05
10813.259474 -2.013385e-05 -5.995392e-07 -6.863795e-08 -1.654307e-06 3.370851e-05 -5.167687e-04 -5.059215e-05 1.099510e-05
10816.564284 -2.005718e-05 -6.002747e-07 -6.860949e-08 -1.650717e-06 3.804766e-05 -5.287333e-04 -5.117891e-05 1.885663e-05
10819.881285 -1.997441e-05 -5.993876e-07 -6.853024e-08 -1.645276e-06 3.374560e-05 -5.635383e-04 -5.124552e-05 1.785334e-05
10823.210478 -1.986654e-05 -5.980703e-07 -6.836622e-08 -1.637156e-06 3.539857e-05 -5.450696e-04 -3.960355e-05 2.478546e-05
10826.551863 -1.970562e-05 -5.944483e-07 -6.792536e-08 -1.622102e-06 4.386939e-05 -5.365116e-04 -3.794410e-05 2.669464e-05
10829.905440 -1.954355e-05 -5.910100e-07 -6.746794e-08 -1.607314e-06 4.616808e-05 -5.550760e-04 -4.463980e-05 2.882692e-05
10833.271209 -1.949198e-05 -5.914670e-07 -6.746868e-08 -1.606447e-06 3.899344e-05 -5.672953e-04 -5.149039e-05 2.220725e-05
10836.649169 -1.943889e-05 -5.929761e-07 -6.762676e-08 -1.604863e-06 4.285625e-05 -5.702256e-04 -5.572649e-05 1.696010e-05
10840.039322 -1.924485e-05 -5.888802e-07 -6.714357e-08 -1.586402e-06 4.468473e-05 -5.785305e-04 -3.976895e-05 1.267074e-05
10843.441666 -1.907702e-05 -5.871935e-07 -6.685317e-08 -1.570409e-06 4.513385e-05 -5.820283e-04 -3.620172e-05 2.089754e-05
10846.856203 -1.908512e-05 -5.886524e-07 -6.712218e-08 -1.576761e-06 4.566376e-05 -5.795436e-04 -3.358093e-05 2.314906e-05
10850.282931 -1.897656e-05 -5.872391e-07 -6.709992e-08 -1.569038e-06 5.061864e-05 -5.849517e-04 -3.590664e-05 2.657737e-05
10853.721851 -1.888352e-05 -5.872250e-07 -6.698088e-08 -1.565159e-06 4.829680e-05 -5.852205e-04 -3.711644e-05 1.867231e-05
10857.172964 -1.881302e-05 -5.874848e-07 -6.727553e-08 -1.560434e-06 4.539906e-05 -5.724616e-04 -4.943269e-05 1.531554e-05
10860.636268 -1.864498e-05 -5.832709e-07 -6.733247e-08 -1.545660e-06 4.434455e-05 -5.502597e-04 -5.028967e-05 1.684975e-05
10864.111764 -1.851355e-05 -5.806682e-07 -6.735298e-08 -1.534253e-06 4.670125e-05 -5.764026e-04 -4.642558e-05 1.277372e-05
10867.599451 -1.843062e-05 -5.799009e-07 -6.731345e-08 -1.531076e-06 4.126054e-05 -5.698384e-04 -3.657745e-05 1.919016e-05
10871.099331 -1.831698e-05 -5.790046e-07 -6.738066e-08 -1.522913e-06 4.082223e-05 -5.991245e-04 -4.339589e-05 1.946536e-05
10874.611403 -1.817968e-05 -5.766039e-07 -6.722829e-08 -1.512142e-06 3.879156e-05 -5.986201e-04 -5.281743e-05 1.985101e-05
10878.135666 -1.806401e-05 -5.748821e-07 -6.704964e-08 -1.506439e-06 4.609657e-05 -6.081139e-04 -4.499039e-05 2.362187e-05
10881.672122 -1.797684e-05 -5.733172e-07 -6.693453e-08 -1.500338e-06 4.163494e-05 -6.029390e-04 -4.857142e-05 2.089348e-05
10885.220769 -1.786079e-05 -5.706413e-07 -6.667520e-08 -1.490997e-06 4.081217e-05 -5.845068e-04 -4.619822e-05 2.524814e-05
10888.781609 -1.767906e-05 -5.664544e-07 -6.647376e-08 -1.473112e-06 4.401392e-05 -5.875288e-04 -5.181522e-05 1.778323e-05
10892.354640 -1.752040e-05 -5.632175e-07 -6.628833e-08 -1.460361e-06 4.299660e-05 -5.931172e-04 -4.101210e-05 1.721501e-05
10895.939863 -1.741161e-05 -5.610963e-07 -6.627150e-08 -1.453085e-06 4.783175e-05 -6.040194e-04 -3.352835e-05 2.177412e-05
10899.537278 -1.729103e-05 -5.594442e-07 -6.624724e-08 -1.444155e-06 4.787893e-05 -6.116092e-04 -4.079976e-05 1.459892e-05
10903.146885 -1.718867e-05 -5.583474e-07 -6.625377e-08 -1.437929e-06 4.534290e-05 -6.090848e-04 -3.062345e-05 1.773133e-05
10906.768684 -1.707409e-05 -5.566794e-07 -6.644208e-08 -1.429410e-06 5.094644e-05 -5.996742e-04 -2.378388e-05 2.322993e-05
10910.402675 -1.693422e-05 -5.535385e-07 -6.659855e-08 -1.417629e-06 4.889105e-05 -5.859444e-04 -2.289837e-05 2.259216e-05
10914.048857 -1.685335e-05 -5.533845e-07 -6.704451e-08 -1.413981e-06 4.654035e-05 -5.982422e-04 -3.508882e-05 2.653654e-05
10917.707232 -1.673764e-05 -5.508638e-07 -6.685095e-08 -1.405937e-06 4.490087e-05 -6.018225e-04 -2.806561e-05 2.714140e-05
10921.377799 -1.657491e-05 -5.470952e-07 -6.664772e-08 -1.391423e-06 4.132123e-05 -6.104559e-04 -2.418503e-05 2.045430e-05
10925.060557 -1.646409e-05 -5.464093e-07 -6.692672e-08 -1.383479e-06 4.486104e-05 -6.044825e-04 -4.086926e-05 1.953778e-05
10928.755507 -1.637862e-05 -5.463812e-07 -6.690165e-08 -1.379033e-06 5.018670e-05 -5.929497e-04 -4.123179e-05 1.949932e-05
10932.462650 -1.623681e-05 -5.431333e-07 -6.644344e-08 -1.368217e-06 4.527706e-05 -5.903038e-04 -3.995325e-05 1.006547e-05
10936.181984 -1.609132e-05 -5.398327e-07 -6.609513e-08 -1.355921e-06 4.740708e-05 -5.961825e-04 -3.290612e-05 2.403578e-05
10939.913510 -1.593216e-05 -5.359050e-07 -6.566852e-08 -1.341834e-06 4.522122e-05 -5.866022e-04 -3.606989e-05 2.320201e-05
10943.657228 -1.580018e-05 -5.326283e-07 -6.519337e-08 -1.332364e-06 3.368100e-05 -5.899350e-04 -2.992440e-05 2.019521e-05
10947.413138 -1.565733e-05 -5.287872e-07 -6.460689e-08 -1.321621e-06 3.212032e-05 -6.061119e-04 -2.592222e-05 2.662518e-05
10951.181239 -1.549211e-05 -5.251400e-07 -6.418152e-08 -1.309350e-06 4.229578e-05 -5.910528e-04 -3.331261e-05 2.548294e-05
10954.961533 -1.535966e-05 -5.225076e-07 -6.408942e-08 -1.297564e-06 4.927482e-05 -6.147000e-04 -3.976644e-05 2.073129e-05
10958.754019 -1.524679e-05 -5.203685e-07 -6.391595e-08 -1.288627e-06 4.330342e-05 -6.343228e-04 -3.540734e-05 1.551347e-05
10962.558696 -1.510797e-05 -5.172627e-07 -6.334664e-08 -1.277870e-06 3.903315e-05 -6.139819e-04 -3.639547e-05 1.914200e-05
10966.375565 -1.500446e-05 -5.153462e-07 -6.308003e-08 -1.269455e-06 3.493855e-05 -6.145931e-04 -2.787528e-05 1.798640e-05
10970.204627 -1.493406e-05 -5.145644e-07 -6.293231e-08 -1.266271e-06 3.631663e-05 -5.996386e-04 -2.562846e-05 2.075590e-05
10974.045880 -1.481501e-05 -5.118091e-07 -6.228729e-08 -1.257553e-06 3.728343e-05 -6.162198e-04 -2.839260e-05 9.218010e-06
10977.899325 -1.464430e-05 -5.069224e-07 -6.160770e-08 -1.242883e-06 4.531546e-05 -6.272065e-04 -3.465660e-05 1.029003e-05
10981.764962 -1.455712e-05 -5.060912e-07 -6.166701e-08 -1.238961e-06 5.104260e-05 -6.355012e-04 -3.885614e-05 1.890174e-05
10985.642791 -1.441362e-05 -5.023335e-07 -6.144941e-08 -1.226964e-06 3.801955e-05 -6.342681e-04 -5.160770e-05 1.976711e-05
10989.532812 -1.429912e-05 -4.995951e-07 -6.132884e-08 -1.219347e-06 3.859627e-05 -6.000990e-04 -4.465294e-05 1.615658e-05
10993.435025 -1.418630e-05 -4.976130e-07 -6.147297e-08 -1.210892e-06 4.203585e-05 -5.837016e-04 -3.883095e-05 1.362038e-05
10997.349429 -1.406422e-05 -4.950852e-07 -6.171286e-08 -1.201268e-06 4.403059e-05 -6.051872e-04 -4.370334e-05 1.178098e-05
11001.276026 -1.388588e-05 -4.900954e-07 -6.142123e-08 -1.184873e-06 4.406277e-05 -6.268381e-04 -3.701098e-05 1.566964e-05
11005.214814 -1.377249e-05 -4.874912e-07 -6.110813e-08 -1.177100e-06 4.642528e-05 -6.368582e-04 -2.543518e-05 2.631059e-05
11009.165795 -1.368235e-05 -4.854977e-07 -6.103004e-08 -1.172852e-06 5.521044e-05 -6.277666e-04 -2.588802e-05 1.405459e-05
11013.128967 -1.353362e-05 -4.806743e-07 -6.063696e-08 -1.160297e-06 4.613634e-05 -6.171466e-04 -3.154797e-05 1.617201e-05
11017.104331 -1.340687e-05 -4.776806e-07 -6.024423e-08 -1.150734e-06 4.480452e-05 -6.422687e-04 -3.252346e-05 1.754308e-05
11021.091888 -1.328777e-05 -4.750337e-07 -6.013799e-08 -1.141349e-06 4.075544e-05 -6.505409e-04 -4.032966e-05 1.847075e-05
11025.091636 -1.317650e-05 -4.722476e-07 -6.030628e-08 -1.133001e-06 4.261127e-05 -6.586290e-04 -2.457722e-05 2.801721e-05
11029.103575 -1.305149e-05 -4.688111e-07 -6.013723e-08 -1.122878e-06 4.165446e-05 -6.384095e-04 -2.914664e-05 2.506830e-05
11033.127707 -1.291957e-05 -4.654157e-07 -6.000037e-08 -1.112231e-06 3.883787e-05 -6.305516e-04 -2.376592e-05 1.707992e-05
11037.164031 -1.281783e-05 -4.632082e-07 -6.005526e-08 -1.105107e-06 4.148025e-05 -6.484341e-04 -4.076909e-05 1.376029e-05
11041.212547 -1.268280e-05 -4.594395e-07 -5.949835e-08 -1.093825e-06 4.968839e-05 -6.225967e-04 -3.991661e-05 1.733921e-05
11045.273254 -1.259663e-05 -4.578130e-07 -5.936679e-08 -1.089215e-06 5.082885e-05 -6.552763e-04 -3.495285e-05 2.156100e-05
11049.346154 -1.245979e-05 -4.540572e-07 -5.915647e-08 -1.077482e-06 5.032893e-05 -6.632991e-04 -3.255077e-05 2.869416e-05
11053.431245 -1.236075e-05 -4.526373e-07 -5.915667e-08 -1.070009e-06 4.802889e-05 -6.584050e-04 -4.143110e-05 2.217583e-05
11057.528529 -1.224210e-05 -4.497293e-07 -5.896856e-08 -1.060424e-06 5.478332e-05 -6.617801e-04 -4.456603e-05 1.577052e-05
11061.638004 -1.211514e-05 -4.463024e-07 -5.881461e-08 -1.049659e-06 6.407324e-05 -6.406644e-04 -3.004419e-05 1.459003e-05
11065.759671 -1.202666e-05 -4.445992e-07 -5.840607e-08 -1.044862e-06 6.422283e-05 -6.269029e-04 -2.518789e-05 1.833683e-05
11069.893530 -1.191454e-05 -4.416733e-07 -5.805684e-08 -1.035896e-06 7.023876e-05 -6.478769e-04 -3.028082e-05 2.039245e-05
11074.039581 -1.177182e-05 -4.376519e-07 -5.753188e-08 -1.023475e-06 6.474236e-05 -6.574266e-04 -3.006647e-05 3.079417e-05
11078.197824 -1.168641e-05 -4.359439e-07 -5.729731e-08 -1.018779e-06 5.540697e-05 -6.455117e-04 -2.466203e-05 2.676536e-05
11082.368258 -1.156966e-05 -4.325585e-07 -5.701864e-08 -1.009230e-06 4.793544e-05 -6.344562e-04 -4.484567e-05 1.969347e-05
11086.550885 -1.147684e-05 -4.303528e-07 -5.665301e-08 -1.003245e-06 4.757525e-05 -6.382816e-04 -4.240505e-05 2.453741e-05
11090.745704 -1.136098e-05 -4.273740e-07 -5.628782e-08 -9.940616e-07 4.858769e-05 -6.630456e-04 -2.773231e-05 2.003821e-05
11094.952714 -1.124335e-05 -4.242972e-07 -5.578055e-08 -9.843219e-07 4.647091e-05 -6.858110e-04 -3.302294e-05 1.621199e-05
11099.171916 -1.115034e-05 -4.221766e-07 -5.550727e-08 -9.778995e-07 5.712804e-05 -6.736843e-04 -3.058932e-05 2.568545e-05
11103.403311 -1.102934e-05 -4.188921e-07 -5.507600e-08 -9.681938e-07 5.005971e-05 -6.528169e-04 -3.463818e-05 2.031610e-05
11107.646897 -1.092922e-05 -4.165119e-07 -5.503199e-08 -9.611601e-07 5.225568e-05 -6.356823e-04 -3.630129e-05 2.648978e-05
11111.902675 -1.082433e-05 -4.138534e-07 -5.478618e-08 -9.529095e-07 3.996930e-05 -6.112949e-04 -3.856801e-05 3.252574e-05
11116.170645 -1.068457e-05 -4.097042e-07 -5.465280e-08 -9.396942e-07 5.759380e-05 -6.297703e-04 -2.518762e-05 3.724181e-05
11120.450807 -1.058510e-05 -4.072280e-07 -5.454369e-08 -9.328944e-07 6.628771e-05 -6.328413e-04 -3.539056e-05 2.700582e-05
11124.743161 -1.047389e-05 -4.043622e-07 -5.398600e-08 -9.243103e-07 5.648636e-05 -6.380315e-04 -2.999149e-05 3.428318e-05
11129.047707 -1.033432e-05 -4.004249e-07 -5.388105e-08 -9.120464e-07 6.542237e-05 -6.298409e-04 -3.006922e-05 3.767633e-05
11133.364444 -1.028116e-05 -3.994128e-07 -5.361176e-08 -9.105458e-07 5.768794e-05 -6.188351e-04 -2.874840e-05 3.564300e-05
11137.693374 -1.010628e-05 -3.942182e-07 -5.313078e-08 -8.927594e-07 4.949681e-05 -6.030290e-04 -2.974772e-05 3.707754e-05
11142.034495 -1.004702e-05 -3.922865e-07 -5.315097e-08 -8.901404e-07 4.773360e-05 -5.932608e-04 -2.976449e-05 3.886368e-05
11146.387809 -9.972211e-06 -3.903342e-07 -5.313700e-08 -8.857931e-07 5.030864e-05 -6.098128e-04 -3.684457e-05 4.454809e-05
11150.753314 -9.859623e-06 -3.868806e-07 -5.276122e-08 -8.763932e-07 5.246690e-05 -6.145174e-04 -3.172047e-05 4.146977e-05
11155.131011 -9.752114e-06 -3.835729e-07 -5.236507e-08 -8.687543e-07 4.915603e-05 -6.072312e-04 -3.141180e-05 4.207837e-05
11159.520900 -9.545911e-06 -3.762517e-07 -5.125445e-08 -8.530037e-07 5.112926e-05 -5.827822e-04 -4.238409e-05 4.575534e-05
11163.922981 -9.466313e-06 -3.760338e-07 -5.129225e-08 -8.452569e-07 5.727212e-05 -5.963446e-04 -5.035857e-05 3.692611e-05
11168.337254 -9.404367e-06 -3.739463e-07 -5.140062e-08 -8.438607e-07 5.934154e-05 -5.912212e-04 -3.464840e-05 2.762619e-05
11172.763719 -9.385913e-06 -3.742637e-07 -5.175233e-08 -8.429385e-07 4.512140e-05 -6.142537e-04 -3.399342e-05 2.177548e-05
11177.202376 -9.293189e-06 -3.717822e-07 -5.195580e-08 -8.339529e-07 4.300205e-05 -5.844670e-04 -4.056520e-05 2.830591e-05
11181.653224 -9.201577e-06 -3.692135e-07 -5.173409e-08 -8.275475e-07 4.271162e-05 -5.652686e-04 -3.687169e-05 3.083862e-05
11186.116265 -9.091382e-06 -3.661200e-07 -5.137758e-08 -8.171240e-07 4.366144e-05 -5.633589e-04 -4.677084e-05 3.269273e-05
11190.591497 -9.014141e-06 -3.642699e-07 -5.114383e-08 -8.121401e-07 4.347087e-05 -5.803582e-04 -4.486439e-05 3.791348e-05
11195.078922 -8.918667e-06 -3.617322e-07 -5.112712e-08 -8.041025e-07 4.365920e-05 -5.741213e-04 -5.041949e-05 3.792476e-05
11199.578538 -8.831810e-06 -3.592230e-07 -5.106122e-08 -7.978104e-07 4.589717e-05 -5.607378e-04 -4.779543e-05 4.172583e-05
11204.090346 -8.724144e-06 -3.556501e-07 -5.056742e-08 -7.889538e-07 3.646524e-05 -5.753278e-04 -4.971282e-05 3.623525e-05
11208.614346 -8.619040e-06 -3.522100e-07 -4.985196e-08 -7.802249e-07 2.740935e-05 -5.805170e-04 -6.186499e-05 3.538405e-05
11213.150538 -8.551994e-06 -3.512736e-07 -4.987130e-08 -7.758905e-07 3.685913e-05 -5.642520e-04 -4.999094e-05 3.370136e-05
11217.698922 -8.450033e-06 -3.478664e-07 -4.954065e-08 -7.672644e-07 4.380479e-05 -5.793568e-04 -3.955604e-05 3.980355e-05
11222.259498 -8.360123e-06 -3.453713e-07 -4.909656e-08 -7.612469e-07 4.045042e-05 -5.913129e-04 -4.721994e-05 3.408038e-05
11226.832266 -8.269661e-06 -3.429973e-07 -4.876464e-08 -7.541630e-07 4.690914e-05 -5.820833e-04 -5.482171e-05 3.044363e-05
11231.417226 -8.177545e-06 -3.401731e-07 -4.842687e-08 -7.467828e-07 4.786529e-05 -5.877520e-04 -4.608881e-05 4.452580e-05
11236.014377 -8.062131e-06 -3.366988e-07 -4.808218e-08 -7.366564e-07 4.358375e-05 -6.076155e-04 -3.632756e-05 3.865775e-05
11240.623721 -7.983678e-06 -3.344424e-07 -4.783133e-08 -7.312203e-07 5.344720e-05 -5.988203e-04 -3.350772e-05 4.002229e-05
11245.245256 -7.901183e-06 -3.318105e-07 -4.735481e-08 -7.248916e-07 5.283729e-05 -5.671030e-04 -2.974961e-05 3.865852e-05
11249.878983 -7.808709e-06 -3.286923e-07 -4.690094e-08 -7.173043e-07 5.340256e-05 -5.627299e-04 -3.425724e-05 3.016209e-05
11254.524902 -7.727380e-06 -3.264530e-07 -4.680822e-08 -7.114363e-07 4.869819e-05 -5.769875e-04 -3.614316e-05 2.708654e-05
11259.183013 -7.632791e-06 -3.235040e-07 -4.645928e-08 -7.030402e-07 5.169747e-05 -5.743606e-04 -2.886477e-05 1.884910e-05
11263.853316 -7.556640e-06 -3.214882e-07 -4.624428e-08 -6.972952e-07 4.993641e-05 -5.790064e-04 -3.408656e-05 1.389044e-05
11268.535811 -7.488155e-06 -3.198306e-07 -4.634375e-08 -6.926011e-07 4.034910e-05 -5.706741e-04 -3.865517e-05 2.364311e-05
11273.230498 -7.405517e-06 -3.173432e-07 -4.620015e-08 -6.854800e-07 4.039241e-05 -6.021992e-04 -3.761030e-05 2.119823e-05
11277.937377 -7.331379e-06 -3.154759e-07 -4.594586e-08 -6.803476e-07 3.192846e-05 -5.961342e-04 -3.317748e-05 3.391382e-05
11282.656448 -7.251814e-06 -3.135106e-07 -4.598474e-08 -6.744136e-07 3.724526e-05 -5.866994e-04 -4.084894e-05 3.940030e-05
11287.387710 -7.167104e-06 -3.108863e-07 -4.579047e-08 -6.672772e-07 3.891581e-05 -5.940802e-04 -4.514546e-05 4.097559e-05
11292.131165 -7.085519e-06 -3.084620e-07 -4.537472e-08 -6.610062e-07 3.396385e-05 -5.991513e-04 -4.476842e-05 3.403289e-05
11296.886811 -7.012242e-06 -3.064323e-07 -4.531230e-08 -6.548529e-07 3.776823e-05 -5.985272e-04 -3.945279e-05 4.339626e-05
11301.654649 -6.926543e-06 -3.037864e-07 -4.486216e-08 -6.471577e-07 4.337517e-05 -5.810381e-04 -3.409233e-05 3.651101e-05
11306.434679 -6.831421e-06 -3.007467e-07 -4.450785e-08 -6.390040e-07 4.442728e-05 -5.535029e-04 -2.653110e-05 2.176593e-05
11311.226901 -6.740368e-06 -2.980116e-07 -4.426153e-08 -6.320546e-07 4.448572e-05 -5.397036e-04 -3.227094e-05 2.436235e-05
11316.031315 -6.683657e-06 -2.960212e-07 -4.411601e-08 -6.289901e-07 3.952440e-05 -5.288942e-04 -3.419770e-05 3.461338e-05
11320.847921 -6.639146e-06 -2.952811e-07 -4.399059e-08 -6.252417e-07 4.480224e-05 -5.253730e-04 -3.735522e-05 2.139810e-05
11325.676719 -6.547442e-06 -2.921108e-07 -4.356251e-08 -6.168238e-07 4.328060e-05 -5.069211e-04 -3.729192e-05 1.627234e-05
11330.517709 -6.462923e-06 -2.898073e-07 -4.335657e-08 -6.103459e-07 3.776142e-05 -5.064304e-04 -3.102674e-05 2.601473e-05
11335.370891 -6.363719e-06 -2.864415e-07 -4.296332e-08 -6.028785e-07 3.970494e-05 -4.854019e-04 -3.908959e-05 3.202691e-05
11340.236264 -6.350245e-06 -2.864216e-07 -4.305202e-08 -6.021181e-07 4.348435e-05 -4.824921e-04 -3.866663e-05 3.422366e-05
