# Facility.name: NSLS-II
# Facility.mode: Beam available
# Facility.current: 399.8366172548635
# Facility.current: 3 GeV
# Facility.year: 2023
# Facility.cycle: 2
# Facility.GUP: 312970
# Facility.SAF: 311402
# Experimenter.name: Esteban Fornero
# Beamline.name: ISS (8-ID)
# Beamline.x-ray_source: damping wiggler
# Beamline.collimation_mirror1.material: Si
# Beamline.collimation_mirror2.material: Pt
# Beamline.collimation_mirror2.bender_loading: -349.0
# Beamline.focusing: toroidal mirror
# Beamline.focusing.material: Pt
# Beamline.focusing.bender_loading: -418.0
# Beamline.harmonic_rejection: Si
# Mono.scan_mode: Si(111)
# Mono.d_spacing: 3.1354951
# Mono.scan_mode: pseudo-channel cut
# Mono.scan_type: fly_scan
# Mono.trajectory_name: 0f397ba2-1519.txt
# Mono.direction: None
# Mono.angle_offset: 0.69366577
# Mono.angle_offset: 39.744 deg
# Mono.encoder_resolution: 48.0 nrad
# Detector.I0: ion chamber
# Detector.I1: ion chamber
# Detector.I2: ion chamber
# Detector.IF: PIPS
# Detector.I0.length: 15 cm
# Detector.I1.length: 28 cm
# Detector.I2.length: 15 cm
# Detector.IF.thickness: 300 um
# Detector.I0.gas.N2: 38.0%
# Detector.I1.gas.N2: 38.0%
# Detector.I2.gas.N2: 38.0%
# Detector.I0.gas.He: 62.0%
# Detector.I1.gas.He: 62.0%
# Detector.I2.gas.He: 62.0%
# Detector.I0.voltage: -1650.000244
# Detector.I1.voltage: -1650.001831
# Detector.I2.voltage: -1650.000977
# Detector.I0.gain: 4
# Detector.I1.gain: 6
# Detector.I2.gain: 6
# Detector.IF.gain: 6
# Detector.aux: {}
# Element.symbol: Ga
# Element.edge: K
# Element.line: None
# Scan.transient_id: 370949
# Scan.uid: 96c1cf94-38b9-4516-bf09-d71cf8a6de4e
# Scan.edge_energy: 10367.0
# Scan.start_time: 06/23/2023  03:35:48.562224
# Scan.end_time: 06/23/2023  03:36:22.663600
# Scan.name: CuGaO2-4th H2-ramp (pos 001) Ga-K 0001
# Scan.comment: 
# Sample.name: CuGaO2-4th
# Sample.comment: 
# Sample.position.x: -66.4779948865
# Sample.position.y: 30.5239896225
# Sample.position.z: -10.184937499999995
# Sample.position.theta: 845.5790000000001
# SampleHeater.temperature1.setpoint: 300.0
# SampleHeater.temperature1.readback: 1372.0
# SampleHeater.current.setpoint: 0.0
# SampleHeater.current.readback: 0.0
# SampleHeater.temperature2.setpoint: 196.62040481788142
# SampleHeater.temperature2.readback: 196.70000000000002
# SampleHeater.voltage.setpoint: 0.5003940422610453
# SampleHeater.voltage.readback: 0.488
# SampleHeater.PID.P: 0.025
# SampleHeater.PID.I: 0.07
# SampleHeater.PID.D: 0.0
# SampleGasCart.MFC.CH4.setpoint: 0.0
# SampleGasCart.MFC.CH4.readback: 0.0
# SampleGasCart.MFC.CO.setpoint: 0.0
# SampleGasCart.MFC.CO.readback: 0.0
# SampleGasCart.MFC.H2.setpoint: 10.0
# SampleGasCart.MFC.H2.readback: 10.012
# SampleGasCart.MFC.exhaust.setpoint: 100.0
# SampleGasCart.MFC.exhaust.readback: 9.89
# SampleGasHandlingSystem.gas_a.name: None
# SampleGasHandlingSystem.gas_b.name: None
# SampleGasHandlingSystem.gas_c.name: None
# SampleGasHandlingSystem.gas_d.name: None
# SampleGasHandlingSystem.gas_e.name: He
# SampleGasHandlingSystem.MFC1.setpoint: 0.0
# SampleGasHandlingSystem.MFC1.readback: -0.146484375
# SampleGasHandlingSystem.MFC2.setpoint: 0.0
# SampleGasHandlingSystem.MFC2.readback: -0.09765625
# SampleGasHandlingSystem.MFC3.setpoint: 0.0
# SampleGasHandlingSystem.MFC3.readback: 0.02034505270421505
# SampleGasHandlingSystem.MFC4.setpoint: 0.0
# SampleGasHandlingSystem.MFC4.readback: -0.0895182266831398
# SampleGasHandlingSystem.MFC5.setpoint: 0.0
# SampleGasHandlingSystem.MFC5.readback: -0.008138020522892475
# SampleGasHandlingSystem.MFC6.setpoint: 0.0
# SampleGasHandlingSystem.MFC6.readback: -0.0325520820915699
# SampleGasHandlingSystem.MFC7.setpoint: 0.0
# SampleGasHandlingSystem.MFC7.readback: -0.0244140625
# SampleGasHandlingSystem.MFC8.setpoint: 0.0
# SampleGasHandlingSystem.MFC8.readback: -0.0651041641831398
# SampleGasHandlingSystem.MFC9.setpoint: 0.0
# SampleGasHandlingSystem.MFC9.readback: -0.048828125
# SampleGasHandlingSystem.MFC10.setpoint: 0.0
# SampleGasHandlingSystem.MFC10.readback: 0.01220703125
# SampleGasHandlingSystem.MFC11.setpoint: 0.0
# SampleGasHandlingSystem.MFC11.readback: -0.08544921875
# SampleGasHandlingSystem.MFC12.setpoint: 0.0
# SampleGasHandlingSystem.MFC12.readback: -0.0447591133415699
# SampleGasHandlingSystem.MFC13.setpoint: 0.0
# SampleGasHandlingSystem.MFC13.readback: -0.0447591133415699
# SampleGasHandlingSystem.MFC14.setpoint: 0.0
# SampleGasHandlingSystem.MFC14.readback: -0.06103515625
# SampleGasHandlingSystem.MFC15.setpoint: 0.0
# SampleGasHandlingSystem.MFC15.readback: -0.09765625
# SampleGasHandlingSystem.MFC16.setpoint: 0.0
# SampleGasHandlingSystem.MFC16.readback: -0.0325520820915699
# SampleGasHandlingSystem.RGA.ch1.mass: 2
# SampleGasHandlingSystem.RGA.ch1.readback: 1.07594e-06
# SampleGasHandlingSystem.RGA.ch2.mass: 4
# SampleGasHandlingSystem.RGA.ch2.readback: 0.0
# SampleGasHandlingSystem.RGA.ch3.mass: 5
# SampleGasHandlingSystem.RGA.ch3.readback: 7.81276e-12
# SampleGasHandlingSystem.RGA.ch4.mass: 5
# SampleGasHandlingSystem.RGA.ch4.readback: 4.78717e-10
# SampleGasHandlingSystem.RGA.ch5.mass: 18
# SampleGasHandlingSystem.RGA.ch5.readback: 2.18695e-09
# SampleGasHandlingSystem.RGA.ch6.mass: 28
# SampleGasHandlingSystem.RGA.ch6.readback: 1.4534e-08
# SampleGasHandlingSystem.RGA.ch7.mass: 32
# SampleGasHandlingSystem.RGA.ch7.readback: 3.07315e-09
# SampleGasHandlingSystem.RGA.ch8.mass: 41
# SampleGasHandlingSystem.RGA.ch8.readback: 1.11477e-11
# SampleGasHandlingSystem.RGA.ch9.mass: 44
# SampleGasHandlingSystem.RGA.ch9.readback: 2.07863e-10
# energy  i0  it  ir  iff  aux1  aux2  aux3  aux4
10167.000000 -2.989148e-05 -6.829626e-07 -1.978282e-07 -1.007091e-06 6.107554e-05 4.170324e-04 -2.487305e-05 9.325839e-05
10172.000000 -2.981058e-05 -6.799044e-07 -1.959206e-07 -1.006775e-06 5.816000e-05 4.073672e-04 -2.813641e-05 9.408991e-05
10177.000000 -2.969733e-05 -6.806131e-07 -1.941180e-07 -1.004501e-06 6.145614e-05 4.073409e-04 -2.488558e-05 9.232813e-05
10182.000000 -2.961753e-05 -6.806554e-07 -1.904270e-07 -1.004282e-06 6.835803e-05 4.321817e-04 -2.328375e-05 8.866860e-05
10187.000000 -2.966276e-05 -6.801955e-07 -1.833075e-07 -1.009529e-06 6.193130e-05 4.276747e-04 -3.015849e-05 9.781054e-05
10192.000000 -2.969895e-05 -6.847738e-07 -1.685945e-07 -1.012910e-06 5.575236e-05 4.053547e-04 -3.409414e-05 9.064354e-05
10197.000000 -2.959624e-05 -6.867161e-07 -1.239656e-07 -1.010719e-06 6.440168e-05 4.262603e-04 -1.641464e-05 8.969111e-05
10202.000000 -2.956623e-05 -6.871632e-07 -3.902422e-08 -1.012857e-06 6.262233e-05 4.124711e-04 -1.015058e-05 8.874110e-05
10207.000000 -2.945026e-05 -6.887800e-07 -1.634093e-08 -1.009993e-06 5.594865e-05 3.552301e-04 -7.533821e-06 9.290415e-05
10212.000000 -2.956298e-05 -6.905168e-07 -3.392517e-08 -1.017816e-06 5.371750e-05 3.450898e-04 -1.194934e-05 8.861298e-05
10217.000000 -2.955710e-05 -6.912332e-07 -4.393990e-08 -1.020775e-06 5.884909e-05 3.549229e-04 -1.422657e-05 8.566674e-05
10222.000000 -2.952926e-05 -6.924142e-07 -5.161477e-08 -1.022355e-06 6.220260e-05 3.656293e-04 -1.049415e-05 7.806912e-05
10227.000000 -2.949264e-05 -6.939768e-07 -5.664001e-08 -1.023446e-06 5.633968e-05 3.911394e-04 -1.287959e-05 7.994686e-05
10232.000000 -2.939400e-05 -6.949902e-07 -5.861104e-08 -1.022542e-06 5.439860e-05 3.748290e-04 -2.776278e-06 8.740992e-05
10237.000000 -2.938309e-05 -6.973924e-07 -6.043743e-08 -1.024776e-06 6.620059e-05 3.699694e-04 -5.229088e-06 9.081156e-05
10242.000000 -2.925071e-05 -6.997258e-07 -6.179001e-08 -1.021821e-06 5.576075e-05 3.723277e-04 2.205165e-06 9.034982e-05
10247.000000 -2.927522e-05 -7.002943e-07 -6.428208e-08 -1.026845e-06 4.902601e-05 3.648607e-04 -1.020107e-05 8.651920e-05
10252.000000 -2.925512e-05 -7.025842e-07 -6.384123e-08 -1.028929e-06 5.130028e-05 3.690257e-04 -1.405059e-05 9.208620e-05
10257.000000 -2.917428e-05 -7.043311e-07 -6.149566e-08 -1.028065e-06 4.534989e-05 3.605048e-04 -3.383551e-06 1.004593e-04
10262.000000 -2.913158e-05 -7.060790e-07 -6.122220e-08 -1.029703e-06 4.721508e-05 3.742928e-04 -4.856452e-06 9.258177e-05
10267.000000 -2.920048e-05 -7.098780e-07 -6.256484e-08 -1.035058e-06 5.395656e-05 3.678208e-04 1.112415e-05 9.719452e-05
10272.000000 -2.917211e-05 -7.122901e-07 -6.316688e-08 -1.036763e-06 5.767630e-05 3.801017e-04 6.032799e-06 1.020243e-04
10277.000000 -2.911305e-05 -7.146342e-07 -6.292709e-08 -1.037357e-06 5.190033e-05 3.747874e-04 -9.970178e-07 1.049468e-04
10282.000000 -2.897305e-05 -7.150056e-07 -6.216112e-08 -1.035079e-06 5.733090e-05 3.572623e-04 -1.041235e-05 9.740258e-05
10287.000000 -2.896924e-05 -7.192071e-07 -6.311710e-08 -1.037035e-06 4.873922e-05 3.662396e-04 -1.208634e-05 9.726786e-05
10292.000000 -2.895209e-05 -7.213216e-07 -6.488500e-08 -1.039556e-06 4.359774e-05 3.492068e-04 -1.383038e-05 8.723693e-05
10297.000000 -2.897066e-05 -7.241472e-07 -6.586603e-08 -1.043949e-06 4.567917e-05 3.617614e-04 -1.154517e-05 8.816090e-05
10302.000000 -2.893599e-05 -7.283707e-07 -6.595827e-08 -1.044910e-06 4.354031e-05 3.733087e-04 -1.096654e-05 9.581014e-05
10307.000000 -2.884717e-05 -7.303445e-07 -6.625238e-08 -1.044191e-06 4.378806e-05 3.896498e-04 2.237244e-06 8.890373e-05
10312.000000 -2.877610e-05 -7.331622e-07 -6.630774e-08 -1.044491e-06 4.807674e-05 3.785006e-04 -7.832513e-06 8.684369e-05
10317.000000 -2.879363e-05 -7.373275e-07 -6.624813e-08 -1.048688e-06 4.597194e-05 3.727257e-04 -1.491102e-05 9.761045e-05
10322.000000 -2.882382e-05 -7.405541e-07 -6.604535e-08 -1.054038e-06 3.688351e-05 3.900518e-04 -8.603542e-06 9.969928e-05
10327.000000 -2.876601e-05 -7.424436e-07 -6.525101e-08 -1.055466e-06 4.363179e-05 3.858503e-04 -2.289432e-05 9.180861e-05
10332.000000 -2.867096e-05 -7.426928e-07 -6.473037e-08 -1.056240e-06 4.092832e-05 3.565839e-04 -2.474094e-05 9.114298e-05
10337.000000 -2.874142e-05 -7.468886e-07 -6.497497e-08 -1.062246e-06 4.483602e-05 3.483932e-04 -3.066395e-05 9.404045e-05
10341.000000 -2.871329e-05 -7.478982e-07 -6.536885e-08 -1.064902e-06 5.385443e-05 3.414636e-04 -2.540106e-05 9.470882e-05
10344.000000 -2.865382e-05 -7.471005e-07 -6.611374e-08 -1.065539e-06 5.017739e-05 3.641863e-04 -3.305153e-05 1.017383e-04
10346.000000 -2.864334e-05 -7.469847e-07 -6.672126e-08 -1.067504e-06 5.231754e-05 3.929006e-04 -3.469111e-05 1.005588e-04
10347.000000 -2.864341e-05 -7.467975e-07 -6.714497e-08 -1.069161e-06 4.627490e-05 3.854771e-04 -3.846032e-05 1.005852e-04
10347.200000 -2.864697e-05 -7.472178e-07 -6.733234e-08 -1.069902e-06 4.643455e-05 3.783492e-04 -5.222019e-05 9.987169e-05
10347.400000 -2.865890e-05 -7.469977e-07 -6.729844e-08 -1.070455e-06 4.701193e-05 3.912308e-04 -3.290778e-05 1.058442e-04
10347.600000 -2.865806e-05 -7.473266e-07 -6.720302e-08 -1.070809e-06 4.054430e-05 3.761542e-04 -4.064345e-05 1.054549e-04
10347.800000 -2.863408e-05 -7.464498e-07 -6.730422e-08 -1.070147e-06 3.875741e-05 3.616941e-04 -3.257266e-05 1.090737e-04
10348.000000 -2.862510e-05 -7.464406e-07 -6.744282e-08 -1.069854e-06 3.693187e-05 3.722054e-04 -3.215367e-05 1.042776e-04
10348.200000 -2.865141e-05 -7.481940e-07 -6.753250e-08 -1.070994e-06 3.891820e-05 3.604459e-04 -2.256890e-05 1.060900e-04
10348.400000 -2.863577e-05 -7.465530e-07 -6.756088e-08 -1.070706e-06 3.739986e-05 3.555650e-04 -2.796773e-05 1.061135e-04
10348.600000 -2.861458e-05 -7.484031e-07 -6.771059e-08 -1.070378e-06 4.048413e-05 3.514749e-04 -2.828097e-05 1.095093e-04
10348.800000 -2.862532e-05 -7.474602e-07 -6.762180e-08 -1.070743e-06 5.099519e-05 3.727660e-04 -2.595429e-05 1.121172e-04
10349.000000 -2.864481e-05 -7.475396e-07 -6.772623e-08 -1.071986e-06 5.146451e-05 3.979693e-04 -2.120130e-05 1.145856e-04
10349.200000 -2.861648e-05 -7.459303e-07 -6.792719e-08 -1.071561e-06 5.771878e-05 4.100227e-04 -3.221610e-05 1.062947e-04
10349.400000 -2.860792e-05 -7.488637e-07 -6.822503e-08 -1.070894e-06 5.298598e-05 3.989531e-04 -3.162023e-05 1.057538e-04
10349.600000 -2.860272e-05 -7.459036e-07 -6.793767e-08 -1.071619e-06 4.879665e-05 3.673753e-04 -3.642169e-05 9.760242e-05
10349.800000 -2.859059e-05 -7.469319e-07 -6.816292e-08 -1.071629e-06 4.509948e-05 3.652757e-04 -2.247671e-05 1.034162e-04
10350.000000 -2.860294e-05 -7.467489e-07 -6.836315e-08 -1.072046e-06 5.151032e-05 4.031432e-04 -2.380524e-05 1.150219e-04
10350.200000 -2.861423e-05 -7.460452e-07 -6.841956e-08 -1.073203e-06 5.588060e-05 3.768728e-04 -2.789030e-05 1.076756e-04
10350.400000 -2.860935e-05 -7.470946e-07 -6.875825e-08 -1.073597e-06 5.273771e-05 3.763597e-04 -2.643061e-05 1.144815e-04
10350.600000 -2.857325e-05 -7.467645e-07 -6.870093e-08 -1.072264e-06 5.297466e-05 3.842568e-04 -1.904040e-05 1.232567e-04
10350.800000 -2.856587e-05 -7.469892e-07 -6.855635e-08 -1.071485e-06 4.716928e-05 3.858302e-04 -2.075515e-05 1.122061e-04
10351.000000 -2.855188e-05 -7.442348e-07 -6.853059e-08 -1.071453e-06 4.434712e-05 3.906094e-04 -9.903495e-06 1.166902e-04
10351.200000 -2.856357e-05 -7.468869e-07 -6.865111e-08 -1.072151e-06 4.370237e-05 3.991984e-04 -1.722580e-05 1.195127e-04
10351.400000 -2.859514e-05 -7.472801e-07 -6.883909e-08 -1.074165e-06 4.004296e-05 3.766209e-04 -1.400168e-05 1.175485e-04
10351.600000 -2.854515e-05 -7.453161e-07 -6.881076e-08 -1.072385e-06 4.781663e-05 3.629528e-04 -2.323794e-05 1.047516e-04
10351.800000 -2.856301e-05 -7.486915e-07 -6.917155e-08 -1.073134e-06 4.345011e-05 3.780578e-04 -3.132313e-05 9.569177e-05
10352.000000 -2.858606e-05 -7.481405e-07 -6.882991e-08 -1.074927e-06 3.683643e-05 3.687012e-04 -1.995351e-05 9.076759e-05
10352.200000 -2.852907e-05 -7.443776e-07 -6.830041e-08 -1.073176e-06 4.319633e-05 3.797166e-04 -3.150178e-05 9.396610e-05
10352.400000 -2.856255e-05 -7.478646e-07 -6.863625e-08 -1.073946e-06 4.927027e-05 3.541444e-04 -2.465696e-05 9.964147e-05
10352.600000 -2.855818e-05 -7.471717e-07 -6.883057e-08 -1.074357e-06 6.529238e-05 3.379333e-04 -9.618483e-06 1.019687e-04
10352.800000 -2.856200e-05 -7.476325e-07 -6.902942e-08 -1.075048e-06 5.766564e-05 3.424575e-04 -2.027051e-05 9.159502e-05
10353.000000 -2.857492e-05 -7.482818e-07 -6.915065e-08 -1.075825e-06 5.486868e-05 3.517226e-04 -3.697591e-05 9.825086e-05
10353.200000 -2.858474e-05 -7.486320e-07 -6.913016e-08 -1.077106e-06 5.775723e-05 3.464877e-04 -2.928540e-05 9.793996e-05
10353.400000 -2.860005e-05 -7.481471e-07 -6.907744e-08 -1.077991e-06 5.984091e-05 3.467794e-04 -1.948084e-05 9.594561e-05
10353.600000 -2.858421e-05 -7.496614e-07 -6.911782e-08 -1.077795e-06 4.603857e-05 3.543752e-04 -2.361681e-05 9.140888e-05
10353.800000 -2.855435e-05 -7.469459e-07 -6.928426e-08 -1.076987e-06 4.658033e-05 3.645878e-04 -2.654392e-05 9.698729e-05
10354.000000 -2.857646e-05 -7.495039e-07 -6.961833e-08 -1.078364e-06 6.387845e-05 3.597141e-04 -2.207905e-05 1.024964e-04
10354.200000 -2.855277e-05 -7.474438e-07 -6.923904e-08 -1.078024e-06 5.866104e-05 3.627882e-04 -2.248533e-05 1.021325e-04
10354.400000 -2.853372e-05 -7.483243e-07 -6.920116e-08 -1.077418e-06 5.457675e-05 3.635043e-04 -2.227444e-05 1.012972e-04
10354.600000 -2.855242e-05 -7.480061e-07 -6.929450e-08 -1.078660e-06 6.960679e-05 3.635484e-04 -3.235584e-05 9.902470e-05
10354.800000 -2.858334e-05 -7.482889e-07 -6.932361e-08 -1.080417e-06 7.382624e-05 3.693738e-04 -2.813728e-05 1.134843e-04
10355.000000 -2.855968e-05 -7.502695e-07 -6.973181e-08 -1.079515e-06 6.963781e-05 4.035792e-04 -2.556567e-05 1.114205e-04
10355.200000 -2.849064e-05 -7.478886e-07 -6.958894e-08 -1.077047e-06 5.983155e-05 4.137933e-04 -2.773374e-05 9.830641e-05
10355.400000 -2.842958e-05 -7.475487e-07 -6.964440e-08 -1.074614e-06 5.861766e-05 3.911385e-04 -1.805248e-05 1.044335e-04
10355.600000 -2.841464e-05 -7.517695e-07 -6.999461e-08 -1.073843e-06 5.400431e-05 3.796290e-04 -1.377994e-05 1.184253e-04
10355.800000 -2.830267e-05 -7.415179e-07 -6.911222e-08 -1.069937e-06 4.669572e-05 3.817914e-04 -1.594210e-05 1.186370e-04
10356.000000 -2.839348e-05 -7.495307e-07 -6.974381e-08 -1.074437e-06 5.934759e-05 3.890031e-04 -9.225640e-06 1.230840e-04
10356.200000 -2.836229e-05 -7.457295e-07 -6.945195e-08 -1.073631e-06 4.628508e-05 3.862635e-04 -1.728371e-05 1.201828e-04
10356.400000 -2.839250e-05 -7.450442e-07 -6.934971e-08 -1.076231e-06 4.391317e-05 3.761115e-04 -3.010500e-05 1.153524e-04
10356.600000 -2.854220e-05 -7.513879e-07 -6.983910e-08 -1.082915e-06 4.488666e-05 3.880229e-04 -1.794819e-05 1.259303e-04
10356.800000 -2.850409e-05 -7.494593e-07 -6.980409e-08 -1.081925e-06 4.880289e-05 3.854581e-04 -1.000081e-05 1.290036e-04
10357.000000 -2.850286e-05 -7.497999e-07 -7.001279e-08 -1.082657e-06 4.112757e-05 3.851154e-04 -2.169017e-05 1.226566e-04
10357.200000 -2.854171e-05 -7.499622e-07 -7.001042e-08 -1.085143e-06 5.188233e-05 3.444460e-04 -2.409863e-05 1.212757e-04
10357.400000 -2.853099e-05 -7.493757e-07 -6.985706e-08 -1.085609e-06 5.020256e-05 3.412419e-04 -2.310071e-05 1.163323e-04
10357.600000 -2.850852e-05 -7.489737e-07 -6.983959e-08 -1.085655e-06 5.037965e-05 3.339188e-04 -7.633572e-06 1.269504e-04
10357.800000 -2.850104e-05 -7.513702e-07 -7.001797e-08 -1.085558e-06 6.231810e-05 3.468637e-04 -1.843687e-05 1.171623e-04
10358.000000 -2.848092e-05 -7.483965e-07 -6.980323e-08 -1.085029e-06 6.754338e-05 3.490280e-04 -1.870368e-05 1.142956e-04
10358.200000 -2.846557e-05 -7.491800e-07 -6.991277e-08 -1.085684e-06 6.666499e-05 3.318610e-04 -1.062782e-05 1.243195e-04
10358.400000 -2.850055e-05 -7.482558e-07 -6.979545e-08 -1.088366e-06 6.513439e-05 3.066152e-04 4.560836e-07 1.217160e-04
10358.600000 -2.847192e-05 -7.482536e-07 -6.960328e-08 -1.087445e-06 6.479353e-05 3.295190e-04 -6.604821e-06 1.182778e-04
10358.800000 -2.845807e-05 -7.469581e-07 -6.938567e-08 -1.087671e-06 5.602607e-05 3.417534e-04 -2.099808e-05 1.268353e-04
10359.000000 -2.849559e-05 -7.478554e-07 -6.943923e-08 -1.090004e-06 5.152289e-05 3.318618e-04 -2.350530e-05 1.252587e-04
10359.200000 -2.847242e-05 -7.490153e-07 -6.973155e-08 -1.089432e-06 4.840627e-05 3.734486e-04 -2.706542e-05 1.108508e-04
10359.400000 -2.840447e-05 -7.477380e-07 -6.981759e-08 -1.086765e-06 4.384208e-05 3.765560e-04 -3.059533e-05 1.049777e-04
10359.600000 -2.839167e-05 -7.490385e-07 -7.001365e-08 -1.086974e-06 4.715159e-05 3.610199e-04 -2.854630e-05 1.036756e-04
10359.800000 -2.835866e-05 -7.460730e-07 -6.953750e-08 -1.086821e-06 4.791402e-05 3.552404e-04 -2.451832e-05 9.949784e-05
10360.000000 -2.843354e-05 -7.495987e-07 -6.969792e-08 -1.091394e-06 4.775268e-05 3.537304e-04 -1.261379e-05 1.030184e-04
10360.200000 -2.851283e-05 -7.491543e-07 -6.949582e-08 -1.096345e-06 5.381634e-05 3.665987e-04 -2.962522e-05 9.877054e-05
10360.400000 -2.847385e-05 -7.482120e-07 -6.980861e-08 -1.095388e-06 6.262215e-05 3.619080e-04 -4.230369e-05 1.019744e-04
10360.600000 -2.841085e-05 -7.473119e-07 -6.986612e-08 -1.093626e-06 5.942531e-05 3.696247e-04 -4.304033e-05 1.028507e-04
10360.800000 -2.840318e-05 -7.477670e-07 -6.988932e-08 -1.094043e-06 6.002495e-05 3.903755e-04 -4.741016e-05 1.046559e-04
10361.000000 -2.842929e-05 -7.510960e-07 -6.992015e-08 -1.095837e-06 5.308204e-05 3.994807e-04 -4.126903e-05 1.019867e-04
10361.200000 -2.844128e-05 -7.506507e-07 -6.965922e-08 -1.097667e-06 5.587910e-05 3.866822e-04 -3.618716e-05 1.079076e-04
10361.400000 -2.844203e-05 -7.495260e-07 -6.968054e-08 -1.099493e-06 5.236016e-05 3.760665e-04 -3.888176e-05 1.059881e-04
10361.600000 -2.843309e-05 -7.487641e-07 -6.966650e-08 -1.100475e-06 5.162066e-05 3.731113e-04 -4.442262e-05 1.062496e-04
10361.800000 -2.841356e-05 -7.469395e-07 -6.973821e-08 -1.101264e-06 5.529884e-05 3.671706e-04 -4.481475e-05 1.020790e-04
10362.000000 -2.847716e-05 -7.473841e-07 -6.959466e-08 -1.105410e-06 5.907592e-05 3.609543e-04 -5.207040e-05 8.915697e-05
10362.200000 -2.848012e-05 -7.472357e-07 -6.979015e-08 -1.106536e-06 4.824934e-05 3.524381e-04 -5.180600e-05 9.436316e-05
10362.400000 -2.845836e-05 -7.475301e-07 -6.991574e-08 -1.107323e-06 5.152992e-05 3.610311e-04 -4.884596e-05 9.737269e-05
10362.600000 -2.846574e-05 -7.476243e-07 -6.991418e-08 -1.109256e-06 5.528688e-05 3.615988e-04 -5.210402e-05 8.453709e-05
10362.800000 -2.845616e-05 -7.476072e-07 -6.973754e-08 -1.110919e-06 6.441556e-05 3.732663e-04 -3.234356e-05 9.372699e-05
10363.000000 -2.845960e-05 -7.447429e-07 -6.947845e-08 -1.113332e-06 5.462120e-05 3.850264e-04 -4.021383e-05 8.579890e-05
10363.200000 -2.843813e-05 -7.442304e-07 -6.924021e-08 -1.114178e-06 5.390864e-05 3.712711e-04 -4.429074e-05 8.094707e-05
10363.400000 -2.844031e-05 -7.438648e-07 -6.922689e-08 -1.115718e-06 5.362375e-05 3.595411e-04 -3.672265e-05 1.005897e-04
10363.600000 -2.845360e-05 -7.446352e-07 -6.928580e-08 -1.118044e-06 5.388032e-05 3.676562e-04 -4.492799e-05 1.069175e-04
10363.800000 -2.843773e-05 -7.452285e-07 -6.923633e-08 -1.119283e-06 6.272814e-05 3.712909e-04 -5.214804e-05 9.653497e-05
10364.000000 -2.844331e-05 -7.455587e-07 -6.923618e-08 -1.121376e-06 7.080654e-05 3.760286e-04 -4.847235e-05 9.712396e-05
10364.200000 -2.843471e-05 -7.438937e-07 -6.874354e-08 -1.124077e-06 6.658641e-05 3.620782e-04 -2.696661e-05 1.029191e-04
10364.400000 -2.841769e-05 -7.449363e-07 -6.886506e-08 -1.125578e-06 6.111064e-05 3.654252e-04 -3.312908e-05 9.144116e-05
10364.600000 -2.837022e-05 -7.451921e-07 -6.911307e-08 -1.125395e-06 6.422831e-05 3.929724e-04 -4.228901e-05 9.313823e-05
10364.800000 -2.841492e-05 -7.440570e-07 -6.934713e-08 -1.130264e-06 6.688547e-05 3.911642e-04 -4.433855e-05 9.785109e-05
10365.000000 -2.838935e-05 -7.403577e-07 -6.891079e-08 -1.132757e-06 5.963783e-05 3.827601e-04 -3.936387e-05 9.013436e-05
10365.200000 -2.839521e-05 -7.424333e-07 -6.900361e-08 -1.136019e-06 5.913285e-05 3.950933e-04 -4.753066e-05 9.071503e-05
10365.400000 -2.840412e-05 -7.434855e-07 -6.895509e-08 -1.139566e-06 5.461091e-05 3.705309e-04 -4.876561e-05 9.862732e-05
10365.600000 -2.841196e-05 -7.417328e-07 -6.899225e-08 -1.143446e-06 4.705030e-05 3.753378e-04 -5.632424e-05 1.001642e-04
10365.800000 -2.841414e-05 -7.392428e-07 -6.899322e-08 -1.147653e-06 5.827543e-05 3.759054e-04 -4.861048e-05 1.052771e-04
10366.000000 -2.843574e-05 -7.406387e-07 -6.900073e-08 -1.153238e-06 6.490777e-05 3.720403e-04 -4.337588e-05 1.086948e-04
10366.200000 -2.841714e-05 -7.384399e-07 -6.863522e-08 -1.157093e-06 5.614609e-05 3.838526e-04 -4.939139e-05 1.065065e-04
10366.400000 -2.842301e-05 -7.390381e-07 -6.850660e-08 -1.162278e-06 5.334734e-05 3.698004e-04 -5.680958e-05 1.021636e-04
10366.600000 -2.842158e-05 -7.385386e-07 -6.843614e-08 -1.167281e-06 5.779806e-05 3.490300e-04 -5.998846e-05 1.028453e-04
10366.800000 -2.840740e-05 -7.358251e-07 -6.825263e-08 -1.173149e-06 5.674267e-05 3.394317e-04 -5.131119e-05 9.889273e-05
10367.000000 -2.838839e-05 -7.370438e-07 -6.844827e-08 -1.178924e-06 5.970794e-05 3.403983e-04 -5.238048e-05 8.895059e-05
10367.200000 -2.839050e-05 -7.342078e-07 -6.820621e-08 -1.187114e-06 6.690062e-05 3.419159e-04 -4.905459e-05 8.812000e-05
10367.400000 -2.839891e-05 -7.347076e-07 -6.823221e-08 -1.195385e-06 6.440017e-05 3.555169e-04 -4.858341e-05 8.767366e-05
10367.600000 -2.835859e-05 -7.287115e-07 -6.774861e-08 -1.203526e-06 7.029320e-05 3.468554e-04 -4.525070e-05 9.045558e-05
10367.800000 -2.839763e-05 -7.300322e-07 -6.803022e-08 -1.216371e-06 7.113078e-05 3.603798e-04 -4.226927e-05 9.914664e-05
10368.000000 -2.838199e-05 -7.281269e-07 -6.799801e-08 -1.227277e-06 5.999444e-05 3.620630e-04 -3.912813e-05 1.083336e-04
10368.200000 -2.840875e-05 -7.263503e-07 -6.769960e-08 -1.242251e-06 5.989299e-05 3.508904e-04 -5.880290e-05 9.799309e-05
10368.400000 -2.842673e-05 -7.248513e-07 -6.753878e-08 -1.258246e-06 6.639381e-05 3.746304e-04 -5.506341e-05 9.317627e-05
10368.600000 -2.843057e-05 -7.223969e-07 -6.731870e-08 -1.275527e-06 6.625402e-05 4.025221e-04 -4.961462e-05 9.387022e-05
10368.800000 -2.841161e-05 -7.191731e-07 -6.690641e-08 -1.294766e-06 5.908573e-05 3.899251e-04 -5.356465e-05 9.368118e-05
10369.000000 -2.837830e-05 -7.146979e-07 -6.635070e-08 -1.314066e-06 5.035727e-05 3.872489e-04 -4.632754e-05 8.510033e-05
10369.200000 -2.835894e-05 -7.111638e-07 -6.605577e-08 -1.336580e-06 6.231621e-05 3.942547e-04 -4.839763e-05 9.185258e-05
10369.400000 -2.839025e-05 -7.078467e-07 -6.565546e-08 -1.365067e-06 5.365976e-05 3.868022e-04 -4.667448e-05 8.902766e-05
10369.600000 -2.838453e-05 -7.015717e-07 -6.490232e-08 -1.393275e-06 6.338630e-05 3.662711e-04 -4.340667e-05 1.015618e-04
10369.800000 -2.841670e-05 -6.998107e-07 -6.475141e-08 -1.426542e-06 6.344678e-05 3.522484e-04 -3.963664e-05 1.032848e-04
10370.000000 -2.841837e-05 -6.938950e-07 -6.456102e-08 -1.460079e-06 6.824393e-05 3.518924e-04 -3.428425e-05 1.106421e-04
10370.200000 -2.840799e-05 -6.875046e-07 -6.412052e-08 -1.495034e-06 6.422964e-05 3.740588e-04 -4.637920e-05 1.050036e-04
10370.400000 -2.840849e-05 -6.837662e-07 -6.366206e-08 -1.533862e-06 7.027420e-05 3.804327e-04 -3.610600e-05 1.162611e-04
10370.600000 -2.839952e-05 -6.779389e-07 -6.300897e-08 -1.575180e-06 6.231631e-05 3.595061e-04 -4.921891e-05 9.806291e-05
10370.800000 -2.836803e-05 -6.735889e-07 -6.244507e-08 -1.616750e-06 5.891773e-05 3.540533e-04 -3.958865e-05 1.057036e-04
10371.000000 -2.833909e-05 -6.632947e-07 -6.155760e-08 -1.663330e-06 5.965771e-05 3.409447e-04 -3.770551e-05 1.022273e-04
10371.200000 -2.833598e-05 -6.546366e-07 -6.090947e-08 -1.716043e-06 6.758019e-05 3.532058e-04 -5.812512e-05 9.265249e-05
10371.400000 -2.832444e-05 -6.508099e-07 -6.052486e-08 -1.771878e-06 6.108422e-05 3.832080e-04 -5.100972e-05 9.550673e-05
10371.600000 -2.826386e-05 -6.387715e-07 -5.928900e-08 -1.829290e-06 6.273732e-05 3.904771e-04 -4.891754e-05 9.254784e-05
10371.800000 -2.828758e-05 -6.345920e-07 -5.871280e-08 -1.898185e-06 6.382809e-05 3.409428e-04 -3.736171e-05 1.100456e-04
10372.000000 -2.826639e-05 -6.223412e-07 -5.762426e-08 -1.968394e-06 6.545683e-05 3.205214e-04 -3.449272e-05 1.049339e-04
10372.200000 -2.829440e-05 -6.149312e-07 -5.693635e-08 -2.046718e-06 6.384103e-05 3.427143e-04 -2.970222e-05 1.016206e-04
10372.400000 -2.825155e-05 -6.043393e-07 -5.611684e-08 -2.121037e-06 6.902491e-05 3.556418e-04 -2.520255e-05 9.725852e-05
10372.600000 -2.824701e-05 -5.985662e-07 -5.562194e-08 -2.199372e-06 6.369769e-05 3.493194e-04 -3.126261e-05 1.026493e-04
10372.800000 -2.826445e-05 -5.886452e-07 -5.453960e-08 -2.280694e-06 6.620186e-05 3.502475e-04 -3.420674e-05 1.085086e-04
10373.000000 -2.831542e-05 -5.789823e-07 -5.357457e-08 -2.363718e-06 7.766648e-05 3.494530e-04 -2.924419e-05 9.894072e-05
10373.200000 -2.833706e-05 -5.749287e-07 -5.314143e-08 -2.438304e-06 7.450300e-05 3.664958e-04 -1.985168e-05 1.098757e-04
10373.400000 -2.831560e-05 -5.661085e-07 -5.243759e-08 -2.502177e-06 7.177068e-05 3.755367e-04 -2.311048e-05 1.114817e-04
10373.600000 -2.831749e-05 -5.608006e-07 -5.223521e-08 -2.560952e-06 7.058977e-05 3.592230e-04 -2.418112e-05 1.030169e-04
10373.800000 -2.830039e-05 -5.538835e-07 -5.148414e-08 -2.611287e-06 6.535626e-05 3.758769e-04 -1.633677e-05 1.019610e-04
10374.000000 -2.829815e-05 -5.524402e-07 -5.137214e-08 -2.653117e-06 6.263364e-05 3.609382e-04 -1.124508e-05 1.007442e-04
10374.200000 -2.829009e-05 -5.493577e-07 -5.095297e-08 -2.687836e-06 6.390818e-05 3.769319e-04 -9.917956e-06 1.095722e-04
10374.400000 -2.822981e-05 -5.447681e-07 -5.048892e-08 -2.709546e-06 6.810065e-05 3.924950e-04 -1.696720e-05 1.085673e-04
10374.600000 -2.828659e-05 -5.431921e-07 -5.021167e-08 -2.743650e-06 6.854957e-05 3.794143e-04 -1.561536e-05 1.049348e-04
10374.800000 -2.838963e-05 -5.431053e-07 -5.007090e-08 -2.780494e-06 6.450440e-05 3.753407e-04 -1.906510e-05 9.814837e-05
10375.000000 -2.837743e-05 -5.409049e-07 -4.972042e-08 -2.797502e-06 5.161681e-05 3.715102e-04 -2.232847e-05 9.561338e-05
10375.200000 -2.838241e-05 -5.406026e-07 -4.969133e-08 -2.813478e-06 5.761131e-05 3.727326e-04 -2.538434e-05 9.839689e-05
10375.400000 -2.838648e-05 -5.398329e-07 -4.965330e-08 -2.827743e-06 5.786626e-05 3.777313e-04 -2.931960e-05 9.677624e-05
10375.600000 -2.841783e-05 -5.393782e-07 -4.968907e-08 -2.845812e-06 5.822083e-05 3.687622e-04 -2.614589e-05 1.094557e-04
10375.800000 -2.840986e-05 -5.378839e-07 -4.955858e-08 -2.856294e-06 5.080054e-05 3.510493e-04 -2.398906e-05 1.036627e-04
10376.000000 -2.842321e-05 -5.353717e-07 -4.903182e-08 -2.868816e-06 5.589513e-05 3.650425e-04 -1.622148e-05 1.138777e-04
10376.200000 -2.844744e-05 -5.387613e-07 -4.910939e-08 -2.879244e-06 6.295687e-05 3.676331e-04 -1.300779e-05 1.169160e-04
10376.400000 -2.843690e-05 -5.366582e-07 -4.894796e-08 -2.885006e-06 6.964019e-05 3.613488e-04 -2.432151e-05 1.053085e-04
10376.600000 -2.843393e-05 -5.371271e-07 -4.929795e-08 -2.888202e-06 7.037082e-05 3.733786e-04 -2.355432e-05 1.084594e-04
10376.800000 -2.841818e-05 -5.366905e-07 -4.957030e-08 -2.886103e-06 7.175756e-05 3.564735e-04 -3.315615e-05 1.192977e-04
10377.000000 -2.840678e-05 -5.379071e-07 -4.962999e-08 -2.881057e-06 7.763463e-05 3.591093e-04 -2.275395e-05 1.152519e-04
10377.200000 -2.840915e-05 -5.382515e-07 -4.958370e-08 -2.874854e-06 7.425336e-05 3.626918e-04 -2.401320e-05 1.135583e-04
10377.400000 -2.843051e-05 -5.379067e-07 -4.935107e-08 -2.867432e-06 6.134321e-05 3.426567e-04 -2.039777e-05 1.120837e-04
10377.600000 -2.841304e-05 -5.413490e-07 -4.970612e-08 -2.846680e-06 6.286482e-05 3.412976e-04 -2.678391e-05 1.064414e-04
10377.800000 -2.840371e-05 -5.430181e-07 -5.005500e-08 -2.826412e-06 6.632571e-05 3.186262e-04 -3.753034e-05 9.812913e-05
10378.000000 -2.838982e-05 -5.432747e-07 -5.014290e-08 -2.803105e-06 7.006513e-05 3.259594e-04 -3.759301e-05 1.050244e-04
10378.200000 -2.843969e-05 -5.486813e-07 -5.054964e-08 -2.784281e-06 6.105785e-05 3.385482e-04 -2.478989e-05 9.934210e-05
10378.400000 -2.843655e-05 -5.485679e-07 -5.047529e-08 -2.756500e-06 5.795993e-05 3.265311e-04 -1.236690e-05 1.066598e-04
10378.600000 -2.843350e-05 -5.536124e-07 -5.085769e-08 -2.727205e-06 5.161303e-05 3.461957e-04 -3.208052e-05 1.003452e-04
10378.800000 -2.839609e-05 -5.543905e-07 -5.090069e-08 -2.691778e-06 6.508593e-05 3.529933e-04 -3.558256e-05 1.093836e-04
10379.000000 -2.839790e-05 -5.594141e-07 -5.142231e-08 -2.661057e-06 6.669146e-05 3.463178e-04 -3.277042e-05 1.112367e-04
10379.200000 -2.840754e-05 -5.613415e-07 -5.178332e-08 -2.630981e-06 6.681336e-05 3.343365e-04 -2.878170e-05 1.084703e-04
10379.400000 -2.836273e-05 -5.626536e-07 -5.200966e-08 -2.594523e-06 7.319396e-05 3.287155e-04 -1.385643e-05 1.127185e-04
10379.600000 -2.836320e-05 -5.668437e-07 -5.225180e-08 -2.562026e-06 6.452082e-05 3.496347e-04 -1.565637e-05 1.051240e-04
10379.800000 -2.841573e-05 -5.717921e-07 -5.269610e-08 -2.535020e-06 6.583810e-05 3.474301e-04 -2.233193e-05 9.894297e-05
10380.000000 -2.842968e-05 -5.748974e-07 -5.311997e-08 -2.503409e-06 6.792222e-05 3.587099e-04 -1.811264e-05 9.739348e-05
10380.200000 -2.841421e-05 -5.782664e-07 -5.334383e-08 -2.467618e-06 7.014490e-05 3.714083e-04 -1.231100e-05 8.547303e-05
10380.400000 -2.840468e-05 -5.811942e-07 -5.342626e-08 -2.431543e-06 7.328917e-05 3.395416e-04 -1.757143e-05 1.025021e-04
10380.600000 -2.840845e-05 -5.865433e-07 -5.397403e-08 -2.395657e-06 5.771199e-05 3.414060e-04 -3.378433e-05 1.052130e-04
10380.800000 -2.838840e-05 -5.880344e-07 -5.421083e-08 -2.357634e-06 6.438486e-05 3.650531e-04 -4.614123e-05 9.852603e-05
10381.000000 -2.842277e-05 -5.946884e-07 -5.494112e-08 -2.325715e-06 6.731353e-05 3.649193e-04 -2.210112e-05 1.104029e-04
10381.200000 -2.842226e-05 -5.975639e-07 -5.519733e-08 -2.291043e-06 6.252453e-05 3.617155e-04 -1.865820e-05 1.101902e-04
10381.400000 -2.837631e-05 -5.997111e-07 -5.521303e-08 -2.251492e-06 6.004049e-05 3.577270e-04 -1.812811e-05 1.057815e-04
10381.600000 -2.824390e-05 -6.020923e-07 -5.544290e-08 -2.201989e-06 5.825124e-05 3.702711e-04 -2.997404e-05 9.204328e-05
10381.800000 -2.812751e-05 -6.028217e-07 -5.579312e-08 -2.156169e-06 6.134415e-05 3.600832e-04 -1.932954e-05 1.122521e-04
10382.000000 -2.811368e-05 -6.031375e-07 -5.590235e-08 -2.126017e-06 6.310483e-05 3.846830e-04 -1.219453e-05 1.124042e-04
10382.200000 -2.823085e-05 -6.118195e-07 -5.662573e-08 -2.110364e-06 6.213321e-05 3.658783e-04 -1.030096e-05 1.136376e-04
10382.400000 -2.835186e-05 -6.200827e-07 -5.719811e-08 -2.096601e-06 5.675563e-05 3.474591e-04 -3.171881e-05 1.020155e-04
10382.600000 -2.840534e-05 -6.209621e-07 -5.723558e-08 -2.077980e-06 6.712566e-05 3.492354e-04 -2.172947e-05 1.061612e-04
10382.800000 -2.840120e-05 -6.248610e-07 -5.756032e-08 -2.053876e-06 7.916596e-05 3.470966e-04 -1.141967e-05 1.095453e-04
10383.000000 -2.837032e-05 -6.255952e-07 -5.769119e-08 -2.029383e-06 8.053945e-05 3.633931e-04 -2.787765e-05 1.165356e-04
10383.200000 -2.834972e-05 -6.284561e-07 -5.822447e-08 -2.007094e-06 7.438062e-05 3.509725e-04 -2.293430e-05 1.181796e-04
10383.400000 -2.832602e-05 -6.297669e-07 -5.838122e-08 -1.988221e-06 6.857637e-05 3.519951e-04 -1.481695e-05 1.045209e-04
10383.600000 -2.832288e-05 -6.325226e-07 -5.860976e-08 -1.971697e-06 7.153434e-05 3.570332e-04 -2.027265e-05 9.505868e-05
10383.800000 -2.835618e-05 -6.361421e-07 -5.882418e-08 -1.961070e-06 6.761320e-05 3.524093e-04 -1.115830e-05 9.628896e-05
10384.000000 -2.837738e-05 -6.369727e-07 -5.880342e-08 -1.951608e-06 6.862685e-05 3.590297e-04 -1.611470e-05 9.544864e-05
10384.200000 -2.836760e-05 -6.385765e-07 -5.903904e-08 -1.939942e-06 7.089733e-05 3.759311e-04 -1.445403e-05 1.022970e-04
10384.400000 -2.830883e-05 -6.367240e-07 -5.904010e-08 -1.925918e-06 6.844263e-05 3.547152e-04 -1.449269e-05 1.096591e-04
10384.600000 -2.827949e-05 -6.370995e-07 -5.908133e-08 -1.915562e-06 7.107264e-05 3.445046e-04 -1.034036e-05 1.132747e-04
10384.800000 -2.834523e-05 -6.401026e-07 -5.913870e-08 -1.914981e-06 6.952999e-05 3.530998e-04 -1.428730e-05 1.109539e-04
10385.000000 -2.838509e-05 -6.402125e-07 -5.932606e-08 -1.912282e-06 6.577462e-05 3.476779e-04 -1.309243e-05 1.126305e-04
10385.200000 -2.838469e-05 -6.405426e-07 -5.909135e-08 -1.907792e-06 5.643244e-05 3.536122e-04 -1.295188e-05 1.105736e-04
10385.400000 -2.839506e-05 -6.414430e-07 -5.917196e-08 -1.904960e-06 6.026146e-05 3.478252e-04 -1.090427e-05 1.201822e-04
10385.600000 -2.838193e-05 -6.421963e-07 -5.922199e-08 -1.900333e-06 5.705640e-05 3.480784e-04 -1.734753e-05 1.116585e-04
10385.800000 -2.835654e-05 -6.416931e-07 -5.918346e-08 -1.895057e-06 5.418761e-05 3.673900e-04 -9.415753e-06 1.072458e-04
10386.000000 -2.830786e-05 -6.424722e-07 -5.915087e-08 -1.887456e-06 6.418022e-05 3.890944e-04 -7.693876e-06 9.744679e-05
10386.200000 -2.829273e-05 -6.430985e-07 -5.917346e-08 -1.882720e-06 6.768007e-05 3.728061e-04 -1.957854e-05 8.920504e-05
10386.400000 -2.827551e-05 -6.398859e-07 -5.898005e-08 -1.880978e-06 6.972647e-05 3.654606e-04 -9.011172e-06 8.915415e-05
10386.600000 -2.833538e-05 -6.442550e-07 -5.933378e-08 -1.885504e-06 6.358410e-05 3.701651e-04 -1.798901e-05 9.292977e-05
10386.800000 -2.833869e-05 -6.431642e-07 -5.903283e-08 -1.885286e-06 6.533845e-05 3.857160e-04 -8.297735e-06 9.806527e-05
10387.000000 -2.831944e-05 -6.432845e-07 -5.884856e-08 -1.883578e-06 6.912397e-05 3.608418e-04 -1.512870e-05 9.386069e-05
10387.200000 -2.834557e-05 -6.426492e-07 -5.867494e-08 -1.887890e-06 6.841153e-05 3.711310e-04 -1.096511e-05 9.470534e-05
10387.400000 -2.836778e-05 -6.454650e-07 -5.897171e-08 -1.891180e-06 5.878765e-05 3.739397e-04 -1.826393e-05 9.605858e-05
10387.600000 -2.837057e-05 -6.430893e-07 -5.876450e-08 -1.894371e-06 6.536945e-05 3.834058e-04 -1.523480e-05 9.813078e-05
10387.800000 -2.836669e-05 -6.416584e-07 -5.870780e-08 -1.896861e-06 7.162725e-05 3.831626e-04 -1.429571e-05 9.194592e-05
10388.000000 -2.836182e-05 -6.421092e-07 -5.851839e-08 -1.899178e-06 7.743631e-05 3.807650e-04 -2.129764e-05 9.872899e-05
10388.200000 -2.836263e-05 -6.423276e-07 -5.842682e-08 -1.903102e-06 6.194064e-05 3.898810e-04 -3.243347e-05 9.429905e-05
10388.400000 -2.834380e-05 -6.410134e-07 -5.838982e-08 -1.905086e-06 5.830109e-05 3.732841e-04 -3.402686e-05 9.749867e-05
10388.600000 -2.830896e-05 -6.433833e-07 -5.865727e-08 -1.904428e-06 5.413574e-05 3.608807e-04 -2.033277e-05 1.015561e-04
10388.800000 -2.826215e-05 -6.404765e-07 -5.875157e-08 -1.904067e-06 5.433198e-05 3.617212e-04 -3.001088e-05 9.489410e-05
10389.000000 -2.833186e-05 -6.416590e-07 -5.867111e-08 -1.914965e-06 5.899191e-05 3.734716e-04 -2.241273e-05 9.717475e-05
10389.200000 -2.832395e-05 -6.404711e-07 -5.864825e-08 -1.919670e-06 6.235457e-05 3.785517e-04 -1.518530e-05 9.553148e-05
10389.400000 -2.827177e-05 -6.376968e-07 -5.808357e-08 -1.917850e-06 6.504170e-05 3.788625e-04 -6.307437e-06 9.547571e-05
10389.600000 -2.823546e-05 -6.382464e-07 -5.796530e-08 -1.919174e-06 6.211598e-05 3.840974e-04 -2.144774e-05 9.993436e-05
10389.800000 -2.827571e-05 -6.368428e-07 -5.790988e-08 -1.927851e-06 6.188348e-05 3.977688e-04 -1.860135e-05 9.489044e-05
10390.000000 -2.830183e-05 -6.381989e-07 -5.792400e-08 -1.935717e-06 6.641773e-05 3.950740e-04 -1.981834e-05 9.671256e-05
10390.200000 -2.828481e-05 -6.342527e-07 -5.743789e-08 -1.939909e-06 7.862014e-05 3.881219e-04 -2.978789e-05 9.596917e-05
10390.400000 -2.829226e-05 -6.356203e-07 -5.745875e-08 -1.945509e-06 7.560378e-05 3.747510e-04 -2.947128e-05 9.925307e-05
10390.600000 -2.831336e-05 -6.344536e-07 -5.704635e-08 -1.952114e-06 7.137267e-05 3.801581e-04 -2.483446e-05 9.345100e-05
10390.800000 -2.833838e-05 -6.341689e-07 -5.692492e-08 -1.959405e-06 7.354442e-05 3.908915e-04 -2.422236e-05 1.053729e-04
10391.000000 -2.834399e-05 -6.334038e-07 -5.704957e-08 -1.965182e-06 6.469009e-05 3.955920e-04 -3.571022e-05 1.007102e-04
10391.200000 -2.833869e-05 -6.323285e-07 -5.694200e-08 -1.969965e-06 6.629243e-05 3.916615e-04 -2.477078e-05 1.001408e-04
10391.400000 -2.833441e-05 -6.320269e-07 -5.682496e-08 -1.973861e-06 7.004450e-05 3.714930e-04 -4.900213e-06 1.035846e-04
10391.600000 -2.833690e-05 -6.318738e-07 -5.668825e-08 -1.978297e-06 6.941949e-05 3.723911e-04 -7.068979e-06 9.966439e-05
10391.800000 -2.831946e-05 -6.310493e-07 -5.640879e-08 -1.980485e-06 6.920190e-05 4.026204e-04 -1.668154e-05 9.667642e-05
10392.000000 -2.831995e-05 -6.329930e-07 -5.663964e-08 -1.984030e-06 7.064956e-05 4.111519e-04 -1.892552e-05 9.606295e-05
10392.200000 -2.830546e-05 -6.299070e-07 -5.648857e-08 -1.987050e-06 6.909586e-05 4.303480e-04 -1.296193e-05 9.293749e-05
10392.400000 -2.830360e-05 -6.290705e-07 -5.626250e-08 -1.990652e-06 7.496115e-05 3.993901e-04 -2.605891e-05 9.134151e-05
10392.600000 -2.828776e-05 -6.301997e-07 -5.613062e-08 -1.991380e-06 7.551410e-05 3.920307e-04 -2.078211e-05 1.028216e-04
10392.800000 -2.829705e-05 -6.292199e-07 -5.588796e-08 -1.994779e-06 7.605876e-05 3.996637e-04 -3.163889e-05 1.039869e-04
10393.000000 -2.829538e-05 -6.305961e-07 -5.587845e-08 -1.995745e-06 7.748582e-05 3.911565e-04 -2.576557e-05 9.919290e-05
10393.200000 -2.829884e-05 -6.286188e-07 -5.573208e-08 -1.997516e-06 7.307279e-05 3.709155e-04 -2.318687e-05 8.772163e-05
10393.400000 -2.827651e-05 -6.310166e-07 -5.589274e-08 -1.997398e-06 7.501116e-05 3.783572e-04 -1.097264e-05 9.358344e-05
10393.600000 -2.829402e-05 -6.311113e-07 -5.576429e-08 -2.000602e-06 6.824489e-05 3.619380e-04 -1.943276e-05 1.031881e-04
10393.800000 -2.825441e-05 -6.298936e-07 -5.550446e-08 -1.996881e-06 5.912454e-05 3.589309e-04 -1.896999e-05 9.472122e-05
10394.000000 -2.824357e-05 -6.303459e-07 -5.530922e-08 -1.996171e-06 6.497764e-05 3.893228e-04 -2.107616e-05 9.161352e-05
10394.200000 -2.826395e-05 -6.285668e-07 -5.535562e-08 -1.999090e-06 7.120946e-05 3.925534e-04 -2.834741e-05 1.009787e-04
10394.400000 -2.830120e-05 -6.314513e-07 -5.561424e-08 -2.003616e-06 7.525191e-05 3.748427e-04 -2.577324e-05 9.895178e-05
10394.600000 -2.827960e-05 -6.280124e-07 -5.531584e-08 -2.001633e-06 7.154629e-05 3.694052e-04 -2.758675e-05 9.297335e-05
10394.800000 -2.825706e-05 -6.293144e-07 -5.536701e-08 -1.998987e-06 6.753318e-05 3.717958e-04 -2.368032e-05 9.372489e-05
10395.000000 -2.826537e-05 -6.297970e-07 -5.545321e-08 -1.999283e-06 7.250308e-05 3.775885e-04 -2.147321e-05 1.007739e-04
10395.200000 -2.827403e-05 -6.301655e-07 -5.522763e-08 -1.999414e-06 7.474220e-05 3.711709e-04 -1.666939e-05 1.056046e-04
10395.400000 -2.828666e-05 -6.310272e-07 -5.537817e-08 -2.000166e-06 6.966924e-05 3.659434e-04 -9.912416e-06 1.029270e-04
10395.600000 -2.825851e-05 -6.303272e-07 -5.536263e-08 -1.996116e-06 6.695298e-05 3.539494e-04 -1.541685e-05 1.007670e-04
10395.800000 -2.826573e-05 -6.339971e-07 -5.565408e-08 -1.994331e-06 6.309036e-05 3.341854e-04 -2.748241e-05 1.045640e-04
10396.000000 -2.828523e-05 -6.305170e-07 -5.512861e-08 -1.994307e-06 5.655236e-05 3.223413e-04 -2.167424e-05 1.079276e-04
10396.200000 -2.824969e-05 -6.310737e-07 -5.494137e-08 -1.988159e-06 5.509505e-05 3.259953e-04 -1.058919e-05 1.171985e-04
10396.400000 -2.820738e-05 -6.333408e-07 -5.499104e-08 -1.978834e-06 5.404563e-05 3.634802e-04 -2.483690e-05 1.107919e-04
10396.600000 -2.816989e-05 -6.330498e-07 -5.510517e-08 -1.971248e-06 6.186981e-05 3.679462e-04 -8.369375e-06 1.117292e-04
10396.800000 -2.819660e-05 -6.321516e-07 -5.522261e-08 -1.970032e-06 6.291585e-05 3.711118e-04 -7.799267e-06 1.054302e-04
10397.000000 -2.821715e-05 -6.333627e-07 -5.523353e-08 -1.967511e-06 5.266230e-05 3.583291e-04 -8.150281e-06 1.080532e-04
10397.227860 -2.824094e-05 -6.363777e-07 -5.544572e-08 -1.963403e-06 5.613763e-05 3.489906e-04 -8.881856e-06 1.061302e-04
10397.483581 -2.821911e-05 -6.367123e-07 -5.518790e-08 -1.954140e-06 6.412809e-05 3.498880e-04 -2.145086e-05 9.976840e-05
10397.767162 -2.820234e-05 -6.370276e-07 -5.526444e-08 -1.942705e-06 6.396698e-05 3.568999e-04 -3.294002e-05 8.871808e-05
10398.078604 -2.812783e-05 -6.382430e-07 -5.554234e-08 -1.924144e-06 5.943766e-05 3.728605e-04 -3.749951e-05 8.612975e-05
10398.417905 -2.820114e-05 -6.412235e-07 -5.541018e-08 -1.920751e-06 6.229243e-05 3.571414e-04 -1.833719e-05 1.018747e-04
10398.785067 -2.821182e-05 -6.446975e-07 -5.546044e-08 -1.908512e-06 6.128545e-05 3.255949e-04 -2.344681e-06 1.208920e-04
10399.180090 -2.818423e-05 -6.470365e-07 -5.559921e-08 -1.891542e-06 5.617854e-05 3.136981e-04 -1.230340e-05 1.183493e-04
10399.602973 -2.821111e-05 -6.489787e-07 -5.567849e-08 -1.879698e-06 6.160567e-05 3.456815e-04 -8.918224e-06 1.242119e-04
10400.053716 -2.825384e-05 -6.513511e-07 -5.608317e-08 -1.868392e-06 6.009733e-05 3.615924e-04 -6.264618e-06 1.254510e-04
10400.532319 -2.828601e-05 -6.548731e-07 -5.647283e-08 -1.856003e-06 5.394450e-05 3.496090e-04 -1.398706e-05 1.135239e-04
10401.038783 -2.825861e-05 -6.579974e-07 -5.681919e-08 -1.837660e-06 6.156728e-05 3.718946e-04 -1.650841e-05 1.173809e-04
10401.573107 -2.819057e-05 -6.579395e-07 -5.673102e-08 -1.817206e-06 6.504488e-05 3.772167e-04 -1.228264e-05 1.303168e-04
10402.135292 -2.814807e-05 -6.580761e-07 -5.660980e-08 -1.801627e-06 5.658933e-05 3.733456e-04 -1.760989e-05 1.263941e-04
10402.725337 -2.819876e-05 -6.600340e-07 -5.695028e-08 -1.798716e-06 5.561806e-05 3.995709e-04 -1.744363e-05 1.305386e-04
10403.343242 -2.824918e-05 -6.604551e-07 -5.721094e-08 -1.799331e-06 6.073264e-05 4.043662e-04 -2.626922e-05 1.262192e-04
10403.989008 -2.823511e-05 -6.603441e-07 -5.750842e-08 -1.798227e-06 6.042131e-05 4.112059e-04 -1.959494e-05 1.259252e-04
10404.662634 -2.823188e-05 -6.600378e-07 -5.757179e-08 -1.801592e-06 5.192838e-05 4.113962e-04 -1.664384e-05 1.203909e-04
10405.364120 -2.822404e-05 -6.601071e-07 -5.770222e-08 -1.808098e-06 5.620374e-05 3.857803e-04 -3.033092e-05 1.166900e-04
10406.093467 -2.821773e-05 -6.586390e-07 -5.761406e-08 -1.817267e-06 6.177610e-05 3.761959e-04 -2.924056e-05 1.156553e-04
10406.850674 -2.819784e-05 -6.573968e-07 -5.805114e-08 -1.826217e-06 6.358955e-05 3.646959e-04 -2.473832e-05 1.146992e-04
10407.635741 -2.819532e-05 -6.562793e-07 -5.840111e-08 -1.837264e-06 6.188189e-05 3.618767e-04 -1.929068e-05 1.226070e-04
10408.448669 -2.816206e-05 -6.545724e-07 -5.904161e-08 -1.845695e-06 5.645539e-05 3.936777e-04 -1.816463e-05 1.250557e-04
10409.289457 -2.812523e-05 -6.526422e-07 -5.927935e-08 -1.854302e-06 5.709779e-05 3.795408e-04 -3.440387e-05 1.107683e-04
10410.158106 -2.814467e-05 -6.497067e-07 -5.955098e-08 -1.870773e-06 6.770046e-05 3.947097e-04 -2.506009e-05 1.056003e-04
10411.054614 -2.813650e-05 -6.468932e-07 -5.975185e-08 -1.887784e-06 6.075940e-05 3.693403e-04 -2.493071e-05 1.099550e-04
10411.978983 -2.809051e-05 -6.442095e-07 -6.035504e-08 -1.904571e-06 5.216111e-05 3.592608e-04 -2.824025e-05 1.139789e-04
10412.931213 -2.806338e-05 -6.407736e-07 -6.041292e-08 -1.928276e-06 6.075969e-05 3.862776e-04 -3.006276e-05 1.177056e-04
10413.911303 -2.802092e-05 -6.357487e-07 -6.034592e-08 -1.952775e-06 5.931994e-05 3.658584e-04 -4.704817e-05 1.091301e-04
10414.919253 -2.790992e-05 -6.303926e-07 -6.020072e-08 -1.969753e-06 5.695959e-05 3.755895e-04 -4.234611e-05 1.126658e-04
10415.955064 -2.804969e-05 -6.292549e-07 -6.020787e-08 -2.011677e-06 5.781473e-05 3.867282e-04 -3.132160e-05 1.225598e-04
10417.018734 -2.800399e-05 -6.260063e-07 -5.999797e-08 -2.030325e-06 6.147326e-05 3.958222e-04 -2.942789e-05 1.221464e-04
10418.110266 -2.802429e-05 -6.237230e-07 -6.010038e-08 -2.051842e-06 5.500381e-05 4.001715e-04 -3.466225e-05 1.189245e-04
10419.232723 -2.802804e-05 -6.205728e-07 -5.985697e-08 -2.069118e-06 6.205249e-05 3.493955e-04 -2.775529e-05 1.220278e-04
10420.367373 -2.802205e-05 -6.188979e-07 -5.984490e-08 -2.083610e-06 7.010996e-05 3.730991e-04 -2.456130e-05 1.339650e-04
10421.514214 -2.799952e-05 -6.173048e-07 -5.960564e-08 -2.094929e-06 6.911358e-05 4.188185e-04 -3.179747e-05 1.250369e-04
10422.673248 -2.798895e-05 -6.160303e-07 -5.924898e-08 -2.104887e-06 6.126428e-05 4.153118e-04 -2.759738e-05 1.164550e-04
10423.844473 -2.798507e-05 -6.159320e-07 -5.939151e-08 -2.112547e-06 6.264019e-05 3.848366e-04 -2.443458e-05 1.180927e-04
10425.027890 -2.795282e-05 -6.158869e-07 -5.926826e-08 -2.114344e-06 5.842663e-05 3.716621e-04 -2.267549e-05 1.248403e-04
10426.223499 -2.796429e-05 -6.155360e-07 -5.914779e-08 -2.119072e-06 6.378165e-05 3.617891e-04 -2.239115e-05 1.295051e-04
10427.431300 -2.790717e-05 -6.157461e-07 -5.928538e-08 -2.114959e-06 6.029902e-05 3.839814e-04 -2.234121e-05 1.273470e-04
10428.651293 -2.787207e-05 -6.158087e-07 -5.885731e-08 -2.112732e-06 6.270640e-05 3.907083e-04 -3.597322e-05 1.132764e-04
10429.883478 -2.790719e-05 -6.172090e-07 -5.894290e-08 -2.116847e-06 5.606089e-05 3.768690e-04 -5.321366e-05 1.162155e-04
10431.127855 -2.792399e-05 -6.172668e-07 -5.890091e-08 -2.117358e-06 6.231990e-05 3.626931e-04 -4.205350e-05 1.290299e-04
10432.384423 -2.791594e-05 -6.180582e-07 -5.881685e-08 -2.112270e-06 7.433603e-05 3.713326e-04 -3.164522e-05 1.273179e-04
10433.653184 -2.789175e-05 -6.196823e-07 -5.908936e-08 -2.101271e-06 7.156008e-05 3.623245e-04 -3.556838e-05 1.102684e-04
10434.934136 -2.788157e-05 -6.214190e-07 -5.941532e-08 -2.091906e-06 8.562160e-05 3.585909e-04 -3.457847e-05 1.089915e-04
10436.227280 -2.786183e-05 -6.223682e-07 -5.949502e-08 -2.083018e-06 8.602176e-05 3.711034e-04 -3.977409e-05 1.115401e-04
10437.532617 -2.784006e-05 -6.230108e-07 -5.946023e-08 -2.075215e-06 7.423151e-05 3.775058e-04 -4.312565e-05 1.112450e-04
10438.850145 -2.781545e-05 -6.246080e-07 -5.967890e-08 -2.067204e-06 7.834437e-05 3.548916e-04 -3.470569e-05 1.106833e-04
10440.179865 -2.780495e-05 -6.266625e-07 -5.971011e-08 -2.059530e-06 7.169565e-05 3.697737e-04 -4.145150e-05 1.091546e-04
10441.521777 -2.775518e-05 -6.277801e-07 -5.958384e-08 -2.047797e-06 6.396929e-05 3.549152e-04 -5.418454e-05 1.168450e-04
10442.875881 -2.777205e-05 -6.289239e-07 -5.951636e-08 -2.044243e-06 6.116318e-05 3.307438e-04 -5.725815e-05 1.174766e-04
10444.242177 -2.774007e-05 -6.289810e-07 -5.945182e-08 -2.036531e-06 7.097338e-05 3.411794e-04 -4.561366e-05 1.201663e-04
10445.620664 -2.772024e-05 -6.298594e-07 -5.949398e-08 -2.031752e-06 7.281515e-05 3.497927e-04 -3.579361e-05 1.126983e-04
10447.011344 -2.770201e-05 -6.295087e-07 -5.957340e-08 -2.028639e-06 6.812338e-05 3.395232e-04 -4.696346e-05 1.081268e-04
10448.414215 -2.770605e-05 -6.290143e-07 -5.937991e-08 -2.028752e-06 6.517182e-05 3.373584e-04 -3.435880e-05 1.153502e-04
10449.829279 -2.768473e-05 -6.295544e-07 -5.930601e-08 -2.023753e-06 5.836194e-05 3.603940e-04 -4.822263e-05 1.144820e-04
10451.256534 -2.766657e-05 -6.303804e-07 -5.930368e-08 -2.017872e-06 5.783453e-05 3.497783e-04 -4.760856e-05 1.185776e-04
10452.695981 -2.767143e-05 -6.320185e-07 -5.929154e-08 -2.013697e-06 5.572116e-05 3.630428e-04 -4.880427e-05 1.124241e-04
10454.147620 -2.765098e-05 -6.311042e-07 -5.914487e-08 -2.008353e-06 5.314952e-05 3.653539e-04 -5.248497e-05 1.142696e-04
10455.611452 -2.764075e-05 -6.319104e-07 -5.909564e-08 -2.005007e-06 5.187094e-05 3.956339e-04 -5.809415e-05 1.105545e-04
10457.087475 -2.761479e-05 -6.324576e-07 -5.923605e-08 -2.000251e-06 5.570091e-05 3.646831e-04 -6.894229e-05 1.040659e-04
10458.575689 -2.760462e-05 -6.331272e-07 -5.939352e-08 -1.999272e-06 5.484109e-05 3.533872e-04 -6.923728e-05 9.492261e-05
10460.076096 -2.756639e-05 -6.344758e-07 -5.932040e-08 -1.995268e-06 5.352082e-05 3.688596e-04 -6.211582e-05 1.068529e-04
10461.588695 -2.757523e-05 -6.349808e-07 -5.920107e-08 -1.997598e-06 5.722839e-05 3.850699e-04 -6.504406e-05 1.083401e-04
10463.113485 -2.755765e-05 -6.353397e-07 -5.938028e-08 -1.996091e-06 6.819136e-05 3.932595e-04 -4.651366e-05 1.084471e-04
10464.650468 -2.751910e-05 -6.363246e-07 -5.949647e-08 -1.991869e-06 7.514968e-05 3.960874e-04 -3.549008e-05 1.088269e-04
10466.199642 -2.749057e-05 -6.351859e-07 -5.920298e-08 -1.990014e-06 7.943835e-05 4.187995e-04 -3.790704e-05 1.029131e-04
10467.761009 -2.746802e-05 -6.369742e-07 -5.909059e-08 -1.987988e-06 7.899640e-05 4.229843e-04 -4.632426e-05 1.092879e-04
10469.334567 -2.746940e-05 -6.375389e-07 -5.934979e-08 -1.989787e-06 7.229538e-05 4.391832e-04 -3.606056e-05 1.092211e-04
10470.920317 -2.748509e-05 -6.369898e-07 -5.945870e-08 -1.994844e-06 7.878255e-05 4.242223e-04 -4.270017e-05 1.088693e-04
10472.518259 -2.746891e-05 -6.369581e-07 -5.912963e-08 -1.996259e-06 8.000515e-05 4.136072e-04 -3.993830e-05 1.187333e-04
10474.128393 -2.742792e-05 -6.373400e-07 -5.920301e-08 -1.994905e-06 7.395367e-05 4.093668e-04 -3.778596e-05 1.205192e-04
10475.750719 -2.742452e-05 -6.371036e-07 -5.921741e-08 -1.998160e-06 7.224512e-05 4.034210e-04 -3.998964e-05 1.225614e-04
10477.385237 -2.739061e-05 -6.370591e-07 -5.961512e-08 -1.999073e-06 7.389039e-05 3.865853e-04 -3.679961e-05 1.154875e-04
10479.031946 -2.738308e-05 -6.372865e-07 -5.973275e-08 -2.002804e-06 8.092262e-05 3.968967e-04 -3.675062e-05 1.168149e-04
10480.690848 -2.736078e-05 -6.375649e-07 -6.001484e-08 -2.004949e-06 8.874600e-05 3.764962e-04 -4.823845e-05 1.162206e-04
10482.361942 -2.732817e-05 -6.365695e-07 -6.016382e-08 -2.005405e-06 8.804629e-05 3.540400e-04 -4.095479e-05 1.147414e-04
10484.045227 -2.730105e-05 -6.374160e-07 -6.063528e-08 -2.004905e-06 8.257038e-05 3.583982e-04 -4.626436e-05 1.161119e-04
10485.740704 -2.729064e-05 -6.388623e-07 -6.107596e-08 -2.005567e-06 8.271526e-05 3.613748e-04 -4.714156e-05 9.992990e-05
10487.448374 -2.722986e-05 -6.377040e-07 -6.123665e-08 -2.001600e-06 7.743759e-05 3.520032e-04 -3.438098e-05 1.063140e-04
10489.168235 -2.722218e-05 -6.382017e-07 -6.153311e-08 -2.003408e-06 8.913847e-05 3.509981e-04 -4.226632e-05 1.004714e-04
10490.900288 -2.720865e-05 -6.375515e-07 -6.168950e-08 -2.005651e-06 9.572998e-05 3.647588e-04 -3.503357e-05 1.020532e-04
10492.644533 -2.719538e-05 -6.372991e-07 -6.189575e-08 -2.008439e-06 9.619703e-05 3.584426e-04 -2.621349e-05 1.109162e-04
10494.400970 -2.718264e-05 -6.377083e-07 -6.219932e-08 -2.011732e-06 9.176063e-05 3.810042e-04 -4.178928e-05 1.089399e-04
10496.169598 -2.711708e-05 -6.368244e-07 -6.232511e-08 -2.010103e-06 8.897515e-05 3.598773e-04 -4.177090e-05 1.046035e-04
10497.950419 -2.697520e-05 -6.345458e-07 -6.249065e-08 -2.002550e-06 7.269300e-05 3.818973e-04 -4.496489e-05 1.105783e-04
10499.743432 -2.703522e-05 -6.360373e-07 -6.279368e-08 -2.017574e-06 7.668875e-05 3.706701e-04 -5.052456e-05 1.190320e-04
10501.548636 -2.708484e-05 -6.360091e-07 -6.281426e-08 -2.033069e-06 8.411472e-05 3.568437e-04 -5.801627e-05 1.167565e-04
10503.366032 -2.708138e-05 -6.360258e-07 -6.287316e-08 -2.041089e-06 8.140507e-05 3.409944e-04 -5.279767e-05 1.184163e-04
10505.195621 -2.704387e-05 -6.346052e-07 -6.269859e-08 -2.043356e-06 8.054704e-05 3.450067e-04 -5.211302e-05 1.072340e-04
10507.037401 -2.697304e-05 -6.338562e-07 -6.291062e-08 -2.040207e-06 8.034390e-05 3.522330e-04 -5.474600e-05 1.063810e-04
10508.891373 -2.694661e-05 -6.342951e-07 -6.286588e-08 -2.040658e-06 8.240096e-05 3.552204e-04 -3.860403e-05 1.026895e-04
10510.757537 -2.689551e-05 -6.344681e-07 -6.257237e-08 -2.038298e-06 7.223518e-05 3.477788e-04 -4.575385e-05 8.930064e-05
10512.635893 -2.685916e-05 -6.334630e-07 -6.239707e-08 -2.039994e-06 6.448260e-05 3.548539e-04 -3.643326e-05 1.033853e-04
10514.526441 -2.682975e-05 -6.325842e-07 -6.237777e-08 -2.041754e-06 6.720169e-05 3.563324e-04 -3.875068e-05 1.041483e-04
10516.429181 -2.683577e-05 -6.334104e-07 -6.248857e-08 -2.044263e-06 6.671666e-05 3.357995e-04 -4.359258e-05 1.030921e-04
10518.344112 -2.678527e-05 -6.330092e-07 -6.231593e-08 -2.041680e-06 6.530513e-05 3.383279e-04 -4.107631e-05 1.013666e-04
10520.271236 -2.666129e-05 -6.294035e-07 -6.166511e-08 -2.034474e-06 7.782717e-05 3.492908e-04 -4.286639e-05 9.382186e-05
10522.210552 -2.675835e-05 -6.318720e-07 -6.186546e-08 -2.043010e-06 7.821556e-05 3.445658e-04 -4.736199e-05 1.001327e-04
10524.162059 -2.670960e-05 -6.316947e-07 -6.189960e-08 -2.037076e-06 7.112039e-05 3.586975e-04 -4.657926e-05 1.039320e-04
10526.125758 -2.661118e-05 -6.328616e-07 -6.186873e-08 -2.024884e-06 7.092463e-05 3.704461e-04 -4.518371e-05 9.671504e-05
10528.101649 -2.653441e-05 -6.321827e-07 -6.155608e-08 -2.015958e-06 6.397452e-05 3.594255e-04 -4.684908e-05 1.014157e-04
10530.089733 -2.655243e-05 -6.330334e-07 -6.140451e-08 -2.015604e-06 6.645438e-05 3.488663e-04 -2.955933e-05 1.005977e-04
10532.090008 -2.660396e-05 -6.346682e-07 -6.159013e-08 -2.015308e-06 6.076325e-05 3.543569e-04 -3.873106e-05 9.955025e-05
10534.102475 -2.655328e-05 -6.364426e-07 -6.157852e-08 -2.005654e-06 6.245957e-05 3.636253e-04 -5.107295e-05 9.381260e-05
10536.127133 -2.649561e-05 -6.363991e-07 -6.149486e-08 -1.996470e-06 7.471378e-05 3.470648e-04 -3.069840e-05 1.024450e-04
10538.163984 -2.648933e-05 -6.382286e-07 -6.146259e-08 -1.991903e-06 6.524714e-05 3.223008e-04 -3.468110e-05 1.117627e-04
10540.213027 -2.641775e-05 -6.373809e-07 -6.162602e-08 -1.982821e-06 6.381145e-05 3.271365e-04 -4.084145e-05 1.142414e-04
10542.274261 -2.642873e-05 -6.394347e-07 -6.218109e-08 -1.984351e-06 6.050314e-05 3.439394e-04 -3.936032e-05 1.065015e-04
10544.347688 -2.643561e-05 -6.406874e-07 -6.232393e-08 -1.986354e-06 6.668972e-05 3.652978e-04 -4.201627e-05 1.111208e-04
10546.433306 -2.641199e-05 -6.408800e-07 -6.253599e-08 -1.985478e-06 6.339957e-05 3.649724e-04 -4.402288e-05 1.079547e-04
10548.531117 -2.634425e-05 -6.411196e-07 -6.266388e-08 -1.980232e-06 5.661369e-05 3.301049e-04 -4.890342e-05 9.712148e-05
10550.641119 -2.623003e-05 -6.413477e-07 -6.293463e-08 -1.969829e-06 6.767564e-05 3.276999e-04 -3.259289e-05 1.055733e-04
10552.763313 -2.618538e-05 -6.410298e-07 -6.321642e-08 -1.969942e-06 6.153861e-05 3.389676e-04 -4.836226e-05 1.018461e-04
10554.897699 -2.619333e-05 -6.396994e-07 -6.322315e-08 -1.976578e-06 6.276207e-05 3.295603e-04 -4.522096e-05 9.562534e-05
10557.044277 -2.621297e-05 -6.402033e-07 -6.341133e-08 -1.983238e-06 6.375037e-05 3.279701e-04 -3.047589e-05 9.383142e-05
10559.203047 -2.616559e-05 -6.397769e-07 -6.355116e-08 -1.982540e-06 6.768970e-05 3.190267e-04 -2.468051e-05 1.022390e-04
10561.374008 -2.610504e-05 -6.398307e-07 -6.368261e-08 -1.980162e-06 6.711341e-05 3.256016e-04 -3.779393e-05 1.019635e-04
10563.557162 -2.609129e-05 -6.401318e-07 -6.416649e-08 -1.984310e-06 6.908790e-05 3.448326e-04 -2.088480e-05 1.058609e-04
10565.752508 -2.606738e-05 -6.385331e-07 -6.409023e-08 -1.987909e-06 6.744562e-05 3.260199e-04 -2.078384e-05 1.025915e-04
10567.960045 -2.601636e-05 -6.388350e-07 -6.417944e-08 -1.987187e-06 6.904902e-05 3.110232e-04 -3.442302e-05 9.662168e-05
10570.179775 -2.597629e-05 -6.376909e-07 -6.435860e-08 -1.987300e-06 6.382791e-05 3.006521e-04 -3.441858e-05 1.011036e-04
10572.411696 -2.593539e-05 -6.371836e-07 -6.444794e-08 -1.986721e-06 6.971659e-05 3.295551e-04 -2.262332e-05 1.159590e-04
10574.655809 -2.590809e-05 -6.382773e-07 -6.493948e-08 -1.988072e-06 7.117717e-05 3.325998e-04 -3.901858e-05 1.093587e-04
10576.912114 -2.583519e-05 -6.374512e-07 -6.501154e-08 -1.983764e-06 7.507626e-05 3.356665e-04 -4.216005e-05 1.080307e-04
10579.180611 -2.577531e-05 -6.384070e-07 -6.531806e-08 -1.979950e-06 8.502231e-05 3.570907e-04 -4.441103e-05 1.121967e-04
10581.461300 -2.574432e-05 -6.382693e-07 -6.537907e-08 -1.979362e-06 7.629321e-05 3.660009e-04 -5.153970e-05 1.051861e-04
10583.754181 -2.561424e-05 -6.375214e-07 -6.529016e-08 -1.968186e-06 7.115341e-05 3.276139e-04 -5.794132e-05 1.029186e-04
10586.059254 -2.557506e-05 -6.372806e-07 -6.507617e-08 -1.966517e-06 7.043800e-05 3.645079e-04 -4.775640e-05 1.032895e-04
10588.376518 -2.556384e-05 -6.384354e-07 -6.514623e-08 -1.969848e-06 7.577424e-05 3.640795e-04 -5.250324e-05 1.127620e-04
10590.705975 -2.547707e-05 -6.374960e-07 -6.514462e-08 -1.963892e-06 8.033768e-05 3.546918e-04 -4.806737e-05 1.126499e-04
10593.047623 -2.537661e-05 -6.375541e-07 -6.507248e-08 -1.955877e-06 7.724684e-05 3.514782e-04 -5.011656e-05 1.122794e-04
10595.401464 -2.534298e-05 -6.372139e-07 -6.482688e-08 -1.954044e-06 7.678667e-05 3.644095e-04 -5.060320e-05 1.137745e-04
10597.767496 -2.533878e-05 -6.370966e-07 -6.507035e-08 -1.952756e-06 8.120830e-05 3.870830e-04 -5.565288e-05 1.130732e-04
10600.145720 -2.533981e-05 -6.390980e-07 -6.531831e-08 -1.951810e-06 7.329262e-05 3.793630e-04 -3.808555e-05 1.107647e-04
10602.536136 -2.530327e-05 -6.393714e-07 -6.525913e-08 -1.947322e-06 6.767925e-05 3.681745e-04 -4.009073e-05 1.124784e-04
10604.938744 -2.523080e-05 -6.400024e-07 -6.525210e-08 -1.941163e-06 6.956140e-05 3.765544e-04 -5.089485e-05 1.103857e-04
10607.353544 -2.517672e-05 -6.408773e-07 -6.514991e-08 -1.936903e-06 8.252978e-05 3.808038e-04 -5.640441e-05 1.039362e-04
10609.780536 -2.511571e-05 -6.403779e-07 -6.531775e-08 -1.933003e-06 7.492210e-05 3.757262e-04 -5.753887e-05 1.120934e-04
10612.219720 -2.506194e-05 -6.411704e-07 -6.547629e-08 -1.930573e-06 6.263418e-05 3.750041e-04 -5.598732e-05 1.071705e-04
10614.671096 -2.503521e-05 -6.419441e-07 -6.556359e-08 -1.930522e-06 6.819838e-05 3.691548e-04 -4.987779e-05 1.142885e-04
10617.134663 -2.505831e-05 -6.436304e-07 -6.566180e-08 -1.937965e-06 7.764551e-05 3.605338e-04 -4.290386e-05 1.157005e-04
10619.610423 -2.507497e-05 -6.444662e-07 -6.593130e-08 -1.944240e-06 7.402624e-05 3.563786e-04 -4.061365e-05 1.139406e-04
10622.098374 -2.504657e-05 -6.442078e-07 -6.628178e-08 -1.945430e-06 6.990561e-05 3.634442e-04 -3.373033e-05 1.142133e-04
10624.598517 -2.500022e-05 -6.445200e-07 -6.636499e-08 -1.944070e-06 7.080398e-05 3.842403e-04 -4.995301e-05 1.046503e-04
10627.110852 -2.494322e-05 -6.444293e-07 -6.640915e-08 -1.942014e-06 7.292238e-05 3.654282e-04 -5.579314e-05 1.016731e-04
10629.635380 -2.487927e-05 -6.438595e-07 -6.647572e-08 -1.938861e-06 6.943072e-05 3.622900e-04 -5.763426e-05 1.025417e-04
10632.172099 -2.482052e-05 -6.444441e-07 -6.646742e-08 -1.936432e-06 6.383089e-05 3.957236e-04 -4.979071e-05 1.016879e-04
10634.721009 -2.477812e-05 -6.438260e-07 -6.628987e-08 -1.937635e-06 6.214867e-05 3.842413e-04 -5.335675e-05 9.428655e-05
10637.282112 -2.471423e-05 -6.452261e-07 -6.623985e-08 -1.933852e-06 7.085069e-05 3.863037e-04 -4.348784e-05 9.735441e-05
10639.855407 -2.463694e-05 -6.456153e-07 -6.640373e-08 -1.927485e-06 7.589456e-05 4.135195e-04 -3.764796e-05 1.032785e-04
10642.440894 -2.451569e-05 -6.445312e-07 -6.648274e-08 -1.915825e-06 8.277369e-05 4.206090e-04 -3.897895e-05 9.962582e-05
10645.038572 -2.442487e-05 -6.438138e-07 -6.654988e-08 -1.909058e-06 7.860211e-05 3.874402e-04 -3.923848e-05 1.097695e-04
10647.648443 -2.444791e-05 -6.446139e-07 -6.680661e-08 -1.917308e-06 7.621641e-05 3.763104e-04 -3.901247e-05 1.179227e-04
10650.270505 -2.437646e-05 -6.437602e-07 -6.711435e-08 -1.913405e-06 7.266154e-05 3.999575e-04 -3.413904e-05 1.099938e-04
10652.904759 -2.435363e-05 -6.445279e-07 -6.722097e-08 -1.914914e-06 8.587009e-05 3.835684e-04 -1.532672e-05 1.159906e-04
10655.551205 -2.428661e-05 -6.441938e-07 -6.747842e-08 -1.910581e-06 8.569997e-05 3.747606e-04 -2.283616e-05 1.140533e-04
10658.209844 -2.415019e-05 -6.427572e-07 -6.736931e-08 -1.899223e-06 6.191235e-05 3.776976e-04 -2.532064e-05 1.142889e-04
10660.880674 -2.412507e-05 -6.424402e-07 -6.745001e-08 -1.897256e-06 6.188115e-05 3.638956e-04 -3.110424e-05 1.110503e-04
10663.563696 -2.414874e-05 -6.448531e-07 -6.802783e-08 -1.900199e-06 6.125397e-05 3.815390e-04 -4.164251e-05 1.039337e-04
10666.258909 -2.406562e-05 -6.450357e-07 -6.825547e-08 -1.890959e-06 6.127253e-05 3.609536e-04 -4.279569e-05 9.971588e-05
10668.966315 -2.398183e-05 -6.451678e-07 -6.841153e-08 -1.881966e-06 5.986685e-05 3.481855e-04 -2.988123e-05 1.058294e-04
10671.685913 -2.396790e-05 -6.468721e-07 -6.858454e-08 -1.882613e-06 5.921239e-05 3.649507e-04 -3.160288e-05 1.123067e-04
10674.417702 -2.391400e-05 -6.467701e-07 -6.876909e-08 -1.878923e-06 7.321811e-05 3.657681e-04 -3.470151e-05 1.073548e-04
10677.161684 -2.383017e-05 -6.465719e-07 -6.918227e-08 -1.871027e-06 6.735876e-05 4.156952e-04 -3.789602e-05 1.023801e-04
10679.917857 -2.372037e-05 -6.458976e-07 -6.903604e-08 -1.863692e-06 6.098279e-05 3.841473e-04 -3.336177e-05 1.140607e-04
10682.686222 -2.365232e-05 -6.455879e-07 -6.909875e-08 -1.858888e-06 7.211934e-05 3.683922e-04 -3.752169e-05 1.132402e-04
10685.466780 -2.357368e-05 -6.452910e-07 -6.915106e-08 -1.853811e-06 8.222182e-05 3.801554e-04 -4.744262e-05 1.129195e-04
10688.259529 -2.343648e-05 -6.438917e-07 -6.933093e-08 -1.842869e-06 7.908260e-05 3.759741e-04 -5.221407e-05 1.083344e-04
10691.064470 -2.335359e-05 -6.430458e-07 -6.924289e-08 -1.839663e-06 6.689470e-05 3.715509e-04 -5.435362e-05 1.029730e-04
10693.881602 -2.337947e-05 -6.436621e-07 -6.924023e-08 -1.847501e-06 6.880789e-05 3.749133e-04 -5.776875e-05 1.018441e-04
10696.710927 -2.333917e-05 -6.448383e-07 -6.958672e-08 -1.844470e-06 6.672007e-05 3.637243e-04 -5.990261e-05 9.749622e-05
10699.552444 -2.327306e-05 -6.449244e-07 -6.958497e-08 -1.841111e-06 7.693461e-05 3.780388e-04 -4.864362e-05 1.020898e-04
10702.406153 -2.312875e-05 -6.421041e-07 -6.918809e-08 -1.830720e-06 7.397840e-05 3.627883e-04 -5.014489e-05 1.144748e-04
10705.272053 -2.307285e-05 -6.414971e-07 -6.900045e-08 -1.829799e-06 6.582120e-05 3.623012e-04 -6.593925e-05 1.055670e-04
10708.150146 -2.308893e-05 -6.423677e-07 -6.913714e-08 -1.834621e-06 6.806349e-05 3.643251e-04 -6.545131e-05 9.378446e-05
10711.040430 -2.304503e-05 -6.439969e-07 -6.944506e-08 -1.831304e-06 6.603062e-05 3.589105e-04 -6.255478e-05 8.298191e-05
10713.942906 -2.294939e-05 -6.440223e-07 -6.943550e-08 -1.822231e-06 5.593970e-05 3.651692e-04 -5.305158e-05 9.327237e-05
10716.857574 -2.292692e-05 -6.448089e-07 -6.949039e-08 -1.823951e-06 6.593494e-05 3.699522e-04 -5.702381e-05 9.300308e-05
10719.784435 -2.293138e-05 -6.453508e-07 -6.964518e-08 -1.830181e-06 8.310995e-05 3.605897e-04 -5.598292e-05 9.574973e-05
10722.723487 -2.287219e-05 -6.447034e-07 -6.965548e-08 -1.828282e-06 7.379319e-05 3.672804e-04 -5.918534e-05 9.455920e-05
10725.674730 -2.281187e-05 -6.453440e-07 -6.973699e-08 -1.825201e-06 6.884671e-05 3.503829e-04 -5.751123e-05 9.314739e-05
10728.638166 -2.269671e-05 -6.438785e-07 -6.957410e-08 -1.816944e-06 6.997743e-05 3.647719e-04 -6.242524e-05 9.034562e-05
10731.613794 -2.263255e-05 -6.442412e-07 -6.996849e-08 -1.814044e-06 7.567894e-05 3.908746e-04 -6.504721e-05 9.662965e-05
10734.601614 -2.259519e-05 -6.448421e-07 -7.014716e-08 -1.813102e-06 7.115315e-05 3.647726e-04 -6.052551e-05 1.045023e-04
10737.601625 -2.248679e-05 -6.444244e-07 -7.011344e-08 -1.803739e-06 6.681754e-05 3.686240e-04 -5.384578e-05 1.007924e-04
10740.613829 -2.240235e-05 -6.432751e-07 -7.000445e-08 -1.797481e-06 7.521432e-05 3.765795e-04 -5.824203e-05 9.432526e-05
10743.638224 -2.230427e-05 -6.429231e-07 -7.040134e-08 -1.788438e-06 8.076098e-05 4.023628e-04 -5.352768e-05 1.000947e-04
10746.674811 -2.228357e-05 -6.434124e-07 -7.049818e-08 -1.789757e-06 7.257837e-05 3.996103e-04 -5.332931e-05 9.480248e-05
10749.723590 -2.222719e-05 -6.430612e-07 -7.043491e-08 -1.786736e-06 7.729210e-05 3.939488e-04 -5.117200e-05 9.020230e-05
10752.784561 -2.213856e-05 -6.423969e-07 -7.042530e-08 -1.779611e-06 7.373894e-05 3.617862e-04 -3.724498e-05 1.001973e-04
10755.857724 -2.199654e-05 -6.403624e-07 -7.049313e-08 -1.768597e-06 7.415094e-05 3.533724e-04 -3.892018e-05 9.688846e-05
10758.943079 -2.194800e-05 -6.406346e-07 -7.067342e-08 -1.766111e-06 7.103622e-05 3.628665e-04 -4.970430e-05 8.291511e-05
10762.040626 -2.190430e-05 -6.405174e-07 -7.028994e-08 -1.763602e-06 6.706064e-05 3.645186e-04 -3.635300e-05 8.871093e-05
10765.150365 -2.183304e-05 -6.404821e-07 -7.030614e-08 -1.758405e-06 7.044233e-05 3.310761e-04 -3.682028e-05 1.011934e-04
10768.272295 -2.172882e-05 -6.395440e-07 -7.040316e-08 -1.750153e-06 6.762328e-05 3.393808e-04 -4.320577e-05 1.112025e-04
10771.406418 -2.166538e-05 -6.400482e-07 -7.028944e-08 -1.747867e-06 5.919369e-05 3.363857e-04 -5.243875e-05 1.126068e-04
10774.552732 -2.156745e-05 -6.387877e-07 -7.025770e-08 -1.742146e-06 6.688919e-05 3.497412e-04 -5.871192e-05 1.034025e-04
10777.711239 -2.148184e-05 -6.380102e-07 -7.054025e-08 -1.736312e-06 7.167505e-05 3.486467e-04 -5.160274e-05 1.087309e-04
10780.881937 -2.136570e-05 -6.363175e-07 -7.061352e-08 -1.728114e-06 6.817891e-05 3.512754e-04 -6.587853e-05 1.003237e-04
10784.064827 -2.130177e-05 -6.361801e-07 -7.088392e-08 -1.725285e-06 6.656430e-05 3.700350e-04 -5.897550e-05 1.038602e-04
10787.259909 -2.118891e-05 -6.344173e-07 -7.124353e-08 -1.716254e-06 6.220946e-05 3.756218e-04 -5.661800e-05 1.039707e-04
10790.467183 -2.110025e-05 -6.340021e-07 -7.155730e-08 -1.711175e-06 5.743313e-05 3.667049e-04 -5.793277e-05 1.091167e-04
10793.686649 -2.100431e-05 -6.331253e-07 -7.187720e-08 -1.704926e-06 5.605164e-05 3.646092e-04 -5.279290e-05 1.029300e-04
10796.918307 -2.092415e-05 -6.325705e-07 -7.229729e-08 -1.702510e-06 5.583633e-05 3.461869e-04 -5.694344e-05 1.004904e-04
10800.162157 -2.083510e-05 -6.318630e-07 -7.254736e-08 -1.695750e-06 4.972129e-05 3.320988e-04 -5.109615e-05 1.006834e-04
10803.418198 -2.070273e-05 -6.296769e-07 -7.251281e-08 -1.684294e-06 5.064335e-05 3.301868e-04 -5.323681e-05 9.956213e-05
10806.686432 -2.052472e-05 -6.260068e-07 -7.224947e-08 -1.670126e-06 5.278812e-05 3.334305e-04 -4.699634e-05 1.024546e-04
10809.966857 -2.049719e-05 -6.271681e-07 -7.229122e-08 -1.669976e-06 4.697913e-05 3.324528e-04 -3.916499e-05 1.024636e-04
10813.259474 -2.045956e-05 -6.278908e-07 -7.219468e-08 -1.668371e-06 3.817087e-05 3.516882e-04 -5.051176e-05 1.086594e-04
10816.564284 -2.034953e-05 -6.262731e-07 -7.197527e-08 -1.660490e-06 5.112593e-05 3.563209e-04 -6.629065e-05 9.585790e-05
10819.881285 -2.024073e-05 -6.251260e-07 -7.191834e-08 -1.651652e-06 5.231148e-05 3.579232e-04 -5.523268e-05 1.014789e-04
10823.210478 -2.008749e-05 -6.232410e-07 -7.181732e-08 -1.637641e-06 5.848993e-05 3.442318e-04 -4.893491e-05 9.863982e-05
10826.551863 -1.991521e-05 -6.196105e-07 -7.120473e-08 -1.622396e-06 5.942886e-05 3.292855e-04 -4.391428e-05 9.755359e-05
10829.905440 -1.987280e-05 -6.196686e-07 -7.126303e-08 -1.621806e-06 5.354398e-05 3.403293e-04 -3.405565e-05 9.534737e-05
10833.271209 -1.975003e-05 -6.178624e-07 -7.096087e-08 -1.612147e-06 5.232720e-05 3.430086e-04 -5.760145e-05 8.711159e-05
10836.649169 -1.962040e-05 -6.156149e-07 -7.034819e-08 -1.601970e-06 4.826856e-05 3.520588e-04 -6.619650e-05 8.992568e-05
10840.039322 -1.957151e-05 -6.149903e-07 -6.995754e-08 -1.601366e-06 5.557432e-05 3.398073e-04 -6.067825e-05 9.012490e-05
10843.441666 -1.947518e-05 -6.134376e-07 -6.985187e-08 -1.594723e-06 6.537595e-05 3.330616e-04 -4.830287e-05 1.033779e-04
10846.856203 -1.940009e-05 -6.128800e-07 -6.983504e-08 -1.591366e-06 5.899171e-05 3.168988e-04 -5.316382e-05 9.868287e-05
10850.282931 -1.926559e-05 -6.110488e-07 -6.996560e-08 -1.580785e-06 5.747638e-05 3.446442e-04 -6.659180e-05 1.027513e-04
10853.721851 -1.915136e-05 -6.097495e-07 -7.024113e-08 -1.573104e-06 5.234137e-05 3.478696e-04 -6.240131e-05 1.042932e-04
10857.172964 -1.908008e-05 -6.090850e-07 -7.043133e-08 -1.568971e-06 5.198005e-05 3.516611e-04 -7.975335e-05 8.411374e-05
10860.636268 -1.893489e-05 -6.065899e-07 -7.042943e-08 -1.557296e-06 5.580715e-05 3.330477e-04 -8.224341e-05 9.386596e-05
10864.111764 -1.883541e-05 -6.054189e-07 -7.032313e-08 -1.549570e-06 5.233553e-05 3.425196e-04 -7.200768e-05 1.066105e-04
10867.599451 -1.872044e-05 -6.048149e-07 -7.052024e-08 -1.540332e-06 5.201288e-05 3.699632e-04 -8.733484e-05 1.049206e-04
10871.099331 -1.858908e-05 -6.026401e-07 -7.053589e-08 -1.530603e-06 5.030213e-05 3.542582e-04 -8.342048e-05 1.004935e-04
10874.611403 -1.845525e-05 -6.003055e-07 -7.017511e-08 -1.521280e-06 5.210233e-05 3.379162e-04 -9.052155e-05 1.003188e-04
10878.135666 -1.825199e-05 -5.957834e-07 -6.976825e-08 -1.503461e-06 5.560131e-05 3.401123e-04 -9.379799e-05 1.051881e-04
10881.672122 -1.817102e-05 -5.947839e-07 -6.982775e-08 -1.498266e-06 5.609052e-05 3.317416e-04 -8.154471e-05 9.993210e-05
10885.220769 -1.810205e-05 -5.945566e-07 -6.971625e-08 -1.494426e-06 5.398313e-05 3.497150e-04 -7.295285e-05 1.065998e-04
10888.781609 -1.800458e-05 -5.923544e-07 -6.956287e-08 -1.488769e-06 5.446874e-05 3.603725e-04 -8.387304e-05 1.030121e-04
10892.354640 -1.788025e-05 -5.902932e-07 -6.956876e-08 -1.479404e-06 6.009858e-05 3.410148e-04 -7.311617e-05 1.098808e-04
10895.939863 -1.776660e-05 -5.882333e-07 -6.936413e-08 -1.471580e-06 5.401677e-05 3.450178e-04 -8.386434e-05 1.082654e-04
10899.537278 -1.764473e-05 -5.864208e-07 -6.942646e-08 -1.462791e-06 4.892695e-05 3.142807e-04 -8.125853e-05 1.018448e-04
10903.146885 -1.750424e-05 -5.841908e-07 -6.982803e-08 -1.451480e-06 4.110317e-05 3.228370e-04 -8.336813e-05 9.815708e-05
10906.768684 -1.740303e-05 -5.822149e-07 -7.012686e-08 -1.444562e-06 4.910263e-05 3.481659e-04 -7.113421e-05 1.032626e-04
10910.402675 -1.728075e-05 -5.804019e-07 -7.030144e-08 -1.435727e-06 3.907480e-05 3.535629e-04 -6.813214e-05 1.097656e-04
10914.048857 -1.713855e-05 -5.773794e-07 -7.040239e-08 -1.423558e-06 3.230784e-05 3.359749e-04 -6.546924e-05 1.086249e-04
10917.707232 -1.702732e-05 -5.752765e-07 -7.012848e-08 -1.415740e-06 3.585721e-05 3.200777e-04 -6.446934e-05 1.030830e-04
10921.377799 -1.691133e-05 -5.735680e-07 -6.984009e-08 -1.407109e-06 4.302753e-05 3.114172e-04 -6.697528e-05 1.055992e-04
10925.060557 -1.679832e-05 -5.715209e-07 -6.988046e-08 -1.398741e-06 4.766995e-05 3.221312e-04 -6.646022e-05 1.095009e-04
10928.755507 -1.665945e-05 -5.681241e-07 -6.961612e-08 -1.388185e-06 5.260697e-05 3.276119e-04 -6.495575e-05 1.107705e-04
10932.462650 -1.652110e-05 -5.649280e-07 -6.929455e-08 -1.377490e-06 5.818687e-05 3.305279e-04 -6.952322e-05 1.137496e-04
10936.181984 -1.636371e-05 -5.614143e-07 -6.912083e-08 -1.364245e-06 5.868406e-05 3.436311e-04 -5.071330e-05 1.188209e-04
10939.913510 -1.619261e-05 -5.569901e-07 -6.865591e-08 -1.349907e-06 4.789938e-05 3.366903e-04 -4.630873e-05 1.112826e-04
10943.657228 -1.605753e-05 -5.538973e-07 -6.830871e-08 -1.339024e-06 4.268033e-05 3.220848e-04 -5.553289e-05 1.093115e-04
10947.413138 -1.596142e-05 -5.520478e-07 -6.806019e-08 -1.333001e-06 5.256183e-05 3.254779e-04 -6.022070e-05 1.115805e-04
10951.181239 -1.577476e-05 -5.479413e-07 -6.752113e-08 -1.317597e-06 5.813594e-05 3.476373e-04 -5.378637e-05 1.132844e-04
10954.961533 -1.561822e-05 -5.441543e-07 -6.685807e-08 -1.304086e-06 5.820861e-05 3.494803e-04 -6.087579e-05 1.185469e-04
10958.754019 -1.553522e-05 -5.425896e-07 -6.658887e-08 -1.298715e-06 5.323871e-05 3.466563e-04 -5.567338e-05 1.088680e-04
10962.558696 -1.540670e-05 -5.398630e-07 -6.626063e-08 -1.289161e-06 5.933772e-05 3.599663e-04 -4.902162e-05 1.086989e-04
10966.375565 -1.531778e-05 -5.378093e-07 -6.592167e-08 -1.283013e-06 6.519691e-05 3.398683e-04 -3.833146e-05 1.175624e-04
10970.204627 -1.520675e-05 -5.351926e-07 -6.563363e-08 -1.274660e-06 6.402985e-05 3.235530e-04 -4.900530e-05 1.157162e-04
10974.045880 -1.509470e-05 -5.330070e-07 -6.549599e-08 -1.267142e-06 5.750916e-05 3.298142e-04 -5.544736e-05 1.086938e-04
10977.899325 -1.494727e-05 -5.293845e-07 -6.491615e-08 -1.255012e-06 6.013227e-05 3.350071e-04 -4.205373e-05 1.160895e-04
10981.764962 -1.480560e-05 -5.260536e-07 -6.457701e-08 -1.243981e-06 5.871728e-05 3.257863e-04 -5.136772e-05 1.093379e-04
10985.642791 -1.465189e-05 -5.225459e-07 -6.429932e-08 -1.231714e-06 5.857993e-05 3.279655e-04 -5.575834e-05 1.088970e-04
10989.532812 -1.456488e-05 -5.199724e-07 -6.402852e-08 -1.227058e-06 5.100919e-05 3.188616e-04 -5.867122e-05 1.034106e-04
10993.435025 -1.445803e-05 -5.171864e-07 -6.412111e-08 -1.219680e-06 4.600263e-05 3.132082e-04 -4.946102e-05 9.720830e-05
10997.349429 -1.432945e-05 -5.140788e-07 -6.429689e-08 -1.209250e-06 4.815636e-05 3.207359e-04 -4.876568e-05 9.725415e-05
11001.276026 -1.419440e-05 -5.107140e-07 -6.418693e-08 -1.198990e-06 5.512062e-05 3.450297e-04 -5.251674e-05 9.417632e-05
11005.214814 -1.406305e-05 -5.072233e-07 -6.377481e-08 -1.188809e-06 5.845748e-05 3.335250e-04 -5.848493e-05 9.045276e-05
11009.165795 -1.392566e-05 -5.036889e-07 -6.351793e-08 -1.177485e-06 5.845416e-05 3.245933e-04 -4.810151e-05 9.117899e-05
11013.128967 -1.381042e-05 -5.013096e-07 -6.339370e-08 -1.168768e-06 6.042241e-05 3.501683e-04 -4.946523e-05 9.587803e-05
11017.104331 -1.368051e-05 -4.980113e-07 -6.289684e-08 -1.159157e-06 6.268559e-05 3.631744e-04 -5.508378e-05 9.476048e-05
11021.091888 -1.353734e-05 -4.943066e-07 -6.287062e-08 -1.147082e-06 5.785531e-05 3.397308e-04 -4.629327e-05 1.021766e-04
11025.091636 -1.344393e-05 -4.919500e-07 -6.273292e-08 -1.141348e-06 5.935826e-05 3.461541e-04 -4.061509e-05 1.033143e-04
11029.103575 -1.333944e-05 -4.893135e-07 -6.261659e-08 -1.134403e-06 5.766802e-05 3.542565e-04 -3.910009e-05 9.503918e-05
11033.127707 -1.321550e-05 -4.858138e-07 -6.264949e-08 -1.124836e-06 6.130493e-05 3.502137e-04 -5.485241e-05 9.032778e-05
11037.164031 -1.308900e-05 -4.826702e-07 -6.256615e-08 -1.115351e-06 5.260451e-05 3.459987e-04 -5.846305e-05 8.919609e-05
11041.212547 -1.295774e-05 -4.792755e-07 -6.246027e-08 -1.104420e-06 5.046105e-05 3.602886e-04 -6.624945e-05 8.821589e-05
11045.273254 -1.284669e-05 -4.760092e-07 -6.225759e-08 -1.096783e-06 5.003134e-05 3.524223e-04 -5.649329e-05 1.006427e-04
11049.346154 -1.272985e-05 -4.726961e-07 -6.201140e-08 -1.087913e-06 6.038082e-05 3.683253e-04 -5.421827e-05 1.014890e-04
11053.431245 -1.259452e-05 -4.692595e-07 -6.190465e-08 -1.076518e-06 6.263915e-05 3.630271e-04 -6.425903e-05 9.414457e-05
11057.528529 -1.245202e-05 -4.649821e-07 -6.138137e-08 -1.064737e-06 6.662024e-05 3.377369e-04 -6.496836e-05 1.048039e-04
11061.638004 -1.234106e-05 -4.621966e-07 -6.107576e-08 -1.055946e-06 5.929366e-05 3.379249e-04 -6.921685e-05 1.008303e-04
11065.759671 -1.224341e-05 -4.597871e-07 -6.060519e-08 -1.049070e-06 5.631723e-05 3.465121e-04 -6.036122e-05 9.354479e-05
11069.893530 -1.213315e-05 -4.565319e-07 -6.013172e-08 -1.041499e-06 5.111016e-05 3.448344e-04 -5.343205e-05 1.032026e-04
11074.039581 -1.202690e-05 -4.534050e-07 -5.999646e-08 -1.034039e-06 5.187197e-05 3.259917e-04 -5.303569e-05 1.082167e-04
11078.197824 -1.189751e-05 -4.502657e-07 -5.946243e-08 -1.022978e-06 6.138435e-05 3.380578e-04 -4.312874e-05 1.070826e-04
11082.368258 -1.179816e-05 -4.475312e-07 -5.908593e-08 -1.016373e-06 5.796335e-05 3.344789e-04 -4.770162e-05 1.104326e-04
11086.550885 -1.169877e-05 -4.449794e-07 -5.855162e-08 -1.009861e-06 5.829400e-05 3.339879e-04 -5.738001e-05 1.139103e-04
11090.745704 -1.155950e-05 -4.415609e-07 -5.798560e-08 -9.976036e-07 5.721535e-05 3.437280e-04 -5.607019e-05 1.118260e-04
11094.952714 -1.147278e-05 -4.392070e-07 -5.772418e-08 -9.914824e-07 5.053066e-05 3.345961e-04 -5.503376e-05 1.126887e-04
11099.171916 -1.137048e-05 -4.363994e-07 -5.744922e-08 -9.837657e-07 5.086363e-05 3.260788e-04 -4.636473e-05 1.079752e-04
11103.403311 -1.124361e-05 -4.326110e-07 -5.734273e-08 -9.737569e-07 4.735855e-05 3.538570e-04 -4.930296e-05 1.120101e-04
11107.646897 -1.112695e-05 -4.294297e-07 -5.696652e-08 -9.650280e-07 4.921272e-05 3.257529e-04 -5.581492e-05 1.053680e-04
11111.902675 -1.100489e-05 -4.261510e-07 -5.673719e-08 -9.553857e-07 4.847066e-05 3.271717e-04 -4.635643e-05 9.755373e-05
11116.170645 -1.091814e-05 -4.238351e-07 -5.634662e-08 -9.497124e-07 4.056408e-05 3.123563e-04 -4.427488e-05 9.608917e-05
11120.450807 -1.077477e-05 -4.199934e-07 -5.616386e-08 -9.373238e-07 4.392136e-05 3.026171e-04 -4.486179e-05 1.023640e-04
11124.743161 -1.068911e-05 -4.175522e-07 -5.605984e-08 -9.313479e-07 4.220639e-05 3.002742e-04 -3.526244e-05 1.029877e-04
11129.047707 -1.060588e-05 -4.149685e-07 -5.606828e-08 -9.262092e-07 3.949618e-05 3.185000e-04 -4.148692e-05 1.000471e-04
11133.364444 -1.049778e-05 -4.123232e-07 -5.581623e-08 -9.176720e-07 4.498325e-05 3.225940e-04 -4.611232e-05 9.902046e-05
11137.693374 -1.039900e-05 -4.095301e-07 -5.537310e-08 -9.104121e-07 5.297517e-05 3.259451e-04 -3.761489e-05 1.018440e-04
11142.034495 -1.024697e-05 -4.056030e-07 -5.491424e-08 -8.967893e-07 5.099918e-05 3.323363e-04 -3.768419e-05 9.706577e-05
11146.387809 -1.014559e-05 -4.025370e-07 -5.475541e-08 -8.888947e-07 3.837853e-05 3.188397e-04 -4.187771e-05 9.749740e-05
11150.753314 -1.007524e-05 -4.004893e-07 -5.473238e-08 -8.851597e-07 3.940430e-05 3.255998e-04 -4.349413e-05 9.172834e-05
11155.131011 -9.945006e-06 -3.965064e-07 -5.423538e-08 -8.753142e-07 4.979940e-05 3.188607e-04 -3.690242e-05 9.476061e-05
11159.520900 -9.727006e-06 -3.890079e-07 -5.332605e-08 -8.577357e-07 4.847038e-05 3.105325e-04 -4.855788e-05 9.366467e-05
11163.922981 -9.646704e-06 -3.890768e-07 -5.328035e-08 -8.491396e-07 4.894816e-05 3.269274e-04 -5.655869e-05 1.054512e-04
11168.337254 -9.570915e-06 -3.858951e-07 -5.321311e-08 -8.457631e-07 5.501238e-05 3.215734e-04 -4.896446e-05 9.971162e-05
11172.763719 -9.553990e-06 -3.866834e-07 -5.348127e-08 -8.446110e-07 5.742391e-05 2.992836e-04 -4.643588e-05 9.758966e-05
11177.202376 -9.475870e-06 -3.845410e-07 -5.351228e-08 -8.390128e-07 5.437912e-05 3.078060e-04 -4.594124e-05 8.980827e-05
11181.653224 -9.382666e-06 -3.818773e-07 -5.330808e-08 -8.325493e-07 4.547419e-05 3.012634e-04 -4.644355e-05 8.248314e-05
11186.116265 -9.287353e-06 -3.791798e-07 -5.328043e-08 -8.250612e-07 3.908476e-05 3.107183e-04 -4.529810e-05 8.725109e-05
11190.591497 -9.204270e-06 -3.769792e-07 -5.328529e-08 -8.192843e-07 4.635052e-05 3.287039e-04 -4.485467e-05 9.382488e-05
11195.078922 -9.102766e-06 -3.738502e-07 -5.288312e-08 -8.115360e-07 5.250518e-05 3.315705e-04 -4.976176e-05 8.560545e-05
11199.578538 -9.002590e-06 -3.707871e-07 -5.253731e-08 -8.029613e-07 4.988442e-05 3.441136e-04 -4.730733e-05 8.918372e-05
11204.090346 -8.899856e-06 -3.679323e-07 -5.209919e-08 -7.942531e-07 4.141424e-05 3.585365e-04 -4.357880e-05 8.623360e-05
11208.614346 -8.811337e-06 -3.654575e-07 -5.193844e-08 -7.873810e-07 4.625727e-05 3.341987e-04 -4.995895e-05 8.247394e-05
11213.150538 -8.722824e-06 -3.629195e-07 -5.148493e-08 -7.806928e-07 5.615899e-05 3.295678e-04 -4.628746e-05 8.781914e-05
11217.698922 -8.584846e-06 -3.586129e-07 -5.080243e-08 -7.682446e-07 5.366052e-05 3.249772e-04 -4.878953e-05 8.210066e-05
11222.259498 -8.529841e-06 -3.571449e-07 -5.094415e-08 -7.656184e-07 5.480210e-05 3.325356e-04 -4.043197e-05 7.879452e-05
11226.832266 -8.457300e-06 -3.551872e-07 -5.071021e-08 -7.606410e-07 4.756339e-05 3.387612e-04 -3.148420e-05 7.784925e-05
11231.417226 -8.351510e-06 -3.520435e-07 -5.014727e-08 -7.520693e-07 5.015420e-05 3.287070e-04 -3.984912e-05 7.305837e-05
11236.014377 -8.272299e-06 -3.498486e-07 -4.989436e-08 -7.466894e-07 4.697754e-05 3.490315e-04 -4.502431e-05 7.227798e-05
11240.623721 -8.186876e-06 -3.474192e-07 -4.949838e-08 -7.399460e-07 3.596604e-05 3.637843e-04 -4.219869e-05 7.588563e-05
11245.245256 -8.078405e-06 -3.440434e-07 -4.898114e-08 -7.304129e-07 4.759708e-05 3.539520e-04 -3.978321e-05 7.909632e-05
11249.878983 -8.004765e-06 -3.421151e-07 -4.865724e-08 -7.254035e-07 5.076966e-05 3.893522e-04 -3.129763e-05 8.422258e-05
11254.524902 -7.915125e-06 -3.396931e-07 -4.848681e-08 -7.176609e-07 5.037076e-05 4.020528e-04 -4.033757e-05 7.336421e-05
11259.183013 -7.829725e-06 -3.371219e-07 -4.837381e-08 -7.107700e-07 5.550892e-05 3.980172e-04 -4.816659e-05 7.187411e-05
11263.853316 -7.738898e-06 -3.341896e-07 -4.798991e-08 -7.039930e-07 5.635579e-05 3.885137e-04 -5.318422e-05 7.710876e-05
11268.535811 -7.657869e-06 -3.318516e-07 -4.786001e-08 -6.975426e-07 4.714300e-05 3.963660e-04 -4.961146e-05 8.387537e-05
11273.230498 -7.560483e-06 -3.291980e-07 -4.778140e-08 -6.890742e-07 4.629453e-05 3.929315e-04 -4.970202e-05 8.496556e-05
11277.937377 -7.503472e-06 -3.278982e-07 -4.754303e-08 -6.856188e-07 4.062519e-05 3.915929e-04 -5.462994e-05 8.539736e-05
11282.656448 -7.423894e-06 -3.255798e-07 -4.750457e-08 -6.795027e-07 4.960176e-05 4.094677e-04 -5.446618e-05 8.167180e-05
11287.387710 -7.323644e-06 -3.221456e-07 -4.726874e-08 -6.711154e-07 6.499754e-05 4.160589e-04 -3.931554e-05 7.744557e-05
11292.131165 -7.212808e-06 -3.177521e-07 -4.678488e-08 -6.615440e-07 5.915885e-05 4.247034e-04 -3.498040e-05 8.168842e-05
11296.886811 -7.153700e-06 -3.162053e-07 -4.648594e-08 -6.579087e-07 5.301376e-05 4.255325e-04 -4.201968e-05 8.038664e-05
11301.654649 -7.052808e-06 -3.130066e-07 -4.621947e-08 -6.492041e-07 5.590776e-05 4.098568e-04 -3.968290e-05 8.138457e-05
11306.434679 -6.987621e-06 -3.115997e-07 -4.610130e-08 -6.450800e-07 5.588465e-05 4.175051e-04 -4.486152e-05 9.068710e-05
11311.226901 -6.890823e-06 -3.085893e-07 -4.567278e-08 -6.372386e-07 5.511503e-05 3.992126e-04 -4.355655e-05 9.674512e-05
11316.031315 -6.834393e-06 -3.063883e-07 -4.545636e-08 -6.345276e-07 6.110674e-05 3.735627e-04 -4.588603e-05 9.390244e-05
11320.847921 -6.788826e-06 -3.053794e-07 -4.540588e-08 -6.305127e-07 5.116054e-05 3.936794e-04 -4.118086e-05 8.951747e-05
11325.676719 -6.706816e-06 -3.028160e-07 -4.507916e-08 -6.238550e-07 4.956833e-05 3.844946e-04 -4.226543e-05 9.217891e-05
11330.517709 -6.599858e-06 -2.988506e-07 -4.463539e-08 -6.141195e-07 5.665951e-05 3.787906e-04 -4.403463e-05 9.576579e-05
11335.370891 -6.506489e-06 -2.956606e-07 -4.432365e-08 -6.067624e-07 5.364575e-05 3.791514e-04 -4.223762e-05 1.029336e-04
11340.236264 -6.500369e-06 -2.966362e-07 -4.448993e-08 -6.067717e-07 4.972825e-05 3.667426e-04 -4.828854e-05 9.861875e-05
