# Facility.name: NSLS-II
# Facility.mode: Beam available
# Facility.current: 400.36306389564896
# Facility.current: 3 GeV
# Facility.year: 2023
# Facility.cycle: 2
# Facility.GUP: 312970
# Facility.SAF: 311402
# Experimenter.name: Esteban Fornero
# Beamline.name: ISS (8-ID)
# Beamline.x-ray_source: damping wiggler
# Beamline.collimation_mirror1.material: Si
# Beamline.collimation_mirror2.material: Pt
# Beamline.collimation_mirror2.bender_loading: -348.0
# Beamline.focusing: toroidal mirror
# Beamline.focusing.material: Pt
# Beamline.focusing.bender_loading: -418.0
# Beamline.harmonic_rejection: Si
# Mono.scan_mode: Si(111)
# Mono.d_spacing: 3.1354951
# Mono.scan_mode: pseudo-channel cut
# Mono.scan_type: fly_scan
# Mono.trajectory_name: f950a534-6fd5.txt
# Mono.direction: None
# Mono.angle_offset: 0.69366577
# Mono.angle_offset: 39.744 deg
# Mono.encoder_resolution: 48.0 nrad
# Detector.I0: ion chamber
# Detector.I1: ion chamber
# Detector.I2: ion chamber
# Detector.IF: PIPS
# Detector.I0.length: 15 cm
# Detector.I1.length: 28 cm
# Detector.I2.length: 15 cm
# Detector.IF.thickness: 300 um
# Detector.I0.gas.N2: 38.0%
# Detector.I1.gas.N2: 38.0%
# Detector.I2.gas.N2: 38.0%
# Detector.I0.gas.He: 62.0%
# Detector.I1.gas.He: 62.0%
# Detector.I2.gas.He: 62.0%
# Detector.I0.voltage: -1649.998657
# Detector.I1.voltage: -1650.003052
# Detector.I2.voltage: -1650.002808
# Detector.I0.gain: 4
# Detector.I1.gain: 6
# Detector.I2.gain: 6
# Detector.IF.gain: 6
# Detector.aux: {}
# Element.symbol: Cu
# Element.edge: K
# Element.line: None
# Scan.transient_id: 371099
# Scan.uid: c4e57201-39f2-41e1-b038-802064d86333
# Scan.edge_energy: 8979.0
# Scan.start_time: 06/23/2023  06:21:19.583044
# Scan.end_time: 06/23/2023  06:21:53.861761
# Scan.name: CuGaO2-4th PP+O2-ramp (pos 001) Cu-K 0001
# Scan.comment: 
# Sample.name: CuGaO2-4th
# Sample.comment: 
# Sample.position.x: -66.4779948865
# Sample.position.y: 30.5239896225
# Sample.position.z: -10.184937499999995
# Sample.position.theta: 845.5790000000001
# SampleHeater.temperature1.setpoint: 300.0
# SampleHeater.temperature1.readback: 1372.0
# SampleHeater.current.setpoint: 0.0
# SampleHeater.current.readback: 0.0
# SampleHeater.temperature2.setpoint: 349.4766877094905
# SampleHeater.temperature2.readback: 351.6
# SampleHeater.voltage.setpoint: 0.6785565983127428
# SampleHeater.voltage.readback: 0.676
# SampleHeater.PID.P: 0.025
# SampleHeater.PID.I: 0.07
# SampleHeater.PID.D: 0.0
# SampleGasCart.MFC.CH4.setpoint: 0.0
# SampleGasCart.MFC.CH4.readback: 0.05
# SampleGasCart.MFC.CO.setpoint: 0.0
# SampleGasCart.MFC.CO.readback: 0.0
# SampleGasCart.MFC.H2.setpoint: 0.0
# SampleGasCart.MFC.H2.readback: 0.0
# SampleGasCart.MFC.exhaust.setpoint: 100.0
# SampleGasCart.MFC.exhaust.readback: 10.63
# SampleGasHandlingSystem.gas_a.name: None
# SampleGasHandlingSystem.gas_b.name: None
# SampleGasHandlingSystem.gas_c.name: None
# SampleGasHandlingSystem.gas_d.name: None
# SampleGasHandlingSystem.gas_e.name: He
# SampleGasHandlingSystem.MFC1.setpoint: 7.0
# SampleGasHandlingSystem.MFC1.readback: 6.998697757720947
# SampleGasHandlingSystem.MFC2.setpoint: 0.0
# SampleGasHandlingSystem.MFC2.readback: -0.06103515625
# SampleGasHandlingSystem.MFC3.setpoint: 0.0
# SampleGasHandlingSystem.MFC3.readback: 0.02034505270421505
# SampleGasHandlingSystem.MFC4.setpoint: 0.0
# SampleGasHandlingSystem.MFC4.readback: -0.0569661445915699
# SampleGasHandlingSystem.MFC5.setpoint: 0.0
# SampleGasHandlingSystem.MFC5.readback: -0.008138020522892475
# SampleGasHandlingSystem.MFC6.setpoint: 0.0
# SampleGasHandlingSystem.MFC6.readback: -0.0651041641831398
# SampleGasHandlingSystem.MFC7.setpoint: 0.0
# SampleGasHandlingSystem.MFC7.readback: -0.0406901054084301
# SampleGasHandlingSystem.MFC8.setpoint: 0.0
# SampleGasHandlingSystem.MFC8.readback: -0.08544921875
# SampleGasHandlingSystem.MFC9.setpoint: 0.0
# SampleGasHandlingSystem.MFC9.readback: -0.0651041641831398
# SampleGasHandlingSystem.MFC10.setpoint: 0.0
# SampleGasHandlingSystem.MFC10.readback: 0.01220703125
# SampleGasHandlingSystem.MFC11.setpoint: 0.0
# SampleGasHandlingSystem.MFC11.readback: -0.1017252579331398
# SampleGasHandlingSystem.MFC12.setpoint: 0.0
# SampleGasHandlingSystem.MFC12.readback: -0.0528971366584301
# SampleGasHandlingSystem.MFC13.setpoint: 0.0
# SampleGasHandlingSystem.MFC13.readback: -0.06103515625
# SampleGasHandlingSystem.MFC14.setpoint: 0.0
# SampleGasHandlingSystem.MFC14.readback: -0.0691731795668602
# SampleGasHandlingSystem.MFC15.setpoint: 0.0
# SampleGasHandlingSystem.MFC15.readback: -0.1139322891831398
# SampleGasHandlingSystem.MFC16.setpoint: 0.0
# SampleGasHandlingSystem.MFC16.readback: -0.0406901054084301
# SampleGasHandlingSystem.RGA.ch1.mass: 2
# SampleGasHandlingSystem.RGA.ch1.readback: 1.07594e-06
# SampleGasHandlingSystem.RGA.ch2.mass: 4
# SampleGasHandlingSystem.RGA.ch2.readback: 0.0
# SampleGasHandlingSystem.RGA.ch3.mass: 5
# SampleGasHandlingSystem.RGA.ch3.readback: 7.81276e-12
# SampleGasHandlingSystem.RGA.ch4.mass: 5
# SampleGasHandlingSystem.RGA.ch4.readback: 4.78717e-10
# SampleGasHandlingSystem.RGA.ch5.mass: 18
# SampleGasHandlingSystem.RGA.ch5.readback: 2.18695e-09
# SampleGasHandlingSystem.RGA.ch6.mass: 28
# SampleGasHandlingSystem.RGA.ch6.readback: 1.4534e-08
# SampleGasHandlingSystem.RGA.ch7.mass: 32
# SampleGasHandlingSystem.RGA.ch7.readback: 3.07315e-09
# SampleGasHandlingSystem.RGA.ch8.mass: 41
# SampleGasHandlingSystem.RGA.ch8.readback: 1.11477e-11
# SampleGasHandlingSystem.RGA.ch9.mass: 44
# SampleGasHandlingSystem.RGA.ch9.readback: 2.07863e-10
# energy  i0  it  ir  iff  aux1  aux2  aux3  aux4
 8779.000000 -3.414613e-05 -3.002480e-07 -1.989810e-07 -3.127255e-07 -3.634772e-06 -5.343928e-04 -5.145880e-05 1.977309e-05
 8784.000000 -3.427596e-05 -2.977903e-07 -1.974066e-07 -3.147978e-07 1.739610e-06 -5.173370e-04 -5.062082e-05 2.879972e-05
 8789.000000 -3.424567e-05 -2.950891e-07 -1.956971e-07 -3.154865e-07 7.513230e-06 -5.112482e-04 -4.641932e-05 2.696610e-05
 8794.000000 -3.405056e-05 -2.937024e-07 -1.950977e-07 -3.144050e-07 -3.152501e-06 -5.262529e-04 -4.972245e-05 2.406481e-05
 8799.000000 -3.363997e-05 -2.904541e-07 -1.930540e-07 -3.115116e-07 2.539497e-06 -5.199533e-04 -5.736294e-05 3.479972e-05
 8804.000000 -3.385770e-05 -2.951941e-07 -1.962647e-07 -3.141249e-07 6.201044e-06 -5.193865e-04 -5.871693e-05 3.573328e-05
 8809.000000 -3.382908e-05 -2.947805e-07 -1.959258e-07 -3.146563e-07 1.248430e-06 -5.293836e-04 -4.900113e-05 3.026271e-05
 8814.000000 -3.369393e-05 -2.925917e-07 -1.947655e-07 -3.138832e-07 -3.343536e-06 -5.332551e-04 -4.224561e-05 2.120373e-05
 8819.000000 -3.364921e-05 -2.956245e-07 -1.971365e-07 -3.138652e-07 5.634384e-06 -5.345663e-04 -4.838155e-05 1.740505e-05
 8824.000000 -3.364175e-05 -2.958940e-07 -1.974282e-07 -3.143357e-07 1.039107e-05 -5.301105e-04 -5.630007e-05 1.905813e-05
 8829.000000 -3.358560e-05 -2.967172e-07 -1.980502e-07 -3.147502e-07 4.142005e-06 -5.375087e-04 -4.358508e-05 2.457094e-05
 8834.000000 -3.351143e-05 -2.972003e-07 -1.981636e-07 -3.149992e-07 2.553870e-06 -5.427386e-04 -4.916330e-05 2.007076e-05
 8839.000000 -3.339609e-05 -2.985018e-07 -1.992419e-07 -3.150065e-07 5.223808e-07 -5.589132e-04 -5.376391e-05 1.470047e-05
 8844.000000 -3.320936e-05 -3.023144e-07 -2.020867e-07 -3.139990e-07 -5.117366e-07 -5.707611e-04 -5.634735e-05 1.019062e-05
 8849.000000 -3.316374e-05 -3.006516e-07 -2.011115e-07 -3.148776e-07 1.102417e-05 -5.685134e-04 -6.423330e-05 2.404393e-05
 8854.000000 -3.311671e-05 -3.000544e-07 -2.011464e-07 -3.158190e-07 1.430955e-05 -5.602436e-04 -5.984372e-05 2.180961e-05
 8859.000000 -3.300066e-05 -3.005733e-07 -2.014342e-07 -3.162841e-07 8.381568e-06 -5.608985e-04 -6.192632e-05 2.099029e-05
 8864.000000 -3.291515e-05 -3.010461e-07 -2.016874e-07 -3.165264e-07 -1.221317e-06 -5.699902e-04 -5.992245e-05 1.756500e-05
 8869.000000 -3.279799e-05 -3.032792e-07 -2.032872e-07 -3.162954e-07 -2.661547e-06 -5.759107e-04 -4.927980e-05 7.325558e-06
 8874.000000 -3.269693e-05 -3.044674e-07 -2.042280e-07 -3.164694e-07 -1.001455e-05 -5.766505e-04 -5.742108e-05 1.158813e-05
 8879.000000 -3.255323e-05 -3.067916e-07 -2.056983e-07 -3.160101e-07 2.935835e-06 -6.096213e-04 -6.256456e-05 2.029726e-05
 8884.000000 -3.234349e-05 -3.053719e-07 -2.051107e-07 -3.149751e-07 9.285970e-06 -5.875289e-04 -5.625637e-05 2.591477e-05
 8889.000000 -3.198795e-05 -3.083029e-07 -2.071957e-07 -3.130921e-07 2.852852e-06 -6.015374e-04 -5.591500e-05 2.766545e-05
 8894.000000 -3.221116e-05 -3.105199e-07 -2.088597e-07 -3.157157e-07 -2.231237e-07 -6.215852e-04 -6.120942e-05 2.451284e-05
 8899.000000 -3.208755e-05 -3.118439e-07 -2.097045e-07 -3.151372e-07 -5.912594e-07 -6.372966e-04 -5.736220e-05 1.298799e-05
 8904.000000 -3.203408e-05 -3.114456e-07 -2.095294e-07 -3.150752e-07 1.707496e-05 -6.345084e-04 -5.244170e-05 1.411623e-05
 8909.000000 -3.192993e-05 -3.108922e-07 -2.091914e-07 -3.143964e-07 1.781073e-05 -6.206422e-04 -5.397440e-05 9.300004e-06
 8914.000000 -3.168769e-05 -3.107633e-07 -2.093011e-07 -3.127387e-07 1.788854e-05 -6.147700e-04 -4.952194e-05 4.804065e-06
 8919.000000 -3.158654e-05 -3.120870e-07 -2.104483e-07 -3.126557e-07 1.227098e-05 -6.067111e-04 -5.257417e-05 1.419734e-05
 8924.000000 -3.140413e-05 -3.133250e-07 -2.112747e-07 -3.119427e-07 9.171263e-06 -6.062302e-04 -5.223606e-05 1.676073e-05
 8929.000000 -3.140462e-05 -3.166330e-07 -2.137437e-07 -3.134181e-07 8.934491e-06 -5.920623e-04 -6.046655e-05 1.460911e-05
 8934.000000 -3.136577e-05 -3.171268e-07 -2.139207e-07 -3.146096e-07 2.092763e-05 -6.008676e-04 -6.221400e-05 1.551228e-05
 8939.000000 -3.126335e-05 -3.181278e-07 -2.146318e-07 -3.149077e-07 1.164768e-05 -6.014741e-04 -6.138297e-05 1.393664e-05
 8944.000000 -3.111384e-05 -3.198114e-07 -2.158578e-07 -3.144714e-07 1.255313e-06 -6.209910e-04 -6.952478e-05 1.737788e-05
 8949.000000 -3.089243e-05 -3.228352e-07 -2.176729e-07 -3.131231e-07 -4.616252e-06 -6.123385e-04 -6.449634e-05 1.771870e-05
 8953.000000 -3.085558e-05 -3.209374e-07 -2.161666e-07 -3.139537e-07 -1.048863e-06 -6.034921e-04 -5.903042e-05 2.134123e-05
 8956.000000 -3.082520e-05 -3.206479e-07 -2.156129e-07 -3.148904e-07 -3.447215e-06 -5.736543e-04 -5.673118e-05 1.352784e-05
 8958.000000 -3.073968e-05 -3.221687e-07 -2.165286e-07 -3.145165e-07 6.890277e-06 -5.643551e-04 -6.190946e-05 8.113337e-06
 8959.000000 -3.074115e-05 -3.212263e-07 -2.157638e-07 -3.146733e-07 1.458555e-05 -5.624420e-04 -5.555073e-05 9.929671e-06
 8959.200000 -3.070321e-05 -3.229696e-07 -2.168682e-07 -3.142028e-07 2.292713e-05 -5.491630e-04 -5.487152e-05 8.022417e-07
 8959.400000 -3.067576e-05 -3.213465e-07 -2.158384e-07 -3.144639e-07 2.884931e-05 -5.374124e-04 -6.267444e-05 2.294763e-06
 8959.600000 -3.071821e-05 -3.211302e-07 -2.156190e-07 -3.146487e-07 1.999279e-05 -5.661222e-04 -4.174817e-05 3.308979e-06
 8959.800000 -3.075297e-05 -3.210734e-07 -2.154857e-07 -3.151244e-07 1.754384e-06 -5.700224e-04 -4.355240e-05 6.218871e-06
 8960.000000 -3.078049e-05 -3.201442e-07 -2.146361e-07 -3.155063e-07 -8.853783e-07 -5.376098e-04 -3.054459e-05 1.794441e-05
 8960.200000 -3.078898e-05 -3.193793e-07 -2.142120e-07 -3.157805e-07 -2.542749e-06 -5.444611e-04 -4.009720e-05 2.056358e-05
 8960.400000 -3.079303e-05 -3.182025e-07 -2.134079e-07 -3.158775e-07 -2.569253e-06 -5.331212e-04 -3.035064e-05 1.426999e-05
 8960.600000 -3.077063e-05 -3.191959e-07 -2.139527e-07 -3.156933e-07 -7.251530e-06 -5.299557e-04 -5.185707e-05 7.865035e-06
 8960.800000 -3.075563e-05 -3.198152e-07 -2.142713e-07 -3.158916e-07 -2.721493e-06 -5.206364e-04 -4.426322e-05 1.344816e-05
 8961.000000 -3.077343e-05 -3.180845e-07 -2.130879e-07 -3.160546e-07 1.641059e-06 -5.303445e-04 -4.437425e-05 1.283768e-05
 8961.200000 -3.078109e-05 -3.192193e-07 -2.139202e-07 -3.162545e-07 -7.004341e-06 -5.488666e-04 -4.705430e-05 1.493623e-05
 8961.400000 -3.072949e-05 -3.199458e-07 -2.141816e-07 -3.157145e-07 -1.409843e-05 -5.676702e-04 -4.051125e-05 2.038705e-05
 8961.600000 -3.075987e-05 -3.185825e-07 -2.135020e-07 -3.162553e-07 -1.756451e-05 -5.647392e-04 -4.745870e-05 1.938492e-05
 8961.800000 -3.078224e-05 -3.184972e-07 -2.132137e-07 -3.168797e-07 -2.180386e-05 -5.526702e-04 -4.866847e-05 1.154282e-05
 8962.000000 -3.076196e-05 -3.183859e-07 -2.133041e-07 -3.167923e-07 -1.635155e-05 -5.549867e-04 -5.443515e-05 2.107820e-05
 8962.200000 -3.074824e-05 -3.184879e-07 -2.133794e-07 -3.165658e-07 -1.535243e-05 -5.646312e-04 -5.465402e-05 1.392073e-05
 8962.400000 -3.074779e-05 -3.179658e-07 -2.131226e-07 -3.163503e-07 -1.510473e-05 -5.746644e-04 -4.866169e-05 1.904919e-05
 8962.600000 -3.072800e-05 -3.192495e-07 -2.136860e-07 -3.161599e-07 -1.417474e-05 -5.742143e-04 -3.723251e-05 1.588287e-05
 8962.800000 -3.073845e-05 -3.186432e-07 -2.133043e-07 -3.163231e-07 -1.451805e-05 -5.624379e-04 -4.055907e-05 8.303880e-06
 8963.000000 -3.073372e-05 -3.183306e-07 -2.133896e-07 -3.163714e-07 -1.231314e-05 -5.851568e-04 -5.319682e-05 4.340700e-06
 8963.200000 -3.067723e-05 -3.208288e-07 -2.150992e-07 -3.158188e-07 -8.072353e-06 -5.891608e-04 -4.633465e-05 -1.979816e-06
 8963.400000 -3.068845e-05 -3.189127e-07 -2.137599e-07 -3.161614e-07 -1.298991e-05 -5.885529e-04 -5.308907e-05 -2.768153e-06
 8963.600000 -3.068865e-05 -3.192921e-07 -2.136387e-07 -3.161517e-07 -1.451785e-05 -5.856635e-04 -6.482785e-05 -1.302585e-05
 8963.800000 -3.070046e-05 -3.188121e-07 -2.131594e-07 -3.161992e-07 -1.045023e-05 -5.820913e-04 -4.208939e-05 -7.075240e-06
 8964.000000 -3.065775e-05 -3.194022e-07 -2.133574e-07 -3.158969e-07 3.236111e-08 -5.988717e-04 -4.374609e-05 6.473073e-06
 8964.200000 -3.062881e-05 -3.216187e-07 -2.149312e-07 -3.152648e-07 -2.281585e-06 -5.810783e-04 -4.592598e-05 6.163629e-06
 8964.400000 -3.070357e-05 -3.191132e-07 -2.133494e-07 -3.164470e-07 -1.271293e-05 -5.817806e-04 -5.901169e-05 4.496690e-06
 8964.600000 -3.070525e-05 -3.194184e-07 -2.134655e-07 -3.167000e-07 -1.637241e-05 -5.946749e-04 -4.903446e-05 6.416473e-06
 8964.800000 -3.068295e-05 -3.195524e-07 -2.133914e-07 -3.167698e-07 -1.008257e-05 -6.082949e-04 -5.739395e-05 -4.503091e-06
 8965.000000 -3.057877e-05 -3.208494e-07 -2.142938e-07 -3.158165e-07 -1.169023e-05 -5.814064e-04 -4.752273e-05 3.249564e-06
 8965.200000 -3.052754e-05 -3.222560e-07 -2.149286e-07 -3.154956e-07 -6.410609e-06 -5.831531e-04 -4.112588e-05 8.367624e-06
 8965.400000 -3.053365e-05 -3.220831e-07 -2.146970e-07 -3.158251e-07 -8.501601e-06 -6.006470e-04 -5.197145e-05 4.426269e-06
 8965.600000 -3.059778e-05 -3.199297e-07 -2.133841e-07 -3.166751e-07 -5.669800e-06 -6.323608e-04 -3.470886e-05 4.602829e-06
 8965.800000 -3.061267e-05 -3.181896e-07 -2.123374e-07 -3.171436e-07 -1.062861e-05 -6.104627e-04 -4.408082e-05 6.527360e-08
 8966.000000 -3.062969e-05 -3.203448e-07 -2.136632e-07 -3.174047e-07 -1.326559e-05 -6.100592e-04 -4.024497e-05 -4.688851e-06
 8966.200000 -3.060216e-05 -3.185005e-07 -2.126709e-07 -3.173433e-07 -9.798931e-06 -6.076219e-04 -3.000475e-05 5.146905e-06
 8966.400000 -3.061881e-05 -3.179207e-07 -2.120259e-07 -3.178054e-07 -6.082795e-06 -5.906381e-04 -3.547711e-05 4.387345e-06
 8966.600000 -3.063096e-05 -3.191557e-07 -2.127787e-07 -3.176215e-07 3.852101e-06 -5.848995e-04 -3.799173e-05 -4.484767e-06
 8966.800000 -3.058077e-05 -3.184788e-07 -2.120703e-07 -3.173578e-07 2.949325e-06 -5.714099e-04 -4.126476e-05 -7.289259e-06
 8967.000000 -3.052928e-05 -3.220034e-07 -2.144307e-07 -3.166249e-07 -8.852157e-06 -5.420123e-04 -4.087485e-05 -1.025517e-05
 8967.200000 -3.046407e-05 -3.235096e-07 -2.153894e-07 -3.158721e-07 -7.574492e-07 -5.437003e-04 -4.267506e-05 -1.140229e-05
 8967.400000 -3.054927e-05 -3.212023e-07 -2.137178e-07 -3.170226e-07 9.316625e-06 -5.669826e-04 -3.500003e-05 -1.424330e-05
 8967.600000 -3.057362e-05 -3.206203e-07 -2.131555e-07 -3.175011e-07 4.307128e-06 -5.614879e-04 -3.287324e-05 -2.455468e-06
 8967.800000 -3.055656e-05 -3.200045e-07 -2.126267e-07 -3.172490e-07 -2.154491e-06 -5.662528e-04 -3.847720e-05 -4.713397e-06
 8968.000000 -3.056799e-05 -3.204439e-07 -2.128048e-07 -3.173552e-07 8.051910e-08 -5.870405e-04 -3.845107e-05 -1.358865e-06
 8968.200000 -3.052390e-05 -3.192187e-07 -2.118606e-07 -3.169730e-07 3.342495e-06 -5.834904e-04 -3.689778e-05 -3.495705e-06
 8968.400000 -3.047760e-05 -3.203409e-07 -2.125798e-07 -3.164860e-07 -1.869101e-05 -5.768687e-04 -3.742714e-05 -4.720443e-06
 8968.600000 -3.045791e-05 -3.201845e-07 -2.122735e-07 -3.167028e-07 -1.174838e-05 -5.951530e-04 -4.234079e-05 -1.439796e-06
 8968.800000 -3.051478e-05 -3.200485e-07 -2.120069e-07 -3.174058e-07 -8.880706e-06 -5.844136e-04 -4.642171e-05 -1.664326e-06
 8969.000000 -3.053181e-05 -3.190629e-07 -2.111699e-07 -3.177756e-07 1.102724e-06 -5.754959e-04 -5.063449e-05 -4.336340e-06
 8969.200000 -3.054520e-05 -3.184977e-07 -2.108491e-07 -3.180512e-07 6.639267e-06 -5.897624e-04 -5.715522e-05 -1.242146e-05
 8969.400000 -3.050571e-05 -3.194117e-07 -2.113259e-07 -3.174159e-07 -3.564792e-06 -5.855688e-04 -6.267055e-05 -7.435808e-06
 8969.600000 -3.039895e-05 -3.218567e-07 -2.131204e-07 -3.161768e-07 -1.172208e-06 -5.794220e-04 -5.877104e-05 -1.875693e-06
 8969.800000 -3.032217e-05 -3.265256e-07 -2.161239e-07 -3.157180e-07 4.754639e-08 -5.753654e-04 -5.015506e-05 1.887491e-06
 8970.000000 -3.040814e-05 -3.242478e-07 -2.144427e-07 -3.166581e-07 -7.878912e-06 -5.769132e-04 -5.345084e-05 -3.339974e-06
 8970.200000 -3.045749e-05 -3.214167e-07 -2.121906e-07 -3.172908e-07 -3.573198e-06 -5.759304e-04 -4.528530e-05 2.250400e-06
 8970.400000 -3.045424e-05 -3.202971e-07 -2.112850e-07 -3.175785e-07 -2.061780e-06 -5.865437e-04 -3.835733e-05 -3.629109e-06
 8970.600000 -3.052992e-05 -3.185637e-07 -2.099302e-07 -3.181979e-07 -1.339488e-06 -5.929339e-04 -3.516869e-05 -1.496779e-06
 8970.800000 -3.053677e-05 -3.179010e-07 -2.092708e-07 -3.184303e-07 2.353594e-06 -5.932039e-04 -3.928809e-05 -2.004229e-07
 8971.000000 -3.054649e-05 -3.179001e-07 -2.095006e-07 -3.188594e-07 9.148756e-06 -6.053003e-04 -3.503233e-05 6.868751e-06
 8971.200000 -3.052559e-05 -3.182097e-07 -2.096032e-07 -3.187273e-07 -5.333892e-06 -5.969787e-04 -3.282031e-05 4.840974e-06
 8971.400000 -3.050003e-05 -3.192257e-07 -2.097640e-07 -3.186201e-07 -1.446562e-05 -5.890270e-04 -4.440127e-05 -1.929865e-05
 8971.600000 -3.043136e-05 -3.213721e-07 -2.108786e-07 -3.179374e-07 2.536386e-07 -5.828736e-04 -5.034912e-05 -1.238070e-05
 8971.800000 -3.047740e-05 -3.194331e-07 -2.092031e-07 -3.187297e-07 4.172930e-06 -5.752471e-04 -4.449041e-05 -9.315164e-06
 8972.000000 -3.046446e-05 -3.197943e-07 -2.091386e-07 -3.186905e-07 -1.664515e-06 -5.912196e-04 -5.305138e-05 -1.910268e-05
 8972.200000 -3.043375e-05 -3.188355e-07 -2.082859e-07 -3.187019e-07 -4.437523e-06 -5.921300e-04 -4.818413e-05 -1.079677e-05
 8972.400000 -3.044644e-05 -3.196450e-07 -2.089617e-07 -3.187564e-07 -3.888943e-06 -5.995169e-04 -4.519358e-05 -7.847941e-06
 8972.600000 -3.048832e-05 -3.194418e-07 -2.084549e-07 -3.194270e-07 -1.223133e-05 -5.982272e-04 -4.357825e-05 -8.867311e-06
 8972.800000 -3.051844e-05 -3.174374e-07 -2.067840e-07 -3.203497e-07 -1.196523e-05 -5.811260e-04 -5.293194e-05 -1.097159e-05
 8973.000000 -3.046541e-05 -3.194488e-07 -2.076799e-07 -3.199500e-07 -7.044981e-06 -5.977066e-04 -4.952074e-05 -6.103878e-06
 8973.200000 -3.042619e-05 -3.201165e-07 -2.075673e-07 -3.199307e-07 1.045438e-05 -6.107670e-04 -4.172547e-05 -3.514693e-06
 8973.400000 -3.039562e-05 -3.210067e-07 -2.078316e-07 -3.195515e-07 3.989880e-06 -5.868643e-04 -4.455911e-05 -8.190451e-06
 8973.600000 -3.039886e-05 -3.206275e-07 -2.073059e-07 -3.195936e-07 2.256234e-06 -5.809658e-04 -5.500517e-05 -1.201218e-05
 8973.800000 -3.035943e-05 -3.217910e-07 -2.078574e-07 -3.192982e-07 8.808094e-06 -5.774570e-04 -4.475495e-05 -1.178522e-05
 8974.000000 -3.039466e-05 -3.208984e-07 -2.066862e-07 -3.199972e-07 8.117221e-06 -5.831832e-04 -3.405840e-05 3.724554e-06
 8974.200000 -3.045035e-05 -3.177485e-07 -2.040200e-07 -3.209337e-07 8.783892e-07 -6.032764e-04 -4.659198e-05 -2.129647e-07
 8974.400000 -3.044486e-05 -3.191242e-07 -2.043470e-07 -3.209667e-07 -1.368852e-06 -5.795328e-04 -4.078059e-05 -8.322432e-06
 8974.600000 -3.046373e-05 -3.168915e-07 -2.021733e-07 -3.214691e-07 -2.724054e-06 -5.878833e-04 -3.517681e-05 -5.334178e-06
 8974.800000 -3.043112e-05 -3.196678e-07 -2.032155e-07 -3.211615e-07 -4.933840e-06 -5.834791e-04 -3.344962e-05 -4.994956e-06
 8975.000000 -3.038500e-05 -3.193040e-07 -2.024816e-07 -3.210641e-07 -9.191036e-06 -5.923315e-04 -3.354554e-05 -1.043845e-07
 8975.200000 -3.037865e-05 -3.201425e-07 -2.020973e-07 -3.213399e-07 -1.034484e-05 -6.084645e-04 -3.782034e-05 4.865765e-06
 8975.400000 -3.038903e-05 -3.194955e-07 -2.007053e-07 -3.220094e-07 -5.319972e-06 -5.955368e-04 -4.382532e-05 -5.936297e-07
 8975.600000 -3.033401e-05 -3.213524e-07 -2.007687e-07 -3.216390e-07 -1.946979e-06 -5.803784e-04 -3.672647e-05 -7.771314e-06
 8975.800000 -3.030545e-05 -3.226145e-07 -2.003544e-07 -3.219115e-07 -5.158630e-06 -5.966830e-04 -3.635307e-05 -7.553059e-06
 8976.000000 -3.033513e-05 -3.194999e-07 -1.967391e-07 -3.227510e-07 2.663011e-06 -6.000097e-04 -2.710213e-05 1.464521e-05
 8976.200000 -3.039049e-05 -3.176645e-07 -1.938692e-07 -3.242780e-07 -2.741581e-06 -5.907863e-04 -4.356472e-05 1.409580e-06
 8976.400000 -3.038782e-05 -3.173554e-07 -1.916580e-07 -3.248589e-07 -9.239369e-06 -5.896056e-04 -5.394203e-05 -1.030240e-05
 8976.600000 -3.030188e-05 -3.195106e-07 -1.905729e-07 -3.245751e-07 -1.642034e-05 -5.901421e-04 -3.759797e-05 -5.869646e-06
 8976.800000 -3.026303e-05 -3.222147e-07 -1.893776e-07 -3.252963e-07 -2.195402e-05 -5.798032e-04 -3.989581e-05 9.803413e-07
 8977.000000 -3.021667e-05 -3.206853e-07 -1.849051e-07 -3.257301e-07 -1.720837e-05 -5.522946e-04 -3.601961e-05 1.190821e-05
 8977.200000 -3.026906e-05 -3.187313e-07 -1.796401e-07 -3.276418e-07 -1.617810e-05 -5.690859e-04 -5.104628e-05 8.094583e-06
 8977.400000 -3.021082e-05 -3.231110e-07 -1.772374e-07 -3.277609e-07 -1.988426e-05 -5.703714e-04 -5.139651e-05 -3.992006e-06
 8977.600000 -3.020560e-05 -3.205521e-07 -1.699815e-07 -3.291480e-07 -1.758862e-05 -5.714462e-04 -4.533755e-05 1.372218e-06
 8977.800000 -3.022945e-05 -3.195414e-07 -1.626169e-07 -3.310558e-07 -1.043089e-05 -5.726389e-04 -5.406350e-05 2.499165e-06
 8978.000000 -3.026601e-05 -3.190435e-07 -1.543872e-07 -3.334367e-07 2.806987e-07 -5.847101e-04 -5.887244e-05 -1.856454e-06
 8978.200000 -3.026078e-05 -3.173345e-07 -1.456128e-07 -3.359085e-07 -4.844023e-06 -5.741040e-04 -4.033505e-05 8.948801e-06
 8978.400000 -3.021418e-05 -3.172231e-07 -1.375279e-07 -3.379948e-07 -4.874053e-06 -5.592434e-04 -3.292260e-05 6.987557e-06
 8978.600000 -3.010574e-05 -3.209364e-07 -1.321010e-07 -3.395722e-07 -3.823986e-06 -5.632314e-04 -5.275575e-05 2.041784e-06
 8978.800000 -3.012195e-05 -3.177265e-07 -1.229798e-07 -3.441647e-07 -8.731250e-06 -5.660913e-04 -5.441588e-05 4.390517e-07
 8979.000000 -3.015151e-05 -3.173089e-07 -1.160659e-07 -3.498746e-07 -2.705319e-06 -5.709830e-04 -5.883684e-05 7.039112e-06
 8979.200000 -3.016784e-05 -3.151080e-07 -1.091357e-07 -3.566740e-07 -6.925203e-06 -5.590552e-04 -6.260522e-05 9.596332e-07
 8979.400000 -3.015449e-05 -3.162859e-07 -1.043323e-07 -3.643481e-07 -5.987880e-06 -5.516702e-04 -5.330962e-05 5.845020e-06
 8979.600000 -3.011166e-05 -3.122060e-07 -9.854794e-08 -3.736481e-07 6.359979e-07 -5.768233e-04 -4.821160e-05 -1.166853e-06
 8979.800000 -3.007931e-05 -3.131927e-07 -9.533402e-08 -3.845904e-07 -2.883194e-06 -5.857301e-04 -5.874098e-05 1.075526e-05
 8980.000000 -3.013209e-05 -3.098801e-07 -9.151893e-08 -3.984341e-07 -5.562299e-06 -5.686150e-04 -5.004452e-05 1.394244e-05
 8980.200000 -3.014955e-05 -3.056492e-07 -8.825505e-08 -4.133325e-07 4.550669e-08 -5.427828e-04 -4.492524e-05 1.769611e-05
 8980.400000 -3.013397e-05 -3.056122e-07 -8.729324e-08 -4.276349e-07 6.233214e-06 -5.540607e-04 -5.385605e-05 9.393793e-07
 8980.600000 -3.003459e-05 -3.067909e-07 -8.726780e-08 -4.397246e-07 2.650926e-06 -5.605731e-04 -6.094580e-05 -5.730207e-06
 8980.800000 -3.001202e-05 -3.067216e-07 -8.716619e-08 -4.516017e-07 4.432539e-06 -5.594656e-04 -7.420214e-05 -4.022639e-06
 8981.000000 -3.002514e-05 -3.028781e-07 -8.610989e-08 -4.610700e-07 -4.096033e-06 -5.506754e-04 -5.383721e-05 5.816648e-06
 8981.200000 -3.003472e-05 -3.015649e-07 -8.580596e-08 -4.670070e-07 1.945257e-06 -5.448253e-04 -4.253963e-05 1.225078e-05
 8981.400000 -3.006236e-05 -3.006328e-07 -8.582721e-08 -4.681512e-07 -2.931335e-06 -5.255868e-04 -5.238368e-05 1.163469e-05
 8981.600000 -3.003059e-05 -3.004661e-07 -8.626422e-08 -4.645226e-07 -2.167433e-06 -5.362697e-04 -6.086601e-05 5.657477e-06
 8981.800000 -2.995786e-05 -3.049419e-07 -8.838579e-08 -4.557744e-07 -8.465329e-06 -5.366161e-04 -6.713403e-05 5.212178e-06
 8982.000000 -2.987518e-05 -3.060290e-07 -8.908043e-08 -4.453725e-07 -4.366876e-06 -5.305058e-04 -6.806155e-05 1.238993e-06
 8982.200000 -2.989497e-05 -3.072459e-07 -8.985005e-08 -4.368469e-07 -1.337377e-05 -5.458020e-04 -6.290070e-05 9.599064e-06
 8982.400000 -2.998429e-05 -3.050090e-07 -8.935718e-08 -4.297734e-07 -1.114496e-05 -5.638239e-04 -5.146989e-05 2.743510e-06
 8982.600000 -2.997299e-05 -3.061613e-07 -8.961149e-08 -4.220163e-07 6.488879e-06 -5.764131e-04 -5.467017e-05 5.763420e-07
 8982.800000 -2.985747e-05 -3.094308e-07 -9.024255e-08 -4.138210e-07 8.368436e-06 -5.793598e-04 -6.469809e-05 1.423403e-05
 8983.000000 -2.980163e-05 -3.112238e-07 -9.044858e-08 -4.080006e-07 1.256220e-06 -5.732378e-04 -5.714760e-05 1.044779e-05
 8983.200000 -2.983705e-05 -3.115911e-07 -8.993816e-08 -4.054931e-07 2.998380e-06 -5.584438e-04 -3.854655e-05 1.224632e-05
 8983.400000 -2.987114e-05 -3.077638e-07 -8.799976e-08 -4.047633e-07 4.218308e-06 -5.383778e-04 -4.510041e-05 1.774001e-05
 8983.600000 -2.989548e-05 -3.096417e-07 -8.741211e-08 -4.049131e-07 1.018510e-06 -5.374447e-04 -5.122408e-05 1.006220e-05
 8983.800000 -2.986313e-05 -3.110836e-07 -8.675097e-08 -4.053453e-07 1.435790e-06 -5.414327e-04 -5.280332e-05 3.714729e-06
 8984.000000 -2.975361e-05 -3.146179e-07 -8.668193e-08 -4.050759e-07 8.039480e-06 -5.594911e-04 -4.900758e-05 8.305765e-06
 8984.200000 -2.972666e-05 -3.118634e-07 -8.457282e-08 -4.071299e-07 1.736377e-06 -5.482826e-04 -5.972507e-05 7.279637e-06
 8984.400000 -2.984108e-05 -3.081970e-07 -8.240361e-08 -4.122293e-07 2.735758e-06 -5.468323e-04 -5.517619e-05 1.223345e-05
 8984.600000 -2.989987e-05 -3.089596e-07 -8.140804e-08 -4.163498e-07 1.609289e-06 -5.565878e-04 -4.466955e-05 2.279606e-05
 8984.800000 -2.992271e-05 -3.054194e-07 -7.936072e-08 -4.198993e-07 -1.643850e-06 -5.511606e-04 -4.446037e-05 2.414861e-05
 8985.000000 -2.995713e-05 -3.034045e-07 -7.752572e-08 -4.235840e-07 -1.597517e-05 -5.822535e-04 -5.239811e-05 6.545510e-06
 8985.200000 -2.996204e-05 -3.025271e-07 -7.615892e-08 -4.264564e-07 -1.339666e-05 -5.794706e-04 -5.319444e-05 8.461043e-06
 8985.400000 -2.994417e-05 -3.027780e-07 -7.503462e-08 -4.286486e-07 -2.479255e-05 -5.893300e-04 -6.200605e-05 1.409774e-06
 8985.600000 -2.989714e-05 -3.043651e-07 -7.426982e-08 -4.296793e-07 -2.612127e-05 -5.757879e-04 -5.097559e-05 7.003656e-06
 8985.800000 -2.981473e-05 -3.073229e-07 -7.442180e-08 -4.297275e-07 -2.019843e-05 -5.868154e-04 -4.603394e-05 1.247728e-05
 8986.000000 -2.980471e-05 -3.054930e-07 -7.289891e-08 -4.317288e-07 -1.939244e-05 -5.829129e-04 -4.497331e-05 1.278882e-06
 8986.200000 -2.986802e-05 -3.040806e-07 -7.141089e-08 -4.353913e-07 -1.505742e-05 -5.691250e-04 -4.648079e-05 6.155219e-06
 8986.400000 -2.986735e-05 -3.030188e-07 -6.977588e-08 -4.378657e-07 -2.049821e-05 -5.932310e-04 -4.595982e-05 7.835662e-06
 8986.600000 -2.987359e-05 -3.021187e-07 -6.821254e-08 -4.406572e-07 -2.119918e-05 -5.764443e-04 -4.023868e-05 6.453338e-06
 8986.800000 -2.987015e-05 -3.012060e-07 -6.651047e-08 -4.438377e-07 -1.956308e-05 -5.766097e-04 -4.238425e-05 4.980069e-06
 8987.000000 -2.983235e-05 -3.008220e-07 -6.526290e-08 -4.463413e-07 -1.555604e-05 -5.801193e-04 -4.614221e-05 -3.528254e-07
 8987.200000 -2.986067e-05 -3.022450e-07 -6.418166e-08 -4.502991e-07 -2.114594e-05 -5.780965e-04 -5.028593e-05 -4.631979e-06
 8987.400000 -2.980125e-05 -3.005418e-07 -6.253320e-08 -4.529088e-07 -1.602566e-05 -5.853139e-04 -5.194783e-05 -8.414029e-07
 8987.600000 -2.979373e-05 -3.022773e-07 -6.152949e-08 -4.572858e-07 -1.715283e-05 -5.822918e-04 -4.386193e-05 5.040848e-06
 8987.800000 -2.978933e-05 -3.012263e-07 -5.973593e-08 -4.621926e-07 -1.067231e-05 -5.874351e-04 -4.696314e-05 9.401070e-06
 8988.000000 -2.982119e-05 -2.987195e-07 -5.742274e-08 -4.684435e-07 -1.089932e-05 -5.828412e-04 -4.815356e-05 1.152987e-05
 8988.200000 -2.983654e-05 -2.978982e-07 -5.536020e-08 -4.740450e-07 -6.065017e-06 -5.635003e-04 -4.464213e-05 9.875942e-06
 8988.400000 -2.982038e-05 -2.962043e-07 -5.356199e-08 -4.790940e-07 -2.937930e-06 -5.785038e-04 -3.894926e-05 2.362825e-05
 8988.600000 -2.980347e-05 -2.981734e-07 -5.237156e-08 -4.836067e-07 -6.496964e-06 -5.786381e-04 -4.073183e-05 1.089488e-05
 8988.800000 -2.973643e-05 -2.991998e-07 -5.120056e-08 -4.872280e-07 -1.308666e-05 -5.704896e-04 -4.179066e-05 1.249546e-05
 8989.000000 -2.968066e-05 -2.992374e-07 -4.987304e-08 -4.912941e-07 -1.394252e-05 -5.766568e-04 -4.659065e-05 1.700739e-05
 8989.200000 -2.966895e-05 -3.012158e-07 -4.863993e-08 -4.962277e-07 -1.421612e-05 -5.557993e-04 -3.828407e-05 2.180974e-05
 8989.400000 -2.967875e-05 -2.989208e-07 -4.662674e-08 -5.019286e-07 -1.480184e-05 -5.828321e-04 -3.928608e-05 8.420459e-06
 8989.600000 -2.969628e-05 -2.994065e-07 -4.507425e-08 -5.072263e-07 -1.144476e-05 -5.735005e-04 -3.734153e-05 -2.813521e-07
 8989.800000 -2.969381e-05 -2.993627e-07 -4.366012e-08 -5.122946e-07 -1.147801e-05 -5.580249e-04 -3.489102e-05 6.362943e-06
 8990.000000 -2.968159e-05 -2.993604e-07 -4.251353e-08 -5.169516e-07 -1.007393e-05 -5.838792e-04 -4.913001e-05 6.850719e-06
 8990.200000 -2.965534e-05 -2.992126e-07 -4.126324e-08 -5.210866e-07 -2.121202e-05 -6.117651e-04 -5.966294e-05 3.290918e-06
 8990.400000 -2.967019e-05 -2.961474e-07 -3.956292e-08 -5.260497e-07 -8.816614e-06 -5.981511e-04 -4.818400e-05 4.022216e-06
 8990.600000 -2.963136e-05 -2.997428e-07 -3.892284e-08 -5.290434e-07 -6.307694e-06 -5.631521e-04 -4.072421e-05 1.301447e-05
 8990.800000 -2.965157e-05 -2.950358e-07 -3.702078e-08 -5.335211e-07 -2.108674e-05 -5.497762e-04 -4.281168e-05 5.199499e-06
 8991.000000 -2.970397e-05 -2.945362e-07 -3.608661e-08 -5.383395e-07 -1.294142e-05 -5.451375e-04 -4.240856e-05 1.251889e-05
 8991.200000 -2.971056e-05 -2.914810e-07 -3.472003e-08 -5.409370e-07 2.658708e-07 -5.488634e-04 -4.195526e-05 1.442346e-05
 8991.400000 -2.970958e-05 -2.914712e-07 -3.392128e-08 -5.426104e-07 -5.004636e-06 -5.303217e-04 -3.195854e-05 1.364306e-05
 8991.600000 -2.969762e-05 -2.917934e-07 -3.322337e-08 -5.433373e-07 -1.454997e-05 -5.407573e-04 -3.495339e-05 1.128876e-05
 8991.800000 -2.964506e-05 -2.926640e-07 -3.274909e-08 -5.427318e-07 -1.613088e-05 -5.565018e-04 -3.157300e-05 6.638280e-06
 8992.000000 -2.964874e-05 -2.934076e-07 -3.236326e-08 -5.429127e-07 -1.679392e-05 -5.656820e-04 -2.815147e-05 1.240994e-05
 8992.200000 -2.965488e-05 -2.924940e-07 -3.168532e-08 -5.434251e-07 -1.849981e-05 -5.748170e-04 -3.373401e-05 1.147695e-05
 8992.400000 -2.965111e-05 -2.930374e-07 -3.148021e-08 -5.430169e-07 -1.940038e-05 -5.573377e-04 -2.676966e-05 -2.156299e-06
 8992.600000 -2.963262e-05 -2.922537e-07 -3.127793e-08 -5.416962e-07 -1.674630e-05 -5.652354e-04 -4.019672e-05 -1.707571e-06
 8992.800000 -2.963020e-05 -2.919644e-07 -3.090749e-08 -5.412076e-07 -2.221241e-05 -5.818386e-04 -3.801869e-05 -2.792094e-06
 8993.000000 -2.963030e-05 -2.928283e-07 -3.073285e-08 -5.410337e-07 -1.962797e-05 -5.769713e-04 -4.894834e-05 -1.301335e-05
 8993.200000 -2.958988e-05 -2.924834e-07 -3.054915e-08 -5.397308e-07 -2.140296e-05 -5.676332e-04 -3.503227e-05 -8.624765e-06
 8993.400000 -2.952721e-05 -2.954936e-07 -3.092277e-08 -5.375921e-07 -1.719741e-05 -5.764740e-04 -2.891426e-05 1.663489e-06
 8993.600000 -2.942517e-05 -2.995600e-07 -3.151679e-08 -5.349045e-07 -1.181645e-05 -5.667885e-04 -3.087129e-05 -2.024431e-06
 8993.800000 -2.949076e-05 -2.951023e-07 -3.136342e-08 -5.371222e-07 -7.404606e-06 -5.599044e-04 -3.235920e-05 8.154051e-06
 8994.000000 -2.955994e-05 -2.944021e-07 -3.178692e-08 -5.400227e-07 -2.148148e-05 -5.672091e-04 -4.152815e-05 4.646678e-06
 8994.200000 -2.954154e-05 -2.938999e-07 -3.182477e-08 -5.411265e-07 -1.141614e-05 -5.801714e-04 -3.082681e-05 1.572741e-05
 8994.400000 -2.951265e-05 -2.943416e-07 -3.202810e-08 -5.422570e-07 -5.638898e-06 -6.000610e-04 -2.230435e-05 1.734521e-05
 8994.600000 -2.951288e-05 -2.936061e-07 -3.224367e-08 -5.452011e-07 -1.354110e-05 -5.933165e-04 -2.382782e-05 1.474904e-05
 8994.800000 -2.953613e-05 -2.941410e-07 -3.255496e-08 -5.485774e-07 -1.858948e-05 -5.945226e-04 -3.877023e-05 4.694582e-06
 8995.000000 -2.953483e-05 -2.927410e-07 -3.277256e-08 -5.521771e-07 -1.702586e-05 -5.678537e-04 -3.226638e-05 9.618802e-06
 8995.200000 -2.950537e-05 -2.935822e-07 -3.341245e-08 -5.549055e-07 -1.842330e-05 -5.473703e-04 -3.642234e-05 9.587922e-06
 8995.400000 -2.947849e-05 -2.943009e-07 -3.390946e-08 -5.573891e-07 -2.046220e-05 -5.786074e-04 -1.755170e-05 2.419198e-05
 8995.600000 -2.948242e-05 -2.960661e-07 -3.466001e-08 -5.609730e-07 -2.687434e-05 -5.713249e-04 -2.247578e-05 1.214188e-05
 8995.800000 -2.954735e-05 -2.913314e-07 -3.464141e-08 -5.665642e-07 -2.149461e-05 -5.730837e-04 -3.477363e-05 1.460667e-05
 8996.000000 -2.953682e-05 -2.916841e-07 -3.484879e-08 -5.699646e-07 -1.100400e-05 -5.706852e-04 -4.982155e-05 1.276092e-05
 8996.200000 -2.953395e-05 -2.897123e-07 -3.466875e-08 -5.725826e-07 -1.074736e-05 -5.662555e-04 -2.895457e-05 2.100053e-05
 8996.400000 -2.953323e-05 -2.897758e-07 -3.508666e-08 -5.752700e-07 -2.114613e-05 -5.655291e-04 -4.441669e-05 2.031817e-05
 8996.600000 -2.953247e-05 -2.905796e-07 -3.554656e-08 -5.770159e-07 -2.018892e-05 -5.862311e-04 -3.732166e-05 2.930706e-05
 8996.800000 -2.952091e-05 -2.897625e-07 -3.570822e-08 -5.782832e-07 -1.688172e-05 -5.930993e-04 -3.696347e-05 2.868463e-05
 8997.000000 -2.949660e-05 -2.900864e-07 -3.583761e-08 -5.783241e-07 -1.886828e-05 -5.937122e-04 -3.166190e-05 2.288041e-05
 8997.200000 -2.950065e-05 -2.886553e-07 -3.583366e-08 -5.789946e-07 -1.887609e-05 -5.889582e-04 -3.557497e-05 1.390969e-05
 8997.400000 -2.951282e-05 -2.883010e-07 -3.585695e-08 -5.795061e-07 -1.137681e-05 -5.835443e-04 -3.755833e-05 1.309531e-05
 8997.600000 -2.949144e-05 -2.894548e-07 -3.599214e-08 -5.777367e-07 -1.437533e-05 -5.965280e-04 -4.135405e-05 -1.184563e-06
 8997.800000 -2.942294e-05 -2.929174e-07 -3.661183e-08 -5.738037e-07 -7.006279e-06 -5.898644e-04 -3.388149e-05 8.914348e-06
 8998.000000 -2.929561e-05 -2.979350e-07 -3.729409e-08 -5.683099e-07 -1.480294e-05 -5.902169e-04 -2.493901e-05 1.462127e-05
 8998.200000 -2.920446e-05 -2.990586e-07 -3.748766e-08 -5.628051e-07 -1.558947e-05 -5.939129e-04 -3.762997e-05 2.472213e-05
 8998.400000 -2.928108e-05 -2.966550e-07 -3.694838e-08 -5.619125e-07 -1.201216e-05 -5.679156e-04 -5.120021e-05 7.728968e-06
 8998.600000 -2.941998e-05 -2.930780e-07 -3.625634e-08 -5.634514e-07 -6.107935e-06 -5.691762e-04 -4.389396e-05 1.205446e-05
 8998.800000 -2.947235e-05 -2.910446e-07 -3.575420e-08 -5.618383e-07 -1.069006e-05 -5.467086e-04 -3.974382e-05 5.263007e-06
 8999.000000 -2.945870e-05 -2.914567e-07 -3.537128e-08 -5.582309e-07 -1.100605e-05 -5.285690e-04 -4.026400e-05 1.138442e-05
 8999.200000 -2.939695e-05 -2.922451e-07 -3.528002e-08 -5.531016e-07 -1.856899e-05 -5.632922e-04 -4.468704e-05 1.957929e-05
 8999.400000 -2.929866e-05 -2.963743e-07 -3.552524e-08 -5.472015e-07 -2.095169e-05 -5.741810e-04 -4.386431e-05 1.201083e-05
 8999.600000 -2.936507e-05 -2.932708e-07 -3.473106e-08 -5.464225e-07 -1.529302e-05 -5.585432e-04 -5.195426e-05 3.124716e-06
 8999.800000 -2.939823e-05 -2.927928e-07 -3.397711e-08 -5.448995e-07 -1.275413e-05 -5.708335e-04 -4.847105e-05 1.090538e-05
 9000.000000 -2.937432e-05 -2.921404e-07 -3.341008e-08 -5.419727e-07 -1.791324e-05 -5.749854e-04 -4.185541e-05 6.541201e-06
 9000.200000 -2.935501e-05 -2.932505e-07 -3.312200e-08 -5.396155e-07 -1.161073e-05 -5.626835e-04 -4.315647e-05 6.310849e-06
 9000.400000 -2.936677e-05 -2.930545e-07 -3.269738e-08 -5.381186e-07 -7.731314e-06 -5.647280e-04 -3.989073e-05 1.236274e-05
 9000.600000 -2.935067e-05 -2.924219e-07 -3.225620e-08 -5.360813e-07 -2.481602e-06 -5.400343e-04 -3.784580e-05 1.624289e-06
 9000.800000 -2.932732e-05 -2.925212e-07 -3.176712e-08 -5.347219e-07 -4.880055e-06 -5.251746e-04 -2.622741e-05 6.708070e-06
 9001.000000 -2.923421e-05 -2.959645e-07 -3.186622e-08 -5.313205e-07 -1.282102e-06 -5.323311e-04 -3.541595e-05 1.311964e-06
 9001.200000 -2.918902e-05 -2.930864e-07 -3.108981e-08 -5.299999e-07 -1.617108e-05 -5.380120e-04 -4.099879e-05 2.838003e-06
 9001.400000 -2.911112e-05 -2.904572e-07 -3.028456e-08 -5.287810e-07 -1.709398e-05 -5.684385e-04 -4.678872e-05 7.823470e-06
 9001.600000 -2.890464e-05 -2.903040e-07 -2.990724e-08 -5.248595e-07 -2.201739e-05 -5.690418e-04 -4.874852e-05 1.272465e-05
 9001.800000 -2.874276e-05 -2.873792e-07 -2.955360e-08 -5.218431e-07 -2.580303e-05 -5.632377e-04 -4.934203e-05 1.614518e-05
 9002.000000 -2.869860e-05 -2.862269e-07 -2.939105e-08 -5.207909e-07 -2.095578e-05 -5.618333e-04 -4.024205e-05 5.136739e-06
 9002.200000 -2.873605e-05 -2.876438e-07 -2.960087e-08 -5.207885e-07 -2.091613e-05 -5.633548e-04 -4.084329e-05 -1.024796e-05
 9002.400000 -2.886249e-05 -2.887378e-07 -2.961900e-08 -5.227091e-07 -2.985194e-06 -5.425654e-04 -3.091586e-05 -1.411714e-05
 9002.600000 -2.900623e-05 -2.884249e-07 -2.962136e-08 -5.252355e-07 -6.465010e-06 -5.418438e-04 -2.842273e-05 -1.509725e-05
 9002.800000 -2.913862e-05 -2.901194e-07 -2.984432e-08 -5.269468e-07 -1.528559e-05 -5.429308e-04 -2.622743e-05 -1.065030e-05
 9003.000000 -2.922658e-05 -2.936591e-07 -3.007166e-08 -5.274945e-07 -1.574965e-05 -5.266641e-04 -3.403632e-05 -1.547544e-05
 9003.200000 -2.930001e-05 -2.944033e-07 -3.066154e-08 -5.283621e-07 -2.486931e-05 -5.381974e-04 -4.042012e-05 -1.029477e-05
 9003.400000 -2.932481e-05 -2.933275e-07 -3.095099e-08 -5.283884e-07 -2.785309e-05 -5.577588e-04 -5.425996e-05 -3.756688e-06
 9003.600000 -2.935100e-05 -2.921784e-07 -3.125500e-08 -5.286985e-07 -2.080566e-05 -5.527479e-04 -5.674341e-05 5.559794e-06
 9003.800000 -2.934913e-05 -2.939013e-07 -3.184574e-08 -5.281621e-07 -1.278872e-05 -5.532211e-04 -4.737204e-05 1.692360e-05
 9004.000000 -2.935568e-05 -2.924108e-07 -3.204726e-08 -5.282332e-07 -8.538385e-06 -5.236524e-04 -4.993393e-05 6.123653e-06
 9004.200000 -2.936559e-05 -2.921165e-07 -3.225185e-08 -5.283010e-07 -8.175673e-06 -5.164993e-04 -5.305681e-05 2.301782e-06
 9004.400000 -2.937392e-05 -2.921080e-07 -3.240312e-08 -5.282860e-07 -2.300328e-05 -5.398568e-04 -4.923909e-05 2.833307e-06
 9004.600000 -2.933529e-05 -2.929481e-07 -3.294810e-08 -5.268377e-07 -1.934920e-05 -5.804951e-04 -3.415422e-05 1.107679e-05
 9004.800000 -2.932599e-05 -2.928491e-07 -3.322567e-08 -5.262899e-07 -7.215616e-06 -5.793783e-04 -3.909182e-05 -5.554829e-06
 9005.000000 -2.928544e-05 -2.922191e-07 -3.337322e-08 -5.247559e-07 -1.025132e-05 -5.734345e-04 -4.052081e-05 -6.070071e-08
 9005.200000 -2.929451e-05 -2.924917e-07 -3.380110e-08 -5.246378e-07 -1.777523e-05 -5.610284e-04 -3.744443e-05 -1.571281e-07
 9005.400000 -2.926278e-05 -2.937642e-07 -3.450236e-08 -5.233890e-07 -2.117318e-05 -5.675858e-04 -3.631471e-05 -5.755499e-06
 9005.600000 -2.923908e-05 -2.937748e-07 -3.477195e-08 -5.227304e-07 -1.768835e-05 -5.857450e-04 -4.297939e-05 -2.152640e-06
 9005.800000 -2.918756e-05 -2.968117e-07 -3.542403e-08 -5.214332e-07 -2.002282e-05 -5.974507e-04 -4.958241e-05 -1.632617e-06
 9006.000000 -2.927346e-05 -2.910589e-07 -3.489646e-08 -5.234358e-07 -2.478990e-05 -5.811489e-04 -4.635053e-05 4.860405e-06
 9006.200000 -2.930228e-05 -2.906280e-07 -3.501455e-08 -5.238370e-07 -1.447872e-05 -5.801935e-04 -5.133558e-05 2.506489e-06
 9006.400000 -2.930893e-05 -2.903745e-07 -3.528420e-08 -5.233546e-07 -1.829803e-05 -5.731629e-04 -4.592648e-05 -3.979610e-06
 9006.600000 -2.927926e-05 -2.900035e-07 -3.545128e-08 -5.220050e-07 -1.702610e-05 -5.772866e-04 -4.795005e-05 4.699459e-06
 9006.800000 -2.923810e-05 -2.912768e-07 -3.572376e-08 -5.209161e-07 -2.246915e-05 -5.870037e-04 -5.679587e-05 -6.917323e-06
 9007.000000 -2.926232e-05 -2.904718e-07 -3.583862e-08 -5.215461e-07 -2.321159e-05 -5.556723e-04 -4.408372e-05 8.374701e-06
 9007.200000 -2.925478e-05 -2.931811e-07 -3.670539e-08 -5.208993e-07 -2.243407e-05 -5.339883e-04 -4.907844e-05 2.382955e-06
 9007.400000 -2.917717e-05 -2.949704e-07 -3.720243e-08 -5.184472e-07 -2.044709e-05 -5.515408e-04 -4.946376e-05 -7.022499e-06
 9007.600000 -2.923386e-05 -2.925784e-07 -3.732419e-08 -5.196566e-07 -1.468323e-05 -5.495712e-04 -4.945356e-05 -4.272278e-06
 9007.800000 -2.924562e-05 -2.920696e-07 -3.755196e-08 -5.196077e-07 -1.087990e-05 -5.445241e-04 -4.382737e-05 2.350573e-06
 9008.000000 -2.924200e-05 -2.917392e-07 -3.763528e-08 -5.190982e-07 -1.299419e-05 -5.398949e-04 -4.426518e-05 -7.657312e-06
 9008.200000 -2.925013e-05 -2.926358e-07 -3.766415e-08 -5.194085e-07 -1.705358e-05 -5.552096e-04 -4.008844e-05 -7.498796e-06
 9008.400000 -2.924254e-05 -2.915508e-07 -3.771498e-08 -5.189418e-07 -1.866761e-05 -5.722524e-04 -3.640252e-05 -9.559711e-06
 9008.600000 -2.920282e-05 -2.922757e-07 -3.820463e-08 -5.175361e-07 -8.043240e-06 -5.875896e-04 -4.572492e-05 -1.430943e-05
 9008.800000 -2.922482e-05 -2.917722e-07 -3.827401e-08 -5.181981e-07 2.777443e-06 -5.933507e-04 -5.187395e-05 -1.142741e-05
 9009.000000 -2.921230e-05 -2.913094e-07 -3.841536e-08 -5.174136e-07 3.119319e-06 -5.801229e-04 -6.319738e-05 -7.514958e-06
 9009.227860 -2.921006e-05 -2.921990e-07 -3.885714e-08 -5.170291e-07 -4.493240e-06 -5.727244e-04 -4.710573e-05 -1.333443e-05
 9009.483581 -2.921281e-05 -2.909540e-07 -3.872332e-08 -5.170867e-07 -6.019742e-06 -5.587901e-04 -5.481210e-05 -2.119728e-05
 9009.767162 -2.920622e-05 -2.908439e-07 -3.879401e-08 -5.170006e-07 -2.808614e-06 -5.710164e-04 -4.491220e-05 -1.970459e-05
 9010.078604 -2.920563e-05 -2.910658e-07 -3.905939e-08 -5.171616e-07 -1.275158e-06 -5.839641e-04 -5.963727e-05 -1.714593e-05
 9010.417905 -2.917187e-05 -2.893564e-07 -3.910212e-08 -5.165779e-07 -1.689060e-06 -5.691007e-04 -5.108197e-05 -1.046525e-05
 9010.785067 -2.909136e-05 -2.890589e-07 -3.920401e-08 -5.157742e-07 -7.678730e-06 -5.684678e-04 -5.646006e-05 -7.233500e-06
 9011.180090 -2.896871e-05 -2.889005e-07 -3.900953e-08 -5.145965e-07 -1.900884e-05 -5.759968e-04 -6.424654e-05 -1.330678e-05
 9011.602973 -2.886878e-05 -2.899222e-07 -3.919402e-08 -5.138592e-07 -1.510327e-05 -5.878396e-04 -5.344797e-05 -5.019017e-06
 9012.053716 -2.888862e-05 -2.890958e-07 -3.906926e-08 -5.163592e-07 -1.418309e-05 -6.113664e-04 -5.329282e-05 -3.229651e-06
 9012.532319 -2.882694e-05 -2.944631e-07 -3.944949e-08 -5.171937e-07 -1.505190e-05 -5.801065e-04 -4.761093e-05 -9.817353e-06
 9013.038783 -2.876048e-05 -2.976636e-07 -3.976435e-08 -5.191098e-07 -1.919366e-05 -5.741960e-04 -4.559456e-05 -8.999633e-06
 9013.573107 -2.881806e-05 -2.965756e-07 -3.932099e-08 -5.250339e-07 -2.267909e-05 -5.919228e-04 -4.476790e-05 -4.936322e-06
 9014.135292 -2.907933e-05 -2.919286e-07 -3.828821e-08 -5.363172e-07 -2.295927e-05 -5.826142e-04 -4.661225e-05 -7.784318e-06
 9014.725337 -2.922998e-05 -2.904194e-07 -3.772962e-08 -5.438190e-07 -3.265631e-05 -5.860102e-04 -4.292365e-05 -7.229289e-06
 9015.343242 -2.920283e-05 -2.919177e-07 -3.748628e-08 -5.458508e-07 -3.154424e-05 -5.936811e-04 -3.994414e-05 -2.653634e-06
 9015.989008 -2.922157e-05 -2.906869e-07 -3.687022e-08 -5.474175e-07 -1.628823e-05 -5.860885e-04 -4.082223e-05 -3.231863e-08
 9016.662634 -2.923703e-05 -2.890000e-07 -3.593379e-08 -5.474656e-07 -2.119570e-05 -5.908539e-04 -3.672317e-05 -4.783839e-06
 9017.364120 -2.921843e-05 -2.886219e-07 -3.518771e-08 -5.445101e-07 -1.595442e-05 -5.924670e-04 -3.997594e-05 -9.354265e-06
 9018.093467 -2.915233e-05 -2.901575e-07 -3.439158e-08 -5.389977e-07 -2.091749e-05 -5.784617e-04 -3.849230e-05 -1.378019e-05
 9018.850674 -2.912881e-05 -2.903530e-07 -3.383696e-08 -5.337688e-07 -2.368436e-05 -5.656491e-04 -4.630521e-05 -1.345498e-05
 9019.635741 -2.912042e-05 -2.900567e-07 -3.296233e-08 -5.290119e-07 -2.008930e-05 -5.676209e-04 -4.644029e-05 -1.476140e-05
 9020.448669 -2.905144e-05 -2.923540e-07 -3.275527e-08 -5.221374e-07 -5.083354e-06 -5.595836e-04 -4.016444e-05 -2.617893e-06
 9021.289457 -2.908363e-05 -2.899578e-07 -3.172517e-08 -5.186062e-07 -1.442107e-05 -5.607074e-04 -4.072164e-05 -7.657062e-06
 9022.158106 -2.907729e-05 -2.898622e-07 -3.074923e-08 -5.146871e-07 -1.589842e-05 -5.544524e-04 -3.341149e-05 -2.401547e-06
 9023.054614 -2.903416e-05 -2.906480e-07 -3.036754e-08 -5.109488e-07 -1.713618e-05 -5.589900e-04 -4.504353e-05 1.124528e-07
 9023.978983 -2.898789e-05 -2.904611e-07 -2.973476e-08 -5.082245e-07 -2.210244e-05 -5.518395e-04 -5.804308e-05 -1.259315e-05
 9024.931213 -2.905814e-05 -2.884163e-07 -2.938404e-08 -5.093595e-07 -2.046063e-05 -5.821837e-04 -4.917428e-05 -9.822325e-06
 9025.911303 -2.899824e-05 -2.896790e-07 -2.983681e-08 -5.082271e-07 -1.628181e-05 -5.978504e-04 -4.254829e-05 -5.266097e-06
 9026.919253 -2.900325e-05 -2.891151e-07 -3.052801e-08 -5.087597e-07 -1.411203e-05 -5.888196e-04 -4.011184e-05 -6.389230e-06
 9027.955064 -2.898607e-05 -2.894898e-07 -3.137297e-08 -5.095457e-07 -1.332560e-05 -5.864760e-04 -3.738153e-05 -7.089631e-06
 9029.018734 -2.887050e-05 -2.936860e-07 -3.287548e-08 -5.078283e-07 -8.903610e-06 -6.030023e-04 -3.370432e-05 7.723655e-06
 9030.110266 -2.891300e-05 -2.901745e-07 -3.359482e-08 -5.108051e-07 -1.449864e-05 -6.021126e-04 -3.081098e-05 8.169647e-06
 9031.232723 -2.892361e-05 -2.881304e-07 -3.410577e-08 -5.127768e-07 -1.435423e-05 -6.002698e-04 -3.045219e-05 1.401429e-05
 9032.367373 -2.888123e-05 -2.881596e-07 -3.523550e-08 -5.135352e-07 -1.438362e-05 -6.125164e-04 -3.526527e-05 -4.880488e-07
 9033.514214 -2.879772e-05 -2.894214e-07 -3.616497e-08 -5.136431e-07 -9.104473e-06 -6.100288e-04 -4.336244e-05 -6.232200e-06
 9034.673248 -2.881744e-05 -2.874254e-07 -3.600406e-08 -5.172563e-07 -1.105020e-05 -6.126365e-04 -4.725260e-05 -6.964397e-07
 9035.844473 -2.883927e-05 -2.857045e-07 -3.614125e-08 -5.210461e-07 -5.472204e-06 -6.160178e-04 -4.580987e-05 -4.802758e-06
 9037.027890 -2.881111e-05 -2.857688e-07 -3.615700e-08 -5.237220e-07 -1.773063e-05 -6.117585e-04 -5.066237e-05 -1.643149e-05
 9038.223499 -2.879251e-05 -2.847545e-07 -3.552891e-08 -5.270982e-07 -2.484903e-05 -6.111656e-04 -4.195593e-05 -7.307316e-06
 9039.431300 -2.875780e-05 -2.846542e-07 -3.525736e-08 -5.289109e-07 -1.827382e-05 -6.075260e-04 -4.116311e-05 -1.229565e-05
 9040.651293 -2.876827e-05 -2.837438e-07 -3.487983e-08 -5.315379e-07 -1.382446e-05 -6.090492e-04 -4.789146e-05 -7.643817e-06
 9041.883478 -2.872578e-05 -2.839091e-07 -3.467820e-08 -5.323387e-07 -1.029887e-05 -5.900665e-04 -5.297864e-05 -2.178671e-05
 9043.127855 -2.866711e-05 -2.851442e-07 -3.493398e-08 -5.317872e-07 -4.545300e-06 -5.688246e-04 -4.031488e-05 -1.220357e-05
 9044.384423 -2.860307e-05 -2.851480e-07 -3.509675e-08 -5.312877e-07 4.643410e-06 -5.757837e-04 -5.258819e-05 -1.264882e-05
 9045.653184 -2.859740e-05 -2.837296e-07 -3.485161e-08 -5.329166e-07 -7.395854e-06 -5.940335e-04 -3.683388e-05 -3.630127e-06
 9046.934136 -2.858831e-05 -2.828641e-07 -3.460828e-08 -5.341598e-07 -9.200794e-06 -5.906285e-04 -4.471328e-05 -2.349340e-06
 9048.227280 -2.851743e-05 -2.848501e-07 -3.459654e-08 -5.336921e-07 -2.237553e-06 -5.936272e-04 -5.329428e-05 -1.048483e-05
 9049.532617 -2.851033e-05 -2.830288e-07 -3.378094e-08 -5.353215e-07 5.050430e-06 -5.890534e-04 -5.558828e-05 -1.808805e-05
 9050.850145 -2.850995e-05 -2.820957e-07 -3.338291e-08 -5.374930e-07 5.824172e-06 -5.827545e-04 -5.385300e-05 -1.628364e-05
 9052.179865 -2.847621e-05 -2.819007e-07 -3.342105e-08 -5.374532e-07 -1.963553e-06 -6.066084e-04 -4.504209e-05 -1.576111e-05
 9053.521777 -2.841299e-05 -2.831131e-07 -3.357631e-08 -5.359608e-07 6.040008e-06 -6.112207e-04 -3.519884e-05 -8.136032e-06
 9054.875881 -2.843820e-05 -2.806909e-07 -3.293583e-08 -5.370888e-07 2.563743e-06 -5.777945e-04 -4.523855e-05 -1.160776e-05
 9056.242177 -2.842508e-05 -2.800987e-07 -3.235243e-08 -5.368901e-07 4.198899e-06 -5.625156e-04 -4.692345e-05 -1.695055e-05
 9057.620664 -2.842179e-05 -2.798097e-07 -3.196543e-08 -5.366474e-07 3.058128e-06 -5.640774e-04 -6.348330e-05 -1.669045e-05
 9059.011344 -2.826045e-05 -2.796359e-07 -3.166463e-08 -5.330429e-07 -5.484831e-06 -5.676681e-04 -5.630377e-05 -2.623284e-06
 9060.414215 -2.817629e-05 -2.786922e-07 -3.134485e-08 -5.312719e-07 -1.945975e-06 -5.514611e-04 -4.649352e-05 -3.236741e-06
 9061.829279 -2.830763e-05 -2.795755e-07 -3.095524e-08 -5.337681e-07 3.719687e-06 -5.668755e-04 -3.404305e-05 -9.043924e-06
 9063.256534 -2.830679e-05 -2.812118e-07 -3.084606e-08 -5.332511e-07 3.364311e-06 -5.701359e-04 -4.597772e-05 -1.244038e-05
 9064.695981 -2.827022e-05 -2.827279e-07 -3.085874e-08 -5.319867e-07 2.210633e-06 -5.719508e-04 -4.347863e-05 -1.488175e-05
 9066.147620 -2.830766e-05 -2.815919e-07 -3.049647e-08 -5.332752e-07 8.947633e-06 -5.640487e-04 -4.648542e-05 -4.981474e-06
 9067.611452 -2.831065e-05 -2.807239e-07 -2.979868e-08 -5.340040e-07 1.122944e-05 -5.692683e-04 -4.660686e-05 2.889504e-06
 9069.087475 -2.827558e-05 -2.816860e-07 -2.951502e-08 -5.335599e-07 4.692498e-06 -5.747698e-04 -4.045101e-05 5.643411e-06
 9070.575689 -2.822050e-05 -2.824736e-07 -2.911296e-08 -5.329235e-07 -3.574684e-06 -6.007146e-04 -4.890998e-05 9.130768e-06
 9072.076096 -2.825521e-05 -2.814898e-07 -2.880800e-08 -5.350996e-07 -6.967717e-06 -5.920346e-04 -4.588231e-05 6.971474e-06
 9073.588695 -2.823684e-05 -2.818545e-07 -2.916100e-08 -5.357882e-07 -6.935038e-06 -5.587219e-04 -3.992626e-05 8.322676e-06
 9075.113485 -2.819005e-05 -2.824830e-07 -2.995780e-08 -5.353035e-07 -1.941427e-05 -5.761889e-04 -5.118460e-05 7.219146e-06
 9076.650468 -2.815083e-05 -2.819970e-07 -3.052101e-08 -5.351347e-07 -1.159430e-05 -5.729443e-04 -5.133142e-05 1.262618e-05
 9078.199642 -2.815773e-05 -2.811304e-07 -3.114203e-08 -5.357223e-07 -1.032147e-05 -5.758090e-04 -4.497335e-05 9.882839e-06
 9079.761009 -2.813267e-05 -2.807106e-07 -3.173012e-08 -5.348755e-07 -6.240135e-06 -5.572069e-04 -4.359904e-05 1.182076e-05
 9081.334567 -2.807553e-05 -2.811138e-07 -3.263051e-08 -5.336839e-07 -2.432393e-06 -5.601854e-04 -4.209131e-05 2.596436e-05
 9082.920317 -2.800604e-05 -2.800247e-07 -3.333462e-08 -5.330093e-07 -1.620738e-06 -5.585552e-04 -3.332766e-05 1.463762e-05
 9084.518259 -2.798208e-05 -2.794822e-07 -3.402095e-08 -5.332090e-07 -1.801690e-06 -5.743137e-04 -3.648351e-05 1.071571e-05
 9086.128393 -2.796454e-05 -2.804941e-07 -3.466097e-08 -5.336768e-07 -1.076880e-05 -5.703557e-04 -4.364634e-05 1.148653e-05
 9087.750719 -2.793242e-05 -2.821092e-07 -3.491836e-08 -5.335626e-07 -1.144880e-05 -5.525073e-04 -4.034296e-05 1.276359e-05
 9089.385237 -2.798437e-05 -2.814065e-07 -3.517159e-08 -5.358037e-07 -6.978976e-06 -5.514655e-04 -4.066390e-05 7.511978e-06
 9091.031946 -2.796357e-05 -2.827371e-07 -3.589442e-08 -5.358874e-07 -7.175848e-06 -5.536755e-04 -4.702601e-05 -1.189079e-06
 9092.690848 -2.796719e-05 -2.811845e-07 -3.631281e-08 -5.370856e-07 8.473587e-07 -5.643339e-04 -4.216624e-05 1.590363e-05
 9094.361942 -2.798388e-05 -2.814374e-07 -3.711569e-08 -5.378520e-07 4.252684e-07 -5.982863e-04 -4.154347e-05 1.135876e-05
 9096.045227 -2.795093e-05 -2.831081e-07 -3.771005e-08 -5.372740e-07 7.328314e-06 -5.915504e-04 -4.591951e-05 5.175886e-06
 9097.740704 -2.783631e-05 -2.869810e-07 -3.862762e-08 -5.337264e-07 4.369602e-07 -5.630398e-04 -4.737681e-05 1.478599e-05
 9099.448374 -2.783598e-05 -2.872634e-07 -3.854600e-08 -5.336298e-07 2.650750e-06 -5.649739e-04 -4.266078e-05 2.333151e-05
 9101.168235 -2.787887e-05 -2.858908e-07 -3.776631e-08 -5.350511e-07 4.261685e-06 -5.708825e-04 -5.032201e-05 1.301652e-05
 9102.900288 -2.790158e-05 -2.841248e-07 -3.687563e-08 -5.359629e-07 5.209915e-06 -5.817505e-04 -5.174015e-05 1.505659e-05
 9104.644533 -2.789807e-05 -2.845273e-07 -3.617285e-08 -5.357393e-07 9.205059e-06 -5.956548e-04 -7.025042e-05 1.249087e-06
 9106.400970 -2.785351e-05 -2.861501e-07 -3.589716e-08 -5.342831e-07 1.251126e-05 -5.787085e-04 -5.074521e-05 -9.394769e-08
 9108.169598 -2.786586e-05 -2.861777e-07 -3.534871e-08 -5.349635e-07 9.224816e-06 -5.777299e-04 -4.684974e-05 5.816832e-06
 9109.950419 -2.786141e-05 -2.854299e-07 -3.485189e-08 -5.356174e-07 1.034760e-05 -5.764476e-04 -3.651267e-05 9.081237e-06
 9111.743432 -2.787683e-05 -2.851625e-07 -3.436149e-08 -5.370673e-07 1.114353e-05 -5.821833e-04 -3.779687e-05 3.302706e-06
 9113.548636 -2.786611e-05 -2.858903e-07 -3.415551e-08 -5.373349e-07 1.594756e-05 -5.818168e-04 -4.926669e-05 4.003323e-07
 9115.366032 -2.784488e-05 -2.863915e-07 -3.428443e-08 -5.376979e-07 6.689125e-06 -5.556307e-04 -3.748170e-05 -8.500307e-06
 9117.195621 -2.784467e-05 -2.860209e-07 -3.444588e-08 -5.386040e-07 8.542906e-07 -5.585992e-04 -4.009029e-05 2.715399e-07
 9119.037401 -2.782469e-05 -2.860325e-07 -3.437827e-08 -5.392216e-07 2.481662e-06 -5.403923e-04 -5.044874e-05 3.484511e-06
 9120.891373 -2.780843e-05 -2.863727e-07 -3.407492e-08 -5.399128e-07 3.501418e-06 -5.436723e-04 -4.240513e-05 3.084499e-06
 9122.757537 -2.779275e-05 -2.854760e-07 -3.316570e-08 -5.408546e-07 5.168719e-06 -5.156078e-04 -3.617722e-05 2.429113e-06
 9124.635893 -2.776715e-05 -2.866183e-07 -3.232053e-08 -5.413282e-07 -1.697740e-06 -5.198653e-04 -3.308911e-05 8.403431e-06
 9126.526441 -2.773963e-05 -2.856389e-07 -3.112048e-08 -5.418148e-07 -4.232571e-06 -5.142897e-04 -4.135393e-05 1.160834e-05
 9128.429181 -2.768353e-05 -2.842948e-07 -3.016546e-08 -5.419734e-07 -5.008037e-06 -4.951191e-04 -3.513673e-05 1.223675e-05
 9130.344112 -2.756013e-05 -2.836222e-07 -2.962163e-08 -5.405537e-07 -3.825288e-06 -5.228546e-04 -4.999937e-05 1.272657e-06
 9132.271236 -2.765762e-05 -2.840032e-07 -2.949022e-08 -5.442019e-07 -5.364259e-06 -5.344899e-04 -4.881754e-05 1.853970e-06
 9134.210552 -2.766267e-05 -2.836038e-07 -2.969311e-08 -5.458101e-07 -5.594474e-06 -5.255914e-04 -2.495848e-05 1.246910e-05
 9136.162059 -2.760434e-05 -2.831110e-07 -3.019275e-08 -5.458218e-07 -7.334695e-06 -5.526476e-04 -3.374181e-05 1.667577e-05
 9138.125758 -2.754456e-05 -2.825112e-07 -3.051052e-08 -5.455331e-07 -1.334500e-05 -5.472997e-04 -3.566490e-05 1.718465e-05
 9140.101649 -2.758470e-05 -2.823258e-07 -3.091612e-08 -5.473276e-07 -4.918870e-06 -5.487239e-04 -3.566335e-05 2.387175e-05
 9142.089733 -2.751497e-05 -2.839462e-07 -3.178537e-08 -5.458563e-07 2.030582e-06 -5.758501e-04 -4.443227e-05 2.953255e-05
 9144.090008 -2.742611e-05 -2.873422e-07 -3.313584e-08 -5.440229e-07 1.469675e-05 -5.257652e-04 -4.025897e-05 2.147906e-05
 9146.102475 -2.742705e-05 -2.867106e-07 -3.423499e-08 -5.452493e-07 3.743726e-06 -4.894644e-04 -4.672685e-05 2.127667e-05
 9148.127133 -2.745384e-05 -2.861185e-07 -3.537734e-08 -5.469716e-07 -3.360076e-06 -5.345742e-04 -2.888883e-05 3.703792e-05
 9150.163984 -2.747056e-05 -2.848994e-07 -3.643713e-08 -5.483504e-07 -1.554686e-05 -5.376738e-04 -4.194927e-05 3.119463e-05
 9152.213027 -2.747285e-05 -2.843395e-07 -3.766387e-08 -5.489545e-07 -1.943065e-05 -5.387040e-04 -4.091565e-05 3.276117e-05
 9154.274261 -2.726380e-05 -2.815609e-07 -3.847103e-08 -5.459576e-07 -1.646555e-05 -5.454600e-04 -4.869747e-05 2.997501e-05
 9156.347688 -2.707734e-05 -2.801818e-07 -3.924917e-08 -5.426281e-07 -1.408268e-05 -5.530120e-04 -4.234290e-05 2.333714e-05
 9158.433306 -2.750326e-05 -2.848806e-07 -4.024549e-08 -5.513697e-07 -2.127351e-05 -5.568285e-04 -3.910283e-05 3.155076e-05
 9160.531117 -2.748285e-05 -2.836405e-07 -3.969735e-08 -5.518171e-07 -2.840175e-05 -5.735306e-04 -5.445501e-05 1.953147e-05
 9162.641119 -2.749416e-05 -2.841477e-07 -3.915614e-08 -5.530363e-07 -1.939608e-05 -5.760365e-04 -5.051878e-05 2.295626e-05
 9164.763313 -2.747208e-05 -2.843844e-07 -3.808697e-08 -5.529458e-07 -9.782106e-06 -5.548828e-04 -5.147634e-05 2.470895e-05
 9166.897699 -2.745191e-05 -2.836212e-07 -3.714489e-08 -5.537739e-07 -8.878747e-06 -5.645813e-04 -5.464227e-05 4.107083e-05
 9169.044277 -2.722234e-05 -2.810228e-07 -3.595498e-08 -5.498877e-07 -1.325858e-05 -5.523082e-04 -5.055496e-05 3.962742e-05
 9171.203047 -2.716334e-05 -2.838627e-07 -3.548610e-08 -5.481851e-07 -9.710566e-06 -5.701898e-04 -5.017730e-05 3.681364e-05
 9173.374008 -2.741904e-05 -2.858925e-07 -3.517943e-08 -5.544500e-07 -3.712181e-07 -5.774201e-04 -5.668979e-05 2.974005e-05
 9175.557162 -2.749790e-05 -2.865046e-07 -3.477801e-08 -5.567135e-07 6.190079e-06 -5.836974e-04 -5.413156e-05 2.436728e-05
 9177.752508 -2.750306e-05 -2.879951e-07 -3.506130e-08 -5.572704e-07 7.683156e-06 -5.720701e-04 -3.727550e-05 2.925602e-05
 9179.960045 -2.748630e-05 -2.881631e-07 -3.526367e-08 -5.573662e-07 1.817008e-06 -5.712885e-04 -3.586069e-05 3.222726e-05
 9182.179775 -2.750873e-05 -2.879618e-07 -3.542105e-08 -5.588190e-07 -6.778053e-06 -5.648221e-04 -6.569489e-05 2.456581e-05
 9184.411696 -2.751780e-05 -2.873354e-07 -3.536489e-08 -5.598210e-07 -1.347492e-05 -5.709872e-04 -5.245481e-05 3.152547e-05
 9186.655809 -2.747580e-05 -2.887649e-07 -3.575023e-08 -5.590736e-07 -8.641406e-06 -5.919981e-04 -4.730718e-05 2.247318e-05
 9188.912114 -2.743825e-05 -2.903876e-07 -3.625213e-08 -5.589584e-07 -1.343134e-06 -5.783262e-04 -3.824272e-05 3.610516e-05
 9191.180611 -2.749367e-05 -2.897508e-07 -3.655091e-08 -5.614535e-07 1.626796e-06 -5.780880e-04 -4.316525e-05 3.418099e-05
 9193.461300 -2.750968e-05 -2.894376e-07 -3.655974e-08 -5.630874e-07 1.317686e-06 -5.760507e-04 -5.448181e-05 2.678340e-05
 9195.754181 -2.752109e-05 -2.897080e-07 -3.662516e-08 -5.638547e-07 -3.476875e-07 -5.693378e-04 -5.329241e-05 2.518770e-05
 9198.059254 -2.754816e-05 -2.904084e-07 -3.660587e-08 -5.653806e-07 2.563071e-06 -5.840633e-04 -5.629573e-05 2.093608e-05
 9200.376518 -2.757171e-05 -2.908122e-07 -3.638417e-08 -5.669586e-07 -5.651607e-07 -5.944025e-04 -5.574536e-05 2.697423e-05
 9202.705975 -2.760764e-05 -2.913192e-07 -3.574504e-08 -5.687236e-07 -1.858199e-06 -6.105638e-04 -5.615216e-05 2.756629e-05
 9205.047623 -2.763994e-05 -2.927249e-07 -3.516409e-08 -5.702783e-07 -4.095340e-06 -6.056957e-04 -4.991160e-05 2.634246e-05
 9207.401464 -2.762202e-05 -2.922644e-07 -3.457976e-08 -5.704831e-07 -1.553159e-06 -6.068548e-04 -3.922472e-05 2.463000e-05
 9209.767496 -2.765334e-05 -2.930017e-07 -3.447516e-08 -5.717434e-07 -1.142322e-05 -5.806487e-04 -4.758271e-05 1.861156e-05
 9212.145720 -2.766804e-05 -2.939871e-07 -3.460003e-08 -5.721535e-07 -4.246963e-06 -5.929862e-04 -4.584159e-05 2.457705e-05
 9214.536136 -2.769531e-05 -2.948240e-07 -3.479211e-08 -5.737699e-07 -1.402398e-05 -6.044595e-04 -5.055685e-05 2.285572e-05
 9216.938744 -2.769524e-05 -2.949260e-07 -3.511412e-08 -5.746617e-07 -7.053967e-06 -6.191051e-04 -5.015117e-05 2.608037e-05
 9219.353544 -2.771124e-05 -2.955063e-07 -3.558474e-08 -5.757089e-07 -7.930643e-06 -6.263202e-04 -5.106376e-05 2.442741e-05
 9221.780536 -2.772365e-05 -2.959231e-07 -3.615431e-08 -5.764635e-07 -4.304164e-06 -6.297893e-04 -4.263383e-05 2.259732e-05
 9224.219720 -2.774108e-05 -2.966673e-07 -3.725508e-08 -5.771209e-07 -1.058525e-05 -6.216322e-04 -4.660151e-05 1.438708e-05
 9226.671096 -2.770591e-05 -2.975620e-07 -3.844975e-08 -5.769004e-07 -1.535418e-05 -5.926822e-04 -4.207911e-05 2.135323e-05
 9229.134663 -2.773905e-05 -2.982139e-07 -3.926442e-08 -5.785049e-07 -1.490166e-05 -5.902704e-04 -3.477703e-05 2.149757e-05
 9231.610423 -2.779137e-05 -2.980153e-07 -3.974248e-08 -5.808734e-07 -1.460161e-05 -6.146176e-04 -2.704182e-05 3.036203e-05
 9234.098374 -2.785402e-05 -2.991276e-07 -4.041307e-08 -5.834656e-07 -1.405757e-05 -6.184757e-04 -2.970651e-05 1.627250e-05
 9236.598517 -2.785225e-05 -3.002281e-07 -4.121014e-08 -5.837650e-07 -2.335318e-05 -6.200919e-04 -3.087321e-05 8.216864e-06
 9239.110852 -2.784379e-05 -3.028105e-07 -4.191053e-08 -5.840196e-07 -1.448781e-05 -6.123305e-04 -3.607003e-05 1.789442e-05
 9241.635380 -2.791432e-05 -3.020236e-07 -4.183929e-08 -5.871443e-07 -1.559188e-06 -6.011537e-04 -3.849703e-05 2.518719e-05
 9244.172099 -2.796286e-05 -3.026386e-07 -4.177983e-08 -5.894533e-07 5.286218e-06 -5.979237e-04 -5.843541e-05 1.643262e-05
 9246.721009 -2.796303e-05 -3.031646e-07 -4.157064e-08 -5.906159e-07 -8.007976e-06 -6.130058e-04 -4.014768e-05 2.428647e-05
 9249.282112 -2.796672e-05 -3.040689e-07 -4.179206e-08 -5.917187e-07 -1.520577e-05 -6.260571e-04 -4.154824e-05 2.561450e-05
 9251.855407 -2.799043e-05 -3.042572e-07 -4.160781e-08 -5.931946e-07 -1.686710e-05 -6.225767e-04 -5.703334e-05 2.267322e-05
 9254.440894 -2.799989e-05 -3.040411e-07 -4.153890e-08 -5.948308e-07 -1.102145e-05 -6.148523e-04 -4.726142e-05 2.123371e-05
 9257.038572 -2.803513e-05 -3.040137e-07 -4.123455e-08 -5.966489e-07 -3.675468e-06 -6.189571e-04 -5.508341e-05 2.220120e-05
 9259.648443 -2.806781e-05 -3.052239e-07 -4.118506e-08 -5.984143e-07 -6.681388e-06 -6.186663e-04 -4.395308e-05 2.115364e-05
 9262.270505 -2.809549e-05 -3.053193e-07 -4.109740e-08 -6.000478e-07 -9.821418e-06 -6.164373e-04 -4.791431e-05 1.556722e-05
 9264.904759 -2.810629e-05 -3.059787e-07 -4.111384e-08 -6.012781e-07 -1.639771e-05 -6.139897e-04 -5.089016e-05 2.004982e-05
 9267.551205 -2.810455e-05 -3.066618e-07 -4.102569e-08 -6.021006e-07 -9.627764e-06 -6.058298e-04 -5.411433e-05 2.765447e-05
 9270.209844 -2.812384e-05 -3.075424e-07 -4.084175e-08 -6.033634e-07 -1.437932e-05 -6.011888e-04 -5.093403e-05 2.541821e-05
 9272.880674 -2.817519e-05 -3.092319e-07 -4.095216e-08 -6.055081e-07 -8.558573e-06 -6.014450e-04 -4.682868e-05 2.135033e-05
 9275.563696 -2.821573e-05 -3.093009e-07 -4.092013e-08 -6.074301e-07 -1.145228e-05 -6.121318e-04 -6.095789e-05 2.057920e-05
 9278.258909 -2.817391e-05 -3.110116e-07 -4.118779e-08 -6.067641e-07 -1.028995e-05 -6.211581e-04 -5.622750e-05 1.646081e-05
 9280.966315 -2.812069e-05 -3.120450e-07 -4.114958e-08 -6.058097e-07 -2.012787e-05 -5.995164e-04 -5.400343e-05 1.347303e-05
 9283.685913 -2.830332e-05 -3.115271e-07 -4.088763e-08 -6.121026e-07 -3.053241e-05 -6.019347e-04 -4.398451e-05 8.683446e-06
 9286.417702 -2.839191e-05 -3.128340e-07 -4.121594e-08 -6.152446e-07 -2.210889e-05 -6.041144e-04 -3.811420e-05 2.483387e-06
 9289.161684 -2.833341e-05 -3.143662e-07 -4.147701e-08 -6.147435e-07 -2.525827e-05 -6.299530e-04 -3.500839e-05 6.979696e-06
 9291.917857 -2.843861e-05 -3.161057e-07 -4.174879e-08 -6.179379e-07 -1.943048e-05 -6.157952e-04 -4.167531e-05 1.009855e-05
 9294.686222 -2.853488e-05 -3.181769e-07 -4.187929e-08 -6.209422e-07 -2.904981e-05 -6.007328e-04 -4.358544e-05 1.557752e-05
 9297.466780 -2.847393e-05 -3.174047e-07 -4.189075e-08 -6.198866e-07 -2.114394e-05 -5.986103e-04 -4.439124e-05 2.177834e-05
 9300.259529 -2.839158e-05 -3.161011e-07 -4.191468e-08 -6.191831e-07 -1.790178e-05 -5.966454e-04 -3.997037e-05 1.429569e-05
 9303.064470 -2.862244e-05 -3.182238e-07 -4.228716e-08 -6.254339e-07 -1.758900e-05 -5.853757e-04 -2.849883e-05 1.360744e-05
 9305.881602 -2.856836e-05 -3.197672e-07 -4.270024e-08 -6.245268e-07 -8.665501e-06 -6.068617e-04 -3.624355e-05 1.203798e-05
 9308.710927 -2.850618e-05 -3.206135e-07 -4.320750e-08 -6.236746e-07 -8.985367e-06 -6.053495e-04 -4.804959e-05 1.303931e-05
 9311.552444 -2.864392e-05 -3.210543e-07 -4.377691e-08 -6.281414e-07 -6.030079e-06 -6.085709e-04 -4.580287e-05 1.043018e-05
 9314.406153 -2.875770e-05 -3.213634e-07 -4.431759e-08 -6.320459e-07 1.987696e-06 -5.873575e-04 -4.901808e-05 6.300555e-06
 9317.272053 -2.881782e-05 -3.220013e-07 -4.468334e-08 -6.344925e-07 -2.889829e-06 -6.058231e-04 -3.989811e-05 1.628447e-05
 9320.150146 -2.881670e-05 -3.238286e-07 -4.517854e-08 -6.349064e-07 -1.044871e-05 -6.078893e-04 -4.742656e-05 1.351674e-05
 9323.040430 -2.881127e-05 -3.244664e-07 -4.548332e-08 -6.357422e-07 -2.405316e-05 -5.987458e-04 -5.770515e-05 9.023345e-06
 9325.942906 -2.874384e-05 -3.228593e-07 -4.527779e-08 -6.356934e-07 -1.764222e-05 -5.968471e-04 -5.078605e-05 4.824213e-06
 9328.857574 -2.895207e-05 -3.249695e-07 -4.536351e-08 -6.416559e-07 -1.264509e-05 -6.027566e-04 -4.816968e-05 7.238303e-06
 9331.784435 -2.897843e-05 -3.262465e-07 -4.564762e-08 -6.428702e-07 -1.685447e-05 -5.979710e-04 -4.382336e-05 5.546257e-06
 9334.723487 -2.904440e-05 -3.267985e-07 -4.617464e-08 -6.455092e-07 -1.901381e-05 -5.894446e-04 -4.170106e-05 2.674781e-06
 9337.674730 -2.904075e-05 -3.297414e-07 -4.716104e-08 -6.456357e-07 -1.127143e-05 -5.904063e-04 -4.533977e-05 -9.164728e-07
 9340.638166 -2.896296e-05 -3.324955e-07 -4.801932e-08 -6.441219e-07 -4.249056e-06 -5.978121e-04 -4.522608e-05 1.181581e-05
 9343.613794 -2.904840e-05 -3.327150e-07 -4.809453e-08 -6.472481e-07 -1.128030e-06 -6.093413e-04 -3.953380e-05 3.659166e-06
 9346.601614 -2.916850e-05 -3.323872e-07 -4.806223e-08 -6.512271e-07 -5.669620e-06 -6.114400e-04 -5.239097e-05 2.441646e-06
 9349.601625 -2.922750e-05 -3.333676e-07 -4.840668e-08 -6.534830e-07 -1.931969e-05 -6.139039e-04 -4.861319e-05 1.137743e-06
 9352.613829 -2.919707e-05 -3.359104e-07 -4.902751e-08 -6.534629e-07 -1.836441e-05 -6.091689e-04 -2.453276e-05 -4.907660e-07
 9355.638224 -2.927321e-05 -3.383157e-07 -4.913204e-08 -6.564417e-07 -1.553825e-05 -6.166718e-04 -2.992110e-05 -6.187751e-06
 9358.674811 -2.936747e-05 -3.398758e-07 -4.917817e-08 -6.598306e-07 -1.764946e-05 -6.116216e-04 -3.108483e-05 -6.483819e-06
 9361.723590 -2.953640e-05 -3.405804e-07 -4.913665e-08 -6.655076e-07 -2.175629e-05 -5.811203e-04 -3.222900e-05 -9.716984e-06
 9364.784561 -2.960719e-05 -3.421604e-07 -4.933297e-08 -6.683194e-07 -3.206957e-06 -5.755926e-04 -2.710526e-05 -3.926116e-06
 9367.857724 -2.960839e-05 -3.444752e-07 -4.944948e-08 -6.689705e-07 7.844923e-06 -5.577557e-04 -3.455826e-05 6.492908e-07
 9370.943079 -2.962159e-05 -3.456685e-07 -4.968904e-08 -6.699815e-07 7.157882e-06 -5.869799e-04 -4.288263e-05 3.938902e-06
 9374.040626 -2.969727e-05 -3.464733e-07 -4.985204e-08 -6.731192e-07 -2.598586e-07 -6.033437e-04 -4.306607e-05 -1.144848e-06
 9377.150365 -2.971426e-05 -3.469948e-07 -4.995020e-08 -6.741170e-07 -8.471010e-06 -6.139778e-04 -4.554240e-05 7.314547e-06
 9380.272295 -2.970661e-05 -3.496558e-07 -5.035491e-08 -6.748088e-07 -1.351939e-05 -6.243092e-04 -3.526735e-05 1.957695e-05
 9383.406418 -2.969772e-05 -3.519298e-07 -5.094024e-08 -6.755041e-07 -1.183480e-05 -6.218946e-04 -5.090761e-05 1.874194e-05
 9386.552732 -2.981496e-05 -3.519424e-07 -5.101470e-08 -6.798374e-07 -2.217460e-05 -5.988146e-04 -5.162502e-05 1.956388e-05
 9389.711239 -2.989490e-05 -3.513154e-07 -5.073085e-08 -6.834187e-07 -1.796858e-05 -5.815962e-04 -2.747195e-05 2.921008e-05
 9392.881937 -2.997763e-05 -3.520991e-07 -5.061950e-08 -6.867973e-07 -2.174983e-05 -5.863632e-04 -2.943095e-05 2.466117e-05
 9396.064827 -2.993767e-05 -3.555364e-07 -5.143577e-08 -6.863339e-07 -2.005500e-05 -6.003421e-04 -3.739515e-05 1.545389e-05
 9399.259909 -2.985493e-05 -3.586001e-07 -5.215493e-08 -6.846300e-07 -1.523512e-05 -6.079657e-04 -3.234630e-05 1.610075e-05
 9402.467183 -3.006248e-05 -3.589460e-07 -5.224748e-08 -6.917586e-07 -1.974745e-05 -5.777310e-04 -3.541937e-05 1.830410e-05
 9405.686649 -3.013333e-05 -3.586850e-07 -5.216355e-08 -6.949383e-07 -1.916102e-05 -5.699041e-04 -3.965940e-05 1.446942e-05
 9408.918307 -3.013648e-05 -3.606576e-07 -5.271230e-08 -6.966250e-07 -1.731410e-05 -5.703507e-04 -4.012020e-05 1.524670e-05
 9412.162157 -3.018723e-05 -3.613249e-07 -5.307810e-08 -6.992273e-07 -1.825069e-05 -5.694746e-04 -3.345704e-05 7.543189e-06
 9415.418198 -3.016021e-05 -3.628986e-07 -5.373231e-08 -6.988707e-07 -1.425877e-05 -5.712230e-04 -3.642425e-05 3.287361e-06
 9418.686432 -3.025349e-05 -3.635300e-07 -5.417617e-08 -7.024781e-07 -1.588694e-05 -5.833629e-04 -2.117702e-05 1.594594e-05
 9421.966857 -3.013422e-05 -3.647657e-07 -5.477782e-08 -7.009624e-07 -2.033902e-05 -6.016789e-04 -3.142467e-05 2.742638e-05
 9425.259474 -3.021069e-05 -3.676130e-07 -5.534034e-08 -7.035009e-07 -1.609994e-05 -6.002356e-04 -5.540963e-05 3.858204e-05
 9428.564284 -3.044478e-05 -3.691713e-07 -5.546205e-08 -7.110014e-07 -1.376750e-05 -6.160365e-04 -3.983784e-05 4.328501e-05
 9431.881285 -3.052462e-05 -3.699464e-07 -5.553137e-08 -7.141653e-07 -1.075351e-05 -6.084397e-04 -3.108143e-05 4.789475e-05
 9435.210478 -3.060737e-05 -3.702037e-07 -5.590561e-08 -7.176073e-07 -1.323349e-05 -5.895401e-04 -3.740555e-05 3.726101e-05
 9438.551863 -3.062169e-05 -3.719270e-07 -5.638758e-08 -7.188946e-07 -1.095998e-05 -5.983857e-04 -3.364662e-05 3.199168e-05
 9441.905440 -3.070730e-05 -3.736090e-07 -5.676382e-08 -7.219034e-07 -1.714550e-05 -5.922725e-04 -4.167892e-05 2.239649e-05
 9445.271209 -3.074570e-05 -3.752040e-07 -5.711849e-08 -7.241019e-07 -1.188149e-05 -5.997957e-04 -3.449239e-05 3.040076e-05
 9448.649169 -3.076405e-05 -3.766713e-07 -5.764416e-08 -7.256304e-07 -1.220628e-05 -6.108632e-04 -2.901441e-05 3.957987e-05
 9452.039322 -3.076564e-05 -3.785673e-07 -5.812830e-08 -7.264869e-07 -2.849242e-06 -6.027852e-04 -2.999474e-05 3.000306e-05
 9455.441666 -3.083030e-05 -3.805474e-07 -5.851346e-08 -7.295010e-07 -2.801389e-06 -5.783461e-04 -3.207004e-05 2.218464e-05
 9458.856203 -3.086675e-05 -3.812270e-07 -5.868138e-08 -7.319414e-07 -4.529043e-06 -5.802681e-04 -1.898897e-05 2.544446e-05
 9462.282931 -3.084997e-05 -3.831448e-07 -5.908192e-08 -7.321592e-07 3.865681e-06 -6.045144e-04 -1.219566e-05 2.539692e-05
 9465.721851 -3.090021e-05 -3.851247e-07 -5.952667e-08 -7.345367e-07 2.836487e-06 -6.246895e-04 -1.955097e-05 2.296064e-05
 9469.172964 -3.098454e-05 -3.871301e-07 -6.009019e-08 -7.379952e-07 9.635045e-06 -6.244563e-04 -2.816022e-05 1.469256e-05
 9472.636268 -3.100534e-05 -3.886056e-07 -6.045821e-08 -7.395022e-07 1.092954e-05 -6.281913e-04 -2.398967e-05 1.979055e-05
 9476.111764 -3.091077e-05 -3.912656e-07 -6.094933e-08 -7.373242e-07 8.419243e-06 -6.136886e-04 -3.393916e-05 1.644494e-05
 9479.599451 -3.089703e-05 -3.951015e-07 -6.143065e-08 -7.374242e-07 1.289964e-05 -6.118157e-04 -2.354144e-05 1.651204e-05
 9483.099331 -3.108020e-05 -3.948802e-07 -6.159174e-08 -7.437008e-07 1.895045e-05 -5.904452e-04 -2.788309e-05 8.744195e-06
 9486.611403 -3.112719e-05 -3.959901e-07 -6.189809e-08 -7.457981e-07 7.224544e-06 -5.629053e-04 -2.664663e-05 1.178065e-05
 9490.135666 -3.121450e-05 -3.975303e-07 -6.227314e-08 -7.497322e-07 7.473569e-06 -5.453495e-04 -2.951300e-05 1.985962e-05
 9493.672122 -3.126449e-05 -3.985214e-07 -6.239904e-08 -7.525733e-07 6.404156e-06 -5.549980e-04 -3.919098e-05 9.668834e-06
 9497.220769 -3.132131e-05 -3.998154e-07 -6.263365e-08 -7.552779e-07 6.615545e-06 -5.616594e-04 -3.412500e-05 8.157508e-06
 9500.781609 -3.121740e-05 -3.998965e-07 -6.259393e-08 -7.541408e-07 8.335300e-06 -5.463045e-04 -3.737129e-05 9.254806e-06
 9504.354640 -3.120495e-05 -4.002009e-07 -6.245445e-08 -7.551728e-07 4.017046e-06 -5.748147e-04 -4.557688e-05 3.223378e-06
 9507.939863 -3.137575e-05 -4.044685e-07 -6.319289e-08 -7.601655e-07 1.492213e-06 -5.792746e-04 -4.107955e-05 8.722218e-06
 9511.537278 -3.137624e-05 -4.069466e-07 -6.364128e-08 -7.611430e-07 -6.859166e-06 -5.784705e-04 -3.484433e-05 1.505386e-05
 9515.146885 -3.142578e-05 -4.083258e-07 -6.396685e-08 -7.638798e-07 -8.627861e-06 -5.770378e-04 -2.266767e-05 1.314116e-05
 9518.768684 -3.139874e-05 -4.105569e-07 -6.458772e-08 -7.642003e-07 -2.546090e-06 -5.797179e-04 -3.475671e-05 2.441755e-05
 9522.402675 -3.146772e-05 -4.128584e-07 -6.529592e-08 -7.672444e-07 -4.492219e-06 -5.954576e-04 -3.162412e-05 4.295778e-05
 9526.048857 -3.158021e-05 -4.145854e-07 -6.581883e-08 -7.717496e-07 4.961785e-06 -5.960001e-04 -3.399129e-05 3.791780e-05
 9529.707232 -3.158841e-05 -4.151887e-07 -6.621007e-08 -7.731675e-07 6.095283e-06 -6.055383e-04 -3.578617e-05 3.946783e-05
 9533.377799 -3.160900e-05 -4.159442e-07 -6.664701e-08 -7.755979e-07 -2.317853e-06 -5.768871e-04 -3.976394e-05 3.108524e-05
 9537.060557 -3.155293e-05 -4.160734e-07 -6.685438e-08 -7.761295e-07 2.937955e-06 -5.588412e-04 -3.305423e-05 2.765243e-05
 9540.755507 -3.143892e-05 -4.153074e-07 -6.672633e-08 -7.751270e-07 -3.987750e-06 -5.782557e-04 -3.588569e-05 3.065725e-05
 9544.462650 -3.164736e-05 -4.188139e-07 -6.768624e-08 -7.809835e-07 3.779689e-06 -5.995389e-04 -3.825288e-05 3.070127e-05
 9548.181984 -3.167335e-05 -4.208344e-07 -6.850809e-08 -7.826302e-07 -1.757744e-06 -5.869830e-04 -3.169865e-05 3.132700e-05
 9551.913510 -3.171086e-05 -4.229834e-07 -6.879579e-08 -7.850345e-07 -5.137617e-06 -5.765801e-04 -2.153697e-05 3.029139e-05
 9555.657228 -3.168967e-05 -4.246221e-07 -6.918123e-08 -7.864234e-07 -8.753574e-06 -5.915685e-04 -1.792079e-05 2.962170e-05
 9559.413138 -3.170067e-05 -4.270210e-07 -6.966352e-08 -7.884244e-07 -7.093646e-06 -5.875417e-04 -1.802376e-05 2.397762e-05
 9563.181239 -3.174484e-05 -4.283052e-07 -7.000772e-08 -7.912043e-07 -1.511817e-06 -5.716118e-04 -2.633548e-05 2.960946e-05
 9566.961533 -3.180852e-05 -4.294123e-07 -7.045099e-08 -7.940924e-07 -6.836266e-07 -5.708506e-04 -1.847700e-05 3.103562e-05
 9570.754019 -3.178498e-05 -4.304207e-07 -7.071815e-08 -7.947312e-07 -4.446012e-06 -5.881418e-04 -1.888343e-05 2.897430e-05
 9574.558696 -3.185231e-05 -4.325567e-07 -7.098534e-08 -7.979574e-07 6.221693e-07 -5.672736e-04 -1.929606e-05 2.693994e-05
 9578.375565 -3.186931e-05 -4.346171e-07 -7.165570e-08 -7.997787e-07 1.996310e-06 -5.736754e-04 -2.234269e-05 3.477906e-05
 9582.204627 -3.177523e-05 -4.363071e-07 -7.224843e-08 -7.986848e-07 -3.388269e-06 -5.821561e-04 -1.847417e-05 2.908121e-05
 9586.045880 -3.181249e-05 -4.381080e-07 -7.260440e-08 -8.015409e-07 -9.603819e-07 -5.924616e-04 -1.070841e-05 3.128528e-05
 9589.899325 -3.192353e-05 -4.392378e-07 -7.304575e-08 -8.069904e-07 -7.664751e-07 -5.827253e-04 -2.207612e-05 3.624874e-05
 9593.764962 -3.196442e-05 -4.409742e-07 -7.352340e-08 -8.098719e-07 -4.579147e-06 -5.934397e-04 -3.600410e-05 3.321799e-05
 9597.642791 -3.192974e-05 -4.425162e-07 -7.379148e-08 -8.104637e-07 2.799083e-06 -5.751080e-04 -2.059900e-05 3.976594e-05
 9601.532812 -3.199116e-05 -4.446369e-07 -7.416091e-08 -8.135750e-07 1.272005e-06 -5.893891e-04 -2.304892e-05 3.318465e-05
 9605.435025 -3.203775e-05 -4.466350e-07 -7.457294e-08 -8.165807e-07 -1.119293e-05 -6.105857e-04 -2.693835e-05 3.032466e-05
 9609.349429 -3.206396e-05 -4.489305e-07 -7.507325e-08 -8.183690e-07 -1.600816e-05 -6.091241e-04 -2.008509e-05 4.044647e-05
 9613.276026 -3.210418e-05 -4.514355e-07 -7.563512e-08 -8.208946e-07 -1.854728e-05 -5.914638e-04 -3.141187e-05 4.633663e-05
 9617.214814 -3.211354e-05 -4.538600e-07 -7.622481e-08 -8.227532e-07 -1.653235e-05 -6.097862e-04 -1.961746e-05 5.056324e-05
 9621.165795 -3.207113e-05 -4.554717e-07 -7.689905e-08 -8.229416e-07 -5.515441e-06 -6.205611e-04 -2.414694e-05 4.535078e-05
 9625.128967 -3.212215e-05 -4.570353e-07 -7.721411e-08 -8.260533e-07 -9.650835e-06 -6.300234e-04 -2.522728e-05 4.813742e-05
 9629.104331 -3.215977e-05 -4.595154e-07 -7.768856e-08 -8.289928e-07 -1.167332e-05 -6.102552e-04 -3.003062e-05 4.211162e-05
 9633.091888 -3.213624e-05 -4.621182e-07 -7.830502e-08 -8.300837e-07 -1.128948e-05 -6.145264e-04 -2.091704e-05 4.490956e-05
 9637.091636 -3.220230e-05 -4.643780e-07 -7.871192e-08 -8.339699e-07 -3.830844e-06 -6.158572e-04 -1.882466e-05 6.332844e-05
 9641.103575 -3.216614e-05 -4.682003e-07 -7.950275e-08 -8.339619e-07 -1.729348e-06 -6.207037e-04 -2.476151e-05 5.347676e-05
 9645.127707 -3.224655e-05 -4.711427e-07 -8.031566e-08 -8.376458e-07 -3.741621e-06 -6.118346e-04 -3.922493e-05 4.687028e-05
 9649.164031 -3.221360e-05 -4.733225e-07 -8.102828e-08 -8.383555e-07 -8.153539e-06 -6.175485e-04 -3.418254e-05 4.244152e-05
 9653.212547 -3.220718e-05 -4.759973e-07 -8.151013e-08 -8.397947e-07 3.073786e-07 -6.218701e-04 -3.399523e-05 3.481575e-05
 9657.273254 -3.224905e-05 -4.779952e-07 -8.218285e-08 -8.427961e-07 -5.474514e-07 -6.115020e-04 -3.960800e-05 3.235828e-05
 9661.346154 -3.233599e-05 -4.792045e-07 -8.264372e-08 -8.479939e-07 -1.178551e-05 -6.275302e-04 -3.377089e-05 2.823030e-05
 9665.431245 -3.224981e-05 -4.794119e-07 -8.284035e-08 -8.478967e-07 -1.396600e-05 -6.220130e-04 -2.897275e-05 2.885786e-05
 9669.528529 -3.230376e-05 -4.816484e-07 -8.338632e-08 -8.507606e-07 -1.154493e-05 -6.109665e-04 -3.029613e-05 2.902132e-05
 9673.638004 -3.229072e-05 -4.842125e-07 -8.383787e-08 -8.517980e-07 -1.103185e-05 -6.146951e-04 -3.084984e-05 2.810725e-05
 9677.759671 -3.228165e-05 -4.864582e-07 -8.450391e-08 -8.534147e-07 -8.006309e-06 -6.172439e-04 -2.390523e-05 3.397463e-05
 9681.893530 -3.232188e-05 -4.872052e-07 -8.500404e-08 -8.565416e-07 1.597454e-06 -6.064639e-04 -1.627318e-05 3.707591e-05
 9686.039581 -3.224610e-05 -4.886579e-07 -8.549068e-08 -8.557367e-07 4.046960e-06 -6.122526e-04 -1.382973e-05 3.640501e-05
 9690.197824 -3.231130e-05 -4.898414e-07 -8.593473e-08 -8.597375e-07 -5.584362e-06 -6.176369e-04 -2.703807e-05 3.574448e-05
 9694.368258 -3.232689e-05 -4.911199e-07 -8.650774e-08 -8.617599e-07 -1.301973e-06 -6.118698e-04 -3.205688e-05 3.344001e-05
 9698.550885 -3.232309e-05 -4.926408e-07 -8.671182e-08 -8.634057e-07 -8.388879e-06 -6.007872e-04 -4.087699e-05 2.781909e-05
 9702.745704 -3.227482e-05 -4.953388e-07 -8.718990e-08 -8.639447e-07 -7.677428e-06 -5.816893e-04 -4.358336e-05 2.551082e-05
 9706.952714 -3.227680e-05 -4.957191e-07 -8.744848e-08 -8.662471e-07 -2.649601e-06 -5.743447e-04 -3.685574e-05 3.744928e-05
 9711.171916 -3.220896e-05 -4.966602e-07 -8.785181e-08 -8.661498e-07 3.585305e-06 -5.781346e-04 -3.901679e-05 3.981557e-05
 9715.403311 -3.226855e-05 -4.991386e-07 -8.843197e-08 -8.694777e-07 -2.199573e-06 -5.677383e-04 -4.074098e-05 3.513608e-05
 9719.646897 -3.231008e-05 -5.005853e-07 -8.924444e-08 -8.725282e-07 -5.068987e-06 -5.486545e-04 -3.093302e-05 4.666916e-05
 9723.902675 -3.230125e-05 -5.032079e-07 -8.998605e-08 -8.734818e-07 -1.534782e-05 -5.453187e-04 -2.871758e-05 4.932095e-05
 9728.170645 -3.225000e-05 -5.062483e-07 -9.067647e-08 -8.731643e-07 -6.626158e-06 -5.549716e-04 -2.777730e-05 4.310842e-05
 9732.450807 -3.224395e-05 -5.081564e-07 -9.121338e-08 -8.752977e-07 2.253225e-07 -5.572554e-04 -3.238837e-05 3.873086e-05
 9736.743161 -3.229729e-05 -5.095107e-07 -9.144770e-08 -8.795927e-07 -8.917681e-06 -5.864963e-04 -2.820355e-05 3.548065e-05
 9741.047707 -3.229918e-05 -5.106785e-07 -9.180309e-08 -8.817460e-07 -7.166936e-06 -5.855885e-04 -2.432227e-05 2.835004e-05
 9745.364444 -3.228169e-05 -5.119098e-07 -9.210532e-08 -8.830042e-07 -8.703550e-06 -5.809950e-04 -3.352355e-05 2.867713e-05
 9749.693374 -3.222882e-05 -5.145165e-07 -9.299419e-08 -8.825954e-07 -6.888728e-06 -5.525761e-04 -3.427128e-05 3.013199e-05
 9754.034495 -3.219127e-05 -5.171812e-07 -9.362771e-08 -8.833778e-07 -1.352229e-05 -5.802979e-04 -3.056087e-05 3.302088e-05
 9758.387809 -3.215097e-05 -5.197145e-07 -9.414768e-08 -8.842997e-07 -1.099536e-06 -5.857844e-04 -2.295892e-05 4.191526e-05
 9762.753314 -3.223712e-05 -5.206390e-07 -9.453064e-08 -8.894608e-07 2.141085e-06 -5.941919e-04 -2.520766e-05 4.131582e-05
 9767.131011 -3.218352e-05 -5.223436e-07 -9.528140e-08 -8.894937e-07 -1.793333e-06 -5.720863e-04 -3.612846e-05 3.177215e-05
 9771.520900 -3.211038e-05 -5.247842e-07 -9.593056e-08 -8.890569e-07 -7.067101e-06 -5.612990e-04 -4.077630e-05 3.042008e-05
 9775.922981 -3.222068e-05 -5.266390e-07 -9.647131e-08 -8.955122e-07 -9.457882e-06 -5.729417e-04 -4.045827e-05 3.620648e-05
 9780.337254 -3.210510e-05 -5.274310e-07 -9.670469e-08 -8.947133e-07 -1.357977e-06 -5.808062e-04 -4.003173e-05 3.176230e-05
 9784.763719 -3.213859e-05 -5.307289e-07 -9.765940e-08 -8.978119e-07 -3.780001e-06 -5.702679e-04 -4.269083e-05 2.503205e-05
 9789.202376 -3.219536e-05 -5.340283e-07 -9.856657e-08 -9.014566e-07 -1.225882e-05 -5.753200e-04 -5.033781e-05 3.091066e-05
 9793.653224 -3.205228e-05 -5.343547e-07 -9.877989e-08 -8.997281e-07 -1.943023e-05 -5.918090e-04 -4.890431e-05 3.084705e-05
 9798.116265 -3.211997e-05 -5.388620e-07 -9.987568e-08 -9.029536e-07 -1.681535e-05 -5.898428e-04 -4.615843e-05 2.774074e-05
 9802.591497 -3.209289e-05 -5.414688e-07 -1.005367e-07 -9.039135e-07 -1.961943e-05 -5.853878e-04 -4.653691e-05 2.424397e-05
 9807.078922 -3.214440e-05 -5.432805e-07 -1.009763e-07 -9.079930e-07 -9.728127e-06 -5.765527e-04 -3.987749e-05 3.880681e-05
 9811.578538 -3.214961e-05 -5.439298e-07 -1.012793e-07 -9.109648e-07 -5.808108e-06 -5.779496e-04 -4.976139e-05 3.733837e-05
 9816.090346 -3.210303e-05 -5.450820e-07 -1.020070e-07 -9.111961e-07 -7.876271e-06 -5.661009e-04 -5.030001e-05 3.683345e-05
 9820.614346 -3.204063e-05 -5.460326e-07 -1.021581e-07 -9.107833e-07 -1.510402e-06 -5.604211e-04 -4.204341e-05 3.221830e-05
 9825.150538 -3.195452e-05 -5.455589e-07 -1.023321e-07 -9.103149e-07 1.554560e-06 -5.568970e-04 -4.206994e-05 4.318548e-05
 9829.698922 -3.164211e-05 -5.428927e-07 -1.020404e-07 -9.033062e-07 -3.624890e-07 -5.591750e-04 -4.787741e-05 4.401867e-05
 9834.259498 -3.178364e-05 -5.453907e-07 -1.028578e-07 -9.094152e-07 -9.223079e-06 -5.646822e-04 -5.142245e-05 3.794971e-05
 9838.832266 -3.181075e-05 -5.499741e-07 -1.039893e-07 -9.116099e-07 -1.312098e-05 -5.564648e-04 -5.176830e-05 3.881817e-05
 9843.417226 -3.186529e-05 -5.536221e-07 -1.049916e-07 -9.153082e-07 -2.782352e-05 -5.583721e-04 -5.066189e-05 3.881973e-05
 9848.014377 -3.188295e-05 -5.567660e-07 -1.058188e-07 -9.182111e-07 -2.785801e-05 -5.447693e-04 -4.574195e-05 4.983728e-05
 9852.623721 -3.184090e-05 -5.591373e-07 -1.062567e-07 -9.187956e-07 -2.107690e-05 -5.672302e-04 -4.942429e-05 4.244232e-05
 9857.245256 -3.174380e-05 -5.621170e-07 -1.073219e-07 -9.173999e-07 -2.859607e-05 -5.739257e-04 -4.666052e-05 3.937053e-05
 9861.878983 -3.174072e-05 -5.642528e-07 -1.080278e-07 -9.198661e-07 -1.847953e-05 -5.680829e-04 -4.689592e-05 4.427738e-05
 9866.524902 -3.181986e-05 -5.656715e-07 -1.084783e-07 -9.254460e-07 -2.055003e-05 -5.609144e-04 -5.289511e-05 4.152836e-05
 9871.183013 -3.178221e-05 -5.662063e-07 -1.086831e-07 -9.270811e-07 -1.105652e-05 -5.985274e-04 -4.874911e-05 4.139153e-05
 9875.853316 -3.177648e-05 -5.681589e-07 -1.094426e-07 -9.295349e-07 -7.259243e-07 -6.062036e-04 -4.561782e-05 4.657696e-05
 9880.535811 -3.175898e-05 -5.709040e-07 -1.102712e-07 -9.310095e-07 -7.001041e-06 -6.260217e-04 -4.328847e-05 4.811014e-05
 9885.230498 -3.170776e-05 -5.734431e-07 -1.110785e-07 -9.312860e-07 -8.146459e-06 -6.374065e-04 -4.277761e-05 5.727868e-05
 9889.937377 -3.162802e-05 -5.772479e-07 -1.120653e-07 -9.303041e-07 -6.763453e-06 -6.229924e-04 -4.251984e-05 6.361911e-05
 9894.656448 -3.171012e-05 -5.799793e-07 -1.126245e-07 -9.351314e-07 -9.028896e-06 -6.154914e-04 -4.330687e-05 6.135298e-05
 9899.387710 -3.165736e-05 -5.822576e-07 -1.135124e-07 -9.353260e-07 -6.933157e-06 -6.167391e-04 -4.600937e-05 5.820051e-05
 9904.131165 -3.159934e-05 -5.851203e-07 -1.143220e-07 -9.358597e-07 9.838181e-06 -6.476071e-04 -4.461430e-05 5.300504e-05
 9908.886811 -3.161352e-05 -5.872323e-07 -1.147927e-07 -9.393747e-07 7.687728e-06 -6.396400e-04 -3.325273e-05 4.979763e-05
 9913.654649 -3.156495e-05 -5.900969e-07 -1.157205e-07 -9.403453e-07 7.116186e-06 -6.135114e-04 -3.622455e-05 5.335070e-05
 9918.434679 -3.153248e-05 -5.922987e-07 -1.163078e-07 -9.421195e-07 -5.107641e-07 -6.318973e-04 -4.148154e-05 5.689284e-05
 9923.226901 -3.144918e-05 -5.940735e-07 -1.171181e-07 -9.409801e-07 -1.114749e-06 -6.474082e-04 -5.157388e-05 5.168307e-05
 9928.031315 -3.152441e-05 -5.956076e-07 -1.175791e-07 -9.463415e-07 -1.153637e-06 -6.477963e-04 -6.110321e-05 4.577209e-05
 9932.847921 -3.152619e-05 -5.969092e-07 -1.181322e-07 -9.491141e-07 -3.275977e-06 -6.584860e-04 -5.954748e-05 2.962903e-05
 9937.676719 -3.140462e-05 -5.967291e-07 -1.182886e-07 -9.480798e-07 3.172491e-07 -6.488011e-04 -5.213125e-05 1.594390e-05
 9942.517709 -3.127523e-05 -5.969087e-07 -1.186415e-07 -9.453968e-07 5.275437e-06 -6.697531e-04 -5.586580e-05 1.041654e-05
 9947.370891 -3.127419e-05 -6.003693e-07 -1.195936e-07 -9.470511e-07 2.861349e-06 -6.663646e-04 -6.223970e-05 2.352182e-05
 9952.236264 -3.140180e-05 -6.058827e-07 -1.208582e-07 -9.523499e-07 9.294104e-06 -6.406485e-04 -5.320721e-05 2.633153e-05
