# Facility.name: NSLS-II
# Facility.mode: Beam available
# Facility.current: 399.499974280242
# Facility.current: 3 GeV
# Facility.year: 2023
# Facility.cycle: 2
# Facility.GUP: 312970
# Facility.SAF: 311402
# Experimenter.name: Esteban Fornero
# Beamline.name: ISS (8-ID)
# Beamline.x-ray_source: damping wiggler
# Beamline.collimation_mirror1.material: Si
# Beamline.collimation_mirror2.material: Pt
# Beamline.collimation_mirror2.bender_loading: -348.0
# Beamline.focusing: toroidal mirror
# Beamline.focusing.material: Pt
# Beamline.focusing.bender_loading: -419.0
# Beamline.harmonic_rejection: Si
# Mono.scan_mode: Si(111)
# Mono.d_spacing: 3.1354951
# Mono.scan_mode: pseudo-channel cut
# Mono.scan_type: fly_scan
# Mono.trajectory_name: f950a534-6fd5.txt
# Mono.direction: None
# Mono.angle_offset: 0.69366577
# Mono.angle_offset: 39.744 deg
# Mono.encoder_resolution: 48.0 nrad
# Detector.I0: ion chamber
# Detector.I1: ion chamber
# Detector.I2: ion chamber
# Detector.IF: PIPS
# Detector.I0.length: 15 cm
# Detector.I1.length: 28 cm
# Detector.I2.length: 15 cm
# Detector.IF.thickness: 300 um
# Detector.I0.gas.N2: 38.0%
# Detector.I1.gas.N2: 38.0%
# Detector.I2.gas.N2: 38.0%
# Detector.I0.gas.He: 62.0%
# Detector.I1.gas.He: 62.0%
# Detector.I2.gas.He: 62.0%
# Detector.I0.voltage: -1649.994873
# Detector.I1.voltage: -1650.00061
# Detector.I2.voltage: -1650.000488
# Detector.I0.gain: 4
# Detector.I1.gain: 6
# Detector.I2.gain: 6
# Detector.IF.gain: 6
# Detector.aux: {}
# Element.symbol: Cu
# Element.edge: K
# Element.line: None
# Scan.transient_id: 371087
# Scan.uid: 64715aa9-0997-4740-ad1a-7d02486d308d
# Scan.edge_energy: 8979.0
# Scan.start_time: 06/23/2023  06:09:23.533292
# Scan.end_time: 06/23/2023  06:09:57.613726
# Scan.name: CuGaO2-4th PP+O2-ramp (pos 001) Cu-K 0001
# Scan.comment: 
# Sample.name: CuGaO2-4th
# Sample.comment: 
# Sample.position.x: -66.4779948865
# Sample.position.y: 30.5239896225
# Sample.position.z: -10.184937499999995
# Sample.position.theta: 845.5790000000001
# SampleHeater.temperature1.setpoint: 300.0
# SampleHeater.temperature1.readback: 1372.0
# SampleHeater.current.setpoint: 0.0
# SampleHeater.current.readback: 0.0
# SampleHeater.temperature2.setpoint: 400.0
# SampleHeater.temperature2.readback: 400.20000000000005
# SampleHeater.voltage.setpoint: 0.8910810373654392
# SampleHeater.voltage.readback: 0.886
# SampleHeater.PID.P: 0.025
# SampleHeater.PID.I: 0.07
# SampleHeater.PID.D: 0.0
# SampleGasCart.MFC.CH4.setpoint: 3.0
# SampleGasCart.MFC.CH4.readback: 2.998
# SampleGasCart.MFC.CO.setpoint: 0.0
# SampleGasCart.MFC.CO.readback: 0.0
# SampleGasCart.MFC.H2.setpoint: 0.0
# SampleGasCart.MFC.H2.readback: 0.0
# SampleGasCart.MFC.exhaust.setpoint: 100.0
# SampleGasCart.MFC.exhaust.readback: 10.83
# SampleGasHandlingSystem.gas_a.name: None
# SampleGasHandlingSystem.gas_b.name: None
# SampleGasHandlingSystem.gas_c.name: None
# SampleGasHandlingSystem.gas_d.name: None
# SampleGasHandlingSystem.gas_e.name: He
# SampleGasHandlingSystem.MFC1.setpoint: 7.0
# SampleGasHandlingSystem.MFC1.readback: 6.998697757720947
# SampleGasHandlingSystem.MFC2.setpoint: 0.0
# SampleGasHandlingSystem.MFC2.readback: -0.06103515625
# SampleGasHandlingSystem.MFC3.setpoint: 0.0
# SampleGasHandlingSystem.MFC3.readback: 0.02034505270421505
# SampleGasHandlingSystem.MFC4.setpoint: 0.0
# SampleGasHandlingSystem.MFC4.readback: -0.0528971366584301
# SampleGasHandlingSystem.MFC5.setpoint: 0.0
# SampleGasHandlingSystem.MFC5.readback: -0.008138020522892475
# SampleGasHandlingSystem.MFC6.setpoint: 1.5
# SampleGasHandlingSystem.MFC6.readback: 1.50146484375
# SampleGasHandlingSystem.MFC7.setpoint: 0.0
# SampleGasHandlingSystem.MFC7.readback: -0.0406901054084301
# SampleGasHandlingSystem.MFC8.setpoint: 0.0
# SampleGasHandlingSystem.MFC8.readback: -0.0813802108168602
# SampleGasHandlingSystem.MFC9.setpoint: 0.0
# SampleGasHandlingSystem.MFC9.readback: -0.0569661445915699
# SampleGasHandlingSystem.MFC10.setpoint: 0.0
# SampleGasHandlingSystem.MFC10.readback: 0.01220703125
# SampleGasHandlingSystem.MFC11.setpoint: 0.0
# SampleGasHandlingSystem.MFC11.readback: -0.1017252579331398
# SampleGasHandlingSystem.MFC12.setpoint: 0.0
# SampleGasHandlingSystem.MFC12.readback: -0.0528971366584301
# SampleGasHandlingSystem.MFC13.setpoint: 0.0
# SampleGasHandlingSystem.MFC13.readback: -0.0569661445915699
# SampleGasHandlingSystem.MFC14.setpoint: 0.0
# SampleGasHandlingSystem.MFC14.readback: -0.0691731795668602
# SampleGasHandlingSystem.MFC15.setpoint: 0.0
# SampleGasHandlingSystem.MFC15.readback: -0.10986328125
# SampleGasHandlingSystem.MFC16.setpoint: 0.0
# SampleGasHandlingSystem.MFC16.readback: -0.0406901054084301
# SampleGasHandlingSystem.RGA.ch1.mass: 2
# SampleGasHandlingSystem.RGA.ch1.readback: 1.07594e-06
# SampleGasHandlingSystem.RGA.ch2.mass: 4
# SampleGasHandlingSystem.RGA.ch2.readback: 0.0
# SampleGasHandlingSystem.RGA.ch3.mass: 5
# SampleGasHandlingSystem.RGA.ch3.readback: 7.81276e-12
# SampleGasHandlingSystem.RGA.ch4.mass: 5
# SampleGasHandlingSystem.RGA.ch4.readback: 4.78717e-10
# SampleGasHandlingSystem.RGA.ch5.mass: 18
# SampleGasHandlingSystem.RGA.ch5.readback: 2.18695e-09
# SampleGasHandlingSystem.RGA.ch6.mass: 28
# SampleGasHandlingSystem.RGA.ch6.readback: 1.4534e-08
# SampleGasHandlingSystem.RGA.ch7.mass: 32
# SampleGasHandlingSystem.RGA.ch7.readback: 3.07315e-09
# SampleGasHandlingSystem.RGA.ch8.mass: 41
# SampleGasHandlingSystem.RGA.ch8.readback: 1.11477e-11
# SampleGasHandlingSystem.RGA.ch9.mass: 44
# SampleGasHandlingSystem.RGA.ch9.readback: 2.07863e-10
# energy  i0  it  ir  iff  aux1  aux2  aux3  aux4
 8779.000000 -3.452667e-05 -3.204953e-07 -2.124538e-07 -3.191894e-07 5.107114e-05 -4.939293e-04 -3.250924e-05 4.480042e-05
 8784.000000 -3.460902e-05 -3.166217e-07 -2.100435e-07 -3.208074e-07 5.253838e-05 -5.022540e-04 -3.192694e-05 3.358936e-05
 8789.000000 -3.457934e-05 -3.144118e-07 -2.087283e-07 -3.214384e-07 4.739321e-05 -5.002085e-04 -3.469728e-05 -2.943860e-06
 8794.000000 -3.444376e-05 -3.129390e-07 -2.079453e-07 -3.210341e-07 4.352422e-05 -4.865955e-04 -4.095769e-05 -1.560113e-06
 8799.000000 -3.403884e-05 -3.108751e-07 -2.066382e-07 -3.181595e-07 3.734495e-05 -4.953341e-04 -4.262727e-05 -4.378955e-06
 8804.000000 -3.424465e-05 -3.144517e-07 -2.089955e-07 -3.208930e-07 3.211946e-05 -4.844270e-04 -3.669539e-05 -1.785387e-05
 8809.000000 -3.414106e-05 -3.141686e-07 -2.090302e-07 -3.205648e-07 2.996585e-05 -4.833743e-04 -3.139665e-05 1.126875e-05
 8814.000000 -3.397237e-05 -3.123794e-07 -2.081313e-07 -3.193951e-07 2.672030e-05 -4.931493e-04 -2.927594e-05 4.475457e-05
 8819.000000 -3.401277e-05 -3.134313e-07 -2.090597e-07 -3.201878e-07 3.108205e-05 -5.126097e-04 -2.625078e-05 4.953407e-05
 8824.000000 -3.398011e-05 -3.132163e-07 -2.089609e-07 -3.208962e-07 3.571988e-05 -5.205360e-04 -2.625581e-05 4.950201e-05
 8829.000000 -3.390156e-05 -3.140561e-07 -2.096000e-07 -3.212590e-07 4.397306e-05 -5.276269e-04 -2.812217e-05 4.211818e-05
 8834.000000 -3.380402e-05 -3.137876e-07 -2.095345e-07 -3.218641e-07 4.819584e-05 -5.232401e-04 -2.720737e-05 1.800624e-05
 8839.000000 -3.371075e-05 -3.131459e-07 -2.089656e-07 -3.220359e-07 4.557945e-05 -5.292908e-04 -3.777589e-05 8.483299e-06
 8844.000000 -3.358569e-05 -3.136283e-07 -2.096920e-07 -3.219130e-07 3.670618e-05 -5.186081e-04 -3.529444e-05 -1.804090e-06
 8849.000000 -3.342562e-05 -3.140695e-07 -2.100922e-07 -3.213596e-07 4.212881e-05 -5.204605e-04 -3.695889e-05 -1.080974e-05
 8854.000000 -3.335426e-05 -3.136268e-07 -2.101009e-07 -3.219593e-07 4.706291e-05 -5.182899e-04 -3.510472e-05 -1.115450e-05
 8859.000000 -3.322893e-05 -3.151353e-07 -2.111298e-07 -3.219227e-07 4.601495e-05 -5.064415e-04 -2.804217e-05 -5.054393e-06
 8864.000000 -3.318491e-05 -3.162213e-07 -2.118237e-07 -3.224615e-07 4.195027e-05 -4.947685e-04 -3.124639e-05 -4.313777e-06
 8869.000000 -3.311293e-05 -3.169267e-07 -2.123739e-07 -3.226995e-07 4.281243e-05 -4.563022e-04 -3.563544e-05 -1.774937e-05
 8874.000000 -3.294488e-05 -3.193462e-07 -2.142482e-07 -3.214997e-07 4.888841e-05 -4.816785e-04 -4.708601e-05 -1.755869e-05
 8879.000000 -3.282696e-05 -3.214879e-07 -2.160324e-07 -3.208337e-07 5.242763e-05 -4.881090e-04 -3.741043e-05 -1.252509e-05
 8884.000000 -3.257562e-05 -3.215161e-07 -2.161021e-07 -3.197144e-07 4.215765e-05 -4.936226e-04 -3.583848e-05 -7.800033e-06
 8889.000000 -3.235947e-05 -3.218037e-07 -2.164735e-07 -3.193575e-07 4.350294e-05 -4.985269e-04 -3.998422e-05 -4.866223e-06
 8894.000000 -3.254334e-05 -3.250668e-07 -2.185514e-07 -3.213597e-07 4.052524e-05 -5.051854e-04 -3.916395e-05 -5.068854e-06
 8899.000000 -3.242338e-05 -3.266816e-07 -2.199494e-07 -3.207114e-07 4.399059e-05 -5.071789e-04 -4.000702e-05 -1.013134e-05
 8904.000000 -3.221361e-05 -3.299016e-07 -2.223510e-07 -3.189092e-07 5.037304e-05 -4.968127e-04 -4.329334e-05 -2.287315e-05
 8909.000000 -3.200784e-05 -3.320636e-07 -2.240464e-07 -3.171642e-07 4.700109e-05 -5.016901e-04 -3.889489e-05 -2.429932e-05
 8914.000000 -3.185460e-05 -3.294964e-07 -2.221295e-07 -3.169260e-07 4.845887e-05 -5.109702e-04 -4.550679e-05 -3.165128e-05
 8919.000000 -3.184464e-05 -3.293156e-07 -2.220328e-07 -3.179097e-07 4.651884e-05 -5.074818e-04 -4.549564e-05 -3.129799e-05
 8924.000000 -3.158696e-05 -3.327393e-07 -2.243764e-07 -3.162360e-07 4.217145e-05 -5.073982e-04 -4.276695e-05 -2.271058e-05
 8929.000000 -3.167812e-05 -3.333211e-07 -2.249134e-07 -3.184564e-07 3.938675e-05 -5.046367e-04 -3.773992e-05 -2.164892e-05
 8934.000000 -3.151586e-05 -3.379047e-07 -2.279715e-07 -3.181195e-07 3.196157e-05 -4.826314e-04 -3.316658e-05 -1.093905e-05
 8939.000000 -3.141434e-05 -3.391263e-07 -2.288892e-07 -3.183098e-07 2.927351e-05 -5.045914e-04 -3.139440e-05 -6.303513e-06
 8944.000000 -3.135171e-05 -3.378333e-07 -2.278869e-07 -3.189163e-07 3.238563e-05 -5.190851e-04 -3.319713e-05 -2.055113e-05
 8949.000000 -3.115292e-05 -3.385872e-07 -2.281853e-07 -3.180289e-07 4.372347e-05 -5.193203e-04 -3.379435e-05 2.478972e-05
 8953.000000 -3.112550e-05 -3.370572e-07 -2.270315e-07 -3.186372e-07 4.540411e-05 -5.065615e-04 -2.428471e-05 4.192113e-05
 8956.000000 -3.105670e-05 -3.367793e-07 -2.264556e-07 -3.189017e-07 4.447639e-05 -5.264864e-04 -2.936266e-05 3.207969e-05
 8958.000000 -3.101435e-05 -3.368517e-07 -2.263192e-07 -3.190109e-07 3.496967e-05 -5.328665e-04 -2.120593e-05 -2.491228e-07
 8959.000000 -3.100586e-05 -3.374304e-07 -2.264816e-07 -3.195152e-07 2.763552e-05 -5.251652e-04 -2.528474e-05 -1.219488e-06
 8959.200000 -3.100103e-05 -3.375963e-07 -2.263135e-07 -3.197281e-07 2.610346e-05 -5.212716e-04 -1.949193e-05 -5.141914e-06
 8959.400000 -3.091134e-05 -3.402919e-07 -2.281914e-07 -3.186522e-07 1.655458e-05 -5.207909e-04 -2.428489e-05 -5.509634e-06
 8959.600000 -3.096468e-05 -3.385591e-07 -2.270164e-07 -3.192208e-07 3.061923e-05 -5.102470e-04 -2.984439e-05 -1.690201e-05
 8959.800000 -3.094897e-05 -3.405451e-07 -2.284638e-07 -3.190011e-07 3.746393e-05 -5.076683e-04 -1.729214e-05 -8.746803e-06
 8960.000000 -3.092266e-05 -3.385092e-07 -2.274284e-07 -3.187041e-07 3.188205e-05 -5.076274e-04 -2.436752e-05 -1.751740e-05
 8960.200000 -3.087658e-05 -3.419302e-07 -2.296881e-07 -3.182369e-07 2.787067e-05 -5.217121e-04 -2.645294e-05 -2.838143e-06
 8960.400000 -3.093240e-05 -3.404727e-07 -2.284377e-07 -3.188522e-07 2.552613e-05 -5.247235e-04 -3.090255e-05 -1.894142e-06
 8960.600000 -3.101403e-05 -3.372768e-07 -2.262386e-07 -3.197133e-07 2.802284e-05 -5.305315e-04 -3.550320e-05 -9.444294e-06
 8960.800000 -3.100538e-05 -3.380842e-07 -2.269799e-07 -3.197026e-07 2.281735e-05 -5.390709e-04 -3.930713e-05 1.134722e-06
 8961.000000 -3.096528e-05 -3.390931e-07 -2.276165e-07 -3.191553e-07 2.303442e-05 -5.280044e-04 -3.924022e-05 -1.365673e-05
 8961.200000 -3.095546e-05 -3.394548e-07 -2.280256e-07 -3.194329e-07 2.917714e-05 -5.256998e-04 -3.941791e-05 -2.381430e-06
 8961.400000 -3.099167e-05 -3.366606e-07 -2.259256e-07 -3.201932e-07 3.201541e-05 -5.236306e-04 -4.389086e-05 -1.464821e-05
 8961.600000 -3.098945e-05 -3.382748e-07 -2.268804e-07 -3.200767e-07 2.589087e-05 -5.186569e-04 -4.767252e-05 -1.719595e-05
 8961.800000 -3.092521e-05 -3.406038e-07 -2.282731e-07 -3.194603e-07 2.704511e-05 -5.097747e-04 -5.216175e-05 -1.044136e-05
 8962.000000 -3.090687e-05 -3.401601e-07 -2.280630e-07 -3.190927e-07 2.706292e-05 -4.990349e-04 -5.188328e-05 -8.572665e-06
 8962.200000 -3.098511e-05 -3.378596e-07 -2.263535e-07 -3.199905e-07 3.057465e-05 -4.810285e-04 -5.609012e-05 -2.063576e-06
 8962.400000 -3.100172e-05 -3.371329e-07 -2.259318e-07 -3.203801e-07 3.251923e-05 -4.819422e-04 -5.610161e-05 -6.303167e-06
 8962.600000 -3.098821e-05 -3.373243e-07 -2.260241e-07 -3.204347e-07 4.115108e-05 -4.884316e-04 -4.257009e-05 -6.114665e-06
 8962.800000 -3.099322e-05 -3.368039e-07 -2.256688e-07 -3.206444e-07 3.784926e-05 -4.796760e-04 -3.280317e-05 -6.167204e-06
 8963.000000 -3.098686e-05 -3.373760e-07 -2.259023e-07 -3.205945e-07 3.707877e-05 -4.870684e-04 -2.561506e-05 -2.929717e-06
 8963.200000 -3.097955e-05 -3.372855e-07 -2.255860e-07 -3.206890e-07 3.546429e-05 -4.822568e-04 -3.509380e-05 -9.046192e-06
 8963.400000 -3.096090e-05 -3.377656e-07 -2.259293e-07 -3.204519e-07 3.728999e-05 -4.968689e-04 -3.587684e-05 -5.586407e-06
 8963.600000 -3.096087e-05 -3.364490e-07 -2.252131e-07 -3.206722e-07 4.086407e-05 -5.175598e-04 -3.292977e-05 -7.506083e-06
 8963.800000 -3.094880e-05 -3.377934e-07 -2.261800e-07 -3.208101e-07 3.661531e-05 -5.092721e-04 -3.817552e-05 -1.130080e-05
 8964.000000 -3.089772e-05 -3.391533e-07 -2.271405e-07 -3.204820e-07 2.029075e-05 -5.082112e-04 -3.884114e-05 -1.299003e-05
 8964.200000 -3.082032e-05 -3.404985e-07 -2.281178e-07 -3.196798e-07 2.004887e-05 -4.922482e-04 -3.465891e-05 -1.205883e-05
 8964.400000 -3.074392e-05 -3.417578e-07 -2.287880e-07 -3.188482e-07 3.013322e-05 -5.055124e-04 -2.656214e-05 -1.506323e-05
 8964.600000 -3.086500e-05 -3.382396e-07 -2.260873e-07 -3.200917e-07 2.741577e-05 -5.134490e-04 -2.247910e-05 -1.199008e-05
 8964.800000 -3.090859e-05 -3.375117e-07 -2.258513e-07 -3.207303e-07 4.046199e-05 -5.132789e-04 -2.720570e-05 -5.989468e-06
 8965.000000 -3.086356e-05 -3.378818e-07 -2.260964e-07 -3.202870e-07 4.161985e-05 -5.147076e-04 -2.102893e-05 -1.632431e-06
 8965.200000 -3.085669e-05 -3.390386e-07 -2.268019e-07 -3.202294e-07 2.939828e-05 -5.155479e-04 -1.410920e-05 -9.973501e-07
 8965.400000 -3.089213e-05 -3.379725e-07 -2.260988e-07 -3.205111e-07 2.856623e-05 -5.070902e-04 -2.426803e-05 -3.624654e-06
 8965.600000 -3.085077e-05 -3.387307e-07 -2.264225e-07 -3.204784e-07 2.984378e-05 -5.099016e-04 -2.368061e-05 -5.318505e-06
 8965.800000 -3.085662e-05 -3.389882e-07 -2.260135e-07 -3.203762e-07 2.980564e-05 -4.958067e-04 -2.241634e-05 2.011949e-06
 8966.000000 -3.087042e-05 -3.363583e-07 -2.242439e-07 -3.207388e-07 3.534747e-05 -4.865242e-04 -2.005308e-05 5.461976e-06
 8966.200000 -3.086158e-05 -3.374854e-07 -2.251383e-07 -3.207130e-07 3.891315e-05 -4.972807e-04 -1.775595e-05 2.894924e-05
 8966.400000 -3.079520e-05 -3.395391e-07 -2.265046e-07 -3.198973e-07 4.153874e-05 -4.823354e-04 -7.025600e-06 5.516719e-05
 8966.600000 -3.072806e-05 -3.414361e-07 -2.277602e-07 -3.193610e-07 4.461708e-05 -4.947470e-04 -9.792373e-06 5.409359e-05
 8966.800000 -3.074018e-05 -3.407398e-07 -2.270248e-07 -3.195062e-07 4.177751e-05 -4.940485e-04 -2.980901e-05 4.882999e-05
 8967.000000 -3.071585e-05 -3.411735e-07 -2.270009e-07 -3.196216e-07 3.663867e-05 -4.941354e-04 -3.715674e-05 4.595553e-05
 8967.200000 -3.076635e-05 -3.416067e-07 -2.269515e-07 -3.201644e-07 3.971442e-05 -5.180194e-04 -2.743111e-05 4.531576e-05
 8967.400000 -3.080609e-05 -3.391697e-07 -2.253627e-07 -3.208390e-07 4.450128e-05 -5.148992e-04 -1.355727e-05 4.338452e-05
 8967.600000 -3.081754e-05 -3.388216e-07 -2.251203e-07 -3.208427e-07 4.641235e-05 -4.787283e-04 -1.705404e-05 5.082626e-05
 8967.800000 -3.081234e-05 -3.386397e-07 -2.250534e-07 -3.210097e-07 3.908924e-05 -4.850277e-04 -4.920358e-05 5.789555e-05
 8968.000000 -3.081142e-05 -3.376004e-07 -2.243353e-07 -3.208751e-07 4.886000e-05 -5.064296e-04 -5.661270e-05 5.386268e-05
 8968.200000 -3.082079e-05 -3.381895e-07 -2.246805e-07 -3.212404e-07 4.724530e-05 -5.122498e-04 -5.450614e-05 5.616405e-05
 8968.400000 -3.080923e-05 -3.370876e-07 -2.236665e-07 -3.213051e-07 3.432270e-05 -5.023556e-04 -6.054392e-05 5.628750e-05
 8968.600000 -3.080527e-05 -3.389874e-07 -2.248094e-07 -3.212104e-07 3.224304e-05 -5.189953e-04 -5.930330e-05 5.264828e-05
 8968.800000 -3.080829e-05 -3.389990e-07 -2.246316e-07 -3.213513e-07 3.285503e-05 -5.214766e-04 -4.357090e-05 5.392043e-05
 8969.000000 -3.080776e-05 -3.377316e-07 -2.238816e-07 -3.214127e-07 3.357312e-05 -5.104182e-04 -4.295152e-05 5.896637e-05
 8969.200000 -3.079124e-05 -3.373882e-07 -2.235735e-07 -3.212075e-07 3.958160e-05 -5.080689e-04 -5.224647e-05 5.357700e-05
 8969.400000 -3.077757e-05 -3.372166e-07 -2.233778e-07 -3.213354e-07 3.696495e-05 -4.971563e-04 -5.133316e-05 5.011057e-05
 8969.600000 -3.078343e-05 -3.381234e-07 -2.238749e-07 -3.212416e-07 4.493603e-05 -4.790436e-04 -5.308205e-05 3.922603e-05
 8969.800000 -3.078530e-05 -3.366316e-07 -2.227339e-07 -3.217833e-07 4.074926e-05 -4.628000e-04 -4.687153e-05 4.516767e-05
 8970.000000 -3.080214e-05 -3.379330e-07 -2.231298e-07 -3.218920e-07 2.647749e-05 -4.642783e-04 -5.276273e-05 4.922167e-05
 8970.200000 -3.080569e-05 -3.381820e-07 -2.233015e-07 -3.220557e-07 2.786339e-05 -4.804278e-04 -5.578093e-05 3.917823e-05
 8970.400000 -3.079586e-05 -3.372053e-07 -2.226584e-07 -3.223171e-07 2.416544e-05 -4.820809e-04 -5.934142e-05 4.520955e-05
 8970.600000 -3.075017e-05 -3.402524e-07 -2.245149e-07 -3.215887e-07 3.891500e-05 -4.638849e-04 -4.404169e-05 4.781111e-05
 8970.800000 -3.074313e-05 -3.371112e-07 -2.221309e-07 -3.217272e-07 3.934287e-05 -4.589269e-04 -2.881878e-05 4.496873e-05
 8971.000000 -3.074405e-05 -3.400937e-07 -2.237731e-07 -3.220064e-07 4.017842e-05 -4.366507e-04 -4.503272e-05 3.761514e-05
 8971.200000 -3.074148e-05 -3.376341e-07 -2.218078e-07 -3.222797e-07 3.194720e-05 -4.440840e-04 -4.482113e-05 3.825028e-05
 8971.400000 -3.076850e-05 -3.370926e-07 -2.213110e-07 -3.226205e-07 2.281646e-05 -4.429111e-04 -3.933038e-05 3.546030e-05
 8971.600000 -3.077983e-05 -3.373806e-07 -2.214010e-07 -3.231406e-07 2.051918e-05 -4.567742e-04 -4.041972e-05 4.318784e-05
 8971.800000 -3.074423e-05 -3.358951e-07 -2.201333e-07 -3.229785e-07 2.111962e-05 -4.744448e-04 -4.197156e-05 4.593235e-05
 8972.000000 -3.071432e-05 -3.392121e-07 -2.221357e-07 -3.226463e-07 1.710982e-05 -4.586289e-04 -3.915685e-05 4.392210e-05
 8972.200000 -3.072063e-05 -3.374846e-07 -2.207193e-07 -3.230218e-07 1.773280e-05 -4.358623e-04 -3.455138e-05 4.365050e-05
 8972.400000 -3.075018e-05 -3.370115e-07 -2.200456e-07 -3.231034e-07 1.114342e-05 -4.349003e-04 -3.215356e-05 3.508747e-05
 8972.600000 -3.074993e-05 -3.355903e-07 -2.185469e-07 -3.237189e-07 7.953477e-06 -4.378568e-04 -2.054970e-05 3.346698e-05
 8972.800000 -3.071913e-05 -3.359481e-07 -2.187666e-07 -3.233833e-07 1.861678e-05 -4.160363e-04 -1.980715e-05 4.017522e-05
 8973.000000 -3.071683e-05 -3.375049e-07 -2.196737e-07 -3.236044e-07 1.408149e-05 -4.465829e-04 -2.898556e-05 3.810404e-05
 8973.200000 -3.070660e-05 -3.360683e-07 -2.183618e-07 -3.237242e-07 8.892540e-06 -4.572591e-04 -2.968706e-05 4.499967e-05
 8973.400000 -3.069181e-05 -3.370728e-07 -2.185892e-07 -3.239602e-07 1.081515e-05 -4.712390e-04 -2.245470e-05 4.542811e-05
 8973.600000 -3.065466e-05 -3.367682e-07 -2.179554e-07 -3.234577e-07 1.714089e-05 -4.786448e-04 -2.766184e-05 3.786778e-05
 8973.800000 -3.068123e-05 -3.351296e-07 -2.165694e-07 -3.240757e-07 1.539904e-05 -4.705353e-04 -2.856961e-05 3.534183e-05
 8974.000000 -3.070519e-05 -3.358757e-07 -2.163138e-07 -3.245991e-07 2.257663e-05 -4.657058e-04 -3.461787e-05 4.053345e-05
 8974.200000 -3.064441e-05 -3.367841e-07 -2.164424e-07 -3.242288e-07 1.451991e-05 -4.417896e-04 -3.653001e-05 4.792202e-05
 8974.400000 -3.065516e-05 -3.372957e-07 -2.161958e-07 -3.245331e-07 1.803116e-05 -4.450134e-04 -3.792228e-05 4.415627e-05
 8974.600000 -3.058574e-05 -3.383163e-07 -2.163003e-07 -3.245050e-07 2.311791e-05 -4.232540e-04 -3.818707e-05 4.959285e-05
 8974.800000 -3.053902e-05 -3.398089e-07 -2.163959e-07 -3.243830e-07 1.639384e-05 -4.190506e-04 -2.702312e-05 5.818811e-05
 8975.000000 -3.059330e-05 -3.395805e-07 -2.156759e-07 -3.251910e-07 2.344615e-05 -4.309273e-04 -3.626021e-05 4.786094e-05
 8975.200000 -3.058784e-05 -3.379416e-07 -2.136060e-07 -3.257262e-07 2.911258e-05 -4.269743e-04 -2.965337e-05 4.360102e-05
 8975.400000 -3.065066e-05 -3.370600e-07 -2.118522e-07 -3.266851e-07 2.880281e-05 -4.122522e-04 -2.942698e-05 1.679738e-05
 8975.600000 -3.064722e-05 -3.371050e-07 -2.108535e-07 -3.274356e-07 2.719295e-05 -4.127967e-04 -4.152721e-05 1.026696e-05
 8975.800000 -3.061441e-05 -3.382207e-07 -2.100255e-07 -3.276557e-07 2.804488e-05 -4.326837e-04 -4.039011e-05 1.273436e-05
 8976.000000 -3.056304e-05 -3.389788e-07 -2.089886e-07 -3.276180e-07 3.145500e-05 -4.305313e-04 -4.080592e-05 5.307147e-06
 8976.200000 -3.050869e-05 -3.383267e-07 -2.067578e-07 -3.276225e-07 2.944849e-05 -4.179283e-04 -6.022091e-05 1.121897e-06
 8976.400000 -3.055999e-05 -3.389769e-07 -2.051362e-07 -3.291355e-07 3.271430e-05 -4.067206e-04 -5.709149e-05 -7.367109e-07
 8976.600000 -3.061965e-05 -3.359819e-07 -2.005470e-07 -3.304049e-07 3.870344e-05 -4.107472e-04 -5.457283e-05 -6.115545e-06
 8976.800000 -3.062317e-05 -3.377583e-07 -1.986096e-07 -3.312890e-07 4.005957e-05 -4.347268e-04 -3.010897e-05 1.883378e-06
 8977.000000 -3.060081e-05 -3.363546e-07 -1.943748e-07 -3.322234e-07 3.150957e-05 -4.345758e-04 -3.733692e-05 9.322396e-06
 8977.200000 -3.058769e-05 -3.370853e-07 -1.903923e-07 -3.332448e-07 2.895447e-05 -4.197718e-04 -4.117189e-05 -8.196511e-06
 8977.400000 -3.056242e-05 -3.364130e-07 -1.847585e-07 -3.341207e-07 3.130697e-05 -4.040386e-04 -3.382397e-05 -5.137822e-06
 8977.600000 -3.057983e-05 -3.353495e-07 -1.781139e-07 -3.358951e-07 3.373885e-05 -4.197201e-04 -4.065106e-05 -1.448217e-05
 8977.800000 -3.057033e-05 -3.347897e-07 -1.706088e-07 -3.376502e-07 3.492387e-05 -4.041111e-04 -3.939079e-05 -8.182961e-06
 8978.000000 -3.054431e-05 -3.361620e-07 -1.634171e-07 -3.387945e-07 4.279287e-05 -3.917622e-04 -5.667174e-05 -1.363127e-05
 8978.200000 -3.047139e-05 -3.368186e-07 -1.561183e-07 -3.405719e-07 4.127948e-05 -3.820102e-04 -4.682709e-05 -1.366796e-05
 8978.400000 -3.040227e-05 -3.360045e-07 -1.475445e-07 -3.427510e-07 3.867620e-05 -3.842675e-04 -5.503575e-05 -1.280154e-05
 8978.600000 -3.035751e-05 -3.377092e-07 -1.402125e-07 -3.453905e-07 3.716549e-05 -3.883404e-04 -5.058347e-05 -1.537796e-05
 8978.800000 -3.038301e-05 -3.372256e-07 -1.320282e-07 -3.501192e-07 3.628594e-05 -3.825651e-04 -4.495859e-05 -1.583691e-05
 8979.000000 -3.029708e-05 -3.362065e-07 -1.246350e-07 -3.543696e-07 2.434458e-05 -3.959582e-04 -3.902724e-05 -1.300783e-05
 8979.200000 -3.018167e-05 -3.394133e-07 -1.195965e-07 -3.591064e-07 1.940732e-05 -4.004743e-04 -3.688726e-05 2.006429e-06
 8979.400000 -3.019386e-05 -3.396017e-07 -1.136289e-07 -3.670145e-07 2.304773e-05 -3.844001e-04 -4.172342e-05 5.826841e-06
 8979.600000 -3.029390e-05 -3.331106e-07 -1.061978e-07 -3.776835e-07 1.833847e-05 -3.884573e-04 -3.572698e-05 -2.886314e-06
 8979.800000 -3.041867e-05 -3.291056e-07 -1.006658e-07 -3.907533e-07 1.996771e-05 -3.900329e-04 -3.289791e-05 -4.379235e-06
 8980.000000 -3.041964e-05 -3.275094e-07 -9.722766e-08 -4.033383e-07 2.260074e-05 -3.883302e-04 -2.732504e-05 1.630282e-05
 8980.200000 -3.036436e-05 -3.262966e-07 -9.492103e-08 -4.163268e-07 2.109856e-05 -3.836826e-04 -2.901897e-05 9.068540e-06
 8980.400000 -3.032506e-05 -3.247406e-07 -9.311979e-08 -4.304793e-07 2.315721e-05 -3.969164e-04 -2.944975e-05 1.740768e-05
 8980.600000 -3.033529e-05 -3.219879e-07 -9.144924e-08 -4.447451e-07 2.242606e-05 -4.057732e-04 -2.902686e-05 1.817370e-05
 8980.800000 -3.035700e-05 -3.213563e-07 -9.094591e-08 -4.569775e-07 2.015472e-05 -4.011292e-04 -2.688752e-05 1.324814e-05
 8981.000000 -3.034516e-05 -3.195819e-07 -9.059429e-08 -4.656156e-07 2.342083e-05 -3.845885e-04 -3.171668e-05 1.405434e-05
 8981.200000 -3.031695e-05 -3.187350e-07 -9.088104e-08 -4.701450e-07 2.171510e-05 -3.666418e-04 -3.514599e-05 6.552899e-06
 8981.400000 -3.029873e-05 -3.202596e-07 -9.174698e-08 -4.709968e-07 1.763269e-05 -3.481484e-04 -2.271302e-05 1.355333e-05
 8981.600000 -3.026084e-05 -3.212759e-07 -9.244674e-08 -4.671022e-07 2.393273e-05 -3.383034e-04 -2.862084e-05 1.511390e-05
 8981.800000 -3.019322e-05 -3.254291e-07 -9.412127e-08 -4.599231e-07 2.843653e-05 -3.557074e-04 -5.477129e-05 1.435807e-05
 8982.000000 -3.017748e-05 -3.257963e-07 -9.459941e-08 -4.514740e-07 3.481288e-05 -3.666247e-04 -6.120633e-05 8.712168e-06
 8982.200000 -3.008359e-05 -3.297077e-07 -9.627005e-08 -4.410825e-07 3.469347e-05 -3.526284e-04 -5.724105e-05 8.313730e-06
 8982.400000 -3.004537e-05 -3.312137e-07 -9.716061e-08 -4.318117e-07 2.050573e-05 -3.751090e-04 -4.498530e-05 1.911402e-05
 8982.600000 -3.015057e-05 -3.283924e-07 -9.651875e-08 -4.259011e-07 1.512386e-05 -3.857926e-04 -4.214391e-05 1.982028e-05
 8982.800000 -3.021035e-05 -3.279524e-07 -9.627783e-08 -4.206739e-07 1.280411e-05 -4.027238e-04 -3.623096e-05 8.252782e-06
 8983.000000 -3.025384e-05 -3.258301e-07 -9.499262e-08 -4.165613e-07 1.974494e-05 -3.920692e-04 -4.065612e-05 8.952836e-06
 8983.200000 -3.018519e-05 -3.271442e-07 -9.457654e-08 -4.129618e-07 2.319280e-05 -3.933943e-04 -3.650649e-05 1.239156e-05
 8983.400000 -3.001927e-05 -3.323861e-07 -9.526247e-08 -4.086195e-07 2.633164e-05 -3.798981e-04 -3.406496e-05 1.000588e-05
 8983.600000 -2.998363e-05 -3.332823e-07 -9.467163e-08 -4.078813e-07 2.854035e-05 -3.793222e-04 -2.456822e-05 3.301367e-06
 8983.800000 -3.000752e-05 -3.333564e-07 -9.340038e-08 -4.088922e-07 2.665167e-05 -3.536091e-04 -2.394285e-05 1.086718e-05
 8984.000000 -3.007606e-05 -3.279104e-07 -9.043105e-08 -4.119086e-07 2.379069e-05 -3.696930e-04 -2.578682e-05 -2.374860e-06
 8984.200000 -3.006945e-05 -3.307555e-07 -9.003803e-08 -4.140595e-07 2.777605e-05 -3.666698e-04 -2.068406e-05 -7.745124e-06
 8984.400000 -3.009897e-05 -3.293790e-07 -8.804437e-08 -4.175984e-07 2.534079e-05 -3.658490e-04 -1.834289e-05 -1.602969e-06
 8984.600000 -3.015597e-05 -3.249516e-07 -8.568850e-08 -4.214058e-07 2.985680e-05 -3.714916e-04 -2.331541e-05 1.579672e-06
 8984.800000 -3.019016e-05 -3.235578e-07 -8.399610e-08 -4.249948e-07 2.958977e-05 -3.700819e-04 -3.498338e-05 -6.007473e-06
 8985.000000 -3.018771e-05 -3.238265e-07 -8.309026e-08 -4.277109e-07 2.673601e-05 -3.841882e-04 -2.637151e-05 6.359132e-06
 8985.200000 -3.014654e-05 -3.245000e-07 -8.207309e-08 -4.299666e-07 2.780768e-05 -3.842838e-04 -3.511097e-05 7.787657e-06
 8985.400000 -3.013399e-05 -3.243406e-07 -8.083159e-08 -4.320120e-07 2.801877e-05 -3.826888e-04 -3.998006e-05 4.391939e-06
 8985.600000 -3.011056e-05 -3.256197e-07 -8.013428e-08 -4.341577e-07 2.279885e-05 -3.865275e-04 -3.390388e-05 1.146146e-05
 8985.800000 -3.011320e-05 -3.246370e-07 -7.858837e-08 -4.361573e-07 3.204736e-05 -3.827691e-04 -3.168028e-05 1.681507e-05
 8986.000000 -3.009214e-05 -3.234787e-07 -7.697689e-08 -4.381118e-07 2.420184e-05 -3.299920e-04 -3.378689e-05 1.687441e-05
 8986.200000 -3.012013e-05 -3.230248e-07 -7.551572e-08 -4.407984e-07 2.767576e-05 -3.378578e-04 -3.270993e-05 1.098303e-05
 8986.400000 -3.015710e-05 -3.210588e-07 -7.388775e-08 -4.434215e-07 2.656087e-05 -3.599362e-04 -1.745416e-05 1.249366e-05
 8986.600000 -3.014310e-05 -3.223416e-07 -7.287912e-08 -4.459890e-07 3.068640e-05 -3.668940e-04 -2.941744e-05 1.183846e-05
 8986.800000 -3.012060e-05 -3.210749e-07 -7.126890e-08 -4.486532e-07 2.465362e-05 -3.340259e-04 -2.704272e-05 1.283298e-05
 8987.000000 -3.006868e-05 -3.222301e-07 -7.021396e-08 -4.512624e-07 2.669188e-05 -3.323187e-04 -2.915059e-05 1.155717e-05
 8987.200000 -2.999486e-05 -3.237008e-07 -6.920869e-08 -4.537381e-07 3.132189e-05 -3.681858e-04 -3.332242e-05 4.817461e-06
 8987.400000 -3.001063e-05 -3.224772e-07 -6.710706e-08 -4.577292e-07 3.053207e-05 -3.725084e-04 -2.895481e-05 -4.557494e-06
 8987.600000 -3.003691e-05 -3.201091e-07 -6.512904e-08 -4.627141e-07 3.217509e-05 -3.684996e-04 -2.651907e-05 -3.759391e-06
 8987.800000 -3.007449e-05 -3.192835e-07 -6.347514e-08 -4.681464e-07 3.313298e-05 -3.747582e-04 -3.049751e-05 -9.311822e-07
 8988.000000 -3.006483e-05 -3.188506e-07 -6.167691e-08 -4.729483e-07 3.324712e-05 -3.742935e-04 -2.550028e-05 1.571164e-06
 8988.200000 -3.004648e-05 -3.199422e-07 -6.017664e-08 -4.780236e-07 3.238871e-05 -3.653097e-04 -3.196160e-05 -9.650092e-07
 8988.400000 -2.997606e-05 -3.206339e-07 -5.869194e-08 -4.821502e-07 1.617228e-05 -3.500061e-04 -1.369507e-05 7.857187e-06
 8988.600000 -2.994426e-05 -3.226597e-07 -5.719681e-08 -4.867921e-07 1.262613e-05 -3.575279e-04 -1.487751e-05 1.504766e-05
 8988.800000 -2.997008e-05 -3.211611e-07 -5.514476e-08 -4.923551e-07 1.476549e-05 -3.616779e-04 -2.375530e-05 1.566304e-05
 8989.000000 -2.994711e-05 -3.193451e-07 -5.336832e-08 -4.974364e-07 1.065090e-05 -3.515336e-04 -1.963450e-05 1.817776e-05
 8989.200000 -2.987603e-05 -3.205986e-07 -5.206420e-08 -5.010557e-07 9.568136e-06 -3.459009e-04 -1.716035e-05 9.309411e-06
 8989.400000 -2.992173e-05 -3.195464e-07 -5.026411e-08 -5.070659e-07 8.107310e-06 -3.480755e-04 -8.680754e-06 1.717616e-05
 8989.600000 -2.999265e-05 -3.162283e-07 -4.803050e-08 -5.135082e-07 2.533286e-05 -3.675401e-04 -2.215128e-05 1.044345e-05
 8989.800000 -3.000889e-05 -3.140543e-07 -4.611598e-08 -5.188372e-07 2.971788e-05 -3.785399e-04 -2.373575e-05 1.684580e-05
 8990.000000 -2.998988e-05 -3.149420e-07 -4.466954e-08 -5.234418e-07 2.577436e-05 -3.778922e-04 -3.568458e-05 5.900787e-06
 8990.200000 -2.995633e-05 -3.157723e-07 -4.351075e-08 -5.275686e-07 2.746042e-05 -3.806596e-04 -3.205610e-05 -4.274716e-06
 8990.400000 -2.995233e-05 -3.142939e-07 -4.204018e-08 -5.320002e-07 2.098920e-05 -3.920334e-04 -4.090525e-05 -1.461552e-06
 8990.600000 -2.992807e-05 -3.147975e-07 -4.093943e-08 -5.354307e-07 1.583905e-05 -3.848041e-04 -4.960275e-05 -8.316116e-06
 8990.800000 -2.986052e-05 -3.171782e-07 -4.010610e-08 -5.374945e-07 1.603974e-05 -3.859995e-04 -4.364563e-05 -2.117912e-06
 8991.000000 -2.979944e-05 -3.181264e-07 -3.918300e-08 -5.390792e-07 1.800880e-05 -3.729671e-04 -3.984142e-05 5.908761e-06
 8991.200000 -2.988724e-05 -3.148039e-07 -3.761092e-08 -5.431618e-07 1.906579e-05 -3.836862e-04 -4.293948e-05 1.469659e-05
 8991.400000 -2.994497e-05 -3.124247e-07 -3.627441e-08 -5.460559e-07 2.304207e-05 -3.929218e-04 -3.714323e-05 3.808798e-05
 8991.600000 -2.993067e-05 -3.118961e-07 -3.560918e-08 -5.469517e-07 2.959892e-05 -3.904600e-04 -3.520568e-05 4.170683e-05
 8991.800000 -2.990120e-05 -3.116029e-07 -3.502243e-08 -5.470541e-07 2.653082e-05 -3.857044e-04 -5.130114e-05 4.218268e-05
 8992.000000 -2.986135e-05 -3.131225e-07 -3.482896e-08 -5.466832e-07 2.936203e-05 -3.874321e-04 -6.287106e-05 4.083628e-05
 8992.200000 -2.982894e-05 -3.132840e-07 -3.432051e-08 -5.462668e-07 3.467529e-05 -4.032525e-04 -4.808949e-05 4.867527e-05
 8992.400000 -2.984483e-05 -3.135226e-07 -3.392716e-08 -5.465271e-07 3.245009e-05 -4.267653e-04 -4.992981e-05 3.988094e-05
 8992.600000 -2.982288e-05 -3.137368e-07 -3.350195e-08 -5.453967e-07 3.723911e-05 -4.103621e-04 -5.395143e-05 3.805795e-05
 8992.800000 -2.982808e-05 -3.137059e-07 -3.305471e-08 -5.450269e-07 4.127261e-05 -4.164197e-04 -4.926401e-05 4.118743e-05
 8993.000000 -2.980977e-05 -3.139332e-07 -3.292109e-08 -5.441934e-07 4.351008e-05 -4.155293e-04 -5.109240e-05 4.008763e-05
 8993.200000 -2.979788e-05 -3.155070e-07 -3.320261e-08 -5.434806e-07 3.585617e-05 -3.842138e-04 -5.112031e-05 3.927015e-05
 8993.400000 -2.977902e-05 -3.146479e-07 -3.322995e-08 -5.429226e-07 2.942588e-05 -3.424979e-04 -3.764706e-05 4.355080e-05
 8993.600000 -2.978636e-05 -3.139692e-07 -3.329994e-08 -5.430329e-07 3.330503e-05 -3.835022e-04 -4.060192e-05 4.265780e-05
 8993.800000 -2.975119e-05 -3.144354e-07 -3.368678e-08 -5.431237e-07 3.782657e-05 -3.998502e-04 -3.713262e-05 4.795973e-05
 8994.000000 -2.974138e-05 -3.150941e-07 -3.400754e-08 -5.437348e-07 3.673264e-05 -3.955357e-04 -2.861244e-05 5.789069e-05
 8994.200000 -2.979260e-05 -3.133642e-07 -3.393194e-08 -5.464955e-07 2.819321e-05 -3.990509e-04 -2.735466e-05 4.398145e-05
 8994.400000 -2.979418e-05 -3.127377e-07 -3.439887e-08 -5.484290e-07 2.796658e-05 -3.816019e-04 -2.698314e-05 3.810530e-05
 8994.600000 -2.980520e-05 -3.128578e-07 -3.469465e-08 -5.510607e-07 2.385070e-05 -3.985362e-04 -3.140012e-05 3.774931e-05
 8994.800000 -2.979221e-05 -3.104632e-07 -3.460444e-08 -5.536662e-07 2.928081e-05 -4.073360e-04 -3.096915e-05 3.101974e-05
 8995.000000 -2.979316e-05 -3.115278e-07 -3.497179e-08 -5.567747e-07 2.484849e-05 -4.017722e-04 -3.536925e-05 2.241535e-05
 8995.200000 -2.977513e-05 -3.113674e-07 -3.530142e-08 -5.601734e-07 1.942632e-05 -3.823755e-04 -3.455341e-05 3.099399e-05
 8995.400000 -2.977109e-05 -3.105333e-07 -3.552682e-08 -5.634628e-07 2.396750e-05 -3.863489e-04 -2.685236e-05 4.830768e-05
 8995.600000 -2.974774e-05 -3.102972e-07 -3.588102e-08 -5.663932e-07 3.311300e-05 -3.785813e-04 -3.789771e-05 4.697897e-05
 8995.800000 -2.971171e-05 -3.098725e-07 -3.629528e-08 -5.690841e-07 4.166703e-05 -3.578259e-04 -3.960559e-05 4.180379e-05
 8996.000000 -2.970714e-05 -3.118746e-07 -3.699921e-08 -5.719751e-07 4.075304e-05 -3.560777e-04 -3.022486e-05 4.019915e-05
 8996.200000 -2.975617e-05 -3.080176e-07 -3.691596e-08 -5.759103e-07 4.558722e-05 -3.634504e-04 -3.181432e-05 4.116005e-05
 8996.400000 -2.975716e-05 -3.067605e-07 -3.695829e-08 -5.780076e-07 5.498973e-05 -3.550805e-04 -2.928949e-05 3.767070e-05
 8996.600000 -2.974546e-05 -3.077621e-07 -3.743162e-08 -5.797017e-07 4.086646e-05 -3.550550e-04 -4.023376e-05 3.888481e-05
 8996.800000 -2.965762e-05 -3.091387e-07 -3.782143e-08 -5.791495e-07 3.813849e-05 -3.593513e-04 -4.215445e-05 4.834512e-05
 8997.000000 -2.958500e-05 -3.114740e-07 -3.854898e-08 -5.783600e-07 3.659951e-05 -3.409542e-04 -2.784734e-05 5.026094e-05
 8997.200000 -2.959248e-05 -3.099594e-07 -3.850290e-08 -5.787530e-07 3.594174e-05 -3.449006e-04 -2.684008e-05 3.959720e-05
 8997.400000 -2.962211e-05 -3.104544e-07 -3.873116e-08 -5.794541e-07 3.350752e-05 -3.381319e-04 -3.289205e-05 4.922105e-05
 8997.600000 -2.964536e-05 -3.088901e-07 -3.871777e-08 -5.791555e-07 4.002070e-05 -3.335321e-04 -2.737451e-05 4.003780e-05
 8997.800000 -2.964605e-05 -3.094967e-07 -3.895813e-08 -5.775007e-07 3.510645e-05 -3.552257e-04 -2.959606e-05 3.672643e-05
 8998.000000 -2.967474e-05 -3.074909e-07 -3.857212e-08 -5.759628e-07 4.325142e-05 -3.380486e-04 -3.328983e-05 4.527274e-05
 8998.200000 -2.970244e-05 -3.065244e-07 -3.827245e-08 -5.744585e-07 3.799421e-05 -3.258623e-04 -3.638108e-05 4.035784e-05
 8998.400000 -2.966173e-05 -3.065396e-07 -3.852081e-08 -5.706195e-07 3.337473e-05 -3.314211e-04 -2.729468e-05 5.077345e-05
 8998.600000 -2.959459e-05 -3.097319e-07 -3.863836e-08 -5.662206e-07 3.774488e-05 -3.339679e-04 -2.329204e-05 4.808617e-05
 8998.800000 -2.957959e-05 -3.104330e-07 -3.842512e-08 -5.628490e-07 3.696450e-05 -3.379380e-04 -1.941572e-05 4.128493e-05
 8999.000000 -2.960894e-05 -3.102260e-07 -3.803392e-08 -5.602996e-07 2.825657e-05 -3.375004e-04 -1.523721e-05 4.416564e-05
 8999.200000 -2.960327e-05 -3.095839e-07 -3.751330e-08 -5.574940e-07 2.995205e-05 -3.334354e-04 -2.370666e-05 4.318028e-05
 8999.400000 -2.959341e-05 -3.104057e-07 -3.723655e-08 -5.542276e-07 2.466670e-05 -3.279508e-04 -1.993762e-05 5.460022e-05
 8999.600000 -2.964504e-05 -3.082151e-07 -3.647931e-08 -5.523093e-07 3.419815e-05 -3.190459e-04 -2.057954e-05 4.408888e-05
 8999.800000 -2.966591e-05 -3.069364e-07 -3.608563e-08 -5.505910e-07 3.091483e-05 -3.176688e-04 -1.735414e-05 3.486269e-05
 9000.000000 -2.966500e-05 -3.075873e-07 -3.562635e-08 -5.481977e-07 3.317287e-05 -2.932431e-04 -2.866190e-05 4.266311e-05
 9000.200000 -2.962583e-05 -3.078075e-07 -3.515416e-08 -5.453478e-07 2.846924e-05 -2.801737e-04 -2.662934e-05 4.073443e-05
 9000.400000 -2.959888e-05 -3.086329e-07 -3.459555e-08 -5.434480e-07 2.860989e-05 -2.933922e-04 -2.519935e-05 4.587790e-05
 9000.600000 -2.961267e-05 -3.072491e-07 -3.366945e-08 -5.420310e-07 2.791479e-05 -2.880309e-04 -2.154449e-05 3.904216e-05
 9000.800000 -2.959115e-05 -3.071235e-07 -3.322030e-08 -5.406095e-07 3.088302e-05 -2.810229e-04 -2.521844e-05 3.084068e-05
 9001.000000 -2.954342e-05 -3.083384e-07 -3.333403e-08 -5.386672e-07 3.069486e-05 -2.833888e-04 -1.690462e-05 3.201867e-05
 9001.200000 -2.945655e-05 -3.067694e-07 -3.296376e-08 -5.366534e-07 2.033158e-05 -2.712169e-04 -1.426791e-05 3.947400e-05
 9001.400000 -2.934713e-05 -3.055823e-07 -3.228091e-08 -5.339273e-07 2.247674e-05 -2.984291e-04 -2.045421e-05 3.710075e-05
 9001.600000 -2.912307e-05 -3.062209e-07 -3.202543e-08 -5.294842e-07 1.873561e-05 -3.069708e-04 -2.498389e-05 3.354029e-05
 9001.800000 -2.895633e-05 -3.033928e-07 -3.145986e-08 -5.265012e-07 1.134133e-05 -3.038872e-04 -3.154160e-05 3.299906e-05
 9002.000000 -2.894303e-05 -3.023161e-07 -3.121148e-08 -5.258478e-07 1.748140e-05 -2.983403e-04 -3.179139e-05 4.094768e-05
 9002.200000 -2.897715e-05 -3.020035e-07 -3.117370e-08 -5.261480e-07 1.269861e-05 -2.867178e-04 -3.608789e-05 4.084294e-05
 9002.400000 -2.910478e-05 -3.035123e-07 -3.156850e-08 -5.280594e-07 1.303023e-05 -2.795754e-04 -2.417679e-05 4.299971e-05
 9002.600000 -2.919003e-05 -3.067318e-07 -3.189177e-08 -5.295417e-07 1.667126e-05 -2.936286e-04 -2.149552e-05 3.079982e-05
 9002.800000 -2.935077e-05 -3.069267e-07 -3.199993e-08 -5.319520e-07 1.955520e-05 -3.265678e-04 -3.449057e-05 2.377957e-05
 9003.000000 -2.951392e-05 -3.060056e-07 -3.176320e-08 -5.342534e-07 2.139004e-05 -3.201742e-04 -3.549975e-05 3.097695e-05
 9003.200000 -2.957025e-05 -3.094465e-07 -3.230199e-08 -5.345682e-07 1.941317e-05 -3.313058e-04 -3.960447e-05 3.367255e-05
 9003.400000 -2.963438e-05 -3.090678e-07 -3.243671e-08 -5.351883e-07 2.541374e-05 -3.349146e-04 -3.445261e-05 3.726195e-05
 9003.600000 -2.962866e-05 -3.083592e-07 -3.254476e-08 -5.350192e-07 2.436765e-05 -3.322230e-04 -3.955910e-05 3.963876e-05
 9003.800000 -2.964109e-05 -3.087362e-07 -3.316726e-08 -5.351938e-07 1.791190e-05 -3.216050e-04 -4.757388e-05 3.993116e-05
 9004.000000 -2.962740e-05 -3.084761e-07 -3.343781e-08 -5.345681e-07 2.651774e-05 -3.255829e-04 -3.257521e-05 4.361972e-05
 9004.200000 -2.962197e-05 -3.086803e-07 -3.374356e-08 -5.339158e-07 2.720128e-05 -3.500944e-04 -3.370602e-05 3.959152e-05
 9004.400000 -2.961454e-05 -3.070184e-07 -3.390237e-08 -5.330124e-07 2.764708e-05 -3.555072e-04 -3.109327e-05 4.026791e-05
 9004.600000 -2.959291e-05 -3.079232e-07 -3.436440e-08 -5.321536e-07 3.525134e-05 -3.476550e-04 -3.306567e-05 4.578417e-05
 9004.800000 -2.957035e-05 -3.102298e-07 -3.493415e-08 -5.313659e-07 3.369569e-05 -3.260355e-04 -2.659844e-05 5.049284e-05
 9005.000000 -2.957863e-05 -3.079444e-07 -3.528538e-08 -5.312542e-07 3.777256e-05 -3.588931e-04 -1.748884e-05 5.221021e-05
 9005.200000 -2.957724e-05 -3.082786e-07 -3.587477e-08 -5.309339e-07 3.657241e-05 -3.383734e-04 -3.841685e-05 3.418114e-05
 9005.400000 -2.955905e-05 -3.089437e-07 -3.639171e-08 -5.307391e-07 4.330849e-05 -3.463083e-04 -3.611484e-05 3.785964e-05
 9005.600000 -2.955381e-05 -3.080472e-07 -3.654364e-08 -5.302907e-07 3.686539e-05 -3.565250e-04 -3.523680e-05 4.055383e-05
 9005.800000 -2.956644e-05 -3.073034e-07 -3.665418e-08 -5.300767e-07 3.125597e-05 -3.386006e-04 -4.642364e-05 4.089076e-05
 9006.000000 -2.955179e-05 -3.065865e-07 -3.667850e-08 -5.297728e-07 2.821997e-05 -3.582935e-04 -5.788542e-05 4.201749e-05
 9006.200000 -2.953844e-05 -3.067545e-07 -3.677591e-08 -5.294771e-07 1.533599e-05 -3.446945e-04 -7.164429e-05 3.522095e-05
 9006.400000 -2.953603e-05 -3.067523e-07 -3.728546e-08 -5.290458e-07 1.883023e-05 -3.427833e-04 -6.440647e-05 2.693370e-05
 9006.600000 -2.949407e-05 -3.090422e-07 -3.797833e-08 -5.277135e-07 2.723025e-05 -3.518595e-04 -6.524278e-05 -8.207759e-06
 9006.800000 -2.950030e-05 -3.079621e-07 -3.811523e-08 -5.276407e-07 2.539078e-05 -3.459655e-04 -7.149787e-05 -2.254441e-05
 9007.000000 -2.944138e-05 -3.117893e-07 -3.867623e-08 -5.261009e-07 3.108845e-05 -3.524812e-04 -6.157100e-05 -1.828734e-05
 9007.200000 -2.938618e-05 -3.116701e-07 -3.876609e-08 -5.249121e-07 3.372229e-05 -3.520038e-04 -7.511131e-05 -1.847712e-05
 9007.400000 -2.940663e-05 -3.106210e-07 -3.877692e-08 -5.247493e-07 3.695537e-05 -3.350776e-04 -7.894746e-05 -7.665262e-06
 9007.600000 -2.945664e-05 -3.100399e-07 -3.894469e-08 -5.253742e-07 3.880336e-05 -3.371690e-04 -6.277586e-05 1.160515e-06
 9007.800000 -2.946022e-05 -3.092883e-07 -3.941182e-08 -5.247507e-07 3.855557e-05 -3.236889e-04 -4.988139e-05 -3.511518e-06
 9008.000000 -2.948721e-05 -3.082498e-07 -3.967869e-08 -5.246591e-07 3.041447e-05 -3.270036e-04 -3.380730e-05 -4.221636e-06
 9008.200000 -2.946563e-05 -3.102106e-07 -4.030588e-08 -5.241960e-07 2.108319e-05 -3.320815e-04 -3.467680e-05 -4.125398e-06
 9008.400000 -2.945803e-05 -3.117710e-07 -4.078097e-08 -5.239015e-07 2.448753e-05 -3.254784e-04 -3.954080e-05 -1.889702e-07
 9008.600000 -2.944447e-05 -3.106632e-07 -4.061567e-08 -5.232439e-07 2.344255e-05 -3.274854e-04 -4.529568e-05 4.816974e-06
 9008.800000 -2.945553e-05 -3.090871e-07 -4.058893e-08 -5.231551e-07 2.916920e-05 -3.433018e-04 -3.875884e-05 4.232929e-06
 9009.000000 -2.944726e-05 -3.089210e-07 -4.099735e-08 -5.225081e-07 3.168083e-05 -3.413960e-04 -3.771469e-05 -2.726392e-06
 9009.227860 -2.942734e-05 -3.103521e-07 -4.158339e-08 -5.217164e-07 3.766068e-05 -3.370460e-04 -3.255987e-05 -5.277821e-06
 9009.483581 -2.941613e-05 -3.105235e-07 -4.182024e-08 -5.215339e-07 4.542433e-05 -3.362469e-04 -3.892803e-05 -1.934993e-06
 9009.767162 -2.942317e-05 -3.091833e-07 -4.170261e-08 -5.219386e-07 3.430377e-05 -3.372470e-04 -3.372585e-05 9.836033e-06
 9010.078604 -2.939734e-05 -3.088296e-07 -4.159577e-08 -5.210822e-07 2.788197e-05 -3.370633e-04 -3.737158e-05 -2.925487e-06
 9010.417905 -2.938432e-05 -3.084115e-07 -4.180971e-08 -5.212065e-07 3.866973e-05 -3.383131e-04 -3.515444e-05 -6.415567e-06
 9010.785067 -2.926346e-05 -3.084056e-07 -4.185895e-08 -5.196039e-07 3.967560e-05 -3.375730e-04 -4.344063e-05 -1.005630e-05
 9011.180090 -2.915371e-05 -3.074214e-07 -4.161609e-08 -5.187741e-07 4.406015e-05 -3.253446e-04 -3.575695e-05 -1.762213e-05
 9011.602973 -2.908970e-05 -3.059843e-07 -4.123009e-08 -5.192757e-07 2.735130e-05 -3.332556e-04 -3.524078e-05 -1.793071e-05
 9012.053716 -2.905550e-05 -3.064491e-07 -4.129894e-08 -5.203607e-07 2.916883e-05 -3.388369e-04 -3.268428e-05 -1.108802e-05
 9012.532319 -2.909814e-05 -3.073334e-07 -4.120773e-08 -5.236529e-07 3.295100e-05 -3.597798e-04 -3.537422e-05 -6.183521e-06
 9013.038783 -2.917274e-05 -3.069384e-07 -4.100884e-08 -5.290839e-07 2.300321e-05 -3.678140e-04 -4.443212e-05 -5.771697e-07
 9013.573107 -2.927014e-05 -3.047908e-07 -4.050852e-08 -5.356530e-07 2.362638e-05 -3.627729e-04 -4.615700e-05 -6.203105e-06
 9014.135292 -2.937274e-05 -3.052499e-07 -3.997789e-08 -5.423904e-07 2.479359e-05 -3.581974e-04 -4.359927e-05 -1.136722e-05
 9014.725337 -2.940460e-05 -3.084600e-07 -4.015859e-08 -5.464799e-07 2.855412e-05 -3.628013e-04 -4.456724e-05 -9.938376e-06
 9015.343242 -2.942033e-05 -3.085440e-07 -3.967459e-08 -5.489154e-07 3.216091e-05 -3.487785e-04 -4.115875e-05 -6.622177e-06
 9015.989008 -2.943597e-05 -3.071389e-07 -3.886101e-08 -5.501082e-07 3.785376e-05 -3.666208e-04 -3.457049e-05 -8.869224e-06
 9016.662634 -2.936465e-05 -3.084977e-07 -3.865566e-08 -5.476838e-07 4.004282e-05 -3.643421e-04 -2.832739e-05 -3.048798e-06
 9017.364120 -2.925750e-05 -3.108221e-07 -3.799678e-08 -5.433931e-07 3.173621e-05 -3.427802e-04 -3.235894e-05 1.071132e-06
 9018.093467 -2.932688e-05 -3.098174e-07 -3.703623e-08 -5.416809e-07 2.477875e-05 -3.404276e-04 -2.857384e-05 -8.973256e-06
 9018.850674 -2.936085e-05 -3.084964e-07 -3.610383e-08 -5.386253e-07 1.611948e-05 -3.642913e-04 -3.157385e-05 -7.359541e-06
 9019.635741 -2.933410e-05 -3.091558e-07 -3.539861e-08 -5.336637e-07 2.501728e-05 -3.969328e-04 -3.482711e-05 -9.962245e-06
 9020.448669 -2.936525e-05 -3.077331e-07 -3.436671e-08 -5.296409e-07 2.356443e-05 -3.970276e-04 -3.135691e-05 -4.541639e-06
 9021.289457 -2.935624e-05 -3.072379e-07 -3.368497e-08 -5.253576e-07 2.651893e-05 -3.608982e-04 -3.303765e-05 -3.882679e-06
 9022.158106 -2.933758e-05 -3.077333e-07 -3.304023e-08 -5.211863e-07 2.743347e-05 -3.642863e-04 -4.307467e-05 -6.342071e-06
 9023.054614 -2.934071e-05 -3.068217e-07 -3.234161e-08 -5.183894e-07 1.961351e-05 -3.800060e-04 -4.152574e-05 3.271843e-05
 9023.978983 -2.926940e-05 -3.081491e-07 -3.197270e-08 -5.154023e-07 1.995836e-05 -3.728496e-04 -3.935023e-05 3.994165e-05
 9024.931213 -2.927210e-05 -3.075743e-07 -3.153522e-08 -5.149503e-07 2.159540e-05 -3.848739e-04 -3.985785e-05 3.596944e-05
 9025.911303 -2.928134e-05 -3.069344e-07 -3.182264e-08 -5.152406e-07 2.731467e-05 -3.810464e-04 -3.024819e-05 3.443669e-05
 9026.919253 -2.927282e-05 -3.069214e-07 -3.238211e-08 -5.158522e-07 3.021324e-05 -4.019704e-04 -2.867205e-05 2.713060e-05
 9027.955064 -2.925794e-05 -3.072068e-07 -3.359709e-08 -5.165561e-07 2.645623e-05 -4.022323e-04 -3.044609e-05 3.405513e-05
 9029.018734 -2.921175e-05 -3.070554e-07 -3.423783e-08 -5.172764e-07 2.898267e-05 -3.791539e-04 -3.144805e-05 4.273560e-05
 9030.110266 -2.918317e-05 -3.066734e-07 -3.528866e-08 -5.180651e-07 2.458947e-05 -3.977811e-04 -3.595248e-05 3.690513e-05
 9031.232723 -2.914825e-05 -3.071977e-07 -3.643581e-08 -5.190363e-07 2.438536e-05 -4.067737e-04 -3.019661e-05 3.500270e-05
 9032.367373 -2.912434e-05 -3.069311e-07 -3.742518e-08 -5.201999e-07 2.222199e-05 -3.956522e-04 -3.062437e-05 2.476858e-05
 9033.514214 -2.909230e-05 -3.069564e-07 -3.831440e-08 -5.218292e-07 2.001945e-05 -4.189002e-04 -3.838301e-05 -5.148070e-06
 9034.673248 -2.906347e-05 -3.066637e-07 -3.868901e-08 -5.242045e-07 1.945783e-05 -4.313305e-04 -3.313276e-05 9.673081e-06
 9035.844473 -2.904236e-05 -3.062846e-07 -3.875789e-08 -5.268665e-07 2.092044e-05 -4.152223e-04 -2.366268e-05 8.166309e-07
 9037.027890 -2.907940e-05 -3.040723e-07 -3.824129e-08 -5.308764e-07 2.516295e-05 -4.083983e-04 -2.863129e-05 -1.899008e-06
 9038.223499 -2.905349e-05 -3.032515e-07 -3.784770e-08 -5.335939e-07 3.221781e-05 -4.228863e-04 -3.694006e-05 2.108581e-06
 9039.431300 -2.903320e-05 -3.027887e-07 -3.736109e-08 -5.356991e-07 2.013310e-05 -4.368611e-04 -3.768279e-05 -7.588504e-06
 9040.651293 -2.901150e-05 -3.031710e-07 -3.717517e-08 -5.371384e-07 2.718627e-05 -4.281823e-04 -3.830160e-05 -1.725249e-05
 9041.883478 -2.895025e-05 -3.036236e-07 -3.715278e-08 -5.374777e-07 2.768430e-05 -4.178672e-04 -3.263216e-05 -1.623076e-05
 9043.127855 -2.893190e-05 -3.028254e-07 -3.720106e-08 -5.380400e-07 2.776558e-05 -3.971797e-04 -3.967654e-05 -1.772930e-05
 9044.384423 -2.893917e-05 -3.007649e-07 -3.691391e-08 -5.396433e-07 2.679111e-05 -4.145840e-04 -4.582588e-05 -1.348337e-05
 9045.653184 -2.887416e-05 -3.013868e-07 -3.702740e-08 -5.396124e-07 2.445621e-05 -4.157443e-04 -3.837701e-05 -1.072927e-05
 9046.934136 -2.879537e-05 -3.022987e-07 -3.672372e-08 -5.394163e-07 2.778998e-05 -4.090856e-04 -3.810985e-05 -1.071966e-05
 9048.227280 -2.875778e-05 -3.034478e-07 -3.643340e-08 -5.400786e-07 2.738275e-05 -4.089307e-04 -4.938821e-05 -1.061319e-05
 9049.532617 -2.878445e-05 -3.017302e-07 -3.604068e-08 -5.422106e-07 2.426043e-05 -4.083061e-04 -5.137069e-05 -9.696030e-06
 9050.850145 -2.880440e-05 -3.009522e-07 -3.583907e-08 -5.440532e-07 2.517892e-05 -3.894239e-04 -3.943244e-05 -1.853805e-06
 9052.179865 -2.869328e-05 -3.028964e-07 -3.598929e-08 -5.429520e-07 2.367698e-05 -3.935609e-04 -4.183199e-05 2.629863e-06
 9053.521777 -2.856310e-05 -3.063388e-07 -3.663530e-08 -5.405773e-07 1.972118e-05 -3.874283e-04 -4.381744e-05 2.379060e-06
 9054.875881 -2.854679e-05 -3.059046e-07 -3.661922e-08 -5.404977e-07 2.290252e-05 -3.808569e-04 -5.046332e-05 6.226118e-06
 9056.242177 -2.861293e-05 -3.025162e-07 -3.562635e-08 -5.424048e-07 2.440914e-05 -3.809354e-04 -6.272969e-05 8.514890e-06
 9057.620664 -2.868761e-05 -2.990640e-07 -3.441188e-08 -5.440409e-07 2.775870e-05 -3.863115e-04 -6.206992e-05 1.054570e-05
 9059.011344 -2.848075e-05 -2.995416e-07 -3.422334e-08 -5.396975e-07 2.080756e-05 -3.839173e-04 -5.844218e-05 7.692131e-06
 9060.414215 -2.831729e-05 -3.010805e-07 -3.386539e-08 -5.361720e-07 1.875557e-05 -3.773244e-04 -5.334220e-05 6.563169e-06
 9061.829279 -2.852761e-05 -2.990928e-07 -3.305263e-08 -5.399937e-07 1.194337e-05 -3.701488e-04 -5.003005e-05 2.339656e-06
 9063.256534 -2.861537e-05 -2.987890e-07 -3.275828e-08 -5.412797e-07 1.353870e-05 -3.627577e-04 -4.606577e-05 1.939741e-06
 9064.695981 -2.859814e-05 -2.987791e-07 -3.272530e-08 -5.407622e-07 1.438901e-05 -3.616296e-04 -6.120346e-05 1.225171e-05
 9066.147620 -2.861128e-05 -2.991346e-07 -3.231284e-08 -5.409753e-07 2.426522e-05 -3.717570e-04 -5.566429e-05 4.280204e-06
 9067.611452 -2.858129e-05 -2.992807e-07 -3.198242e-08 -5.407577e-07 2.333877e-05 -3.569437e-04 -4.434099e-05 1.165758e-05
 9069.087475 -2.855062e-05 -3.001405e-07 -3.151463e-08 -5.406009e-07 2.783855e-05 -3.582176e-04 -4.344586e-05 1.166220e-05
 9070.575689 -2.847070e-05 -3.015355e-07 -3.142134e-08 -5.398688e-07 2.226972e-05 -3.519335e-04 -4.599561e-05 1.043420e-05
 9072.076096 -2.841334e-05 -3.020236e-07 -3.128719e-08 -5.393305e-07 2.007537e-05 -3.561133e-04 -4.976176e-05 1.151772e-05
 9073.588695 -2.843435e-05 -3.012314e-07 -3.122338e-08 -5.408721e-07 2.506929e-05 -3.458588e-04 -5.272793e-05 7.104895e-06
 9075.113485 -2.838418e-05 -3.013613e-07 -3.176839e-08 -5.405876e-07 2.138234e-05 -3.199840e-04 -5.587538e-05 1.325110e-05
 9076.650468 -2.829160e-05 -3.036606e-07 -3.282350e-08 -5.388433e-07 2.496763e-05 -3.365860e-04 -5.136005e-05 6.040056e-05
 9078.199642 -2.825300e-05 -3.040821e-07 -3.395485e-08 -5.380929e-07 2.761358e-05 -3.283413e-04 -4.885959e-05 5.947368e-05
 9079.761009 -2.814495e-05 -3.059215e-07 -3.509400e-08 -5.354944e-07 3.209549e-05 -3.374259e-04 -4.886339e-05 5.412983e-05
 9081.334567 -2.814195e-05 -3.050645e-07 -3.575502e-08 -5.360349e-07 2.936643e-05 -3.442599e-04 -5.008607e-05 5.257909e-05
 9082.920317 -2.819550e-05 -3.003905e-07 -3.595994e-08 -5.382457e-07 2.162140e-05 -3.490343e-04 -5.129794e-05 5.392700e-05
 9084.518259 -2.824940e-05 -2.985599e-07 -3.648159e-08 -5.400907e-07 1.625158e-05 -3.335374e-04 -5.304353e-05 5.343362e-05
 9086.128393 -2.826595e-05 -2.978155e-07 -3.675040e-08 -5.412951e-07 1.773163e-05 -3.331867e-04 -5.119190e-05 6.030852e-05
 9087.750719 -2.824835e-05 -2.989371e-07 -3.711577e-08 -5.420524e-07 2.294016e-05 -3.266573e-04 -4.321194e-05 5.140082e-05
 9089.385237 -2.830508e-05 -2.980677e-07 -3.731316e-08 -5.437900e-07 2.105067e-05 -3.317941e-04 -4.124761e-05 4.508348e-05
 9091.031946 -2.830826e-05 -2.978057e-07 -3.786339e-08 -5.444165e-07 2.452107e-05 -3.531972e-04 -4.503546e-05 5.293374e-05
 9092.690848 -2.829566e-05 -2.972971e-07 -3.870777e-08 -5.446162e-07 2.508664e-05 -3.353223e-04 -4.188588e-05 5.641859e-05
 9094.361942 -2.830373e-05 -2.969962e-07 -3.934644e-08 -5.449470e-07 2.842371e-05 -3.133228e-04 -4.705944e-05 5.362479e-05
 9096.045227 -2.826642e-05 -2.959389e-07 -3.963925e-08 -5.443657e-07 2.562394e-05 -3.495805e-04 -5.155990e-05 5.142617e-05
 9097.740704 -2.825448e-05 -2.966893e-07 -3.984094e-08 -5.444394e-07 1.691092e-05 -3.519923e-04 -4.679388e-05 4.498180e-05
 9099.448374 -2.823075e-05 -2.972239e-07 -3.974594e-08 -5.439517e-07 1.998443e-05 -3.348419e-04 -5.016296e-05 4.769527e-05
 9101.168235 -2.821083e-05 -2.978145e-07 -3.969401e-08 -5.435562e-07 1.416480e-05 -3.420376e-04 -3.495438e-05 5.476165e-05
 9102.900288 -2.820912e-05 -2.970315e-07 -3.901637e-08 -5.432390e-07 1.398148e-05 -3.475240e-04 -2.362740e-05 4.736830e-05
 9104.644533 -2.818016e-05 -2.976810e-07 -3.842450e-08 -5.431198e-07 1.567111e-05 -3.364927e-04 -2.346623e-05 4.910897e-05
 9106.400970 -2.817242e-05 -2.968364e-07 -3.735799e-08 -5.433807e-07 1.955562e-05 -3.393770e-04 -3.743594e-05 4.922659e-05
 9108.169598 -2.814485e-05 -2.975842e-07 -3.642327e-08 -5.429631e-07 2.035067e-05 -3.364271e-04 -4.012888e-05 5.211168e-05
 9109.950419 -2.808870e-05 -2.968576e-07 -3.614683e-08 -5.422110e-07 2.871503e-05 -3.583725e-04 -3.793109e-05 4.796196e-05
 9111.743432 -2.804555e-05 -2.983538e-07 -3.606454e-08 -5.419450e-07 2.599473e-05 -3.833733e-04 -3.501711e-05 5.988770e-05
 9113.548636 -2.808683e-05 -2.969666e-07 -3.581568e-08 -5.439445e-07 2.732492e-05 -3.853804e-04 -2.953622e-05 5.064424e-05
 9115.366032 -2.810500e-05 -2.959084e-07 -3.545956e-08 -5.453691e-07 2.843123e-05 -3.783760e-04 -2.783053e-05 4.204609e-05
 9117.195621 -2.809165e-05 -2.967643e-07 -3.533222e-08 -5.459292e-07 2.638189e-05 -4.071010e-04 -2.449558e-05 4.141398e-05
 9119.037401 -2.806379e-05 -2.954164e-07 -3.520915e-08 -5.460782e-07 3.099374e-05 -3.943481e-04 -3.308671e-05 3.776597e-05
 9120.891373 -2.802804e-05 -2.960985e-07 -3.488337e-08 -5.463647e-07 2.442171e-05 -4.034775e-04 -3.645792e-05 3.059247e-05
 9122.757537 -2.803764e-05 -2.955007e-07 -3.411321e-08 -5.480354e-07 2.534036e-05 -3.837067e-04 -4.016446e-05 3.025096e-05
 9124.635893 -2.802937e-05 -2.957148e-07 -3.294529e-08 -5.491131e-07 2.925836e-05 -3.937785e-04 -5.472406e-05 3.143665e-05
 9126.526441 -2.801718e-05 -2.966755e-07 -3.178352e-08 -5.496991e-07 3.451997e-05 -3.887802e-04 -4.765419e-05 4.159659e-05
 9128.429181 -2.797991e-05 -2.963939e-07 -3.118342e-08 -5.498838e-07 2.945312e-05 -3.791090e-04 -4.354700e-05 4.486186e-05
 9130.344112 -2.787090e-05 -2.954872e-07 -3.077325e-08 -5.490611e-07 2.439916e-05 -3.584842e-04 -3.975527e-05 5.077610e-05
 9132.271236 -2.793497e-05 -2.961384e-07 -3.076666e-08 -5.516670e-07 2.099746e-05 -3.607657e-04 -4.958770e-05 5.633483e-05
 9134.210552 -2.794012e-05 -2.959723e-07 -3.101079e-08 -5.530325e-07 8.831300e-06 -3.571527e-04 -5.504720e-05 6.181797e-05
 9136.162059 -2.790821e-05 -2.948793e-07 -3.127862e-08 -5.536247e-07 1.181649e-05 -3.487117e-04 -5.973397e-05 6.232392e-05
 9138.125758 -2.787770e-05 -2.958594e-07 -3.198710e-08 -5.540240e-07 1.563567e-05 -3.556370e-04 -5.189566e-05 6.743019e-05
 9140.101649 -2.788370e-05 -2.961081e-07 -3.254403e-08 -5.549190e-07 1.284244e-05 -3.552509e-04 -4.651388e-05 6.754135e-05
 9142.089733 -2.788425e-05 -2.967249e-07 -3.350057e-08 -5.560283e-07 1.273858e-05 -3.588806e-04 -4.293091e-05 7.365774e-05
 9144.090008 -2.789405e-05 -2.972254e-07 -3.453809e-08 -5.575755e-07 1.429207e-05 -3.572662e-04 -3.724349e-05 7.883271e-05
 9146.102475 -2.786534e-05 -2.970238e-07 -3.546330e-08 -5.573759e-07 2.034680e-05 -3.431580e-04 -3.564715e-05 8.467536e-05
 9148.127133 -2.785291e-05 -2.969486e-07 -3.663954e-08 -5.581992e-07 1.469369e-05 -3.341020e-04 -3.639014e-05 8.160965e-05
 9150.163984 -2.781576e-05 -2.976387e-07 -3.796869e-08 -5.580385e-07 1.657135e-05 -3.356958e-04 -2.810815e-05 7.861307e-05
 9152.213027 -2.776241e-05 -2.976237e-07 -3.950099e-08 -5.572047e-07 2.594146e-05 -3.431597e-04 -2.768440e-05 6.477211e-05
 9154.274261 -2.757668e-05 -2.954590e-07 -4.059812e-08 -5.545665e-07 2.829706e-05 -3.486174e-04 -3.227253e-05 5.870428e-05
 9156.347688 -2.741868e-05 -2.935440e-07 -4.095877e-08 -5.526011e-07 2.534208e-05 -3.569840e-04 -3.428200e-05 5.755884e-05
 9158.433306 -2.784095e-05 -2.990642e-07 -4.221516e-08 -5.611399e-07 2.563432e-05 -3.590481e-04 -4.481279e-05 6.187685e-05
 9160.531117 -2.782817e-05 -2.994091e-07 -4.225770e-08 -5.611884e-07 2.765845e-05 -3.709675e-04 -4.151641e-05 5.344252e-05
 9162.641119 -2.781772e-05 -2.993963e-07 -4.185026e-08 -5.613748e-07 3.752543e-05 -3.441938e-04 -3.258212e-05 6.043508e-05
 9164.763313 -2.782716e-05 -3.005095e-07 -4.098578e-08 -5.623265e-07 2.702285e-05 -3.289371e-04 -3.131567e-05 5.674135e-05
 9166.897699 -2.775417e-05 -3.001242e-07 -3.932004e-08 -5.615363e-07 2.253446e-05 -3.082164e-04 -4.867425e-05 5.670839e-05
 9169.044277 -2.752292e-05 -2.971507e-07 -3.779819e-08 -5.578070e-07 3.269170e-05 -3.081164e-04 -4.913489e-05 5.319896e-05
 9171.203047 -2.739002e-05 -3.012044e-07 -3.781178e-08 -5.544050e-07 3.710365e-05 -3.128898e-04 -4.908243e-05 6.013135e-05
 9173.374008 -2.762379e-05 -3.023318e-07 -3.750271e-08 -5.600187e-07 3.010916e-05 -3.102939e-04 -4.243708e-05 5.784231e-05
 9175.557162 -2.778478e-05 -3.027838e-07 -3.721960e-08 -5.648349e-07 2.198839e-05 -3.066596e-04 -3.935943e-05 5.252924e-05
 9177.752508 -2.779044e-05 -3.025505e-07 -3.684524e-08 -5.658097e-07 2.657141e-05 -3.153600e-04 -4.722895e-05 4.360682e-05
 9179.960045 -2.780229e-05 -3.022866e-07 -3.703382e-08 -5.666210e-07 3.246782e-05 -3.289163e-04 -4.275840e-05 4.197794e-05
 9182.179775 -2.783308e-05 -3.023657e-07 -3.743450e-08 -5.682642e-07 3.610335e-05 -2.924812e-04 -5.179556e-05 4.091152e-05
 9184.411696 -2.782912e-05 -3.022531e-07 -3.766168e-08 -5.691902e-07 2.794672e-05 -2.937469e-04 -5.644737e-05 4.590919e-05
 9186.655809 -2.781899e-05 -3.025744e-07 -3.772572e-08 -5.695593e-07 3.415489e-05 -3.093233e-04 -4.043528e-05 5.710038e-05
 9188.912114 -2.782809e-05 -3.040196e-07 -3.776275e-08 -5.705153e-07 4.008228e-05 -3.077115e-04 -4.364560e-05 5.273417e-05
 9191.180611 -2.783969e-05 -3.046982e-07 -3.797255e-08 -5.714280e-07 3.941124e-05 -3.145823e-04 -4.931896e-05 5.098869e-05
 9193.461300 -2.778321e-05 -3.048532e-07 -3.844440e-08 -5.707589e-07 4.048085e-05 -3.381560e-04 -4.314149e-05 5.401199e-05
 9195.754181 -2.777357e-05 -3.065872e-07 -3.881513e-08 -5.714742e-07 4.078512e-05 -3.365236e-04 -4.497661e-05 4.960496e-05
 9198.059254 -2.779121e-05 -3.065422e-07 -3.870623e-08 -5.729451e-07 3.831302e-05 -3.406804e-04 -4.627283e-05 4.594226e-05
 9200.376518 -2.780167e-05 -3.082523e-07 -3.828536e-08 -5.737784e-07 3.055031e-05 -3.583826e-04 -5.119994e-05 1.247585e-05
 9202.705975 -2.779714e-05 -3.077761e-07 -3.743970e-08 -5.742165e-07 2.742207e-05 -3.514939e-04 -5.233452e-05 -6.872197e-06
 9205.047623 -2.785455e-05 -3.069085e-07 -3.674393e-08 -5.768487e-07 2.521139e-05 -3.537791e-04 -4.822682e-05 -2.883632e-06
 9207.401464 -2.789996e-05 -3.070883e-07 -3.638908e-08 -5.787619e-07 3.508481e-05 -3.553084e-04 -4.772937e-05 -1.888443e-06
 9209.767496 -2.789753e-05 -3.081558e-07 -3.639889e-08 -5.795125e-07 4.841771e-05 -3.486982e-04 -3.356664e-05 9.850475e-06
 9212.145720 -2.787085e-05 -3.100553e-07 -3.666937e-08 -5.785833e-07 4.398534e-05 -3.428958e-04 -3.913825e-05 -7.826179e-07
 9214.536136 -2.791096e-05 -3.107451e-07 -3.702332e-08 -5.804956e-07 4.089409e-05 -3.544382e-04 -2.578449e-05 4.320344e-06
 9216.938744 -2.792957e-05 -3.100242e-07 -3.725218e-08 -5.820748e-07 4.203623e-05 -3.387541e-04 -3.386486e-05 1.602646e-06
 9219.353544 -2.794053e-05 -3.112140e-07 -3.786872e-08 -5.829314e-07 3.585845e-05 -3.344721e-04 -2.479463e-05 -6.075298e-06
 9221.780536 -2.794363e-05 -3.118510e-07 -3.871780e-08 -5.835010e-07 3.761130e-05 -3.318444e-04 -4.320172e-05 -8.974656e-06
 9224.219720 -2.794694e-05 -3.135741e-07 -3.980472e-08 -5.840823e-07 4.092790e-05 -3.323512e-04 -3.756708e-05 -1.846772e-06
 9226.671096 -2.799109e-05 -3.128350e-07 -4.039184e-08 -5.860949e-07 3.933711e-05 -3.130928e-04 -3.515515e-05 4.449638e-06
 9229.134663 -2.803702e-05 -3.129011e-07 -4.117123e-08 -5.879687e-07 3.131251e-05 -3.322027e-04 -4.299385e-05 -7.899005e-06
 9231.610423 -2.806963e-05 -3.133614e-07 -4.190143e-08 -5.895461e-07 3.193059e-05 -3.504064e-04 -3.026331e-05 -1.522815e-06
 9234.098374 -2.809158e-05 -3.137795e-07 -4.264352e-08 -5.906353e-07 2.667920e-05 -3.715264e-04 -3.529326e-05 -4.327487e-06
 9236.598517 -2.807601e-05 -3.151590e-07 -4.330301e-08 -5.908146e-07 1.992713e-05 -3.641644e-04 -2.787161e-05 1.915461e-07
 9239.110852 -2.806717e-05 -3.165500e-07 -4.363793e-08 -5.914443e-07 2.636485e-05 -3.730007e-04 -3.159488e-05 -8.932181e-06
 9241.635380 -2.810865e-05 -3.170312e-07 -4.356887e-08 -5.935191e-07 3.014927e-05 -3.552672e-04 -3.943579e-05 -7.737184e-06
 9244.172099 -2.815650e-05 -3.174754e-07 -4.361480e-08 -5.956596e-07 3.510592e-05 -3.650564e-04 -3.594571e-05 -1.197646e-05
 9246.721009 -2.813682e-05 -3.179720e-07 -4.376143e-08 -5.961257e-07 2.007180e-05 -3.526388e-04 -3.571260e-05 -8.027829e-06
 9249.282112 -2.813042e-05 -3.194710e-07 -4.383945e-08 -5.968161e-07 2.309451e-05 -3.685143e-04 -2.967512e-05 -5.008688e-06
 9251.855407 -2.816314e-05 -3.198019e-07 -4.393717e-08 -5.985916e-07 2.623200e-05 -3.773403e-04 -3.231431e-05 -1.341532e-05
 9254.440894 -2.820311e-05 -3.213524e-07 -4.404193e-08 -6.010271e-07 2.042812e-05 -3.765764e-04 -4.064127e-05 -1.796446e-05
 9257.038572 -2.824260e-05 -3.225631e-07 -4.396483e-08 -6.028878e-07 2.840601e-05 -3.826184e-04 -4.703051e-05 -1.623761e-06
 9259.648443 -2.826996e-05 -3.215601e-07 -4.368493e-08 -6.046070e-07 3.803907e-05 -3.886062e-04 -5.244677e-05 -6.118843e-07
 9262.270505 -2.830143e-05 -3.216188e-07 -4.348958e-08 -6.065193e-07 3.468546e-05 -4.113912e-04 -4.816475e-05 -9.472631e-06
 9264.904759 -2.828367e-05 -3.212499e-07 -4.334815e-08 -6.071652e-07 4.283665e-05 -4.172062e-04 -5.080487e-05 -1.138396e-05
 9267.551205 -2.829970e-05 -3.218321e-07 -4.315911e-08 -6.083599e-07 4.157325e-05 -4.080599e-04 -5.280996e-05 -1.289082e-05
 9270.209844 -2.838480e-05 -3.225249e-07 -4.296777e-08 -6.114952e-07 3.119962e-05 -3.986981e-04 -4.400201e-05 6.069217e-07
 9272.880674 -2.838789e-05 -3.225551e-07 -4.280824e-08 -6.126044e-07 4.177350e-05 -3.961265e-04 -3.944184e-05 -4.497099e-07
 9275.563696 -2.833685e-05 -3.231970e-07 -4.283507e-08 -6.114372e-07 4.357400e-05 -3.934188e-04 -4.658449e-05 -1.550912e-06
 9278.258909 -2.838751e-05 -3.234635e-07 -4.292860e-08 -6.134524e-07 3.642629e-05 -3.949697e-04 -6.102546e-05 -8.328004e-06
 9280.966315 -2.847093e-05 -3.235632e-07 -4.279676e-08 -6.169698e-07 3.400630e-05 -4.108873e-04 -4.372081e-05 -8.152087e-06
 9283.685913 -2.851841e-05 -3.248969e-07 -4.278791e-08 -6.187344e-07 2.839799e-05 -4.226757e-04 -5.205585e-05 -3.917052e-06
 9286.417702 -2.850798e-05 -3.270431e-07 -4.307241e-08 -6.192671e-07 3.399958e-05 -4.113522e-04 -5.111565e-05 7.060710e-06
 9289.161684 -2.847063e-05 -3.262157e-07 -4.320615e-08 -6.192891e-07 2.350082e-05 -4.025040e-04 -7.129397e-05 -1.357102e-05
 9291.917857 -2.851418e-05 -3.267315e-07 -4.319311e-08 -6.206356e-07 2.664989e-05 -4.010220e-04 -6.449336e-05 -1.420907e-05
 9294.686222 -2.852345e-05 -3.296958e-07 -4.334746e-08 -6.215052e-07 2.621261e-05 -4.149078e-04 -6.103303e-05 -4.050236e-06
 9297.466780 -2.852815e-05 -3.293889e-07 -4.314996e-08 -6.228424e-07 2.358074e-05 -4.154154e-04 -5.991254e-05 -3.458405e-07
 9300.259529 -2.846785e-05 -3.300821e-07 -4.360955e-08 -6.222397e-07 2.609496e-05 -4.099302e-04 -6.487194e-05 -6.272512e-06
 9303.064470 -2.870459e-05 -3.332428e-07 -4.447577e-08 -6.285785e-07 2.451916e-05 -4.032456e-04 -5.582656e-05 -1.023311e-05
 9305.881602 -2.869679e-05 -3.336878e-07 -4.481926e-08 -6.290146e-07 2.628119e-05 -3.963969e-04 -5.612005e-05 -9.270552e-06
 9308.710927 -2.860703e-05 -3.354904e-07 -4.534632e-08 -6.275529e-07 3.161426e-05 -3.965705e-04 -5.117019e-05 7.268269e-07
 9311.552444 -2.865720e-05 -3.352793e-07 -4.575291e-08 -6.298502e-07 2.340620e-05 -4.222418e-04 -5.582096e-05 -6.701037e-06
 9314.406153 -2.882864e-05 -3.365276e-07 -4.661755e-08 -6.353449e-07 2.825732e-05 -4.136725e-04 -5.616341e-05 -9.828786e-06
 9317.272053 -2.895969e-05 -3.363202e-07 -4.707164e-08 -6.400785e-07 1.773999e-05 -4.103356e-04 -5.490359e-05 -5.080688e-06
 9320.150146 -2.899409e-05 -3.377271e-07 -4.734835e-08 -6.413373e-07 1.216733e-05 -3.871010e-04 -3.791867e-05 -1.820254e-06
 9323.040430 -2.896222e-05 -3.383865e-07 -4.753560e-08 -6.411454e-07 1.380480e-05 -3.999373e-04 -2.909027e-05 -6.347538e-06
 9325.942906 -2.889827e-05 -3.375154e-07 -4.779903e-08 -6.407038e-07 2.292950e-05 -4.149723e-04 -3.215920e-05 -1.696998e-05
 9328.857574 -2.911168e-05 -3.403006e-07 -4.821723e-08 -6.466968e-07 2.530551e-05 -4.259922e-04 -2.967496e-05 -1.168027e-05
 9331.784435 -2.910331e-05 -3.416345e-07 -4.835254e-08 -6.472416e-07 1.727612e-05 -4.129670e-04 -2.921087e-05 -8.173280e-06
 9334.723487 -2.915822e-05 -3.435382e-07 -4.862413e-08 -6.493227e-07 1.404913e-05 -3.852971e-04 -2.983861e-05 5.879735e-06
 9337.674730 -2.928835e-05 -3.447745e-07 -4.934488e-08 -6.535960e-07 1.959137e-05 -4.019027e-04 -3.192915e-05 1.028159e-05
 9340.638166 -2.932429e-05 -3.470146e-07 -4.999826e-08 -6.554921e-07 1.838870e-05 -4.080780e-04 -3.977270e-05 1.627294e-06
 9343.613794 -2.936280e-05 -3.476021e-07 -5.017060e-08 -6.575074e-07 1.623495e-05 -4.004323e-04 -4.508631e-05 -2.535631e-06
 9346.601614 -2.942928e-05 -3.481486e-07 -5.028244e-08 -6.598641e-07 1.982551e-05 -4.138488e-04 -4.831858e-05 -4.738269e-06
 9349.601625 -2.942205e-05 -3.489316e-07 -5.042100e-08 -6.604919e-07 2.236607e-05 -4.205883e-04 -3.868787e-05 -8.806716e-06
 9352.613829 -2.948163e-05 -3.512433e-07 -5.085822e-08 -6.630195e-07 2.137491e-05 -4.152634e-04 -3.524400e-05 -1.090382e-05
 9355.638224 -2.949684e-05 -3.523106e-07 -5.125722e-08 -6.642791e-07 1.779016e-05 -4.341512e-04 -2.849095e-05 -1.358384e-05
 9358.674811 -2.953915e-05 -3.537617e-07 -5.134211e-08 -6.663006e-07 1.449587e-05 -4.318562e-04 -3.473830e-05 -1.320467e-05
 9361.723590 -2.955870e-05 -3.541119e-07 -5.117902e-08 -6.681276e-07 1.461829e-05 -3.978086e-04 -2.666388e-05 -3.760081e-06
 9364.784561 -2.960550e-05 -3.544271e-07 -5.116650e-08 -6.703109e-07 1.218941e-05 -4.030523e-04 -3.847234e-05 -5.013336e-06
 9367.857724 -2.966116e-05 -3.554518e-07 -5.117267e-08 -6.728164e-07 1.970556e-05 -4.075918e-04 -4.236299e-05 -1.088728e-05
 9370.943079 -2.975509e-05 -3.575073e-07 -5.141049e-08 -6.761548e-07 2.768632e-05 -4.250526e-04 -5.237018e-05 -2.197504e-05
 9374.040626 -2.979446e-05 -3.583378e-07 -5.147544e-08 -6.781381e-07 2.845370e-05 -4.506059e-04 -4.521808e-05 -1.214429e-05
 9377.150365 -2.984927e-05 -3.591834e-07 -5.133462e-08 -6.808040e-07 2.740993e-05 -4.617724e-04 -4.363610e-05 -1.190475e-05
 9380.272295 -2.990400e-05 -3.599233e-07 -5.147376e-08 -6.830148e-07 2.283659e-05 -4.461355e-04 -4.404853e-05 -1.435849e-05
 9383.406418 -2.993101e-05 -3.607531e-07 -5.171638e-08 -6.848221e-07 1.823799e-05 -4.362634e-04 -5.461682e-05 -1.308289e-05
 9386.552732 -2.991472e-05 -3.617758e-07 -5.205732e-08 -6.855168e-07 1.489016e-05 -4.328539e-04 -4.358188e-05 -1.448077e-05
 9389.711239 -2.987273e-05 -3.647239e-07 -5.259655e-08 -6.854685e-07 1.738885e-05 -4.197086e-04 -3.833593e-05 -9.729135e-06
 9392.881937 -2.992276e-05 -3.664703e-07 -5.287091e-08 -6.873510e-07 2.728004e-05 -3.953547e-04 -3.966517e-05 -6.492319e-06
 9396.064827 -3.006212e-05 -3.669923e-07 -5.312265e-08 -6.919162e-07 2.989091e-05 -4.002091e-04 -3.966856e-05 -9.540418e-06
 9399.259909 -3.016588e-05 -3.672109e-07 -5.336955e-08 -6.961196e-07 2.891692e-05 -4.087617e-04 -4.479527e-05 -3.901619e-06
 9402.467183 -3.016208e-05 -3.682346e-07 -5.357314e-08 -6.973373e-07 2.067681e-05 -4.081224e-04 -4.000559e-05 -5.157130e-06
 9405.686649 -3.016201e-05 -3.694696e-07 -5.372986e-08 -6.982145e-07 2.408129e-05 -4.063373e-04 -3.713155e-05 -9.500919e-06
 9408.918307 -3.026235e-05 -3.709375e-07 -5.410043e-08 -7.022109e-07 3.020093e-05 -4.018086e-04 -4.105404e-05 -4.482031e-06
 9412.162157 -3.026590e-05 -3.721218e-07 -5.474503e-08 -7.036021e-07 1.795215e-05 -3.893975e-04 -4.872182e-05 -3.826889e-06
 9415.418198 -3.030969e-05 -3.724936e-07 -5.524942e-08 -7.058651e-07 1.919753e-05 -3.806882e-04 -6.249883e-05 -1.160872e-05
 9418.686432 -3.035505e-05 -3.735604e-07 -5.568250e-08 -7.080561e-07 2.492251e-05 -3.876906e-04 -6.671030e-05 -8.980405e-06
 9421.966857 -3.028212e-05 -3.738645e-07 -5.598523e-08 -7.076614e-07 2.051799e-05 -3.870724e-04 -6.294569e-05 -6.698079e-06
 9425.259474 -3.039161e-05 -3.762660e-07 -5.652681e-08 -7.109653e-07 1.839904e-05 -3.848585e-04 -5.141175e-05 -1.932105e-06
 9428.564284 -3.052753e-05 -3.803138e-07 -5.726425e-08 -7.150946e-07 2.184322e-05 -3.992198e-04 -5.495749e-05 8.999893e-06
 9431.881285 -3.056024e-05 -3.815091e-07 -5.754691e-08 -7.170071e-07 2.367640e-05 -3.948007e-04 -5.512571e-05 1.215046e-05
 9435.210478 -3.061471e-05 -3.829630e-07 -5.793793e-08 -7.193134e-07 2.324783e-05 -3.886082e-04 -5.291940e-05 1.845293e-06
 9438.551863 -3.065524e-05 -3.846247e-07 -5.835413e-08 -7.215454e-07 2.184908e-05 -4.018630e-04 -4.156781e-05 -8.537844e-06
 9441.905440 -3.071762e-05 -3.872548e-07 -5.876027e-08 -7.240136e-07 1.163590e-05 -4.014606e-04 -5.102596e-05 -5.316711e-06
 9445.271209 -3.079509e-05 -3.881165e-07 -5.891130e-08 -7.271945e-07 1.397940e-05 -4.134981e-04 -5.563507e-05 -6.081592e-06
 9448.649169 -3.081924e-05 -3.900852e-07 -5.978899e-08 -7.289211e-07 3.115976e-05 -3.859905e-04 -4.451951e-05 6.141435e-06
 9452.039322 -3.085772e-05 -3.920882e-07 -6.047860e-08 -7.307838e-07 2.437008e-05 -3.609152e-04 -4.110568e-05 9.222116e-06
 9455.441666 -3.087549e-05 -3.944681e-07 -6.075455e-08 -7.322564e-07 3.137351e-05 -3.637787e-04 -4.971044e-05 6.447209e-06
 9458.856203 -3.087657e-05 -3.959374e-07 -6.089690e-08 -7.331806e-07 2.572257e-05 -3.725802e-04 -4.041617e-05 9.344094e-06
 9462.282931 -3.093306e-05 -3.975580e-07 -6.138670e-08 -7.352486e-07 2.168464e-05 -3.638845e-04 -4.739223e-05 1.164709e-06
 9465.721851 -3.096687e-05 -3.984869e-07 -6.175583e-08 -7.374574e-07 2.882713e-05 -3.633108e-04 -5.258738e-05 9.679487e-06
 9469.172964 -3.103921e-05 -4.002295e-07 -6.204416e-08 -7.404460e-07 2.277430e-05 -3.812465e-04 -4.606191e-05 2.238473e-06
 9472.636268 -3.109242e-05 -4.023877e-07 -6.248327e-08 -7.427899e-07 2.169534e-05 -3.903219e-04 -4.435799e-05 -8.631214e-07
 9476.111764 -3.116538e-05 -4.052196e-07 -6.297956e-08 -7.455871e-07 2.515066e-05 -3.673086e-04 -3.374747e-05 -1.820414e-07
 9479.599451 -3.123939e-05 -4.067931e-07 -6.334143e-08 -7.487687e-07 1.949017e-05 -3.824726e-04 -3.445611e-05 2.347363e-07
 9483.099331 -3.124059e-05 -4.080235e-07 -6.364104e-08 -7.503596e-07 1.777431e-05 -3.689546e-04 -2.613790e-05 1.187404e-05
 9486.611403 -3.126022e-05 -4.085330e-07 -6.382368e-08 -7.519525e-07 3.045552e-05 -3.601308e-04 -2.384781e-05 1.353240e-05
 9490.135666 -3.130464e-05 -4.106213e-07 -6.400537e-08 -7.540141e-07 2.571109e-05 -3.290801e-04 -2.058227e-05 1.558149e-06
 9493.672122 -3.137913e-05 -4.128842e-07 -6.423347e-08 -7.569999e-07 1.758681e-05 -3.410060e-04 -3.239922e-05 1.523694e-06
 9497.220769 -3.129028e-05 -4.153556e-07 -6.481615e-08 -7.556446e-07 1.857242e-05 -3.598372e-04 -3.184583e-05 9.260713e-06
 9500.781609 -3.128644e-05 -4.155838e-07 -6.488271e-08 -7.572806e-07 1.532629e-05 -3.434788e-04 -2.860232e-05 4.678175e-06
 9504.354640 -3.130879e-05 -4.151541e-07 -6.452504e-08 -7.598341e-07 1.392753e-05 -3.220045e-04 -2.391260e-05 -9.246068e-06
 9507.939863 -3.152905e-05 -4.194468e-07 -6.529238e-08 -7.661696e-07 1.546125e-05 -3.208631e-04 -1.994417e-05 -1.046843e-05
 9511.537278 -3.151925e-05 -4.209422e-07 -6.590218e-08 -7.669800e-07 1.714999e-05 -3.550913e-04 -2.358814e-05 -6.053554e-06
 9515.146885 -3.153744e-05 -4.215660e-07 -6.618083e-08 -7.691762e-07 1.521932e-05 -3.615056e-04 -2.402779e-05 -1.148892e-05
 9518.768684 -3.158004e-05 -4.215703e-07 -6.626163e-08 -7.717110e-07 7.258258e-06 -3.562709e-04 -2.168278e-05 -1.063794e-05
 9522.402675 -3.159439e-05 -4.228379e-07 -6.713148e-08 -7.734488e-07 1.254373e-05 -3.610009e-04 -2.755580e-05 -1.032820e-05
 9526.048857 -3.162148e-05 -4.242921e-07 -6.758510e-08 -7.758235e-07 1.728196e-05 -3.404251e-04 -2.761607e-05 -1.457394e-05
 9529.707232 -3.165027e-05 -4.255489e-07 -6.765738e-08 -7.779263e-07 1.952415e-05 -3.368173e-04 -3.520710e-05 -6.065073e-06
 9533.377799 -3.163594e-05 -4.274106e-07 -6.840646e-08 -7.786192e-07 1.913573e-05 -3.390757e-04 -4.058971e-05 3.589472e-06
 9537.060557 -3.157892e-05 -4.293735e-07 -6.912845e-08 -7.786175e-07 1.819820e-05 -3.497523e-04 -3.703233e-05 5.323203e-06
 9540.755507 -3.147370e-05 -4.295010e-07 -6.920270e-08 -7.779799e-07 1.366786e-05 -3.927984e-04 -3.220026e-05 1.183212e-05
 9544.462650 -3.180848e-05 -4.338247e-07 -7.003638e-08 -7.880366e-07 9.042174e-06 -3.850379e-04 -2.716863e-05 7.018854e-06
 9548.181984 -3.185639e-05 -4.371836e-07 -7.096539e-08 -7.902797e-07 1.713776e-05 -3.486687e-04 -2.338544e-05 2.614324e-06
 9551.913510 -3.184255e-05 -4.385964e-07 -7.130877e-08 -7.910681e-07 2.189856e-05 -3.339848e-04 -3.777958e-05 2.739276e-06
 9555.657228 -3.184053e-05 -4.403690e-07 -7.180076e-08 -7.927178e-07 1.777305e-05 -3.418506e-04 -4.063147e-05 6.791179e-06
 9559.413138 -3.186860e-05 -4.425834e-07 -7.242632e-08 -7.953405e-07 2.358246e-05 -3.532164e-04 -3.594335e-05 1.078018e-05
 9563.181239 -3.186372e-05 -4.438160e-07 -7.268435e-08 -7.970317e-07 2.242734e-05 -3.436875e-04 -3.896257e-05 1.253815e-05
 9566.961533 -3.197380e-05 -4.446450e-07 -7.278723e-08 -8.009907e-07 1.907049e-05 -3.312434e-04 -2.574581e-05 9.200455e-06
 9570.754019 -3.195804e-05 -4.469591e-07 -7.337967e-08 -8.021738e-07 2.824251e-05 -3.152311e-04 -2.282721e-05 8.639557e-06
 9574.558696 -3.199155e-05 -4.511477e-07 -7.412718e-08 -8.042332e-07 3.588159e-05 -2.974758e-04 -3.618921e-05 6.750642e-06
 9578.375565 -3.206543e-05 -4.534084e-07 -7.460260e-08 -8.074160e-07 2.641562e-05 -3.060693e-04 -2.696260e-05 -6.453460e-06
 9582.204627 -3.206027e-05 -4.550290e-07 -7.533013e-08 -8.084993e-07 2.331892e-05 -2.924680e-04 -2.303456e-05 2.156343e-06
 9586.045880 -3.211478e-05 -4.572636e-07 -7.595081e-08 -8.114293e-07 2.531661e-05 -2.911165e-04 -2.153368e-05 5.298821e-06
 9589.899325 -3.212424e-05 -4.589660e-07 -7.630519e-08 -8.132637e-07 2.145404e-05 -2.843350e-04 -2.367048e-05 6.947037e-06
 9593.764962 -3.216941e-05 -4.595536e-07 -7.668739e-08 -8.165434e-07 2.292218e-05 -2.680694e-04 -3.882777e-05 6.567453e-06
 9597.642791 -3.213929e-05 -4.612484e-07 -7.720361e-08 -8.171877e-07 2.807981e-05 -2.853599e-04 -3.990833e-05 5.184802e-06
 9601.532812 -3.217437e-05 -4.637905e-07 -7.780114e-08 -8.194642e-07 2.622788e-05 -2.988427e-04 -2.399780e-05 3.588961e-06
 9605.435025 -3.222873e-05 -4.663075e-07 -7.817473e-08 -8.222579e-07 3.199177e-05 -2.783556e-04 -2.781108e-05 2.900961e-06
 9609.349429 -3.221285e-05 -4.688071e-07 -7.854351e-08 -8.228231e-07 2.613417e-05 -2.909753e-04 -2.893636e-05 8.483738e-07
 9613.276026 -3.224593e-05 -4.696471e-07 -7.890407e-08 -8.256135e-07 2.590847e-05 -2.960888e-04 -3.449131e-05 -1.075439e-06
 9617.214814 -3.220812e-05 -4.700287e-07 -7.907528e-08 -8.266679e-07 3.072646e-05 -2.887577e-04 -2.928957e-05 -2.095333e-06
 9621.165795 -3.222718e-05 -4.720398e-07 -7.935337e-08 -8.287483e-07 3.252536e-05 -2.873480e-04 -2.470112e-05 -3.231889e-06
 9625.128967 -3.224524e-05 -4.750687e-07 -8.009817e-08 -8.305915e-07 2.695608e-05 -2.784395e-04 -2.859634e-05 -5.575519e-06
 9629.104331 -3.224849e-05 -4.770088e-07 -8.071720e-08 -8.327519e-07 2.840586e-05 -2.842348e-04 -2.919762e-05 -2.578662e-06
 9633.091888 -3.219518e-05 -4.792869e-07 -8.123592e-08 -8.329957e-07 3.304616e-05 -2.630027e-04 -2.855515e-05 -2.720945e-06
 9637.091636 -3.229565e-05 -4.815636e-07 -8.184349e-08 -8.374495e-07 2.757344e-05 -2.447306e-04 -3.920026e-05 -4.760943e-06
 9641.103575 -3.235513e-05 -4.826646e-07 -8.207898e-08 -8.413909e-07 2.678651e-05 -2.157113e-04 -3.629681e-05 3.793493e-06
 9645.127707 -3.232287e-05 -4.845281e-07 -8.247640e-08 -8.423772e-07 3.499965e-05 -2.242769e-04 -3.732596e-05 5.705548e-06
 9649.164031 -3.234331e-05 -4.859461e-07 -8.299240e-08 -8.449302e-07 2.901136e-05 -2.230468e-04 -3.390664e-05 -9.293404e-07
 9653.212547 -3.231601e-05 -4.895042e-07 -8.361500e-08 -8.458495e-07 1.769680e-05 -2.114340e-04 -2.406471e-05 -9.164692e-07
 9657.273254 -3.234519e-05 -4.924537e-07 -8.449573e-08 -8.483867e-07 1.119889e-05 -1.955168e-04 -2.042121e-05 -4.853469e-06
 9661.346154 -3.237770e-05 -4.930175e-07 -8.488277e-08 -8.518192e-07 7.082168e-06 -2.076390e-04 -2.194328e-05 -1.211709e-06
 9665.431245 -3.232407e-05 -4.940420e-07 -8.501666e-08 -8.525251e-07 1.319467e-05 -2.156642e-04 -2.869597e-05 9.243542e-06
 9669.528529 -3.236163e-05 -4.973496e-07 -8.616687e-08 -8.549133e-07 2.156420e-05 -2.225646e-04 -2.211468e-05 6.512351e-06
 9673.638004 -3.237374e-05 -4.988548e-07 -8.666142e-08 -8.567761e-07 2.092516e-05 -2.292638e-04 -2.455464e-05 2.307529e-06
 9677.759671 -3.240913e-05 -5.000388e-07 -8.674345e-08 -8.596876e-07 1.393712e-05 -2.644665e-04 -2.837952e-05 1.230775e-05
 9681.893530 -3.239174e-05 -5.009812e-07 -8.720432e-08 -8.609997e-07 2.259345e-05 -2.492122e-04 -3.053326e-05 -2.131826e-06
 9686.039581 -3.228875e-05 -5.033686e-07 -8.787921e-08 -8.591859e-07 1.876174e-05 -2.460820e-04 -2.543345e-05 1.771188e-06
 9690.197824 -3.228733e-05 -5.045808e-07 -8.840893e-08 -8.605850e-07 2.289183e-05 -2.412450e-04 -3.312360e-05 1.479505e-06
 9694.368258 -3.236253e-05 -5.065712e-07 -8.893627e-08 -8.648449e-07 2.772752e-05 -2.515303e-04 -3.048860e-05 -7.351170e-06
 9698.550885 -3.222750e-05 -5.113347e-07 -8.998083e-08 -8.617498e-07 3.083328e-05 -2.754721e-04 -2.472209e-05 -3.883102e-06
 9702.745704 -3.226435e-05 -5.128220e-07 -9.064501e-08 -8.646775e-07 3.363562e-05 -2.666115e-04 -2.653197e-05 -6.641707e-06
 9706.952714 -3.233994e-05 -5.123533e-07 -9.074690e-08 -8.689833e-07 2.790320e-05 -2.710050e-04 -2.305580e-05 -1.294949e-05
 9711.171916 -3.229556e-05 -5.124944e-07 -9.111410e-08 -8.690756e-07 2.985396e-05 -2.750592e-04 -2.796002e-05 -1.461048e-05
 9715.403311 -3.235492e-05 -5.142590e-07 -9.153871e-08 -8.728782e-07 2.142129e-05 -2.817637e-04 -2.109018e-05 -1.986518e-05
 9719.646897 -3.228338e-05 -5.158080e-07 -9.205901e-08 -8.726347e-07 1.126722e-05 -2.630764e-04 -2.257210e-05 -1.246152e-05
 9723.902675 -3.236900e-05 -5.173072e-07 -9.262183e-08 -8.774162e-07 1.489059e-05 -2.623225e-04 -3.124811e-05 -9.482557e-06
 9728.170645 -3.236153e-05 -5.188336e-07 -9.286575e-08 -8.787561e-07 2.028234e-05 -2.578662e-04 -2.434031e-05 -1.209162e-05
 9732.450807 -3.237094e-05 -5.221595e-07 -9.345039e-08 -8.805583e-07 2.094431e-05 -2.584367e-04 -2.815339e-05 -1.878705e-05
 9736.743161 -3.236747e-05 -5.255676e-07 -9.446594e-08 -8.821983e-07 2.219278e-05 -2.575047e-04 -3.284019e-05 -6.603736e-06
 9741.047707 -3.237080e-05 -5.287312e-07 -9.541980e-08 -8.842063e-07 2.103947e-05 -2.830416e-04 -3.391665e-05 -1.369759e-05
 9745.364444 -3.239310e-05 -5.310491e-07 -9.605468e-08 -8.872296e-07 3.239105e-05 -2.976657e-04 -2.612627e-05 -1.047691e-05
 9749.693374 -3.237215e-05 -5.319530e-07 -9.648716e-08 -8.888810e-07 2.522021e-05 -2.813163e-04 -2.004259e-05 -1.416730e-05
 9754.034495 -3.232210e-05 -5.336685e-07 -9.686389e-08 -8.897509e-07 2.616576e-05 -2.662871e-04 -2.420495e-05 -1.011291e-05
 9758.387809 -3.229761e-05 -5.349531e-07 -9.709032e-08 -8.911552e-07 2.180111e-05 -2.626751e-04 -3.054973e-05 -5.448869e-07
 9762.753314 -3.225924e-05 -5.383031e-07 -9.790249e-08 -8.923897e-07 3.757141e-06 -2.662249e-04 -2.372391e-05 -5.927166e-06
 9767.131011 -3.231174e-05 -5.401827e-07 -9.856574e-08 -8.955899e-07 1.469563e-06 -2.853066e-04 -2.502736e-05 -1.413325e-05
 9771.520900 -3.231418e-05 -5.413134e-07 -9.907047e-08 -8.973189e-07 1.415002e-05 -2.824223e-04 -2.580065e-05 -1.388139e-05
 9775.922981 -3.223146e-05 -5.429748e-07 -9.973414e-08 -8.966902e-07 1.506871e-05 -2.843757e-04 -2.781139e-05 -9.851307e-06
 9780.337254 -3.214533e-05 -5.430329e-07 -9.985049e-08 -8.971304e-07 1.294458e-05 -2.982135e-04 -2.151265e-05 -1.065634e-05
 9784.763719 -3.220221e-05 -5.460669e-07 -1.003347e-07 -9.012229e-07 2.090114e-05 -2.931499e-04 -2.099254e-05 -8.801186e-06
 9789.202376 -3.226153e-05 -5.504114e-07 -1.014789e-07 -9.050950e-07 2.849470e-05 -3.093962e-04 -3.805994e-05 -7.833377e-06
 9793.653224 -3.214024e-05 -5.510358e-07 -1.016599e-07 -9.037237e-07 3.089597e-05 -3.221880e-04 -3.325313e-05 -1.782007e-05
 9798.116265 -3.221160e-05 -5.553372e-07 -1.028064e-07 -9.066150e-07 3.597513e-05 -3.106897e-04 -3.286996e-05 -1.118012e-05
 9802.591497 -3.223088e-05 -5.577739e-07 -1.035989e-07 -9.085920e-07 3.204223e-05 -3.231556e-04 -4.389500e-05 -8.528703e-06
 9807.078922 -3.213787e-05 -5.586079e-07 -1.038994e-07 -9.079392e-07 3.217200e-05 -3.266286e-04 -4.633876e-05 -5.940172e-06
 9811.578538 -3.196650e-05 -5.620585e-07 -1.050984e-07 -9.046509e-07 3.180431e-05 -3.345037e-04 -3.665854e-05 -1.009463e-05
 9816.090346 -3.200196e-05 -5.642239e-07 -1.055997e-07 -9.080092e-07 3.737043e-05 -3.315027e-04 -3.072477e-05 -1.154371e-05
 9820.614346 -3.188478e-05 -5.664363e-07 -1.062435e-07 -9.062629e-07 3.066108e-05 -3.219599e-04 -2.596324e-05 -1.274005e-05
 9825.150538 -3.187884e-05 -5.671034e-07 -1.066829e-07 -9.086879e-07 3.449869e-05 -3.205392e-04 -1.564837e-05 -2.052781e-05
 9829.698922 -3.173718e-05 -5.656447e-07 -1.064438e-07 -9.082051e-07 2.922810e-05 -3.128150e-04 -1.836569e-05 -1.496122e-05
 9834.259498 -3.191769e-05 -5.666798e-07 -1.070542e-07 -9.158702e-07 3.136046e-05 -3.141317e-04 -2.751077e-05 -1.632490e-05
 9838.832266 -3.197358e-05 -5.692561e-07 -1.078147e-07 -9.192193e-07 2.871238e-05 -3.190322e-04 -3.169320e-05 -2.362801e-05
 9843.417226 -3.203631e-05 -5.725760e-07 -1.085180e-07 -9.230860e-07 2.787132e-05 -3.328943e-04 -3.842678e-05 -2.364583e-05
 9848.014377 -3.198190e-05 -5.752528e-07 -1.094508e-07 -9.237911e-07 3.185581e-05 -3.280998e-04 -3.857311e-05 -2.066703e-05
 9852.623721 -3.201696e-05 -5.766628e-07 -1.100183e-07 -9.271427e-07 2.472437e-05 -3.134865e-04 -3.321425e-05 -2.277739e-05
 9857.245256 -3.200598e-05 -5.781908e-07 -1.103634e-07 -9.294054e-07 2.154460e-05 -3.355977e-04 -3.320844e-05 -1.993148e-05
 9861.878983 -3.191611e-05 -5.808651e-07 -1.112283e-07 -9.285752e-07 2.055281e-05 -3.507888e-04 -3.589053e-05 -2.305760e-05
 9866.524902 -3.191338e-05 -5.825666e-07 -1.117422e-07 -9.308059e-07 1.282149e-05 -3.747055e-04 -3.311331e-05 -2.309978e-05
 9871.183013 -3.179589e-05 -5.845187e-07 -1.124293e-07 -9.285928e-07 2.817857e-05 -3.865526e-04 -2.717845e-05 -1.536008e-05
 9875.853316 -3.171643e-05 -5.864052e-07 -1.132551e-07 -9.276579e-07 2.910407e-05 -3.625988e-04 -3.373384e-05 -3.545261e-06
 9880.535811 -3.173182e-05 -5.883622e-07 -1.138239e-07 -9.305831e-07 1.927315e-05 -3.804310e-04 -2.841074e-05 -6.876646e-06
 9885.230498 -3.180814e-05 -5.898485e-07 -1.141926e-07 -9.361675e-07 2.423884e-05 -3.841622e-04 -2.379220e-05 -1.775176e-05
 9889.937377 -3.179082e-05 -5.919383e-07 -1.148735e-07 -9.386956e-07 2.685397e-05 -3.945637e-04 -3.666801e-05 -1.522121e-05
 9894.656448 -3.174700e-05 -5.932631e-07 -1.154407e-07 -9.395109e-07 1.501863e-05 -3.701469e-04 -3.668325e-05 -9.289472e-06
 9899.387710 -3.170412e-05 -5.958548e-07 -1.160792e-07 -9.401450e-07 1.386167e-05 -3.490383e-04 -4.097168e-05 -1.263313e-05
 9904.131165 -3.174272e-05 -5.991763e-07 -1.170011e-07 -9.437616e-07 1.593492e-05 -3.568820e-04 -2.945554e-05 -1.318978e-05
 9908.886811 -3.175822e-05 -6.009884e-07 -1.175638e-07 -9.468990e-07 2.595737e-05 -3.694876e-04 -3.053255e-05 -1.666586e-05
 9913.654649 -3.170824e-05 -6.034833e-07 -1.184751e-07 -9.471857e-07 3.636563e-05 -4.003739e-04 -2.336723e-05 -1.721818e-05
 9918.434679 -3.164429e-05 -6.052465e-07 -1.190453e-07 -9.471957e-07 3.663883e-05 -4.070208e-04 -3.255623e-05 -1.047807e-05
 9923.226901 -3.160386e-05 -6.059227e-07 -1.193161e-07 -9.487445e-07 2.561146e-05 -4.103595e-04 -3.613131e-05 -1.719638e-05
 9928.031315 -3.158716e-05 -6.076700e-07 -1.199242e-07 -9.498177e-07 2.019132e-05 -4.126816e-04 -3.030610e-05 -1.656496e-05
 9932.847921 -3.156092e-05 -6.095650e-07 -1.205480e-07 -9.510585e-07 2.573798e-05 -4.134841e-04 -2.864631e-05 -1.311627e-05
 9937.676719 -3.131258e-05 -6.090494e-07 -1.208353e-07 -9.452372e-07 3.726103e-05 -3.829764e-04 -4.051735e-05 -1.861781e-05
 9942.517709 -3.126338e-05 -6.111107e-07 -1.215072e-07 -9.462665e-07 3.137801e-05 -3.396015e-04 -4.321413e-05 -1.854074e-05
 9947.370891 -3.133557e-05 -6.153182e-07 -1.225740e-07 -9.522592e-07 3.476661e-05 -3.310243e-04 -3.728366e-05 -1.340165e-05
 9952.236264 -3.139017e-05 -6.193054e-07 -1.235586e-07 -9.561188e-07 3.095043e-05 -3.506329e-04 -3.413897e-05 -1.293135e-05
