# Facility.name: NSLS-II
# Facility.mode: Beam available
# Facility.current: 400.67424107022066
# Facility.current: 3 GeV
# Facility.year: 2023
# Facility.cycle: 2
# Facility.GUP: 312970
# Facility.SAF: 311402
# Experimenter.name: Esteban Fornero
# Beamline.name: ISS (8-ID)
# Beamline.x-ray_source: damping wiggler
# Beamline.collimation_mirror1.material: Si
# Beamline.collimation_mirror2.material: Pt
# Beamline.collimation_mirror2.bender_loading: -348.0
# Beamline.focusing: toroidal mirror
# Beamline.focusing.material: Pt
# Beamline.focusing.bender_loading: -419.0
# Beamline.harmonic_rejection: Si
# Mono.scan_mode: Si(111)
# Mono.d_spacing: 3.1354951
# Mono.scan_mode: pseudo-channel cut
# Mono.scan_type: fly_scan
# Mono.trajectory_name: 0f397ba2-1519.txt
# Mono.direction: None
# Mono.angle_offset: 0.69366577
# Mono.angle_offset: 39.744 deg
# Mono.encoder_resolution: 48.0 nrad
# Detector.I0: ion chamber
# Detector.I1: ion chamber
# Detector.I2: ion chamber
# Detector.IF: PIPS
# Detector.I0.length: 15 cm
# Detector.I1.length: 28 cm
# Detector.I2.length: 15 cm
# Detector.IF.thickness: 300 um
# Detector.I0.gas.N2: 38.0%
# Detector.I1.gas.N2: 38.0%
# Detector.I2.gas.N2: 38.0%
# Detector.I0.gas.He: 62.0%
# Detector.I1.gas.He: 62.0%
# Detector.I2.gas.He: 62.0%
# Detector.I0.voltage: -1649.999878
# Detector.I1.voltage: -1650.002319
# Detector.I2.voltage: -1650.003174
# Detector.I0.gain: 4
# Detector.I1.gain: 6
# Detector.I2.gain: 6
# Detector.IF.gain: 6
# Detector.aux: {}
# Element.symbol: Ga
# Element.edge: K
# Element.line: None
# Scan.transient_id: 370961
# Scan.uid: 1930d068-66c1-49de-9dcc-edc2825dbc59
# Scan.edge_energy: 10367.0
# Scan.start_time: 06/23/2023  03:47:52.558477
# Scan.end_time: 06/23/2023  03:48:26.610822
# Scan.name: CuGaO2-4th H2-ramp (pos 001) Ga-K 0001
# Scan.comment: 
# Sample.name: CuGaO2-4th
# Sample.comment: 
# Sample.position.x: -66.4779948865
# Sample.position.y: 30.524027769499998
# Sample.position.z: -10.184937499999995
# Sample.position.theta: 845.5790000000001
# SampleHeater.temperature1.setpoint: 300.0
# SampleHeater.temperature1.readback: 1372.0
# SampleHeater.current.setpoint: 0.0
# SampleHeater.current.readback: 0.0
# SampleHeater.temperature2.setpoint: 250.0
# SampleHeater.temperature2.readback: 248.60000000000002
# SampleHeater.voltage.setpoint: 0.6424446830521684
# SampleHeater.voltage.readback: 0.652
# SampleHeater.PID.P: 0.025
# SampleHeater.PID.I: 0.07
# SampleHeater.PID.D: 0.0
# SampleGasCart.MFC.CH4.setpoint: 0.0
# SampleGasCart.MFC.CH4.readback: 0.0
# SampleGasCart.MFC.CO.setpoint: 0.0
# SampleGasCart.MFC.CO.readback: 0.0
# SampleGasCart.MFC.H2.setpoint: 10.0
# SampleGasCart.MFC.H2.readback: 10.012
# SampleGasCart.MFC.exhaust.setpoint: 100.0
# SampleGasCart.MFC.exhaust.readback: 9.97
# SampleGasHandlingSystem.gas_a.name: None
# SampleGasHandlingSystem.gas_b.name: None
# SampleGasHandlingSystem.gas_c.name: None
# SampleGasHandlingSystem.gas_d.name: None
# SampleGasHandlingSystem.gas_e.name: He
# SampleGasHandlingSystem.MFC1.setpoint: 0.0
# SampleGasHandlingSystem.MFC1.readback: -0.146484375
# SampleGasHandlingSystem.MFC2.setpoint: 0.0
# SampleGasHandlingSystem.MFC2.readback: -0.09765625
# SampleGasHandlingSystem.MFC3.setpoint: 0.0
# SampleGasHandlingSystem.MFC3.readback: 0.02034505270421505
# SampleGasHandlingSystem.MFC4.setpoint: 0.0
# SampleGasHandlingSystem.MFC4.readback: -0.0935872420668602
# SampleGasHandlingSystem.MFC5.setpoint: 0.0
# SampleGasHandlingSystem.MFC5.readback: -0.008138020522892475
# SampleGasHandlingSystem.MFC6.setpoint: 0.0
# SampleGasHandlingSystem.MFC6.readback: -0.0325520820915699
# SampleGasHandlingSystem.MFC7.setpoint: 0.0
# SampleGasHandlingSystem.MFC7.readback: -0.0244140625
# SampleGasHandlingSystem.MFC8.setpoint: 0.0
# SampleGasHandlingSystem.MFC8.readback: -0.0651041641831398
# SampleGasHandlingSystem.MFC9.setpoint: 0.0
# SampleGasHandlingSystem.MFC9.readback: -0.048828125
# SampleGasHandlingSystem.MFC10.setpoint: 0.0
# SampleGasHandlingSystem.MFC10.readback: 0.01220703125
# SampleGasHandlingSystem.MFC11.setpoint: 0.0
# SampleGasHandlingSystem.MFC11.readback: -0.08544921875
# SampleGasHandlingSystem.MFC12.setpoint: 0.0
# SampleGasHandlingSystem.MFC12.readback: -0.0447591133415699
# SampleGasHandlingSystem.MFC13.setpoint: 0.0
# SampleGasHandlingSystem.MFC13.readback: -0.0447591133415699
# SampleGasHandlingSystem.MFC14.setpoint: 0.0
# SampleGasHandlingSystem.MFC14.readback: -0.06103515625
# SampleGasHandlingSystem.MFC15.setpoint: 0.0
# SampleGasHandlingSystem.MFC15.readback: -0.1017252579331398
# SampleGasHandlingSystem.MFC16.setpoint: 0.0
# SampleGasHandlingSystem.MFC16.readback: -0.0325520820915699
# SampleGasHandlingSystem.RGA.ch1.mass: 2
# SampleGasHandlingSystem.RGA.ch1.readback: 1.07594e-06
# SampleGasHandlingSystem.RGA.ch2.mass: 4
# SampleGasHandlingSystem.RGA.ch2.readback: 0.0
# SampleGasHandlingSystem.RGA.ch3.mass: 5
# SampleGasHandlingSystem.RGA.ch3.readback: 7.81276e-12
# SampleGasHandlingSystem.RGA.ch4.mass: 5
# SampleGasHandlingSystem.RGA.ch4.readback: 4.78717e-10
# SampleGasHandlingSystem.RGA.ch5.mass: 18
# SampleGasHandlingSystem.RGA.ch5.readback: 2.18695e-09
# SampleGasHandlingSystem.RGA.ch6.mass: 28
# SampleGasHandlingSystem.RGA.ch6.readback: 1.4534e-08
# SampleGasHandlingSystem.RGA.ch7.mass: 32
# SampleGasHandlingSystem.RGA.ch7.readback: 3.07315e-09
# SampleGasHandlingSystem.RGA.ch8.mass: 41
# SampleGasHandlingSystem.RGA.ch8.readback: 1.11477e-11
# SampleGasHandlingSystem.RGA.ch9.mass: 44
# SampleGasHandlingSystem.RGA.ch9.readback: 2.07863e-10
# energy  i0  it  ir  iff  aux1  aux2  aux3  aux4
10167.000000 -2.992839e-05 -6.826221e-07 -1.977761e-07 -1.012475e-06 5.140462e-05 2.559446e-04 -7.701729e-05 4.215530e-05
10172.000000 -2.977088e-05 -6.774138e-07 -1.952422e-07 -1.009213e-06 4.525552e-05 2.608863e-04 -6.817756e-05 4.654657e-05
10177.000000 -2.969123e-05 -6.769418e-07 -1.933423e-07 -1.008251e-06 4.615656e-05 2.389152e-04 -6.094051e-05 4.639784e-05
10182.000000 -2.961518e-05 -6.767317e-07 -1.898916e-07 -1.007716e-06 3.625116e-05 2.589146e-04 -7.081397e-05 4.394883e-05
10187.000000 -2.965229e-05 -6.774107e-07 -1.827536e-07 -1.012321e-06 3.877413e-05 2.719496e-04 -6.776332e-05 4.063473e-05
10192.000000 -2.968568e-05 -6.801687e-07 -1.675246e-07 -1.015861e-06 4.228452e-05 2.544565e-04 -6.520816e-05 4.137774e-05
10197.000000 -2.968403e-05 -6.825438e-07 -1.228236e-07 -1.018326e-06 4.094422e-05 2.403076e-04 -6.261700e-05 3.761306e-05
10202.000000 -2.962831e-05 -6.835647e-07 -3.862893e-08 -1.018705e-06 3.909027e-05 2.311330e-04 -6.932883e-05 5.210146e-05
10207.000000 -2.959767e-05 -6.853164e-07 -1.669632e-08 -1.020276e-06 4.391049e-05 2.283332e-04 -6.437156e-05 5.233662e-05
10212.000000 -2.959352e-05 -6.866853e-07 -3.380628e-08 -1.023495e-06 3.796893e-05 2.644015e-04 -6.437808e-05 5.192218e-05
10217.000000 -2.955695e-05 -6.874274e-07 -4.340442e-08 -1.024777e-06 4.311587e-05 2.708972e-04 -7.757480e-05 3.754142e-05
10222.000000 -2.952016e-05 -6.885061e-07 -5.116109e-08 -1.025948e-06 4.840110e-05 2.781448e-04 -7.085097e-05 4.478337e-05
10227.000000 -2.944172e-05 -6.904718e-07 -5.646307e-08 -1.025424e-06 5.323673e-05 2.643417e-04 -7.561150e-05 4.936991e-05
10232.000000 -2.932574e-05 -6.917784e-07 -5.845584e-08 -1.023237e-06 4.614900e-05 2.416388e-04 -6.612963e-05 5.865261e-05
10237.000000 -2.936770e-05 -6.944203e-07 -6.019325e-08 -1.028341e-06 5.812868e-05 2.480658e-04 -6.714541e-05 6.539138e-05
10242.000000 -2.935468e-05 -6.974273e-07 -6.144784e-08 -1.030537e-06 6.600510e-05 2.587311e-04 -7.091109e-05 6.489130e-05
10247.000000 -2.924995e-05 -6.999510e-07 -6.432292e-08 -1.029117e-06 5.697891e-05 2.700972e-04 -8.104562e-05 5.990820e-05
10252.000000 -2.922363e-05 -7.018611e-07 -6.387607e-08 -1.030971e-06 5.574236e-05 2.664759e-04 -7.552496e-05 5.981075e-05
10257.000000 -2.926291e-05 -7.039562e-07 -6.140298e-08 -1.036226e-06 5.056639e-05 2.691783e-04 -8.439605e-05 5.620124e-05
10262.000000 -2.912947e-05 -7.055419e-07 -6.106583e-08 -1.033534e-06 4.616679e-05 2.709998e-04 -8.866676e-05 5.560394e-05
10267.000000 -2.918566e-05 -7.101348e-07 -6.254829e-08 -1.038455e-06 4.315873e-05 2.429697e-04 -8.795129e-05 6.142535e-05
10272.000000 -2.916731e-05 -7.126421e-07 -6.312458e-08 -1.040703e-06 4.702348e-05 2.042917e-04 -9.370373e-05 5.441106e-05
10277.000000 -2.912947e-05 -7.136284e-07 -6.272520e-08 -1.042855e-06 4.630623e-05 1.900491e-04 -8.598405e-05 5.810859e-05
10282.000000 -2.895850e-05 -7.145158e-07 -6.207848e-08 -1.039033e-06 4.457479e-05 1.878119e-04 -9.093158e-05 5.190926e-05
10287.000000 -2.895127e-05 -7.192039e-07 -6.294077e-08 -1.040738e-06 4.822005e-05 2.243275e-04 -7.888313e-05 5.215909e-05
10292.000000 -2.897678e-05 -7.222426e-07 -6.496020e-08 -1.045000e-06 4.935578e-05 2.391783e-04 -9.106755e-05 5.644041e-05
10297.000000 -2.896446e-05 -7.255594e-07 -6.607924e-08 -1.047493e-06 4.391365e-05 2.480309e-04 -9.398223e-05 5.598926e-05
10302.000000 -2.899480e-05 -7.302466e-07 -6.593811e-08 -1.051401e-06 3.487544e-05 2.161524e-04 -9.543447e-05 5.205385e-05
10307.000000 -2.892850e-05 -7.329346e-07 -6.599956e-08 -1.051354e-06 4.445875e-05 2.173419e-04 -8.539115e-05 5.612294e-05
10312.000000 -2.886316e-05 -7.360227e-07 -6.668541e-08 -1.051800e-06 4.108427e-05 2.228448e-04 -7.579152e-05 4.894444e-05
10317.000000 -2.888670e-05 -7.389038e-07 -6.648299e-08 -1.056516e-06 3.997133e-05 2.626458e-04 -7.481363e-05 3.507205e-05
10322.000000 -2.884934e-05 -7.416728e-07 -6.587902e-08 -1.058251e-06 3.676923e-05 2.696579e-04 -7.195404e-05 4.495796e-05
10327.000000 -2.879545e-05 -7.431328e-07 -6.526226e-08 -1.059475e-06 4.179136e-05 2.731955e-04 -7.326898e-05 4.642666e-05
10332.000000 -2.862484e-05 -7.429222e-07 -6.481362e-08 -1.056300e-06 4.409842e-05 2.767501e-04 -8.056364e-05 4.812167e-05
10337.000000 -2.869614e-05 -7.498783e-07 -6.527076e-08 -1.061811e-06 5.341373e-05 3.065453e-04 -7.398546e-05 5.997852e-05
10341.000000 -2.873847e-05 -7.511101e-07 -6.571430e-08 -1.068183e-06 3.741281e-05 3.085159e-04 -6.713169e-05 6.321976e-05
10344.000000 -2.871206e-05 -7.520513e-07 -6.653243e-08 -1.070222e-06 2.619884e-05 3.047711e-04 -7.382701e-05 5.412711e-05
10346.000000 -2.865540e-05 -7.521089e-07 -6.720362e-08 -1.070237e-06 3.227926e-05 3.091108e-04 -7.880719e-05 5.874417e-05
10347.000000 -2.865138e-05 -7.525009e-07 -6.754023e-08 -1.071165e-06 4.493893e-05 2.981030e-04 -7.737553e-05 5.773594e-05
10347.200000 -2.866757e-05 -7.533503e-07 -6.768178e-08 -1.072123e-06 4.664959e-05 2.908524e-04 -8.331639e-05 5.595587e-05
10347.400000 -2.866479e-05 -7.515078e-07 -6.759886e-08 -1.072533e-06 4.540218e-05 3.114299e-04 -7.709014e-05 6.277499e-05
10347.600000 -2.866262e-05 -7.534490e-07 -6.803099e-08 -1.072257e-06 3.966852e-05 3.095462e-04 -8.515666e-05 5.847202e-05
10347.800000 -2.863441e-05 -7.538424e-07 -6.833411e-08 -1.071581e-06 4.124340e-05 2.986457e-04 -8.122410e-05 5.003597e-05
10348.000000 -2.861547e-05 -7.511147e-07 -6.820754e-08 -1.071117e-06 4.410450e-05 3.027159e-04 -7.862574e-05 4.108976e-05
10348.200000 -2.860158e-05 -7.529076e-07 -6.847502e-08 -1.070761e-06 4.606026e-05 3.111457e-04 -7.805064e-05 4.288021e-05
10348.400000 -2.853745e-05 -7.515574e-07 -6.843962e-08 -1.067184e-06 4.665250e-05 3.199084e-04 -7.789961e-05 4.255856e-05
10348.600000 -2.860321e-05 -7.525249e-07 -6.838451e-08 -1.071398e-06 4.893727e-05 3.155911e-04 -8.626315e-05 3.686084e-05
10348.800000 -2.864209e-05 -7.527291e-07 -6.853839e-08 -1.073728e-06 4.351487e-05 3.037451e-04 -8.288341e-05 3.315802e-05
10349.000000 -2.864565e-05 -7.529647e-07 -6.868463e-08 -1.074074e-06 3.779307e-05 3.189128e-04 -7.989036e-05 4.150348e-05
10349.200000 -2.865032e-05 -7.536795e-07 -6.880634e-08 -1.074407e-06 3.466005e-05 2.990256e-04 -7.747310e-05 4.390757e-05
10349.400000 -2.861112e-05 -7.537965e-07 -6.874655e-08 -1.072789e-06 3.274338e-05 3.035544e-04 -6.111287e-05 5.775217e-05
10349.600000 -2.854535e-05 -7.538690e-07 -6.888005e-08 -1.069243e-06 3.111915e-05 3.242952e-04 -6.350143e-05 6.338307e-05
10349.800000 -2.854035e-05 -7.532654e-07 -6.882111e-08 -1.069143e-06 2.422599e-05 3.369390e-04 -5.808169e-05 6.241430e-05
10350.000000 -2.850663e-05 -7.500508e-07 -6.857760e-08 -1.068136e-06 3.010866e-05 3.267794e-04 -6.486937e-05 4.381197e-05
10350.200000 -2.856150e-05 -7.534409e-07 -6.891505e-08 -1.071003e-06 2.206295e-05 3.308528e-04 -7.645107e-05 3.579499e-05
10350.400000 -2.860343e-05 -7.532837e-07 -6.886956e-08 -1.073515e-06 1.787063e-05 3.218026e-04 -7.845076e-05 5.201681e-05
10350.600000 -2.865153e-05 -7.538012e-07 -6.896288e-08 -1.076458e-06 1.292863e-05 3.225999e-04 -7.389784e-05 4.656747e-05
10350.800000 -2.867285e-05 -7.538241e-07 -6.870979e-08 -1.077949e-06 1.569458e-05 3.508363e-04 -6.169778e-05 4.273395e-05
10351.000000 -2.864171e-05 -7.548100e-07 -6.882001e-08 -1.076532e-06 1.273350e-05 3.487584e-04 -6.598748e-05 4.850490e-05
10351.200000 -2.858682e-05 -7.527032e-07 -6.869273e-08 -1.074693e-06 1.233901e-05 3.466431e-04 -7.246071e-05 5.195660e-05
10351.400000 -2.853999e-05 -7.554930e-07 -6.915181e-08 -1.072363e-06 7.924163e-06 3.330035e-04 -7.648324e-05 4.256775e-05
10351.600000 -2.851372e-05 -7.500120e-07 -6.890944e-08 -1.072025e-06 1.182290e-05 3.506992e-04 -7.530131e-05 3.948614e-05
10351.800000 -2.857183e-05 -7.527571e-07 -6.929453e-08 -1.075102e-06 3.481243e-06 3.340456e-04 -6.665052e-05 4.571555e-05
10352.000000 -2.849924e-05 -7.461839e-07 -6.890669e-08 -1.073094e-06 6.949737e-06 3.228957e-04 -7.058071e-05 4.084172e-05
10352.200000 -2.851617e-05 -7.509747e-07 -6.930878e-08 -1.073923e-06 9.996572e-06 3.333203e-04 -8.286445e-05 3.508310e-05
10352.400000 -2.860002e-05 -7.531233e-07 -6.958330e-08 -1.078426e-06 1.844243e-05 3.154534e-04 -6.726384e-05 3.420515e-05
10352.600000 -2.861800e-05 -7.514209e-07 -6.947498e-08 -1.079986e-06 1.334139e-05 3.092561e-04 -5.419052e-05 4.652279e-05
10352.800000 -2.861647e-05 -7.531125e-07 -6.944727e-08 -1.080225e-06 1.581281e-05 2.973566e-04 -5.686519e-05 4.363633e-05
10353.000000 -2.861592e-05 -7.523499e-07 -6.940376e-08 -1.080866e-06 1.718957e-05 3.037472e-04 -7.044012e-05 5.012766e-05
10353.200000 -2.862490e-05 -7.520067e-07 -6.946358e-08 -1.081317e-06 2.271991e-05 2.913688e-04 -7.428417e-05 4.836793e-05
10353.400000 -2.863053e-05 -7.524858e-07 -6.957343e-08 -1.081833e-06 2.959346e-05 2.992195e-04 -6.057515e-05 5.558657e-05
10353.600000 -2.863127e-05 -7.526512e-07 -6.953594e-08 -1.082371e-06 2.653800e-05 3.118204e-04 -4.984332e-05 5.840986e-05
10353.800000 -2.863332e-05 -7.524538e-07 -6.951615e-08 -1.083624e-06 2.151375e-05 3.025648e-04 -5.224799e-05 4.992418e-05
10354.000000 -2.861970e-05 -7.526200e-07 -6.958332e-08 -1.082981e-06 1.755595e-05 3.101543e-04 -5.651009e-05 5.011017e-05
10354.200000 -2.857591e-05 -7.510437e-07 -6.937999e-08 -1.081599e-06 1.079562e-05 3.391533e-04 -5.955310e-05 5.235590e-05
10354.400000 -2.861214e-05 -7.525195e-07 -6.965263e-08 -1.083949e-06 1.985746e-05 3.168114e-04 -5.953206e-05 5.551704e-05
10354.600000 -2.860845e-05 -7.528648e-07 -6.974782e-08 -1.083918e-06 2.716702e-05 2.986501e-04 -6.845384e-05 4.816323e-05
10354.800000 -2.859803e-05 -7.523695e-07 -6.954525e-08 -1.083843e-06 2.720845e-05 2.990418e-04 -8.312578e-05 4.320346e-05
10355.000000 -2.859788e-05 -7.530790e-07 -6.959977e-08 -1.084563e-06 3.250044e-05 2.910801e-04 -7.495176e-05 4.231232e-05
10355.200000 -2.860950e-05 -7.510116e-07 -6.956912e-08 -1.085125e-06 2.567342e-05 2.894826e-04 -8.086313e-05 4.622003e-05
10355.400000 -2.859411e-05 -7.512555e-07 -6.947552e-08 -1.085125e-06 2.401059e-05 2.701692e-04 -7.453097e-05 4.433190e-05
10355.600000 -2.856212e-05 -7.504973e-07 -6.923778e-08 -1.083826e-06 2.625579e-05 2.745259e-04 -7.808452e-05 3.414785e-05
10355.800000 -2.855523e-05 -7.503594e-07 -6.940436e-08 -1.084113e-06 2.277074e-05 2.683482e-04 -6.942147e-05 4.002093e-05
10356.000000 -2.855242e-05 -7.516736e-07 -6.951799e-08 -1.084727e-06 3.649279e-05 2.818628e-04 -7.057582e-05 4.590144e-05
10356.200000 -2.856341e-05 -7.504741e-07 -6.948444e-08 -1.085765e-06 3.726512e-05 2.856884e-04 -6.122160e-05 5.781384e-05
10356.400000 -2.856999e-05 -7.541480e-07 -6.994837e-08 -1.086228e-06 3.194071e-05 2.818798e-04 -6.792070e-05 6.258225e-05
10356.600000 -2.852616e-05 -7.491728e-07 -6.969400e-08 -1.085079e-06 2.616160e-05 2.687538e-04 -7.192564e-05 6.047030e-05
10356.800000 -2.854290e-05 -7.522507e-07 -6.993276e-08 -1.086386e-06 3.151972e-05 2.840593e-04 -7.977830e-05 6.031594e-05
10357.000000 -2.855147e-05 -7.500543e-07 -6.994340e-08 -1.088382e-06 2.771570e-05 2.920826e-04 -8.309694e-05 5.874655e-05
10357.200000 -2.856574e-05 -7.492510e-07 -6.990786e-08 -1.089292e-06 2.461738e-05 2.628790e-04 -9.360109e-05 5.888728e-05
10357.400000 -2.856659e-05 -7.505305e-07 -6.979219e-08 -1.090181e-06 2.885979e-05 2.716668e-04 -8.517055e-05 5.589866e-05
10357.600000 -2.855868e-05 -7.485601e-07 -6.962974e-08 -1.090594e-06 3.148113e-05 2.880885e-04 -9.703172e-05 5.019303e-05
10357.800000 -2.854227e-05 -7.501028e-07 -6.971414e-08 -1.090904e-06 2.883842e-05 2.775217e-04 -7.650644e-05 6.685932e-05
10358.000000 -2.853227e-05 -7.481785e-07 -6.963931e-08 -1.091661e-06 2.633268e-05 2.722915e-04 -7.016801e-05 7.414469e-05
10358.200000 -2.854464e-05 -7.500247e-07 -6.961102e-08 -1.092530e-06 3.066992e-05 2.765202e-04 -6.501287e-05 6.528293e-05
10358.400000 -2.852332e-05 -7.484630e-07 -6.955310e-08 -1.091996e-06 3.062921e-05 3.039876e-04 -7.800909e-05 6.480984e-05
10358.600000 -2.852552e-05 -7.498459e-07 -6.979360e-08 -1.092936e-06 3.374202e-05 2.912615e-04 -7.777042e-05 6.045958e-05
10358.800000 -2.850646e-05 -7.502741e-07 -7.007935e-08 -1.092836e-06 3.328433e-05 2.872716e-04 -8.255822e-05 5.773262e-05
10359.000000 -2.844567e-05 -7.460299e-07 -6.972801e-08 -1.091168e-06 2.831210e-05 3.016149e-04 -7.323609e-05 5.642617e-05
10359.200000 -2.846028e-05 -7.482909e-07 -6.976410e-08 -1.093082e-06 2.441606e-05 2.904335e-04 -6.594616e-05 5.557391e-05
10359.400000 -2.849432e-05 -7.491456e-07 -6.981075e-08 -1.095362e-06 1.693151e-05 2.783010e-04 -7.752725e-05 5.592649e-05
10359.600000 -2.851107e-05 -7.488749e-07 -6.958586e-08 -1.097080e-06 2.513463e-05 2.693841e-04 -6.188824e-05 6.890473e-05
10359.800000 -2.852103e-05 -7.494517e-07 -6.965126e-08 -1.098316e-06 2.548708e-05 2.960691e-04 -5.170265e-05 8.255950e-05
10360.000000 -2.851252e-05 -7.486751e-07 -6.961414e-08 -1.098480e-06 2.541038e-05 2.932627e-04 -7.290281e-05 6.926178e-05
10360.200000 -2.848753e-05 -7.483840e-07 -6.964302e-08 -1.098564e-06 2.845835e-05 2.856809e-04 -6.180188e-05 7.230426e-05
10360.400000 -2.847597e-05 -7.478956e-07 -6.957574e-08 -1.099745e-06 2.608609e-05 2.819638e-04 -7.538816e-05 6.425935e-05
10360.600000 -2.848129e-05 -7.495469e-07 -6.973843e-08 -1.100699e-06 3.189913e-05 3.085605e-04 -7.433374e-05 7.370793e-05
10360.800000 -2.850486e-05 -7.483237e-07 -6.968613e-08 -1.102564e-06 4.173259e-05 3.283747e-04 -7.430380e-05 7.726522e-05
10361.000000 -2.852120e-05 -7.493268e-07 -6.979187e-08 -1.104666e-06 3.516529e-05 2.905997e-04 -7.560432e-05 6.229100e-05
10361.200000 -2.849064e-05 -7.493321e-07 -6.973573e-08 -1.104598e-06 3.431791e-05 2.690557e-04 -6.513251e-05 6.724670e-05
10361.400000 -2.845115e-05 -7.482813e-07 -6.954623e-08 -1.103622e-06 3.543324e-05 2.404962e-04 -8.030027e-05 7.075858e-05
10361.600000 -2.848308e-05 -7.485808e-07 -6.968108e-08 -1.106393e-06 4.046777e-05 2.323671e-04 -7.490679e-05 7.269901e-05
10361.800000 -2.843181e-05 -7.450835e-07 -6.941948e-08 -1.106028e-06 2.698387e-05 2.687439e-04 -7.765451e-05 7.476978e-05
10362.000000 -2.843014e-05 -7.479956e-07 -6.949384e-08 -1.106819e-06 2.429202e-05 2.769435e-04 -7.839382e-05 7.750488e-05
10362.200000 -2.844408e-05 -7.483342e-07 -6.939813e-08 -1.108816e-06 2.464887e-05 3.001447e-04 -8.442808e-05 7.965934e-05
10362.400000 -2.842141e-05 -7.483181e-07 -6.937590e-08 -1.108747e-06 2.513812e-05 2.955742e-04 -6.966042e-05 6.913291e-05
10362.600000 -2.842259e-05 -7.481066e-07 -6.955176e-08 -1.110918e-06 2.582691e-05 2.986305e-04 -6.683501e-05 6.595005e-05
10362.800000 -2.843603e-05 -7.465248e-07 -6.945383e-08 -1.112888e-06 2.979936e-05 3.018096e-04 -6.326378e-05 7.683158e-05
10363.000000 -2.847789e-05 -7.475413e-07 -6.955481e-08 -1.117185e-06 4.072893e-05 3.009439e-04 -6.731290e-05 7.084435e-05
10363.200000 -2.847725e-05 -7.459896e-07 -6.946303e-08 -1.118661e-06 4.467366e-05 2.753186e-04 -6.474586e-05 6.994715e-05
10363.400000 -2.848279e-05 -7.460587e-07 -6.963170e-08 -1.120828e-06 4.117231e-05 2.978338e-04 -6.686033e-05 6.623731e-05
10363.600000 -2.845458e-05 -7.450424e-07 -6.929119e-08 -1.121891e-06 3.162782e-05 2.813641e-04 -6.612524e-05 6.213018e-05
10363.800000 -2.844081e-05 -7.461303e-07 -6.935898e-08 -1.122799e-06 3.432944e-05 2.819427e-04 -7.443945e-05 5.820624e-05
10364.000000 -2.847211e-05 -7.461894e-07 -6.946486e-08 -1.126740e-06 3.242678e-05 3.051933e-04 -7.551812e-05 5.623944e-05
10364.200000 -2.845395e-05 -7.451068e-07 -6.928282e-08 -1.128572e-06 3.385687e-05 2.949179e-04 -7.252677e-05 5.791851e-05
10364.400000 -2.840319e-05 -7.453542e-07 -6.940366e-08 -1.128603e-06 4.259227e-05 2.831151e-04 -6.981467e-05 5.761260e-05
10364.600000 -2.838338e-05 -7.413494e-07 -6.894098e-08 -1.130815e-06 3.615688e-05 2.723272e-04 -6.593864e-05 5.795335e-05
10364.800000 -2.844719e-05 -7.454644e-07 -6.914990e-08 -1.136085e-06 2.955473e-05 2.855682e-04 -6.256185e-05 6.682714e-05
10365.000000 -2.842766e-05 -7.445926e-07 -6.888721e-08 -1.138074e-06 3.107859e-05 2.792112e-04 -7.023547e-05 6.335705e-05
10365.200000 -2.838946e-05 -7.416998e-07 -6.882844e-08 -1.139479e-06 2.785251e-05 2.721214e-04 -7.382897e-05 6.437939e-05
10365.400000 -2.839337e-05 -7.431341e-07 -6.906982e-08 -1.143263e-06 3.351403e-05 2.665775e-04 -6.761523e-05 7.162162e-05
10365.600000 -2.836893e-05 -7.425456e-07 -6.916847e-08 -1.145626e-06 3.044006e-05 2.529158e-04 -6.047330e-05 7.536387e-05
10365.800000 -2.840268e-05 -7.410759e-07 -6.877555e-08 -1.152016e-06 3.557145e-05 2.616194e-04 -6.341942e-05 6.026941e-05
10366.000000 -2.842534e-05 -7.404914e-07 -6.854500e-08 -1.157750e-06 4.230569e-05 2.491783e-04 -6.393379e-05 6.769994e-05
10366.200000 -2.842543e-05 -7.402080e-07 -6.853777e-08 -1.162246e-06 5.026887e-05 2.652538e-04 -6.049749e-05 6.733358e-05
10366.400000 -2.841106e-05 -7.393522e-07 -6.836118e-08 -1.166356e-06 5.495018e-05 2.581131e-04 -7.734862e-05 6.934763e-05
10366.600000 -2.838330e-05 -7.373917e-07 -6.826243e-08 -1.171101e-06 4.395579e-05 2.519320e-04 -8.296784e-05 5.721528e-05
10366.800000 -2.838667e-05 -7.380356e-07 -6.819679e-08 -1.177055e-06 4.358497e-05 2.498400e-04 -6.681355e-05 6.516699e-05
10367.000000 -2.830397e-05 -7.350461e-07 -6.797857e-08 -1.179737e-06 4.859458e-05 2.778308e-04 -7.359574e-05 6.922211e-05
10367.200000 -2.824105e-05 -7.327611e-07 -6.795310e-08 -1.183333e-06 4.528479e-05 2.663491e-04 -7.893882e-05 7.110488e-05
10367.400000 -2.817775e-05 -7.292191e-07 -6.773832e-08 -1.188329e-06 3.359199e-05 2.695489e-04 -7.489904e-05 6.616301e-05
10367.600000 -2.823132e-05 -7.294198e-07 -6.771967e-08 -1.201538e-06 3.780251e-05 2.670072e-04 -6.346133e-05 5.840884e-05
10367.800000 -2.828911e-05 -7.299217e-07 -6.788653e-08 -1.215989e-06 2.644068e-05 2.842229e-04 -7.461035e-05 5.227867e-05
10368.000000 -2.830058e-05 -7.298413e-07 -6.800457e-08 -1.228474e-06 3.074981e-05 2.562115e-04 -6.430963e-05 5.600615e-05
10368.200000 -2.828222e-05 -7.263566e-07 -6.757165e-08 -1.241572e-06 3.725097e-05 2.696221e-04 -6.957681e-05 6.016732e-05
10368.400000 -2.832559e-05 -7.233904e-07 -6.751707e-08 -1.260267e-06 3.413747e-05 2.576058e-04 -5.634818e-05 6.014738e-05
10368.600000 -2.836956e-05 -7.222837e-07 -6.729441e-08 -1.281175e-06 3.969539e-05 2.738495e-04 -8.848327e-05 5.327019e-05
10368.800000 -2.829752e-05 -7.156831e-07 -6.646381e-08 -1.297199e-06 4.392587e-05 2.749168e-04 -8.711058e-05 4.416655e-05
10369.000000 -2.829460e-05 -7.139831e-07 -6.619329e-08 -1.318765e-06 4.834739e-05 2.457578e-04 -8.772771e-05 4.428183e-05
10369.200000 -2.819637e-05 -7.085977e-07 -6.591841e-08 -1.336276e-06 4.787690e-05 2.442749e-04 -8.731245e-05 4.590681e-05
10369.400000 -2.818216e-05 -7.036834e-07 -6.554045e-08 -1.361997e-06 4.386629e-05 2.375960e-04 -8.617560e-05 4.496733e-05
10369.600000 -2.816719e-05 -6.983178e-07 -6.511824e-08 -1.390414e-06 3.968995e-05 2.581042e-04 -8.557257e-05 4.469915e-05
10369.800000 -2.814366e-05 -6.913151e-07 -6.444934e-08 -1.419811e-06 4.049974e-05 2.656975e-04 -8.083454e-05 4.007325e-05
10370.000000 -2.823839e-05 -6.898020e-07 -6.433294e-08 -1.460155e-06 4.086607e-05 2.575622e-04 -8.109584e-05 4.616208e-05
10370.200000 -2.839253e-05 -6.864201e-07 -6.375203e-08 -1.508929e-06 2.872572e-05 2.748848e-04 -8.003618e-05 5.021873e-05
10370.400000 -2.841535e-05 -6.815454e-07 -6.327526e-08 -1.550073e-06 2.915898e-05 2.770680e-04 -7.670430e-05 5.375597e-05
10370.600000 -2.843384e-05 -6.772789e-07 -6.290247e-08 -1.593377e-06 2.841294e-05 2.915766e-04 -6.364933e-05 5.732641e-05
10370.800000 -2.837520e-05 -6.691064e-07 -6.211651e-08 -1.634960e-06 3.448801e-05 2.945164e-04 -6.353498e-05 6.056860e-05
10371.000000 -2.836486e-05 -6.611333e-07 -6.140018e-08 -1.684897e-06 3.263893e-05 2.941318e-04 -7.222577e-05 6.250635e-05
10371.200000 -2.837589e-05 -6.545432e-07 -6.083140e-08 -1.738772e-06 3.942706e-05 2.967736e-04 -9.308237e-05 5.589524e-05
10371.400000 -2.830299e-05 -6.452609e-07 -5.989049e-08 -1.789684e-06 4.730191e-05 2.886641e-04 -1.015485e-04 5.289155e-05
10371.600000 -2.825199e-05 -6.402251e-07 -5.913436e-08 -1.846282e-06 4.402271e-05 2.916187e-04 -9.963265e-05 5.522671e-05
10371.800000 -2.820884e-05 -6.312005e-07 -5.839682e-08 -1.908342e-06 3.713553e-05 2.883386e-04 -9.147485e-05 5.444709e-05
10372.000000 -2.821421e-05 -6.203766e-07 -5.740379e-08 -1.980958e-06 3.360371e-05 2.875807e-04 -7.401635e-05 5.970313e-05
10372.200000 -2.828370e-05 -6.138133e-07 -5.671804e-08 -2.062761e-06 3.470942e-05 2.864296e-04 -7.414100e-05 4.624667e-05
10372.400000 -2.828141e-05 -6.023046e-07 -5.566560e-08 -2.141035e-06 4.105578e-05 2.850160e-04 -6.231965e-05 5.873637e-05
10372.600000 -2.830653e-05 -5.934275e-07 -5.465172e-08 -2.220851e-06 4.251894e-05 2.545082e-04 -7.251051e-05 4.872359e-05
10372.800000 -2.832072e-05 -5.867219e-07 -5.395257e-08 -2.299912e-06 3.856728e-05 2.526360e-04 -8.033564e-05 3.777269e-05
10373.000000 -2.830543e-05 -5.792000e-07 -5.326604e-08 -2.372381e-06 3.232056e-05 2.520423e-04 -7.384517e-05 5.429830e-05
10373.200000 -2.827263e-05 -5.709147e-07 -5.275584e-08 -2.437659e-06 4.338792e-05 2.503707e-04 -7.341985e-05 6.079616e-05
10373.400000 -2.830209e-05 -5.634981e-07 -5.216202e-08 -2.506621e-06 4.610240e-05 2.333436e-04 -7.139823e-05 6.259968e-05
10373.600000 -2.835758e-05 -5.591096e-07 -5.153311e-08 -2.569878e-06 4.759572e-05 2.432348e-04 -7.964688e-05 5.735497e-05
10373.800000 -2.835971e-05 -5.538070e-07 -5.091679e-08 -2.619965e-06 5.280340e-05 2.446981e-04 -6.132886e-05 5.485379e-05
10374.000000 -2.835073e-05 -5.493747e-07 -5.052897e-08 -2.661594e-06 4.326210e-05 2.255861e-04 -6.551925e-05 5.566531e-05
10374.200000 -2.835457e-05 -5.464351e-07 -5.033380e-08 -2.697512e-06 4.814965e-05 2.255181e-04 -7.544951e-05 5.216849e-05
10374.400000 -2.838265e-05 -5.439463e-07 -5.008639e-08 -2.731348e-06 5.081804e-05 2.158053e-04 -7.692332e-05 4.940700e-05
10374.600000 -2.837807e-05 -5.416747e-07 -5.016894e-08 -2.754270e-06 5.545315e-05 2.222283e-04 -7.465073e-05 5.188738e-05
10374.800000 -2.837439e-05 -5.417978e-07 -5.017819e-08 -2.773985e-06 4.714148e-05 2.037412e-04 -7.575642e-05 6.114284e-05
10375.000000 -2.835422e-05 -5.410434e-07 -5.029870e-08 -2.787060e-06 4.936682e-05 2.056639e-04 -8.144990e-05 6.043112e-05
10375.200000 -2.831515e-05 -5.389477e-07 -4.997089e-08 -2.797556e-06 3.897586e-05 2.280874e-04 -9.029331e-05 4.231735e-05
10375.400000 -2.831962e-05 -5.368923e-07 -4.960572e-08 -2.812637e-06 4.128139e-05 2.278483e-04 -7.135112e-05 5.644970e-05
10375.600000 -2.835306e-05 -5.378725e-07 -4.960171e-08 -2.830315e-06 4.504414e-05 2.340957e-04 -7.259079e-05 4.818321e-05
10375.800000 -2.830796e-05 -5.369922e-07 -4.952331e-08 -2.833451e-06 4.257311e-05 2.540656e-04 -9.332753e-05 3.954793e-05
10376.000000 -2.828404e-05 -5.375727e-07 -4.955503e-08 -2.837709e-06 3.937982e-05 2.291401e-04 -8.740692e-05 4.631024e-05
10376.200000 -2.829271e-05 -5.336701e-07 -4.921150e-08 -2.849817e-06 3.928540e-05 2.225464e-04 -7.697195e-05 4.866539e-05
10376.400000 -2.838013e-05 -5.364181e-07 -4.949270e-08 -2.868475e-06 5.714716e-05 2.211410e-04 -7.266841e-05 4.489076e-05
10376.600000 -2.836576e-05 -5.361256e-07 -4.952710e-08 -2.869158e-06 5.004224e-05 2.169384e-04 -7.798850e-05 4.644814e-05
10376.800000 -2.837399e-05 -5.335091e-07 -4.920770e-08 -2.872017e-06 4.702096e-05 2.289644e-04 -7.479105e-05 5.332934e-05
10377.000000 -2.839086e-05 -5.337935e-07 -4.909327e-08 -2.871887e-06 3.909344e-05 2.227291e-04 -8.505342e-05 5.111228e-05
10377.200000 -2.842193e-05 -5.377415e-07 -4.943747e-08 -2.869161e-06 3.718765e-05 2.116941e-04 -8.953362e-05 4.857612e-05
10377.400000 -2.843161e-05 -5.365553e-07 -4.910902e-08 -2.859602e-06 5.726355e-05 2.191633e-04 -7.945097e-05 4.936377e-05
10377.600000 -2.844344e-05 -5.398877e-07 -4.945622e-08 -2.845606e-06 5.421111e-05 2.192104e-04 -8.361671e-05 3.903379e-05
10377.800000 -2.843496e-05 -5.420793e-07 -4.980030e-08 -2.824609e-06 4.516180e-05 2.210829e-04 -9.017213e-05 3.485531e-05
10378.000000 -2.842051e-05 -5.435702e-07 -4.999662e-08 -2.800857e-06 5.188063e-05 1.975490e-04 -8.067587e-05 4.475947e-05
10378.200000 -2.841310e-05 -5.459441e-07 -5.022129e-08 -2.774109e-06 5.722967e-05 1.805751e-04 -8.582989e-05 4.484987e-05
10378.400000 -2.843181e-05 -5.485365e-07 -5.042859e-08 -2.749183e-06 5.186842e-05 1.770846e-04 -7.308854e-05 5.137937e-05
10378.600000 -2.840634e-05 -5.519752e-07 -5.090411e-08 -2.717233e-06 4.441116e-05 2.068742e-04 -8.800703e-05 4.692664e-05
10378.800000 -2.838161e-05 -5.539856e-07 -5.118023e-08 -2.685158e-06 4.586994e-05 1.916829e-04 -7.027704e-05 6.160920e-05
10379.000000 -2.840240e-05 -5.566852e-07 -5.156448e-08 -2.657465e-06 4.077415e-05 1.971186e-04 -7.398572e-05 5.389505e-05
10379.200000 -2.843168e-05 -5.604125e-07 -5.184471e-08 -2.630870e-06 3.610510e-05 1.944456e-04 -8.386420e-05 4.188032e-05
10379.400000 -2.843030e-05 -5.627489e-07 -5.215215e-08 -2.600033e-06 3.515350e-05 2.064725e-04 -8.161363e-05 4.500082e-05
10379.600000 -2.842534e-05 -5.659827e-07 -5.234344e-08 -2.568324e-06 4.405787e-05 2.008425e-04 -8.349811e-05 5.160150e-05
10379.800000 -2.843121e-05 -5.698636e-07 -5.255915e-08 -2.535741e-06 4.514505e-05 1.964837e-04 -8.127097e-05 5.202116e-05
10380.000000 -2.842324e-05 -5.738684e-07 -5.303675e-08 -2.502730e-06 5.146974e-05 1.690335e-04 -8.533503e-05 5.356340e-05
10380.200000 -2.841772e-05 -5.760747e-07 -5.324035e-08 -2.469912e-06 4.597519e-05 1.733833e-04 -7.589736e-05 5.742825e-05
10380.400000 -2.838586e-05 -5.799062e-07 -5.363462e-08 -2.431323e-06 4.702900e-05 1.625623e-04 -5.746130e-05 5.960342e-05
10380.600000 -2.839608e-05 -5.852576e-07 -5.427876e-08 -2.396194e-06 4.713889e-05 1.727882e-04 -6.793442e-05 5.920462e-05
10380.800000 -2.838258e-05 -5.869699e-07 -5.439518e-08 -2.360023e-06 4.701204e-05 1.770806e-04 -8.490498e-05 6.035650e-05
10381.000000 -2.839014e-05 -5.937226e-07 -5.476903e-08 -2.325766e-06 4.458194e-05 2.076678e-04 -9.471946e-05 5.860438e-05
10381.200000 -2.838912e-05 -5.954650e-07 -5.494650e-08 -2.291083e-06 4.620503e-05 2.051698e-04 -7.908691e-05 7.043231e-05
10381.400000 -2.838221e-05 -6.004302e-07 -5.552854e-08 -2.256842e-06 3.881141e-05 1.990493e-04 -9.996602e-05 5.824431e-05
10381.600000 -2.839544e-05 -6.015231e-07 -5.539893e-08 -2.225538e-06 4.288341e-05 1.911879e-04 -9.663706e-05 6.119574e-05
10381.800000 -2.840115e-05 -6.064761e-07 -5.576113e-08 -2.195061e-06 4.098616e-05 1.943903e-04 -9.215558e-05 6.079989e-05
10382.000000 -2.840233e-05 -6.105034e-07 -5.622022e-08 -2.164646e-06 5.082828e-05 1.997983e-04 -9.466955e-05 6.290353e-05
10382.200000 -2.836790e-05 -6.118578e-07 -5.636831e-08 -2.132809e-06 5.311416e-05 2.018028e-04 -9.855844e-05 5.769826e-05
10382.400000 -2.835564e-05 -6.180276e-07 -5.694142e-08 -2.104400e-06 5.508319e-05 1.855695e-04 -8.600789e-05 7.281803e-05
10382.600000 -2.838762e-05 -6.206637e-07 -5.746750e-08 -2.082910e-06 6.111784e-05 1.886308e-04 -6.917391e-05 6.498931e-05
10382.800000 -2.842877e-05 -6.236434e-07 -5.791679e-08 -2.064537e-06 6.077294e-05 2.106867e-04 -7.165747e-05 6.216683e-05
10383.000000 -2.843221e-05 -6.268915e-07 -5.802111e-08 -2.043687e-06 5.356668e-05 1.985157e-04 -7.503548e-05 5.432721e-05
10383.200000 -2.841988e-05 -6.289597e-07 -5.807339e-08 -2.023724e-06 5.348380e-05 1.937068e-04 -7.325140e-05 4.587354e-05
10383.400000 -2.842454e-05 -6.318362e-07 -5.825753e-08 -2.006555e-06 5.398564e-05 2.039089e-04 -8.044869e-05 4.825967e-05
10383.600000 -2.842452e-05 -6.339504e-07 -5.852694e-08 -1.990695e-06 4.848893e-05 2.221699e-04 -8.639257e-05 4.779783e-05
10383.800000 -2.841781e-05 -6.355377e-07 -5.859610e-08 -1.976137e-06 3.946934e-05 2.123987e-04 -6.441085e-05 5.873331e-05
10384.000000 -2.840980e-05 -6.382152e-07 -5.897857e-08 -1.962984e-06 4.192538e-05 2.161943e-04 -5.814590e-05 5.343917e-05
10384.200000 -2.841209e-05 -6.388389e-07 -5.921379e-08 -1.952821e-06 4.203103e-05 2.171428e-04 -6.284983e-05 3.721877e-05
10384.400000 -2.840808e-05 -6.393746e-07 -5.920420e-08 -1.944418e-06 5.463093e-05 2.353621e-04 -5.678433e-05 4.168885e-05
10384.600000 -2.838821e-05 -6.413391e-07 -5.937044e-08 -1.934526e-06 5.369377e-05 2.429897e-04 -6.234770e-05 4.071045e-05
10384.800000 -2.832042e-05 -6.401942e-07 -5.899496e-08 -1.921727e-06 5.936251e-05 2.316785e-04 -7.034799e-05 4.581308e-05
10385.000000 -2.830963e-05 -6.410632e-07 -5.910654e-08 -1.915586e-06 5.684250e-05 2.128477e-04 -8.123389e-05 4.501493e-05
10385.200000 -2.837178e-05 -6.424291e-07 -5.885143e-08 -1.917236e-06 5.190209e-05 2.350615e-04 -8.372966e-05 4.921774e-05
10385.400000 -2.839282e-05 -6.434527e-07 -5.897055e-08 -1.914591e-06 4.877918e-05 2.438483e-04 -7.280212e-05 4.866183e-05
10385.600000 -2.839491e-05 -6.427266e-07 -5.888480e-08 -1.910910e-06 4.369462e-05 2.443101e-04 -8.346958e-05 5.339983e-05
10385.800000 -2.838529e-05 -6.457114e-07 -5.925306e-08 -1.906828e-06 4.706571e-05 2.148637e-04 -9.119190e-05 5.206895e-05
10386.000000 -2.834885e-05 -6.437840e-07 -5.913149e-08 -1.900687e-06 4.365481e-05 2.097592e-04 -9.402745e-05 5.102961e-05
10386.200000 -2.835266e-05 -6.447843e-07 -5.934027e-08 -1.899694e-06 5.215687e-05 2.296543e-04 -8.552906e-05 5.519115e-05
10386.400000 -2.834026e-05 -6.456229e-07 -5.918186e-08 -1.896816e-06 5.819178e-05 2.158636e-04 -8.491637e-05 5.181221e-05
10386.600000 -2.834135e-05 -6.444267e-07 -5.905088e-08 -1.896312e-06 4.482586e-05 2.295274e-04 -9.079332e-05 4.948362e-05
10386.800000 -2.835881e-05 -6.455658e-07 -5.917978e-08 -1.896509e-06 4.691727e-05 2.324204e-04 -9.176399e-05 4.205487e-05
10387.000000 -2.838168e-05 -6.464423e-07 -5.918058e-08 -1.899813e-06 5.400536e-05 2.025553e-04 -7.836543e-05 4.430280e-05
10387.200000 -2.833179e-05 -6.455436e-07 -5.903125e-08 -1.895237e-06 4.889127e-05 2.526841e-04 -8.497395e-05 4.480521e-05
10387.400000 -2.835665e-05 -6.461403e-07 -5.912443e-08 -1.898877e-06 4.470350e-05 2.682891e-04 -9.205078e-05 3.897369e-05
10387.600000 -2.837525e-05 -6.446510e-07 -5.902412e-08 -1.904205e-06 5.022441e-05 2.481344e-04 -7.425513e-05 4.551415e-05
10387.800000 -2.836369e-05 -6.453621e-07 -5.890759e-08 -1.906188e-06 4.275449e-05 2.639064e-04 -8.375213e-05 4.595214e-05
10388.000000 -2.838676e-05 -6.441507e-07 -5.900241e-08 -1.910618e-06 4.465540e-05 2.553082e-04 -8.572982e-05 4.903032e-05
10388.200000 -2.837561e-05 -6.435485e-07 -5.882825e-08 -1.913435e-06 4.930850e-05 2.605291e-04 -8.147863e-05 4.939565e-05
10388.400000 -2.837583e-05 -6.437282e-07 -5.880011e-08 -1.917150e-06 4.111245e-05 2.764440e-04 -8.376656e-05 4.465710e-05
10388.600000 -2.834866e-05 -6.431418e-07 -5.880508e-08 -1.917192e-06 4.165078e-05 2.572996e-04 -6.639214e-05 4.636378e-05
10388.800000 -2.835929e-05 -6.436598e-07 -5.875027e-08 -1.921268e-06 4.665133e-05 2.464929e-04 -4.984930e-05 5.257030e-05
10389.000000 -2.835341e-05 -6.419785e-07 -5.848924e-08 -1.925599e-06 4.424596e-05 2.491453e-04 -6.578113e-05 5.077910e-05
10389.200000 -2.833785e-05 -6.418220e-07 -5.827905e-08 -1.928885e-06 4.430936e-05 2.438156e-04 -6.629897e-05 4.513824e-05
10389.400000 -2.834644e-05 -6.416650e-07 -5.814984e-08 -1.932791e-06 5.408072e-05 2.259148e-04 -6.018552e-05 4.825610e-05
10389.600000 -2.836611e-05 -6.428278e-07 -5.819549e-08 -1.939637e-06 4.951683e-05 2.239081e-04 -6.461055e-05 5.465414e-05
10389.800000 -2.835045e-05 -6.413883e-07 -5.802255e-08 -1.942316e-06 4.028400e-05 2.364740e-04 -4.556818e-05 5.612402e-05
10390.000000 -2.835245e-05 -6.408006e-07 -5.791586e-08 -1.946978e-06 5.076245e-05 2.353548e-04 -5.678318e-05 5.581916e-05
10390.200000 -2.836387e-05 -6.411848e-07 -5.797307e-08 -1.952648e-06 5.735153e-05 2.255117e-04 -5.338884e-05 5.727486e-05
10390.400000 -2.835492e-05 -6.366867e-07 -5.744294e-08 -1.957632e-06 5.561777e-05 2.062751e-04 -6.379990e-05 4.462376e-05
10390.600000 -2.833307e-05 -6.387949e-07 -5.763312e-08 -1.960478e-06 5.446830e-05 1.992193e-04 -6.509718e-05 4.682440e-05
10390.800000 -2.833381e-05 -6.384121e-07 -5.744994e-08 -1.965713e-06 5.023936e-05 2.159792e-04 -6.567556e-05 3.992572e-05
10391.000000 -2.836651e-05 -6.380545e-07 -5.741877e-08 -1.973422e-06 5.186562e-05 2.119972e-04 -6.492873e-05 4.823685e-05
10391.200000 -2.835306e-05 -6.358328e-07 -5.690677e-08 -1.976417e-06 5.151551e-05 2.224293e-04 -7.548837e-05 4.791396e-05
10391.400000 -2.835006e-05 -6.362269e-07 -5.686819e-08 -1.981149e-06 5.991512e-05 2.388316e-04 -8.319366e-05 4.860991e-05
10391.600000 -2.834101e-05 -6.352728e-07 -5.672525e-08 -1.984942e-06 6.148554e-05 2.464095e-04 -8.820955e-05 3.838294e-05
10391.800000 -2.833300e-05 -6.352241e-07 -5.655425e-08 -1.988496e-06 6.056508e-05 2.551887e-04 -8.541996e-05 3.974855e-05
10392.000000 -2.832115e-05 -6.351010e-07 -5.657697e-08 -1.990949e-06 5.439073e-05 2.415777e-04 -9.084153e-05 4.029195e-05
10392.200000 -2.829333e-05 -6.331174e-07 -5.648082e-08 -1.991112e-06 5.911686e-05 2.573216e-04 -1.090532e-04 3.779322e-05
10392.400000 -2.829384e-05 -6.332702e-07 -5.642947e-08 -1.993895e-06 6.010360e-05 2.368662e-04 -1.046021e-04 3.690392e-05
10392.600000 -2.831937e-05 -6.341105e-07 -5.663949e-08 -1.997995e-06 4.467374e-05 2.424999e-04 -7.313536e-05 5.426177e-05
10392.800000 -2.833185e-05 -6.345432e-07 -5.643363e-08 -2.001644e-06 4.401796e-05 2.538518e-04 -7.822797e-05 5.068345e-05
10393.000000 -2.833159e-05 -6.337630e-07 -5.621370e-08 -2.003912e-06 3.859907e-05 2.851719e-04 -8.160511e-05 4.890301e-05
10393.200000 -2.833442e-05 -6.355431e-07 -5.628731e-08 -2.004975e-06 3.291648e-05 2.781657e-04 -8.067555e-05 6.051372e-05
10393.400000 -2.828528e-05 -6.322525e-07 -5.594908e-08 -2.001883e-06 3.372353e-05 2.530730e-04 -9.460786e-05 5.418101e-05
10393.600000 -2.829250e-05 -6.336422e-07 -5.598589e-08 -2.003149e-06 3.855617e-05 2.607388e-04 -7.897801e-05 5.042269e-05
10393.800000 -2.828173e-05 -6.335248e-07 -5.591893e-08 -2.004189e-06 3.701668e-05 2.589877e-04 -5.988810e-05 5.088403e-05
10394.000000 -2.830263e-05 -6.330669e-07 -5.585292e-08 -2.006283e-06 3.639642e-05 2.442469e-04 -5.303122e-05 4.491429e-05
10394.200000 -2.826262e-05 -6.336201e-07 -5.585732e-08 -2.001857e-06 4.151362e-05 2.452202e-04 -5.128149e-05 3.905085e-05
10394.400000 -2.823974e-05 -6.346056e-07 -5.597834e-08 -1.999770e-06 4.224305e-05 2.370646e-04 -7.474629e-05 2.941205e-05
10394.600000 -2.822813e-05 -6.328868e-07 -5.557533e-08 -1.998907e-06 4.381518e-05 2.410587e-04 -8.841708e-05 3.566048e-05
10394.800000 -2.819388e-05 -6.307305e-07 -5.557196e-08 -1.995530e-06 4.435814e-05 2.558499e-04 -8.290334e-05 2.431582e-05
10395.000000 -2.814695e-05 -6.316658e-07 -5.546910e-08 -1.989011e-06 3.977042e-05 2.558656e-04 -7.907093e-05 2.082548e-05
10395.200000 -2.815163e-05 -6.301555e-07 -5.533680e-08 -1.988784e-06 3.838494e-05 2.418206e-04 -8.335024e-05 3.400429e-05
10395.400000 -2.814658e-05 -6.326297e-07 -5.550231e-08 -1.986695e-06 4.307136e-05 2.490758e-04 -7.829927e-05 3.909948e-05
10395.600000 -2.817274e-05 -6.354357e-07 -5.571140e-08 -1.987667e-06 4.398857e-05 2.425194e-04 -7.804640e-05 4.030872e-05
10395.800000 -2.821518e-05 -6.354431e-07 -5.549793e-08 -1.991278e-06 4.206933e-05 2.675561e-04 -7.263855e-05 4.563298e-05
10396.000000 -2.819143e-05 -6.371320e-07 -5.553173e-08 -1.985603e-06 4.416576e-05 2.468570e-04 -7.193867e-05 4.643910e-05
10396.200000 -2.817584e-05 -6.353132e-07 -5.531075e-08 -1.981815e-06 5.195966e-05 2.164218e-04 -8.694333e-05 3.873242e-05
10396.400000 -2.821525e-05 -6.393165e-07 -5.556176e-08 -1.982009e-06 4.724786e-05 2.189152e-04 -8.994763e-05 3.107793e-05
10396.600000 -2.827676e-05 -6.365685e-07 -5.525274e-08 -1.985370e-06 5.079330e-05 2.287029e-04 -8.475480e-05 3.036215e-05
10396.800000 -2.828955e-05 -6.372709e-07 -5.538708e-08 -1.981937e-06 5.554106e-05 2.218750e-04 -8.130404e-05 3.429332e-05
10397.000000 -2.829429e-05 -6.392974e-07 -5.553574e-08 -1.976796e-06 5.862365e-05 2.406840e-04 -1.000782e-04 2.856775e-05
10397.227860 -2.830544e-05 -6.392332e-07 -5.544326e-08 -1.972066e-06 5.798034e-05 2.277763e-04 -8.368424e-05 3.402776e-05
10397.483581 -2.830467e-05 -6.411221e-07 -5.560404e-08 -1.965393e-06 5.272726e-05 2.345016e-04 -7.932262e-05 4.206462e-05
10397.767162 -2.827345e-05 -6.424805e-07 -5.571098e-08 -1.952943e-06 4.795481e-05 2.395672e-04 -7.486003e-05 3.966252e-05
10398.078604 -2.818257e-05 -6.420626e-07 -5.576847e-08 -1.932767e-06 5.291963e-05 2.346463e-04 -7.041521e-05 4.163812e-05
10398.417905 -2.816875e-05 -6.425941e-07 -5.569581e-08 -1.920498e-06 6.700166e-05 2.468875e-04 -7.378648e-05 4.208575e-05
10398.785067 -2.822592e-05 -6.448334e-07 -5.578257e-08 -1.915189e-06 5.777583e-05 2.471696e-04 -8.393254e-05 4.522912e-05
10399.180090 -2.828502e-05 -6.480082e-07 -5.587666e-08 -1.907135e-06 4.544162e-05 2.427385e-04 -8.517029e-05 4.307628e-05
10399.602973 -2.827019e-05 -6.501984e-07 -5.590694e-08 -1.891744e-06 4.639899e-05 2.590608e-04 -7.830290e-05 4.343294e-05
10400.053716 -2.821110e-05 -6.528071e-07 -5.613271e-08 -1.870765e-06 5.286991e-05 2.687825e-04 -7.467718e-05 3.641246e-05
10400.532319 -2.827183e-05 -6.549585e-07 -5.640828e-08 -1.861627e-06 5.254256e-05 2.333167e-04 -6.495802e-05 4.095417e-05
10401.038783 -2.827645e-05 -6.564885e-07 -5.651444e-08 -1.847197e-06 5.179989e-05 2.151113e-04 -5.961263e-05 4.127749e-05
10401.573107 -2.826066e-05 -6.578558e-07 -5.661519e-08 -1.831967e-06 5.302159e-05 2.084178e-04 -7.534117e-05 4.301784e-05
10402.135292 -2.821297e-05 -6.601682e-07 -5.691590e-08 -1.815616e-06 5.732344e-05 2.226520e-04 -8.422877e-05 4.085598e-05
10402.725337 -2.812902e-05 -6.607408e-07 -5.708674e-08 -1.799558e-06 5.754372e-05 2.177564e-04 -9.719131e-05 3.649862e-05
10403.343242 -2.814719e-05 -6.595982e-07 -5.735641e-08 -1.798407e-06 5.680153e-05 2.192624e-04 -9.171308e-05 3.747851e-05
10403.989008 -2.798877e-05 -6.553214e-07 -5.697595e-08 -1.783828e-06 5.571930e-05 2.308499e-04 -8.158159e-05 3.472631e-05
10404.662634 -2.797830e-05 -6.521219e-07 -5.671801e-08 -1.787228e-06 5.051388e-05 2.220539e-04 -7.991637e-05 3.667233e-05
10405.364120 -2.805511e-05 -6.538966e-07 -5.695928e-08 -1.801619e-06 5.076633e-05 2.123408e-04 -7.227294e-05 4.045916e-05
10406.093467 -2.785923e-05 -6.469506e-07 -5.694734e-08 -1.793331e-06 5.928405e-05 2.445198e-04 -7.463809e-05 3.664646e-05
10406.850674 -2.803156e-05 -6.480881e-07 -5.736929e-08 -1.820341e-06 5.408156e-05 2.520077e-04 -8.463706e-05 4.425576e-05
10407.635741 -2.809239e-05 -6.472495e-07 -5.762143e-08 -1.837213e-06 5.624622e-05 2.662754e-04 -7.986239e-05 2.892590e-05
10408.448669 -2.805764e-05 -6.435417e-07 -5.808731e-08 -1.845378e-06 5.618445e-05 2.968089e-04 -7.241601e-05 3.132084e-05
10409.289457 -2.807663e-05 -6.399588e-07 -5.821462e-08 -1.859729e-06 5.887855e-05 2.763032e-04 -6.280761e-05 2.747343e-05
10410.158106 -2.806506e-05 -6.374256e-07 -5.833794e-08 -1.872660e-06 5.677972e-05 2.438242e-04 -5.675604e-05 4.250108e-05
10411.054614 -2.803612e-05 -6.334693e-07 -5.859757e-08 -1.887575e-06 5.113491e-05 2.286092e-04 -6.228660e-05 4.487385e-05
10411.978983 -2.800337e-05 -6.287617e-07 -5.869346e-08 -1.904999e-06 4.827965e-05 2.366995e-04 -6.737813e-05 4.006224e-05
10412.931213 -2.794057e-05 -6.231783e-07 -5.855839e-08 -1.924011e-06 4.362391e-05 2.473742e-04 -6.786143e-05 4.581023e-05
10413.911303 -2.788565e-05 -6.171651e-07 -5.865501e-08 -1.946353e-06 3.746056e-05 2.557787e-04 -6.719235e-05 3.842784e-05
10414.919253 -2.788271e-05 -6.120916e-07 -5.861397e-08 -1.974350e-06 3.377304e-05 2.564936e-04 -5.755864e-05 3.425729e-05
10415.955064 -2.784848e-05 -6.066746e-07 -5.817505e-08 -1.997393e-06 3.233711e-05 2.623419e-04 -6.229478e-05 4.535106e-05
10417.018734 -2.780388e-05 -6.013816e-07 -5.795415e-08 -2.016066e-06 4.039897e-05 2.598402e-04 -6.249157e-05 4.274073e-05
10418.110266 -2.779966e-05 -5.969962e-07 -5.783241e-08 -2.034711e-06 5.210941e-05 2.603453e-04 -6.876377e-05 5.097796e-05
10419.232723 -2.777103e-05 -5.928500e-07 -5.742585e-08 -2.048153e-06 5.152848e-05 2.519488e-04 -6.255181e-05 5.910810e-05
10420.367373 -2.768310e-05 -5.889110e-07 -5.706886e-08 -2.053023e-06 5.934213e-05 2.332922e-04 -6.815889e-05 5.061589e-05
10421.514214 -2.758118e-05 -5.856825e-07 -5.678521e-08 -2.054310e-06 5.035589e-05 2.403507e-04 -8.577437e-05 4.786460e-05
10422.673248 -2.763390e-05 -5.833427e-07 -5.656554e-08 -2.070722e-06 4.508849e-05 2.306855e-04 -7.925191e-05 4.705051e-05
10423.844473 -2.763408e-05 -5.828821e-07 -5.641137e-08 -2.078618e-06 4.623221e-05 2.366806e-04 -8.086320e-05 4.579785e-05
10425.027890 -2.762245e-05 -5.817807e-07 -5.602834e-08 -2.082972e-06 5.708746e-05 2.485967e-04 -8.061037e-05 4.464399e-05
10426.223499 -2.759793e-05 -5.797259e-07 -5.582843e-08 -2.084519e-06 5.646332e-05 2.302482e-04 -7.868708e-05 3.984146e-05
10427.431300 -2.754869e-05 -5.773572e-07 -5.569531e-08 -2.082786e-06 5.018273e-05 2.394518e-04 -7.820978e-05 4.537333e-05
10428.651293 -2.746663e-05 -5.763678e-07 -5.560946e-08 -2.076112e-06 5.535770e-05 2.325593e-04 -8.595753e-05 4.974146e-05
10429.883478 -2.751728e-05 -5.778573e-07 -5.570267e-08 -2.082803e-06 5.530355e-05 2.076078e-04 -8.376654e-05 4.759107e-05
10431.127855 -2.753855e-05 -5.789701e-07 -5.593345e-08 -2.084389e-06 6.017276e-05 2.123566e-04 -7.321999e-05 4.831363e-05
10432.384423 -2.752109e-05 -5.806128e-07 -5.613265e-08 -2.077902e-06 5.830579e-05 2.130615e-04 -7.950933e-05 4.149036e-05
10433.653184 -2.746103e-05 -5.824150e-07 -5.615286e-08 -2.063728e-06 5.566878e-05 1.933436e-04 -8.541021e-05 5.099364e-05
10434.934136 -2.744107e-05 -5.836137e-07 -5.611444e-08 -2.053808e-06 4.820175e-05 1.808984e-04 -9.729554e-05 5.723809e-05
10436.227280 -2.749448e-05 -5.859136e-07 -5.625598e-08 -2.053909e-06 5.567215e-05 1.939992e-04 -8.692451e-05 5.280945e-05
10437.532617 -2.748019e-05 -5.874112e-07 -5.624183e-08 -2.046343e-06 5.916226e-05 1.944843e-04 -9.374845e-05 4.966978e-05
10438.850145 -2.741682e-05 -5.888796e-07 -5.644480e-08 -2.034011e-06 5.579408e-05 2.069530e-04 -9.116786e-05 5.238633e-05
10440.179865 -2.745874e-05 -5.916973e-07 -5.658482e-08 -2.034045e-06 4.825758e-05 1.959337e-04 -8.011335e-05 5.202003e-05
10441.521777 -2.746002e-05 -5.924067e-07 -5.640609e-08 -2.028060e-06 4.997114e-05 2.110437e-04 -7.297321e-05 5.152306e-05
10442.875881 -2.745479e-05 -5.934486e-07 -5.613797e-08 -2.022882e-06 4.962563e-05 2.021363e-04 -7.220167e-05 4.430362e-05
10444.242177 -2.746205e-05 -5.956199e-07 -5.639162e-08 -2.020227e-06 5.024728e-05 1.948962e-04 -7.952873e-05 4.445947e-05
10445.620664 -2.741468e-05 -5.975547e-07 -5.668338e-08 -2.011320e-06 4.624437e-05 2.106382e-04 -7.629945e-05 4.300956e-05
10447.011344 -2.735587e-05 -5.973888e-07 -5.666074e-08 -2.002773e-06 5.739840e-05 2.247187e-04 -6.750638e-05 4.214306e-05
10448.414215 -2.730486e-05 -5.978271e-07 -5.660205e-08 -1.996247e-06 6.203276e-05 2.608780e-04 -7.658020e-05 3.679389e-05
10449.829279 -2.737802e-05 -6.004644e-07 -5.685200e-08 -2.001540e-06 5.608612e-05 2.401906e-04 -7.042113e-05 3.939191e-05
10451.256534 -2.742075e-05 -6.030395e-07 -5.705415e-08 -2.002474e-06 5.487123e-05 2.417585e-04 -6.047148e-05 4.111913e-05
10452.695981 -2.737369e-05 -6.039812e-07 -5.704572e-08 -1.993496e-06 4.655940e-05 2.550697e-04 -5.494564e-05 3.976073e-05
10454.147620 -2.726867e-05 -6.047054e-07 -5.711866e-08 -1.977664e-06 4.062550e-05 2.492443e-04 -6.105181e-05 3.970764e-05
10455.611452 -2.725561e-05 -6.058680e-07 -5.727925e-08 -1.973861e-06 4.058003e-05 2.528158e-04 -6.947352e-05 3.814212e-05
10457.087475 -2.727647e-05 -6.070330e-07 -5.751792e-08 -1.975153e-06 4.560697e-05 2.557944e-04 -6.663037e-05 4.154639e-05
10458.575689 -2.732187e-05 -6.095144e-07 -5.765395e-08 -1.979895e-06 5.290264e-05 2.634648e-04 -7.290424e-05 3.007901e-05
10460.076096 -2.729849e-05 -6.105309e-07 -5.745431e-08 -1.977599e-06 5.597228e-05 2.581486e-04 -5.575164e-05 3.469861e-05
10461.588695 -2.733273e-05 -6.112221e-07 -5.726644e-08 -1.982969e-06 5.110997e-05 2.451395e-04 -5.991774e-05 3.768098e-05
10463.113485 -2.732522e-05 -6.120290e-07 -5.719563e-08 -1.982942e-06 5.348371e-05 2.140160e-04 -6.645885e-05 4.485859e-05
10464.650468 -2.730331e-05 -6.123268e-07 -5.723968e-08 -1.980439e-06 4.661947e-05 1.918203e-04 -7.378980e-05 4.053025e-05
10466.199642 -2.729786e-05 -6.143936e-07 -5.738675e-08 -1.978841e-06 5.601090e-05 1.874074e-04 -6.273741e-05 2.994233e-05
10467.761009 -2.726957e-05 -6.155161e-07 -5.742439e-08 -1.976371e-06 4.695477e-05 2.196140e-04 -4.993919e-05 3.525057e-05
10469.334567 -2.721123e-05 -6.158686e-07 -5.749732e-08 -1.971445e-06 5.172297e-05 2.294704e-04 -5.245602e-05 3.696053e-05
10470.920317 -2.719865e-05 -6.169127e-07 -5.764327e-08 -1.973024e-06 4.613388e-05 2.285594e-04 -6.156298e-05 4.011248e-05
10472.518259 -2.719561e-05 -6.178722e-07 -5.774633e-08 -1.975539e-06 4.821720e-05 2.040474e-04 -6.886400e-05 4.152144e-05
10474.128393 -2.720922e-05 -6.184539e-07 -5.765349e-08 -1.979707e-06 4.857645e-05 2.056114e-04 -7.424611e-05 4.596346e-05
10475.750719 -2.723474e-05 -6.200647e-07 -5.771885e-08 -1.986462e-06 5.068768e-05 2.151718e-04 -7.428528e-05 5.221757e-05
10477.385237 -2.723666e-05 -6.206491e-07 -5.803851e-08 -1.991110e-06 5.397283e-05 2.026404e-04 -7.229274e-05 6.127907e-05
10479.031946 -2.721463e-05 -6.214284e-07 -5.838122e-08 -1.992147e-06 5.306886e-05 2.172450e-04 -7.425098e-05 6.140081e-05
10480.690848 -2.716610e-05 -6.222622e-07 -5.899427e-08 -1.989927e-06 5.513392e-05 2.201336e-04 -6.429409e-05 6.261514e-05
10482.361942 -2.715112e-05 -6.220463e-07 -5.922051e-08 -1.992019e-06 5.090668e-05 2.148450e-04 -6.378715e-05 6.325065e-05
10484.045227 -2.711523e-05 -6.227761e-07 -5.947908e-08 -1.990202e-06 6.252716e-05 1.957817e-04 -6.117560e-05 5.857039e-05
10485.740704 -2.715634e-05 -6.252686e-07 -5.994182e-08 -1.996739e-06 5.762417e-05 1.817357e-04 -5.823259e-05 4.784324e-05
10487.448374 -2.713113e-05 -6.243951e-07 -6.000236e-08 -1.996457e-06 6.032487e-05 2.236190e-04 -6.154644e-05 4.322386e-05
10489.168235 -2.708079e-05 -6.275085e-07 -6.068237e-08 -1.992492e-06 6.559472e-05 2.144095e-04 -5.700983e-05 4.880621e-05
10490.900288 -2.703227e-05 -6.257701e-07 -6.071326e-08 -1.990608e-06 6.579729e-05 1.937426e-04 -5.716879e-05 4.647245e-05
10492.644533 -2.705468e-05 -6.281367e-07 -6.122005e-08 -1.996679e-06 5.399719e-05 1.897249e-04 -4.557491e-05 4.511522e-05
10494.400970 -2.705311e-05 -6.284778e-07 -6.161806e-08 -2.001979e-06 5.599753e-05 1.747452e-04 -4.973337e-05 4.397245e-05
10496.169598 -2.707030e-05 -6.292596e-07 -6.178596e-08 -2.010358e-06 5.296200e-05 2.006955e-04 -4.916607e-05 4.351296e-05
10497.950419 -2.706395e-05 -6.297486e-07 -6.196845e-08 -2.017941e-06 5.376878e-05 2.138474e-04 -5.362718e-05 4.302042e-05
10499.743432 -2.703768e-05 -6.293237e-07 -6.201914e-08 -2.023108e-06 5.592852e-05 2.004070e-04 -6.139699e-05 5.365238e-05
10501.548636 -2.701627e-05 -6.294266e-07 -6.210109e-08 -2.029393e-06 6.871370e-05 1.986652e-04 -5.426551e-05 5.899740e-05
10503.366032 -2.700615e-05 -6.302226e-07 -6.236525e-08 -2.035425e-06 7.394289e-05 2.044642e-04 -5.369354e-05 6.179566e-05
10505.195621 -2.695540e-05 -6.296718e-07 -6.247592e-08 -2.035779e-06 6.361261e-05 2.036489e-04 -5.810610e-05 5.335093e-05
10507.037401 -2.695882e-05 -6.307013e-07 -6.248130e-08 -2.041166e-06 6.235867e-05 2.280570e-04 -5.429808e-05 4.269185e-05
10508.891373 -2.695632e-05 -6.308786e-07 -6.245097e-08 -2.044621e-06 6.394914e-05 2.105367e-04 -5.121876e-05 3.804699e-05
10510.757537 -2.691979e-05 -6.324406e-07 -6.264041e-08 -2.043704e-06 7.228802e-05 2.172593e-04 -5.481431e-05 4.821710e-05
10512.635893 -2.685089e-05 -6.323525e-07 -6.272798e-08 -2.039731e-06 6.905469e-05 2.275844e-04 -5.862598e-05 4.628540e-05
10514.526441 -2.681271e-05 -6.338779e-07 -6.270235e-08 -2.039163e-06 6.207722e-05 2.137770e-04 -6.643229e-05 4.569306e-05
10516.429181 -2.684189e-05 -6.345806e-07 -6.261017e-08 -2.045516e-06 6.298441e-05 1.935388e-04 -6.460838e-05 5.636264e-05
10518.344112 -2.680202e-05 -6.353537e-07 -6.244905e-08 -2.044313e-06 6.627436e-05 1.800521e-04 -6.352141e-05 6.273536e-05
10520.271236 -2.669133e-05 -6.349061e-07 -6.222672e-08 -2.036871e-06 6.776577e-05 1.803159e-04 -6.292238e-05 6.693415e-05
10522.210552 -2.672715e-05 -6.363942e-07 -6.215548e-08 -2.037605e-06 6.038788e-05 1.822100e-04 -6.792641e-05 5.904691e-05
10524.162059 -2.660666e-05 -6.364911e-07 -6.215475e-08 -2.022668e-06 6.101756e-05 1.956828e-04 -6.341804e-05 5.505650e-05
10526.125758 -2.661564e-05 -6.377699e-07 -6.218392e-08 -2.024370e-06 6.843321e-05 1.909106e-04 -7.531161e-05 4.486847e-05
10528.101649 -2.656879e-05 -6.394406e-07 -6.222307e-08 -2.018613e-06 6.302883e-05 1.709763e-04 -7.540119e-05 4.134311e-05
10530.089733 -2.656171e-05 -6.400438e-07 -6.210038e-08 -2.014992e-06 6.437254e-05 1.866265e-04 -6.008116e-05 4.973859e-05
10532.090008 -2.659687e-05 -6.429146e-07 -6.236825e-08 -2.012248e-06 6.842419e-05 1.852556e-04 -5.785523e-05 4.490639e-05
10534.102475 -2.653232e-05 -6.424909e-07 -6.227204e-08 -2.002791e-06 6.619587e-05 1.708816e-04 -4.641543e-05 5.146829e-05
10536.127133 -2.648018e-05 -6.438492e-07 -6.228274e-08 -1.995031e-06 5.933250e-05 1.874096e-04 -4.507181e-05 5.933040e-05
10538.163984 -2.650189e-05 -6.452949e-07 -6.244939e-08 -1.994483e-06 5.951784e-05 1.679162e-04 -4.669853e-05 6.254044e-05
10540.213027 -2.653065e-05 -6.466755e-07 -6.239133e-08 -1.996964e-06 5.304616e-05 1.741531e-04 -6.059771e-05 4.633631e-05
10542.274261 -2.651835e-05 -6.478276e-07 -6.269874e-08 -1.996680e-06 5.124792e-05 1.849006e-04 -4.999342e-05 4.340378e-05
10544.347688 -2.648330e-05 -6.467551e-07 -6.289616e-08 -1.994230e-06 5.006187e-05 2.109408e-04 -6.732346e-05 4.492708e-05
10546.433306 -2.646847e-05 -6.480147e-07 -6.317938e-08 -1.994227e-06 5.216270e-05 2.178781e-04 -6.516940e-05 3.842381e-05
10548.531117 -2.641737e-05 -6.482818e-07 -6.352430e-08 -1.990421e-06 5.623943e-05 2.240420e-04 -5.494824e-05 4.435265e-05
10550.641119 -2.635231e-05 -6.467195e-07 -6.357420e-08 -1.986184e-06 5.108927e-05 2.040025e-04 -6.284258e-05 5.050773e-05
10552.763313 -2.629703e-05 -6.480062e-07 -6.390678e-08 -1.983901e-06 5.220094e-05 1.821597e-04 -5.695456e-05 5.130565e-05
10554.897699 -2.627897e-05 -6.467748e-07 -6.393883e-08 -1.987074e-06 6.504787e-05 1.731413e-04 -6.068946e-05 5.184058e-05
10557.044277 -2.627226e-05 -6.485019e-07 -6.429887e-08 -1.990158e-06 6.138501e-05 1.971666e-04 -5.938336e-05 5.572508e-05
10559.203047 -2.623274e-05 -6.479826e-07 -6.436047e-08 -1.989415e-06 5.814455e-05 2.034494e-04 -6.049809e-05 6.019440e-05
10561.374008 -2.618613e-05 -6.478570e-07 -6.448540e-08 -1.989153e-06 5.396113e-05 2.257399e-04 -6.308163e-05 5.546509e-05
10563.557162 -2.615728e-05 -6.479790e-07 -6.470629e-08 -1.991036e-06 5.644854e-05 1.968844e-04 -6.682080e-05 4.260485e-05
10565.752508 -2.613703e-05 -6.477337e-07 -6.497320e-08 -1.995038e-06 4.668577e-05 2.075450e-04 -5.855303e-05 5.181325e-05
10567.960045 -2.610253e-05 -6.480601e-07 -6.514321e-08 -1.995736e-06 4.800519e-05 2.009008e-04 -5.368335e-05 5.954107e-05
10570.179775 -2.607142e-05 -6.483640e-07 -6.530674e-08 -1.996470e-06 5.233188e-05 2.045099e-04 -6.184799e-05 5.594653e-05
10572.411696 -2.602433e-05 -6.488063e-07 -6.558179e-08 -1.995709e-06 5.333124e-05 2.049166e-04 -6.646835e-05 5.781151e-05
10574.655809 -2.597928e-05 -6.485397e-07 -6.570289e-08 -1.994990e-06 6.024979e-05 2.167919e-04 -4.458374e-05 6.304228e-05
10576.912114 -2.593741e-05 -6.502788e-07 -6.603625e-08 -1.993721e-06 4.612751e-05 2.229151e-04 -6.152742e-05 5.617249e-05
10579.180611 -2.587509e-05 -6.492688e-07 -6.613839e-08 -1.989760e-06 4.350556e-05 2.221647e-04 -5.368055e-05 5.753389e-05
10581.461300 -2.582297e-05 -6.495911e-07 -6.626118e-08 -1.987567e-06 5.074630e-05 2.282432e-04 -5.100996e-05 5.937348e-05
10583.754181 -2.579829e-05 -6.506884e-07 -6.624658e-08 -1.988114e-06 5.238290e-05 2.276228e-04 -5.779777e-05 4.793580e-05
10586.059254 -2.573414e-05 -6.482820e-07 -6.586445e-08 -1.985425e-06 5.879260e-05 2.259418e-04 -5.706075e-05 4.226430e-05
10588.376518 -2.566743e-05 -6.498502e-07 -6.620722e-08 -1.980797e-06 6.278510e-05 2.306811e-04 -6.054668e-05 4.384594e-05
10590.705975 -2.555838e-05 -6.485440e-07 -6.610264e-08 -1.971079e-06 6.412486e-05 2.346329e-04 -6.060110e-05 4.365669e-05
10593.047623 -2.547641e-05 -6.478507e-07 -6.608255e-08 -1.965864e-06 6.832839e-05 2.201767e-04 -6.285776e-05 5.512838e-05
10595.401464 -2.545466e-05 -6.484315e-07 -6.608333e-08 -1.963720e-06 6.458610e-05 2.378795e-04 -5.079603e-05 6.081206e-05
10597.767496 -2.544205e-05 -6.495932e-07 -6.611579e-08 -1.962257e-06 6.738905e-05 2.336412e-04 -5.299669e-05 5.733092e-05
10600.145720 -2.544290e-05 -6.515594e-07 -6.643569e-08 -1.961840e-06 6.600014e-05 2.266447e-04 -6.073628e-05 5.108931e-05
10602.536136 -2.540175e-05 -6.507207e-07 -6.636675e-08 -1.957936e-06 5.860138e-05 2.148952e-04 -6.187544e-05 4.844986e-05
10604.938744 -2.530884e-05 -6.507744e-07 -6.624839e-08 -1.950356e-06 5.846802e-05 2.314014e-04 -5.197378e-05 4.930480e-05
10607.353544 -2.523968e-05 -6.504361e-07 -6.627003e-08 -1.946071e-06 5.442149e-05 2.452669e-04 -6.330852e-05 4.801907e-05
10609.780536 -2.516904e-05 -6.506799e-07 -6.626864e-08 -1.941382e-06 5.592445e-05 2.163212e-04 -6.033722e-05 6.055592e-05
10612.219720 -2.512993e-05 -6.512875e-07 -6.655873e-08 -1.941214e-06 6.088043e-05 2.042041e-04 -6.244580e-05 6.045362e-05
10614.671096 -2.513637e-05 -6.518508e-07 -6.664453e-08 -1.945245e-06 5.973517e-05 1.869570e-04 -7.086267e-05 5.389766e-05
10617.134663 -2.512735e-05 -6.529883e-07 -6.705779e-08 -1.947642e-06 6.715636e-05 1.789574e-04 -5.732416e-05 5.794937e-05
10619.610423 -2.505804e-05 -6.514038e-07 -6.681512e-08 -1.942983e-06 6.058910e-05 1.707961e-04 -7.959567e-05 5.148326e-05
10622.098374 -2.502871e-05 -6.526293e-07 -6.684041e-08 -1.942988e-06 5.189338e-05 1.805488e-04 -5.757203e-05 6.551965e-05
10624.598517 -2.503209e-05 -6.539974e-07 -6.700267e-08 -1.948883e-06 4.592959e-05 2.144483e-04 -5.166843e-05 5.666572e-05
10627.110852 -2.500530e-05 -6.540059e-07 -6.698532e-08 -1.950080e-06 5.206599e-05 2.284719e-04 -5.867779e-05 5.788830e-05
10629.635380 -2.496778e-05 -6.554762e-07 -6.707760e-08 -1.949115e-06 4.692314e-05 2.280884e-04 -6.560884e-05 4.957187e-05
10632.172099 -2.488694e-05 -6.548396e-07 -6.709195e-08 -1.943061e-06 3.628072e-05 2.272983e-04 -6.535045e-05 4.103596e-05
10634.721009 -2.483055e-05 -6.540982e-07 -6.708349e-08 -1.942071e-06 4.559942e-05 2.034189e-04 -6.429660e-05 4.634535e-05
10637.282112 -2.476796e-05 -6.544847e-07 -6.740705e-08 -1.939001e-06 4.539949e-05 2.147120e-04 -8.031951e-05 5.154081e-05
10639.855407 -2.472215e-05 -6.545259e-07 -6.735467e-08 -1.937559e-06 4.024291e-05 2.144934e-04 -7.746445e-05 4.448172e-05
10642.440894 -2.467407e-05 -6.549369e-07 -6.744792e-08 -1.937496e-06 5.155705e-05 2.160982e-04 -7.606201e-05 4.342425e-05
10645.038572 -2.460925e-05 -6.548485e-07 -6.745286e-08 -1.933295e-06 4.316769e-05 2.112906e-04 -6.999494e-05 4.244034e-05
10647.648443 -2.454456e-05 -6.535488e-07 -6.750680e-08 -1.929422e-06 4.037788e-05 2.265419e-04 -7.580520e-05 4.274989e-05
10650.270505 -2.448797e-05 -6.542851e-07 -6.782791e-08 -1.925899e-06 3.962561e-05 2.184256e-04 -7.811011e-05 4.562450e-05
10652.904759 -2.443002e-05 -6.538071e-07 -6.804664e-08 -1.923438e-06 3.895854e-05 2.413396e-04 -7.257696e-05 4.145009e-05
10655.551205 -2.437232e-05 -6.541092e-07 -6.835451e-08 -1.919816e-06 3.964164e-05 2.466722e-04 -6.235502e-05 4.132636e-05
10658.209844 -2.423664e-05 -6.522541e-07 -6.836806e-08 -1.909784e-06 3.639161e-05 2.465501e-04 -7.519617e-05 3.974260e-05
10660.880674 -2.418275e-05 -6.512394e-07 -6.855903e-08 -1.903819e-06 4.489373e-05 2.605341e-04 -7.902784e-05 3.504785e-05
10663.563696 -2.414484e-05 -6.531526e-07 -6.894322e-08 -1.897904e-06 5.459166e-05 2.571846e-04 -6.357294e-05 3.685965e-05
10666.258909 -2.400035e-05 -6.503459e-07 -6.887463e-08 -1.882618e-06 5.478395e-05 2.362192e-04 -6.089039e-05 3.956566e-05
10668.966315 -2.390466e-05 -6.495224e-07 -6.874011e-08 -1.872104e-06 5.807377e-05 2.348298e-04 -6.037814e-05 5.209194e-05
10671.685913 -2.384762e-05 -6.506418e-07 -6.903497e-08 -1.867104e-06 5.431348e-05 2.249712e-04 -6.413970e-05 5.505397e-05
10674.417702 -2.383053e-05 -6.522479e-07 -6.947591e-08 -1.866613e-06 5.329299e-05 2.315362e-04 -5.774135e-05 5.272682e-05
10677.161684 -2.381843e-05 -6.541040e-07 -6.979864e-08 -1.868213e-06 5.152629e-05 2.359488e-04 -6.865190e-05 4.364362e-05
10679.917857 -2.373271e-05 -6.539164e-07 -6.982172e-08 -1.863271e-06 4.897416e-05 2.358675e-04 -7.187886e-05 4.790376e-05
10682.686222 -2.366579e-05 -6.535094e-07 -6.961742e-08 -1.859696e-06 4.602558e-05 2.442578e-04 -6.603467e-05 4.677481e-05
10685.466780 -2.360531e-05 -6.537195e-07 -6.971142e-08 -1.857300e-06 4.867515e-05 2.616315e-04 -6.614998e-05 4.009170e-05
10688.259529 -2.349065e-05 -6.516763e-07 -6.964340e-08 -1.851416e-06 4.022931e-05 2.640104e-04 -6.092068e-05 4.549997e-05
10691.064470 -2.339429e-05 -6.488552e-07 -6.948355e-08 -1.846444e-06 4.650974e-05 2.761078e-04 -6.552073e-05 5.292802e-05
10693.881602 -2.336515e-05 -6.491746e-07 -6.977853e-08 -1.844531e-06 4.637553e-05 2.718665e-04 -6.940070e-05 5.063484e-05
10696.710927 -2.334450e-05 -6.505890e-07 -7.015087e-08 -1.845323e-06 5.123153e-05 2.719078e-04 -7.036428e-05 5.652270e-05
10699.552444 -2.332532e-05 -6.502357e-07 -7.010535e-08 -1.849376e-06 4.468301e-05 2.713458e-04 -6.997661e-05 5.157577e-05
10702.406153 -2.320848e-05 -6.486881e-07 -6.994340e-08 -1.841774e-06 4.477053e-05 2.896211e-04 -6.484251e-05 3.871987e-05
10705.272053 -2.311158e-05 -6.482775e-07 -6.979034e-08 -1.836296e-06 4.490451e-05 2.959670e-04 -6.365397e-05 4.021035e-05
10708.150146 -2.310567e-05 -6.491143e-07 -6.971285e-08 -1.838549e-06 4.952253e-05 2.959164e-04 -6.974376e-05 3.832184e-05
10711.040430 -2.311469e-05 -6.517521e-07 -7.032918e-08 -1.841815e-06 5.234213e-05 2.850610e-04 -7.485436e-05 3.406651e-05
10713.942906 -2.307187e-05 -6.529050e-07 -7.047681e-08 -1.840031e-06 5.541305e-05 2.569549e-04 -6.995740e-05 3.300947e-05
10716.857574 -2.302916e-05 -6.532987e-07 -7.035079e-08 -1.839089e-06 4.962623e-05 2.442550e-04 -7.015936e-05 3.325486e-05
10719.784435 -2.295335e-05 -6.515974e-07 -7.012036e-08 -1.834936e-06 5.562733e-05 2.489298e-04 -8.103713e-05 3.821771e-05
10722.723487 -2.288303e-05 -6.518367e-07 -7.044642e-08 -1.831000e-06 5.578505e-05 2.583177e-04 -9.116965e-05 4.554638e-05
10725.674730 -2.283080e-05 -6.529068e-07 -7.077985e-08 -1.828292e-06 5.831962e-05 2.437739e-04 -7.959926e-05 3.589298e-05
10728.638166 -2.272575e-05 -6.522814e-07 -7.068938e-08 -1.820774e-06 5.510040e-05 2.485200e-04 -7.680643e-05 3.755593e-05
10731.613794 -2.257060e-05 -6.498399e-07 -7.042606e-08 -1.805928e-06 5.611824e-05 2.536431e-04 -7.772330e-05 2.685940e-05
10734.601614 -2.251595e-05 -6.502591e-07 -7.071227e-08 -1.802107e-06 5.400261e-05 2.311033e-04 -7.834221e-05 3.263151e-05
10737.601625 -2.241484e-05 -6.485339e-07 -7.072395e-08 -1.793993e-06 5.538551e-05 2.280404e-04 -7.523546e-05 4.481256e-05
10740.613829 -2.241493e-05 -6.503279e-07 -7.087688e-08 -1.798433e-06 5.702919e-05 2.412274e-04 -6.762153e-05 4.492006e-05
10743.638224 -2.235995e-05 -6.502454e-07 -7.093488e-08 -1.796783e-06 5.790683e-05 2.378953e-04 -6.764782e-05 3.559815e-05
10746.674811 -2.225093e-05 -6.487639e-07 -7.095319e-08 -1.786281e-06 4.828824e-05 2.368664e-04 -5.405205e-05 3.740980e-05
10749.723590 -2.217575e-05 -6.480044e-07 -7.101468e-08 -1.780755e-06 5.494620e-05 2.459615e-04 -7.134367e-05 3.099385e-05
10752.784561 -2.210574e-05 -6.481001e-07 -7.110471e-08 -1.776631e-06 5.889826e-05 2.301994e-04 -6.579167e-05 3.761326e-05
10755.857724 -2.196482e-05 -6.463882e-07 -7.110296e-08 -1.765209e-06 5.702343e-05 2.378973e-04 -6.146061e-05 2.736075e-05
10758.943079 -2.191279e-05 -6.465045e-07 -7.118045e-08 -1.761476e-06 5.208646e-05 2.433561e-04 -6.492638e-05 3.091290e-05
10762.040626 -2.182666e-05 -6.456694e-07 -7.102504e-08 -1.753118e-06 5.020744e-05 2.458877e-04 -7.372452e-05 2.937887e-05
10765.150365 -2.179591e-05 -6.466133e-07 -7.095231e-08 -1.754273e-06 5.546809e-05 2.463740e-04 -7.124062e-05 3.294634e-05
10768.272295 -2.174141e-05 -6.471982e-07 -7.095902e-08 -1.753357e-06 5.441065e-05 2.414996e-04 -6.242973e-05 3.813616e-05
10771.406418 -2.167024e-05 -6.468553e-07 -7.129521e-08 -1.749516e-06 4.505725e-05 2.434091e-04 -7.486682e-05 3.318707e-05
10774.552732 -2.156879e-05 -6.459995e-07 -7.138260e-08 -1.741467e-06 4.252298e-05 2.420827e-04 -7.166339e-05 3.519235e-05
10777.711239 -2.144483e-05 -6.449315e-07 -7.143085e-08 -1.730921e-06 4.046600e-05 2.186371e-04 -7.000006e-05 3.993596e-05
10780.881937 -2.135599e-05 -6.445115e-07 -7.160472e-08 -1.725987e-06 3.667132e-05 2.055868e-04 -7.317519e-05 4.413963e-05
10784.064827 -2.127949e-05 -6.438508e-07 -7.215879e-08 -1.721770e-06 4.477485e-05 1.965633e-04 -6.519191e-05 3.436700e-05
10787.259909 -2.121877e-05 -6.434225e-07 -7.263068e-08 -1.719313e-06 4.795238e-05 2.043216e-04 -6.260208e-05 3.226970e-05
10790.467183 -2.114186e-05 -6.432693e-07 -7.301840e-08 -1.715684e-06 4.188908e-05 2.106956e-04 -6.253625e-05 3.290322e-05
10793.686649 -2.106834e-05 -6.431678e-07 -7.309951e-08 -1.712839e-06 4.902548e-05 2.199201e-04 -6.969830e-05 2.871238e-05
10796.918307 -2.093519e-05 -6.415693e-07 -7.310742e-08 -1.702135e-06 5.110722e-05 2.176965e-04 -7.879076e-05 2.505075e-05
10800.162157 -2.082318e-05 -6.397845e-07 -7.315660e-08 -1.694803e-06 4.606017e-05 1.998529e-04 -8.507116e-05 3.008997e-05
10803.418198 -2.071136e-05 -6.379715e-07 -7.315524e-08 -1.686424e-06 3.763912e-05 1.569666e-04 -8.636682e-05 2.549707e-05
10806.686432 -2.053234e-05 -6.343957e-07 -7.294575e-08 -1.671280e-06 5.129263e-05 1.516701e-04 -8.017072e-05 3.332203e-05
10809.966857 -2.050116e-05 -6.357349e-07 -7.315999e-08 -1.670408e-06 6.341259e-05 1.512770e-04 -8.273099e-05 4.187814e-05
10813.259474 -2.040195e-05 -6.350199e-07 -7.299933e-08 -1.660657e-06 5.794084e-05 1.537302e-04 -8.585895e-05 2.896850e-05
10816.564284 -2.033565e-05 -6.352521e-07 -7.296232e-08 -1.657668e-06 6.907389e-05 1.614588e-04 -8.736851e-05 2.775796e-05
10819.881285 -2.026093e-05 -6.336139e-07 -7.279633e-08 -1.654229e-06 6.588260e-05 1.714590e-04 -8.407644e-05 3.252007e-05
10823.210478 -2.016155e-05 -6.326863e-07 -7.276009e-08 -1.646974e-06 6.129061e-05 1.700298e-04 -7.456310e-05 2.613226e-05
10826.551863 -1.999184e-05 -6.291205e-07 -7.232559e-08 -1.632010e-06 5.534253e-05 1.946054e-04 -7.547527e-05 2.605228e-05
10829.905440 -1.987689e-05 -6.273981e-07 -7.193048e-08 -1.623512e-06 5.539183e-05 1.948649e-04 -7.989372e-05 2.226747e-05
10833.271209 -1.983872e-05 -6.272472e-07 -7.177772e-08 -1.624098e-06 6.084630e-05 2.017019e-04 -7.165431e-05 3.718458e-05
10836.649169 -1.975024e-05 -6.271219e-07 -7.143392e-08 -1.618528e-06 5.658776e-05 2.025761e-04 -7.210530e-05 2.576652e-05
10840.039322 -1.956773e-05 -6.226978e-07 -7.090969e-08 -1.601725e-06 5.504747e-05 1.813171e-04 -6.958665e-05 2.882595e-05
10843.441666 -1.939091e-05 -6.192266e-07 -7.055924e-08 -1.585712e-06 5.745827e-05 1.866532e-04 -7.106971e-05 3.220726e-05
10846.856203 -1.936335e-05 -6.196603e-07 -7.077586e-08 -1.587930e-06 5.886113e-05 1.990325e-04 -7.825195e-05 2.595712e-05
10850.282931 -1.929636e-05 -6.189195e-07 -7.061642e-08 -1.585948e-06 5.600323e-05 2.039205e-04 -8.142996e-05 2.326154e-05
10853.721851 -1.915725e-05 -6.166072e-07 -7.044897e-08 -1.575408e-06 5.946832e-05 2.114407e-04 -7.278622e-05 2.661376e-05
10857.172964 -1.907290e-05 -6.159966e-07 -7.083051e-08 -1.569966e-06 5.136198e-05 2.051885e-04 -6.897070e-05 2.987453e-05
10860.636268 -1.893743e-05 -6.134512e-07 -7.109457e-08 -1.559381e-06 4.986574e-05 2.171577e-04 -6.481943e-05 2.850582e-05
10864.111764 -1.884151e-05 -6.122325e-07 -7.124703e-08 -1.552431e-06 5.828129e-05 2.098275e-04 -6.816832e-05 2.205053e-05
10867.599451 -1.871451e-05 -6.100839e-07 -7.104717e-08 -1.542177e-06 5.209848e-05 2.140099e-04 -6.628642e-05 2.479325e-05
10871.099331 -1.857717e-05 -6.073126e-07 -7.083109e-08 -1.532231e-06 6.003778e-05 1.889171e-04 -5.218873e-05 3.081360e-05
10874.611403 -1.843492e-05 -6.043621e-07 -7.066915e-08 -1.521479e-06 5.547533e-05 1.739085e-04 -4.867592e-05 3.081660e-05
10878.135666 -1.821153e-05 -5.991382e-07 -7.025837e-08 -1.500233e-06 5.706791e-05 1.749921e-04 -5.273542e-05 3.060598e-05
10881.672122 -1.814857e-05 -5.983623e-07 -7.024596e-08 -1.497228e-06 5.891516e-05 1.847438e-04 -5.648854e-05 3.160549e-05
10885.220769 -1.811306e-05 -5.996048e-07 -7.017157e-08 -1.497257e-06 6.219222e-05 2.036247e-04 -5.693293e-05 3.063593e-05
10888.781609 -1.798336e-05 -5.975121e-07 -7.000023e-08 -1.487561e-06 5.644420e-05 2.121165e-04 -6.037599e-05 2.309195e-05
10892.354640 -1.787292e-05 -5.965264e-07 -7.017218e-08 -1.479300e-06 5.592918e-05 1.991601e-04 -7.145263e-05 3.179974e-05
10895.939863 -1.774028e-05 -5.937530e-07 -7.014304e-08 -1.469854e-06 5.591680e-05 1.976904e-04 -7.124883e-05 2.537439e-05
10899.537278 -1.762911e-05 -5.921109e-07 -7.018982e-08 -1.463053e-06 4.692943e-05 1.990800e-04 -7.678179e-05 2.233002e-05
10903.146885 -1.747425e-05 -5.890876e-07 -7.013730e-08 -1.449888e-06 4.071488e-05 2.128143e-04 -7.280901e-05 3.437941e-05
10906.768684 -1.733994e-05 -5.865424e-07 -7.053090e-08 -1.438728e-06 3.362477e-05 2.118294e-04 -7.409197e-05 3.074811e-05
10910.402675 -1.721740e-05 -5.842918e-07 -7.075321e-08 -1.429039e-06 4.281083e-05 1.908107e-04 -7.050472e-05 3.848818e-05
10914.048857 -1.713529e-05 -5.834158e-07 -7.083858e-08 -1.425082e-06 4.465032e-05 2.066257e-04 -7.394009e-05 3.024805e-05
10917.707232 -1.698864e-05 -5.798980e-07 -7.070464e-08 -1.413372e-06 5.164628e-05 1.840831e-04 -7.000431e-05 2.673898e-05
10921.377799 -1.685598e-05 -5.769874e-07 -7.051868e-08 -1.403262e-06 5.564877e-05 1.854956e-04 -7.453587e-05 3.387286e-05
10925.060557 -1.674031e-05 -5.747255e-07 -7.029815e-08 -1.394768e-06 4.960355e-05 1.945900e-04 -7.838160e-05 4.129303e-05
10928.755507 -1.660058e-05 -5.716621e-07 -7.024113e-08 -1.382383e-06 5.214888e-05 2.075919e-04 -8.111276e-05 4.283985e-05
10932.462650 -1.647032e-05 -5.693074e-07 -7.001151e-08 -1.372629e-06 5.247820e-05 2.045100e-04 -6.258684e-05 3.597846e-05
10936.181984 -1.633817e-05 -5.662582e-07 -6.948544e-08 -1.362746e-06 5.067577e-05 1.944687e-04 -5.204304e-05 4.217468e-05
10939.913510 -1.621085e-05 -5.635936e-07 -6.912705e-08 -1.353512e-06 4.814698e-05 1.957633e-04 -5.529786e-05 3.805493e-05
10943.657228 -1.609851e-05 -5.614412e-07 -6.918454e-08 -1.345742e-06 5.218677e-05 2.005195e-04 -5.548899e-05 4.654616e-05
10947.413138 -1.596833e-05 -5.591766e-07 -6.900077e-08 -1.335202e-06 6.083659e-05 1.947345e-04 -5.599985e-05 4.633570e-05
10951.181239 -1.578159e-05 -5.550982e-07 -6.833574e-08 -1.319494e-06 6.263579e-05 2.168980e-04 -5.218667e-05 4.537444e-05
10954.961533 -1.566628e-05 -5.524489e-07 -6.812433e-08 -1.310823e-06 6.889986e-05 2.283707e-04 -5.819773e-05 3.946474e-05
10958.754019 -1.556594e-05 -5.505102e-07 -6.799983e-08 -1.303221e-06 6.589248e-05 2.255405e-04 -6.661581e-05 2.984960e-05
10962.558696 -1.538216e-05 -5.459389e-07 -6.727159e-08 -1.288061e-06 5.567397e-05 2.063758e-04 -6.777033e-05 3.140598e-05
10966.375565 -1.531173e-05 -5.445957e-07 -6.705546e-08 -1.284469e-06 6.113650e-05 2.230128e-04 -6.522632e-05 3.606218e-05
10970.204627 -1.519108e-05 -5.421918e-07 -6.654824e-08 -1.274458e-06 5.204748e-05 2.313398e-04 -5.532603e-05 4.094461e-05
10974.045880 -1.507211e-05 -5.399169e-07 -6.619818e-08 -1.265607e-06 5.038922e-05 2.220076e-04 -5.946536e-05 4.894063e-05
10977.899325 -1.493284e-05 -5.365804e-07 -6.583227e-08 -1.255039e-06 5.327793e-05 2.179542e-04 -6.830994e-05 4.601055e-05
10981.764962 -1.480828e-05 -5.331681e-07 -6.528674e-08 -1.246329e-06 4.533326e-05 2.003586e-04 -6.027210e-05 4.273924e-05
10985.642791 -1.465406e-05 -5.294231e-07 -6.484058e-08 -1.233830e-06 4.636368e-05 1.961464e-04 -5.121242e-05 3.595568e-05
10989.532812 -1.453622e-05 -5.259281e-07 -6.490533e-08 -1.225558e-06 4.228179e-05 1.969838e-04 -5.623870e-05 2.588552e-05
10993.435025 -1.437701e-05 -5.226320e-07 -6.491013e-08 -1.211199e-06 4.251010e-05 1.980719e-04 -5.183651e-05 2.338351e-05
10997.349429 -1.422803e-05 -5.189982e-07 -6.478032e-08 -1.198787e-06 4.822806e-05 2.105372e-04 -5.014217e-05 3.047740e-05
11001.276026 -1.414153e-05 -5.175950e-07 -6.480585e-08 -1.193283e-06 4.795719e-05 2.030813e-04 -5.293733e-05 3.530745e-05
11005.214814 -1.402093e-05 -5.143732e-07 -6.461430e-08 -1.184219e-06 4.986233e-05 2.232065e-04 -5.190576e-05 3.177876e-05
11009.165795 -1.385279e-05 -5.096822e-07 -6.423511e-08 -1.170175e-06 5.523959e-05 2.055330e-04 -5.209557e-05 2.737351e-05
11013.128967 -1.378724e-05 -5.085062e-07 -6.425704e-08 -1.167423e-06 4.554456e-05 1.860272e-04 -4.956687e-05 3.480430e-05
11017.104331 -1.368570e-05 -5.055928e-07 -6.386939e-08 -1.161475e-06 3.281059e-05 1.892401e-04 -5.522250e-05 2.880264e-05
11021.091888 -1.355246e-05 -5.020983e-07 -6.362166e-08 -1.151137e-06 3.088088e-05 1.864685e-04 -6.193504e-05 3.177407e-05
11025.091636 -1.342769e-05 -4.988893e-07 -6.378183e-08 -1.140575e-06 3.111926e-05 1.912165e-04 -6.436637e-05 3.579541e-05
11029.103575 -1.331415e-05 -4.954027e-07 -6.353395e-08 -1.132646e-06 3.859765e-05 1.828834e-04 -6.785622e-05 2.899513e-05
11033.127707 -1.315661e-05 -4.907186e-07 -6.327369e-08 -1.119862e-06 3.553863e-05 1.676373e-04 -5.999662e-05 2.411461e-05
11037.164031 -1.303386e-05 -4.874684e-07 -6.327262e-08 -1.109761e-06 3.473645e-05 1.669414e-04 -6.608518e-05 2.322128e-05
11041.212547 -1.294524e-05 -4.849572e-07 -6.316690e-08 -1.104485e-06 3.672353e-05 1.821070e-04 -7.378872e-05 1.760686e-05
11045.273254 -1.280378e-05 -4.810091e-07 -6.274992e-08 -1.092717e-06 3.683761e-05 2.026830e-04 -5.887542e-05 3.581374e-05
11049.346154 -1.267280e-05 -4.774536e-07 -6.232056e-08 -1.082499e-06 3.632359e-05 1.945434e-04 -5.503833e-05 2.449906e-05
11053.431245 -1.257478e-05 -4.747754e-07 -6.232930e-08 -1.076036e-06 2.715802e-05 1.976409e-04 -5.997005e-05 2.808556e-05
11057.528529 -1.246170e-05 -4.713013e-07 -6.210183e-08 -1.067873e-06 3.394344e-05 2.064031e-04 -5.917941e-05 3.564682e-05
11061.638004 -1.234066e-05 -4.681955e-07 -6.169962e-08 -1.058882e-06 4.212128e-05 1.871854e-04 -6.139978e-05 3.390475e-05
11065.759671 -1.222810e-05 -4.653993e-07 -6.152217e-08 -1.050676e-06 4.242234e-05 1.891251e-04 -5.876542e-05 4.252752e-05
11069.893530 -1.212055e-05 -4.624081e-07 -6.130929e-08 -1.043125e-06 5.215159e-05 1.774925e-04 -5.038931e-05 3.885688e-05
11074.039581 -1.199942e-05 -4.586569e-07 -6.082654e-08 -1.033406e-06 5.424150e-05 1.870126e-04 -5.333951e-05 3.161205e-05
11078.197824 -1.189344e-05 -4.559083e-07 -6.032893e-08 -1.024903e-06 5.872054e-05 1.775852e-04 -5.253247e-05 2.678546e-05
11082.368258 -1.178242e-05 -4.528285e-07 -5.965812e-08 -1.016397e-06 5.533534e-05 1.934453e-04 -5.270258e-05 3.763278e-05
11086.550885 -1.167156e-05 -4.498995e-07 -5.932033e-08 -1.008106e-06 6.072509e-05 1.821675e-04 -5.542486e-05 3.823112e-05
11090.745704 -1.155549e-05 -4.468796e-07 -5.888745e-08 -9.994453e-07 5.173343e-05 1.573883e-04 -5.147372e-05 3.902173e-05
11094.952714 -1.143850e-05 -4.436963e-07 -5.822066e-08 -9.900820e-07 4.205178e-05 1.689616e-04 -5.639913e-05 3.544801e-05
11099.171916 -1.134251e-05 -4.413601e-07 -5.817396e-08 -9.826814e-07 4.946811e-05 1.787262e-04 -5.331374e-05 3.122189e-05
11103.403311 -1.123114e-05 -4.381572e-07 -5.803086e-08 -9.745153e-07 5.005487e-05 1.770856e-04 -5.290638e-05 3.789136e-05
11107.646897 -1.112217e-05 -4.351594e-07 -5.772872e-08 -9.666256e-07 5.260324e-05 1.766580e-04 -6.645223e-05 4.503725e-05
11111.902675 -1.100252e-05 -4.319040e-07 -5.740118e-08 -9.567300e-07 4.588772e-05 1.730997e-04 -5.922680e-05 3.816353e-05
11116.170645 -1.086820e-05 -4.284450e-07 -5.718255e-08 -9.449861e-07 4.225235e-05 1.821171e-04 -5.392402e-05 3.713855e-05
11120.450807 -1.079290e-05 -4.268583e-07 -5.710328e-08 -9.402300e-07 4.824579e-05 1.774748e-04 -4.753339e-05 4.273622e-05
11124.743161 -1.068393e-05 -4.233783e-07 -5.670880e-08 -9.317776e-07 4.509438e-05 2.003593e-04 -4.691186e-05 4.630705e-05
11129.047707 -1.053954e-05 -4.187341e-07 -5.647897e-08 -9.192879e-07 4.776136e-05 2.131561e-04 -4.834494e-05 4.022560e-05
11133.364444 -1.043138e-05 -4.157896e-07 -5.622744e-08 -9.110122e-07 4.697952e-05 1.965375e-04 -4.763927e-05 4.046240e-05
11137.693374 -1.036814e-05 -4.141911e-07 -5.614421e-08 -9.079353e-07 4.915786e-05 1.867293e-04 -4.337072e-05 4.196899e-05
11142.034495 -1.027238e-05 -4.116565e-07 -5.598426e-08 -9.005722e-07 4.237321e-05 1.902253e-04 -4.419913e-05 3.882193e-05
11146.387809 -1.014973e-05 -4.079826e-07 -5.577298e-08 -8.903167e-07 4.345300e-05 2.034638e-04 -5.146464e-05 4.133237e-05
11150.753314 -1.000555e-05 -4.036318e-07 -5.503948e-08 -8.778592e-07 5.152870e-05 1.885682e-04 -5.049103e-05 3.839921e-05
11155.131011 -9.890900e-06 -4.000475e-07 -5.452878e-08 -8.699935e-07 3.688580e-05 1.802774e-04 -5.610680e-05 4.558969e-05
11159.520900 -9.609996e-06 -3.905699e-07 -5.326940e-08 -8.455259e-07 3.881818e-05 1.931718e-04 -6.433242e-05 5.300382e-05
11163.922981 -9.614252e-06 -3.927736e-07 -5.367969e-08 -8.464426e-07 4.276259e-05 2.152063e-04 -6.807106e-05 4.094237e-05
11168.337254 -9.549731e-06 -3.903100e-07 -5.370347e-08 -8.441718e-07 4.587006e-05 1.940105e-04 -7.174582e-05 3.563549e-05
11172.763719 -9.562256e-06 -3.925087e-07 -5.432654e-08 -8.462892e-07 4.600680e-05 2.128468e-04 -5.661433e-05 3.847984e-05
11177.202376 -9.506306e-06 -3.912246e-07 -5.441331e-08 -8.424823e-07 4.744923e-05 2.304256e-04 -4.111972e-05 4.219910e-05
11181.653224 -9.389879e-06 -3.881185e-07 -5.427210e-08 -8.332552e-07 4.158904e-05 2.258972e-04 -4.388383e-05 4.750044e-05
11186.116265 -9.268379e-06 -3.846284e-07 -5.376795e-08 -8.235324e-07 3.998454e-05 2.206208e-04 -4.669471e-05 4.856455e-05
11190.591497 -9.193021e-06 -3.827705e-07 -5.379969e-08 -8.183114e-07 3.731083e-05 2.455956e-04 -5.042089e-05 4.823109e-05
11195.078922 -9.108638e-06 -3.805863e-07 -5.380661e-08 -8.126681e-07 3.185468e-05 2.598526e-04 -6.120705e-05 4.850341e-05
11199.578538 -9.033242e-06 -3.785814e-07 -5.377842e-08 -8.071036e-07 2.567116e-05 2.613770e-04 -5.557781e-05 5.482345e-05
11204.090346 -8.939429e-06 -3.756809e-07 -5.327915e-08 -7.990492e-07 2.539329e-05 2.835105e-04 -5.263318e-05 4.539094e-05
11208.614346 -8.832187e-06 -3.726505e-07 -5.281419e-08 -7.902111e-07 2.784797e-05 2.775473e-04 -4.322255e-05 4.794144e-05
11213.150538 -8.742944e-06 -3.700547e-07 -5.272185e-08 -7.831968e-07 2.787995e-05 3.008910e-04 -5.630609e-05 5.168312e-05
11217.698922 -8.656585e-06 -3.676732e-07 -5.240726e-08 -7.760794e-07 2.948072e-05 3.075818e-04 -5.600122e-05 5.536552e-05
11222.259498 -8.559972e-06 -3.649596e-07 -5.191940e-08 -7.685298e-07 2.614497e-05 2.858870e-04 -6.722888e-05 4.630845e-05
11226.832266 -8.470328e-06 -3.626766e-07 -5.151587e-08 -7.621849e-07 3.821894e-05 2.834093e-04 -6.861355e-05 5.152828e-05
11231.417226 -8.369332e-06 -3.591180e-07 -5.101073e-08 -7.543431e-07 4.156685e-05 2.586491e-04 -5.679951e-05 4.781123e-05
11236.014377 -8.268516e-06 -3.557331e-07 -5.054135e-08 -7.461313e-07 4.170341e-05 2.538263e-04 -5.588611e-05 5.674571e-05
11240.623721 -8.201667e-06 -3.537893e-07 -5.040459e-08 -7.419302e-07 4.436526e-05 2.390304e-04 -5.519221e-05 5.685571e-05
11245.245256 -8.109773e-06 -3.509979e-07 -4.998821e-08 -7.343739e-07 3.268303e-05 2.418759e-04 -4.788410e-05 4.820911e-05
11249.878983 -8.020596e-06 -3.482557e-07 -4.974210e-08 -7.272214e-07 3.504739e-05 2.556868e-04 -5.046137e-05 3.964367e-05
11254.524902 -7.931077e-06 -3.452619e-07 -4.938826e-08 -7.202971e-07 4.098312e-05 2.218677e-04 -5.054766e-05 4.709440e-05
11259.183013 -7.840842e-06 -3.425103e-07 -4.915945e-08 -7.132789e-07 4.254237e-05 2.083287e-04 -5.945817e-05 4.521992e-05
11263.853316 -7.729041e-06 -3.384955e-07 -4.865575e-08 -7.033766e-07 4.887201e-05 2.121121e-04 -5.931469e-05 5.095354e-05
11268.535811 -7.653395e-06 -3.363708e-07 -4.850942e-08 -6.979038e-07 4.413597e-05 1.790314e-04 -6.810003e-05 5.726499e-05
11273.230498 -7.577835e-06 -3.341106e-07 -4.859045e-08 -6.920297e-07 3.637952e-05 1.984331e-04 -6.328311e-05 5.485941e-05
11277.937377 -7.494224e-06 -3.316279e-07 -4.827157e-08 -6.856361e-07 3.699896e-05 2.161243e-04 -5.512408e-05 5.059571e-05
11282.656448 -7.419549e-06 -3.298067e-07 -4.814128e-08 -6.804748e-07 3.395544e-05 2.233090e-04 -6.032495e-05 5.898511e-05
11287.387710 -7.349320e-06 -3.280099e-07 -4.813812e-08 -6.751914e-07 3.743947e-05 2.060930e-04 -6.509549e-05 5.721155e-05
11292.131165 -7.260079e-06 -3.252502e-07 -4.795417e-08 -6.687289e-07 4.325956e-05 2.120107e-04 -7.665376e-05 6.307312e-05
11296.886811 -7.179312e-06 -3.225922e-07 -4.760240e-08 -6.624192e-07 5.223150e-05 2.254582e-04 -7.510425e-05 6.053779e-05
11301.654649 -7.072371e-06 -3.190261e-07 -4.686919e-08 -6.535925e-07 4.835492e-05 2.230309e-04 -7.296870e-05 5.032404e-05
11306.434679 -6.955270e-06 -3.147656e-07 -4.645112e-08 -6.429332e-07 4.770153e-05 2.173553e-04 -6.811881e-05 5.313641e-05
11311.226901 -6.884185e-06 -3.128746e-07 -4.630282e-08 -6.374915e-07 4.096530e-05 2.107952e-04 -6.536847e-05 5.536608e-05
11316.031315 -6.841546e-06 -3.112013e-07 -4.620280e-08 -6.357198e-07 3.993200e-05 1.962964e-04 -6.176611e-05 5.786134e-05
11320.847921 -6.780621e-06 -3.094571e-07 -4.600060e-08 -6.300210e-07 3.329105e-05 2.056774e-04 -6.010830e-05 6.109008e-05
11325.676719 -6.709453e-06 -3.075369e-07 -4.582111e-08 -6.247958e-07 3.372456e-05 2.068039e-04 -6.525753e-05 6.203707e-05
11330.517709 -6.609401e-06 -3.036083e-07 -4.532023e-08 -6.161467e-07 3.078034e-05 2.219494e-04 -6.384041e-05 6.665289e-05
11335.370891 -6.504338e-06 -2.994705e-07 -4.488137e-08 -6.080381e-07 3.720330e-05 2.499959e-04 -5.511113e-05 7.064977e-05
11340.236264 -6.498823e-06 -2.996324e-07 -4.510320e-08 -6.078354e-07 3.899565e-05 2.608993e-04 -4.749187e-05 5.520295e-05
