# Facility.name: NSLS-II
# Facility.mode: Beam available
# Facility.current: 401.0390412437982
# Facility.current: 3 GeV
# Facility.year: 2023
# Facility.cycle: 2
# Facility.GUP: 312970
# Facility.SAF: 311402
# Experimenter.name: Esteban Fornero
# Beamline.name: ISS (8-ID)
# Beamline.x-ray_source: damping wiggler
# Beamline.collimation_mirror1.material: Si
# Beamline.collimation_mirror2.material: Pt
# Beamline.collimation_mirror2.bender_loading: -348.0
# Beamline.focusing: toroidal mirror
# Beamline.focusing.material: Pt
# Beamline.focusing.bender_loading: -419.0
# Beamline.harmonic_rejection: Si
# Mono.scan_mode: Si(111)
# Mono.d_spacing: 3.1354951
# Mono.scan_mode: pseudo-channel cut
# Mono.scan_type: fly_scan
# Mono.trajectory_name: f950a534-6fd5.txt
# Mono.direction: None
# Mono.angle_offset: 0.69366577
# Mono.angle_offset: 39.744 deg
# Mono.encoder_resolution: 48.0 nrad
# Detector.I0: ion chamber
# Detector.I1: ion chamber
# Detector.I2: ion chamber
# Detector.IF: PIPS
# Detector.I0.length: 15 cm
# Detector.I1.length: 28 cm
# Detector.I2.length: 15 cm
# Detector.IF.thickness: 300 um
# Detector.I0.gas.N2: 38.0%
# Detector.I1.gas.N2: 38.0%
# Detector.I2.gas.N2: 38.0%
# Detector.I0.gas.He: 62.0%
# Detector.I1.gas.He: 62.0%
# Detector.I2.gas.He: 62.0%
# Detector.I0.voltage: -1649.99939
# Detector.I1.voltage: -1650.001953
# Detector.I2.voltage: -1650.002441
# Detector.I0.gain: 4
# Detector.I1.gain: 6
# Detector.I2.gain: 6
# Detector.IF.gain: 6
# Detector.aux: {}
# Element.symbol: Cu
# Element.edge: K
# Element.line: None
# Scan.transient_id: 370954
# Scan.uid: 02f95911-91e3-4e4d-b556-f08adce4a937
# Scan.edge_energy: 8979.0
# Scan.start_time: 06/23/2023  03:40:47.083534
# Scan.end_time: 06/23/2023  03:41:22.674666
# Scan.name: CuGaO2-4th H2-ramp (pos 001) Cu-K 0001
# Scan.comment: 
# Sample.name: CuGaO2-4th
# Sample.comment: 
# Sample.position.x: -66.4779948865
# Sample.position.y: 30.524008696
# Sample.position.z: -10.184937499999995
# Sample.position.theta: 845.5790000000001
# SampleHeater.temperature1.setpoint: 300.0
# SampleHeater.temperature1.readback: 1372.0
# SampleHeater.current.setpoint: 0.0
# SampleHeater.current.readback: 0.0
# SampleHeater.temperature2.setpoint: 248.72288979724237
# SampleHeater.temperature2.readback: 249.5
# SampleHeater.voltage.setpoint: 0.581786980193369
# SampleHeater.voltage.readback: 0.584
# SampleHeater.PID.P: 0.025
# SampleHeater.PID.I: 0.07
# SampleHeater.PID.D: 0.0
# SampleGasCart.MFC.CH4.setpoint: 0.0
# SampleGasCart.MFC.CH4.readback: 0.0
# SampleGasCart.MFC.CO.setpoint: 0.0
# SampleGasCart.MFC.CO.readback: 0.0
# SampleGasCart.MFC.H2.setpoint: 10.0
# SampleGasCart.MFC.H2.readback: 10.012
# SampleGasCart.MFC.exhaust.setpoint: 100.0
# SampleGasCart.MFC.exhaust.readback: 9.86
# SampleGasHandlingSystem.gas_a.name: None
# SampleGasHandlingSystem.gas_b.name: None
# SampleGasHandlingSystem.gas_c.name: None
# SampleGasHandlingSystem.gas_d.name: None
# SampleGasHandlingSystem.gas_e.name: He
# SampleGasHandlingSystem.MFC1.setpoint: 0.0
# SampleGasHandlingSystem.MFC1.readback: -0.146484375
# SampleGasHandlingSystem.MFC2.setpoint: 0.0
# SampleGasHandlingSystem.MFC2.readback: -0.09765625
# SampleGasHandlingSystem.MFC3.setpoint: 0.0
# SampleGasHandlingSystem.MFC3.readback: 0.02034505270421505
# SampleGasHandlingSystem.MFC4.setpoint: 0.0
# SampleGasHandlingSystem.MFC4.readback: -0.0895182266831398
# SampleGasHandlingSystem.MFC5.setpoint: 0.0
# SampleGasHandlingSystem.MFC5.readback: -0.008138020522892475
# SampleGasHandlingSystem.MFC6.setpoint: 0.0
# SampleGasHandlingSystem.MFC6.readback: -0.0325520820915699
# SampleGasHandlingSystem.MFC7.setpoint: 0.0
# SampleGasHandlingSystem.MFC7.readback: -0.0244140625
# SampleGasHandlingSystem.MFC8.setpoint: 0.0
# SampleGasHandlingSystem.MFC8.readback: -0.0651041641831398
# SampleGasHandlingSystem.MFC9.setpoint: 0.0
# SampleGasHandlingSystem.MFC9.readback: -0.0406901054084301
# SampleGasHandlingSystem.MFC10.setpoint: 0.0
# SampleGasHandlingSystem.MFC10.readback: 0.008138020522892475
# SampleGasHandlingSystem.MFC11.setpoint: 0.0
# SampleGasHandlingSystem.MFC11.readback: -0.0813802108168602
# SampleGasHandlingSystem.MFC12.setpoint: 0.0
# SampleGasHandlingSystem.MFC12.readback: -0.0447591133415699
# SampleGasHandlingSystem.MFC13.setpoint: 0.0
# SampleGasHandlingSystem.MFC13.readback: -0.0447591133415699
# SampleGasHandlingSystem.MFC14.setpoint: 0.0
# SampleGasHandlingSystem.MFC14.readback: -0.06103515625
# SampleGasHandlingSystem.MFC15.setpoint: 0.0
# SampleGasHandlingSystem.MFC15.readback: -0.09765625
# SampleGasHandlingSystem.MFC16.setpoint: 0.0
# SampleGasHandlingSystem.MFC16.readback: -0.02848307229578495
# SampleGasHandlingSystem.RGA.ch1.mass: 2
# SampleGasHandlingSystem.RGA.ch1.readback: 1.07594e-06
# SampleGasHandlingSystem.RGA.ch2.mass: 4
# SampleGasHandlingSystem.RGA.ch2.readback: 0.0
# SampleGasHandlingSystem.RGA.ch3.mass: 5
# SampleGasHandlingSystem.RGA.ch3.readback: 7.81276e-12
# SampleGasHandlingSystem.RGA.ch4.mass: 5
# SampleGasHandlingSystem.RGA.ch4.readback: 4.78717e-10
# SampleGasHandlingSystem.RGA.ch5.mass: 18
# SampleGasHandlingSystem.RGA.ch5.readback: 2.18695e-09
# SampleGasHandlingSystem.RGA.ch6.mass: 28
# SampleGasHandlingSystem.RGA.ch6.readback: 1.4534e-08
# SampleGasHandlingSystem.RGA.ch7.mass: 32
# SampleGasHandlingSystem.RGA.ch7.readback: 3.07315e-09
# SampleGasHandlingSystem.RGA.ch8.mass: 41
# SampleGasHandlingSystem.RGA.ch8.readback: 1.11477e-11
# SampleGasHandlingSystem.RGA.ch9.mass: 44
# SampleGasHandlingSystem.RGA.ch9.readback: 2.07863e-10
# energy  i0  it  ir  iff  aux1  aux2  aux3  aux4
 8779.000000 -3.495253e-05 -3.455132e-07 -2.291570e-07 -3.190174e-07 7.053263e-05 3.665459e-04 -4.369048e-05 7.453142e-05
 8784.000000 -3.508712e-05 -3.434287e-07 -2.278101e-07 -3.211408e-07 6.179902e-05 3.700462e-04 -4.982744e-05 7.301805e-05
 8789.000000 -3.508279e-05 -3.414741e-07 -2.266267e-07 -3.220949e-07 5.939231e-05 3.628574e-04 -5.458790e-05 8.237911e-05
 8794.000000 -3.491572e-05 -3.393346e-07 -2.252067e-07 -3.217014e-07 5.649560e-05 3.754779e-04 -4.463355e-05 8.822792e-05
 8799.000000 -3.447233e-05 -3.353194e-07 -2.227486e-07 -3.183293e-07 5.283134e-05 3.816020e-04 -4.213878e-05 6.902304e-05
 8804.000000 -3.482298e-05 -3.363216e-07 -2.238301e-07 -3.222728e-07 5.261655e-05 3.771846e-04 -4.888590e-05 7.451382e-05
 8809.000000 -3.474956e-05 -3.361141e-07 -2.237815e-07 -3.224793e-07 4.567522e-05 3.840661e-04 -5.586779e-05 8.040548e-05
 8814.000000 -3.452566e-05 -3.363066e-07 -2.240687e-07 -3.207550e-07 4.449835e-05 3.580744e-04 -6.068009e-05 7.365083e-05
 8819.000000 -3.453521e-05 -3.374972e-07 -2.249253e-07 -3.215293e-07 5.491219e-05 3.691411e-04 -4.864087e-05 6.640259e-05
 8824.000000 -3.447048e-05 -3.391049e-07 -2.263473e-07 -3.218721e-07 5.973574e-05 3.622923e-04 -5.381531e-05 6.599604e-05
 8829.000000 -3.441212e-05 -3.402358e-07 -2.271663e-07 -3.221294e-07 6.988766e-05 3.553880e-04 -4.991614e-05 6.251550e-05
 8834.000000 -3.432937e-05 -3.405735e-07 -2.275033e-07 -3.224492e-07 6.752807e-05 3.413417e-04 -4.794005e-05 6.336945e-05
 8839.000000 -3.419931e-05 -3.409912e-07 -2.279036e-07 -3.224096e-07 7.333002e-05 3.513525e-04 -5.345296e-05 6.756889e-05
 8844.000000 -3.409333e-05 -3.423094e-07 -2.289249e-07 -3.223001e-07 6.455617e-05 3.732193e-04 -6.805783e-05 7.166746e-05
 8849.000000 -3.394531e-05 -3.441135e-07 -2.302705e-07 -3.219429e-07 6.591148e-05 3.765790e-04 -5.734471e-05 7.673992e-05
 8854.000000 -3.381268e-05 -3.443603e-07 -2.307752e-07 -3.218951e-07 7.698500e-05 3.975923e-04 -6.044074e-05 6.939127e-05
 8859.000000 -3.371612e-05 -3.459188e-07 -2.318265e-07 -3.221620e-07 7.723898e-05 3.908142e-04 -5.764700e-05 7.323879e-05
 8864.000000 -3.366447e-05 -3.464654e-07 -2.323023e-07 -3.225648e-07 6.605132e-05 3.864581e-04 -6.140465e-05 7.117363e-05
 8869.000000 -3.356852e-05 -3.474768e-07 -2.332027e-07 -3.223982e-07 5.615365e-05 3.881495e-04 -5.767190e-05 7.261424e-05
 8874.000000 -3.343700e-05 -3.495155e-07 -2.347459e-07 -3.221207e-07 6.048292e-05 4.207563e-04 -6.117275e-05 7.198019e-05
 8879.000000 -3.335885e-05 -3.498068e-07 -2.350705e-07 -3.222312e-07 6.497417e-05 4.290321e-04 -5.222644e-05 6.420558e-05
 8884.000000 -3.310908e-05 -3.506572e-07 -2.358093e-07 -3.209860e-07 7.007582e-05 4.333360e-04 -5.438321e-05 6.386703e-05
 8889.000000 -3.283625e-05 -3.520537e-07 -2.370431e-07 -3.197325e-07 7.201117e-05 4.358227e-04 -4.228410e-05 6.947432e-05
 8894.000000 -3.301012e-05 -3.557589e-07 -2.395495e-07 -3.218357e-07 7.405258e-05 4.280534e-04 -4.161616e-05 7.468387e-05
 8899.000000 -3.286979e-05 -3.576828e-07 -2.409029e-07 -3.213971e-07 7.032765e-05 4.454651e-04 -4.300604e-05 7.345894e-05
 8904.000000 -3.280011e-05 -3.583172e-07 -2.413597e-07 -3.210958e-07 7.171522e-05 4.254307e-04 -3.697703e-05 7.323146e-05
 8909.000000 -3.266368e-05 -3.599054e-07 -2.426699e-07 -3.199520e-07 7.113986e-05 4.161795e-04 -3.825627e-05 7.043069e-05
 8914.000000 -3.237882e-05 -3.603841e-07 -2.430904e-07 -3.177968e-07 7.173802e-05 4.262379e-04 -3.996406e-05 6.907785e-05
 8919.000000 -3.226291e-05 -3.624284e-07 -2.444245e-07 -3.178031e-07 7.201927e-05 4.500704e-04 -4.634252e-05 6.693590e-05
 8924.000000 -3.213137e-05 -3.624657e-07 -2.445351e-07 -3.176081e-07 7.358369e-05 4.344068e-04 -4.308571e-05 6.591443e-05
 8929.000000 -3.210933e-05 -3.659365e-07 -2.471221e-07 -3.187174e-07 7.233210e-05 4.318197e-04 -3.904835e-05 6.331857e-05
 8934.000000 -3.201853e-05 -3.678936e-07 -2.484945e-07 -3.187488e-07 6.320353e-05 4.584824e-04 -2.659535e-05 6.187517e-05
 8939.000000 -3.187456e-05 -3.696142e-07 -2.495677e-07 -3.186779e-07 5.599168e-05 4.694051e-04 -3.138154e-05 6.806559e-05
 8944.000000 -3.175216e-05 -3.688373e-07 -2.489623e-07 -3.186341e-07 7.207140e-05 4.769819e-04 -3.668858e-05 7.459684e-05
 8949.000000 -3.162805e-05 -3.665106e-07 -2.472133e-07 -3.185380e-07 6.755144e-05 4.761824e-04 -3.980978e-05 7.479182e-05
 8953.000000 -3.157286e-05 -3.668848e-07 -2.472016e-07 -3.190287e-07 6.887772e-05 4.798872e-04 -3.671097e-05 7.549125e-05
 8956.000000 -3.147788e-05 -3.662707e-07 -2.465851e-07 -3.189483e-07 7.250197e-05 4.807179e-04 -4.182009e-05 6.645876e-05
 8958.000000 -3.147715e-05 -3.653186e-07 -2.457496e-07 -3.193128e-07 7.638896e-05 4.878238e-04 -3.718688e-05 7.169748e-05
 8959.000000 -3.144367e-05 -3.650078e-07 -2.451243e-07 -3.192534e-07 7.840210e-05 4.834180e-04 -3.398859e-05 6.538669e-05
 8959.200000 -3.139185e-05 -3.653388e-07 -2.453944e-07 -3.187460e-07 8.176001e-05 4.692998e-04 -4.170366e-05 5.504275e-05
 8959.400000 -3.144810e-05 -3.636484e-07 -2.443297e-07 -3.196130e-07 9.106794e-05 4.660205e-04 -3.089630e-05 5.991102e-05
 8959.600000 -3.146280e-05 -3.643391e-07 -2.448578e-07 -3.194185e-07 8.482164e-05 4.499711e-04 -1.935342e-05 6.216148e-05
 8959.800000 -3.147065e-05 -3.658381e-07 -2.457459e-07 -3.196248e-07 7.416490e-05 4.416927e-04 -4.147167e-05 6.068206e-05
 8960.000000 -3.146079e-05 -3.652689e-07 -2.455589e-07 -3.196263e-07 7.430663e-05 4.610289e-04 -4.443307e-05 6.549785e-05
 8960.200000 -3.147432e-05 -3.639824e-07 -2.446803e-07 -3.200531e-07 7.770114e-05 4.808691e-04 -2.960564e-05 6.905575e-05
 8960.400000 -3.145122e-05 -3.640224e-07 -2.444296e-07 -3.200265e-07 8.107778e-05 4.730293e-04 -3.101430e-05 7.011938e-05
 8960.600000 -3.144880e-05 -3.649571e-07 -2.451071e-07 -3.199221e-07 8.922462e-05 4.811464e-04 -3.166235e-05 7.485293e-05
 8960.800000 -3.137679e-05 -3.648748e-07 -2.450085e-07 -3.194014e-07 8.193690e-05 4.698582e-04 -3.722542e-05 6.672856e-05
 8961.000000 -3.130326e-05 -3.676791e-07 -2.468384e-07 -3.187538e-07 8.161350e-05 4.807775e-04 -3.391830e-05 6.209693e-05
 8961.200000 -3.134619e-05 -3.659065e-07 -2.454513e-07 -3.192998e-07 7.873502e-05 4.949384e-04 -3.602083e-05 6.528778e-05
 8961.400000 -3.142730e-05 -3.646865e-07 -2.447799e-07 -3.197625e-07 7.380364e-05 4.769321e-04 -2.845966e-05 7.812880e-05
 8961.600000 -3.142650e-05 -3.645728e-07 -2.445280e-07 -3.196848e-07 6.355203e-05 4.612746e-04 -3.107869e-05 7.227153e-05
 8961.800000 -3.139426e-05 -3.647436e-07 -2.445523e-07 -3.197085e-07 7.204125e-05 4.658342e-04 -3.412387e-05 7.021312e-05
 8962.000000 -3.132222e-05 -3.668478e-07 -2.461798e-07 -3.191411e-07 7.520704e-05 4.754323e-04 -3.051855e-05 8.300208e-05
 8962.200000 -3.128463e-05 -3.639823e-07 -2.440801e-07 -3.193300e-07 7.983064e-05 4.710851e-04 -3.307544e-05 8.142522e-05
 8962.400000 -3.129325e-05 -3.661713e-07 -2.453385e-07 -3.191921e-07 8.457642e-05 4.560722e-04 -4.172899e-05 7.858632e-05
 8962.600000 -3.130606e-05 -3.663108e-07 -2.453738e-07 -3.195505e-07 9.106248e-05 4.634909e-04 -4.286923e-05 7.211241e-05
 8962.800000 -3.132802e-05 -3.667244e-07 -2.458254e-07 -3.197463e-07 8.169582e-05 4.590561e-04 -4.303488e-05 6.718508e-05
 8963.000000 -3.138831e-05 -3.646354e-07 -2.443036e-07 -3.200614e-07 7.666809e-05 4.318025e-04 -3.375749e-05 6.158366e-05
 8963.200000 -3.139123e-05 -3.648879e-07 -2.445600e-07 -3.203225e-07 7.892774e-05 4.260941e-04 -3.404722e-05 7.263540e-05
 8963.400000 -3.136854e-05 -3.654760e-07 -2.449738e-07 -3.200131e-07 7.899762e-05 4.192195e-04 -2.387415e-05 7.240425e-05
 8963.600000 -3.138211e-05 -3.641265e-07 -2.440976e-07 -3.202584e-07 7.676991e-05 4.053873e-04 -3.310494e-05 6.262459e-05
 8963.800000 -3.137650e-05 -3.659961e-07 -2.452561e-07 -3.203170e-07 8.511160e-05 4.186811e-04 -3.668050e-05 6.744326e-05
 8964.000000 -3.136130e-05 -3.656335e-07 -2.449304e-07 -3.201778e-07 7.531505e-05 4.088798e-04 -4.647840e-05 6.249506e-05
 8964.200000 -3.136342e-05 -3.645646e-07 -2.439983e-07 -3.206532e-07 7.156431e-05 4.158684e-04 -4.439770e-05 6.271199e-05
 8964.400000 -3.134543e-05 -3.659913e-07 -2.448563e-07 -3.205207e-07 6.764551e-05 4.272867e-04 -4.424316e-05 6.467808e-05
 8964.600000 -3.128034e-05 -3.653898e-07 -2.443383e-07 -3.202336e-07 6.902966e-05 4.116146e-04 -5.975564e-05 6.537698e-05
 8964.800000 -3.124411e-05 -3.691230e-07 -2.468875e-07 -3.195982e-07 7.228282e-05 3.938461e-04 -7.256081e-05 6.496697e-05
 8965.000000 -3.126764e-05 -3.671776e-07 -2.456224e-07 -3.201463e-07 7.467226e-05 4.106045e-04 -7.497875e-05 6.088368e-05
 8965.200000 -3.127722e-05 -3.658500e-07 -2.446534e-07 -3.201089e-07 7.340712e-05 4.237890e-04 -5.439605e-05 6.878589e-05
 8965.400000 -3.123429e-05 -3.655093e-07 -2.442731e-07 -3.198373e-07 7.794199e-05 4.458097e-04 -4.980568e-05 7.005982e-05
 8965.600000 -3.121408e-05 -3.662852e-07 -2.445621e-07 -3.199155e-07 7.807272e-05 4.250317e-04 -5.048105e-05 6.716296e-05
 8965.800000 -3.126850e-05 -3.647784e-07 -2.431520e-07 -3.205068e-07 6.579431e-05 4.278430e-04 -4.623482e-05 8.045231e-05
 8966.000000 -3.130044e-05 -3.637680e-07 -2.425508e-07 -3.206170e-07 7.492230e-05 4.289833e-04 -2.904620e-05 8.043307e-05
 8966.200000 -3.129385e-05 -3.639052e-07 -2.424776e-07 -3.205655e-07 7.791485e-05 4.095406e-04 -4.219367e-05 7.197069e-05
 8966.400000 -3.127555e-05 -3.639407e-07 -2.426725e-07 -3.206381e-07 8.034267e-05 3.826093e-04 -4.435989e-05 7.556779e-05
 8966.600000 -3.125358e-05 -3.659301e-07 -2.440093e-07 -3.205119e-07 7.916100e-05 3.945560e-04 -5.544329e-05 7.542811e-05
 8966.800000 -3.124422e-05 -3.633676e-07 -2.423113e-07 -3.207072e-07 8.111049e-05 4.344415e-04 -4.499588e-05 8.004453e-05
 8967.000000 -3.125892e-05 -3.654732e-07 -2.437562e-07 -3.206739e-07 7.734944e-05 4.441694e-04 -4.116558e-05 8.450198e-05
 8967.200000 -3.121602e-05 -3.647009e-07 -2.429417e-07 -3.205151e-07 7.964802e-05 4.392834e-04 -5.079713e-05 8.161903e-05
 8967.400000 -3.111740e-05 -3.659995e-07 -2.441056e-07 -3.198826e-07 8.070336e-05 4.529350e-04 -4.690945e-05 7.660707e-05
 8967.600000 -3.119158e-05 -3.685238e-07 -2.454402e-07 -3.204198e-07 8.001827e-05 4.525228e-04 -5.408860e-05 6.851049e-05
 8967.800000 -3.124448e-05 -3.646849e-07 -2.428714e-07 -3.210275e-07 7.964458e-05 4.609725e-04 -4.710866e-05 7.770630e-05
 8968.000000 -3.122359e-05 -3.653103e-07 -2.430827e-07 -3.207560e-07 7.967680e-05 4.649951e-04 -3.359127e-05 7.257856e-05
 8968.200000 -3.120744e-05 -3.648646e-07 -2.426438e-07 -3.209780e-07 7.994215e-05 4.514241e-04 -3.995432e-05 6.738668e-05
 8968.400000 -3.115994e-05 -3.663618e-07 -2.433640e-07 -3.207040e-07 8.140811e-05 4.347352e-04 -3.976126e-05 7.634566e-05
 8968.600000 -3.117270e-05 -3.655159e-07 -2.427459e-07 -3.208625e-07 8.555139e-05 4.408284e-04 -3.895875e-05 7.084198e-05
 8968.800000 -3.113163e-05 -3.647671e-07 -2.422825e-07 -3.207097e-07 7.105895e-05 4.479080e-04 -4.410122e-05 6.302421e-05
 8969.000000 -3.116313e-05 -3.645663e-07 -2.420337e-07 -3.211122e-07 6.630514e-05 4.599648e-04 -4.540545e-05 6.634956e-05
 8969.200000 -3.115679e-05 -3.659441e-07 -2.429831e-07 -3.210244e-07 7.470730e-05 4.518886e-04 -3.784395e-05 7.694080e-05
 8969.400000 -3.110810e-05 -3.657859e-07 -2.427062e-07 -3.209748e-07 7.326404e-05 4.379762e-04 -4.968861e-05 7.350310e-05
 8969.600000 -3.111342e-05 -3.649676e-07 -2.420536e-07 -3.214357e-07 6.668311e-05 4.297607e-04 -4.433849e-05 6.981610e-05
 8969.800000 -3.118439e-05 -3.633737e-07 -2.405209e-07 -3.221381e-07 6.606935e-05 4.735060e-04 -4.277958e-05 8.171457e-05
 8970.000000 -3.120455e-05 -3.627952e-07 -2.399325e-07 -3.226341e-07 6.651084e-05 4.672664e-04 -5.345910e-05 7.982769e-05
 8970.200000 -3.120708e-05 -3.625571e-07 -2.397320e-07 -3.224632e-07 6.803509e-05 4.493907e-04 -3.619071e-05 8.745834e-05
 8970.400000 -3.117595e-05 -3.630669e-07 -2.398493e-07 -3.226064e-07 6.945934e-05 4.574838e-04 -3.642695e-05 8.935229e-05
 8970.600000 -3.109512e-05 -3.659680e-07 -2.414204e-07 -3.220100e-07 7.199289e-05 4.804949e-04 -4.547005e-05 8.618283e-05
 8970.800000 -3.108526e-05 -3.662583e-07 -2.414823e-07 -3.219453e-07 8.243199e-05 4.799453e-04 -4.066182e-05 9.049924e-05
 8971.000000 -3.108595e-05 -3.646352e-07 -2.402166e-07 -3.219645e-07 8.251101e-05 4.682116e-04 -4.035666e-05 9.610841e-05
 8971.200000 -3.101223e-05 -3.665128e-07 -2.409438e-07 -3.214828e-07 7.707436e-05 4.562260e-04 -3.148328e-05 9.222552e-05
 8971.400000 -3.108485e-05 -3.652916e-07 -2.401917e-07 -3.224418e-07 7.099220e-05 4.684928e-04 -3.755632e-05 8.554086e-05
 8971.600000 -3.115299e-05 -3.653938e-07 -2.400029e-07 -3.231664e-07 6.572678e-05 4.638357e-04 -4.362198e-05 7.921622e-05
 8971.800000 -3.116815e-05 -3.628889e-07 -2.382225e-07 -3.236748e-07 6.260974e-05 4.407268e-04 -4.063142e-05 7.427204e-05
 8972.000000 -3.116636e-05 -3.647659e-07 -2.391939e-07 -3.237382e-07 6.486705e-05 4.340789e-04 -5.554388e-05 6.440695e-05
 8972.200000 -3.115491e-05 -3.657233e-07 -2.395515e-07 -3.237778e-07 6.190872e-05 4.294096e-04 -5.042377e-05 6.859257e-05
 8972.400000 -3.110613e-05 -3.651883e-07 -2.388890e-07 -3.235940e-07 6.983634e-05 4.276555e-04 -5.145700e-05 6.815534e-05
 8972.600000 -3.107555e-05 -3.671839e-07 -2.398318e-07 -3.235267e-07 8.768959e-05 4.431100e-04 -3.939152e-05 6.335257e-05
 8972.800000 -3.106713e-05 -3.672964e-07 -2.396696e-07 -3.232719e-07 8.675113e-05 4.430526e-04 -4.249202e-05 6.685561e-05
 8973.000000 -3.102318e-05 -3.666124e-07 -2.389668e-07 -3.232012e-07 8.407968e-05 4.267007e-04 -4.085803e-05 7.106999e-05
 8973.200000 -3.099718e-05 -3.675164e-07 -2.391802e-07 -3.230387e-07 7.669067e-05 4.328877e-04 -3.368820e-05 7.255298e-05
 8973.400000 -3.106063e-05 -3.656910e-07 -2.374420e-07 -3.240314e-07 8.254694e-05 4.299930e-04 -3.039397e-05 7.124393e-05
 8973.600000 -3.107781e-05 -3.670188e-07 -2.378568e-07 -3.240392e-07 8.201094e-05 4.212371e-04 -2.627965e-05 8.371616e-05
 8973.800000 -3.108844e-05 -3.658403e-07 -2.363947e-07 -3.248174e-07 8.653201e-05 4.035810e-04 -3.426035e-05 7.956610e-05
 8974.000000 -3.109768e-05 -3.646440e-07 -2.350254e-07 -3.251701e-07 9.069903e-05 4.254340e-04 -4.130569e-05 7.925512e-05
 8974.200000 -3.108429e-05 -3.666432e-07 -2.359743e-07 -3.253431e-07 8.021517e-05 4.233934e-04 -3.856381e-05 8.297579e-05
 8974.400000 -3.107975e-05 -3.661528e-07 -2.352422e-07 -3.257091e-07 7.879410e-05 4.163252e-04 -2.890141e-05 8.294662e-05
 8974.600000 -3.111570e-05 -3.641234e-07 -2.332306e-07 -3.262023e-07 7.745546e-05 4.207626e-04 -2.358751e-05 8.970652e-05
 8974.800000 -3.111563e-05 -3.659821e-07 -2.335024e-07 -3.265053e-07 8.627116e-05 4.073150e-04 -3.047408e-05 9.123296e-05
 8975.000000 -3.112621e-05 -3.661411e-07 -2.327803e-07 -3.268832e-07 9.558832e-05 4.005636e-04 -4.031982e-05 8.643850e-05
 8975.200000 -3.110820e-05 -3.656311e-07 -2.314924e-07 -3.273112e-07 9.605216e-05 4.084964e-04 -4.569711e-05 8.653369e-05
 8975.400000 -3.106095e-05 -3.663863e-07 -2.308666e-07 -3.273358e-07 9.038085e-05 4.112369e-04 -4.201896e-05 9.287472e-05
 8975.600000 -3.105913e-05 -3.658910e-07 -2.292678e-07 -3.279223e-07 8.747730e-05 4.352286e-04 -4.004299e-05 8.430746e-05
 8975.800000 -3.104980e-05 -3.659953e-07 -2.279326e-07 -3.282692e-07 8.791728e-05 4.266969e-04 -4.176840e-05 7.692507e-05
 8976.000000 -3.104980e-05 -3.656397e-07 -2.259829e-07 -3.289491e-07 7.978900e-05 3.998154e-04 -4.762367e-05 7.352514e-05
 8976.200000 -3.104351e-05 -3.651348e-07 -2.236632e-07 -3.296715e-07 7.821049e-05 3.892393e-04 -3.816122e-05 8.487158e-05
 8976.400000 -3.100777e-05 -3.658580e-07 -2.219168e-07 -3.300192e-07 8.118236e-05 3.719977e-04 -4.423432e-05 8.736075e-05
 8976.600000 -3.102252e-05 -3.657433e-07 -2.192075e-07 -3.311644e-07 8.246276e-05 3.821580e-04 -4.355086e-05 8.965364e-05
 8976.800000 -3.104847e-05 -3.646226e-07 -2.155638e-07 -3.322518e-07 8.184773e-05 3.873961e-04 -3.858681e-05 8.474305e-05
 8977.000000 -3.103009e-05 -3.664249e-07 -2.127488e-07 -3.332533e-07 7.640122e-05 3.953416e-04 -4.468441e-05 7.806448e-05
 8977.200000 -3.098569e-05 -3.655062e-07 -2.074540e-07 -3.343863e-07 7.811913e-05 3.923591e-04 -3.692520e-05 8.314115e-05
 8977.400000 -3.089049e-05 -3.659088e-07 -2.023783e-07 -3.353664e-07 7.070635e-05 4.016910e-04 -3.395659e-05 9.293250e-05
 8977.600000 -3.074719e-05 -3.660118e-07 -1.960772e-07 -3.356669e-07 6.924883e-05 4.001887e-04 -5.495674e-05 9.708200e-05
 8977.800000 -3.067296e-05 -3.655379e-07 -1.886259e-07 -3.371803e-07 7.091724e-05 3.998653e-04 -6.163423e-05 9.544007e-05
 8978.000000 -3.078184e-05 -3.640390e-07 -1.799287e-07 -3.406499e-07 6.652169e-05 3.795905e-04 -3.518814e-05 9.969707e-05
 8978.200000 -3.089577e-05 -3.625746e-07 -1.705789e-07 -3.451374e-07 7.463214e-05 3.793481e-04 -2.734711e-05 9.642242e-05
 8978.400000 -3.093156e-05 -3.633085e-07 -1.623191e-07 -3.492591e-07 7.629039e-05 3.764857e-04 -2.783204e-05 8.836487e-05
 8978.600000 -3.093170e-05 -3.609332e-07 -1.525726e-07 -3.536099e-07 7.648167e-05 3.774117e-04 -2.923660e-05 9.006102e-05
 8978.800000 -3.085497e-05 -3.608749e-07 -1.443657e-07 -3.579363e-07 7.473488e-05 3.849769e-04 -4.323080e-05 8.469271e-05
 8979.000000 -3.075765e-05 -3.608341e-07 -1.363531e-07 -3.632263e-07 7.233764e-05 3.816556e-04 -3.681298e-05 9.366869e-05
 8979.200000 -3.071054e-05 -3.625352e-07 -1.296877e-07 -3.696984e-07 7.595270e-05 3.869947e-04 -3.863562e-05 9.054601e-05
 8979.400000 -3.064642e-05 -3.601433e-07 -1.223057e-07 -3.774774e-07 7.865422e-05 3.819443e-04 -3.925605e-05 8.108372e-05
 8979.600000 -3.058396e-05 -3.597678e-07 -1.167266e-07 -3.864996e-07 8.845199e-05 3.707884e-04 -5.243725e-05 8.897592e-05
 8979.800000 -3.067591e-05 -3.575138e-07 -1.113028e-07 -3.994235e-07 8.421570e-05 3.696647e-04 -4.370386e-05 8.584075e-05
 8980.000000 -3.076417e-05 -3.532702e-07 -1.063231e-07 -4.143079e-07 8.077657e-05 3.716739e-04 -4.865258e-05 7.937892e-05
 8980.200000 -3.080046e-05 -3.525018e-07 -1.036192e-07 -4.291587e-07 8.541993e-05 3.700436e-04 -4.241841e-05 8.213425e-05
 8980.400000 -3.076639e-05 -3.514968e-07 -1.015372e-07 -4.438657e-07 8.181181e-05 3.684196e-04 -3.221072e-05 8.081791e-05
 8980.600000 -3.068040e-05 -3.498441e-07 -9.982176e-08 -4.568310e-07 8.683400e-05 3.557904e-04 -3.755593e-05 7.862962e-05
 8980.800000 -3.066688e-05 -3.473793e-07 -9.873809e-08 -4.694668e-07 8.565299e-05 3.646336e-04 -4.720141e-05 7.671290e-05
 8981.000000 -3.067753e-05 -3.476776e-07 -9.866742e-08 -4.790164e-07 8.472664e-05 3.796645e-04 -3.731532e-05 7.921672e-05
 8981.200000 -3.072492e-05 -3.459396e-07 -9.835712e-08 -4.849895e-07 7.381385e-05 3.818094e-04 -3.219221e-05 8.642144e-05
 8981.400000 -3.070164e-05 -3.449157e-07 -9.851336e-08 -4.856879e-07 7.458911e-05 3.563437e-04 -3.537120e-05 8.316416e-05
 8981.600000 -3.068875e-05 -3.456915e-07 -9.910525e-08 -4.820821e-07 7.491312e-05 3.918042e-04 -3.638375e-05 8.474718e-05
 8981.800000 -3.069783e-05 -3.462217e-07 -9.975260e-08 -4.751046e-07 7.970447e-05 3.971967e-04 -4.013625e-05 7.960062e-05
 8982.000000 -3.067927e-05 -3.476814e-07 -1.007779e-07 -4.652920e-07 9.395385e-05 4.074394e-04 -3.186059e-05 8.160675e-05
 8982.200000 -3.067218e-05 -3.463428e-07 -1.008556e-07 -4.554489e-07 8.661136e-05 4.036441e-04 -3.057809e-05 8.118173e-05
 8982.400000 -3.066731e-05 -3.478564e-07 -1.015589e-07 -4.459086e-07 7.128217e-05 3.630985e-04 -3.922273e-05 7.692976e-05
 8982.600000 -3.063748e-05 -3.480186e-07 -1.016537e-07 -4.373038e-07 6.661666e-05 3.779980e-04 -4.335478e-05 6.559389e-05
 8982.800000 -3.061865e-05 -3.512260e-07 -1.023832e-07 -4.300698e-07 7.081092e-05 4.204100e-04 -4.562660e-05 6.486595e-05
 8983.000000 -3.062867e-05 -3.502468e-07 -1.016826e-07 -4.253058e-07 7.515573e-05 4.103702e-04 -4.691225e-05 6.630447e-05
 8983.200000 -3.063409e-05 -3.507343e-07 -1.011356e-07 -4.219324e-07 8.745976e-05 4.270722e-04 -4.111853e-05 6.589389e-05
 8983.400000 -3.063560e-05 -3.509449e-07 -1.005343e-07 -4.196960e-07 8.843026e-05 4.059425e-04 -3.524699e-05 8.097936e-05
 8983.600000 -3.060547e-05 -3.499336e-07 -9.954471e-08 -4.187905e-07 8.411432e-05 3.836620e-04 -5.221771e-05 8.097535e-05
 8983.800000 -3.061398e-05 -3.519109e-07 -9.882344e-08 -4.198432e-07 8.473775e-05 3.843402e-04 -4.301687e-05 8.018255e-05
 8984.000000 -3.062936e-05 -3.498416e-07 -9.710944e-08 -4.215569e-07 7.313456e-05 3.938838e-04 -4.667769e-05 7.110343e-05
 8984.200000 -3.064045e-05 -3.497277e-07 -9.556342e-08 -4.238364e-07 6.755952e-05 4.172438e-04 -3.890528e-05 7.319793e-05
 8984.400000 -3.062606e-05 -3.494299e-07 -9.382910e-08 -4.264628e-07 7.137044e-05 4.464393e-04 -4.255683e-05 6.549593e-05
 8984.600000 -3.056617e-05 -3.491516e-07 -9.235014e-08 -4.286229e-07 7.166061e-05 4.741453e-04 -3.515114e-05 7.043531e-05
 8984.800000 -3.054251e-05 -3.514380e-07 -9.192689e-08 -4.312439e-07 7.024963e-05 4.478275e-04 -3.031146e-05 7.390902e-05
 8985.000000 -3.055833e-05 -3.482322e-07 -8.980172e-08 -4.342505e-07 6.631305e-05 4.244968e-04 -3.784360e-05 7.964687e-05
 8985.200000 -3.055559e-05 -3.502782e-07 -8.917088e-08 -4.366313e-07 6.995394e-05 4.228688e-04 -3.777633e-05 7.403143e-05
 8985.400000 -3.052428e-05 -3.485462e-07 -8.749733e-08 -4.382343e-07 7.190115e-05 4.274435e-04 -4.190655e-05 7.663206e-05
 8985.600000 -3.051344e-05 -3.489588e-07 -8.641893e-08 -4.400472e-07 8.326240e-05 4.349761e-04 -3.866047e-05 7.717004e-05
 8985.800000 -3.054493e-05 -3.487092e-07 -8.515391e-08 -4.425373e-07 8.478419e-05 4.260417e-04 -2.699665e-05 7.906724e-05
 8986.000000 -3.054499e-05 -3.473565e-07 -8.319333e-08 -4.443523e-07 8.338714e-05 4.312636e-04 -2.607992e-05 8.120928e-05
 8986.200000 -3.054297e-05 -3.481800e-07 -8.213560e-08 -4.463402e-07 8.029746e-05 4.103252e-04 -2.903311e-05 6.767943e-05
 8986.400000 -3.054859e-05 -3.465365e-07 -8.044499e-08 -4.487011e-07 6.909198e-05 4.117744e-04 -3.454996e-05 7.795880e-05
 8986.600000 -3.055011e-05 -3.469859e-07 -7.903691e-08 -4.513526e-07 7.330717e-05 4.243223e-04 -3.703933e-05 7.809627e-05
 8986.800000 -3.052322e-05 -3.465461e-07 -7.757703e-08 -4.535167e-07 6.972021e-05 4.209167e-04 -4.216518e-05 7.367490e-05
 8987.000000 -3.051372e-05 -3.454596e-07 -7.564558e-08 -4.565907e-07 7.313929e-05 4.359097e-04 -5.037465e-05 8.095501e-05
 8987.200000 -3.049596e-05 -3.439236e-07 -7.357242e-08 -4.598608e-07 7.550063e-05 4.297270e-04 -5.823317e-05 7.412013e-05
 8987.400000 -3.045275e-05 -3.437280e-07 -7.207009e-08 -4.632638e-07 7.290219e-05 4.074017e-04 -4.555830e-05 7.031627e-05
 8987.600000 -3.042406e-05 -3.452186e-07 -7.083472e-08 -4.671059e-07 8.086879e-05 4.016117e-04 -5.193636e-05 6.592945e-05
 8987.800000 -3.041751e-05 -3.467430e-07 -6.955579e-08 -4.716127e-07 7.866353e-05 3.916842e-04 -4.898836e-05 7.208769e-05
 8988.000000 -3.047933e-05 -3.427920e-07 -6.697077e-08 -4.776411e-07 7.480787e-05 3.898915e-04 -4.786131e-05 7.375204e-05
 8988.200000 -3.048995e-05 -3.419797e-07 -6.502958e-08 -4.832316e-07 7.759741e-05 4.042385e-04 -3.901616e-05 7.423417e-05
 8988.400000 -3.046879e-05 -3.411778e-07 -6.294371e-08 -4.879730e-07 8.636053e-05 3.767623e-04 -3.315289e-05 7.635628e-05
 8988.600000 -3.040903e-05 -3.427821e-07 -6.144790e-08 -4.924221e-07 8.425799e-05 3.898313e-04 -2.457477e-05 8.075172e-05
 8988.800000 -3.030849e-05 -3.427617e-07 -5.977987e-08 -4.955993e-07 9.068154e-05 3.938627e-04 -2.507710e-05 7.978737e-05
 8989.000000 -3.025057e-05 -3.422757e-07 -5.787947e-08 -4.998303e-07 9.447894e-05 3.983760e-04 -3.751551e-05 7.417989e-05
 8989.200000 -3.020437e-05 -3.432350e-07 -5.626660e-08 -5.038225e-07 1.023932e-04 3.881516e-04 -4.608497e-05 7.325545e-05
 8989.400000 -3.021130e-05 -3.423063e-07 -5.430094e-08 -5.089230e-07 9.404236e-05 4.147438e-04 -4.442945e-05 7.517806e-05
 8989.600000 -3.024215e-05 -3.405380e-07 -5.228335e-08 -5.142149e-07 8.406593e-05 4.430868e-04 -3.789417e-05 6.743101e-05
 8989.800000 -3.033259e-05 -3.386685e-07 -5.024147e-08 -5.211109e-07 8.367025e-05 4.373085e-04 -4.871100e-05 7.475691e-05
 8990.000000 -3.032671e-05 -3.373543e-07 -4.853156e-08 -5.259745e-07 8.348768e-05 4.184582e-04 -4.755059e-05 6.797062e-05
 8990.200000 -3.028516e-05 -3.354256e-07 -4.700549e-08 -5.295920e-07 7.569285e-05 4.266006e-04 -4.882386e-05 6.124103e-05
 8990.400000 -3.022418e-05 -3.385190e-07 -4.610064e-08 -5.323654e-07 7.639912e-05 4.258631e-04 -3.903590e-05 6.447166e-05
 8990.600000 -3.020896e-05 -3.364540e-07 -4.441860e-08 -5.360147e-07 7.437679e-05 4.199200e-04 -4.693275e-05 5.434531e-05
 8990.800000 -3.022322e-05 -3.383690e-07 -4.329921e-08 -5.395034e-07 7.385319e-05 4.135183e-04 -4.147416e-05 6.505563e-05
 8991.000000 -3.023956e-05 -3.356428e-07 -4.185087e-08 -5.428154e-07 6.746134e-05 4.064363e-04 -5.217713e-05 6.098131e-05
 8991.200000 -3.025541e-05 -3.355390e-07 -4.064090e-08 -5.454456e-07 6.461881e-05 4.106343e-04 -4.772640e-05 5.610103e-05
 8991.400000 -3.023612e-05 -3.354339e-07 -3.949011e-08 -5.464458e-07 6.648700e-05 4.057726e-04 -4.859167e-05 5.711757e-05
 8991.600000 -3.024244e-05 -3.348393e-07 -3.880150e-08 -5.475650e-07 7.191507e-05 3.938660e-04 -3.965952e-05 6.643548e-05
 8991.800000 -3.028009e-05 -3.331237e-07 -3.784668e-08 -5.485100e-07 7.731447e-05 3.995546e-04 -3.650666e-05 6.689018e-05
 8992.000000 -3.027161e-05 -3.317819e-07 -3.701343e-08 -5.485016e-07 7.904811e-05 4.054494e-04 -3.431595e-05 6.783964e-05
 8992.200000 -3.025697e-05 -3.343015e-07 -3.668930e-08 -5.474433e-07 8.343156e-05 4.219687e-04 -4.026370e-05 6.526238e-05
 8992.400000 -3.022537e-05 -3.340766e-07 -3.607783e-08 -5.462504e-07 7.741981e-05 4.129943e-04 -4.976610e-05 6.657845e-05
 8992.600000 -3.025354e-05 -3.333640e-07 -3.534319e-08 -5.460622e-07 7.375889e-05 4.085064e-04 -4.892178e-05 6.339920e-05
 8992.800000 -3.023269e-05 -3.340506e-07 -3.514885e-08 -5.448336e-07 8.071270e-05 4.027405e-04 -4.548439e-05 5.855656e-05
 8993.000000 -3.023911e-05 -3.334014e-07 -3.520299e-08 -5.440778e-07 8.416383e-05 4.209114e-04 -4.702412e-05 6.095907e-05
 8993.200000 -3.024327e-05 -3.337883e-07 -3.532553e-08 -5.435631e-07 7.841133e-05 4.497815e-04 -5.007129e-05 6.103632e-05
 8993.400000 -3.023820e-05 -3.333507e-07 -3.516647e-08 -5.428928e-07 7.898755e-05 4.313359e-04 -3.896505e-05 7.099605e-05
 8993.600000 -3.019525e-05 -3.362594e-07 -3.553397e-08 -5.415855e-07 8.501034e-05 4.088335e-04 -4.989569e-05 6.837418e-05
 8993.800000 -3.013871e-05 -3.365496e-07 -3.569204e-08 -5.405007e-07 7.274974e-05 4.149401e-04 -5.224612e-05 6.024631e-05
 8994.000000 -3.012212e-05 -3.342751e-07 -3.563664e-08 -5.409282e-07 7.204281e-05 4.242989e-04 -4.423018e-05 6.483008e-05
 8994.200000 -3.009908e-05 -3.359258e-07 -3.636754e-08 -5.421179e-07 7.425348e-05 4.421132e-04 -5.608873e-05 5.792295e-05
 8994.400000 -3.008096e-05 -3.371379e-07 -3.685362e-08 -5.434471e-07 7.083553e-05 4.278028e-04 -4.332079e-05 5.741141e-05
 8994.600000 -3.008570e-05 -3.366375e-07 -3.711502e-08 -5.458940e-07 6.994820e-05 4.219168e-04 -4.435166e-05 6.145371e-05
 8994.800000 -3.014062e-05 -3.328710e-07 -3.677757e-08 -5.494679e-07 8.041793e-05 4.288333e-04 -4.139098e-05 7.421478e-05
 8995.000000 -3.017737e-05 -3.328390e-07 -3.722605e-08 -5.534308e-07 8.481697e-05 4.260439e-04 -4.728289e-05 6.201598e-05
 8995.200000 -3.018413e-05 -3.322554e-07 -3.776174e-08 -5.571456e-07 8.565266e-05 4.363818e-04 -3.432024e-05 6.554958e-05
 8995.400000 -3.019009e-05 -3.308000e-07 -3.791739e-08 -5.609907e-07 8.451182e-05 4.299118e-04 -4.338883e-05 6.440215e-05
 8995.600000 -3.017045e-05 -3.298795e-07 -3.849161e-08 -5.641534e-07 9.282849e-05 4.280346e-04 -6.027229e-05 6.923234e-05
 8995.800000 -3.012155e-05 -3.316124e-07 -3.900126e-08 -5.667357e-07 8.472319e-05 4.459248e-04 -6.694364e-05 7.497579e-05
 8996.000000 -3.013793e-05 -3.304835e-07 -3.921657e-08 -5.697003e-07 8.032521e-05 4.623991e-04 -6.685077e-05 8.234905e-05
 8996.200000 -3.014693e-05 -3.296886e-07 -3.936345e-08 -5.728647e-07 8.611532e-05 4.542933e-04 -5.896028e-05 8.456888e-05
 8996.400000 -3.008059e-05 -3.314851e-07 -3.996745e-08 -5.743223e-07 8.368213e-05 4.602171e-04 -5.587406e-05 7.251047e-05
 8996.600000 -3.006188e-05 -3.312343e-07 -4.020989e-08 -5.757584e-07 8.131036e-05 4.612548e-04 -5.138848e-05 7.106895e-05
 8996.800000 -3.009074e-05 -3.303477e-07 -4.050493e-08 -5.778708e-07 8.107073e-05 4.544484e-04 -4.675917e-05 6.631927e-05
 8997.000000 -3.006874e-05 -3.309376e-07 -4.101625e-08 -5.781165e-07 7.139370e-05 4.462313e-04 -4.914961e-05 6.538828e-05
 8997.200000 -3.008354e-05 -3.290054e-07 -4.095508e-08 -5.791908e-07 7.084719e-05 4.671388e-04 -5.866930e-05 6.164179e-05
 8997.400000 -3.012038e-05 -3.291608e-07 -4.109052e-08 -5.798224e-07 7.265744e-05 4.792964e-04 -6.677306e-05 6.182546e-05
 8997.600000 -3.009191e-05 -3.311045e-07 -4.138070e-08 -5.784437e-07 6.785346e-05 4.320763e-04 -5.684276e-05 6.434016e-05
 8997.800000 -3.009182e-05 -3.294630e-07 -4.120557e-08 -5.764542e-07 6.975711e-05 4.570051e-04 -5.936320e-05 7.089940e-05
 8998.000000 -3.011626e-05 -3.302972e-07 -4.105274e-08 -5.751960e-07 7.087707e-05 4.613492e-04 -6.512625e-05 6.895133e-05
 8998.200000 -3.011661e-05 -3.307157e-07 -4.125970e-08 -5.724091e-07 6.878976e-05 4.575813e-04 -6.752636e-05 5.891510e-05
 8998.400000 -3.011033e-05 -3.289901e-07 -4.096380e-08 -5.692421e-07 6.844552e-05 4.518515e-04 -5.779345e-05 6.022630e-05
 8998.600000 -3.008540e-05 -3.305436e-07 -4.105836e-08 -5.654530e-07 7.505043e-05 4.557393e-04 -4.606199e-05 5.895729e-05
 8998.800000 -3.000457e-05 -3.318053e-07 -4.117119e-08 -5.604140e-07 7.066907e-05 4.654549e-04 -4.895863e-05 6.575746e-05
 8999.000000 -3.001420e-05 -3.322578e-07 -4.091853e-08 -5.574792e-07 6.609969e-05 4.784191e-04 -4.716744e-05 6.439975e-05
 8999.200000 -3.003049e-05 -3.326435e-07 -4.054657e-08 -5.543717e-07 7.035798e-05 4.768849e-04 -5.255117e-05 7.013642e-05
 8999.400000 -3.003926e-05 -3.326006e-07 -3.998898e-08 -5.517773e-07 7.418091e-05 4.816610e-04 -6.381447e-05 6.824184e-05
 8999.600000 -2.998974e-05 -3.351986e-07 -3.999656e-08 -5.477518e-07 7.596409e-05 4.853746e-04 -5.828911e-05 7.093734e-05
 8999.800000 -3.001692e-05 -3.307666e-07 -3.904495e-08 -5.458642e-07 7.795930e-05 4.799763e-04 -6.036008e-05 7.620124e-05
 9000.000000 -2.999997e-05 -3.337103e-07 -3.868945e-08 -5.431708e-07 8.104751e-05 4.997766e-04 -5.822114e-05 8.604473e-05
 9000.200000 -3.001858e-05 -3.321847e-07 -3.773900e-08 -5.416452e-07 7.116071e-05 4.894691e-04 -6.808267e-05 7.642749e-05
 9000.400000 -2.997490e-05 -3.324453e-07 -3.715579e-08 -5.395109e-07 7.595811e-05 4.779930e-04 -6.124313e-05 6.527170e-05
 9000.600000 -2.998741e-05 -3.325908e-07 -3.654305e-08 -5.383691e-07 7.709435e-05 5.053007e-04 -6.130437e-05 6.641694e-05
 9000.800000 -2.997552e-05 -3.327134e-07 -3.598936e-08 -5.369660e-07 6.862568e-05 5.002724e-04 -6.651047e-05 7.193597e-05
 9001.000000 -2.993642e-05 -3.330475e-07 -3.574925e-08 -5.357298e-07 7.930803e-05 4.738317e-04 -6.906055e-05 6.735589e-05
 9001.200000 -2.987594e-05 -3.311829e-07 -3.542839e-08 -5.340765e-07 7.310913e-05 4.501267e-04 -7.072757e-05 6.100923e-05
 9001.400000 -2.976278e-05 -3.300841e-07 -3.493601e-08 -5.317283e-07 7.633942e-05 4.365489e-04 -6.230316e-05 5.854903e-05
 9001.600000 -2.956292e-05 -3.285888e-07 -3.434030e-08 -5.283406e-07 7.584241e-05 4.694708e-04 -5.054670e-05 6.213104e-05
 9001.800000 -2.935628e-05 -3.272940e-07 -3.397407e-08 -5.247372e-07 7.725168e-05 4.889257e-04 -5.223226e-05 7.371501e-05
 9002.000000 -2.932093e-05 -3.252388e-07 -3.340786e-08 -5.240764e-07 6.165036e-05 4.722134e-04 -6.657448e-05 7.060660e-05
 9002.200000 -2.937318e-05 -3.259941e-07 -3.341665e-08 -5.252457e-07 6.523200e-05 4.661761e-04 -6.446221e-05 6.575760e-05
 9002.400000 -2.946460e-05 -3.286826e-07 -3.379632e-08 -5.268942e-07 7.312929e-05 4.726125e-04 -6.663474e-05 6.795611e-05
 9002.600000 -2.961442e-05 -3.303893e-07 -3.408424e-08 -5.293729e-07 7.409159e-05 4.582002e-04 -7.124525e-05 6.514444e-05
 9002.800000 -2.976667e-05 -3.310113e-07 -3.432457e-08 -5.318527e-07 6.901129e-05 4.573678e-04 -6.521897e-05 7.211109e-05
 9003.000000 -2.989907e-05 -3.334438e-07 -3.471269e-08 -5.338090e-07 7.866872e-05 4.769470e-04 -6.016027e-05 7.270480e-05
 9003.200000 -2.996239e-05 -3.337397e-07 -3.495653e-08 -5.345444e-07 7.892829e-05 4.838197e-04 -5.861111e-05 5.819353e-05
 9003.400000 -2.996433e-05 -3.353358e-07 -3.512869e-08 -5.342749e-07 8.543137e-05 4.700115e-04 -4.669072e-05 5.988091e-05
 9003.600000 -2.993172e-05 -3.354460e-07 -3.566368e-08 -5.333804e-07 8.573163e-05 4.960971e-04 -5.429006e-05 6.045243e-05
 9003.800000 -2.990284e-05 -3.360939e-07 -3.602345e-08 -5.325357e-07 7.883499e-05 4.883496e-04 -4.851573e-05 7.314620e-05
 9004.000000 -2.992103e-05 -3.354014e-07 -3.619337e-08 -5.323180e-07 6.911657e-05 4.704886e-04 -5.901368e-05 6.426882e-05
 9004.200000 -2.987632e-05 -3.359571e-07 -3.669540e-08 -5.309140e-07 6.225454e-05 4.712720e-04 -6.375779e-05 6.370204e-05
 9004.400000 -2.993040e-05 -3.359765e-07 -3.714373e-08 -5.317088e-07 7.347677e-05 4.983236e-04 -6.632816e-05 6.880235e-05
 9004.600000 -2.993964e-05 -3.337277e-07 -3.733320e-08 -5.318079e-07 7.164826e-05 4.903160e-04 -7.019969e-05 6.115124e-05
 9004.800000 -2.999125e-05 -3.328357e-07 -3.741718e-08 -5.324082e-07 7.986425e-05 4.671341e-04 -6.003932e-05 6.156841e-05
 9005.000000 -2.997558e-05 -3.319932e-07 -3.786548e-08 -5.319215e-07 7.035581e-05 4.603339e-04 -5.310365e-05 7.521710e-05
 9005.200000 -2.996285e-05 -3.332886e-07 -3.821118e-08 -5.313169e-07 6.186439e-05 4.748077e-04 -5.135278e-05 7.063330e-05
 9005.400000 -2.989865e-05 -3.334051e-07 -3.853027e-08 -5.300014e-07 6.587396e-05 4.603074e-04 -4.681698e-05 6.560367e-05
 9005.600000 -2.987917e-05 -3.320800e-07 -3.880142e-08 -5.291051e-07 5.915646e-05 4.786138e-04 -5.076191e-05 6.617633e-05
 9005.800000 -2.993733e-05 -3.327381e-07 -3.934609e-08 -5.300433e-07 5.525459e-05 5.039283e-04 -5.067026e-05 5.929860e-05
 9006.000000 -2.993904e-05 -3.329082e-07 -3.973264e-08 -5.294211e-07 6.151596e-05 4.706639e-04 -5.065900e-05 6.542194e-05
 9006.200000 -2.993909e-05 -3.328031e-07 -4.013026e-08 -5.292970e-07 6.474864e-05 4.446355e-04 -4.824854e-05 6.774023e-05
 9006.400000 -2.993839e-05 -3.324992e-07 -4.042457e-08 -5.290398e-07 6.496385e-05 4.328192e-04 -5.438650e-05 5.904888e-05
 9006.600000 -2.992090e-05 -3.325780e-07 -4.096319e-08 -5.284186e-07 7.003062e-05 4.592030e-04 -4.670081e-05 6.415808e-05
 9006.800000 -2.991580e-05 -3.330290e-07 -4.137309e-08 -5.279709e-07 7.967492e-05 4.467819e-04 -4.254914e-05 6.026630e-05
 9007.000000 -2.990507e-05 -3.330227e-07 -4.159584e-08 -5.275745e-07 8.007647e-05 4.451608e-04 -3.704423e-05 6.023692e-05
 9007.200000 -2.989929e-05 -3.332996e-07 -4.180712e-08 -5.269324e-07 7.790473e-05 4.435926e-04 -3.737248e-05 6.257788e-05
 9007.400000 -2.985188e-05 -3.345237e-07 -4.211844e-08 -5.255739e-07 8.165025e-05 4.413009e-04 -3.335133e-05 6.662463e-05
 9007.600000 -2.985356e-05 -3.342030e-07 -4.235874e-08 -5.253848e-07 7.709264e-05 4.624868e-04 -4.315549e-05 6.610699e-05
 9007.800000 -2.987012e-05 -3.329424e-07 -4.249416e-08 -5.251595e-07 8.774039e-05 4.525876e-04 -4.744939e-05 6.714488e-05
 9008.000000 -2.982755e-05 -3.344361e-07 -4.297453e-08 -5.240835e-07 9.282662e-05 4.518753e-04 -6.066239e-05 6.647235e-05
 9008.200000 -2.980372e-05 -3.347583e-07 -4.334837e-08 -5.229053e-07 8.651797e-05 4.609327e-04 -6.218843e-05 7.103473e-05
 9008.400000 -2.975091e-05 -3.358750e-07 -4.383847e-08 -5.216499e-07 7.329949e-05 4.564787e-04 -5.466240e-05 7.211699e-05
 9008.600000 -2.970611e-05 -3.374313e-07 -4.424372e-08 -5.207941e-07 7.582786e-05 4.695619e-04 -4.701511e-05 6.914176e-05
 9008.800000 -2.976138e-05 -3.383571e-07 -4.449855e-08 -5.215262e-07 7.009452e-05 4.671258e-04 -4.359948e-05 6.712790e-05
 9009.000000 -2.979220e-05 -3.347999e-07 -4.439640e-08 -5.219614e-07 7.585180e-05 4.580079e-04 -4.320056e-05 6.434629e-05
 9009.227860 -2.986246e-05 -3.323692e-07 -4.412940e-08 -5.228441e-07 8.418869e-05 4.605148e-04 -3.330962e-05 7.590320e-05
 9009.483581 -2.987242e-05 -3.320208e-07 -4.419473e-08 -5.229095e-07 7.835304e-05 4.565532e-04 -2.792259e-05 6.727032e-05
 9009.767162 -2.982430e-05 -3.338909e-07 -4.456741e-08 -5.221913e-07 7.590462e-05 4.968292e-04 -2.951759e-05 6.234412e-05
 9010.078604 -2.981849e-05 -3.328369e-07 -4.458235e-08 -5.220945e-07 8.132888e-05 5.107285e-04 -2.567939e-05 6.353873e-05
 9010.417905 -2.978645e-05 -3.332265e-07 -4.508284e-08 -5.216299e-07 8.382725e-05 5.015444e-04 -2.964672e-05 7.023046e-05
 9010.785067 -2.974148e-05 -3.309726e-07 -4.506649e-08 -5.217419e-07 8.749603e-05 4.904501e-04 -3.657923e-05 6.747312e-05
 9011.180090 -2.966326e-05 -3.292467e-07 -4.472935e-08 -5.215607e-07 8.584049e-05 5.069254e-04 -4.403831e-05 5.960038e-05
 9011.602973 -2.957312e-05 -3.298223e-07 -4.485480e-08 -5.215308e-07 8.566009e-05 5.166905e-04 -4.353350e-05 6.529433e-05
 9012.053716 -2.952402e-05 -3.303551e-07 -4.501451e-08 -5.227364e-07 8.537279e-05 5.117681e-04 -3.841194e-05 6.983307e-05
 9012.532319 -2.956189e-05 -3.309757e-07 -4.472016e-08 -5.264409e-07 8.774189e-05 5.254512e-04 -3.808493e-05 6.552378e-05
 9013.038783 -2.962928e-05 -3.304736e-07 -4.408024e-08 -5.322759e-07 8.905289e-05 5.522262e-04 -3.436675e-05 7.860169e-05
 9013.573107 -2.968246e-05 -3.297547e-07 -4.374464e-08 -5.389863e-07 8.978875e-05 5.422164e-04 -2.202597e-05 8.787369e-05
 9014.135292 -2.976616e-05 -3.295129e-07 -4.339672e-08 -5.461639e-07 8.388296e-05 5.287290e-04 -2.391692e-05 8.105689e-05
 9014.725337 -2.985598e-05 -3.310829e-07 -4.325221e-08 -5.528630e-07 8.264999e-05 5.008371e-04 -2.385191e-05 6.935868e-05
 9015.343242 -2.989430e-05 -3.306604e-07 -4.258047e-08 -5.569849e-07 6.955884e-05 4.964651e-04 -3.546873e-05 7.921410e-05
 9015.989008 -2.984439e-05 -3.312782e-07 -4.209918e-08 -5.573292e-07 7.305074e-05 5.045868e-04 -4.398826e-05 7.523862e-05
 9016.662634 -2.975175e-05 -3.329273e-07 -4.151766e-08 -5.545202e-07 7.041265e-05 4.753365e-04 -4.465884e-05 7.199866e-05
 9017.364120 -2.979993e-05 -3.322874e-07 -4.050230e-08 -5.531985e-07 7.569045e-05 4.588873e-04 -4.008898e-05 7.120527e-05
 9018.093467 -2.981513e-05 -3.322052e-07 -3.975567e-08 -5.498532e-07 8.300916e-05 4.714498e-04 -3.515905e-05 6.835538e-05
 9018.850674 -2.979354e-05 -3.330969e-07 -3.883803e-08 -5.445663e-07 7.556388e-05 4.796403e-04 -4.062808e-05 8.377189e-05
 9019.635741 -2.979129e-05 -3.329232e-07 -3.808430e-08 -5.397180e-07 7.775822e-05 4.973132e-04 -3.832650e-05 7.190918e-05
 9020.448669 -2.978321e-05 -3.334280e-07 -3.729424e-08 -5.343844e-07 8.129080e-05 4.946465e-04 -2.575428e-05 7.084831e-05
 9021.289457 -2.978279e-05 -3.335270e-07 -3.645907e-08 -5.298430e-07 6.653198e-05 4.564817e-04 -2.687156e-05 7.559549e-05
 9022.158106 -2.975132e-05 -3.334531e-07 -3.556418e-08 -5.252467e-07 6.150450e-05 4.532013e-04 -2.999865e-05 7.886759e-05
 9023.054614 -2.974256e-05 -3.334378e-07 -3.502627e-08 -5.218832e-07 6.815622e-05 4.694846e-04 -2.910719e-05 7.806017e-05
 9023.978983 -2.973184e-05 -3.327590e-07 -3.448153e-08 -5.198049e-07 7.152853e-05 4.700202e-04 -2.510309e-05 7.233800e-05
 9024.931213 -2.970540e-05 -3.338971e-07 -3.430622e-08 -5.185208e-07 7.837765e-05 4.689311e-04 -2.808891e-05 7.240615e-05
 9025.911303 -2.969705e-05 -3.334783e-07 -3.472765e-08 -5.185837e-07 8.052301e-05 4.626427e-04 -2.580056e-05 6.847170e-05
 9026.919253 -2.967260e-05 -3.333099e-07 -3.516938e-08 -5.189604e-07 7.621204e-05 4.517249e-04 -3.257463e-05 5.806325e-05
 9027.955064 -2.962049e-05 -3.337227e-07 -3.611140e-08 -5.190429e-07 8.462826e-05 4.595205e-04 -3.359483e-05 6.619432e-05
 9029.018734 -2.951914e-05 -3.345034e-07 -3.731306e-08 -5.182092e-07 7.715782e-05 4.585609e-04 -3.780006e-05 6.831609e-05
 9030.110266 -2.953489e-05 -3.321771e-07 -3.842274e-08 -5.198870e-07 7.511567e-05 4.322465e-04 -3.610502e-05 6.588237e-05
 9031.232723 -2.951218e-05 -3.319461e-07 -3.979458e-08 -5.208666e-07 6.783803e-05 4.285704e-04 -3.538402e-05 7.381289e-05
 9032.367373 -2.949479e-05 -3.312571e-07 -4.057987e-08 -5.221408e-07 6.555078e-05 4.393166e-04 -3.519395e-05 7.164838e-05
 9033.514214 -2.951068e-05 -3.309398e-07 -4.132869e-08 -5.241577e-07 6.403011e-05 4.484857e-04 -3.753951e-05 6.750679e-05
 9034.673248 -2.953608e-05 -3.295985e-07 -4.155539e-08 -5.270205e-07 5.944533e-05 4.733457e-04 -3.589849e-05 6.600123e-05
 9035.844473 -2.951918e-05 -3.281132e-07 -4.146181e-08 -5.297071e-07 7.164474e-05 4.657382e-04 -3.952735e-05 7.167789e-05
 9037.027890 -2.947466e-05 -3.279116e-07 -4.142766e-08 -5.323167e-07 7.151264e-05 4.519453e-04 -4.546256e-05 7.187656e-05
 9038.223499 -2.946758e-05 -3.270611e-07 -4.081380e-08 -5.352678e-07 7.727717e-05 4.197024e-04 -3.677974e-05 7.787667e-05
 9039.431300 -2.943781e-05 -3.261721e-07 -4.018991e-08 -5.372633e-07 7.058117e-05 3.948788e-04 -4.254770e-05 7.507017e-05
 9040.651293 -2.941467e-05 -3.257132e-07 -4.017247e-08 -5.383954e-07 6.590999e-05 4.067082e-04 -4.154876e-05 7.663941e-05
 9041.883478 -2.939395e-05 -3.247676e-07 -3.986420e-08 -5.392517e-07 5.687862e-05 4.043186e-04 -4.006510e-05 7.987393e-05
 9043.127855 -2.935837e-05 -3.248524e-07 -3.975969e-08 -5.393900e-07 7.024602e-05 4.133743e-04 -4.993423e-05 7.230813e-05
 9044.384423 -2.928762e-05 -3.253384e-07 -4.025335e-08 -5.391426e-07 7.720933e-05 4.153910e-04 -4.238830e-05 8.094400e-05
 9045.653184 -2.926326e-05 -3.253741e-07 -4.041120e-08 -5.398845e-07 7.082662e-05 4.046265e-04 -3.965328e-05 7.494570e-05
 9046.934136 -2.924597e-05 -3.245994e-07 -3.993162e-08 -5.408008e-07 7.042109e-05 4.073803e-04 -4.653742e-05 7.366923e-05
 9048.227280 -2.925360e-05 -3.236450e-07 -3.927769e-08 -5.425138e-07 8.066048e-05 3.909922e-04 -5.157228e-05 7.398157e-05
 9049.532617 -2.925204e-05 -3.224687e-07 -3.862427e-08 -5.444157e-07 7.997974e-05 3.986087e-04 -4.563774e-05 7.959976e-05
 9050.850145 -2.921477e-05 -3.216186e-07 -3.823253e-08 -5.454666e-07 6.821484e-05 4.182356e-04 -4.285194e-05 7.692959e-05
 9052.179865 -2.919666e-05 -3.209403e-07 -3.797821e-08 -5.462313e-07 6.371225e-05 4.203717e-04 -4.375746e-05 7.568450e-05
 9053.521777 -2.918130e-05 -3.218023e-07 -3.826486e-08 -5.465721e-07 6.023631e-05 4.212936e-04 -4.359974e-05 6.490794e-05
 9054.875881 -2.914232e-05 -3.218646e-07 -3.816822e-08 -5.461331e-07 7.059635e-05 4.123823e-04 -4.431680e-05 6.498895e-05
 9056.242177 -2.914839e-05 -3.203387e-07 -3.765918e-08 -5.461688e-07 7.187431e-05 4.107805e-04 -4.217591e-05 7.047430e-05
 9057.620664 -2.911766e-05 -3.214593e-07 -3.717441e-08 -5.454317e-07 6.877826e-05 4.279410e-04 -3.995294e-05 7.421247e-05
 9059.011344 -2.897958e-05 -3.198912e-07 -3.648662e-08 -5.425604e-07 6.537415e-05 4.182437e-04 -3.875550e-05 7.455022e-05
 9060.414215 -2.886743e-05 -3.194128e-07 -3.598404e-08 -5.402831e-07 6.463941e-05 4.121559e-04 -3.589180e-05 7.112547e-05
 9061.829279 -2.891889e-05 -3.226095e-07 -3.595808e-08 -5.409814e-07 6.591807e-05 4.280264e-04 -4.037896e-05 6.786625e-05
 9063.256534 -2.894369e-05 -3.235658e-07 -3.558984e-08 -5.413812e-07 6.278874e-05 4.230319e-04 -5.184513e-05 7.634822e-05
 9064.695981 -2.899778e-05 -3.216298e-07 -3.523117e-08 -5.425061e-07 6.615629e-05 4.022065e-04 -5.613122e-05 7.212476e-05
 9066.147620 -2.898736e-05 -3.220271e-07 -3.495333e-08 -5.424574e-07 7.000113e-05 3.934246e-04 -4.740179e-05 6.836742e-05
 9067.611452 -2.897504e-05 -3.217087e-07 -3.443442e-08 -5.424955e-07 6.538047e-05 3.927689e-04 -4.553886e-05 6.555869e-05
 9069.087475 -2.895317e-05 -3.207925e-07 -3.373737e-08 -5.427316e-07 7.098886e-05 4.072865e-04 -5.710762e-05 6.964866e-05
 9070.575689 -2.889024e-05 -3.217060e-07 -3.355279e-08 -5.423865e-07 6.497175e-05 3.936386e-04 -5.669349e-05 6.876218e-05
 9072.076096 -2.881958e-05 -3.222840e-07 -3.360504e-08 -5.420987e-07 6.058778e-05 3.961465e-04 -5.519524e-05 7.891913e-05
 9073.588695 -2.888918e-05 -3.200126e-07 -3.357718e-08 -5.448693e-07 6.045517e-05 4.124489e-04 -6.353886e-05 8.276755e-05
 9075.113485 -2.886895e-05 -3.190328e-07 -3.405574e-08 -5.454761e-07 6.174743e-05 4.144628e-04 -5.791387e-05 8.730654e-05
 9076.650468 -2.886646e-05 -3.185369e-07 -3.461854e-08 -5.458835e-07 6.005068e-05 4.206008e-04 -4.886454e-05 7.864341e-05
 9078.199642 -2.884985e-05 -3.179745e-07 -3.572040e-08 -5.461158e-07 5.712087e-05 4.201341e-04 -5.375197e-05 7.747007e-05
 9079.761009 -2.884813e-05 -3.168820e-07 -3.647267e-08 -5.458022e-07 5.848166e-05 4.207600e-04 -5.253770e-05 7.961027e-05
 9081.334567 -2.879751e-05 -3.187782e-07 -3.745052e-08 -5.448887e-07 4.480164e-05 4.121921e-04 -5.509146e-05 7.347862e-05
 9082.920317 -2.870439e-05 -3.175199e-07 -3.786753e-08 -5.435098e-07 4.678368e-05 4.157076e-04 -5.536687e-05 7.652728e-05
 9084.518259 -2.868954e-05 -3.172378e-07 -3.835918e-08 -5.434839e-07 3.774814e-05 4.059184e-04 -4.269475e-05 8.466277e-05
 9086.128393 -2.870212e-05 -3.156811e-07 -3.861357e-08 -5.448606e-07 4.505570e-05 4.081582e-04 -3.954631e-05 7.894072e-05
 9087.750719 -2.872544e-05 -3.147205e-07 -3.865919e-08 -5.463222e-07 5.080382e-05 4.419389e-04 -4.772808e-05 6.887827e-05
 9089.385237 -2.874137e-05 -3.154136e-07 -3.916183e-08 -5.470321e-07 6.291804e-05 4.338129e-04 -5.363072e-05 7.068648e-05
 9091.031946 -2.871554e-05 -3.153915e-07 -3.969222e-08 -5.471427e-07 5.366661e-05 4.082518e-04 -5.858913e-05 7.489108e-05
 9092.690848 -2.868037e-05 -3.160381e-07 -4.065555e-08 -5.466695e-07 5.970745e-05 4.036427e-04 -5.300934e-05 7.932998e-05
 9094.361942 -2.867131e-05 -3.152843e-07 -4.162392e-08 -5.468641e-07 5.991093e-05 4.044409e-04 -4.893814e-05 8.227355e-05
 9096.045227 -2.864969e-05 -3.149226e-07 -4.225834e-08 -5.463495e-07 6.468988e-05 4.124813e-04 -4.843121e-05 7.870229e-05
 9097.740704 -2.864736e-05 -3.154066e-07 -4.270991e-08 -5.462110e-07 6.371355e-05 4.129227e-04 -5.010157e-05 8.057014e-05
 9099.448374 -2.862894e-05 -3.156573e-07 -4.258443e-08 -5.456079e-07 6.387230e-05 4.033212e-04 -5.830642e-05 7.245611e-05
 9101.168235 -2.859769e-05 -3.166382e-07 -4.222628e-08 -5.449775e-07 5.330499e-05 4.161885e-04 -5.693661e-05 7.356292e-05
 9102.900288 -2.856216e-05 -3.178248e-07 -4.173613e-08 -5.438940e-07 6.196752e-05 3.971156e-04 -5.804197e-05 7.370422e-05
 9104.644533 -2.857496e-05 -3.177870e-07 -4.083169e-08 -5.440095e-07 5.353653e-05 3.860463e-04 -5.866914e-05 7.005832e-05
 9106.400970 -2.857631e-05 -3.165157e-07 -3.988630e-08 -5.441080e-07 5.764496e-05 3.814170e-04 -6.396113e-05 7.106522e-05
 9108.169598 -2.854108e-05 -3.181412e-07 -3.922761e-08 -5.437747e-07 6.051224e-05 3.714138e-04 -5.838406e-05 6.569462e-05
 9109.950419 -2.852409e-05 -3.171589e-07 -3.865651e-08 -5.438963e-07 6.429673e-05 3.693280e-04 -5.975271e-05 6.658798e-05
 9111.743432 -2.851911e-05 -3.173720e-07 -3.844995e-08 -5.447300e-07 6.625248e-05 4.084553e-04 -6.657871e-05 6.429012e-05
 9113.548636 -2.850101e-05 -3.180679e-07 -3.840648e-08 -5.450837e-07 6.608067e-05 3.949611e-04 -6.320428e-05 6.786568e-05
 9115.366032 -2.849980e-05 -3.168443e-07 -3.831145e-08 -5.462102e-07 6.115501e-05 3.918494e-04 -5.173618e-05 6.334422e-05
 9117.195621 -2.848076e-05 -3.171275e-07 -3.819444e-08 -5.471579e-07 5.262859e-05 3.780827e-04 -5.580961e-05 5.770007e-05
 9119.037401 -2.843212e-05 -3.177174e-07 -3.812650e-08 -5.470430e-07 5.083420e-05 3.786571e-04 -5.444287e-05 5.681426e-05
 9120.891373 -2.842875e-05 -3.174814e-07 -3.763151e-08 -5.480642e-07 4.995716e-05 3.817548e-04 -4.804339e-05 5.705424e-05
 9122.757537 -2.841841e-05 -3.163409e-07 -3.674268e-08 -5.491593e-07 5.919518e-05 3.775575e-04 -2.979151e-05 6.197168e-05
 9124.635893 -2.838497e-05 -3.162334e-07 -3.559282e-08 -5.496325e-07 5.408708e-05 3.978337e-04 -4.033494e-05 5.941573e-05
 9126.526441 -2.837643e-05 -3.172178e-07 -3.431850e-08 -5.508596e-07 4.847126e-05 4.070009e-04 -4.759590e-05 5.042649e-05
 9128.429181 -2.835751e-05 -3.167133e-07 -3.330538e-08 -5.522391e-07 5.388994e-05 3.854370e-04 -5.759628e-05 4.847323e-05
 9130.344112 -2.821142e-05 -3.177179e-07 -3.302126e-08 -5.509596e-07 5.570938e-05 3.905610e-04 -4.043334e-05 5.797097e-05
 9132.271236 -2.827697e-05 -3.188757e-07 -3.316241e-08 -5.538183e-07 5.484385e-05 3.993542e-04 -4.428866e-05 5.254452e-05
 9134.210552 -2.833274e-05 -3.172802e-07 -3.325435e-08 -5.566231e-07 4.758497e-05 3.927663e-04 -4.523033e-05 6.212716e-05
 9136.162059 -2.831122e-05 -3.162291e-07 -3.334846e-08 -5.571542e-07 5.976514e-05 3.965144e-04 -5.568670e-05 4.886980e-05
 9138.125758 -2.828286e-05 -3.159362e-07 -3.397501e-08 -5.575414e-07 6.609246e-05 4.023059e-04 -5.163899e-05 4.929381e-05
 9140.101649 -2.832536e-05 -3.162708e-07 -3.476043e-08 -5.590802e-07 6.547179e-05 4.125820e-04 -4.477159e-05 5.656237e-05
 9142.089733 -2.834343e-05 -3.162664e-07 -3.564112e-08 -5.600350e-07 5.939935e-05 3.888476e-04 -4.551504e-05 5.755285e-05
 9144.090008 -2.831509e-05 -3.163783e-07 -3.676288e-08 -5.602694e-07 5.411049e-05 3.688433e-04 -4.861565e-05 6.093055e-05
 9146.102475 -2.827764e-05 -3.160161e-07 -3.781485e-08 -5.602143e-07 4.212637e-05 3.738540e-04 -4.284784e-05 6.097986e-05
 9148.127133 -2.822926e-05 -3.164225e-07 -3.903048e-08 -5.598002e-07 5.281739e-05 3.900684e-04 -3.815652e-05 5.378998e-05
 9150.163984 -2.821680e-05 -3.155608e-07 -4.050917e-08 -5.600408e-07 6.008329e-05 3.845599e-04 -3.833076e-05 4.730658e-05
 9152.213027 -2.820727e-05 -3.149020e-07 -4.183583e-08 -5.599145e-07 5.113973e-05 3.815374e-04 -4.538199e-05 4.357378e-05
 9154.274261 -2.794776e-05 -3.147117e-07 -4.348555e-08 -5.554791e-07 4.329701e-05 3.773819e-04 -3.718009e-05 5.035084e-05
 9156.347688 -2.772722e-05 -3.131360e-07 -4.434521e-08 -5.517429e-07 5.126271e-05 3.791154e-04 -3.923090e-05 4.289006e-05
 9158.433306 -2.810466e-05 -3.202181e-07 -4.567362e-08 -5.589044e-07 5.139373e-05 3.843678e-04 -4.860648e-05 4.025126e-05
 9160.531117 -2.815703e-05 -3.204271e-07 -4.561970e-08 -5.609537e-07 3.755811e-05 3.796934e-04 -4.372037e-05 3.825777e-05
 9162.641119 -2.816049e-05 -3.195290e-07 -4.464921e-08 -5.618392e-07 4.131248e-05 3.818120e-04 -4.020052e-05 4.274138e-05
 9164.763313 -2.822087e-05 -3.188054e-07 -4.319334e-08 -5.639517e-07 4.101377e-05 3.753751e-04 -4.461429e-05 3.979814e-05
 9166.897699 -2.818716e-05 -3.180882e-07 -4.181633e-08 -5.636661e-07 3.997555e-05 3.857556e-04 -3.926435e-05 4.322365e-05
 9169.044277 -2.791256e-05 -3.144041e-07 -4.003517e-08 -5.592206e-07 5.030492e-05 3.727702e-04 -3.674413e-05 5.101345e-05
 9171.203047 -2.787966e-05 -3.174809e-07 -3.958136e-08 -5.585056e-07 4.969362e-05 3.897779e-04 -3.593735e-05 6.298569e-05
 9173.374008 -2.812132e-05 -3.189671e-07 -3.940674e-08 -5.645170e-07 4.154401e-05 4.389886e-04 -3.002204e-05 5.975495e-05
 9175.557162 -2.821302e-05 -3.180928e-07 -3.905151e-08 -5.670869e-07 4.236346e-05 4.453972e-04 -3.610917e-05 5.933686e-05
 9177.752508 -2.823731e-05 -3.186077e-07 -3.910400e-08 -5.685546e-07 4.254114e-05 4.024483e-04 -4.338224e-05 6.392321e-05
 9179.960045 -2.822048e-05 -3.182628e-07 -3.923895e-08 -5.690141e-07 5.482140e-05 3.939558e-04 -5.011246e-05 6.293010e-05
 9182.179775 -2.821256e-05 -3.197198e-07 -3.968982e-08 -5.696658e-07 6.336987e-05 4.028268e-04 -4.302223e-05 6.214739e-05
 9184.411696 -2.822446e-05 -3.194783e-07 -3.983484e-08 -5.705119e-07 5.104965e-05 3.925856e-04 -3.456671e-05 5.626651e-05
 9186.655809 -2.820540e-05 -3.190256e-07 -3.995848e-08 -5.710845e-07 5.045527e-05 4.016917e-04 -2.108203e-05 5.096181e-05
 9188.912114 -2.819814e-05 -3.186292e-07 -4.001864e-08 -5.715261e-07 6.217950e-05 4.062693e-04 -3.068150e-05 4.847273e-05
 9191.180611 -2.818816e-05 -3.187806e-07 -4.006295e-08 -5.721184e-07 6.031155e-05 4.038796e-04 -3.838152e-05 4.903067e-05
 9193.461300 -2.809955e-05 -3.216489e-07 -4.057428e-08 -5.708122e-07 4.978292e-05 3.867507e-04 -4.265334e-05 5.473313e-05
 9195.754181 -2.804041e-05 -3.212940e-07 -4.093234e-08 -5.705735e-07 5.287391e-05 3.647214e-04 -4.024858e-05 6.129818e-05
 9198.059254 -2.805677e-05 -3.221788e-07 -4.119095e-08 -5.719098e-07 5.794162e-05 3.738893e-04 -3.132860e-05 5.687652e-05
 9200.376518 -2.811522e-05 -3.217226e-07 -4.045824e-08 -5.738887e-07 6.613868e-05 3.732931e-04 -2.801049e-05 6.236441e-05
 9202.705975 -2.817450e-05 -3.216618e-07 -3.945921e-08 -5.763786e-07 5.995507e-05 3.710346e-04 -2.566379e-05 6.625320e-05
 9205.047623 -2.819789e-05 -3.226313e-07 -3.871262e-08 -5.775351e-07 5.774395e-05 3.767910e-04 -2.814249e-05 6.748097e-05
 9207.401464 -2.820480e-05 -3.222579e-07 -3.829187e-08 -5.786318e-07 5.510001e-05 4.014141e-04 -2.135199e-05 7.295515e-05
 9209.767496 -2.824811e-05 -3.217763e-07 -3.814862e-08 -5.802121e-07 5.716021e-05 4.006971e-04 -2.086481e-05 6.570868e-05
 9212.145720 -2.825960e-05 -3.216064e-07 -3.816012e-08 -5.812963e-07 6.061174e-05 3.834073e-04 -1.305526e-05 7.857594e-05
 9214.536136 -2.827946e-05 -3.219688e-07 -3.833912e-08 -5.824336e-07 5.447233e-05 3.939721e-04 -9.364280e-06 7.880601e-05
 9216.938744 -2.828868e-05 -3.225740e-07 -3.873391e-08 -5.831777e-07 4.786058e-05 3.935464e-04 -2.343195e-05 6.792055e-05
 9219.353544 -2.828768e-05 -3.243437e-07 -3.959434e-08 -5.840053e-07 5.324892e-05 3.751416e-04 -2.634688e-05 6.738812e-05
 9221.780536 -2.829972e-05 -3.263621e-07 -4.049853e-08 -5.847530e-07 5.360536e-05 3.872808e-04 -2.632460e-05 6.349211e-05
 9224.219720 -2.829854e-05 -3.274722e-07 -4.120207e-08 -5.852699e-07 4.682773e-05 3.867775e-04 -2.911302e-05 6.584109e-05
 9226.671096 -2.828048e-05 -3.282447e-07 -4.208560e-08 -5.854999e-07 5.846785e-05 3.871639e-04 -2.426260e-05 7.351450e-05
 9229.134663 -2.826612e-05 -3.279310e-07 -4.298880e-08 -5.856489e-07 5.592753e-05 3.929402e-04 -2.592171e-05 6.974822e-05
 9231.610423 -2.833372e-05 -3.281833e-07 -4.413541e-08 -5.881178e-07 5.961603e-05 3.915016e-04 -2.675409e-05 6.151730e-05
 9234.098374 -2.838054e-05 -3.282822e-07 -4.486650e-08 -5.902107e-07 6.622596e-05 3.618729e-04 -3.534481e-05 6.551232e-05
 9236.598517 -2.840034e-05 -3.287846e-07 -4.531632e-08 -5.917317e-07 6.283802e-05 3.647915e-04 -3.646201e-05 6.309433e-05
 9239.110852 -2.843326e-05 -3.287500e-07 -4.540670e-08 -5.933923e-07 5.586027e-05 3.807387e-04 -3.901762e-05 6.554920e-05
 9241.635380 -2.844898e-05 -3.285127e-07 -4.539286e-08 -5.949390e-07 6.456673e-05 4.160930e-04 -4.080195e-05 5.889064e-05
 9244.172099 -2.844319e-05 -3.296717e-07 -4.548016e-08 -5.960404e-07 6.623451e-05 4.265612e-04 -3.475832e-05 5.802046e-05
 9246.721009 -2.844904e-05 -3.304459e-07 -4.545637e-08 -5.969878e-07 7.363960e-05 4.169613e-04 -2.675361e-05 6.728182e-05
 9249.282112 -2.846166e-05 -3.305930e-07 -4.531504e-08 -5.984001e-07 7.639986e-05 3.983029e-04 -2.701262e-05 6.346903e-05
 9251.855407 -2.846444e-05 -3.326743e-07 -4.564023e-08 -5.994727e-07 7.318121e-05 4.423105e-04 -2.157954e-05 6.768257e-05
 9254.440894 -2.852250e-05 -3.325480e-07 -4.570838e-08 -6.017645e-07 6.593084e-05 4.316582e-04 -2.112698e-05 6.772415e-05
 9257.038572 -2.857518e-05 -3.338823e-07 -4.589692e-08 -6.040956e-07 6.745037e-05 4.093808e-04 -2.934820e-05 6.137986e-05
 9259.648443 -2.857250e-05 -3.356002e-07 -4.594124e-08 -6.051682e-07 7.104133e-05 4.074250e-04 -3.613011e-05 5.421149e-05
 9262.270505 -2.862566e-05 -3.364602e-07 -4.559804e-08 -6.072975e-07 7.617830e-05 4.104525e-04 -4.096765e-05 4.908838e-05
 9264.904759 -2.861411e-05 -3.357870e-07 -4.525991e-08 -6.082860e-07 7.748250e-05 4.077685e-04 -2.725740e-05 5.513162e-05
 9267.551205 -2.863984e-05 -3.359111e-07 -4.497679e-08 -6.096935e-07 7.480611e-05 3.985540e-04 -2.633888e-05 6.020598e-05
 9270.209844 -2.866636e-05 -3.373054e-07 -4.491945e-08 -6.114083e-07 7.627679e-05 4.251301e-04 -2.972778e-05 5.650023e-05
 9272.880674 -2.870857e-05 -3.388668e-07 -4.494882e-08 -6.133081e-07 7.969995e-05 4.237033e-04 -2.389412e-05 5.267872e-05
 9275.563696 -2.872589e-05 -3.407549e-07 -4.512034e-08 -6.145304e-07 7.211766e-05 4.365288e-04 -2.424742e-05 6.388360e-05
 9278.258909 -2.875427e-05 -3.410060e-07 -4.507980e-08 -6.160479e-07 6.534802e-05 4.341364e-04 -2.323835e-05 7.395205e-05
 9280.966315 -2.879774e-05 -3.404794e-07 -4.521383e-08 -6.177127e-07 6.241206e-05 4.445676e-04 -2.812383e-05 7.590522e-05
 9283.685913 -2.883508e-05 -3.401545e-07 -4.497870e-08 -6.197562e-07 5.462526e-05 4.316854e-04 -3.369507e-05 6.797457e-05
 9286.417702 -2.886106e-05 -3.403244e-07 -4.487278e-08 -6.214837e-07 4.932229e-05 4.413252e-04 -4.160866e-05 5.843976e-05
 9289.161684 -2.880084e-05 -3.403874e-07 -4.475655e-08 -6.208743e-07 5.450630e-05 4.334988e-04 -3.981457e-05 6.038195e-05
 9291.917857 -2.887113e-05 -3.422534e-07 -4.521023e-08 -6.229771e-07 5.874987e-05 4.395622e-04 -3.922294e-05 5.890068e-05
 9294.686222 -2.891184e-05 -3.434624e-07 -4.539658e-08 -6.247493e-07 6.469474e-05 4.565340e-04 -4.350888e-05 6.319662e-05
 9297.466780 -2.886656e-05 -3.439032e-07 -4.552059e-08 -6.245598e-07 6.798814e-05 4.467275e-04 -4.630334e-05 5.392268e-05
 9300.259529 -2.880539e-05 -3.445590e-07 -4.578311e-08 -6.241660e-07 6.872919e-05 4.212669e-04 -2.644501e-05 6.440970e-05
 9303.064470 -2.905213e-05 -3.472077e-07 -4.626512e-08 -6.304710e-07 7.199787e-05 4.292620e-04 -3.036348e-05 6.639422e-05
 9305.881602 -2.908718e-05 -3.475395e-07 -4.668247e-08 -6.328350e-07 5.775235e-05 4.262513e-04 -3.148703e-05 7.048072e-05
 9308.710927 -2.906724e-05 -3.482924e-07 -4.715025e-08 -6.335762e-07 6.308737e-05 4.505013e-04 -3.055315e-05 7.064608e-05
 9311.552444 -2.915854e-05 -3.495347e-07 -4.761923e-08 -6.366053e-07 6.440673e-05 4.493962e-04 -3.366905e-05 7.144281e-05
 9314.406153 -2.920725e-05 -3.519930e-07 -4.836394e-08 -6.383693e-07 5.933491e-05 4.457030e-04 -3.805224e-05 7.142241e-05
 9317.272053 -2.926538e-05 -3.532745e-07 -4.912822e-08 -6.401878e-07 5.689004e-05 4.422311e-04 -4.133487e-05 7.253390e-05
 9320.150146 -2.930688e-05 -3.548559e-07 -4.960104e-08 -6.420522e-07 5.850899e-05 4.497946e-04 -3.961744e-05 7.776168e-05
 9323.040430 -2.929560e-05 -3.546338e-07 -4.979636e-08 -6.426340e-07 5.408682e-05 4.280893e-04 -4.662308e-05 7.227537e-05
 9325.942906 -2.918494e-05 -3.537719e-07 -4.952596e-08 -6.412492e-07 5.405220e-05 4.300771e-04 -5.050139e-05 7.114046e-05
 9328.857574 -2.938372e-05 -3.569930e-07 -5.008119e-08 -6.462749e-07 5.000364e-05 4.426786e-04 -6.120986e-05 7.390144e-05
 9331.784435 -2.933558e-05 -3.591035e-07 -5.066839e-08 -6.458577e-07 5.071407e-05 4.403913e-04 -4.921960e-05 7.906557e-05
 9334.723487 -2.942396e-05 -3.587140e-07 -5.082149e-08 -6.492251e-07 4.043852e-05 4.247346e-04 -4.600604e-05 7.322214e-05
 9337.674730 -2.951926e-05 -3.606649e-07 -5.144318e-08 -6.524447e-07 4.105674e-05 4.342305e-04 -4.296571e-05 7.724327e-05
 9340.638166 -2.958087e-05 -3.613555e-07 -5.209731e-08 -6.549297e-07 4.018282e-05 4.332320e-04 -4.426268e-05 6.899878e-05
 9343.613794 -2.960957e-05 -3.631559e-07 -5.270109e-08 -6.566005e-07 4.458272e-05 4.192584e-04 -3.926523e-05 6.408313e-05
 9346.601614 -2.961464e-05 -3.644215e-07 -5.298084e-08 -6.576555e-07 4.130044e-05 4.023061e-04 -4.091704e-05 5.895002e-05
 9349.601625 -2.969089e-05 -3.648562e-07 -5.303181e-08 -6.604326e-07 4.051036e-05 4.042885e-04 -4.220206e-05 5.889791e-05
 9352.613829 -2.974414e-05 -3.662505e-07 -5.320328e-08 -6.627010e-07 5.139089e-05 3.887261e-04 -3.833761e-05 6.942346e-05
 9355.638224 -2.975727e-05 -3.686725e-07 -5.365392e-08 -6.640361e-07 5.324804e-05 4.192552e-04 -4.510020e-05 6.839109e-05
 9358.674811 -2.980575e-05 -3.710996e-07 -5.392781e-08 -6.661244e-07 4.922325e-05 4.051125e-04 -5.114961e-05 6.477984e-05
 9361.723590 -2.977621e-05 -3.732081e-07 -5.404770e-08 -6.665880e-07 4.636528e-05 4.072015e-04 -4.260108e-05 6.855219e-05
 9364.784561 -2.988818e-05 -3.734512e-07 -5.409651e-08 -6.701886e-07 3.468087e-05 4.332782e-04 -3.679162e-05 8.148015e-05
 9367.857724 -2.998470e-05 -3.731886e-07 -5.404524e-08 -6.734958e-07 4.673406e-05 4.315867e-04 -4.643830e-05 8.491992e-05
 9370.943079 -3.002127e-05 -3.752033e-07 -5.414351e-08 -6.752899e-07 5.491883e-05 3.920900e-04 -4.096167e-05 7.622739e-05
 9374.040626 -3.009655e-05 -3.769173e-07 -5.415869e-08 -6.778445e-07 5.438257e-05 4.107803e-04 -4.583059e-05 7.704829e-05
 9377.150365 -3.012499e-05 -3.776498e-07 -5.413425e-08 -6.798033e-07 6.233051e-05 4.324149e-04 -3.371500e-05 7.400553e-05
 9380.272295 -3.018163e-05 -3.790252e-07 -5.436073e-08 -6.822895e-07 7.070086e-05 4.367204e-04 -2.943758e-05 7.140087e-05
 9383.406418 -3.024249e-05 -3.806031e-07 -5.461217e-08 -6.847286e-07 7.409584e-05 4.327517e-04 -5.519804e-05 6.605263e-05
 9386.552732 -3.027633e-05 -3.820161e-07 -5.489357e-08 -6.869093e-07 6.688158e-05 4.317724e-04 -5.528105e-05 6.629710e-05
 9389.711239 -3.029862e-05 -3.842028e-07 -5.527865e-08 -6.886739e-07 6.711297e-05 4.311489e-04 -4.526699e-05 7.361923e-05
 9392.881937 -3.029703e-05 -3.845813e-07 -5.550700e-08 -6.898395e-07 6.716686e-05 4.263007e-04 -4.888918e-05 6.907101e-05
 9396.064827 -3.029895e-05 -3.858940e-07 -5.583593e-08 -6.910358e-07 6.621749e-05 4.137063e-04 -3.571663e-05 7.279428e-05
 9399.259909 -3.036600e-05 -3.889193e-07 -5.627673e-08 -6.933786e-07 6.505674e-05 4.172920e-04 -4.207553e-05 7.588519e-05
 9402.467183 -3.046499e-05 -3.906742e-07 -5.679191e-08 -6.968326e-07 6.321438e-05 4.163799e-04 -4.611772e-05 6.503198e-05
 9405.686649 -3.053664e-05 -3.913727e-07 -5.721535e-08 -6.998140e-07 6.181226e-05 3.888650e-04 -3.515184e-05 7.426889e-05
 9408.918307 -3.063010e-05 -3.920446e-07 -5.756429e-08 -7.034893e-07 6.410630e-05 4.036844e-04 -3.415306e-05 7.723015e-05
 9412.162157 -3.064759e-05 -3.941698e-07 -5.791988e-08 -7.053030e-07 6.475220e-05 4.067325e-04 -3.304052e-05 7.597995e-05
 9415.418198 -3.066442e-05 -3.960842e-07 -5.850755e-08 -7.066878e-07 6.235590e-05 4.184561e-04 -3.608704e-05 6.963038e-05
 9418.686432 -3.071755e-05 -3.974832e-07 -5.896199e-08 -7.091588e-07 6.644778e-05 4.150785e-04 -3.494760e-05 6.703613e-05
 9421.966857 -3.060888e-05 -3.993161e-07 -5.972162e-08 -7.079125e-07 5.361792e-05 4.048992e-04 -4.061092e-05 6.508835e-05
 9425.259474 -3.070546e-05 -4.018609e-07 -6.017655e-08 -7.113888e-07 5.370921e-05 3.937204e-04 -4.846609e-05 7.020252e-05
 9428.564284 -3.093417e-05 -4.047062e-07 -6.089319e-08 -7.179154e-07 5.649479e-05 4.075384e-04 -4.029555e-05 7.829243e-05
 9431.881285 -3.100045e-05 -4.055048e-07 -6.114706e-08 -7.208581e-07 5.938418e-05 4.289771e-04 -3.332934e-05 7.839346e-05
 9435.210478 -3.091577e-05 -4.081664e-07 -6.154992e-08 -7.202449e-07 5.839320e-05 4.411563e-04 -3.963622e-05 6.321258e-05
 9438.551863 -3.090143e-05 -4.107220e-07 -6.209118e-08 -7.209169e-07 6.505655e-05 4.442905e-04 -3.379115e-05 7.200883e-05
 9441.905440 -3.106859e-05 -4.122106e-07 -6.263375e-08 -7.265442e-07 6.142536e-05 4.441737e-04 -4.382273e-05 7.114023e-05
 9445.271209 -3.113173e-05 -4.117680e-07 -6.271608e-08 -7.294328e-07 6.075220e-05 4.233543e-04 -3.260629e-05 7.310546e-05
 9448.649169 -3.114052e-05 -4.121087e-07 -6.295585e-08 -7.310488e-07 6.528977e-05 4.103510e-04 -3.522058e-05 7.494031e-05
 9452.039322 -3.119442e-05 -4.130488e-07 -6.351276e-08 -7.335596e-07 6.182668e-05 4.247452e-04 -4.609392e-05 7.249832e-05
 9455.441666 -3.124827e-05 -4.154218e-07 -6.406680e-08 -7.357370e-07 6.731223e-05 4.108043e-04 -4.198890e-05 7.461196e-05
 9458.856203 -3.129032e-05 -4.172626e-07 -6.436888e-08 -7.379406e-07 7.378719e-05 3.935514e-04 -3.270303e-05 7.816964e-05
 9462.282931 -3.127722e-05 -4.195942e-07 -6.488774e-08 -7.390450e-07 7.221106e-05 4.068335e-04 -2.850460e-05 7.414060e-05
 9465.721851 -3.132197e-05 -4.199961e-07 -6.523650e-08 -7.411366e-07 7.370144e-05 4.083745e-04 -3.047085e-05 6.643991e-05
 9469.172964 -3.135836e-05 -4.215500e-07 -6.564678e-08 -7.429188e-07 8.239131e-05 3.900255e-04 -1.909671e-05 7.936391e-05
 9472.636268 -3.144553e-05 -4.238753e-07 -6.589437e-08 -7.463963e-07 7.804089e-05 4.068472e-04 -3.083350e-05 7.123929e-05
 9476.111764 -3.148587e-05 -4.260648e-07 -6.620805e-08 -7.485472e-07 7.587760e-05 3.993557e-04 -4.205510e-05 6.321147e-05
 9479.599451 -3.146942e-05 -4.280549e-07 -6.655852e-08 -7.490507e-07 6.947790e-05 3.852852e-04 -3.615106e-05 6.306080e-05
 9483.099331 -3.149088e-05 -4.299319e-07 -6.690486e-08 -7.505117e-07 6.870403e-05 4.082822e-04 -3.229937e-05 6.119649e-05
 9486.611403 -3.153590e-05 -4.316417e-07 -6.720599e-08 -7.524296e-07 7.365441e-05 4.144731e-04 -3.051710e-05 6.971114e-05
 9490.135666 -3.164509e-05 -4.328093e-07 -6.764266e-08 -7.561369e-07 7.721073e-05 4.077913e-04 -2.998407e-05 6.644781e-05
 9493.672122 -3.168170e-05 -4.355603e-07 -6.795562e-08 -7.582842e-07 6.533785e-05 4.271852e-04 -2.450064e-05 5.428917e-05
 9497.220769 -3.173505e-05 -4.370740e-07 -6.805358e-08 -7.605548e-07 7.143988e-05 3.972186e-04 -2.862034e-05 5.425792e-05
 9500.781609 -3.164845e-05 -4.377206e-07 -6.836355e-08 -7.596823e-07 8.599440e-05 4.205133e-04 -2.896151e-05 5.815186e-05
 9504.354640 -3.161434e-05 -4.367310e-07 -6.833109e-08 -7.604348e-07 8.515358e-05 4.307276e-04 -4.141587e-05 6.149973e-05
 9507.939863 -3.182860e-05 -4.394060e-07 -6.862749e-08 -7.664708e-07 8.146583e-05 4.212776e-04 -4.211782e-05 5.122990e-05
 9511.537278 -3.185697e-05 -4.420968e-07 -6.904436e-08 -7.682868e-07 8.533677e-05 4.104770e-04 -5.548748e-05 5.384659e-05
 9515.146885 -3.187701e-05 -4.426774e-07 -6.927426e-08 -7.700949e-07 7.885908e-05 4.091525e-04 -5.389246e-05 6.428258e-05
 9518.768684 -3.190433e-05 -4.437674e-07 -6.957169e-08 -7.723913e-07 6.910388e-05 4.164198e-04 -4.439042e-05 7.104812e-05
 9522.402675 -3.191275e-05 -4.461820e-07 -7.024494e-08 -7.741657e-07 6.858644e-05 3.986373e-04 -5.315886e-05 6.459075e-05
 9526.048857 -3.198321e-05 -4.475454e-07 -7.105564e-08 -7.772224e-07 7.138106e-05 3.966563e-04 -4.234550e-05 6.618074e-05
 9529.707232 -3.199595e-05 -4.503113e-07 -7.189931e-08 -7.789209e-07 6.688010e-05 3.900527e-04 -3.135649e-05 6.912585e-05
 9533.377799 -3.202425e-05 -4.517792e-07 -7.227218e-08 -7.812241e-07 6.854241e-05 3.942287e-04 -4.891146e-05 6.015911e-05
 9537.060557 -3.198848e-05 -4.526886e-07 -7.282652e-08 -7.815514e-07 7.461641e-05 4.107151e-04 -5.216064e-05 5.756178e-05
 9540.755507 -3.190007e-05 -4.521417e-07 -7.299306e-08 -7.804286e-07 7.023708e-05 4.383348e-04 -4.072778e-05 6.351873e-05
 9544.462650 -3.213356e-05 -4.561354e-07 -7.371216e-08 -7.873600e-07 7.489009e-05 4.545233e-04 -4.719355e-05 6.781495e-05
 9548.181984 -3.215692e-05 -4.574291e-07 -7.407733e-08 -7.890743e-07 7.119209e-05 4.470658e-04 -4.213780e-05 7.538835e-05
 9551.913510 -3.219374e-05 -4.594607e-07 -7.451703e-08 -7.911718e-07 7.048801e-05 4.429123e-04 -4.056672e-05 7.473580e-05
 9555.657228 -3.220785e-05 -4.615332e-07 -7.488223e-08 -7.933124e-07 6.705338e-05 4.588839e-04 -3.954752e-05 7.172571e-05
 9559.413138 -3.215942e-05 -4.633983e-07 -7.561816e-08 -7.941787e-07 6.575851e-05 4.700075e-04 -3.659364e-05 6.895381e-05
 9563.181239 -3.210863e-05 -4.663794e-07 -7.646301e-08 -7.946285e-07 7.100772e-05 4.592016e-04 -3.797052e-05 6.502010e-05
 9566.961533 -3.217023e-05 -4.680187e-07 -7.681063e-08 -7.978094e-07 7.154768e-05 4.597496e-04 -2.774636e-05 6.220726e-05
 9570.754019 -3.224000e-05 -4.683867e-07 -7.693057e-08 -8.016666e-07 7.036171e-05 4.632322e-04 -2.864883e-05 6.334952e-05
 9574.558696 -3.225032e-05 -4.716289e-07 -7.773550e-08 -8.036095e-07 7.292874e-05 4.625487e-04 -3.845739e-05 7.095055e-05
 9578.375565 -3.226442e-05 -4.743108e-07 -7.834811e-08 -8.054753e-07 7.424219e-05 4.624151e-04 -4.284606e-05 7.636208e-05
 9582.204627 -3.235630e-05 -4.736843e-07 -7.838957e-08 -8.097475e-07 8.018084e-05 4.863763e-04 -4.959218e-05 7.918309e-05
 9586.045880 -3.241636e-05 -4.750957e-07 -7.891013e-08 -8.130163e-07 8.152642e-05 5.163621e-04 -5.033588e-05 7.022128e-05
 9589.899325 -3.242152e-05 -4.784898e-07 -7.976187e-08 -8.146945e-07 7.758818e-05 5.319711e-04 -5.612764e-05 6.492789e-05
 9593.764962 -3.246207e-05 -4.793234e-07 -7.997574e-08 -8.171851e-07 7.219916e-05 5.187727e-04 -5.341318e-05 6.438654e-05
 9597.642791 -3.247033e-05 -4.804167e-07 -8.029157e-08 -8.190004e-07 7.664114e-05 4.979498e-04 -3.971213e-05 7.376323e-05
 9601.532812 -3.247118e-05 -4.816398e-07 -8.062115e-08 -8.205426e-07 7.815182e-05 5.152463e-04 -4.218478e-05 7.224334e-05
 9605.435025 -3.248350e-05 -4.853701e-07 -8.150347e-08 -8.227849e-07 7.351797e-05 5.213223e-04 -4.629332e-05 7.515122e-05
 9609.349429 -3.252018e-05 -4.878481e-07 -8.206661e-08 -8.253484e-07 7.740799e-05 5.218520e-04 -4.922717e-05 6.721310e-05
 9613.276026 -3.253869e-05 -4.898943e-07 -8.245016e-08 -8.273666e-07 8.208881e-05 5.340785e-04 -5.381004e-05 6.204666e-05
 9617.214814 -3.252854e-05 -4.906259e-07 -8.259263e-08 -8.287396e-07 8.090331e-05 5.312875e-04 -6.076969e-05 5.823413e-05
 9621.165795 -3.254582e-05 -4.928397e-07 -8.306678e-08 -8.310645e-07 8.039949e-05 5.385308e-04 -3.889214e-05 7.694605e-05
 9625.128967 -3.251047e-05 -4.965551e-07 -8.365442e-08 -8.315119e-07 7.579469e-05 5.583848e-04 -4.743702e-05 7.985763e-05
 9629.104331 -3.255295e-05 -4.989046e-07 -8.437689e-08 -8.341495e-07 7.727444e-05 5.637249e-04 -5.038671e-05 7.220799e-05
 9633.091888 -3.258155e-05 -4.992517e-07 -8.476559e-08 -8.362663e-07 7.399567e-05 5.531894e-04 -4.298894e-05 6.017665e-05
 9637.091636 -3.258125e-05 -5.022709e-07 -8.539319e-08 -8.376917e-07 8.372767e-05 5.513775e-04 -3.716385e-05 6.286377e-05
 9641.103575 -3.258455e-05 -5.057806e-07 -8.623469e-08 -8.392817e-07 7.644789e-05 5.547613e-04 -3.944372e-05 6.757749e-05
 9645.127707 -3.263626e-05 -5.075856e-07 -8.664809e-08 -8.421157e-07 7.152664e-05 5.427726e-04 -3.816121e-05 7.167323e-05
 9649.164031 -3.264092e-05 -5.092976e-07 -8.706985e-08 -8.442023e-07 7.424011e-05 5.487428e-04 -3.140588e-05 6.783231e-05
 9653.212547 -3.260848e-05 -5.125248e-07 -8.809112e-08 -8.449644e-07 7.745354e-05 5.834848e-04 -3.549570e-05 6.514892e-05
 9657.273254 -3.272313e-05 -5.142435e-07 -8.844096e-08 -8.497059e-07 7.395537e-05 5.748477e-04 -3.517206e-05 7.593380e-05
 9661.346154 -3.270886e-05 -5.161685e-07 -8.886288e-08 -8.517819e-07 6.404559e-05 5.705830e-04 -5.253646e-05 7.832105e-05
 9665.431245 -3.257005e-05 -5.169384e-07 -8.932775e-08 -8.504047e-07 6.426476e-05 5.702897e-04 -4.500868e-05 7.741909e-05
 9669.528529 -3.269611e-05 -5.198685e-07 -9.004382e-08 -8.554678e-07 6.388341e-05 5.713612e-04 -4.230358e-05 7.210043e-05
 9673.638004 -3.270336e-05 -5.225607e-07 -9.084386e-08 -8.576429e-07 6.233496e-05 5.798038e-04 -4.753938e-05 8.165213e-05
 9677.759671 -3.270618e-05 -5.241281e-07 -9.135051e-08 -8.595796e-07 6.495136e-05 5.825025e-04 -4.239085e-05 7.913337e-05
 9681.893530 -3.272418e-05 -5.239290e-07 -9.130144e-08 -8.614873e-07 6.793262e-05 5.785434e-04 -3.903103e-05 7.792881e-05
 9686.039581 -3.272543e-05 -5.257701e-07 -9.193259e-08 -8.625239e-07 6.770882e-05 5.785920e-04 -4.312600e-05 7.380174e-05
 9690.197824 -3.271351e-05 -5.281706e-07 -9.254144e-08 -8.640089e-07 7.321873e-05 5.717617e-04 -4.080835e-05 6.918680e-05
 9694.368258 -3.274778e-05 -5.287132e-07 -9.299365e-08 -8.669170e-07 7.395036e-05 5.712643e-04 -4.651017e-05 6.521180e-05
 9698.550885 -3.275566e-05 -5.304209e-07 -9.375508e-08 -8.689420e-07 8.107396e-05 5.532492e-04 -5.497538e-05 6.649248e-05
 9702.745704 -3.272593e-05 -5.323011e-07 -9.420561e-08 -8.701125e-07 7.708588e-05 5.477390e-04 -4.786665e-05 7.431737e-05
 9706.952714 -3.267476e-05 -5.322714e-07 -9.430867e-08 -8.707404e-07 6.673153e-05 5.632760e-04 -4.911937e-05 7.674894e-05
 9711.171916 -3.263414e-05 -5.348437e-07 -9.480573e-08 -8.715887e-07 8.192884e-05 5.968377e-04 -4.461094e-05 7.074392e-05
 9715.403311 -3.271202e-05 -5.378977e-07 -9.575125e-08 -8.755570e-07 8.084361e-05 5.842227e-04 -2.916491e-05 7.826854e-05
 9719.646897 -3.267089e-05 -5.382408e-07 -9.595207e-08 -8.763434e-07 7.063893e-05 5.812900e-04 -3.420375e-05 7.125666e-05
 9723.902675 -3.269192e-05 -5.398027e-07 -9.645503e-08 -8.786230e-07 6.995683e-05 5.577926e-04 -4.365125e-05 7.157478e-05
 9728.170645 -3.266734e-05 -5.413868e-07 -9.721982e-08 -8.793594e-07 6.414185e-05 5.612476e-04 -4.086133e-05 5.500365e-05
 9732.450807 -3.252043e-05 -5.441349e-07 -9.791050e-08 -8.767087e-07 6.886096e-05 5.650094e-04 -4.066867e-05 5.551597e-05
 9736.743161 -3.261620e-05 -5.456620e-07 -9.833843e-08 -8.816363e-07 6.917340e-05 5.557692e-04 -4.977708e-05 5.242039e-05
 9741.047707 -3.265970e-05 -5.476054e-07 -9.860953e-08 -8.845440e-07 6.427044e-05 5.668429e-04 -4.996747e-05 6.189053e-05
 9745.364444 -3.261546e-05 -5.508200e-07 -9.958926e-08 -8.850016e-07 5.894481e-05 5.543738e-04 -4.397549e-05 6.598472e-05
 9749.693374 -3.263400e-05 -5.539343e-07 -1.003615e-07 -8.872741e-07 4.835293e-05 5.509281e-04 -2.977821e-05 6.975415e-05
 9754.034495 -3.262260e-05 -5.558397e-07 -1.009895e-07 -8.889714e-07 5.914382e-05 5.447318e-04 -3.630116e-05 6.316151e-05
 9758.387809 -3.268971e-05 -5.591603e-07 -1.015731e-07 -8.930341e-07 6.946318e-05 5.190346e-04 -3.361241e-05 6.171538e-05
 9762.753314 -3.269191e-05 -5.605202e-07 -1.019572e-07 -8.952320e-07 7.047233e-05 5.224425e-04 -3.330235e-05 6.625676e-05
 9767.131011 -3.261169e-05 -5.644398e-07 -1.029762e-07 -8.948193e-07 6.695532e-05 5.256219e-04 -3.737553e-05 7.527310e-05
 9771.520900 -3.262160e-05 -5.677598e-07 -1.040177e-07 -8.971854e-07 6.550460e-05 5.070661e-04 -2.796558e-05 7.476382e-05
 9775.922981 -3.256990e-05 -5.698498e-07 -1.045091e-07 -8.976505e-07 6.698854e-05 4.981492e-04 -2.942292e-05 5.984342e-05
 9780.337254 -3.241752e-05 -5.712711e-07 -1.050593e-07 -8.954091e-07 6.945075e-05 4.941897e-04 -3.785429e-05 6.387357e-05
 9784.763719 -3.253419e-05 -5.744135e-07 -1.059468e-07 -9.005328e-07 6.906356e-05 4.764004e-04 -3.716443e-05 6.774743e-05
 9789.202376 -3.252916e-05 -5.774483e-07 -1.066241e-07 -9.021847e-07 7.323831e-05 4.541162e-04 -3.362514e-05 6.746495e-05
 9793.653224 -3.235694e-05 -5.768904e-07 -1.065275e-07 -8.998798e-07 7.530699e-05 4.670088e-04 -4.151427e-05 7.961901e-05
 9798.116265 -3.250419e-05 -5.810421e-07 -1.077568e-07 -9.062027e-07 7.213170e-05 4.753177e-04 -3.359935e-05 9.148130e-05
 9802.591497 -3.249197e-05 -5.831523e-07 -1.084549e-07 -9.080542e-07 6.960436e-05 4.608362e-04 -4.042259e-05 7.916270e-05
 9807.078922 -3.254997e-05 -5.851955e-07 -1.089931e-07 -9.118556e-07 6.759683e-05 4.657578e-04 -4.043516e-05 8.090818e-05
 9811.578538 -3.257337e-05 -5.866850e-07 -1.095647e-07 -9.145564e-07 7.945969e-05 4.634328e-04 -4.955049e-05 6.712390e-05
 9816.090346 -3.251952e-05 -5.889182e-07 -1.103549e-07 -9.146960e-07 8.215737e-05 4.775289e-04 -4.787038e-05 7.202840e-05
 9820.614346 -3.251101e-05 -5.906217e-07 -1.107774e-07 -9.167060e-07 7.876889e-05 4.922342e-04 -4.731224e-05 7.333718e-05
 9825.150538 -3.242973e-05 -5.916955e-07 -1.111367e-07 -9.166034e-07 7.773511e-05 4.877447e-04 -3.782960e-05 7.108888e-05
 9829.698922 -3.217942e-05 -5.898501e-07 -1.110880e-07 -9.122523e-07 8.723978e-05 4.785246e-04 -2.804733e-05 7.740161e-05
 9834.259498 -3.224635e-05 -5.926978e-07 -1.117871e-07 -9.159072e-07 9.175316e-05 4.864328e-04 -4.464436e-05 8.068225e-05
 9838.832266 -3.223088e-05 -5.952542e-07 -1.126672e-07 -9.169166e-07 9.074601e-05 4.925226e-04 -4.355162e-05 8.286524e-05
 9843.417226 -3.218969e-05 -5.985781e-07 -1.139344e-07 -9.171959e-07 8.685467e-05 5.068679e-04 -4.689075e-05 7.663081e-05
 9848.014377 -3.210017e-05 -5.999515e-07 -1.143797e-07 -9.164550e-07 8.668696e-05 4.917692e-04 -5.024906e-05 9.056989e-05
 9852.623721 -3.229888e-05 -6.033453e-07 -1.150208e-07 -9.255205e-07 7.790998e-05 5.070985e-04 -5.001162e-05 8.534713e-05
 9857.245256 -3.234503e-05 -6.055290e-07 -1.157968e-07 -9.302386e-07 7.493586e-05 5.193708e-04 -5.592383e-05 7.205789e-05
 9861.878983 -3.232575e-05 -6.077490e-07 -1.163485e-07 -9.322004e-07 6.695652e-05 5.088581e-04 -4.932022e-05 7.818889e-05
 9866.524902 -3.230073e-05 -6.096692e-07 -1.168101e-07 -9.332998e-07 6.572335e-05 4.869263e-04 -4.074172e-05 8.384934e-05
 9871.183013 -3.223583e-05 -6.116459e-07 -1.176619e-07 -9.328441e-07 7.708166e-05 4.659148e-04 -3.680517e-05 8.314337e-05
 9875.853316 -3.221040e-05 -6.129801e-07 -1.181791e-07 -9.339153e-07 7.720797e-05 4.667525e-04 -4.718695e-05 8.350199e-05
 9880.535811 -3.220434e-05 -6.147064e-07 -1.189003e-07 -9.361156e-07 7.016545e-05 4.847093e-04 -4.642864e-05 8.129499e-05
 9885.230498 -3.219986e-05 -6.180138e-07 -1.196815e-07 -9.387136e-07 7.330368e-05 4.934787e-04 -4.366497e-05 8.433507e-05
 9889.937377 -3.215887e-05 -6.208222e-07 -1.203866e-07 -9.394771e-07 7.438226e-05 4.727855e-04 -4.451130e-05 7.847223e-05
 9894.656448 -3.215588e-05 -6.234965e-07 -1.211760e-07 -9.416438e-07 7.146981e-05 4.946133e-04 -4.548529e-05 7.161326e-05
 9899.387710 -3.213204e-05 -6.259630e-07 -1.220779e-07 -9.430783e-07 6.721506e-05 4.924495e-04 -4.148292e-05 6.176008e-05
 9904.131165 -3.211932e-05 -6.285592e-07 -1.228299e-07 -9.448279e-07 5.904989e-05 5.259444e-04 -5.090258e-05 6.507505e-05
 9908.886811 -3.208684e-05 -6.300091e-07 -1.232321e-07 -9.456234e-07 6.485962e-05 5.381356e-04 -4.341677e-05 5.966479e-05
 9913.654649 -3.199713e-05 -6.300234e-07 -1.236501e-07 -9.446506e-07 6.052252e-05 5.337674e-04 -3.938949e-05 5.501384e-05
 9918.434679 -3.190929e-05 -6.321398e-07 -1.244251e-07 -9.442550e-07 6.637270e-05 5.464178e-04 -4.608804e-05 6.121207e-05
 9923.226901 -3.192104e-05 -6.356173e-07 -1.252917e-07 -9.472521e-07 6.422672e-05 5.280686e-04 -4.655330e-05 6.103290e-05
 9928.031315 -3.184578e-05 -6.389233e-07 -1.263705e-07 -9.473850e-07 6.626535e-05 5.226012e-04 -4.044639e-05 6.899311e-05
 9932.847921 -3.189318e-05 -6.430817e-07 -1.274042e-07 -9.515619e-07 7.110763e-05 4.847769e-04 -3.841020e-05 6.667312e-05
 9937.676719 -3.179346e-05 -6.427320e-07 -1.276042e-07 -9.516260e-07 7.368616e-05 4.968394e-04 -3.177912e-05 6.666492e-05
 9942.517709 -3.163188e-05 -6.427303e-07 -1.278506e-07 -9.488561e-07 6.524026e-05 4.900743e-04 -3.809480e-05 7.768022e-05
 9947.370891 -3.169261e-05 -6.443846e-07 -1.283696e-07 -9.541625e-07 6.707841e-05 5.297955e-04 -4.916006e-05 7.023826e-05
 9952.236264 -3.174695e-05 -6.472690e-07 -1.292026e-07 -9.574583e-07 7.659600e-05 5.463731e-04 -4.305175e-05 6.872478e-05
