# Facility.name: NSLS-II
# Facility.mode: Beam available
# Facility.current: 400.060850544897
# Facility.current: 3 GeV
# Facility.year: 2023
# Facility.cycle: 2
# Facility.GUP: 312970
# Facility.SAF: 311402
# Experimenter.name: Esteban Fornero
# Beamline.name: ISS (8-ID)
# Beamline.x-ray_source: damping wiggler
# Beamline.collimation_mirror1.material: Si
# Beamline.collimation_mirror2.material: Pt
# Beamline.collimation_mirror2.bender_loading: -347.0
# Beamline.focusing: toroidal mirror
# Beamline.focusing.material: Pt
# Beamline.focusing.bender_loading: -419.0
# Beamline.harmonic_rejection: Si
# Mono.scan_mode: Si(111)
# Mono.d_spacing: 3.1354951
# Mono.scan_mode: pseudo-channel cut
# Mono.scan_type: fly_scan
# Mono.trajectory_name: 0f397ba2-1519.txt
# Mono.direction: None
# Mono.angle_offset: 0.69366577
# Mono.angle_offset: 39.744 deg
# Mono.encoder_resolution: 48.0 nrad
# Detector.I0: ion chamber
# Detector.I1: ion chamber
# Detector.I2: ion chamber
# Detector.IF: PIPS
# Detector.I0.length: 15 cm
# Detector.I1.length: 28 cm
# Detector.I2.length: 15 cm
# Detector.IF.thickness: 300 um
# Detector.I0.gas.N2: 38.0%
# Detector.I1.gas.N2: 38.0%
# Detector.I2.gas.N2: 38.0%
# Detector.I0.gas.He: 62.0%
# Detector.I1.gas.He: 62.0%
# Detector.I2.gas.He: 62.0%
# Detector.I0.voltage: -1650.001465
# Detector.I1.voltage: -1649.999512
# Detector.I2.voltage: -1650.000244
# Detector.I0.gain: 4
# Detector.I1.gain: 6
# Detector.I2.gain: 6
# Detector.IF.gain: 6
# Detector.aux: {}
# Element.symbol: Ga
# Element.edge: K
# Element.line: None
# Scan.transient_id: 371020
# Scan.uid: edf9c69e-70d1-4400-a0ad-25f89d441c12
# Scan.edge_energy: 10367.0
# Scan.start_time: 06/23/2023  05:02:32.533655
# Scan.end_time: 06/23/2023  05:03:07.178596
# Scan.name: CuGaO2-4th PP+O2-ramp (pos 001) Ga-K 0001
# Scan.comment: 
# Sample.name: CuGaO2-4th
# Sample.comment: 
# Sample.position.x: -66.4779948865
# Sample.position.y: 30.524027769499998
# Sample.position.z: -10.184937499999995
# Sample.position.theta: 845.5790000000001
# SampleHeater.temperature1.setpoint: 300.0
# SampleHeater.temperature1.readback: 1372.0
# SampleHeater.current.setpoint: 0.0
# SampleHeater.current.readback: 0.0
# SampleHeater.temperature2.setpoint: 189.30269716183344
# SampleHeater.temperature2.readback: 190.10000000000002
# SampleHeater.voltage.setpoint: 0.4657347399306203
# SampleHeater.voltage.readback: 0.468
# SampleHeater.PID.P: 0.025
# SampleHeater.PID.I: 0.07
# SampleHeater.PID.D: 0.0
# SampleGasCart.MFC.CH4.setpoint: 3.0
# SampleGasCart.MFC.CH4.readback: 2.998
# SampleGasCart.MFC.CO.setpoint: 0.0
# SampleGasCart.MFC.CO.readback: 0.0
# SampleGasCart.MFC.H2.setpoint: 0.0
# SampleGasCart.MFC.H2.readback: 0.0
# SampleGasCart.MFC.exhaust.setpoint: 100.0
# SampleGasCart.MFC.exhaust.readback: 10.790000000000001
# SampleGasHandlingSystem.gas_a.name: None
# SampleGasHandlingSystem.gas_b.name: None
# SampleGasHandlingSystem.gas_c.name: None
# SampleGasHandlingSystem.gas_d.name: None
# SampleGasHandlingSystem.gas_e.name: He
# SampleGasHandlingSystem.MFC1.setpoint: 7.0
# SampleGasHandlingSystem.MFC1.readback: 6.998697757720947
# SampleGasHandlingSystem.MFC2.setpoint: 0.0
# SampleGasHandlingSystem.MFC2.readback: -0.0528971366584301
# SampleGasHandlingSystem.MFC3.setpoint: 0.0
# SampleGasHandlingSystem.MFC3.readback: 0.02034505270421505
# SampleGasHandlingSystem.MFC4.setpoint: 0.0
# SampleGasHandlingSystem.MFC4.readback: -0.0406901054084301
# SampleGasHandlingSystem.MFC5.setpoint: 0.0
# SampleGasHandlingSystem.MFC5.readback: -0.0040690102614462376
# SampleGasHandlingSystem.MFC6.setpoint: 1.5
# SampleGasHandlingSystem.MFC6.readback: 1.50146484375
# SampleGasHandlingSystem.MFC7.setpoint: 0.0
# SampleGasHandlingSystem.MFC7.readback: -0.0325520820915699
# SampleGasHandlingSystem.MFC8.setpoint: 0.0
# SampleGasHandlingSystem.MFC8.readback: -0.0732421875
# SampleGasHandlingSystem.MFC9.setpoint: 0.0
# SampleGasHandlingSystem.MFC9.readback: -0.048828125
# SampleGasHandlingSystem.MFC10.setpoint: 0.0
# SampleGasHandlingSystem.MFC10.readback: 0.01220703125
# SampleGasHandlingSystem.MFC11.setpoint: 0.0
# SampleGasHandlingSystem.MFC11.readback: -0.0935872420668602
# SampleGasHandlingSystem.MFC12.setpoint: 0.0
# SampleGasHandlingSystem.MFC12.readback: -0.048828125
# SampleGasHandlingSystem.MFC13.setpoint: 0.0
# SampleGasHandlingSystem.MFC13.readback: -0.0528971366584301
# SampleGasHandlingSystem.MFC14.setpoint: 0.0
# SampleGasHandlingSystem.MFC14.readback: -0.0651041641831398
# SampleGasHandlingSystem.MFC15.setpoint: 0.0
# SampleGasHandlingSystem.MFC15.readback: -0.1057942733168602
# SampleGasHandlingSystem.MFC16.setpoint: 0.0
# SampleGasHandlingSystem.MFC16.readback: -0.03662109375
# SampleGasHandlingSystem.RGA.ch1.mass: 2
# SampleGasHandlingSystem.RGA.ch1.readback: 1.07594e-06
# SampleGasHandlingSystem.RGA.ch2.mass: 4
# SampleGasHandlingSystem.RGA.ch2.readback: 0.0
# SampleGasHandlingSystem.RGA.ch3.mass: 5
# SampleGasHandlingSystem.RGA.ch3.readback: 7.81276e-12
# SampleGasHandlingSystem.RGA.ch4.mass: 5
# SampleGasHandlingSystem.RGA.ch4.readback: 4.78717e-10
# SampleGasHandlingSystem.RGA.ch5.mass: 18
# SampleGasHandlingSystem.RGA.ch5.readback: 2.18695e-09
# SampleGasHandlingSystem.RGA.ch6.mass: 28
# SampleGasHandlingSystem.RGA.ch6.readback: 1.4534e-08
# SampleGasHandlingSystem.RGA.ch7.mass: 32
# SampleGasHandlingSystem.RGA.ch7.readback: 3.07315e-09
# SampleGasHandlingSystem.RGA.ch8.mass: 41
# SampleGasHandlingSystem.RGA.ch8.readback: 1.11477e-11
# SampleGasHandlingSystem.RGA.ch9.mass: 44
# SampleGasHandlingSystem.RGA.ch9.readback: 2.07863e-10
# energy  i0  it  ir  iff  aux1  aux2  aux3  aux4
10167.000000 -2.984507e-05 -7.015462e-07 -2.028047e-07 -9.995076e-07 4.809717e-05 -2.148799e-05 -4.730410e-05 2.307022e-05
10172.000000 -2.971900e-05 -6.960971e-07 -2.004014e-07 -9.968372e-07 5.110540e-05 -1.139564e-05 -4.110477e-05 5.595976e-05
10177.000000 -2.966380e-05 -6.958527e-07 -1.981921e-07 -9.962898e-07 4.863771e-05 -9.285105e-06 -3.991864e-05 3.695779e-05
10182.000000 -2.961528e-05 -6.976433e-07 -1.951042e-07 -9.971881e-07 4.957097e-05 -2.949751e-05 -5.077441e-05 1.577297e-05
10187.000000 -2.961426e-05 -6.975115e-07 -1.879312e-07 -1.000573e-06 5.385984e-05 -3.070628e-05 -4.017806e-05 1.611028e-05
10192.000000 -2.960511e-05 -7.013574e-07 -1.723530e-07 -1.002551e-06 4.892325e-05 -3.240213e-05 -3.992442e-05 1.200318e-05
10197.000000 -2.968483e-05 -7.043148e-07 -1.269745e-07 -1.007792e-06 5.843434e-05 -3.609128e-05 -4.374746e-05 1.307488e-05
10202.000000 -2.966909e-05 -7.063216e-07 -4.049667e-08 -1.010009e-06 5.213876e-05 -4.451116e-05 -4.286071e-05 1.236215e-05
10207.000000 -2.963622e-05 -7.089399e-07 -1.710057e-08 -1.011341e-06 4.136330e-05 -4.259711e-05 -4.612038e-05 1.275680e-05
10212.000000 -2.959895e-05 -7.112841e-07 -3.464597e-08 -1.012167e-06 4.134069e-05 -3.428344e-05 -3.260730e-05 6.637941e-06
10217.000000 -2.950351e-05 -7.125337e-07 -4.486741e-08 -1.010547e-06 4.199788e-05 -5.892143e-05 -4.081187e-05 1.007574e-05
10222.000000 -2.944664e-05 -7.144269e-07 -5.292016e-08 -1.010432e-06 4.029475e-05 -4.165612e-05 -4.282477e-05 2.402331e-05
10227.000000 -2.933699e-05 -7.140452e-07 -5.833350e-08 -1.008766e-06 4.243553e-05 -2.882097e-05 -3.858805e-05 5.428313e-05
10232.000000 -2.904417e-05 -7.101805e-07 -6.011522e-08 -1.000448e-06 4.225507e-05 -3.650649e-05 -4.067702e-05 6.726190e-05
10237.000000 -2.926087e-05 -7.168785e-07 -6.203854e-08 -1.011786e-06 3.928240e-05 -5.735508e-05 -2.988838e-05 6.970744e-05
10242.000000 -2.930820e-05 -7.209725e-07 -6.358967e-08 -1.016947e-06 4.255958e-05 -4.886123e-05 -2.973938e-05 3.282773e-05
10247.000000 -2.918574e-05 -7.216784e-07 -6.627676e-08 -1.015357e-06 4.433976e-05 -4.201338e-05 -4.767780e-05 1.352892e-05
10252.000000 -2.918821e-05 -7.239594e-07 -6.579197e-08 -1.018286e-06 4.933806e-05 -5.422268e-05 -5.047941e-05 1.607201e-05
10257.000000 -2.921282e-05 -7.271941e-07 -6.332813e-08 -1.022055e-06 5.167622e-05 -5.762392e-05 -3.993013e-05 1.393337e-05
10262.000000 -2.914158e-05 -7.294134e-07 -6.302938e-08 -1.022267e-06 4.727910e-05 -5.866763e-05 -2.805853e-05 2.027625e-05
10267.000000 -2.915536e-05 -7.331505e-07 -6.443153e-08 -1.025804e-06 4.821833e-05 -6.319005e-05 -3.779096e-05 1.738895e-05
10272.000000 -2.914434e-05 -7.365789e-07 -6.520531e-08 -1.028911e-06 4.771703e-05 -7.434491e-05 -4.083344e-05 1.880146e-05
10277.000000 -2.904713e-05 -7.367856e-07 -6.458448e-08 -1.028278e-06 5.168001e-05 -6.367378e-05 -4.824993e-05 1.698418e-05
10282.000000 -2.897869e-05 -7.384151e-07 -6.389986e-08 -1.029366e-06 4.793678e-05 -3.102567e-05 -4.323900e-05 1.558624e-05
10287.000000 -2.903154e-05 -7.425895e-07 -6.485406e-08 -1.034252e-06 5.171605e-05 -4.049475e-05 -3.225757e-05 2.067973e-05
10292.000000 -2.897468e-05 -7.463643e-07 -6.725991e-08 -1.034982e-06 5.562130e-05 -2.530608e-05 -4.229711e-05 1.936428e-05
10297.000000 -2.887654e-05 -7.472246e-07 -6.812155e-08 -1.033945e-06 5.685072e-05 -4.496947e-05 -4.320505e-05 1.255846e-05
10302.000000 -2.884254e-05 -7.495343e-07 -6.773826e-08 -1.035377e-06 5.542668e-05 -5.514360e-05 -3.638678e-05 8.792339e-06
10307.000000 -2.885428e-05 -7.526648e-07 -6.789818e-08 -1.038531e-06 5.238034e-05 -6.507253e-05 -4.025170e-05 5.861919e-06
10312.000000 -2.879676e-05 -7.554979e-07 -6.801145e-08 -1.038819e-06 4.030081e-05 -7.651182e-05 -4.341678e-05 8.902182e-06
10317.000000 -2.879518e-05 -7.588138e-07 -6.784601e-08 -1.042321e-06 3.655549e-05 -4.607878e-05 -4.253984e-05 1.424343e-05
10322.000000 -2.879898e-05 -7.624983e-07 -6.771594e-08 -1.046229e-06 4.447432e-05 -3.730623e-05 -4.629354e-05 1.168259e-05
10327.000000 -2.873784e-05 -7.638744e-07 -6.707911e-08 -1.047492e-06 4.594954e-05 -2.647283e-05 -3.772501e-05 7.554264e-06
10332.000000 -2.861609e-05 -7.634150e-07 -6.630305e-08 -1.047312e-06 4.792534e-05 -1.136494e-05 -3.282055e-05 1.185895e-05
10337.000000 -2.869547e-05 -7.695277e-07 -6.673714e-08 -1.054265e-06 5.449632e-05 -1.226231e-05 -3.325556e-05 1.444325e-05
10341.000000 -2.864762e-05 -7.713244e-07 -6.736468e-08 -1.056353e-06 6.075738e-05 -2.243668e-05 -3.715226e-05 1.191096e-05
10344.000000 -2.864530e-05 -7.731591e-07 -6.811954e-08 -1.059471e-06 6.799196e-05 -1.221485e-05 -3.961611e-05 1.358763e-05
10346.000000 -2.864115e-05 -7.750438e-07 -6.899361e-08 -1.061710e-06 6.497098e-05 2.372513e-05 -3.317530e-05 2.190852e-05
10347.000000 -2.862182e-05 -7.748002e-07 -6.938125e-08 -1.061923e-06 6.365379e-05 1.307544e-05 -4.490146e-05 3.249582e-05
10347.200000 -2.860066e-05 -7.732758e-07 -6.941995e-08 -1.061480e-06 6.173865e-05 5.758425e-06 -4.770811e-05 3.407731e-05
10347.400000 -2.861055e-05 -7.736258e-07 -6.947184e-08 -1.062702e-06 7.040476e-05 3.290827e-05 -4.133043e-05 2.619983e-05
10347.600000 -2.859452e-05 -7.736579e-07 -6.951029e-08 -1.062034e-06 7.352736e-05 3.647608e-05 -2.839013e-05 3.056769e-05
10347.800000 -2.859529e-05 -7.750088e-07 -6.970285e-08 -1.062346e-06 7.467603e-05 3.703992e-05 -3.098532e-05 3.311157e-05
10348.000000 -2.861744e-05 -7.746334e-07 -6.985042e-08 -1.063702e-06 8.098788e-05 3.031648e-05 -3.256754e-05 3.535794e-05
10348.200000 -2.861795e-05 -7.737338e-07 -6.990114e-08 -1.063779e-06 7.804263e-05 5.189972e-05 -3.665762e-05 3.990053e-05
10348.400000 -2.862599e-05 -7.748748e-07 -7.012765e-08 -1.064259e-06 7.587606e-05 4.868936e-05 -3.772818e-05 3.102851e-05
10348.600000 -2.856208e-05 -7.739584e-07 -7.040924e-08 -1.061693e-06 7.678175e-05 4.050584e-05 -2.927326e-05 3.161924e-05
10348.800000 -2.851655e-05 -7.693269e-07 -7.017227e-08 -1.059763e-06 7.043668e-05 5.059033e-05 -3.705515e-05 2.657340e-05
10349.000000 -2.856950e-05 -7.743234e-07 -7.048611e-08 -1.062545e-06 6.757196e-05 4.907387e-05 -5.355537e-05 1.527757e-05
10349.200000 -2.858892e-05 -7.748352e-07 -7.058030e-08 -1.064179e-06 7.412844e-05 3.845869e-05 -4.787976e-05 1.098986e-05
10349.400000 -2.858634e-05 -7.730430e-07 -7.039309e-08 -1.064588e-06 8.375119e-05 2.000222e-05 -3.904470e-05 1.391884e-05
10349.600000 -2.855629e-05 -7.724217e-07 -7.062080e-08 -1.063281e-06 7.857809e-05 2.178518e-05 -4.446112e-05 1.000410e-05
10349.800000 -2.857303e-05 -7.733150e-07 -7.053194e-08 -1.064562e-06 7.230495e-05 4.800773e-05 -4.004661e-05 7.448853e-06
10350.000000 -2.859369e-05 -7.745313e-07 -7.058597e-08 -1.065784e-06 7.508320e-05 5.439130e-05 -4.182387e-05 6.557001e-06
10350.200000 -2.859084e-05 -7.734722e-07 -7.054091e-08 -1.066490e-06 7.208660e-05 2.750317e-05 -4.125408e-05 8.064821e-06
10350.400000 -2.858832e-05 -7.756231e-07 -7.064920e-08 -1.066049e-06 5.729981e-05 1.299862e-05 -3.684109e-05 6.057671e-08
10350.600000 -2.858133e-05 -7.737514e-07 -7.039040e-08 -1.066211e-06 6.200960e-05 3.590423e-05 -2.944807e-05 6.160629e-06
10350.800000 -2.857379e-05 -7.734704e-07 -7.045376e-08 -1.066266e-06 7.153214e-05 1.973153e-05 -1.910564e-05 1.330946e-05
10351.000000 -2.856581e-05 -7.739828e-07 -7.078056e-08 -1.066470e-06 6.514900e-05 3.178965e-05 -2.401405e-05 1.542393e-05
10351.200000 -2.857503e-05 -7.733935e-07 -7.097487e-08 -1.067268e-06 5.926498e-05 3.603710e-05 -1.839901e-05 1.476350e-05
10351.400000 -2.858831e-05 -7.752135e-07 -7.103415e-08 -1.068164e-06 6.015563e-05 4.157886e-05 -2.883832e-05 5.018058e-06
10351.600000 -2.858226e-05 -7.744355e-07 -7.087585e-08 -1.068360e-06 5.539403e-05 3.965384e-05 -2.357614e-05 6.438245e-06
10351.800000 -2.858185e-05 -7.755666e-07 -7.087344e-08 -1.068109e-06 5.355281e-05 3.822539e-05 -3.985931e-05 1.352736e-06
10352.000000 -2.852897e-05 -7.711690e-07 -7.047315e-08 -1.066317e-06 5.561913e-05 5.388805e-05 -2.842356e-05 5.070114e-06
10352.200000 -2.845113e-05 -7.720466e-07 -7.077669e-08 -1.062982e-06 5.584392e-05 2.904493e-05 -1.736546e-05 1.468717e-05
10352.400000 -2.838362e-05 -7.714213e-07 -7.100645e-08 -1.060014e-06 3.780775e-05 5.896362e-05 -2.674259e-05 1.170626e-05
10352.600000 -2.826855e-05 -7.558451e-07 -6.985476e-08 -1.056750e-06 4.146702e-05 4.441540e-05 -2.653007e-05 1.100351e-05
10352.800000 -2.829210e-05 -7.646906e-07 -7.061768e-08 -1.057124e-06 4.633758e-05 3.939880e-05 -3.819015e-05 1.425023e-05
10353.000000 -2.832036e-05 -7.627266e-07 -7.061547e-08 -1.058755e-06 5.172544e-05 6.147623e-05 -3.538380e-05 1.945205e-05
10353.200000 -2.835125e-05 -7.617032e-07 -7.055432e-08 -1.060526e-06 5.493133e-05 5.325970e-05 -3.417014e-05 9.904272e-06
10353.400000 -2.847696e-05 -7.722715e-07 -7.149056e-08 -1.065976e-06 4.422840e-05 4.485361e-05 -3.418277e-05 1.113396e-05
10353.600000 -2.846344e-05 -7.739235e-07 -7.156352e-08 -1.066419e-06 5.609682e-05 6.300277e-05 -4.161501e-05 1.357487e-05
10353.800000 -2.842902e-05 -7.706936e-07 -7.127042e-08 -1.065584e-06 5.711342e-05 4.612041e-05 -4.872846e-05 1.477620e-05
10354.000000 -2.841843e-05 -7.693062e-07 -7.106499e-08 -1.065210e-06 5.401701e-05 4.781726e-05 -4.916977e-05 1.767913e-05
10354.200000 -2.842457e-05 -7.719040e-07 -7.125643e-08 -1.065985e-06 5.683869e-05 7.672545e-05 -5.223317e-05 9.165298e-06
10354.400000 -2.846566e-05 -7.762093e-07 -7.156856e-08 -1.068027e-06 6.238509e-05 8.176897e-05 -4.674537e-05 1.563065e-05
10354.600000 -2.844571e-05 -7.693301e-07 -7.105407e-08 -1.068025e-06 6.660505e-05 9.373900e-05 -4.313843e-05 8.277150e-06
10354.800000 -2.846034e-05 -7.714045e-07 -7.132842e-08 -1.068594e-06 6.045526e-05 9.670505e-05 -3.204595e-05 2.465567e-05
10355.000000 -2.849559e-05 -7.716605e-07 -7.129585e-08 -1.071168e-06 6.142306e-05 1.021286e-04 -4.861830e-05 2.503910e-05
10355.200000 -2.852731e-05 -7.750921e-07 -7.195316e-08 -1.073125e-06 5.374831e-05 1.006621e-04 -5.418535e-05 1.829977e-05
10355.400000 -2.850000e-05 -7.743597e-07 -7.187407e-08 -1.072121e-06 5.272965e-05 9.653152e-05 -3.888482e-05 1.838551e-05
10355.600000 -2.844781e-05 -7.719930e-07 -7.181828e-08 -1.070702e-06 5.799312e-05 9.983876e-05 -4.564823e-05 1.261735e-05
10355.800000 -2.850431e-05 -7.731381e-07 -7.178588e-08 -1.073843e-06 5.413085e-05 8.547077e-05 -5.353079e-05 4.465388e-06
10356.000000 -2.853439e-05 -7.756136e-07 -7.189652e-08 -1.075328e-06 6.230893e-05 8.310655e-05 -5.901071e-05 1.548459e-05
10356.200000 -2.853261e-05 -7.759981e-07 -7.193367e-08 -1.075908e-06 6.542370e-05 1.001595e-04 -5.291664e-05 1.895777e-05
10356.400000 -2.853222e-05 -7.766829e-07 -7.205939e-08 -1.076486e-06 5.821235e-05 8.558633e-05 -4.985180e-05 2.085356e-05
10356.600000 -2.851545e-05 -7.749052e-07 -7.197257e-08 -1.076162e-06 6.086689e-05 7.894231e-05 -4.373416e-05 2.628640e-05
10356.800000 -2.845192e-05 -7.740521e-07 -7.192566e-08 -1.074350e-06 6.460841e-05 7.534784e-05 -4.250044e-05 2.813553e-05
10357.000000 -2.844746e-05 -7.740578e-07 -7.167993e-08 -1.074803e-06 6.322502e-05 7.351902e-05 -3.791188e-05 3.174335e-05
10357.200000 -2.845710e-05 -7.735936e-07 -7.151714e-08 -1.075277e-06 4.958843e-05 8.448025e-05 -3.141565e-05 2.790779e-05
10357.400000 -2.842434e-05 -7.733298e-07 -7.151335e-08 -1.074817e-06 4.909544e-05 7.578894e-05 -3.723049e-05 1.693114e-05
10357.600000 -2.840450e-05 -7.705250e-07 -7.132631e-08 -1.074428e-06 5.712206e-05 6.057035e-05 -4.183913e-05 9.553948e-06
10357.800000 -2.831938e-05 -7.650363e-07 -7.110549e-08 -1.071607e-06 5.698643e-05 4.232004e-05 -3.513984e-05 1.017006e-05
10358.000000 -2.835365e-05 -7.697810e-07 -7.172545e-08 -1.073681e-06 6.384509e-05 6.318672e-05 -2.795640e-05 2.157053e-05
10358.200000 -2.837097e-05 -7.712022e-07 -7.188062e-08 -1.074742e-06 6.474506e-05 9.696122e-05 -4.699664e-05 6.465318e-06
10358.400000 -2.834855e-05 -7.676761e-07 -7.149299e-08 -1.075285e-06 5.621799e-05 6.809404e-05 -5.023036e-05 2.251655e-06
10358.600000 -2.841248e-05 -7.747400e-07 -7.185760e-08 -1.078927e-06 5.756771e-05 6.409610e-05 -3.419686e-05 3.576962e-06
10358.800000 -2.842069e-05 -7.716929e-07 -7.158910e-08 -1.079790e-06 5.384022e-05 7.815483e-05 -3.262929e-05 8.118188e-06
10359.000000 -2.839763e-05 -7.712548e-07 -7.167393e-08 -1.079380e-06 5.260572e-05 7.917391e-05 -3.252415e-05 2.464544e-06
10359.200000 -2.837023e-05 -7.699947e-07 -7.160036e-08 -1.078979e-06 5.753081e-05 7.746492e-05 -3.133769e-05 6.330609e-06
10359.400000 -2.838028e-05 -7.698033e-07 -7.160763e-08 -1.080709e-06 6.551432e-05 6.276630e-05 -4.431937e-05 8.758044e-07
10359.600000 -2.838744e-05 -7.730868e-07 -7.176340e-08 -1.082305e-06 5.224924e-05 4.079044e-05 -3.396521e-05 3.020037e-06
10359.800000 -2.841530e-05 -7.706950e-07 -7.160448e-08 -1.084528e-06 5.744468e-05 4.868640e-05 -3.881174e-05 9.253364e-06
10360.000000 -2.844708e-05 -7.729126e-07 -7.179773e-08 -1.086537e-06 6.113530e-05 4.915092e-05 -4.096234e-05 4.689661e-06
10360.200000 -2.847295e-05 -7.733865e-07 -7.180050e-08 -1.088191e-06 6.747906e-05 5.468909e-05 -3.061710e-05 7.844610e-06
10360.400000 -2.847938e-05 -7.739738e-07 -7.200468e-08 -1.089388e-06 6.232786e-05 5.798484e-05 -2.899389e-05 -3.778976e-06
10360.600000 -2.845963e-05 -7.726168e-07 -7.188915e-08 -1.090405e-06 5.679799e-05 4.412742e-05 -2.312722e-05 5.429006e-06
10360.800000 -2.845884e-05 -7.724549e-07 -7.192557e-08 -1.091150e-06 5.387449e-05 5.190605e-05 -4.255952e-05 1.076437e-05
10361.000000 -2.844489e-05 -7.705846e-07 -7.190682e-08 -1.091787e-06 5.513594e-05 3.305115e-05 -3.867617e-05 2.213522e-05
10361.200000 -2.844798e-05 -7.715417e-07 -7.191087e-08 -1.093018e-06 5.070611e-05 4.504192e-05 -3.897633e-05 2.209373e-05
10361.400000 -2.846459e-05 -7.728504e-07 -7.187967e-08 -1.094688e-06 5.647970e-05 5.390267e-05 -4.659844e-05 5.754490e-06
10361.600000 -2.839365e-05 -7.690120e-07 -7.173830e-08 -1.092952e-06 5.403903e-05 5.818650e-05 -3.863181e-05 -2.732171e-06
10361.800000 -2.837159e-05 -7.700802e-07 -7.157462e-08 -1.093517e-06 5.597361e-05 5.538733e-05 -3.153155e-05 8.471593e-06
10362.000000 -2.836043e-05 -7.693300e-07 -7.162211e-08 -1.094520e-06 6.245059e-05 5.058074e-05 -2.242525e-05 8.032850e-06
10362.200000 -2.837623e-05 -7.692132e-07 -7.139032e-08 -1.096246e-06 5.937068e-05 5.491777e-05 -1.952512e-05 1.137726e-05
10362.400000 -2.838449e-05 -7.692879e-07 -7.132984e-08 -1.098005e-06 5.188413e-05 4.285873e-05 -3.038255e-05 1.196263e-05
10362.600000 -2.840557e-05 -7.691946e-07 -7.124429e-08 -1.100872e-06 5.744287e-05 5.733095e-05 -2.413003e-05 1.534303e-05
10362.800000 -2.844960e-05 -7.729788e-07 -7.161554e-08 -1.104780e-06 6.234602e-05 5.382410e-05 -2.729097e-05 9.814392e-06
10363.000000 -2.843505e-05 -7.701980e-07 -7.151514e-08 -1.105750e-06 5.889957e-05 6.364194e-05 -3.691962e-05 6.956471e-07
10363.200000 -2.840026e-05 -7.695907e-07 -7.143784e-08 -1.105833e-06 5.920987e-05 6.800287e-05 -2.576837e-05 8.339190e-06
10363.400000 -2.838562e-05 -7.684981e-07 -7.128793e-08 -1.107306e-06 5.479259e-05 6.289194e-05 -1.745149e-05 1.471207e-05
10363.600000 -2.842813e-05 -7.695669e-07 -7.146713e-08 -1.111132e-06 5.154368e-05 6.896529e-05 -1.476956e-05 7.382705e-06
10363.800000 -2.843622e-05 -7.691070e-07 -7.143253e-08 -1.113158e-06 5.248358e-05 5.335471e-05 -3.960179e-05 9.485142e-06
10364.000000 -2.843175e-05 -7.696621e-07 -7.138577e-08 -1.115398e-06 5.705028e-05 7.426462e-05 -4.242960e-05 1.271397e-05
10364.200000 -2.844280e-05 -7.715686e-07 -7.158446e-08 -1.118150e-06 5.765901e-05 9.920328e-05 -3.373435e-05 2.737065e-05
10364.400000 -2.842619e-05 -7.695229e-07 -7.136142e-08 -1.120095e-06 4.922079e-05 8.424350e-05 -3.239208e-05 2.878992e-05
10364.600000 -2.842547e-05 -7.690457e-07 -7.152604e-08 -1.122362e-06 5.394390e-05 1.003401e-04 -1.898364e-05 2.424610e-05
10364.800000 -2.840844e-05 -7.686439e-07 -7.160703e-08 -1.124884e-06 5.857843e-05 9.207790e-05 -9.521963e-06 3.202982e-05
10365.000000 -2.840774e-05 -7.677573e-07 -7.157422e-08 -1.127562e-06 5.235213e-05 8.195424e-05 -3.070595e-06 1.180545e-05
10365.200000 -2.841945e-05 -7.674867e-07 -7.140926e-08 -1.131338e-06 6.189354e-05 8.852873e-05 -6.411218e-06 8.040179e-06
10365.400000 -2.842571e-05 -7.683137e-07 -7.143777e-08 -1.134610e-06 5.492147e-05 1.081783e-04 -2.252385e-05 1.005412e-06
10365.600000 -2.840936e-05 -7.652129e-07 -7.116157e-08 -1.137807e-06 6.043244e-05 1.175340e-04 -2.629595e-05 1.103175e-05
10365.800000 -2.839932e-05 -7.647060e-07 -7.112906e-08 -1.141143e-06 6.944395e-05 9.784955e-05 -2.760611e-05 6.680740e-06
10366.000000 -2.840070e-05 -7.654725e-07 -7.112831e-08 -1.145452e-06 6.603846e-05 1.179907e-04 -2.790227e-05 9.268383e-06
10366.200000 -2.839491e-05 -7.658472e-07 -7.108717e-08 -1.149477e-06 7.022024e-05 1.193038e-04 -2.002384e-05 1.530089e-05
10366.400000 -2.837055e-05 -7.631937e-07 -7.080890e-08 -1.153788e-06 6.547853e-05 1.045592e-04 -2.864980e-05 1.019841e-05
10366.600000 -2.835730e-05 -7.633050e-07 -7.050582e-08 -1.158892e-06 5.736725e-05 6.019250e-05 -2.703055e-05 5.156354e-06
10366.800000 -2.837512e-05 -7.623755e-07 -7.031521e-08 -1.165404e-06 5.118218e-05 7.730036e-05 -2.888286e-05 4.568809e-06
10367.000000 -2.839630e-05 -7.619230e-07 -7.052728e-08 -1.173137e-06 5.825179e-05 6.271212e-05 -2.123206e-05 9.435537e-06
10367.200000 -2.840063e-05 -7.607821e-07 -7.058193e-08 -1.180681e-06 6.346787e-05 6.072735e-05 -2.439398e-05 6.732228e-06
10367.400000 -2.839464e-05 -7.586946e-07 -7.032697e-08 -1.188117e-06 6.407387e-05 8.607027e-05 -2.551100e-05 4.914548e-05
10367.600000 -2.839257e-05 -7.594051e-07 -7.048218e-08 -1.198016e-06 6.963071e-05 8.110257e-05 -1.752959e-05 5.200066e-05
10367.800000 -2.835917e-05 -7.561216e-07 -7.019264e-08 -1.207215e-06 6.434925e-05 8.726214e-05 -2.073668e-05 6.039885e-05
10368.000000 -2.835519e-05 -7.532225e-07 -6.972767e-08 -1.218445e-06 6.402292e-05 7.923698e-05 -1.920515e-05 7.195205e-05
10368.200000 -2.834428e-05 -7.519914e-07 -6.944571e-08 -1.231180e-06 7.189589e-05 5.366469e-05 -2.032770e-05 6.989552e-05
10368.400000 -2.836956e-05 -7.486284e-07 -6.936782e-08 -1.248217e-06 7.203961e-05 5.391103e-05 -1.601235e-05 6.864404e-05
10368.600000 -2.839348e-05 -7.477290e-07 -6.928914e-08 -1.266683e-06 6.146196e-05 5.581165e-05 -2.232716e-05 5.738963e-05
10368.800000 -2.838147e-05 -7.428468e-07 -6.886827e-08 -1.285276e-06 6.501382e-05 5.595966e-05 -1.732337e-05 6.093874e-05
10369.000000 -2.839408e-05 -7.411228e-07 -6.875080e-08 -1.306983e-06 7.746519e-05 6.597926e-05 -2.021740e-05 5.324131e-05
10369.200000 -2.838678e-05 -7.390667e-07 -6.855633e-08 -1.330521e-06 7.303348e-05 3.702164e-05 -1.211334e-05 3.724764e-05
10369.400000 -2.838339e-05 -7.342643e-07 -6.826556e-08 -1.356385e-06 6.824942e-05 5.571267e-05 -2.667488e-05 1.488594e-06
10369.600000 -2.838339e-05 -7.293014e-07 -6.775403e-08 -1.384710e-06 6.017722e-05 6.554621e-05 -1.961015e-05 1.528112e-05
10369.800000 -2.838329e-05 -7.257487e-07 -6.749428e-08 -1.414888e-06 5.927176e-05 7.205435e-05 -3.772813e-05 1.711058e-05
10370.000000 -2.834035e-05 -7.171638e-07 -6.672046e-08 -1.445823e-06 6.304059e-05 6.198301e-05 -2.909551e-05 2.919437e-05
10370.200000 -2.833335e-05 -7.116040e-07 -6.610527e-08 -1.481066e-06 7.255736e-05 3.609994e-05 -2.008671e-05 1.978804e-05
10370.400000 -2.829757e-05 -7.062911e-07 -6.552578e-08 -1.517334e-06 8.941834e-05 2.870199e-05 -2.888912e-05 1.039515e-05
10370.600000 -2.833478e-05 -7.025732e-07 -6.516867e-08 -1.561744e-06 8.094601e-05 4.719230e-05 -3.283209e-05 1.047980e-05
10370.800000 -2.834547e-05 -6.952738e-07 -6.461244e-08 -1.607495e-06 8.304698e-05 6.212752e-05 -3.467998e-05 1.323472e-05
10371.000000 -2.835807e-05 -6.898583e-07 -6.401583e-08 -1.656881e-06 8.533075e-05 4.611255e-05 -3.430405e-05 1.014274e-05
10371.200000 -2.833418e-05 -6.826136e-07 -6.332544e-08 -1.708399e-06 8.774072e-05 5.525975e-05 -2.355914e-05 6.333934e-06
10371.400000 -2.833403e-05 -6.761618e-07 -6.288895e-08 -1.765179e-06 8.629021e-05 6.700162e-05 -2.494833e-05 1.710610e-05
10371.600000 -2.832843e-05 -6.679484e-07 -6.202042e-08 -1.826831e-06 7.593930e-05 4.921961e-05 -2.815995e-05 2.114729e-05
10371.800000 -2.830394e-05 -6.596575e-07 -6.122749e-08 -1.890816e-06 7.540977e-05 4.963586e-05 -4.100778e-05 2.470472e-05
10372.000000 -2.830062e-05 -6.513161e-07 -6.017192e-08 -1.961492e-06 7.486925e-05 7.261671e-05 -3.717234e-05 2.652063e-05
10372.200000 -2.829400e-05 -6.424278e-07 -5.936328e-08 -2.034468e-06 7.083697e-05 6.400720e-05 -4.131170e-05 2.266551e-05
10372.400000 -2.830647e-05 -6.344658e-07 -5.855374e-08 -2.112476e-06 6.487209e-05 5.189350e-05 -3.694006e-05 2.585158e-05
10372.600000 -2.830873e-05 -6.250494e-07 -5.759628e-08 -2.190370e-06 6.204121e-05 4.300329e-05 -3.170169e-05 2.831793e-05
10372.800000 -2.830525e-05 -6.161619e-07 -5.692621e-08 -2.267813e-06 5.567946e-05 6.401804e-05 -2.467616e-05 3.156268e-05
10373.000000 -2.829916e-05 -6.085628e-07 -5.628864e-08 -2.341478e-06 6.164585e-05 9.139474e-05 -2.048817e-05 2.536692e-05
10373.200000 -2.827510e-05 -5.990232e-07 -5.559484e-08 -2.409586e-06 7.619065e-05 7.002213e-05 -2.701358e-05 3.238775e-05
10373.400000 -2.829336e-05 -5.920008e-07 -5.480731e-08 -2.477955e-06 7.446453e-05 5.945890e-05 -2.224291e-05 2.708629e-05
10373.600000 -2.830696e-05 -5.878047e-07 -5.421029e-08 -2.537407e-06 6.129259e-05 7.775235e-05 -3.343584e-05 1.402945e-05
10373.800000 -2.831539e-05 -5.828744e-07 -5.370380e-08 -2.591146e-06 6.522397e-05 7.122786e-05 -2.844947e-05 2.318480e-05
10374.000000 -2.831463e-05 -5.786134e-07 -5.327750e-08 -2.634990e-06 5.276262e-05 5.352728e-05 -2.188713e-05 2.518272e-05
10374.200000 -2.825551e-05 -5.746961e-07 -5.295629e-08 -2.663408e-06 6.119788e-05 8.386108e-05 -1.107899e-05 2.790972e-05
10374.400000 -2.818547e-05 -5.694050e-07 -5.256968e-08 -2.683795e-06 5.876013e-05 8.750323e-05 -1.674650e-05 3.086726e-05
10374.600000 -2.813649e-05 -5.593266e-07 -5.159338e-08 -2.703886e-06 6.019599e-05 9.552606e-05 -9.059787e-06 2.306719e-05
10374.800000 -2.825656e-05 -5.646221e-07 -5.207498e-08 -2.740837e-06 6.838132e-05 7.509466e-05 -1.642052e-05 1.955198e-05
10375.000000 -2.833994e-05 -5.646814e-07 -5.212128e-08 -2.771825e-06 6.821005e-05 6.236549e-05 -1.887931e-05 1.320531e-05
10375.200000 -2.839230e-05 -5.670679e-07 -5.230334e-08 -2.796244e-06 5.635258e-05 5.138022e-05 -1.484781e-05 2.365601e-05
10375.400000 -2.840057e-05 -5.645516e-07 -5.214511e-08 -2.811611e-06 5.675105e-05 6.513424e-05 -1.704407e-05 1.746739e-05
10375.600000 -2.838282e-05 -5.637744e-07 -5.189695e-08 -2.822774e-06 6.001894e-05 5.271070e-05 -2.561291e-05 9.782581e-06
10375.800000 -2.841136e-05 -5.641095e-07 -5.168908e-08 -2.837184e-06 6.510238e-05 5.793419e-05 -3.518152e-05 3.199237e-06
10376.000000 -2.838727e-05 -5.613912e-07 -5.150955e-08 -2.843588e-06 6.996242e-05 6.107009e-05 -3.872969e-05 6.842218e-06
10376.200000 -2.839879e-05 -5.602985e-07 -5.155612e-08 -2.853775e-06 6.368809e-05 4.471745e-05 -3.594629e-05 5.190226e-06
10376.400000 -2.840006e-05 -5.601418e-07 -5.160948e-08 -2.861356e-06 6.867200e-05 9.040679e-05 -2.978731e-05 1.026812e-05
10376.600000 -2.839338e-05 -5.595486e-07 -5.152692e-08 -2.862972e-06 6.252483e-05 9.871813e-05 -2.584244e-05 -2.728640e-06
10376.800000 -2.836089e-05 -5.583737e-07 -5.139616e-08 -2.859337e-06 5.254620e-05 7.727369e-05 -3.439004e-05 -2.035226e-06
10377.000000 -2.830277e-05 -5.571252e-07 -5.123407e-08 -2.847457e-06 4.588460e-05 8.211853e-05 -3.845994e-05 5.220127e-06
10377.200000 -2.824905e-05 -5.558933e-07 -5.109118e-08 -2.832342e-06 5.065346e-05 6.630822e-05 -2.365600e-05 3.093447e-06
10377.400000 -2.829658e-05 -5.586626e-07 -5.111442e-08 -2.829307e-06 5.432103e-05 4.888462e-05 -1.903796e-05 1.398168e-05
10377.600000 -2.832644e-05 -5.598308e-07 -5.128569e-08 -2.819361e-06 5.471853e-05 2.969190e-05 -1.143946e-05 1.133731e-05
10377.800000 -2.829104e-05 -5.602422e-07 -5.153101e-08 -2.795402e-06 5.768276e-05 2.709021e-05 -1.605056e-05 5.990766e-06
10378.000000 -2.831541e-05 -5.649334e-07 -5.199656e-08 -2.776474e-06 6.595977e-05 2.438534e-05 -2.866850e-05 -3.412583e-06
10378.200000 -2.836012e-05 -5.687455e-07 -5.214061e-08 -2.757967e-06 7.297770e-05 1.855319e-05 -2.523703e-05 7.997634e-07
10378.400000 -2.835602e-05 -5.713185e-07 -5.221110e-08 -2.730498e-06 6.473316e-05 1.783920e-05 -1.487123e-05 7.969238e-06
10378.600000 -2.834724e-05 -5.713871e-07 -5.232616e-08 -2.699942e-06 7.129077e-05 2.244871e-05 -1.837587e-05 -3.134120e-06
10378.800000 -2.832064e-05 -5.741245e-07 -5.263324e-08 -2.667430e-06 6.719029e-05 2.973970e-05 -3.532876e-05 -1.133319e-05
10379.000000 -2.834021e-05 -5.783933e-07 -5.306979e-08 -2.639535e-06 6.396434e-05 2.473502e-05 -3.983567e-05 9.153820e-06
10379.200000 -2.836806e-05 -5.836641e-07 -5.358275e-08 -2.612116e-06 6.151061e-05 1.495245e-05 -3.683199e-05 1.620092e-05
10379.400000 -2.836054e-05 -5.842207e-07 -5.367012e-08 -2.580679e-06 6.656561e-05 1.743901e-05 -3.009356e-05 1.717014e-05
10379.600000 -2.837075e-05 -5.886131e-07 -5.415077e-08 -2.549609e-06 6.043305e-05 2.428833e-05 -3.016436e-05 1.479181e-05
10379.800000 -2.836619e-05 -5.926083e-07 -5.444571e-08 -2.516612e-06 5.698256e-05 7.544532e-05 -3.273400e-05 1.045279e-05
10380.000000 -2.836306e-05 -5.964737e-07 -5.454827e-08 -2.482071e-06 5.463377e-05 6.684157e-05 -3.874619e-05 9.148085e-06
10380.200000 -2.825384e-05 -5.953698e-07 -5.444871e-08 -2.435076e-06 5.044229e-05 5.108978e-05 -2.767600e-05 9.093064e-06
10380.400000 -2.824181e-05 -5.985487e-07 -5.485953e-08 -2.398885e-06 5.616997e-05 4.630909e-05 -2.634634e-05 3.966750e-06
10380.600000 -2.832662e-05 -6.079550e-07 -5.566794e-08 -2.374683e-06 5.942317e-05 5.662250e-05 -1.955491e-05 8.469281e-06
10380.800000 -2.833221e-05 -6.087096e-07 -5.601490e-08 -2.340651e-06 5.783526e-05 6.343105e-05 -2.589383e-05 8.636070e-06
10381.000000 -2.833545e-05 -6.112802e-07 -5.632572e-08 -2.305826e-06 5.465462e-05 6.658685e-05 -3.649439e-05 4.106326e-06
10381.200000 -2.833959e-05 -6.179619e-07 -5.693564e-08 -2.271742e-06 4.798166e-05 9.027524e-05 -3.630286e-05 -1.557749e-06
10381.400000 -2.834205e-05 -6.204669e-07 -5.708717e-08 -2.238816e-06 5.816637e-05 8.939089e-05 -2.397624e-05 1.236259e-05
10381.600000 -2.835788e-05 -6.259336e-07 -5.753664e-08 -2.207928e-06 5.569070e-05 7.262323e-05 -3.079412e-05 7.395293e-06
10381.800000 -2.836144e-05 -6.296829e-07 -5.796959e-08 -2.176584e-06 4.969270e-05 7.760581e-05 -3.342828e-05 1.663792e-05
10382.000000 -2.836499e-05 -6.338238e-07 -5.834629e-08 -2.147827e-06 4.943572e-05 8.035597e-05 -4.049752e-05 1.309299e-05
10382.200000 -2.836319e-05 -6.355424e-07 -5.857112e-08 -2.119681e-06 6.008012e-05 6.727226e-05 -4.097494e-05 3.283498e-06
10382.400000 -2.835747e-05 -6.397513e-07 -5.904461e-08 -2.092302e-06 5.672252e-05 7.109910e-05 -3.899287e-05 1.182781e-05
10382.600000 -2.835620e-05 -6.424362e-07 -5.934853e-08 -2.067854e-06 5.432308e-05 1.050895e-04 -4.079199e-05 1.268416e-05
10382.800000 -2.835653e-05 -6.457972e-07 -5.951699e-08 -2.043984e-06 5.044766e-05 1.047237e-04 -3.889428e-05 9.998045e-06
10383.000000 -2.835356e-05 -6.475522e-07 -5.969513e-08 -2.022618e-06 5.321447e-05 9.982786e-05 -3.353694e-05 1.336643e-05
10383.200000 -2.836358e-05 -6.504342e-07 -6.009768e-08 -2.004776e-06 5.511530e-05 8.245770e-05 -3.130213e-05 1.809997e-05
10383.400000 -2.835255e-05 -6.522050e-07 -6.019917e-08 -1.986401e-06 5.324046e-05 7.405009e-05 -3.362883e-05 1.443648e-05
10383.600000 -2.833906e-05 -6.526774e-07 -6.023753e-08 -1.969304e-06 5.869400e-05 1.043573e-04 -3.830082e-05 7.244387e-06
10383.800000 -2.835214e-05 -6.556192e-07 -6.057175e-08 -1.957485e-06 6.217259e-05 9.050947e-05 -3.910477e-05 9.435717e-06
10384.000000 -2.835241e-05 -6.569382e-07 -6.067561e-08 -1.944284e-06 4.724874e-05 6.614785e-05 -3.391951e-05 1.786127e-06
10384.200000 -2.835577e-05 -6.606817e-07 -6.080029e-08 -1.933967e-06 5.589454e-05 8.477568e-05 -4.343120e-05 -2.600694e-06
10384.400000 -2.836070e-05 -6.615803e-07 -6.086312e-08 -1.925639e-06 5.909471e-05 9.463586e-05 -3.993737e-05 -1.736091e-06
10384.600000 -2.834610e-05 -6.618510e-07 -6.090425e-08 -1.916961e-06 5.654192e-05 8.042371e-05 -2.855875e-05 2.284700e-06
10384.800000 -2.831314e-05 -6.610580e-07 -6.090835e-08 -1.906695e-06 7.072929e-05 1.041234e-04 -3.766467e-05 4.768378e-06
10385.000000 -2.833484e-05 -6.622373e-07 -6.127163e-08 -1.902763e-06 7.011237e-05 8.141923e-05 -4.434773e-05 6.766188e-06
10385.200000 -2.834668e-05 -6.636388e-07 -6.138287e-08 -1.899525e-06 7.477934e-05 7.577192e-05 -3.599075e-05 9.153500e-06
10385.400000 -2.833312e-05 -6.637794e-07 -6.130013e-08 -1.893909e-06 7.063113e-05 6.452100e-05 -3.777644e-05 1.539989e-05
10385.600000 -2.832174e-05 -6.649518e-07 -6.112651e-08 -1.889201e-06 6.758023e-05 5.786227e-05 -3.312028e-05 3.504866e-06
10385.800000 -2.832867e-05 -6.647201e-07 -6.112981e-08 -1.887178e-06 6.858684e-05 8.144847e-05 -3.928915e-05 -1.090240e-05
10386.000000 -2.833773e-05 -6.651705e-07 -6.108076e-08 -1.885052e-06 6.540292e-05 7.702555e-05 -3.033830e-05 -5.693910e-06
10386.200000 -2.832993e-05 -6.660580e-07 -6.125719e-08 -1.882852e-06 6.164770e-05 7.816251e-05 -3.098683e-05 4.377799e-06
10386.400000 -2.831470e-05 -6.647383e-07 -6.120084e-08 -1.879832e-06 6.550223e-05 7.338131e-05 -3.205550e-05 5.439351e-06
10386.600000 -2.831345e-05 -6.677331e-07 -6.155318e-08 -1.877883e-06 5.944292e-05 7.891607e-05 -4.499434e-05 -2.518517e-06
10386.800000 -2.831142e-05 -6.654000e-07 -6.106770e-08 -1.877778e-06 6.135851e-05 8.257453e-05 -4.232746e-05 -6.302653e-06
10387.000000 -2.832653e-05 -6.670745e-07 -6.093861e-08 -1.879228e-06 6.385243e-05 8.854405e-05 -3.936674e-05 -2.004211e-06
10387.200000 -2.831678e-05 -6.652604e-07 -6.097514e-08 -1.879485e-06 6.081523e-05 9.901362e-05 -3.787733e-05 -2.989569e-06
10387.400000 -2.831442e-05 -6.664422e-07 -6.101924e-08 -1.881097e-06 5.621385e-05 9.261167e-05 -2.893310e-05 -6.028623e-06
10387.600000 -2.830413e-05 -6.656044e-07 -6.084706e-08 -1.881739e-06 5.598616e-05 8.581450e-05 -2.514466e-05 -3.677627e-07
10387.800000 -2.831135e-05 -6.655693e-07 -6.084461e-08 -1.883701e-06 6.741528e-05 8.810469e-05 -3.491675e-05 -4.191624e-06
10388.000000 -2.830171e-05 -6.658616e-07 -6.087941e-08 -1.886264e-06 6.323345e-05 8.595039e-05 -4.220396e-05 -9.728426e-06
10388.200000 -2.828095e-05 -6.623198e-07 -6.035332e-08 -1.887787e-06 6.369601e-05 8.546510e-05 -2.925428e-05 3.364110e-06
10388.400000 -2.830109e-05 -6.660899e-07 -6.049246e-08 -1.892645e-06 6.262537e-05 9.377932e-05 -3.293090e-05 5.161810e-06
10388.600000 -2.831192e-05 -6.653548e-07 -6.051730e-08 -1.898566e-06 6.672931e-05 7.629719e-05 -4.714684e-05 7.854344e-06
10388.800000 -2.831078e-05 -6.637001e-07 -6.026555e-08 -1.901666e-06 6.898307e-05 8.207125e-05 -3.525786e-05 8.694278e-06
10389.000000 -2.828668e-05 -6.646917e-07 -6.043191e-08 -1.902552e-06 7.169423e-05 6.562590e-05 -2.298911e-05 4.941048e-06
10389.200000 -2.827534e-05 -6.621398e-07 -6.021519e-08 -1.906397e-06 7.949532e-05 7.868266e-05 -2.258886e-05 7.727854e-06
10389.400000 -2.827506e-05 -6.617803e-07 -5.999752e-08 -1.911509e-06 8.472880e-05 6.173258e-05 -3.746693e-05 3.026931e-07
10389.600000 -2.828366e-05 -6.610430e-07 -5.963608e-08 -1.916397e-06 7.115297e-05 5.949508e-05 -3.206309e-05 6.188398e-07
10389.800000 -2.828587e-05 -6.618309e-07 -5.958667e-08 -1.920079e-06 6.027642e-05 7.879150e-05 -3.365188e-05 3.380558e-06
10390.000000 -2.829794e-05 -6.622531e-07 -5.956103e-08 -1.926112e-06 6.360288e-05 9.034818e-05 -4.074563e-05 -4.315862e-06
10390.200000 -2.830358e-05 -6.607639e-07 -5.928915e-08 -1.931451e-06 6.257778e-05 9.988128e-05 -3.166146e-05 2.070544e-06
10390.400000 -2.829768e-05 -6.606734e-07 -5.946420e-08 -1.936273e-06 6.085340e-05 9.059838e-05 -3.428417e-05 -8.092136e-07
10390.600000 -2.829394e-05 -6.598517e-07 -5.915256e-08 -1.940370e-06 6.268636e-05 8.447604e-05 -2.931372e-05 1.385089e-06
10390.800000 -2.824886e-05 -6.554023e-07 -5.880072e-08 -1.941206e-06 6.318708e-05 7.235342e-05 -4.090631e-05 -4.090396e-07
10391.000000 -2.827379e-05 -6.574881e-07 -5.885074e-08 -1.948102e-06 5.467823e-05 9.741829e-05 -4.163831e-05 -6.336844e-06
10391.200000 -2.828839e-05 -6.580672e-07 -5.884301e-08 -1.954412e-06 5.968519e-05 8.739880e-05 -3.812049e-05 -5.279671e-06
10391.400000 -2.828952e-05 -6.583476e-07 -5.865735e-08 -1.959416e-06 6.360550e-05 6.619223e-05 -4.094178e-05 -6.540029e-06
10391.600000 -2.828686e-05 -6.558374e-07 -5.851408e-08 -1.963379e-06 6.448492e-05 8.360006e-05 -1.515595e-05 1.849658e-06
10391.800000 -2.828678e-05 -6.562474e-07 -5.858983e-08 -1.968196e-06 6.898146e-05 1.040095e-04 -2.010932e-05 3.523511e-06
10392.000000 -2.829178e-05 -6.561868e-07 -5.863022e-08 -1.971330e-06 6.440533e-05 8.010632e-05 -3.478727e-05 -3.763701e-06
10392.200000 -2.827420e-05 -6.558341e-07 -5.865579e-08 -1.973072e-06 6.075285e-05 6.490350e-05 -3.978882e-05 -1.934760e-06
10392.400000 -2.826188e-05 -6.537091e-07 -5.855377e-08 -1.975161e-06 5.097511e-05 9.593366e-05 -4.283268e-05 -1.597331e-05
10392.600000 -2.824469e-05 -6.519801e-07 -5.842221e-08 -1.975237e-06 5.588574e-05 7.553897e-05 -3.120768e-05 -5.161487e-06
10392.800000 -2.824618e-05 -6.521793e-07 -5.807534e-08 -1.977800e-06 5.626408e-05 7.902616e-05 -3.223394e-05 -7.736333e-06
10393.000000 -2.826667e-05 -6.557853e-07 -5.834235e-08 -1.982085e-06 6.639468e-05 1.003191e-04 -2.995648e-05 -1.129527e-05
10393.200000 -2.823532e-05 -6.516906e-07 -5.794406e-08 -1.980743e-06 5.949329e-05 1.259618e-04 -3.951800e-05 -9.594100e-06
10393.400000 -2.825716e-05 -6.543048e-07 -5.806789e-08 -1.984196e-06 5.206643e-05 1.161509e-04 -4.012321e-05 -2.485984e-06
10393.600000 -2.824993e-05 -6.544312e-07 -5.799636e-08 -1.984509e-06 5.708999e-05 1.160274e-04 -4.318109e-05 3.734287e-06
10393.800000 -2.817441e-05 -6.491580e-07 -5.749403e-08 -1.978361e-06 6.484923e-05 1.057734e-04 -3.454889e-05 2.206687e-06
10394.000000 -2.820945e-05 -6.523461e-07 -5.762758e-08 -1.982793e-06 7.191329e-05 8.239515e-05 -4.238933e-05 1.525578e-06
10394.200000 -2.822687e-05 -6.503449e-07 -5.729105e-08 -1.984977e-06 7.722207e-05 1.130031e-04 -4.337760e-05 4.545463e-07
10394.400000 -2.824891e-05 -6.533071e-07 -5.755228e-08 -1.988147e-06 6.781840e-05 1.025483e-04 -5.133069e-05 -1.216099e-05
10394.600000 -2.824276e-05 -6.528144e-07 -5.745138e-08 -1.987461e-06 6.746263e-05 9.277197e-05 -3.778426e-05 -1.992205e-06
10394.800000 -2.821695e-05 -6.520785e-07 -5.724159e-08 -1.985217e-06 6.168201e-05 8.016547e-05 -3.190611e-05 -6.831805e-06
10395.000000 -2.823207e-05 -6.544468e-07 -5.726489e-08 -1.984809e-06 6.676190e-05 1.025393e-04 -3.141342e-05 -3.920671e-06
10395.200000 -2.822654e-05 -6.542945e-07 -5.732092e-08 -1.983845e-06 5.310466e-05 9.403630e-05 -1.972647e-05 -1.510236e-06
10395.400000 -2.823928e-05 -6.558777e-07 -5.748493e-08 -1.984460e-06 6.193079e-05 1.120777e-04 -2.202614e-05 4.170350e-06
10395.600000 -2.821883e-05 -6.544653e-07 -5.731834e-08 -1.980971e-06 7.087895e-05 7.684839e-05 -2.871855e-05 8.695513e-06
10395.800000 -2.817497e-05 -6.520154e-07 -5.698565e-08 -1.975346e-06 7.655515e-05 9.779288e-05 -3.770936e-05 -1.044349e-05
10396.000000 -2.818038e-05 -6.516587e-07 -5.698223e-08 -1.973550e-06 7.975248e-05 1.080021e-04 -2.540540e-05 5.365602e-07
10396.200000 -2.815695e-05 -6.519890e-07 -5.678256e-08 -1.967700e-06 6.665177e-05 9.775814e-05 -2.218106e-05 3.580522e-06
10396.400000 -2.818908e-05 -6.551836e-07 -5.684112e-08 -1.966677e-06 6.497627e-05 9.666963e-05 -1.661732e-05 1.202022e-05
10396.600000 -2.822112e-05 -6.556941e-07 -5.699411e-08 -1.966513e-06 6.860437e-05 1.115389e-04 -7.024565e-06 1.590268e-05
10396.800000 -2.820920e-05 -6.570572e-07 -5.724063e-08 -1.961543e-06 6.820120e-05 1.096894e-04 -1.470081e-05 3.861655e-06
10397.000000 -2.821700e-05 -6.571127e-07 -5.713613e-08 -1.957295e-06 6.621699e-05 9.487493e-05 -2.049988e-05 -1.958309e-06
10397.227860 -2.819986e-05 -6.570046e-07 -5.699404e-08 -1.949873e-06 6.076769e-05 8.705874e-05 -1.524629e-05 -1.647102e-07
10397.483581 -2.818231e-05 -6.569086e-07 -5.672836e-08 -1.940494e-06 5.770102e-05 8.192062e-05 -1.700119e-05 -3.412727e-06
10397.767162 -2.817474e-05 -6.586672e-07 -5.663956e-08 -1.930661e-06 5.639816e-05 9.152107e-05 -2.351803e-05 -4.651748e-06
10398.078604 -2.818569e-05 -6.618390e-07 -5.702556e-08 -1.921325e-06 6.791052e-05 7.571487e-05 -2.188272e-05 5.805877e-06
10398.417905 -2.822992e-05 -6.644895e-07 -5.727146e-08 -1.914208e-06 6.341161e-05 7.575652e-05 -9.003719e-06 4.050243e-06
10398.785067 -2.823475e-05 -6.658623e-07 -5.716067e-08 -1.902762e-06 5.972984e-05 8.631935e-05 -9.020582e-06 7.797270e-06
10399.180090 -2.822702e-05 -6.683569e-07 -5.731195e-08 -1.888156e-06 6.033922e-05 8.727048e-05 -1.615886e-05 1.140346e-05
10399.602973 -2.821451e-05 -6.709489e-07 -5.759585e-08 -1.872034e-06 5.930776e-05 1.125468e-04 -2.312113e-05 1.633171e-05
10400.053716 -2.823513e-05 -6.735861e-07 -5.799115e-08 -1.859030e-06 6.108268e-05 8.703170e-05 -2.063816e-05 4.063542e-06
10400.532319 -2.822883e-05 -6.748745e-07 -5.796065e-08 -1.843165e-06 5.755165e-05 8.663679e-05 -1.404488e-05 -2.493062e-06
10401.038783 -2.822546e-05 -6.779333e-07 -5.818141e-08 -1.827838e-06 5.600934e-05 9.330610e-05 -1.596480e-05 2.679433e-06
10401.573107 -2.820760e-05 -6.796053e-07 -5.838418e-08 -1.811232e-06 5.051614e-05 7.913066e-05 -2.025351e-05 5.236043e-07
10402.135292 -2.821192e-05 -6.809374e-07 -5.851933e-08 -1.800206e-06 5.617048e-05 8.015318e-05 -2.217191e-05 -1.154235e-05
10402.725337 -2.821198e-05 -6.833882e-07 -5.876123e-08 -1.791824e-06 6.057705e-05 8.794915e-05 -1.566906e-05 -9.851638e-06
10403.343242 -2.820621e-05 -6.837817e-07 -5.907031e-08 -1.786396e-06 6.667357e-05 9.188195e-05 -1.864993e-05 -5.973305e-06
10403.989008 -2.818223e-05 -6.833167e-07 -5.938972e-08 -1.783951e-06 6.288355e-05 7.739785e-05 -2.847347e-05 -9.815179e-06
10404.662634 -2.819251e-05 -6.837088e-07 -5.940880e-08 -1.788585e-06 6.666445e-05 7.765447e-05 -4.021133e-05 -1.474788e-05
10405.364120 -2.817028e-05 -6.806182e-07 -5.971345e-08 -1.793839e-06 7.473133e-05 7.789632e-05 -4.354163e-05 1.370012e-06
10406.093467 -2.815255e-05 -6.801189e-07 -5.989920e-08 -1.800907e-06 6.853345e-05 9.007151e-05 -3.549643e-05 1.688993e-06
10406.850674 -2.815012e-05 -6.795609e-07 -6.011493e-08 -1.810806e-06 6.854147e-05 7.653958e-05 -3.101917e-05 6.675883e-06
10407.635741 -2.815901e-05 -6.787248e-07 -6.045657e-08 -1.822543e-06 7.773561e-05 8.022860e-05 -2.824316e-05 1.161833e-05
10408.448669 -2.814501e-05 -6.773431e-07 -6.081668e-08 -1.832338e-06 7.643544e-05 9.572012e-05 -3.648316e-05 7.762012e-06
10409.289457 -2.811953e-05 -6.747031e-07 -6.120159e-08 -1.841965e-06 7.208297e-05 7.466616e-05 -4.279718e-05 1.307434e-05
10410.158106 -2.813276e-05 -6.739964e-07 -6.182890e-08 -1.857732e-06 7.721119e-05 7.708924e-05 -4.263438e-05 1.982652e-05
10411.054614 -2.811664e-05 -6.711313e-07 -6.193807e-08 -1.872946e-06 7.698844e-05 6.845216e-05 -5.001221e-05 1.805551e-05
10411.978983 -2.809697e-05 -6.678223e-07 -6.222710e-08 -1.892596e-06 7.307312e-05 6.995363e-05 -6.063498e-05 1.032293e-05
10412.931213 -2.806892e-05 -6.640422e-07 -6.233664e-08 -1.915262e-06 7.333671e-05 8.152117e-05 -4.155399e-05 1.501204e-05
10413.911303 -2.807069e-05 -6.608238e-07 -6.226063e-08 -1.943479e-06 7.224116e-05 9.122645e-05 -4.044236e-05 1.332398e-05
10414.919253 -2.807722e-05 -6.588600e-07 -6.262097e-08 -1.973116e-06 7.362310e-05 9.233379e-05 -4.458119e-05 1.015630e-05
10415.955064 -2.806200e-05 -6.563141e-07 -6.270842e-08 -1.998357e-06 7.817694e-05 7.122673e-05 -3.948335e-05 1.777221e-05
10417.018734 -2.804540e-05 -6.538619e-07 -6.250732e-08 -2.020116e-06 6.919155e-05 5.249900e-05 -2.651190e-05 9.641153e-06
10418.110266 -2.805380e-05 -6.521162e-07 -6.258205e-08 -2.040022e-06 6.671488e-05 6.263379e-05 -2.922424e-05 -4.628795e-07
10419.232723 -2.804651e-05 -6.506105e-07 -6.266463e-08 -2.055460e-06 6.753884e-05 4.967946e-05 -3.905373e-05 1.252080e-07
10420.367373 -2.802589e-05 -6.482097e-07 -6.258098e-08 -2.068373e-06 7.519292e-05 5.386859e-05 -3.623932e-05 4.382231e-06
10421.514214 -2.796006e-05 -6.433470e-07 -6.220507e-08 -2.074301e-06 7.762561e-05 5.845074e-05 -4.943103e-05 -3.223870e-07
10422.673248 -2.779192e-05 -6.353614e-07 -6.122944e-08 -2.066624e-06 7.350551e-05 5.150223e-05 -4.304775e-05 7.110175e-06
10423.844473 -2.783165e-05 -6.365197e-07 -6.107133e-08 -2.079235e-06 7.632297e-05 3.483833e-05 -4.944345e-05 1.059706e-05
10425.027890 -2.781928e-05 -6.359139e-07 -6.098552e-08 -2.083933e-06 7.446239e-05 5.591607e-05 -4.886852e-05 1.049335e-05
10426.223499 -2.783595e-05 -6.370674e-07 -6.099814e-08 -2.088656e-06 7.182034e-05 5.711169e-05 -3.878050e-05 2.145480e-05
10427.431300 -2.779987e-05 -6.361633e-07 -6.062769e-08 -2.088178e-06 6.122011e-05 4.013956e-05 -2.979684e-05 1.379335e-05
10428.651293 -2.779133e-05 -6.354781e-07 -6.047838e-08 -2.089240e-06 6.944965e-05 1.703203e-05 -3.851985e-05 1.186411e-05
10429.883478 -2.784990e-05 -6.380333e-07 -6.081686e-08 -2.095565e-06 6.781915e-05 4.156654e-05 -3.914311e-05 1.589516e-05
10431.127855 -2.785223e-05 -6.379392e-07 -6.085549e-08 -2.095814e-06 7.045313e-05 4.827572e-05 -3.756612e-05 9.952221e-07
10432.384423 -2.786063e-05 -6.393447e-07 -6.110149e-08 -2.093519e-06 6.844669e-05 3.915866e-05 -5.085709e-05 2.495897e-06
10433.653184 -2.786281e-05 -6.405611e-07 -6.126641e-08 -2.085983e-06 6.866431e-05 3.609298e-05 -4.518125e-05 2.213196e-06
10434.934136 -2.783767e-05 -6.419467e-07 -6.144670e-08 -2.074958e-06 6.258664e-05 5.125251e-05 -4.699142e-05 -3.571937e-06
10436.227280 -2.780855e-05 -6.431415e-07 -6.145380e-08 -2.064845e-06 5.912707e-05 5.466164e-05 -3.528264e-05 -3.567912e-06
10437.532617 -2.782558e-05 -6.453493e-07 -6.147411e-08 -2.061228e-06 5.961291e-05 4.935831e-05 -3.574262e-05 -2.229079e-06
10438.850145 -2.782150e-05 -6.467771e-07 -6.124477e-08 -2.056236e-06 5.758739e-05 4.209864e-05 -5.073827e-05 -2.772487e-06
10440.179865 -2.779548e-05 -6.476443e-07 -6.132926e-08 -2.047785e-06 5.937602e-05 6.288634e-05 -4.935267e-05 -5.109126e-06
10441.521777 -2.773908e-05 -6.477386e-07 -6.148321e-08 -2.034982e-06 6.783634e-05 6.084484e-05 -3.825953e-05 3.806114e-06
10442.875881 -2.770982e-05 -6.486953e-07 -6.140847e-08 -2.026585e-06 6.992853e-05 9.096955e-05 -4.712884e-05 2.941741e-06
10444.242177 -2.775366e-05 -6.512061e-07 -6.122562e-08 -2.028116e-06 6.860536e-05 9.079967e-05 -4.283626e-05 1.102530e-05
10445.620664 -2.771689e-05 -6.507801e-07 -6.108004e-08 -2.021387e-06 7.091980e-05 9.671243e-05 -3.388480e-05 1.275155e-05
10447.011344 -2.761750e-05 -6.482428e-07 -6.106972e-08 -2.009649e-06 7.408012e-05 7.546150e-05 -4.544962e-05 1.533302e-05
10448.414215 -2.759119e-05 -6.480999e-07 -6.111781e-08 -2.005160e-06 7.930174e-05 5.973186e-05 -4.202866e-05 1.504801e-05
10449.829279 -2.759374e-05 -6.493294e-07 -6.114917e-08 -2.002971e-06 7.812797e-05 5.707059e-05 -3.111365e-05 2.248773e-05
10451.256534 -2.757205e-05 -6.492860e-07 -6.118365e-08 -1.996721e-06 7.349450e-05 3.154495e-05 -3.519137e-05 1.662837e-05
10452.695981 -2.753704e-05 -6.491522e-07 -6.099995e-08 -1.989130e-06 7.625683e-05 6.728293e-05 -3.916775e-05 2.176318e-05
10454.147620 -2.741599e-05 -6.472532e-07 -6.067581e-08 -1.973806e-06 8.013894e-05 4.888113e-05 -4.069287e-05 2.666395e-05
10455.611452 -2.734117e-05 -6.467760e-07 -6.057495e-08 -1.964121e-06 7.691139e-05 5.278867e-05 -4.294759e-05 2.146890e-05
10457.087475 -2.742873e-05 -6.483634e-07 -6.081572e-08 -1.971944e-06 7.875893e-05 7.023971e-05 -4.253201e-05 2.260956e-05
10458.575689 -2.748374e-05 -6.505326e-07 -6.117007e-08 -1.977104e-06 8.390218e-05 7.301789e-05 -5.216070e-05 2.765793e-05
10460.076096 -2.750179e-05 -6.528271e-07 -6.114133e-08 -1.978902e-06 7.252336e-05 4.634544e-05 -4.995253e-05 1.877000e-05
10461.588695 -2.748872e-05 -6.537440e-07 -6.098877e-08 -1.977301e-06 7.418714e-05 6.577135e-06 -3.480176e-05 3.360760e-05
10463.113485 -2.742223e-05 -6.531709e-07 -6.081295e-08 -1.970231e-06 7.939855e-05 4.381614e-05 -3.432943e-05 2.892276e-05
10464.650468 -2.735648e-05 -6.517808e-07 -6.087456e-08 -1.963334e-06 7.197544e-05 5.973960e-05 -4.477262e-05 1.502441e-05
10466.199642 -2.739610e-05 -6.540868e-07 -6.105850e-08 -1.967375e-06 5.842560e-05 6.539612e-05 -5.029049e-05 1.321973e-05
10467.761009 -2.739761e-05 -6.557755e-07 -6.114370e-08 -1.968559e-06 6.102221e-05 5.791445e-05 -5.168027e-05 1.336656e-05
10469.334567 -2.741744e-05 -6.568610e-07 -6.107291e-08 -1.972621e-06 6.350305e-05 5.773518e-05 -5.007231e-05 9.805025e-06
10470.920317 -2.741472e-05 -6.569393e-07 -6.106972e-08 -1.975524e-06 6.545413e-05 4.561308e-05 -5.370066e-05 1.232442e-05
10472.518259 -2.737970e-05 -6.566583e-07 -6.112540e-08 -1.974172e-06 6.900076e-05 5.936980e-05 -4.394327e-05 2.544163e-05
10474.128393 -2.735549e-05 -6.563712e-07 -6.114816e-08 -1.974899e-06 7.281263e-05 6.395004e-05 -4.181064e-05 2.913852e-05
10475.750719 -2.738636e-05 -6.586988e-07 -6.128542e-08 -1.981873e-06 7.445112e-05 5.869597e-05 -4.036217e-05 2.393659e-05
10477.385237 -2.735297e-05 -6.571489e-07 -6.110270e-08 -1.982623e-06 7.413635e-05 4.124095e-05 -4.274134e-05 2.652105e-05
10479.031946 -2.732962e-05 -6.558740e-07 -6.123783e-08 -1.985046e-06 7.914437e-05 1.972599e-05 -3.526922e-05 2.288733e-05
10480.690848 -2.730123e-05 -6.562032e-07 -6.151119e-08 -1.986268e-06 7.760988e-05 2.456188e-05 -2.857080e-05 2.293872e-05
10482.361942 -2.724267e-05 -6.541049e-07 -6.160873e-08 -1.982568e-06 7.770723e-05 5.416627e-05 -2.156221e-05 2.638924e-05
10484.045227 -2.719865e-05 -6.543478e-07 -6.180572e-08 -1.980957e-06 8.177170e-05 5.491204e-05 -2.509691e-05 1.509235e-05
10485.740704 -2.724493e-05 -6.575361e-07 -6.245241e-08 -1.987974e-06 6.685081e-05 4.264505e-05 -2.516736e-05 1.176675e-05
10487.448374 -2.724358e-05 -6.572136e-07 -6.308570e-08 -1.990253e-06 6.315376e-05 3.932352e-05 -2.826510e-05 9.075117e-06
10489.168235 -2.720434e-05 -6.560544e-07 -6.342762e-08 -1.988549e-06 7.450295e-05 3.752174e-05 -3.341468e-05 4.302894e-06
10490.900288 -2.716674e-05 -6.549342e-07 -6.365470e-08 -1.987699e-06 7.370422e-05 5.903440e-05 -3.904066e-05 -1.309305e-06
10492.644533 -2.712285e-05 -6.544212e-07 -6.357180e-08 -1.985897e-06 7.910292e-05 5.061572e-05 -3.738478e-05 4.466276e-06
10494.400970 -2.710707e-05 -6.549241e-07 -6.365231e-08 -1.988546e-06 8.075520e-05 5.031237e-05 -3.040036e-05 1.442697e-05
10496.169598 -2.708215e-05 -6.545969e-07 -6.396276e-08 -1.991751e-06 8.279727e-05 6.907260e-05 -2.694579e-05 1.189557e-05
10497.950419 -2.703190e-05 -6.525967e-07 -6.407146e-08 -1.994317e-06 6.695990e-05 5.217203e-05 -3.232346e-05 1.118131e-05
10499.743432 -2.701770e-05 -6.526540e-07 -6.444472e-08 -2.002337e-06 6.739267e-05 5.507580e-05 -2.542691e-05 2.200883e-05
10501.548636 -2.699214e-05 -6.519322e-07 -6.447846e-08 -2.008645e-06 7.952208e-05 7.912274e-05 -3.167836e-05 2.060152e-05
10503.366032 -2.695048e-05 -6.513122e-07 -6.444364e-08 -2.012415e-06 7.541668e-05 7.640827e-05 -2.872229e-05 1.561511e-05
10505.195621 -2.692456e-05 -6.500271e-07 -6.433512e-08 -2.016705e-06 6.847684e-05 4.112908e-05 -3.028840e-05 1.686144e-05
10507.037401 -2.691499e-05 -6.507799e-07 -6.431632e-08 -2.021083e-06 7.084138e-05 3.980098e-05 -4.204962e-05 1.681334e-05
10508.891373 -2.688653e-05 -6.499358e-07 -6.410768e-08 -2.021243e-06 7.398827e-05 3.219929e-05 -4.643468e-05 1.158339e-05
10510.757537 -2.686888e-05 -6.501695e-07 -6.404023e-08 -2.022494e-06 6.853814e-05 6.223942e-05 -3.960649e-05 6.198638e-06
10512.635893 -2.683151e-05 -6.509140e-07 -6.388513e-08 -2.023396e-06 6.689260e-05 7.957874e-05 -3.876702e-05 7.364882e-06
10514.526441 -2.678121e-05 -6.499963e-07 -6.386239e-08 -2.023421e-06 7.561477e-05 7.773095e-05 -4.722654e-05 5.161427e-06
10516.429181 -2.679425e-05 -6.517526e-07 -6.408839e-08 -2.027034e-06 8.367141e-05 8.417313e-05 -3.652364e-05 1.402421e-05
10518.344112 -2.672674e-05 -6.501810e-07 -6.370824e-08 -2.022895e-06 7.395432e-05 6.471879e-05 -4.171719e-05 1.878966e-05
10520.271236 -2.662129e-05 -6.490993e-07 -6.338636e-08 -2.016302e-06 7.258147e-05 7.394945e-05 -3.089585e-05 2.355659e-05
10522.210552 -2.670681e-05 -6.509591e-07 -6.324733e-08 -2.023993e-06 8.755430e-05 8.355462e-05 -2.774220e-05 6.020465e-06
10524.162059 -2.665976e-05 -6.508255e-07 -6.329834e-08 -2.017764e-06 9.047678e-05 6.522862e-05 -4.889003e-05 4.941535e-06
10526.125758 -2.659940e-05 -6.514126e-07 -6.312493e-08 -2.011604e-06 8.659970e-05 4.839809e-05 -4.261042e-05 6.641599e-06
10528.101649 -2.652954e-05 -6.517047e-07 -6.304531e-08 -2.003124e-06 8.299306e-05 3.048386e-05 -4.215687e-05 8.404163e-06
10530.089733 -2.651720e-05 -6.529869e-07 -6.332814e-08 -1.999174e-06 7.869509e-05 5.480172e-05 -4.144359e-05 1.727831e-05
10532.090008 -2.659420e-05 -6.560329e-07 -6.353925e-08 -2.002404e-06 8.275273e-05 5.129708e-05 -4.530036e-05 1.817920e-05
10534.102475 -2.654223e-05 -6.570430e-07 -6.358950e-08 -1.993089e-06 7.674694e-05 5.797381e-05 -4.880504e-05 1.520156e-05
10536.127133 -2.648028e-05 -6.574800e-07 -6.362785e-08 -1.983404e-06 7.678581e-05 6.709491e-05 -4.190002e-05 6.645311e-06
10538.163984 -2.648083e-05 -6.575173e-07 -6.363634e-08 -1.980502e-06 6.741294e-05 3.900460e-05 -3.609477e-05 1.458511e-05
10540.213027 -2.648420e-05 -6.607517e-07 -6.401239e-08 -1.978893e-06 7.019089e-05 4.905767e-05 -3.778515e-05 1.538777e-05
10542.274261 -2.644827e-05 -6.618233e-07 -6.408778e-08 -1.975545e-06 6.022117e-05 2.329994e-05 -4.335958e-05 1.110367e-05
10544.347688 -2.642647e-05 -6.625426e-07 -6.437733e-08 -1.973903e-06 5.800389e-05 5.471681e-05 -4.527106e-05 4.783228e-06
10546.433306 -2.640507e-05 -6.630642e-07 -6.481651e-08 -1.972937e-06 6.702514e-05 7.284047e-05 -3.572109e-05 2.717182e-06
10548.531117 -2.639395e-05 -6.648099e-07 -6.506593e-08 -1.973906e-06 7.280885e-05 6.914409e-05 -3.142225e-05 -2.698554e-06
10550.641119 -2.633282e-05 -6.644723e-07 -6.509224e-08 -1.970520e-06 6.542549e-05 6.490235e-05 -3.195740e-05 5.082912e-06
10552.763313 -2.627241e-05 -6.647572e-07 -6.521555e-08 -1.968026e-06 7.147814e-05 5.997267e-05 -3.362533e-05 1.692562e-05
10554.897699 -2.624918e-05 -6.659447e-07 -6.563835e-08 -1.969248e-06 7.126218e-05 6.969733e-05 -4.644681e-05 1.296052e-05
10557.044277 -2.623143e-05 -6.653677e-07 -6.611220e-08 -1.970803e-06 7.275112e-05 6.784761e-05 -4.449303e-05 2.008389e-05
10559.203047 -2.617741e-05 -6.642700e-07 -6.632847e-08 -1.968531e-06 7.949756e-05 3.213303e-05 -4.123549e-05 2.064779e-05
10561.374008 -2.614219e-05 -6.635062e-07 -6.628790e-08 -1.969887e-06 7.697351e-05 2.835228e-05 -4.097118e-05 2.392355e-05
10563.557162 -2.611462e-05 -6.638367e-07 -6.626780e-08 -1.973574e-06 7.418136e-05 3.525217e-05 -3.936551e-05 2.324085e-05
10565.752508 -2.604024e-05 -6.622652e-07 -6.616199e-08 -1.969948e-06 7.315034e-05 3.645670e-05 -4.253504e-05 3.007427e-05
10567.960045 -2.598053e-05 -6.604664e-07 -6.643437e-08 -1.967742e-06 7.016406e-05 3.505899e-05 -4.233044e-05 3.602116e-05
10570.179775 -2.593024e-05 -6.600847e-07 -6.676792e-08 -1.966936e-06 7.550243e-05 6.567145e-05 -3.693607e-05 3.465516e-05
10572.411696 -2.591062e-05 -6.605896e-07 -6.718445e-08 -1.969757e-06 7.140915e-05 5.962011e-05 -4.835910e-05 2.579666e-05
10574.655809 -2.588615e-05 -6.604670e-07 -6.719400e-08 -1.971274e-06 7.042141e-05 5.835518e-05 -4.372405e-05 3.059800e-05
10576.912114 -2.583018e-05 -6.603959e-07 -6.714944e-08 -1.969657e-06 7.387281e-05 6.731090e-05 -3.909954e-05 3.099750e-05
10579.180611 -2.576265e-05 -6.590103e-07 -6.712224e-08 -1.966120e-06 7.697980e-05 5.881522e-05 -4.139785e-05 3.104107e-05
10581.461300 -2.571072e-05 -6.587299e-07 -6.733064e-08 -1.963264e-06 8.076171e-05 6.754016e-05 -3.191517e-05 3.318400e-05
10583.754181 -2.566563e-05 -6.587274e-07 -6.740660e-08 -1.961894e-06 7.442389e-05 6.949115e-05 -3.523640e-05 2.666515e-05
10586.059254 -2.561160e-05 -6.577993e-07 -6.715649e-08 -1.960467e-06 6.550586e-05 6.687065e-05 -2.706731e-05 1.567518e-05
10588.376518 -2.551786e-05 -6.569028e-07 -6.683432e-08 -1.953522e-06 7.246876e-05 5.227600e-05 -3.217867e-05 1.321500e-05
10590.705975 -2.541069e-05 -6.563362e-07 -6.682103e-08 -1.944099e-06 7.889819e-05 5.858780e-05 -3.997804e-05 1.828610e-05
10593.047623 -2.532937e-05 -6.568054e-07 -6.681826e-08 -1.938228e-06 7.485553e-05 4.305201e-05 -3.710430e-05 2.075208e-05
10595.401464 -2.533733e-05 -6.583844e-07 -6.707922e-08 -1.940676e-06 7.485865e-05 6.441761e-05 -3.715133e-05 2.479053e-05
10597.767496 -2.535536e-05 -6.600357e-07 -6.726199e-08 -1.941860e-06 7.777447e-05 7.608215e-05 -3.265136e-05 2.498995e-05
10600.145720 -2.534173e-05 -6.620098e-07 -6.754397e-08 -1.938718e-06 8.243051e-05 6.528964e-05 -2.864290e-05 2.398767e-05
10602.536136 -2.527726e-05 -6.614755e-07 -6.766685e-08 -1.931522e-06 8.435867e-05 2.706335e-05 -3.292130e-05 2.633423e-05
10604.938744 -2.520550e-05 -6.626464e-07 -6.773956e-08 -1.925337e-06 8.357924e-05 3.451578e-05 -3.228296e-05 2.676172e-05
10607.353544 -2.513857e-05 -6.630388e-07 -6.765568e-08 -1.919024e-06 7.609620e-05 2.473602e-05 -3.737661e-05 3.072141e-05
10609.780536 -2.507382e-05 -6.625883e-07 -6.744304e-08 -1.914832e-06 7.557705e-05 3.723276e-05 -3.450640e-05 6.462417e-05
10612.219720 -2.502707e-05 -6.624881e-07 -6.752649e-08 -1.913859e-06 8.557379e-05 3.249337e-05 -2.599587e-05 4.029202e-05
10614.671096 -2.506787e-05 -6.643657e-07 -6.778207e-08 -1.923439e-06 8.867061e-05 3.285413e-05 -3.035928e-05 2.591371e-05
10617.134663 -2.507638e-05 -6.654311e-07 -6.797722e-08 -1.928855e-06 7.808098e-05 3.759722e-05 -2.653707e-05 2.840676e-05
10619.610423 -2.503574e-05 -6.659552e-07 -6.809541e-08 -1.927090e-06 7.319034e-05 5.222552e-05 -3.369782e-05 2.684459e-05
10622.098374 -2.496125e-05 -6.642376e-07 -6.797486e-08 -1.922817e-06 7.477780e-05 6.026747e-05 -3.942347e-05 1.943076e-05
10624.598517 -2.491462e-05 -6.651476e-07 -6.792870e-08 -1.921880e-06 7.806401e-05 6.341398e-05 -2.505097e-05 1.737080e-05
10627.110852 -2.479323e-05 -6.617645e-07 -6.775679e-08 -1.913302e-06 6.583601e-05 5.624534e-05 -3.006694e-05 1.590496e-05
10629.635380 -2.474923e-05 -6.621207e-07 -6.792857e-08 -1.912303e-06 7.494189e-05 4.561170e-05 -2.996705e-05 2.332317e-05
10632.172099 -2.478027e-05 -6.648109e-07 -6.833563e-08 -1.919316e-06 7.660477e-05 5.489845e-05 -2.988917e-05 1.895361e-05
10634.721009 -2.474853e-05 -6.660734e-07 -6.844779e-08 -1.921064e-06 8.961199e-05 5.553615e-05 -2.930453e-05 2.630968e-05
10637.282112 -2.467792e-05 -6.662042e-07 -6.831999e-08 -1.917384e-06 7.882493e-05 4.960531e-05 -3.751765e-05 4.148338e-05
10639.855407 -2.461411e-05 -6.642156e-07 -6.826989e-08 -1.913757e-06 7.798475e-05 4.874352e-05 -2.503393e-05 4.091765e-05
10642.440894 -2.455771e-05 -6.644747e-07 -6.847716e-08 -1.911305e-06 7.982404e-05 5.138290e-05 -3.180171e-05 2.624896e-05
10645.038572 -2.449825e-05 -6.654552e-07 -6.887216e-08 -1.908955e-06 7.203153e-05 7.402651e-05 -3.390505e-05 2.504061e-05
10647.648443 -2.447655e-05 -6.674928e-07 -6.922898e-08 -1.910467e-06 6.839258e-05 5.541191e-05 -2.937351e-05 2.982369e-05
10650.270505 -2.441782e-05 -6.674736e-07 -6.939813e-08 -1.907659e-06 6.830583e-05 5.865530e-05 -3.255654e-05 1.866035e-05
10652.904759 -2.433609e-05 -6.664417e-07 -6.934072e-08 -1.901450e-06 6.956045e-05 4.208774e-05 -2.887717e-05 2.599440e-05
10655.551205 -2.425838e-05 -6.650821e-07 -6.954666e-08 -1.895994e-06 7.996826e-05 5.234134e-05 -3.585092e-05 3.170054e-05
10658.209844 -2.412998e-05 -6.626165e-07 -6.955594e-08 -1.886510e-06 7.033822e-05 4.844332e-05 -3.521250e-05 3.276745e-05
10660.880674 -2.413428e-05 -6.648545e-07 -6.986245e-08 -1.888397e-06 6.792971e-05 4.046122e-05 -4.240633e-05 3.324425e-05
10663.563696 -2.412940e-05 -6.672411e-07 -7.022339e-08 -1.886685e-06 7.366750e-05 4.809606e-05 -4.310959e-05 3.660339e-05
10666.258909 -2.406553e-05 -6.665315e-07 -7.040021e-08 -1.880305e-06 7.967348e-05 6.830413e-05 -4.104572e-05 5.621285e-05
10668.966315 -2.399647e-05 -6.664236e-07 -7.063722e-08 -1.874194e-06 7.589740e-05 6.299775e-05 -3.992146e-05 7.517306e-05
10671.685913 -2.390089e-05 -6.656014e-07 -7.082253e-08 -1.864046e-06 6.798346e-05 5.712994e-05 -3.930423e-05 6.774373e-05
10674.417702 -2.378668e-05 -6.632038e-07 -7.075595e-08 -1.852896e-06 6.845686e-05 3.800169e-05 -3.913841e-05 6.474277e-05
10677.161684 -2.370427e-05 -6.633582e-07 -7.081986e-08 -1.844753e-06 6.546276e-05 3.221141e-05 -3.937538e-05 5.547940e-05
10679.917857 -2.363811e-05 -6.652956e-07 -7.116748e-08 -1.841882e-06 7.012546e-05 2.650890e-05 -2.657946e-05 5.087005e-05
10682.686222 -2.359578e-05 -6.674798e-07 -7.144872e-08 -1.839618e-06 7.286119e-05 3.936150e-05 -2.219784e-05 5.816142e-05
10685.466780 -2.347528e-05 -6.650258e-07 -7.120257e-08 -1.829458e-06 7.838375e-05 4.608294e-05 -2.702613e-05 5.842754e-05
10688.259529 -2.335501e-05 -6.631745e-07 -7.113328e-08 -1.821746e-06 7.957081e-05 3.118260e-05 -2.164541e-05 5.736513e-05
10691.064470 -2.331279e-05 -6.632526e-07 -7.112216e-08 -1.823689e-06 7.018640e-05 3.195117e-05 -2.149885e-05 6.289228e-05
10693.881602 -2.333113e-05 -6.642456e-07 -7.126720e-08 -1.829793e-06 7.229416e-05 4.397286e-05 -2.210338e-05 6.215097e-05
10696.710927 -2.333815e-05 -6.663465e-07 -7.156571e-08 -1.834908e-06 7.525579e-05 3.790941e-05 -3.666828e-05 6.746129e-05
10699.552444 -2.327863e-05 -6.664532e-07 -7.174138e-08 -1.831803e-06 6.907593e-05 2.171510e-05 -3.551860e-05 5.951547e-05
10702.406153 -2.316892e-05 -6.658011e-07 -7.160596e-08 -1.825271e-06 7.111506e-05 2.271838e-05 -1.188302e-05 6.295914e-05
10705.272053 -2.305538e-05 -6.630752e-07 -7.137153e-08 -1.816878e-06 5.821506e-05 3.434752e-05 -2.679368e-05 5.839427e-05
10708.150146 -2.303108e-05 -6.632248e-07 -7.143826e-08 -1.816285e-06 5.300077e-05 4.520559e-05 -2.657070e-05 6.434591e-05
10711.040430 -2.299611e-05 -6.633654e-07 -7.157583e-08 -1.814795e-06 5.612311e-05 2.457456e-05 -3.176506e-05 6.214917e-05
10713.942906 -2.293825e-05 -6.637463e-07 -7.157037e-08 -1.811844e-06 6.208849e-05 2.032077e-05 -3.004725e-05 6.752228e-05
10716.857574 -2.290189e-05 -6.642866e-07 -7.157054e-08 -1.811478e-06 6.652187e-05 1.407410e-05 -3.521514e-05 5.951609e-05
10719.784435 -2.283998e-05 -6.636755e-07 -7.150421e-08 -1.808931e-06 6.713918e-05 3.387125e-05 -2.282222e-05 6.237503e-05
10722.723487 -2.278443e-05 -6.636306e-07 -7.173130e-08 -1.806524e-06 6.839085e-05 2.679122e-05 -1.944677e-05 6.851829e-05
10725.674730 -2.273752e-05 -6.648800e-07 -7.195777e-08 -1.806362e-06 7.102776e-05 1.786045e-05 -1.630153e-05 7.134368e-05
10728.638166 -2.264823e-05 -6.642818e-07 -7.179562e-08 -1.800798e-06 7.686530e-05 2.931105e-05 -1.502139e-05 7.093906e-05
10731.613794 -2.258366e-05 -6.657508e-07 -7.204136e-08 -1.798216e-06 7.350304e-05 5.908442e-06 -2.604972e-05 6.575729e-05
10734.601614 -2.252858e-05 -6.654934e-07 -7.217104e-08 -1.793217e-06 6.960926e-05 -4.819077e-06 -2.763080e-05 6.101393e-05
10737.601625 -2.244853e-05 -6.646641e-07 -7.225521e-08 -1.787435e-06 6.933086e-05 -4.048645e-06 -2.723393e-05 5.847284e-05
10740.613829 -2.238914e-05 -6.651615e-07 -7.254993e-08 -1.784478e-06 7.414702e-05 1.079038e-05 -2.411454e-05 4.769884e-05
10743.638224 -2.230500e-05 -6.645211e-07 -7.243248e-08 -1.778525e-06 6.873569e-05 3.685799e-05 -2.546323e-05 4.383918e-05
10746.674811 -2.215838e-05 -6.606566e-07 -7.211710e-08 -1.765323e-06 7.342884e-05 2.204757e-05 -3.278223e-05 4.880117e-05
10749.723590 -2.206181e-05 -6.593807e-07 -7.234246e-08 -1.757066e-06 7.564229e-05 3.323930e-05 -3.988487e-05 5.225104e-05
10752.784561 -2.200080e-05 -6.598834e-07 -7.248616e-08 -1.753271e-06 7.126959e-05 3.250676e-05 -4.263906e-05 4.428582e-05
10755.857724 -2.186637e-05 -6.575981e-07 -7.218684e-08 -1.742977e-06 6.787777e-05 5.929265e-05 -3.818402e-05 4.411347e-05
10758.943079 -2.180918e-05 -6.582419e-07 -7.231728e-08 -1.738586e-06 7.368825e-05 5.722258e-05 -4.500727e-05 4.339235e-05
10762.040626 -2.175881e-05 -6.583943e-07 -7.250303e-08 -1.734339e-06 7.364013e-05 5.549850e-05 -4.657409e-05 4.276774e-05
10765.150365 -2.171308e-05 -6.591760e-07 -7.254489e-08 -1.732102e-06 7.239956e-05 4.489464e-05 -4.126979e-05 4.533845e-05
10768.272295 -2.162981e-05 -6.586891e-07 -7.243809e-08 -1.727919e-06 7.249935e-05 4.508970e-05 -3.978768e-05 5.450720e-05
10771.406418 -2.156913e-05 -6.592878e-07 -7.238094e-08 -1.725652e-06 7.371355e-05 3.916492e-05 -3.210550e-05 5.907573e-05
10774.552732 -2.150106e-05 -6.592645e-07 -7.255806e-08 -1.723419e-06 6.458520e-05 5.436306e-05 -3.023798e-05 5.765220e-05
10777.711239 -2.137499e-05 -6.564770e-07 -7.247785e-08 -1.713846e-06 6.101263e-05 7.564623e-05 -3.948689e-05 5.656103e-05
10780.881937 -2.126896e-05 -6.546583e-07 -7.283500e-08 -1.707354e-06 6.180765e-05 6.663517e-05 -4.328323e-05 5.798362e-05
10784.064827 -2.118215e-05 -6.532793e-07 -7.328203e-08 -1.702717e-06 5.830750e-05 3.104008e-05 -4.204869e-05 4.925035e-05
10787.259909 -2.112912e-05 -6.538893e-07 -7.385349e-08 -1.702391e-06 6.674307e-05 3.664467e-05 -3.741456e-05 2.020392e-05
10790.467183 -2.104539e-05 -6.534044e-07 -7.401838e-08 -1.697413e-06 5.585650e-05 4.875468e-05 -4.611627e-05 3.828966e-06
10793.686649 -2.092541e-05 -6.509357e-07 -7.396590e-08 -1.687225e-06 5.340651e-05 5.024562e-05 -4.626452e-05 2.027804e-06
10796.918307 -2.080872e-05 -6.487925e-07 -7.411393e-08 -1.677982e-06 5.353636e-05 4.856231e-05 -4.102494e-05 6.013212e-06
10800.162157 -2.073293e-05 -6.483056e-07 -7.421580e-08 -1.674283e-06 4.531131e-05 6.631068e-05 -4.390456e-05 8.156817e-06
10803.418198 -2.060746e-05 -6.458767e-07 -7.407921e-08 -1.665421e-06 4.246833e-05 5.712699e-05 -3.841401e-05 2.581803e-05
10806.686432 -2.043050e-05 -6.431471e-07 -7.392172e-08 -1.651151e-06 4.922102e-05 4.735882e-05 -4.958443e-05 2.050795e-05
10809.966857 -2.041435e-05 -6.447950e-07 -7.428828e-08 -1.653026e-06 5.584339e-05 4.491890e-05 -5.718540e-05 2.360907e-05
10813.259474 -2.037175e-05 -6.452053e-07 -7.444609e-08 -1.651103e-06 4.977470e-05 3.778167e-05 -6.138899e-05 1.944321e-05
10816.564284 -2.026243e-05 -6.435492e-07 -7.425358e-08 -1.643565e-06 5.520382e-05 2.133762e-05 -4.729574e-05 1.372962e-05
10819.881285 -2.016451e-05 -6.412036e-07 -7.379954e-08 -1.636450e-06 5.910554e-05 5.241139e-06 -4.739487e-05 8.744131e-06
10823.210478 -2.005473e-05 -6.392010e-07 -7.367447e-08 -1.626780e-06 5.367150e-05 -1.192308e-05 -4.370064e-05 6.200920e-06
10826.551863 -1.990233e-05 -6.357113e-07 -7.303922e-08 -1.612830e-06 5.436152e-05 -1.350718e-06 -4.217028e-05 7.883319e-06
10829.905440 -1.978427e-05 -6.334860e-07 -7.245183e-08 -1.604357e-06 6.032615e-05 2.188282e-05 -5.124408e-05 1.570121e-05
10833.271209 -1.968947e-05 -6.326824e-07 -7.203224e-08 -1.597780e-06 6.119647e-05 2.360349e-05 -6.244824e-05 4.318370e-06
10836.649169 -1.955384e-05 -6.300179e-07 -7.174448e-08 -1.586637e-06 6.114297e-05 3.128091e-05 -5.365363e-05 -2.161128e-06
10840.039322 -1.946138e-05 -6.289600e-07 -7.152936e-08 -1.580584e-06 5.205834e-05 3.286566e-05 -5.052565e-05 9.962948e-06
10843.441666 -1.936493e-05 -6.276414e-07 -7.145289e-08 -1.573323e-06 5.202308e-05 4.033689e-05 -4.591913e-05 3.616052e-06
10846.856203 -1.928272e-05 -6.273384e-07 -7.168738e-08 -1.568634e-06 5.319218e-05 4.645312e-05 -5.208833e-05 4.905097e-06
10850.282931 -1.917435e-05 -6.258631e-07 -7.162033e-08 -1.560880e-06 4.613104e-05 6.748371e-05 -6.013065e-05 1.176777e-05
10853.721851 -1.904505e-05 -6.243525e-07 -7.161946e-08 -1.551260e-06 3.886398e-05 7.644834e-05 -6.827954e-05 8.064344e-06
10857.172964 -1.898268e-05 -6.252716e-07 -7.212422e-08 -1.547882e-06 4.389726e-05 6.303901e-05 -6.101425e-05 4.694252e-06
10860.636268 -1.884676e-05 -6.229824e-07 -7.218237e-08 -1.537502e-06 4.807349e-05 5.472646e-05 -6.535551e-05 3.108225e-06
10864.111764 -1.873218e-05 -6.207293e-07 -7.219779e-08 -1.528471e-06 4.899938e-05 3.226929e-05 -4.921937e-05 3.661190e-06
10867.599451 -1.860677e-05 -6.187631e-07 -7.221972e-08 -1.518301e-06 5.835560e-05 1.668400e-05 -3.688914e-05 -8.655982e-07
10871.099331 -1.849288e-05 -6.176780e-07 -7.205509e-08 -1.510488e-06 6.544167e-05 3.371237e-06 -3.584041e-05 -1.404545e-07
10874.611403 -1.834957e-05 -6.144539e-07 -7.168708e-08 -1.499810e-06 5.336591e-05 2.855206e-06 -4.508358e-05 3.229225e-06
10878.135666 -1.822882e-05 -6.120226e-07 -7.142678e-08 -1.492279e-06 6.114204e-05 2.247193e-06 -4.628503e-05 -3.026015e-06
10881.672122 -1.812860e-05 -6.108432e-07 -7.141636e-08 -1.484294e-06 6.056668e-05 2.949435e-05 -4.427517e-05 2.211792e-07
10885.220769 -1.798077e-05 -6.072447e-07 -7.115505e-08 -1.471547e-06 6.982006e-05 3.291217e-05 -4.177315e-05 5.883632e-06
10888.781609 -1.785590e-05 -6.046613e-07 -7.101668e-08 -1.462292e-06 7.157745e-05 1.800115e-05 -4.026529e-05 1.358383e-05
10892.354640 -1.778001e-05 -6.043801e-07 -7.112508e-08 -1.458842e-06 7.216840e-05 1.657746e-05 -4.881219e-05 1.526537e-05
10895.939863 -1.765750e-05 -6.019391e-07 -7.126403e-08 -1.449976e-06 6.080137e-05 8.786190e-06 -4.783975e-05 1.569212e-06
10899.537278 -1.751448e-05 -5.988265e-07 -7.140776e-08 -1.439426e-06 5.000679e-05 2.106472e-05 -4.471020e-05 -3.753670e-06
10903.146885 -1.736055e-05 -5.951723e-07 -7.122974e-08 -1.427084e-06 5.094341e-05 2.241107e-05 -5.282711e-05 -3.622788e-06
10906.768684 -1.726835e-05 -5.937325e-07 -7.137748e-08 -1.421926e-06 4.956134e-05 2.486286e-05 -2.949982e-05 1.132540e-06
10910.402675 -1.716002e-05 -5.922170e-07 -7.174162e-08 -1.414363e-06 5.058484e-05 3.069301e-05 -4.215959e-05 2.148358e-06
10914.048857 -1.702324e-05 -5.887123e-07 -7.159180e-08 -1.404078e-06 5.452119e-05 4.913073e-05 -4.003163e-05 -9.919204e-07
10917.707232 -1.686096e-05 -5.843949e-07 -7.112503e-08 -1.390665e-06 5.638426e-05 6.309713e-05 -2.666946e-05 4.039479e-06
10921.377799 -1.668408e-05 -5.793918e-07 -7.058400e-08 -1.376420e-06 6.011388e-05 5.329245e-05 -2.363637e-05 5.166902e-06
10925.060557 -1.657355e-05 -5.775888e-07 -7.066598e-08 -1.368335e-06 5.710756e-05 3.307782e-05 -3.361512e-05 6.290915e-06
10928.755507 -1.648130e-05 -5.763281e-07 -7.067122e-08 -1.362794e-06 6.643966e-05 2.413438e-05 -3.631321e-05 -7.005955e-06
10932.462650 -1.636372e-05 -5.734492e-07 -7.054119e-08 -1.354197e-06 6.132120e-05 3.339783e-05 -3.885907e-05 -4.161635e-06
10936.181984 -1.621763e-05 -5.696653e-07 -7.016821e-08 -1.342595e-06 5.757290e-05 3.453396e-05 -4.673675e-05 7.411867e-06
10939.913510 -1.605337e-05 -5.654190e-07 -6.954804e-08 -1.328720e-06 6.427898e-05 2.402261e-05 -3.918343e-05 1.294118e-05
10943.657228 -1.588896e-05 -5.606968e-07 -6.930135e-08 -1.314493e-06 7.482498e-05 3.100923e-05 -3.806912e-05 1.282225e-05
10947.413138 -1.578712e-05 -5.588536e-07 -6.916502e-08 -1.307753e-06 6.315585e-05 1.787103e-05 -4.780391e-05 4.424376e-05
10951.181239 -1.559297e-05 -5.542278e-07 -6.828584e-08 -1.292000e-06 5.901952e-05 8.599970e-06 -4.877211e-05 5.302499e-05
10954.961533 -1.549183e-05 -5.522596e-07 -6.796985e-08 -1.284772e-06 5.703132e-05 6.529565e-06 -4.515255e-05 5.932162e-05
10958.754019 -1.541900e-05 -5.519427e-07 -6.793103e-08 -1.280465e-06 5.864089e-05 1.340609e-05 -4.314312e-05 2.323011e-05
10962.558696 -1.527911e-05 -5.485351e-07 -6.747269e-08 -1.270230e-06 6.502292e-05 2.695036e-05 -5.286271e-05 -4.690111e-06
10966.375565 -1.519445e-05 -5.467950e-07 -6.710052e-08 -1.264631e-06 6.971527e-05 2.575914e-05 -6.139478e-05 -5.679192e-06
10970.204627 -1.508215e-05 -5.442152e-07 -6.664878e-08 -1.256313e-06 7.040458e-05 2.151831e-05 -6.829077e-05 -7.713680e-07
10974.045880 -1.495808e-05 -5.413756e-07 -6.627028e-08 -1.246245e-06 7.046373e-05 2.647338e-05 -6.486682e-05 2.576820e-06
10977.899325 -1.482675e-05 -5.385747e-07 -6.616217e-08 -1.237024e-06 7.266905e-05 3.100916e-05 -5.401212e-05 1.102472e-05
10981.764962 -1.468395e-05 -5.344369e-07 -6.580216e-08 -1.225601e-06 7.935904e-05 3.252708e-05 -4.239253e-05 1.163866e-05
10985.642791 -1.453800e-05 -5.306162e-07 -6.524773e-08 -1.214854e-06 7.374752e-05 2.500683e-05 -4.450767e-05 9.925579e-06
10989.532812 -1.442930e-05 -5.281542e-07 -6.523561e-08 -1.206927e-06 7.746651e-05 1.409168e-05 -3.591872e-05 1.453947e-05
10993.435025 -1.429056e-05 -5.248410e-07 -6.519892e-08 -1.194869e-06 8.357038e-05 3.586115e-05 -3.800712e-05 1.649928e-05
10997.349429 -1.412885e-05 -5.198559e-07 -6.470409e-08 -1.181926e-06 7.979907e-05 5.504713e-05 -4.238348e-05 1.109892e-05
11001.276026 -1.401646e-05 -5.169583e-07 -6.455269e-08 -1.174534e-06 8.515622e-05 2.128304e-05 -3.600378e-05 6.831302e-06
11005.214814 -1.392393e-05 -5.152125e-07 -6.477205e-08 -1.168037e-06 8.459695e-05 1.989500e-05 -3.145457e-05 8.408722e-06
11009.165795 -1.379371e-05 -5.119284e-07 -6.448958e-08 -1.158038e-06 7.230318e-05 3.339044e-05 -4.152577e-05 8.618507e-06
11013.128967 -1.366655e-05 -5.086646e-07 -6.444510e-08 -1.148387e-06 7.509791e-05 3.047134e-05 -3.314966e-05 4.569548e-06
11017.104331 -1.351567e-05 -5.043359e-07 -6.424289e-08 -1.136042e-06 8.508841e-05 3.911909e-05 -2.409846e-05 -8.498155e-07
11021.091888 -1.340536e-05 -5.012282e-07 -6.386876e-08 -1.128400e-06 8.168646e-05 3.808489e-05 -2.961050e-05 1.679579e-06
11025.091636 -1.332909e-05 -4.997090e-07 -6.384611e-08 -1.124419e-06 7.951123e-05 2.607092e-05 -3.763109e-05 6.732686e-06
11029.103575 -1.320125e-05 -4.964011e-07 -6.353239e-08 -1.114652e-06 7.990399e-05 2.700074e-05 -2.723841e-05 6.645330e-06
11033.127707 -1.306409e-05 -4.927413e-07 -6.344263e-08 -1.103844e-06 7.746148e-05 2.973258e-05 -4.047323e-05 7.792749e-06
11037.164031 -1.297078e-05 -4.904204e-07 -6.360624e-08 -1.097792e-06 7.569558e-05 4.267807e-05 -4.343184e-05 2.854367e-06
11041.212547 -1.286603e-05 -4.875253e-07 -6.334538e-08 -1.090337e-06 7.347574e-05 5.795380e-05 -3.536245e-05 3.539320e-06
11045.273254 -1.274467e-05 -4.847391e-07 -6.351656e-08 -1.080438e-06 8.462074e-05 8.377633e-05 -3.370069e-05 -2.074643e-06
11049.346154 -1.257752e-05 -4.801127e-07 -6.318434e-08 -1.066271e-06 8.553871e-05 8.078479e-05 -2.493604e-05 -2.120004e-06
11053.431245 -1.241541e-05 -4.764900e-07 -6.269414e-08 -1.052679e-06 7.945102e-05 8.751368e-05 -3.457769e-05 2.910997e-06
11057.528529 -1.237158e-05 -4.754307e-07 -6.275055e-08 -1.051049e-06 7.225035e-05 8.721863e-05 -3.537207e-05 -6.060015e-06
11061.638004 -1.226795e-05 -4.725871e-07 -6.238860e-08 -1.043616e-06 7.581925e-05 8.132225e-05 -3.039513e-05 -7.819981e-07
11065.759671 -1.217396e-05 -4.698655e-07 -6.194731e-08 -1.037087e-06 7.923925e-05 6.675446e-05 -2.571566e-05 7.721814e-06
11069.893530 -1.207000e-05 -4.672563e-07 -6.161724e-08 -1.029758e-06 8.049593e-05 8.556268e-05 -1.927363e-05 5.109186e-06
11074.039581 -1.193156e-05 -4.628780e-07 -6.116115e-08 -1.018338e-06 7.336778e-05 8.413955e-05 -2.364401e-05 -7.923215e-06
11078.197824 -1.183205e-05 -4.603909e-07 -6.083527e-08 -1.011235e-06 7.088191e-05 5.199762e-05 -2.579379e-05 -9.300756e-06
11082.368258 -1.171728e-05 -4.570290e-07 -6.023829e-08 -1.002870e-06 6.532508e-05 2.522159e-05 -3.128743e-05 -2.116377e-06
11086.550885 -1.159698e-05 -4.535459e-07 -5.979650e-08 -9.928518e-07 6.811980e-05 4.496442e-05 -3.070389e-05 1.178493e-06
11090.745704 -1.140052e-05 -4.478770e-07 -5.880144e-08 -9.762815e-07 7.014984e-05 4.929702e-05 -2.583785e-05 -2.965720e-06
11094.952714 -1.127338e-05 -4.442510e-07 -5.814110e-08 -9.665565e-07 6.452449e-05 4.703651e-05 -2.264832e-05 9.639558e-07
11099.171916 -1.121677e-05 -4.422427e-07 -5.812664e-08 -9.636684e-07 5.233642e-05 5.837223e-05 -3.238270e-05 -1.434836e-05
11103.403311 -1.113340e-05 -4.393298e-07 -5.780548e-08 -9.585110e-07 4.904414e-05 5.762617e-05 -3.421157e-05 -1.681850e-05
11107.646897 -1.103411e-05 -4.362211e-07 -5.759514e-08 -9.513489e-07 5.835660e-05 7.119979e-05 -3.199901e-05 3.315677e-07
11111.902675 -1.094408e-05 -4.340921e-07 -5.766000e-08 -9.452353e-07 6.382225e-05 1.027898e-04 -3.793957e-05 -5.800897e-06
11116.170645 -1.081002e-05 -4.297717e-07 -5.714083e-08 -9.341270e-07 5.750830e-05 1.092998e-04 -4.327887e-05 -8.843810e-06
11120.450807 -1.071643e-05 -4.272061e-07 -5.710604e-08 -9.272886e-07 6.443832e-05 1.131383e-04 -4.599426e-05 -7.916438e-06
11124.743161 -1.061828e-05 -4.244661e-07 -5.699054e-08 -9.201003e-07 7.372286e-05 8.641445e-05 -5.549532e-05 -3.763716e-06
11129.047707 -1.050177e-05 -4.208931e-07 -5.669353e-08 -9.110488e-07 5.911168e-05 8.401861e-05 -5.663654e-05 -1.340545e-05
11133.364444 -1.041515e-05 -4.187795e-07 -5.644664e-08 -9.052826e-07 6.203543e-05 8.370542e-05 -5.391511e-05 -1.619675e-06
11137.693374 -1.027225e-05 -4.148523e-07 -5.631382e-08 -8.932644e-07 5.780594e-05 7.672413e-05 -4.305160e-05 5.653083e-06
11142.034495 -1.013663e-05 -4.107459e-07 -5.565307e-08 -8.820816e-07 5.050314e-05 7.162099e-05 -4.900685e-05 2.711066e-05
11146.387809 -1.006056e-05 -4.084608e-07 -5.561694e-08 -8.768548e-07 5.036386e-05 9.315970e-05 -4.773818e-05 5.453319e-05
11150.753314 -9.956423e-06 -4.058176e-07 -5.535400e-08 -8.689328e-07 5.793450e-05 9.315668e-05 -4.773349e-05 2.593555e-05
11155.131011 -9.837250e-06 -4.021056e-07 -5.473716e-08 -8.608083e-07 6.406014e-05 6.992818e-05 -5.205289e-05 8.948918e-06
11159.520900 -9.638326e-06 -3.948134e-07 -5.392273e-08 -8.452230e-07 6.306705e-05 6.065754e-05 -5.047150e-05 4.417003e-06
11163.922981 -9.539694e-06 -3.944410e-07 -5.403713e-08 -8.343294e-07 6.629296e-05 6.170204e-05 -5.068390e-05 -4.443043e-06
11168.337254 -9.487737e-06 -3.921039e-07 -5.400340e-08 -8.331295e-07 7.107294e-05 7.215400e-05 -5.651811e-05 -3.231364e-07
11172.763719 -9.532089e-06 -3.950949e-07 -5.479058e-08 -8.387831e-07 6.199788e-05 7.616254e-05 -5.687204e-05 -1.635368e-05
11177.202376 -9.440640e-06 -3.922481e-07 -5.452934e-08 -8.312662e-07 5.670270e-05 7.008242e-05 -4.505622e-05 -1.670875e-05
11181.653224 -9.341648e-06 -3.895669e-07 -5.449155e-08 -8.240198e-07 6.102832e-05 5.986513e-05 -4.331121e-05 -1.282774e-05
11186.116265 -9.240426e-06 -3.863967e-07 -5.410435e-08 -8.161956e-07 6.515576e-05 8.164790e-05 -5.277137e-05 -1.208043e-05
11190.591497 -9.127565e-06 -3.825554e-07 -5.389465e-08 -8.067555e-07 6.254986e-05 5.980134e-05 -4.585499e-05 -9.979129e-06
11195.078922 -9.046110e-06 -3.800448e-07 -5.364360e-08 -8.008621e-07 6.153774e-05 5.778254e-05 -4.709261e-05 -7.384055e-06
11199.578538 -8.946569e-06 -3.766982e-07 -5.333372e-08 -7.937163e-07 6.838025e-05 6.019355e-05 -4.728869e-05 -5.443091e-06
11204.090346 -8.839023e-06 -3.732437e-07 -5.278049e-08 -7.860004e-07 7.137159e-05 8.131801e-05 -4.648998e-05 -6.883432e-06
11208.614346 -8.744335e-06 -3.708188e-07 -5.258474e-08 -7.786496e-07 6.559079e-05 7.004006e-05 -4.615345e-05 -1.311336e-05
11213.150538 -8.628470e-06 -3.675017e-07 -5.211786e-08 -7.687138e-07 5.934570e-05 6.355597e-05 -4.599435e-05 -1.255191e-05
11217.698922 -8.584968e-06 -3.665739e-07 -5.220128e-08 -7.674197e-07 5.876889e-05 5.050087e-05 -6.080520e-05 -5.402617e-06
11222.259498 -8.488495e-06 -3.633657e-07 -5.175814e-08 -7.594548e-07 5.997565e-05 5.987461e-05 -5.559999e-05 -1.121674e-05
11226.832266 -8.400031e-06 -3.608188e-07 -5.142850e-08 -7.523001e-07 5.857980e-05 8.467781e-05 -5.889984e-05 -1.660599e-05
11231.417226 -8.315038e-06 -3.584556e-07 -5.099059e-08 -7.458558e-07 6.404663e-05 9.651847e-05 -5.139388e-05 -9.479948e-06
11236.014377 -8.209341e-06 -3.551945e-07 -5.046414e-08 -7.375833e-07 6.037807e-05 1.025403e-04 -3.795633e-05 3.202816e-05
11240.623721 -8.128920e-06 -3.526443e-07 -5.015554e-08 -7.314504e-07 6.114360e-05 6.881946e-05 -4.452478e-05 4.051227e-05
11245.245256 -8.051735e-06 -3.503103e-07 -4.974133e-08 -7.260308e-07 6.448702e-05 7.600668e-05 -4.985697e-05 4.197283e-05
11249.878983 -7.953678e-06 -3.472282e-07 -4.931031e-08 -7.182225e-07 5.914672e-05 7.466694e-05 -4.768521e-05 3.819171e-05
11254.524902 -7.877916e-06 -3.454848e-07 -4.926762e-08 -7.125780e-07 6.181396e-05 6.865897e-05 -4.124129e-05 3.295169e-05
11259.183013 -7.795904e-06 -3.430679e-07 -4.916141e-08 -7.058894e-07 5.804141e-05 4.057611e-05 -3.812658e-05 -1.804102e-06
11263.853316 -7.703070e-06 -3.400688e-07 -4.879629e-08 -6.984382e-07 5.948322e-05 5.528305e-05 -3.679046e-05 -7.502140e-06
11268.535811 -7.599148e-06 -3.368006e-07 -4.856216e-08 -6.898323e-07 5.521162e-05 9.640076e-05 -4.240349e-05 2.939825e-07
11273.230498 -7.535904e-06 -3.354593e-07 -4.870846e-08 -6.859219e-07 5.807720e-05 1.004486e-04 -4.747606e-05 4.041923e-05
11277.937377 -7.444226e-06 -3.321011e-07 -4.834949e-08 -6.786718e-07 5.436026e-05 8.868153e-05 -4.684548e-05 4.045485e-05
11282.656448 -7.383550e-06 -3.307678e-07 -4.822780e-08 -6.746121e-07 4.689066e-05 8.295925e-05 -5.096889e-05 2.482769e-05
11287.387710 -7.281547e-06 -3.272756e-07 -4.788529e-08 -6.656517e-07 5.360412e-05 1.051432e-04 -6.126811e-05 7.844673e-06
11292.131165 -7.194971e-06 -3.244321e-07 -4.752181e-08 -6.587558e-07 6.201199e-05 1.092895e-04 -5.918818e-05 1.084413e-06
11296.886811 -7.136123e-06 -3.230965e-07 -4.749023e-08 -6.550535e-07 5.807506e-05 1.058504e-04 -5.475518e-05 7.526330e-06
11301.654649 -7.053419e-06 -3.204495e-07 -4.720931e-08 -6.487330e-07 5.306972e-05 7.319070e-05 -4.742305e-05 4.759667e-06
11306.434679 -6.948906e-06 -3.166857e-07 -4.662841e-08 -6.402353e-07 5.801042e-05 7.182619e-05 -4.487209e-05 3.869444e-07
11311.226901 -6.855247e-06 -3.138045e-07 -4.658726e-08 -6.330506e-07 5.403206e-05 8.201232e-05 -4.032333e-05 -7.647475e-06
11316.031315 -6.790499e-06 -3.111434e-07 -4.617675e-08 -6.285899e-07 6.698079e-05 6.189396e-05 -5.237569e-05 -1.423906e-05
11320.847921 -6.753892e-06 -3.111084e-07 -4.627580e-08 -6.257680e-07 6.046018e-05 7.982929e-05 -5.740898e-05 -9.524427e-06
11325.676719 -6.672843e-06 -3.087082e-07 -4.599570e-08 -6.193661e-07 5.489330e-05 8.719965e-05 -5.525376e-05 -9.956207e-06
11330.517709 -6.565264e-06 -3.045688e-07 -4.552406e-08 -6.101523e-07 5.710802e-05 6.312303e-05 -4.454310e-05 -2.524740e-06
11335.370891 -6.472004e-06 -3.012905e-07 -4.509403e-08 -6.032066e-07 5.834304e-05 4.968191e-05 -4.922371e-05 9.146239e-06
11340.236264 -6.458275e-06 -3.010117e-07 -4.515242e-08 -6.021998e-07 5.470085e-05 2.501050e-05 -4.911036e-05 8.990414e-06
