# Facility.name: NSLS-II
# Facility.mode: Beam available
# Facility.current: 399.8504074938652
# Facility.current: 3 GeV
# Facility.year: 2023
# Facility.cycle: 2
# Facility.GUP: 312970
# Facility.SAF: 311402
# Experimenter.name: Esteban Fornero
# Beamline.name: ISS (8-ID)
# Beamline.x-ray_source: damping wiggler
# Beamline.collimation_mirror1.material: Si
# Beamline.collimation_mirror2.material: Pt
# Beamline.collimation_mirror2.bender_loading: -349.0
# Beamline.focusing: toroidal mirror
# Beamline.focusing.material: Pt
# Beamline.focusing.bender_loading: -419.0
# Beamline.harmonic_rejection: Si
# Mono.scan_mode: Si(111)
# Mono.d_spacing: 3.1354951
# Mono.scan_mode: pseudo-channel cut
# Mono.scan_type: fly_scan
# Mono.trajectory_name: 0f397ba2-1519.txt
# Mono.direction: None
# Mono.angle_offset: 0.69366577
# Mono.angle_offset: 39.744 deg
# Mono.encoder_resolution: 48.0 nrad
# Detector.I0: ion chamber
# Detector.I1: ion chamber
# Detector.I2: ion chamber
# Detector.IF: PIPS
# Detector.I0.length: 15 cm
# Detector.I1.length: 28 cm
# Detector.I2.length: 15 cm
# Detector.IF.thickness: 300 um
# Detector.I0.gas.N2: 38.0%
# Detector.I1.gas.N2: 38.0%
# Detector.I2.gas.N2: 38.0%
# Detector.I0.gas.He: 62.0%
# Detector.I1.gas.He: 62.0%
# Detector.I2.gas.He: 62.0%
# Detector.I0.voltage: -1649.996338
# Detector.I1.voltage: -1649.999512
# Detector.I2.voltage: -1649.998291
# Detector.I0.gain: 4
# Detector.I1.gain: 6
# Detector.I2.gain: 6
# Detector.IF.gain: 6
# Detector.aux: {}
# Element.symbol: Ga
# Element.edge: K
# Element.line: None
# Scan.transient_id: 371064
# Scan.uid: 8bda5b45-8035-42b5-bd7d-2d7b07608d96
# Scan.edge_energy: 10367.0
# Scan.start_time: 06/23/2023  05:46:27.084943
# Scan.end_time: 06/23/2023  05:47:01.069021
# Scan.name: CuGaO2-4th PP+O2-ramp (pos 001) Ga-K 0001
# Scan.comment: 
# Sample.name: CuGaO2-4th
# Sample.comment: 
# Sample.position.x: -66.4779948865
# Sample.position.y: 30.524027769499998
# Sample.position.z: -10.184937499999995
# Sample.position.theta: 845.5790000000001
# SampleHeater.temperature1.setpoint: 300.0
# SampleHeater.temperature1.readback: 1372.0
# SampleHeater.current.setpoint: 0.0
# SampleHeater.current.readback: 0.0
# SampleHeater.temperature2.setpoint: 300.0
# SampleHeater.temperature2.readback: 299.1
# SampleHeater.voltage.setpoint: 0.7219645365018217
# SampleHeater.voltage.readback: 0.716
# SampleHeater.PID.P: 0.025
# SampleHeater.PID.I: 0.07
# SampleHeater.PID.D: 0.0
# SampleGasCart.MFC.CH4.setpoint: 3.0
# SampleGasCart.MFC.CH4.readback: 2.998
# SampleGasCart.MFC.CO.setpoint: 0.0
# SampleGasCart.MFC.CO.readback: 0.0
# SampleGasCart.MFC.H2.setpoint: 0.0
# SampleGasCart.MFC.H2.readback: 0.0
# SampleGasCart.MFC.exhaust.setpoint: 100.0
# SampleGasCart.MFC.exhaust.readback: 11.16
# SampleGasHandlingSystem.gas_a.name: None
# SampleGasHandlingSystem.gas_b.name: None
# SampleGasHandlingSystem.gas_c.name: None
# SampleGasHandlingSystem.gas_d.name: None
# SampleGasHandlingSystem.gas_e.name: He
# SampleGasHandlingSystem.MFC1.setpoint: 7.0
# SampleGasHandlingSystem.MFC1.readback: 6.998697757720947
# SampleGasHandlingSystem.MFC2.setpoint: 0.0
# SampleGasHandlingSystem.MFC2.readback: -0.0569661445915699
# SampleGasHandlingSystem.MFC3.setpoint: 0.0
# SampleGasHandlingSystem.MFC3.readback: 0.02034505270421505
# SampleGasHandlingSystem.MFC4.setpoint: 0.0
# SampleGasHandlingSystem.MFC4.readback: -0.048828125
# SampleGasHandlingSystem.MFC5.setpoint: 0.0
# SampleGasHandlingSystem.MFC5.readback: -0.008138020522892475
# SampleGasHandlingSystem.MFC6.setpoint: 1.5
# SampleGasHandlingSystem.MFC6.readback: 1.50146484375
# SampleGasHandlingSystem.MFC7.setpoint: 0.0
# SampleGasHandlingSystem.MFC7.readback: -0.0406901054084301
# SampleGasHandlingSystem.MFC8.setpoint: 0.0
# SampleGasHandlingSystem.MFC8.readback: -0.0813802108168602
# SampleGasHandlingSystem.MFC9.setpoint: 0.0
# SampleGasHandlingSystem.MFC9.readback: -0.0651041641831398
# SampleGasHandlingSystem.MFC10.setpoint: 0.0
# SampleGasHandlingSystem.MFC10.readback: 0.008138020522892475
# SampleGasHandlingSystem.MFC11.setpoint: 0.0
# SampleGasHandlingSystem.MFC11.readback: -0.09765625
# SampleGasHandlingSystem.MFC12.setpoint: 0.0
# SampleGasHandlingSystem.MFC12.readback: -0.0528971366584301
# SampleGasHandlingSystem.MFC13.setpoint: 0.0
# SampleGasHandlingSystem.MFC13.readback: -0.0569661445915699
# SampleGasHandlingSystem.MFC14.setpoint: 0.0
# SampleGasHandlingSystem.MFC14.readback: -0.0651041641831398
# SampleGasHandlingSystem.MFC15.setpoint: 0.0
# SampleGasHandlingSystem.MFC15.readback: -0.10986328125
# SampleGasHandlingSystem.MFC16.setpoint: 0.0
# SampleGasHandlingSystem.MFC16.readback: -0.0406901054084301
# SampleGasHandlingSystem.RGA.ch1.mass: 2
# SampleGasHandlingSystem.RGA.ch1.readback: 1.07594e-06
# SampleGasHandlingSystem.RGA.ch2.mass: 4
# SampleGasHandlingSystem.RGA.ch2.readback: 0.0
# SampleGasHandlingSystem.RGA.ch3.mass: 5
# SampleGasHandlingSystem.RGA.ch3.readback: 7.81276e-12
# SampleGasHandlingSystem.RGA.ch4.mass: 5
# SampleGasHandlingSystem.RGA.ch4.readback: 4.78717e-10
# SampleGasHandlingSystem.RGA.ch5.mass: 18
# SampleGasHandlingSystem.RGA.ch5.readback: 2.18695e-09
# SampleGasHandlingSystem.RGA.ch6.mass: 28
# SampleGasHandlingSystem.RGA.ch6.readback: 1.4534e-08
# SampleGasHandlingSystem.RGA.ch7.mass: 32
# SampleGasHandlingSystem.RGA.ch7.readback: 3.07315e-09
# SampleGasHandlingSystem.RGA.ch8.mass: 41
# SampleGasHandlingSystem.RGA.ch8.readback: 1.11477e-11
# SampleGasHandlingSystem.RGA.ch9.mass: 44
# SampleGasHandlingSystem.RGA.ch9.readback: 2.07863e-10
# energy  i0  it  ir  iff  aux1  aux2  aux3  aux4
10167.000000 -2.975792e-05 -6.682126e-07 -1.938392e-07 -1.004061e-06 7.292601e-06 -2.346397e-04 -1.092708e-04 1.329343e-05
10172.000000 -2.963056e-05 -6.646483e-07 -1.918954e-07 -1.001089e-06 8.252001e-06 -2.176118e-04 -1.023966e-04 2.828054e-05
10177.000000 -2.954286e-05 -6.643265e-07 -1.901475e-07 -9.994778e-07 1.287815e-05 -1.992922e-04 -1.017210e-04 3.455256e-05
10182.000000 -2.947462e-05 -6.639686e-07 -1.864930e-07 -9.996504e-07 1.730423e-05 -2.106458e-04 -9.435195e-05 3.664277e-05
10187.000000 -2.946490e-05 -6.625961e-07 -1.792163e-07 -1.002415e-06 9.127008e-06 -2.238673e-04 -9.589775e-05 3.788184e-05
10192.000000 -2.954513e-05 -6.662814e-07 -1.644957e-07 -1.007409e-06 8.383933e-06 -1.983264e-04 -9.906555e-05 3.016296e-05
10197.000000 -2.956021e-05 -6.696490e-07 -1.211182e-07 -1.010176e-06 4.051043e-06 -1.939824e-04 -9.813176e-05 3.585124e-05
10202.000000 -2.947718e-05 -6.715931e-07 -3.851770e-08 -1.009604e-06 -1.765811e-07 -1.883379e-04 -1.062597e-04 3.468656e-05
10207.000000 -2.944626e-05 -6.739616e-07 -1.640623e-08 -1.011796e-06 1.253030e-06 -2.126433e-04 -1.046920e-04 3.240003e-05
10212.000000 -2.944274e-05 -6.766998e-07 -3.334350e-08 -1.014600e-06 -4.285125e-06 -2.027745e-04 -9.230724e-05 3.240746e-05
10217.000000 -2.935803e-05 -6.784804e-07 -4.287693e-08 -1.013660e-06 7.282789e-07 -1.970978e-04 -8.540629e-05 2.280443e-05
10222.000000 -2.934568e-05 -6.799901e-07 -5.062818e-08 -1.015538e-06 4.000247e-06 -1.921778e-04 -8.158723e-05 3.284333e-05
10227.000000 -2.931859e-05 -6.821456e-07 -5.591773e-08 -1.017421e-06 7.680765e-07 -1.981750e-04 -8.401024e-05 3.426229e-05
10232.000000 -2.928813e-05 -6.829507e-07 -5.821788e-08 -1.019876e-06 4.753347e-06 -2.109204e-04 -9.024774e-05 2.924829e-05
10237.000000 -2.926001e-05 -6.857580e-07 -5.966421e-08 -1.021780e-06 1.569103e-05 -1.864936e-04 -1.004849e-04 2.129076e-05
10242.000000 -2.922366e-05 -6.883411e-07 -6.076521e-08 -1.023125e-06 4.693538e-06 -1.707885e-04 -9.101418e-05 2.095605e-05
10247.000000 -2.918759e-05 -6.897506e-07 -6.343131e-08 -1.024994e-06 -6.069477e-06 -1.613323e-04 -8.194389e-05 2.498391e-05
10252.000000 -2.911742e-05 -6.908848e-07 -6.278820e-08 -1.025115e-06 6.353266e-06 -1.517360e-04 -8.553945e-05 3.590618e-05
10257.000000 -2.909092e-05 -6.928603e-07 -6.053262e-08 -1.026588e-06 3.886601e-06 -1.497486e-04 -8.604396e-05 3.323090e-05
10262.000000 -2.901668e-05 -6.942129e-07 -6.036523e-08 -1.026765e-06 8.150710e-06 -1.431309e-04 -9.069410e-05 3.291775e-05
10267.000000 -2.905374e-05 -6.987521e-07 -6.178837e-08 -1.030814e-06 1.544239e-05 -1.444860e-04 -9.259335e-05 3.204977e-05
10272.000000 -2.907210e-05 -7.018743e-07 -6.254006e-08 -1.034194e-06 1.273556e-05 -1.252706e-04 -8.907343e-05 2.356238e-05
10277.000000 -2.898861e-05 -7.033817e-07 -6.226972e-08 -1.033791e-06 1.228460e-05 -1.475370e-04 -9.314964e-05 3.159515e-05
10282.000000 -2.882795e-05 -7.032920e-07 -6.124339e-08 -1.030834e-06 1.226702e-05 -1.646199e-04 -9.210398e-05 3.267488e-05
10287.000000 -2.888769e-05 -7.076711e-07 -6.200990e-08 -1.036043e-06 9.549751e-06 -1.652575e-04 -8.745964e-05 2.517037e-05
10292.000000 -2.884738e-05 -7.096492e-07 -6.405996e-08 -1.037076e-06 2.119356e-05 -1.359430e-04 -9.208725e-05 2.383046e-05
10297.000000 -2.882151e-05 -7.123063e-07 -6.528420e-08 -1.039135e-06 2.579902e-05 -1.332967e-04 -8.952482e-05 2.126862e-05
10302.000000 -2.879942e-05 -7.155647e-07 -6.506310e-08 -1.041207e-06 2.007348e-05 -1.525193e-04 -9.527974e-05 3.765823e-05
10307.000000 -2.874132e-05 -7.179214e-07 -6.544547e-08 -1.041985e-06 1.148653e-05 -1.706367e-04 -9.696246e-05 4.337150e-05
10312.000000 -2.873079e-05 -7.212027e-07 -6.554829e-08 -1.045203e-06 1.266041e-05 -1.546066e-04 -9.442861e-05 4.210639e-05
10317.000000 -2.870896e-05 -7.242121e-07 -6.529235e-08 -1.048213e-06 1.869281e-05 -1.282556e-04 -9.712897e-05 4.768542e-05
10322.000000 -2.870367e-05 -7.274531e-07 -6.503626e-08 -1.051883e-06 2.058995e-05 -1.176210e-04 -9.933358e-05 3.783837e-05
10327.000000 -2.862333e-05 -7.308566e-07 -6.456742e-08 -1.052068e-06 2.001934e-05 -1.187121e-04 -9.312006e-05 4.179090e-05
10332.000000 -2.852782e-05 -7.320188e-07 -6.392418e-08 -1.052914e-06 1.902468e-05 -1.036466e-04 -9.064073e-05 3.666828e-05
10337.000000 -2.861547e-05 -7.376055e-07 -6.436680e-08 -1.060008e-06 1.477088e-05 -6.843538e-05 -8.444372e-05 4.014314e-05
10341.000000 -2.856275e-05 -7.390129e-07 -6.496031e-08 -1.061371e-06 1.531279e-05 -5.431706e-05 -7.549202e-05 3.802500e-05
10344.000000 -2.855940e-05 -7.395138e-07 -6.552754e-08 -1.064383e-06 2.631918e-05 -6.819100e-05 -7.725311e-05 3.843796e-05
10346.000000 -2.851551e-05 -7.382841e-07 -6.612203e-08 -1.065046e-06 2.089200e-05 -8.175019e-05 -7.249713e-05 4.231615e-05
10347.000000 -2.845883e-05 -7.364448e-07 -6.619663e-08 -1.063881e-06 2.455197e-05 -1.062574e-04 -7.276971e-05 5.107380e-05
10347.200000 -2.845477e-05 -7.394644e-07 -6.664584e-08 -1.063693e-06 3.005423e-05 -1.067095e-04 -7.500791e-05 5.361400e-05
10347.400000 -2.842022e-05 -7.336059e-07 -6.633603e-08 -1.062745e-06 2.429197e-05 -1.000941e-04 -7.789703e-05 5.683660e-05
10347.600000 -2.840911e-05 -7.357391e-07 -6.657302e-08 -1.062169e-06 2.609000e-05 -9.536388e-05 -8.359333e-05 5.075237e-05
10347.800000 -2.841448e-05 -7.350617e-07 -6.671115e-08 -1.062901e-06 1.465257e-05 -8.859313e-05 -8.279809e-05 4.486679e-05
10348.000000 -2.843390e-05 -7.373959e-07 -6.677169e-08 -1.063834e-06 1.987071e-05 -1.187944e-04 -7.745168e-05 4.099109e-05
10348.200000 -2.848722e-05 -7.381214e-07 -6.685538e-08 -1.066220e-06 1.812575e-05 -1.033809e-04 -8.077035e-05 2.743537e-05
10348.400000 -2.846955e-05 -7.360702e-07 -6.676451e-08 -1.066345e-06 2.104977e-05 -8.497205e-05 -7.620454e-05 2.952256e-05
10348.600000 -2.848239e-05 -7.401692e-07 -6.744265e-08 -1.066978e-06 2.876804e-05 -7.672030e-05 -6.937327e-05 2.122322e-05
10348.800000 -2.844199e-05 -7.371527e-07 -6.738224e-08 -1.065722e-06 2.037497e-05 -8.890897e-05 -6.389148e-05 2.280819e-05
10349.000000 -2.839807e-05 -7.379553e-07 -6.745919e-08 -1.063807e-06 1.424074e-05 -1.133607e-04 -6.678641e-05 3.252883e-05
10349.200000 -2.845143e-05 -7.408842e-07 -6.778934e-08 -1.066170e-06 1.879014e-05 -8.603239e-05 -6.195565e-05 4.363263e-05
10349.400000 -2.848600e-05 -7.386210e-07 -6.761148e-08 -1.068866e-06 1.643553e-05 -1.046706e-04 -7.920263e-05 3.385286e-05
10349.600000 -2.850641e-05 -7.392182e-07 -6.753144e-08 -1.069838e-06 1.134737e-05 -1.196010e-04 -7.980320e-05 3.270138e-05
10349.800000 -2.848891e-05 -7.379692e-07 -6.743225e-08 -1.069592e-06 1.659598e-05 -1.071277e-04 -7.934570e-05 3.830743e-05
10350.000000 -2.849658e-05 -7.399209e-07 -6.779097e-08 -1.070029e-06 2.270845e-05 -8.069979e-05 -8.513086e-05 4.691256e-05
10350.200000 -2.847661e-05 -7.377874e-07 -6.769235e-08 -1.068855e-06 2.110368e-05 -5.927739e-05 -7.301614e-05 4.535399e-05
10350.400000 -2.845626e-05 -7.381674e-07 -6.792816e-08 -1.068301e-06 1.931298e-05 -8.236249e-05 -6.572781e-05 4.601969e-05
10350.600000 -2.835986e-05 -7.377294e-07 -6.782510e-08 -1.064063e-06 1.881988e-05 -1.072016e-04 -7.543592e-05 4.212600e-05
10350.800000 -2.815784e-05 -7.297318e-07 -6.714183e-08 -1.056597e-06 7.602335e-06 -1.125933e-04 -8.148544e-05 4.287265e-05
10351.000000 -2.828128e-05 -7.384527e-07 -6.788212e-08 -1.062256e-06 7.156194e-06 -7.861119e-05 -6.953755e-05 4.008038e-05
10351.200000 -2.835509e-05 -7.357902e-07 -6.757057e-08 -1.066113e-06 8.541426e-06 -8.150031e-05 -7.970464e-05 3.332334e-05
10351.400000 -2.842005e-05 -7.388707e-07 -6.800156e-08 -1.068746e-06 4.503556e-06 -8.157985e-05 -9.369474e-05 2.426367e-05
10351.600000 -2.844265e-05 -7.379484e-07 -6.815378e-08 -1.070215e-06 1.653707e-05 -7.689063e-05 -7.739607e-05 3.735280e-05
10351.800000 -2.846304e-05 -7.381143e-07 -6.835407e-08 -1.071671e-06 2.000659e-05 -5.268154e-05 -8.723585e-05 4.120933e-05
10352.000000 -2.842855e-05 -7.379676e-07 -6.846261e-08 -1.070633e-06 1.844864e-05 -3.024175e-05 -8.812642e-05 3.926162e-05
10352.200000 -2.833549e-05 -7.345292e-07 -6.831658e-08 -1.066677e-06 1.197051e-05 -3.301090e-05 -7.134651e-05 4.341886e-05
10352.400000 -2.841956e-05 -7.393399e-07 -6.839784e-08 -1.071193e-06 1.783128e-05 -5.189233e-05 -8.338587e-05 3.778616e-05
10352.600000 -2.842763e-05 -7.373877e-07 -6.857503e-08 -1.072038e-06 1.559704e-05 -3.821966e-05 -8.838435e-05 3.342316e-05
10352.800000 -2.842898e-05 -7.369203e-07 -6.851710e-08 -1.073140e-06 1.591688e-05 -7.133936e-05 -9.639453e-05 3.035248e-05
10353.000000 -2.841201e-05 -7.363609e-07 -6.848817e-08 -1.072635e-06 1.841646e-05 -4.327190e-05 -9.353221e-05 3.161040e-05
10353.200000 -2.838066e-05 -7.365728e-07 -6.854113e-08 -1.071587e-06 1.383724e-05 -7.362979e-05 -8.502770e-05 3.544155e-05
10353.400000 -2.842931e-05 -7.367292e-07 -6.835692e-08 -1.074238e-06 1.350449e-05 -9.458271e-05 -7.455143e-05 3.863553e-05
10353.600000 -2.843517e-05 -7.370384e-07 -6.845863e-08 -1.075542e-06 1.419681e-05 -8.785161e-05 -7.102916e-05 4.573206e-05
10353.800000 -2.838432e-05 -7.349758e-07 -6.819355e-08 -1.073680e-06 1.190789e-05 -6.814492e-05 -8.624766e-05 3.823485e-05
10354.000000 -2.840604e-05 -7.368213e-07 -6.842530e-08 -1.074517e-06 9.003269e-06 -7.628967e-05 -8.253955e-05 3.402786e-05
10354.200000 -2.843046e-05 -7.362090e-07 -6.847304e-08 -1.076057e-06 1.759243e-05 -2.627035e-05 -8.221606e-05 3.545188e-05
10354.400000 -2.842211e-05 -7.365971e-07 -6.859546e-08 -1.075571e-06 1.144454e-05 -5.168547e-05 -7.541212e-05 3.720344e-05
10354.600000 -2.838330e-05 -7.384069e-07 -6.885920e-08 -1.074393e-06 9.916934e-06 -4.811262e-05 -8.180114e-05 2.419323e-05
10354.800000 -2.835603e-05 -7.359708e-07 -6.857273e-08 -1.074256e-06 2.260674e-07 -3.774559e-05 -7.797203e-05 1.489442e-05
10355.000000 -2.835515e-05 -7.374158e-07 -6.833190e-08 -1.074081e-06 3.839495e-06 -3.834424e-05 -7.382902e-05 2.370660e-05
10355.200000 -2.831677e-05 -7.368065e-07 -6.821335e-08 -1.072742e-06 1.313651e-05 -4.879199e-05 -8.108396e-05 2.646226e-05
10355.400000 -2.835293e-05 -7.370678e-07 -6.847346e-08 -1.074624e-06 1.530577e-05 -3.419378e-05 -7.035783e-05 3.255649e-05
10355.600000 -2.837870e-05 -7.376471e-07 -6.865934e-08 -1.076961e-06 1.449490e-05 -6.416686e-06 -6.266269e-05 3.793075e-05
10355.800000 -2.837542e-05 -7.375589e-07 -6.888946e-08 -1.076707e-06 2.064849e-05 9.061950e-06 -8.367449e-05 3.957345e-05
10356.000000 -2.835119e-05 -7.384079e-07 -6.909289e-08 -1.076053e-06 2.691459e-05 -1.498626e-05 -7.931077e-05 4.290125e-05
10356.200000 -2.829848e-05 -7.351867e-07 -6.874801e-08 -1.074655e-06 1.882212e-05 -1.560149e-05 -7.649968e-05 5.657531e-05
10356.400000 -2.837051e-05 -7.390353e-07 -6.893729e-08 -1.078468e-06 9.404481e-06 -3.280875e-05 -9.943026e-05 3.631362e-05
10356.600000 -2.838034e-05 -7.357438e-07 -6.857011e-08 -1.079749e-06 1.470924e-05 -3.870716e-05 -8.091834e-05 4.484624e-05
10356.800000 -2.838916e-05 -7.373813e-07 -6.879022e-08 -1.080597e-06 1.480295e-05 -6.125771e-05 -9.136613e-05 4.021540e-05
10357.000000 -2.839028e-05 -7.384194e-07 -6.900134e-08 -1.081087e-06 1.918380e-05 -8.299703e-05 -8.635737e-05 3.441193e-05
10357.200000 -2.839573e-05 -7.374223e-07 -6.896489e-08 -1.082390e-06 1.957071e-05 -7.541842e-05 -8.433722e-05 2.649185e-05
10357.400000 -2.840542e-05 -7.372614e-07 -6.892399e-08 -1.083175e-06 1.997359e-05 -6.094027e-05 -8.840109e-05 2.918960e-05
10357.600000 -2.837763e-05 -7.363791e-07 -6.900844e-08 -1.082404e-06 1.822476e-05 -7.107284e-05 -9.773499e-05 2.751321e-05
10357.800000 -2.836177e-05 -7.371055e-07 -6.886128e-08 -1.082305e-06 1.580239e-05 -5.276136e-05 -9.355484e-05 3.411165e-05
10358.000000 -2.835486e-05 -7.368862e-07 -6.887833e-08 -1.083143e-06 1.566586e-05 -4.725650e-05 -7.883561e-05 4.537733e-05
10358.200000 -2.835280e-05 -7.340652e-07 -6.858730e-08 -1.083841e-06 1.479363e-05 -4.179362e-05 -8.502415e-05 3.665837e-05
10358.400000 -2.836385e-05 -7.344287e-07 -6.860255e-08 -1.084983e-06 1.451140e-05 -2.734626e-05 -8.362668e-05 4.484033e-05
10358.600000 -2.836711e-05 -7.359807e-07 -6.853615e-08 -1.086131e-06 6.736421e-06 -5.677808e-05 -9.365559e-05 3.143929e-05
10358.800000 -2.838533e-05 -7.367013e-07 -6.876669e-08 -1.087586e-06 1.160671e-05 -4.336174e-05 -7.418414e-05 3.465393e-05
10359.000000 -2.838279e-05 -7.374980e-07 -6.857687e-08 -1.088023e-06 1.338848e-05 -3.995274e-05 -7.673678e-05 3.348928e-05
10359.200000 -2.831826e-05 -7.349343e-07 -6.835376e-08 -1.086222e-06 1.877781e-05 -4.303468e-05 -7.811391e-05 4.128981e-05
10359.400000 -2.831011e-05 -7.346379e-07 -6.865813e-08 -1.086950e-06 2.811415e-05 -3.641296e-05 -6.698698e-05 4.764706e-05
10359.600000 -2.834657e-05 -7.360834e-07 -6.873302e-08 -1.088763e-06 2.425121e-05 -3.106913e-05 -7.176970e-05 5.092739e-05
10359.800000 -2.835195e-05 -7.369565e-07 -6.888241e-08 -1.089884e-06 1.435672e-05 -2.840115e-05 -7.078888e-05 4.670275e-05
10360.000000 -2.834167e-05 -7.358209e-07 -6.866516e-08 -1.091129e-06 2.269730e-05 -2.816186e-06 -7.413675e-05 4.179992e-05
10360.200000 -2.835173e-05 -7.349510e-07 -6.831299e-08 -1.092416e-06 2.115549e-05 -2.276451e-05 -8.680350e-05 3.341332e-05
10360.400000 -2.836840e-05 -7.361178e-07 -6.830225e-08 -1.094277e-06 2.042774e-05 -6.325367e-05 -8.040594e-05 3.777515e-05
10360.600000 -2.836252e-05 -7.364727e-07 -6.848160e-08 -1.094808e-06 2.105711e-05 -6.121962e-05 -8.233116e-05 3.181161e-05
10360.800000 -2.835460e-05 -7.347827e-07 -6.834685e-08 -1.095839e-06 2.275796e-05 -5.956835e-05 -9.329527e-05 3.053962e-05
10361.000000 -2.832787e-05 -7.340823e-07 -6.845288e-08 -1.095781e-06 2.342481e-05 -7.691267e-05 -8.552977e-05 3.934711e-05
10361.200000 -2.832791e-05 -7.341862e-07 -6.869110e-08 -1.096695e-06 1.811142e-05 -9.798114e-05 -7.509166e-05 4.501152e-05
10361.400000 -2.830390e-05 -7.333158e-07 -6.858912e-08 -1.097228e-06 9.125337e-06 -7.568636e-05 -7.713350e-05 5.118032e-05
10361.600000 -2.831282e-05 -7.328924e-07 -6.860751e-08 -1.098625e-06 9.527766e-06 -5.891620e-05 -9.237520e-05 4.489817e-05
10361.800000 -2.832902e-05 -7.353170e-07 -6.860442e-08 -1.100720e-06 1.236299e-05 -6.796422e-05 -8.885174e-05 4.009759e-05
10362.000000 -2.833396e-05 -7.346998e-07 -6.848182e-08 -1.102239e-06 6.698008e-06 -8.195114e-05 -9.804364e-05 4.067656e-05
10362.200000 -2.833004e-05 -7.343767e-07 -6.854949e-08 -1.103700e-06 1.124193e-05 -8.522832e-05 -9.240187e-05 4.714432e-05
10362.400000 -2.831798e-05 -7.351746e-07 -6.873557e-08 -1.104453e-06 1.411866e-05 -8.380400e-05 -8.023276e-05 6.216912e-05
10362.600000 -2.831219e-05 -7.321304e-07 -6.840761e-08 -1.106451e-06 8.046579e-06 -1.028571e-04 -7.996398e-05 5.462062e-05
10362.800000 -2.831206e-05 -7.324064e-07 -6.833368e-08 -1.108135e-06 5.424458e-06 -8.885962e-05 -8.086117e-05 4.297685e-05
10363.000000 -2.826852e-05 -7.314088e-07 -6.831204e-08 -1.107513e-06 8.996965e-06 -7.525490e-05 -9.061771e-05 4.017934e-05
10363.200000 -2.825609e-05 -7.305070e-07 -6.808649e-08 -1.109323e-06 5.307889e-06 -8.901686e-05 -7.265146e-05 4.775452e-05
10363.400000 -2.829182e-05 -7.324341e-07 -6.823684e-08 -1.113102e-06 -1.364158e-07 -9.888691e-05 -6.904414e-05 5.036192e-05
10363.600000 -2.832464e-05 -7.323851e-07 -6.818145e-08 -1.116759e-06 5.403646e-06 -9.659598e-05 -8.797279e-05 4.963969e-05
10363.800000 -2.831765e-05 -7.316654e-07 -6.811145e-08 -1.118702e-06 1.542521e-05 -9.744197e-05 -8.461155e-05 5.345231e-05
10364.000000 -2.832234e-05 -7.314455e-07 -6.790246e-08 -1.121157e-06 2.510686e-05 -1.029743e-04 -8.734702e-05 5.680782e-05
10364.200000 -2.831547e-05 -7.306909e-07 -6.775478e-08 -1.122962e-06 1.922470e-05 -9.581859e-05 -8.873747e-05 5.338595e-05
10364.400000 -2.825734e-05 -7.297010e-07 -6.763430e-08 -1.122825e-06 2.257161e-05 -1.183187e-04 -8.904118e-05 5.431054e-05
10364.600000 -2.824467e-05 -7.290449e-07 -6.759180e-08 -1.124482e-06 2.208262e-05 -8.782218e-05 -1.049149e-04 4.943018e-05
10364.800000 -2.828749e-05 -7.295495e-07 -6.800009e-08 -1.129870e-06 2.241153e-05 -7.264320e-05 -6.612929e-05 5.731734e-05
10365.000000 -2.828363e-05 -7.288497e-07 -6.799476e-08 -1.132806e-06 1.541730e-05 -6.213681e-05 -8.112992e-05 5.410227e-05
10365.200000 -2.827048e-05 -7.292234e-07 -6.811307e-08 -1.135524e-06 1.285088e-05 -6.210766e-05 -7.975888e-05 5.669613e-05
10365.400000 -2.827549e-05 -7.277298e-07 -6.785662e-08 -1.139018e-06 1.486561e-05 -9.848750e-05 -8.227292e-05 5.011691e-05
10365.600000 -2.819083e-05 -7.262163e-07 -6.755623e-08 -1.138189e-06 -5.845905e-07 -8.926720e-05 -7.911446e-05 5.812788e-05
10365.800000 -2.811047e-05 -7.218191e-07 -6.710828e-08 -1.139027e-06 5.575130e-06 -9.681607e-05 -8.443575e-05 5.134114e-05
10366.000000 -2.805587e-05 -7.184156e-07 -6.682513e-08 -1.140253e-06 1.217704e-05 -8.343170e-05 -8.261674e-05 5.181337e-05
10366.200000 -2.801983e-05 -7.210679e-07 -6.741397e-08 -1.143190e-06 5.398367e-06 -1.035888e-04 -7.731260e-05 5.769219e-05
10366.400000 -2.810169e-05 -7.239224e-07 -6.770593e-08 -1.151535e-06 1.330691e-07 -9.490830e-05 -8.445415e-05 4.717092e-05
10366.600000 -2.820224e-05 -7.234142e-07 -6.772934e-08 -1.162825e-06 2.960612e-07 -8.885763e-05 -8.964428e-05 4.707667e-05
10366.800000 -2.825541e-05 -7.233338e-07 -6.760356e-08 -1.172149e-06 7.548443e-06 -8.953099e-05 -7.109964e-05 4.659083e-05
10367.000000 -2.824019e-05 -7.206274e-07 -6.735957e-08 -1.178234e-06 9.804026e-06 -7.996258e-05 -7.918807e-05 4.021122e-05
10367.200000 -2.823498e-05 -7.210529e-07 -6.710741e-08 -1.185982e-06 1.146261e-05 -7.221227e-05 -8.120614e-05 3.610388e-05
10367.400000 -2.823844e-05 -7.174104e-07 -6.686069e-08 -1.194948e-06 1.240179e-05 -8.050476e-05 -6.952627e-05 3.679283e-05
10367.600000 -2.824715e-05 -7.154806e-07 -6.684340e-08 -1.205454e-06 1.424953e-05 -8.035125e-05 -9.621129e-05 3.678511e-05
10367.800000 -2.823908e-05 -7.173696e-07 -6.703287e-08 -1.216117e-06 1.840784e-05 -9.041059e-05 -9.539756e-05 4.443901e-05
10368.000000 -2.822788e-05 -7.160722e-07 -6.685963e-08 -1.228003e-06 2.343690e-05 -7.491059e-05 -8.605524e-05 3.946904e-05
10368.200000 -2.821068e-05 -7.120750e-07 -6.653426e-08 -1.241950e-06 2.240185e-05 -1.145809e-04 -9.426894e-05 3.549937e-05
10368.400000 -2.820890e-05 -7.082501e-07 -6.596424e-08 -1.258005e-06 3.296839e-05 -1.134660e-04 -9.536365e-05 3.985734e-05
10368.600000 -2.824602e-05 -7.086578e-07 -6.584424e-08 -1.277793e-06 2.843313e-05 -1.190613e-04 -1.048374e-04 3.734035e-05
10368.800000 -2.821836e-05 -7.014176e-07 -6.535059e-08 -1.296602e-06 2.421346e-05 -1.180263e-04 -1.023675e-04 3.145423e-05
10369.000000 -2.823177e-05 -7.003512e-07 -6.535630e-08 -1.319145e-06 1.451581e-05 -1.293606e-04 -1.025650e-04 3.212748e-05
10369.200000 -2.825888e-05 -6.971745e-07 -6.517752e-08 -1.346559e-06 1.456301e-05 -1.195857e-04 -1.039931e-04 2.631771e-05
10369.400000 -2.827326e-05 -6.941779e-07 -6.471927e-08 -1.374845e-06 1.092103e-05 -1.280059e-04 -8.665640e-05 2.807926e-05
10369.600000 -2.826685e-05 -6.898057e-07 -6.432563e-08 -1.402835e-06 1.452084e-05 -1.183955e-04 -8.587781e-05 2.782348e-05
10369.800000 -2.821783e-05 -6.821224e-07 -6.357617e-08 -1.432004e-06 2.163552e-05 -1.116395e-04 -7.744782e-05 3.234418e-05
10370.000000 -2.819738e-05 -6.799866e-07 -6.334629e-08 -1.464745e-06 2.389393e-05 -1.258461e-04 -7.675242e-05 2.927485e-05
10370.200000 -2.815311e-05 -6.780200e-07 -6.334572e-08 -1.498327e-06 2.779699e-05 -1.303908e-04 -9.079355e-05 2.220923e-05
10370.400000 -2.811096e-05 -6.647460e-07 -6.212106e-08 -1.535769e-06 3.440291e-05 -1.384950e-04 -7.937651e-05 3.777822e-05
10370.600000 -2.813788e-05 -6.580036e-07 -6.166150e-08 -1.580270e-06 3.204911e-05 -1.301067e-04 -9.293853e-05 2.582218e-05
10370.800000 -2.821147e-05 -6.544511e-07 -6.123706e-08 -1.632410e-06 2.201576e-05 -1.562294e-04 -9.028611e-05 2.872973e-05
10371.000000 -2.822378e-05 -6.486513e-07 -6.068542e-08 -1.683313e-06 1.358291e-05 -1.580227e-04 -9.811934e-05 2.617930e-05
10371.200000 -2.819568e-05 -6.395935e-07 -5.960315e-08 -1.735276e-06 1.938131e-05 -1.573364e-04 -9.241681e-05 2.122612e-05
10371.400000 -2.817630e-05 -6.328628e-07 -5.895504e-08 -1.791498e-06 1.330401e-05 -1.540258e-04 -9.000794e-05 3.515571e-05
10371.600000 -2.814913e-05 -6.236034e-07 -5.838498e-08 -1.851670e-06 1.897714e-05 -1.552975e-04 -7.544976e-05 4.648583e-05
10371.800000 -2.812385e-05 -6.185641e-07 -5.782431e-08 -1.915858e-06 2.681839e-05 -1.747854e-04 -9.105551e-05 3.414533e-05
10372.000000 -2.807839e-05 -6.081117e-07 -5.696025e-08 -1.981617e-06 1.296420e-05 -1.596299e-04 -8.998969e-05 3.835309e-05
10372.200000 -2.807230e-05 -5.970960e-07 -5.574655e-08 -2.054154e-06 2.753131e-06 -1.444934e-04 -8.118870e-05 3.331254e-05
10372.400000 -2.807931e-05 -5.880350e-07 -5.482054e-08 -2.130043e-06 1.740815e-06 -1.452687e-04 -8.782832e-05 3.257680e-05
10372.600000 -2.809738e-05 -5.804777e-07 -5.380078e-08 -2.210396e-06 7.697870e-06 -1.743346e-04 -8.536717e-05 3.966689e-05
10372.800000 -2.809548e-05 -5.726957e-07 -5.302352e-08 -2.284548e-06 3.645445e-06 -1.726551e-04 -9.043817e-05 3.221030e-05
10373.000000 -2.807762e-05 -5.631099e-07 -5.211928e-08 -2.355078e-06 6.983310e-06 -1.552154e-04 -8.350008e-05 4.014991e-05
10373.200000 -2.813857e-05 -5.568941e-07 -5.159070e-08 -2.428606e-06 1.168957e-05 -1.534665e-04 -8.477136e-05 3.898547e-05
10373.400000 -2.817113e-05 -5.500147e-07 -5.091108e-08 -2.495032e-06 9.746749e-06 -1.696436e-04 -8.541026e-05 2.795236e-05
10373.600000 -2.818241e-05 -5.452576e-07 -5.050002e-08 -2.551363e-06 1.345873e-05 -1.737296e-04 -8.743384e-05 2.539126e-05
10373.800000 -2.820002e-05 -5.415366e-07 -5.013474e-08 -2.601859e-06 1.464656e-05 -1.434487e-04 -8.275748e-05 2.673220e-05
10374.000000 -2.820161e-05 -5.364534e-07 -4.967157e-08 -2.642954e-06 2.248269e-05 -1.503201e-04 -7.816605e-05 3.309575e-05
10374.200000 -2.822893e-05 -5.350305e-07 -4.955824e-08 -2.681804e-06 2.227828e-05 -1.449615e-04 -7.825570e-05 3.302913e-05
10374.400000 -2.824898e-05 -5.323504e-07 -4.932300e-08 -2.713401e-06 2.547117e-05 -1.497883e-04 -8.905128e-05 2.666200e-05
10374.600000 -2.826858e-05 -5.311303e-07 -4.907126e-08 -2.741089e-06 1.842617e-05 -1.677440e-04 -1.011200e-04 2.143888e-05
10374.800000 -2.828061e-05 -5.283730e-07 -4.876732e-08 -2.762506e-06 1.239261e-05 -1.595240e-04 -8.654815e-05 3.459485e-05
10375.000000 -2.826616e-05 -5.258034e-07 -4.860269e-08 -2.778774e-06 1.103217e-05 -1.496564e-04 -8.368228e-05 4.082164e-05
10375.200000 -2.824895e-05 -5.252592e-07 -4.850454e-08 -2.791816e-06 9.097333e-06 -1.486888e-04 -7.619932e-05 4.137835e-05
10375.400000 -2.826827e-05 -5.259543e-07 -4.855381e-08 -2.807210e-06 1.262474e-05 -1.383167e-04 -7.922927e-05 3.460295e-05
10375.600000 -2.829129e-05 -5.245680e-07 -4.876636e-08 -2.822626e-06 1.519566e-05 -1.413975e-04 -7.309794e-05 3.253571e-05
10375.800000 -2.828019e-05 -5.225613e-07 -4.857883e-08 -2.833447e-06 1.026792e-05 -1.174866e-04 -6.951224e-05 3.203582e-05
10376.000000 -2.827914e-05 -5.231074e-07 -4.847038e-08 -2.842562e-06 1.992787e-05 -1.292280e-04 -6.310512e-05 4.295013e-05
10376.200000 -2.827664e-05 -5.215261e-07 -4.820336e-08 -2.849994e-06 8.968541e-06 -1.629148e-04 -6.073451e-05 4.727243e-05
10376.400000 -2.827379e-05 -5.213547e-07 -4.817930e-08 -2.855450e-06 2.405155e-06 -1.339884e-04 -8.037264e-05 3.632136e-05
10376.600000 -2.827325e-05 -5.215087e-07 -4.796840e-08 -2.856253e-06 8.090247e-06 -1.234321e-04 -9.392084e-05 2.994869e-05
10376.800000 -2.826870e-05 -5.204383e-07 -4.803279e-08 -2.855186e-06 1.516889e-05 -1.226652e-04 -8.060993e-05 3.059867e-05
10377.000000 -2.827426e-05 -5.250981e-07 -4.826297e-08 -2.851674e-06 7.913897e-06 -1.367349e-04 -7.470713e-05 2.976747e-05
10377.200000 -2.821418e-05 -5.232710e-07 -4.805910e-08 -2.836472e-06 6.458722e-06 -1.756783e-04 -6.923514e-05 3.483644e-05
10377.400000 -2.822409e-05 -5.286537e-07 -4.864209e-08 -2.825439e-06 7.337286e-06 -1.777525e-04 -9.095792e-05 2.385364e-05
10377.600000 -2.818243e-05 -5.245510e-07 -4.824052e-08 -2.804672e-06 1.000025e-05 -1.450026e-04 -9.032231e-05 2.682216e-05
10377.800000 -2.818276e-05 -5.266936e-07 -4.843750e-08 -2.784993e-06 1.860201e-05 -1.509685e-04 -8.507254e-05 3.473829e-05
10378.000000 -2.820886e-05 -5.326996e-07 -4.888174e-08 -2.765803e-06 7.676069e-06 -1.557568e-04 -9.386369e-05 3.395690e-05
10378.200000 -2.823849e-05 -5.321994e-07 -4.898930e-08 -2.746859e-06 1.674805e-05 -1.643504e-04 -8.559398e-05 3.243427e-05
10378.400000 -2.828520e-05 -5.355885e-07 -4.925661e-08 -2.726891e-06 1.475483e-05 -1.705261e-04 -7.530070e-05 3.075523e-05
10378.600000 -2.829525e-05 -5.404141e-07 -4.973663e-08 -2.698885e-06 1.789243e-05 -1.516287e-04 -7.977779e-05 2.604644e-05
10378.800000 -2.823836e-05 -5.426424e-07 -4.991150e-08 -2.661492e-06 1.851947e-05 -1.549639e-04 -7.238427e-05 2.905526e-05
10379.000000 -2.817233e-05 -5.439297e-07 -5.017514e-08 -2.623870e-06 2.254296e-05 -1.568313e-04 -7.910187e-05 3.115227e-05
10379.200000 -2.809885e-05 -5.446973e-07 -5.017023e-08 -2.584334e-06 2.049727e-05 -1.591010e-04 -7.497047e-05 3.641058e-05
10379.400000 -2.805664e-05 -5.502216e-07 -5.068045e-08 -2.546240e-06 1.913164e-05 -1.387187e-04 -6.725524e-05 4.837872e-05
10379.600000 -2.795792e-05 -5.480646e-07 -5.067652e-08 -2.505717e-06 2.685407e-05 -1.204714e-04 -5.829045e-05 5.660183e-05
10379.800000 -2.792054e-05 -5.525792e-07 -5.126408e-08 -2.469825e-06 2.832263e-05 -1.061148e-04 -7.997932e-05 4.951323e-05
10380.000000 -2.803078e-05 -5.523246e-07 -5.141558e-08 -2.452536e-06 1.742281e-05 -1.277396e-04 -8.224792e-05 4.347448e-05
10380.200000 -2.813610e-05 -5.600357e-07 -5.220318e-08 -2.432569e-06 1.887256e-05 -1.371851e-04 -8.791421e-05 4.123885e-05
10380.400000 -2.820409e-05 -5.668662e-07 -5.272432e-08 -2.408239e-06 2.046776e-05 -1.245907e-04 -7.330013e-05 5.522540e-05
10380.600000 -2.819642e-05 -5.690040e-07 -5.281038e-08 -2.374204e-06 1.595715e-05 -1.415625e-04 -8.207439e-05 4.414185e-05
10380.800000 -2.822479e-05 -5.747407e-07 -5.326488e-08 -2.342933e-06 1.206089e-05 -1.430167e-04 -8.404064e-05 4.354415e-05
10381.000000 -2.822515e-05 -5.759793e-07 -5.340072e-08 -2.310663e-06 7.415668e-06 -1.374774e-04 -8.527690e-05 4.720250e-05
10381.200000 -2.824039e-05 -5.796812e-07 -5.354622e-08 -2.278213e-06 1.843008e-05 -1.415069e-04 -9.201498e-05 4.227798e-05
10381.400000 -2.824323e-05 -5.855788e-07 -5.401203e-08 -2.244838e-06 1.904046e-05 -1.544241e-04 -8.026882e-05 5.491647e-05
10381.600000 -2.820591e-05 -5.873686e-07 -5.419844e-08 -2.209999e-06 4.615900e-06 -1.725185e-04 -8.968170e-05 4.328964e-05
10381.800000 -2.820545e-05 -5.918339e-07 -5.467811e-08 -2.179266e-06 1.517417e-05 -1.691475e-04 -8.189249e-05 4.510914e-05
10382.000000 -2.822047e-05 -5.940281e-07 -5.486470e-08 -2.152184e-06 2.830218e-05 -1.636825e-04 -8.013578e-05 4.356591e-05
10382.200000 -2.824086e-05 -5.962407e-07 -5.523349e-08 -2.126512e-06 2.707946e-05 -1.631712e-04 -7.815493e-05 3.701432e-05
10382.400000 -2.824007e-05 -6.008406e-07 -5.556150e-08 -2.100116e-06 2.317408e-05 -1.383693e-04 -7.517313e-05 4.112166e-05
10382.600000 -2.823254e-05 -6.016720e-07 -5.559095e-08 -2.074918e-06 2.029342e-05 -1.337601e-04 -7.760669e-05 4.336776e-05
10382.800000 -2.825840e-05 -6.060708e-07 -5.626846e-08 -2.054873e-06 1.972859e-05 -1.479981e-04 -7.173915e-05 4.796164e-05
10383.000000 -2.824913e-05 -6.082600e-07 -5.643383e-08 -2.033567e-06 1.098691e-05 -1.570784e-04 -9.513686e-05 3.951420e-05
10383.200000 -2.823790e-05 -6.104245e-07 -5.659815e-08 -2.013559e-06 1.207810e-05 -1.533135e-04 -9.100405e-05 3.292414e-05
10383.400000 -2.824154e-05 -6.140724e-07 -5.672083e-08 -1.996307e-06 1.504114e-05 -1.492064e-04 -9.540473e-05 2.834808e-05
10383.600000 -2.819918e-05 -6.138455e-07 -5.673555e-08 -1.976778e-06 1.150911e-05 -1.797730e-04 -9.884536e-05 4.125151e-05
10383.800000 -2.822215e-05 -6.181022e-07 -5.703011e-08 -1.965705e-06 1.872136e-05 -1.755946e-04 -9.784343e-05 3.459177e-05
10384.000000 -2.824289e-05 -6.186649e-07 -5.719674e-08 -1.956406e-06 2.945341e-05 -1.673252e-04 -9.949266e-05 2.757950e-05
10384.200000 -2.820948e-05 -6.203489e-07 -5.728619e-08 -1.942986e-06 2.680955e-05 -1.429541e-04 -9.720812e-05 3.136642e-05
10384.400000 -2.820737e-05 -6.225987e-07 -5.765058e-08 -1.932723e-06 2.285192e-05 -1.405397e-04 -1.033629e-04 3.161220e-05
10384.600000 -2.820747e-05 -6.201500e-07 -5.742210e-08 -1.925432e-06 1.668404e-05 -1.253308e-04 -8.931183e-05 2.738648e-05
10384.800000 -2.822643e-05 -6.253568e-07 -5.766882e-08 -1.920573e-06 9.978102e-06 -1.465956e-04 -8.211113e-05 2.752977e-05
10385.000000 -2.823500e-05 -6.233116e-07 -5.758424e-08 -1.916852e-06 8.109265e-06 -1.589618e-04 -6.892183e-05 3.279240e-05
10385.200000 -2.823997e-05 -6.238287e-07 -5.752517e-08 -1.912673e-06 3.042537e-06 -1.389221e-04 -8.071596e-05 3.157633e-05
10385.400000 -2.822627e-05 -6.241093e-07 -5.743137e-08 -1.907766e-06 1.019243e-05 -1.249681e-04 -8.039281e-05 2.988225e-05
10385.600000 -2.822541e-05 -6.241861e-07 -5.764671e-08 -1.903613e-06 6.412062e-06 -1.215052e-04 -8.922747e-05 2.427923e-05
10385.800000 -2.823490e-05 -6.257326e-07 -5.765285e-08 -1.901463e-06 1.109188e-05 -9.579733e-05 -8.484819e-05 3.123367e-05
10386.000000 -2.820789e-05 -6.239838e-07 -5.739121e-08 -1.896549e-06 1.096039e-05 -1.271432e-04 -8.639774e-05 3.107373e-05
10386.200000 -2.820866e-05 -6.282429e-07 -5.794437e-08 -1.893336e-06 7.573528e-06 -1.029737e-04 -8.539850e-05 2.895077e-05
10386.400000 -2.819046e-05 -6.271714e-07 -5.785712e-08 -1.890380e-06 1.116846e-05 -6.978072e-05 -8.278106e-05 2.710959e-05
10386.600000 -2.816854e-05 -6.272261e-07 -5.795137e-08 -1.887118e-06 7.351917e-06 -8.288763e-05 -9.204635e-05 2.687454e-05
10386.800000 -2.818801e-05 -6.286708e-07 -5.802483e-08 -1.888783e-06 2.209838e-06 -6.803289e-05 -7.684122e-05 3.528983e-05
10387.000000 -2.821454e-05 -6.273992e-07 -5.795860e-08 -1.890855e-06 4.605749e-06 -5.989036e-05 -7.850833e-05 2.787958e-05
10387.200000 -2.823174e-05 -6.274207e-07 -5.780704e-08 -1.894115e-06 4.232196e-06 -1.046545e-04 -8.976154e-05 2.078582e-05
10387.400000 -2.821044e-05 -6.261173e-07 -5.764724e-08 -1.894055e-06 4.171495e-06 -9.162200e-05 -8.018601e-05 2.067119e-05
10387.600000 -2.821345e-05 -6.276145e-07 -5.775967e-08 -1.894910e-06 5.038599e-06 -7.413957e-05 -8.487744e-05 2.275328e-05
10387.800000 -2.820102e-05 -6.268088e-07 -5.771906e-08 -1.895744e-06 1.298589e-05 -7.761193e-05 -8.123558e-05 2.362645e-05
10388.000000 -2.813709e-05 -6.272178e-07 -5.775519e-08 -1.892520e-06 2.795737e-05 -8.355342e-05 -6.496273e-05 2.957811e-05
10388.200000 -2.814136e-05 -6.282114e-07 -5.751015e-08 -1.894839e-06 1.614286e-05 -7.697957e-05 -7.223680e-05 2.455191e-05
10388.400000 -2.817626e-05 -6.273156e-07 -5.731271e-08 -1.903346e-06 1.286167e-05 -6.238646e-05 -8.020699e-05 2.422333e-05
10388.600000 -2.822166e-05 -6.278799e-07 -5.722248e-08 -1.910904e-06 2.020163e-05 -5.737671e-05 -8.355889e-05 2.728730e-05
10388.800000 -2.819107e-05 -6.245485e-07 -5.701065e-08 -1.912237e-06 1.751638e-05 -7.083440e-05 -8.932338e-05 2.820510e-05
10389.000000 -2.818457e-05 -6.254100e-07 -5.713821e-08 -1.914497e-06 2.491805e-05 -6.501982e-05 -8.604145e-05 2.525281e-05
10389.200000 -2.820240e-05 -6.254857e-07 -5.709042e-08 -1.919873e-06 1.897953e-05 -1.013526e-04 -7.923718e-05 2.420344e-05
10389.400000 -2.820083e-05 -6.252418e-07 -5.691589e-08 -1.924505e-06 2.446831e-05 -9.946535e-05 -9.505188e-05 2.192306e-05
10389.600000 -2.820189e-05 -6.245309e-07 -5.682260e-08 -1.929887e-06 2.120818e-05 -1.163314e-04 -9.250339e-05 2.514186e-05
10389.800000 -2.816536e-05 -6.223253e-07 -5.654050e-08 -1.931004e-06 2.239330e-05 -1.104622e-04 -1.042490e-04 2.355299e-05
10390.000000 -2.818010e-05 -6.230193e-07 -5.632376e-08 -1.935563e-06 2.533210e-05 -9.840181e-05 -1.031352e-04 2.757638e-05
10390.200000 -2.817368e-05 -6.233509e-07 -5.603425e-08 -1.940592e-06 1.276883e-05 -9.003341e-05 -1.033314e-04 2.440873e-05
10390.400000 -2.816564e-05 -6.220747e-07 -5.608994e-08 -1.945159e-06 1.289996e-05 -7.460266e-05 -9.251764e-05 2.948052e-05
10390.600000 -2.816518e-05 -6.204288e-07 -5.584964e-08 -1.950002e-06 9.823316e-06 -7.218143e-05 -9.759128e-05 3.246990e-05
10390.800000 -2.819830e-05 -6.223146e-07 -5.603637e-08 -1.957782e-06 1.447231e-05 -8.977947e-05 -9.237381e-05 2.693704e-05
10391.000000 -2.820068e-05 -6.230256e-07 -5.581025e-08 -1.962837e-06 2.034472e-05 -1.241917e-04 -9.672124e-05 2.419781e-05
10391.200000 -2.819928e-05 -6.218312e-07 -5.576761e-08 -1.967374e-06 2.015850e-05 -1.066897e-04 -1.041658e-04 2.523089e-05
10391.400000 -2.819139e-05 -6.204537e-07 -5.549351e-08 -1.970688e-06 2.149629e-05 -1.168086e-04 -1.045826e-04 3.152636e-05
10391.600000 -2.818697e-05 -6.213915e-07 -5.580004e-08 -1.974365e-06 1.636145e-05 -1.084738e-04 -9.625969e-05 2.709148e-05
10391.800000 -2.818646e-05 -6.201472e-07 -5.582765e-08 -1.978012e-06 1.810505e-05 -1.181613e-04 -1.174096e-04 2.016245e-05
10392.000000 -2.817784e-05 -6.196278e-07 -5.561368e-08 -1.981119e-06 1.059473e-05 -1.161401e-04 -1.164340e-04 2.267168e-05
10392.200000 -2.816936e-05 -6.212058e-07 -5.575431e-08 -1.983373e-06 6.201317e-06 -1.162780e-04 -9.959297e-05 3.738529e-05
10392.400000 -2.818016e-05 -6.189428e-07 -5.534679e-08 -1.987808e-06 5.711022e-06 -1.291452e-04 -1.119385e-04 2.888641e-05
10392.600000 -2.816610e-05 -6.191934e-07 -5.510827e-08 -1.989295e-06 7.015214e-06 -1.134542e-04 -1.049599e-04 2.687870e-05
10392.800000 -2.816678e-05 -6.202202e-07 -5.496827e-08 -1.991308e-06 5.246031e-06 -9.689311e-05 -1.015778e-04 3.001687e-05
10393.000000 -2.816974e-05 -6.179356e-07 -5.499368e-08 -1.993795e-06 5.196361e-06 -1.099724e-04 -9.766550e-05 2.371026e-05
10393.200000 -2.819341e-05 -6.193084e-07 -5.498521e-08 -1.997704e-06 1.289280e-05 -1.155022e-04 -1.043084e-04 2.099599e-05
10393.400000 -2.818316e-05 -6.165858e-07 -5.469776e-08 -1.998091e-06 1.261804e-05 -1.272188e-04 -8.807306e-05 3.528724e-05
10393.600000 -2.816097e-05 -6.191712e-07 -5.502087e-08 -1.996148e-06 1.553731e-05 -1.122230e-04 -8.489968e-05 3.941912e-05
10393.800000 -2.815066e-05 -6.177399e-07 -5.476503e-08 -1.996439e-06 1.371000e-05 -1.241362e-04 -7.618381e-05 3.739560e-05
10394.000000 -2.817244e-05 -6.182928e-07 -5.454749e-08 -1.998907e-06 5.807228e-06 -1.203324e-04 -8.285573e-05 2.981065e-05
10394.200000 -2.817484e-05 -6.173897e-07 -5.446185e-08 -1.999707e-06 9.212538e-06 -1.312349e-04 -8.059576e-05 3.285993e-05
10394.400000 -2.817552e-05 -6.163240e-07 -5.430454e-08 -2.000085e-06 1.610793e-05 -1.658346e-04 -8.093944e-05 4.089711e-05
10394.600000 -2.816399e-05 -6.171231e-07 -5.428348e-08 -1.998678e-06 1.857482e-05 -1.361444e-04 -8.082921e-05 3.611347e-05
10394.800000 -2.814471e-05 -6.157401e-07 -5.419170e-08 -1.997565e-06 2.212003e-05 -1.597072e-04 -8.064402e-05 2.953338e-05
10395.000000 -2.814603e-05 -6.159766e-07 -5.406023e-08 -1.996822e-06 1.784515e-05 -1.504830e-04 -8.439989e-05 3.279551e-05
10395.200000 -2.815051e-05 -6.169169e-07 -5.415422e-08 -1.995432e-06 2.111856e-05 -1.536983e-04 -8.200648e-05 2.973523e-05
10395.400000 -2.814635e-05 -6.157394e-07 -5.391495e-08 -1.994231e-06 2.722653e-05 -1.635746e-04 -7.981143e-05 2.478867e-05
10395.600000 -2.809550e-05 -6.164716e-07 -5.392887e-08 -1.987170e-06 2.591788e-05 -1.590728e-04 -7.401122e-05 3.076831e-05
10395.800000 -2.804271e-05 -6.164155e-07 -5.397339e-08 -1.979620e-06 1.783235e-05 -1.761408e-04 -7.400113e-05 2.948587e-05
10396.000000 -2.807931e-05 -6.163584e-07 -5.392751e-08 -1.980712e-06 1.894658e-05 -1.933311e-04 -7.361213e-05 3.038541e-05
10396.200000 -2.810198e-05 -6.177892e-07 -5.410557e-08 -1.979443e-06 2.191688e-05 -1.971326e-04 -8.161533e-05 2.826259e-05
10396.400000 -2.808157e-05 -6.171807e-07 -5.400412e-08 -1.973681e-06 2.243061e-05 -1.779655e-04 -9.053192e-05 3.667293e-05
10396.600000 -2.810197e-05 -6.212692e-07 -5.429179e-08 -1.971293e-06 2.256207e-05 -1.843305e-04 -7.794501e-05 4.303464e-05
10396.800000 -2.809564e-05 -6.196038e-07 -5.395426e-08 -1.966060e-06 1.429478e-05 -1.448517e-04 -6.808229e-05 5.025131e-05
10397.000000 -2.810311e-05 -6.202372e-07 -5.391367e-08 -1.961622e-06 1.158095e-05 -1.728964e-04 -7.720130e-05 4.786647e-05
10397.227860 -2.807405e-05 -6.210956e-07 -5.413176e-08 -1.952350e-06 1.234915e-05 -1.770769e-04 -7.593849e-05 3.886679e-05
10397.483581 -2.809034e-05 -6.215483e-07 -5.398314e-08 -1.947422e-06 9.552847e-06 -1.749077e-04 -7.744975e-05 4.136322e-05
10397.767162 -2.809743e-05 -6.234827e-07 -5.418995e-08 -1.939691e-06 8.307015e-06 -1.794626e-04 -8.109319e-05 4.847787e-05
10398.078604 -2.809333e-05 -6.246803e-07 -5.425946e-08 -1.929232e-06 1.102877e-05 -1.895183e-04 -7.366945e-05 5.335398e-05
10398.417905 -2.812674e-05 -6.263982e-07 -5.440894e-08 -1.921028e-06 1.104507e-05 -2.001567e-04 -7.844330e-05 4.680838e-05
10398.785067 -2.808122e-05 -6.290802e-07 -5.453526e-08 -1.903908e-06 5.362004e-07 -1.781974e-04 -7.868239e-05 5.141244e-05
10399.180090 -2.797074e-05 -6.285256e-07 -5.451867e-08 -1.880593e-06 -4.760678e-06 -1.761603e-04 -8.563027e-05 4.093069e-05
10399.602973 -2.798355e-05 -6.290494e-07 -5.433381e-08 -1.868445e-06 2.152954e-06 -1.887403e-04 -9.097599e-05 4.708289e-05
10400.053716 -2.808008e-05 -6.317904e-07 -5.455681e-08 -1.863593e-06 7.042721e-07 -1.767081e-04 -7.792980e-05 4.223887e-05
10400.532319 -2.811473e-05 -6.346423e-07 -5.482886e-08 -1.852659e-06 -5.257932e-06 -1.514159e-04 -7.670016e-05 4.520504e-05
10401.038783 -2.808695e-05 -6.362537e-07 -5.472657e-08 -1.836493e-06 -1.540101e-05 -1.602505e-04 -7.375274e-05 5.144258e-05
10401.573107 -2.809759e-05 -6.379626e-07 -5.478314e-08 -1.823941e-06 -2.253130e-05 -1.623853e-04 -7.935232e-05 4.844282e-05
10402.135292 -2.804723e-05 -6.396634e-07 -5.517274e-08 -1.808727e-06 -6.083524e-06 -1.634016e-04 -7.239527e-05 4.553330e-05
10402.725337 -2.803932e-05 -6.412094e-07 -5.550866e-08 -1.799873e-06 -1.793124e-07 -1.387766e-04 -7.105798e-05 4.466730e-05
10403.343242 -2.802482e-05 -6.410677e-07 -5.571245e-08 -1.794556e-06 5.919020e-06 -1.455445e-04 -7.821613e-05 5.130386e-05
10403.989008 -2.803667e-05 -6.416066e-07 -5.582192e-08 -1.795345e-06 1.097212e-05 -1.529849e-04 -7.027253e-05 5.258107e-05
10404.662634 -2.803605e-05 -6.409949e-07 -5.586245e-08 -1.799966e-06 1.330137e-05 -1.544731e-04 -7.994019e-05 4.029648e-05
10405.364120 -2.803203e-05 -6.401747e-07 -5.596760e-08 -1.806806e-06 1.774040e-05 -1.531961e-04 -7.652937e-05 4.063549e-05
10406.093467 -2.804306e-05 -6.396000e-07 -5.625720e-08 -1.816473e-06 2.042959e-05 -1.326868e-04 -7.171034e-05 3.699407e-05
10406.850674 -2.800794e-05 -6.385272e-07 -5.639472e-08 -1.822613e-06 1.317525e-05 -1.143182e-04 -7.060124e-05 3.381400e-05
10407.635741 -2.802689e-05 -6.371694e-07 -5.677549e-08 -1.835607e-06 7.623953e-06 -1.476701e-04 -7.997090e-05 4.249079e-05
10408.448669 -2.792731e-05 -6.353854e-07 -5.735843e-08 -1.836477e-06 1.226267e-05 -1.668162e-04 -7.474670e-05 4.415717e-05
10409.289457 -2.796489e-05 -6.336927e-07 -5.775436e-08 -1.852533e-06 1.359469e-05 -1.799017e-04 -7.173208e-05 3.814721e-05
10410.158106 -2.795930e-05 -6.310689e-07 -5.803400e-08 -1.865920e-06 1.141804e-05 -1.631117e-04 -7.078697e-05 3.764169e-05
10411.054614 -2.796941e-05 -6.296661e-07 -5.851814e-08 -1.883925e-06 1.399174e-05 -1.599909e-04 -7.669231e-05 3.846757e-05
10411.978983 -2.798052e-05 -6.269334e-07 -5.882047e-08 -1.906326e-06 1.652778e-05 -1.674919e-04 -9.175501e-05 3.566600e-05
10412.931213 -2.795010e-05 -6.235835e-07 -5.886453e-08 -1.927760e-06 1.701822e-05 -1.703553e-04 -8.019562e-05 3.677319e-05
10413.911303 -2.789066e-05 -6.199544e-07 -5.886667e-08 -1.948007e-06 1.811383e-05 -1.483541e-04 -6.699671e-05 3.813938e-05
10414.919253 -2.788748e-05 -6.161898e-07 -5.895167e-08 -1.974843e-06 1.551594e-05 -1.548000e-04 -8.345264e-05 3.494017e-05
10415.955064 -2.794363e-05 -6.142256e-07 -5.898786e-08 -2.006584e-06 1.737161e-05 -1.618641e-04 -7.389748e-05 3.383401e-05
10417.018734 -2.790194e-05 -6.116590e-07 -5.897323e-08 -2.023561e-06 1.570727e-05 -1.593080e-04 -7.260559e-05 2.833148e-05
10418.110266 -2.787667e-05 -6.093551e-07 -5.873890e-08 -2.039172e-06 1.574869e-05 -1.446778e-04 -6.763060e-05 2.281551e-05
10419.232723 -2.789001e-05 -6.083353e-07 -5.895062e-08 -2.056817e-06 1.689314e-05 -1.443667e-04 -5.738410e-05 3.613767e-05
10420.367373 -2.788389e-05 -6.065308e-07 -5.876948e-08 -2.070279e-06 9.146529e-06 -1.589036e-04 -6.409691e-05 3.947846e-05
10421.514214 -2.784702e-05 -6.038138e-07 -5.874737e-08 -2.078442e-06 1.203358e-05 -1.766387e-04 -5.779676e-05 3.448193e-05
10422.673248 -2.781450e-05 -6.027165e-07 -5.871102e-08 -2.085661e-06 1.019749e-05 -1.908530e-04 -7.228135e-05 3.983452e-05
10423.844473 -2.783889e-05 -6.025830e-07 -5.829796e-08 -2.096603e-06 1.207783e-06 -1.758655e-04 -6.764783e-05 4.699431e-05
10425.027890 -2.781773e-05 -6.012731e-07 -5.794324e-08 -2.099919e-06 -1.695916e-06 -2.092405e-04 -6.537339e-05 3.648550e-05
10426.223499 -2.778865e-05 -6.001337e-07 -5.754489e-08 -2.100278e-06 -1.495801e-06 -1.855423e-04 -7.275003e-05 3.071344e-05
10427.431300 -2.773549e-05 -6.004027e-07 -5.728282e-08 -2.097469e-06 -9.543769e-06 -1.652478e-04 -6.549904e-05 2.924117e-05
10428.651293 -2.774324e-05 -6.002520e-07 -5.727489e-08 -2.101043e-06 -1.192664e-05 -1.856974e-04 -5.711633e-05 3.672221e-05
10429.883478 -2.773222e-05 -5.998586e-07 -5.737900e-08 -2.101279e-06 -3.934299e-07 -1.809636e-04 -6.755076e-05 3.359140e-05
10431.127855 -2.773196e-05 -6.002407e-07 -5.738838e-08 -2.100828e-06 -2.387979e-06 -1.570157e-04 -6.880301e-05 3.483070e-05
10432.384423 -2.770040e-05 -6.013158e-07 -5.742279e-08 -2.093254e-06 -9.647267e-06 -1.587579e-04 -7.422404e-05 3.298743e-05
10433.653184 -2.768258e-05 -6.020954e-07 -5.768579e-08 -2.084503e-06 -1.016298e-05 -1.665403e-04 -8.258692e-05 3.500288e-05
10434.934136 -2.770143e-05 -6.033100e-07 -5.778991e-08 -2.079646e-06 -1.488374e-06 -1.583596e-04 -7.648011e-05 4.409288e-05
10436.227280 -2.768079e-05 -6.054098e-07 -5.774384e-08 -2.070278e-06 -1.809679e-06 -1.103512e-04 -6.417169e-05 3.867065e-05
10437.532617 -2.767537e-05 -6.074118e-07 -5.786103e-08 -2.064291e-06 3.150571e-06 -1.270640e-04 -6.323832e-05 2.772075e-05
10438.850145 -2.769083e-05 -6.090896e-07 -5.811707e-08 -2.061466e-06 2.505375e-06 -1.635750e-04 -6.258007e-05 3.364222e-05
10440.179865 -2.767167e-05 -6.095055e-07 -5.808765e-08 -2.054459e-06 -3.102747e-06 -1.670859e-04 -5.799987e-05 4.035558e-05
10441.521777 -2.764481e-05 -6.103881e-07 -5.805513e-08 -2.045313e-06 1.749759e-06 -1.458820e-04 -5.813485e-05 4.635134e-05
10442.875881 -2.761659e-05 -6.106971e-07 -5.803709e-08 -2.037597e-06 1.290777e-05 -1.511360e-04 -6.893038e-05 4.571772e-05
10444.242177 -2.758273e-05 -6.114014e-07 -5.793637e-08 -2.030087e-06 1.276776e-05 -1.432844e-04 -7.103082e-05 4.581813e-05
10445.620664 -2.757802e-05 -6.121797e-07 -5.790107e-08 -2.027711e-06 7.592573e-06 -1.461550e-04 -7.270553e-05 5.039025e-05
10447.011344 -2.753909e-05 -6.125748e-07 -5.781810e-08 -2.021627e-06 8.948653e-06 -1.660784e-04 -7.267165e-05 4.592669e-05
10448.414215 -2.752087e-05 -6.119335e-07 -5.787423e-08 -2.018978e-06 7.608427e-06 -1.402565e-04 -6.753172e-05 5.231183e-05
10449.829279 -2.754169e-05 -6.124532e-07 -5.794006e-08 -2.019215e-06 1.170923e-05 -1.324624e-04 -5.358268e-05 5.283762e-05
10451.256534 -2.751250e-05 -6.120014e-07 -5.765863e-08 -2.013231e-06 1.002228e-05 -1.234052e-04 -6.013175e-05 3.769768e-05
10452.695981 -2.749976e-05 -6.127532e-07 -5.753819e-08 -2.007904e-06 5.381810e-06 -1.142754e-04 -7.118244e-05 3.738556e-05
10454.147620 -2.748385e-05 -6.130946e-07 -5.758944e-08 -2.003424e-06 -4.772222e-06 -1.035846e-04 -7.234444e-05 3.292087e-05
10455.611452 -2.744438e-05 -6.127324e-07 -5.755452e-08 -1.996235e-06 1.070908e-06 -1.068986e-04 -6.352059e-05 2.326141e-05
10457.087475 -2.744752e-05 -6.139360e-07 -5.746065e-08 -1.996390e-06 7.145553e-07 -1.316806e-04 -6.843195e-05 1.691768e-05
10458.575689 -2.742433e-05 -6.130712e-07 -5.719498e-08 -1.994887e-06 1.090943e-06 -1.277770e-04 -6.724514e-05 1.992540e-05
10460.076096 -2.740045e-05 -6.131447e-07 -5.733467e-08 -1.993171e-06 5.335447e-06 -1.236156e-04 -7.233805e-05 2.043569e-05
10461.588695 -2.733050e-05 -6.121226e-07 -5.743208e-08 -1.985599e-06 1.047879e-05 -1.194096e-04 -7.230420e-05 2.304260e-05
10463.113485 -2.731139e-05 -6.129037e-07 -5.747146e-08 -1.982941e-06 9.269100e-06 -1.259476e-04 -6.162959e-05 3.089530e-05
10464.650468 -2.728410e-05 -6.128664e-07 -5.746080e-08 -1.979912e-06 9.736843e-06 -1.036240e-04 -7.351873e-05 2.632564e-05
10466.199642 -2.731735e-05 -6.152505e-07 -5.754936e-08 -1.983723e-06 2.001256e-05 -1.110411e-04 -7.341054e-05 2.427457e-05
10467.761009 -2.730908e-05 -6.158280e-07 -5.760470e-08 -1.983485e-06 1.385891e-05 -1.349711e-04 -7.678964e-05 2.419272e-05
10469.334567 -2.728585e-05 -6.161693e-07 -5.768911e-08 -1.983131e-06 6.844366e-06 -1.310589e-04 -7.531647e-05 3.215004e-05
10470.920317 -2.724400e-05 -6.155830e-07 -5.759791e-08 -1.980702e-06 1.587744e-05 -1.180812e-04 -7.072021e-05 3.772857e-05
10472.518259 -2.717865e-05 -6.144927e-07 -5.739340e-08 -1.976479e-06 1.769329e-05 -1.458071e-04 -6.960472e-05 3.528863e-05
10474.128393 -2.711101e-05 -6.143058e-07 -5.727813e-08 -1.972586e-06 2.216027e-05 -1.535014e-04 -6.322104e-05 3.542358e-05
10475.750719 -2.709480e-05 -6.132730e-07 -5.718886e-08 -1.973900e-06 2.968635e-05 -1.428151e-04 -7.853833e-05 2.770089e-05
10477.385237 -2.708119e-05 -6.130549e-07 -5.723790e-08 -1.976075e-06 2.799763e-05 -1.427912e-04 -6.316428e-05 2.596942e-05
10479.031946 -2.700972e-05 -6.121775e-07 -5.736538e-08 -1.973388e-06 1.741437e-05 -1.491676e-04 -7.466349e-05 2.520366e-05
10480.690848 -2.702786e-05 -6.131593e-07 -5.783972e-08 -1.978595e-06 1.083053e-05 -1.544137e-04 -7.460213e-05 3.504999e-05
10482.361942 -2.705852e-05 -6.142385e-07 -5.831905e-08 -1.984538e-06 1.301937e-05 -1.431769e-04 -6.405446e-05 3.342570e-05
10484.045227 -2.698982e-05 -6.134499e-07 -5.853459e-08 -1.980410e-06 1.862039e-05 -1.147193e-04 -6.817508e-05 2.525393e-05
10485.740704 -2.693635e-05 -6.123865e-07 -5.875913e-08 -1.976965e-06 2.100178e-05 -8.527366e-05 -5.816906e-05 3.675496e-05
10487.448374 -2.698187e-05 -6.130772e-07 -5.921457e-08 -1.983534e-06 1.798128e-05 -1.070944e-04 -5.431364e-05 3.375549e-05
10489.168235 -2.703027e-05 -6.146199e-07 -5.955955e-08 -1.992436e-06 1.384615e-05 -1.219268e-04 -6.090077e-05 2.758382e-05
10490.900288 -2.701123e-05 -6.135547e-07 -5.995673e-08 -1.994380e-06 1.615600e-05 -1.468588e-04 -6.781002e-05 2.555334e-05
10492.644533 -2.699049e-05 -6.136662e-07 -6.027902e-08 -1.995572e-06 1.365806e-05 -1.395273e-04 -7.006325e-05 1.996108e-05
10494.400970 -2.694602e-05 -6.127831e-07 -6.040757e-08 -1.995508e-06 1.395111e-05 -1.200583e-04 -6.627569e-05 2.356950e-05
10496.169598 -2.687439e-05 -6.109298e-07 -6.026998e-08 -1.993951e-06 1.589346e-05 -1.135043e-04 -5.248643e-05 3.364136e-05
10497.950419 -2.688190e-05 -6.114222e-07 -6.018573e-08 -2.002539e-06 1.530270e-05 -1.201764e-04 -5.446511e-05 4.170629e-05
10499.743432 -2.686584e-05 -6.110851e-07 -6.040359e-08 -2.009424e-06 1.621452e-05 -1.320013e-04 -6.496275e-05 2.867474e-05
10501.548636 -2.683939e-05 -6.106004e-07 -6.066469e-08 -2.014948e-06 2.397593e-05 -1.450791e-04 -6.588268e-05 3.603972e-05
10503.366032 -2.683309e-05 -6.106693e-07 -6.080261e-08 -2.022525e-06 2.272777e-05 -1.382967e-04 -6.621243e-05 3.453086e-05
10505.195621 -2.681156e-05 -6.099478e-07 -6.078297e-08 -2.026417e-06 2.280808e-05 -1.228061e-04 -7.779993e-05 3.512972e-05
10507.037401 -2.678096e-05 -6.092383e-07 -6.047853e-08 -2.027949e-06 2.418124e-05 -1.204156e-04 -6.599083e-05 3.104255e-05
10508.891373 -2.670977e-05 -6.081116e-07 -6.030488e-08 -2.023217e-06 1.206164e-05 -1.305612e-04 -7.042468e-05 4.685611e-05
10510.757537 -2.666706e-05 -6.082740e-07 -6.023330e-08 -2.022367e-06 1.067555e-05 -1.327994e-04 -6.562640e-05 4.960468e-05
10512.635893 -2.659353e-05 -6.084386e-07 -6.017034e-08 -2.017891e-06 1.654651e-06 -1.197006e-04 -7.203127e-05 4.647488e-05
10514.526441 -2.656144e-05 -6.084085e-07 -6.017791e-08 -2.018654e-06 4.250779e-06 -1.389423e-04 -7.529459e-05 4.187351e-05
10516.429181 -2.657585e-05 -6.092755e-07 -6.017821e-08 -2.022694e-06 7.857101e-06 -1.533277e-04 -7.224952e-05 4.500778e-05
10518.344112 -2.656063e-05 -6.090442e-07 -6.005741e-08 -2.024609e-06 1.403702e-05 -1.350335e-04 -5.746624e-05 4.771231e-05
10520.271236 -2.644167e-05 -6.085658e-07 -5.998658e-08 -2.015981e-06 1.578834e-05 -1.335792e-04 -5.605802e-05 5.152008e-05
10522.210552 -2.650859e-05 -6.105105e-07 -5.996015e-08 -2.021005e-06 1.854428e-05 -1.542827e-04 -7.341816e-05 5.397552e-05
10524.162059 -2.644056e-05 -6.101359e-07 -5.971710e-08 -2.012573e-06 1.920294e-05 -1.322029e-04 -6.943704e-05 5.298382e-05
10526.125758 -2.635411e-05 -6.096970e-07 -5.957190e-08 -2.004106e-06 2.237468e-05 -1.377999e-04 -5.698698e-05 5.935885e-05
10528.101649 -2.632767e-05 -6.109724e-07 -5.949075e-08 -2.000795e-06 2.213671e-05 -1.696369e-04 -6.524832e-05 4.658757e-05
10530.089733 -2.631740e-05 -6.125602e-07 -5.964671e-08 -1.997050e-06 1.805319e-05 -1.772081e-04 -6.833348e-05 3.685654e-05
10532.090008 -2.637139e-05 -6.143105e-07 -5.973856e-08 -1.998058e-06 8.201803e-06 -1.709709e-04 -8.026567e-05 4.254851e-05
10534.102475 -2.635228e-05 -6.164501e-07 -5.983523e-08 -1.994015e-06 1.831392e-05 -1.690402e-04 -7.052631e-05 4.714400e-05
10536.127133 -2.633389e-05 -6.172957e-07 -5.979208e-08 -1.990433e-06 2.155779e-05 -1.820192e-04 -8.325009e-05 3.924384e-05
10538.163984 -2.631770e-05 -6.171851e-07 -5.973462e-08 -1.986883e-06 2.025453e-05 -1.709666e-04 -8.058083e-05 4.690202e-05
10540.213027 -2.628527e-05 -6.184591e-07 -5.995569e-08 -1.981319e-06 2.095834e-05 -1.843472e-04 -7.550116e-05 5.272040e-05
10542.274261 -2.622937e-05 -6.188690e-07 -6.009387e-08 -1.975903e-06 9.051763e-06 -1.915406e-04 -7.790095e-05 5.497483e-05
10544.347688 -2.625767e-05 -6.219768e-07 -6.067200e-08 -1.979945e-06 8.269985e-06 -1.758254e-04 -7.196359e-05 5.360129e-05
10546.433306 -2.623442e-05 -6.224170e-07 -6.093655e-08 -1.979011e-06 4.972304e-06 -1.641863e-04 -7.988392e-05 4.320468e-05
10548.531117 -2.617644e-05 -6.227644e-07 -6.118572e-08 -1.973515e-06 3.124707e-06 -1.587709e-04 -6.906020e-05 4.491477e-05
10550.641119 -2.610733e-05 -6.215844e-07 -6.130650e-08 -1.969157e-06 1.655896e-06 -1.332607e-04 -6.627755e-05 4.136087e-05
10552.763313 -2.602678e-05 -6.215633e-07 -6.136055e-08 -1.965280e-06 1.685332e-07 -1.121493e-04 -6.062697e-05 3.953628e-05
10554.897699 -2.597899e-05 -6.206873e-07 -6.156585e-08 -1.964171e-06 2.104872e-06 -1.317911e-04 -6.284899e-05 3.889836e-05
10557.044277 -2.594170e-05 -6.216936e-07 -6.203169e-08 -1.963203e-06 -1.019331e-06 -1.466023e-04 -6.759326e-05 3.262902e-05
10559.203047 -2.589467e-05 -6.216777e-07 -6.209604e-08 -1.961587e-06 6.424335e-06 -1.414517e-04 -6.624905e-05 3.005772e-05
10561.374008 -2.593516e-05 -6.233447e-07 -6.232581e-08 -1.970564e-06 4.570444e-06 -1.275865e-04 -6.011892e-05 3.311077e-05
10563.557162 -2.589553e-05 -6.221491e-07 -6.233693e-08 -1.970682e-06 2.129324e-07 -1.330952e-04 -6.904322e-05 2.567875e-05
10565.752508 -2.582204e-05 -6.207803e-07 -6.232856e-08 -1.967973e-06 7.030249e-06 -1.289278e-04 -7.158311e-05 3.769821e-05
10567.960045 -2.578805e-05 -6.219274e-07 -6.257734e-08 -1.968155e-06 5.781805e-06 -8.718335e-05 -7.446578e-05 3.209951e-05
10570.179775 -2.578180e-05 -6.227609e-07 -6.270669e-08 -1.972697e-06 6.376533e-06 -1.096380e-04 -7.917135e-05 2.783065e-05
10572.411696 -2.577427e-05 -6.237526e-07 -6.323108e-08 -1.977363e-06 6.042480e-06 -1.302295e-04 -8.133002e-05 2.359891e-05
10574.655809 -2.570227e-05 -6.219299e-07 -6.334365e-08 -1.973069e-06 2.592217e-06 -1.583853e-04 -7.908207e-05 3.283282e-05
10576.912114 -2.563720e-05 -6.219919e-07 -6.339540e-08 -1.968863e-06 5.598374e-06 -1.572645e-04 -7.891121e-05 3.190276e-05
10579.180611 -2.558080e-05 -6.216527e-07 -6.349229e-08 -1.965365e-06 1.232054e-05 -1.386499e-04 -8.639531e-05 2.525984e-05
10581.461300 -2.552504e-05 -6.212024e-07 -6.347414e-08 -1.962665e-06 1.877779e-05 -1.420332e-04 -7.923844e-05 2.945031e-05
10583.754181 -2.550693e-05 -6.226577e-07 -6.393086e-08 -1.963771e-06 1.798307e-05 -1.659730e-04 -7.476737e-05 2.702803e-05
10586.059254 -2.543365e-05 -6.217764e-07 -6.390445e-08 -1.958617e-06 2.055241e-05 -1.800759e-04 -8.044402e-05 2.673988e-05
10588.376518 -2.535390e-05 -6.213219e-07 -6.380609e-08 -1.953623e-06 2.334590e-05 -1.887184e-04 -8.038237e-05 2.936375e-05
10590.705975 -2.527786e-05 -6.213963e-07 -6.355917e-08 -1.948407e-06 2.844819e-05 -1.865763e-04 -6.786018e-05 3.697566e-05
10593.047623 -2.518606e-05 -6.205733e-07 -6.328441e-08 -1.941784e-06 3.322308e-05 -1.639024e-04 -7.170413e-05 3.485889e-05
10595.401464 -2.513795e-05 -6.206181e-07 -6.333846e-08 -1.937146e-06 2.530245e-05 -1.412187e-04 -7.380383e-05 3.107575e-05
10597.767496 -2.509979e-05 -6.222488e-07 -6.366057e-08 -1.932613e-06 2.321311e-05 -1.165602e-04 -6.836956e-05 3.913534e-05
10600.145720 -2.504150e-05 -6.225232e-07 -6.375698e-08 -1.925917e-06 2.037149e-05 -1.345950e-04 -7.311817e-05 3.756801e-05
10602.536136 -2.493904e-05 -6.220614e-07 -6.377131e-08 -1.915803e-06 1.397587e-05 -1.673684e-04 -6.480297e-05 4.334825e-05
10604.938744 -2.490576e-05 -6.226780e-07 -6.359335e-08 -1.914502e-06 1.003507e-05 -1.604268e-04 -7.798414e-05 4.144265e-05
10607.353544 -2.492545e-05 -6.232863e-07 -6.366860e-08 -1.919419e-06 1.555630e-05 -1.462084e-04 -8.403163e-05 4.085776e-05
10609.780536 -2.491007e-05 -6.236275e-07 -6.371572e-08 -1.922124e-06 1.333298e-05 -1.608070e-04 -7.277916e-05 4.137435e-05
10612.219720 -2.481344e-05 -6.226831e-07 -6.374559e-08 -1.915245e-06 5.890607e-06 -1.656746e-04 -7.702023e-05 3.184244e-05
10614.671096 -2.479029e-05 -6.225799e-07 -6.390195e-08 -1.915300e-06 4.026954e-06 -1.910097e-04 -8.621730e-05 1.600169e-05
10617.134663 -2.482151e-05 -6.235540e-07 -6.395957e-08 -1.922127e-06 1.060807e-05 -1.876148e-04 -9.269306e-05 2.845473e-05
10619.610423 -2.484767e-05 -6.257728e-07 -6.419833e-08 -1.928311e-06 9.250520e-06 -1.839893e-04 -8.130896e-05 2.542100e-05
10622.098374 -2.481162e-05 -6.266697e-07 -6.438419e-08 -1.928112e-06 1.008661e-05 -1.837818e-04 -6.956330e-05 3.456770e-05
10624.598517 -2.475652e-05 -6.267129e-07 -6.446850e-08 -1.925504e-06 9.069880e-06 -1.973401e-04 -5.580542e-05 3.765766e-05
10627.110852 -2.466553e-05 -6.262963e-07 -6.461075e-08 -1.919135e-06 1.312973e-05 -2.071091e-04 -6.341131e-05 3.671993e-05
10629.635380 -2.466716e-05 -6.269502e-07 -6.466128e-08 -1.924523e-06 1.542782e-05 -2.072108e-04 -6.569876e-05 2.827167e-05
10632.172099 -2.463504e-05 -6.264431e-07 -6.460455e-08 -1.926434e-06 1.455540e-05 -1.948792e-04 -7.882816e-05 2.960318e-05
10634.721009 -2.456740e-05 -6.259939e-07 -6.444253e-08 -1.923933e-06 1.703950e-05 -2.148806e-04 -9.212260e-05 2.270565e-05
10637.282112 -2.452427e-05 -6.267497e-07 -6.456708e-08 -1.923760e-06 1.242672e-05 -2.064677e-04 -8.695196e-05 1.991775e-05
10639.855407 -2.446658e-05 -6.257889e-07 -6.446071e-08 -1.920440e-06 1.949605e-05 -2.181755e-04 -7.520385e-05 2.451398e-05
10642.440894 -2.438987e-05 -6.253566e-07 -6.464341e-08 -1.914639e-06 1.825837e-05 -2.315949e-04 -7.349974e-05 3.211839e-05
10645.038572 -2.428486e-05 -6.236519e-07 -6.480964e-08 -1.906344e-06 2.235040e-05 -2.245203e-04 -6.915401e-05 3.559888e-05
10647.648443 -2.424290e-05 -6.243798e-07 -6.493647e-08 -1.905325e-06 1.636918e-05 -2.183206e-04 -8.201677e-05 4.014503e-05
10650.270505 -2.414556e-05 -6.238879e-07 -6.482716e-08 -1.896162e-06 2.459810e-05 -2.069771e-04 -8.285686e-05 4.140055e-05
10652.904759 -2.411619e-05 -6.249178e-07 -6.515565e-08 -1.896277e-06 2.891996e-05 -1.994911e-04 -7.338017e-05 4.597189e-05
10655.551205 -2.406474e-05 -6.258345e-07 -6.562619e-08 -1.893361e-06 2.703610e-05 -1.954619e-04 -8.036508e-05 4.608946e-05
10658.209844 -2.398003e-05 -6.258024e-07 -6.594888e-08 -1.890133e-06 1.973828e-05 -2.071146e-04 -8.943400e-05 4.144154e-05
10660.880674 -2.398964e-05 -6.277630e-07 -6.633798e-08 -1.891909e-06 8.232104e-06 -1.923313e-04 -9.244272e-05 2.910552e-05
10663.563696 -2.399097e-05 -6.308040e-07 -6.654386e-08 -1.891124e-06 1.366775e-05 -1.887250e-04 -8.487473e-05 3.552949e-05
10666.258909 -2.393854e-05 -6.315078e-07 -6.660606e-08 -1.886375e-06 1.387490e-05 -2.039407e-04 -8.134842e-05 3.534748e-05
10668.966315 -2.386235e-05 -6.309646e-07 -6.689686e-08 -1.879080e-06 1.150840e-05 -1.935443e-04 -8.073604e-05 3.137325e-05
10671.685913 -2.378736e-05 -6.303903e-07 -6.714945e-08 -1.872694e-06 1.489290e-05 -1.901308e-04 -9.515641e-05 2.196929e-05
10674.417702 -2.372568e-05 -6.306167e-07 -6.719112e-08 -1.867547e-06 1.867275e-05 -2.080981e-04 -9.252357e-05 3.194891e-05
10677.161684 -2.361120e-05 -6.288872e-07 -6.715108e-08 -1.856613e-06 1.716805e-05 -2.248170e-04 -8.635846e-05 3.614246e-05
10679.917857 -2.351150e-05 -6.283362e-07 -6.707144e-08 -1.851015e-06 6.354209e-06 -2.179585e-04 -8.318336e-05 3.100127e-05
10682.686222 -2.343569e-05 -6.286953e-07 -6.723364e-08 -1.844823e-06 1.256436e-05 -2.051118e-04 -8.557155e-05 3.710861e-05
10685.466780 -2.335238e-05 -6.285543e-07 -6.735858e-08 -1.839894e-06 2.154948e-06 -2.395366e-04 -7.511127e-05 3.599407e-05
10688.259529 -2.326054e-05 -6.277685e-07 -6.745363e-08 -1.835362e-06 8.979018e-06 -2.263112e-04 -8.286374e-05 3.517710e-05
10691.064470 -2.319876e-05 -6.270751e-07 -6.747565e-08 -1.833657e-06 9.344575e-06 -2.317697e-04 -9.912882e-05 4.248765e-05
10693.881602 -2.319688e-05 -6.284473e-07 -6.785437e-08 -1.835933e-06 4.506197e-06 -2.203320e-04 -8.787845e-05 4.923720e-05
10696.710927 -2.313686e-05 -6.282990e-07 -6.787109e-08 -1.830519e-06 3.497391e-06 -2.084183e-04 -7.507574e-05 5.208382e-05
10699.552444 -2.307674e-05 -6.273549e-07 -6.776876e-08 -1.827953e-06 2.084200e-06 -2.101454e-04 -7.306166e-05 5.540777e-05
10702.406153 -2.296527e-05 -6.262152e-07 -6.768589e-08 -1.820990e-06 -1.559292e-06 -2.094271e-04 -8.648871e-05 4.700079e-05
10705.272053 -2.291645e-05 -6.265926e-07 -6.783911e-08 -1.821356e-06 -6.261622e-07 -2.141351e-04 -8.613244e-05 4.362085e-05
10708.150146 -2.292126e-05 -6.280361e-07 -6.788342e-08 -1.825093e-06 -1.179697e-05 -1.927188e-04 -7.155957e-05 5.360860e-05
10711.040430 -2.291248e-05 -6.296635e-07 -6.782761e-08 -1.826524e-06 -8.817340e-06 -2.030528e-04 -7.900677e-05 5.495191e-05
10713.942906 -2.286379e-05 -6.302313e-07 -6.791110e-08 -1.824810e-06 -9.894229e-06 -1.990618e-04 -7.665071e-05 4.616382e-05
10716.857574 -2.280650e-05 -6.297288e-07 -6.792763e-08 -1.821642e-06 -4.700073e-06 -1.913011e-04 -8.452888e-05 3.968193e-05
10719.784435 -2.273397e-05 -6.299973e-07 -6.827622e-08 -1.815957e-06 2.139672e-06 -1.747750e-04 -8.245626e-05 4.108640e-05
10722.723487 -2.266143e-05 -6.305112e-07 -6.844216e-08 -1.811509e-06 4.517739e-06 -1.420763e-04 -7.189675e-05 4.323169e-05
10725.674730 -2.257788e-05 -6.302583e-07 -6.845860e-08 -1.806436e-06 -3.752439e-06 -1.412388e-04 -7.332129e-05 4.393980e-05
10728.638166 -2.250339e-05 -6.294177e-07 -6.831512e-08 -1.803955e-06 -2.487209e-06 -1.779147e-04 -7.413933e-05 5.152911e-05
10731.613794 -2.245309e-05 -6.299708e-07 -6.829768e-08 -1.803966e-06 6.896762e-06 -1.676371e-04 -6.453303e-05 5.695120e-05
10734.601614 -2.240929e-05 -6.306358e-07 -6.845654e-08 -1.800960e-06 7.671522e-06 -1.482468e-04 -7.015137e-05 4.938055e-05
10737.601625 -2.235712e-05 -6.315955e-07 -6.862045e-08 -1.798204e-06 -6.846942e-09 -1.516585e-04 -4.532639e-05 5.648173e-05
10740.613829 -2.226819e-05 -6.306918e-07 -6.862144e-08 -1.791256e-06 6.894338e-07 -1.758716e-04 -3.648373e-05 6.554924e-05
10743.638224 -2.218017e-05 -6.298991e-07 -6.897806e-08 -1.784025e-06 4.914385e-06 -1.914009e-04 -4.236475e-05 5.048929e-05
10746.674811 -2.207397e-05 -6.282785e-07 -6.898553e-08 -1.775064e-06 6.974715e-06 -1.784066e-04 -3.896985e-05 4.500542e-05
10749.723590 -2.189579e-05 -6.258580e-07 -6.896131e-08 -1.757662e-06 8.622224e-06 -1.717869e-04 -3.912077e-05 4.254063e-05
10752.784561 -2.179312e-05 -6.242599e-07 -6.901770e-08 -1.749356e-06 5.407813e-06 -1.718156e-04 -3.630734e-05 5.114312e-05
10755.857724 -2.167908e-05 -6.225209e-07 -6.899478e-08 -1.741482e-06 -3.129378e-06 -1.726426e-04 -5.012841e-05 4.424198e-05
10758.943079 -2.169784e-05 -6.240445e-07 -6.913052e-08 -1.746876e-06 -5.421833e-06 -1.875043e-04 -4.643653e-05 4.743324e-05
10762.040626 -2.162943e-05 -6.232688e-07 -6.905065e-08 -1.742149e-06 -1.010597e-06 -1.915552e-04 -4.660313e-05 6.003336e-05
10765.150365 -2.147988e-05 -6.227652e-07 -6.880540e-08 -1.728077e-06 -1.076597e-06 -1.721087e-04 -4.733352e-05 5.501080e-05
10768.272295 -2.146512e-05 -6.239754e-07 -6.889217e-08 -1.730588e-06 1.518121e-06 -1.656219e-04 -3.023066e-05 5.470946e-05
10771.406418 -2.140890e-05 -6.237202e-07 -6.864077e-08 -1.729220e-06 -1.143211e-06 -1.550476e-04 -2.787286e-05 5.563735e-05
10774.552732 -2.133619e-05 -6.231234e-07 -6.869977e-08 -1.725842e-06 3.322201e-06 -1.406690e-04 -2.871511e-05 5.098018e-05
10777.711239 -2.127218e-05 -6.236654e-07 -6.892340e-08 -1.724152e-06 -2.769796e-07 -1.266888e-04 -2.050754e-05 5.499754e-05
10780.881937 -2.117756e-05 -6.228999e-07 -6.924664e-08 -1.718437e-06 -4.040331e-06 -1.146526e-04 -2.422697e-05 5.921009e-05
10784.064827 -2.110095e-05 -6.219741e-07 -6.966385e-08 -1.714476e-06 1.205595e-06 -1.512861e-04 -1.674146e-05 6.274671e-05
10787.259909 -2.100468e-05 -6.208353e-07 -7.005827e-08 -1.707535e-06 -6.281965e-07 -1.411588e-04 -2.199338e-05 6.727416e-05
10790.467183 -2.088444e-05 -6.192155e-07 -7.043284e-08 -1.697223e-06 1.813922e-06 -1.147458e-04 -3.932128e-05 5.201065e-05
10793.686649 -2.076779e-05 -6.174228e-07 -7.056771e-08 -1.687518e-06 5.090049e-06 -1.188932e-04 -3.525374e-05 4.572560e-05
10796.918307 -2.064815e-05 -6.160754e-07 -7.048317e-08 -1.678075e-06 9.462994e-07 -1.314813e-04 -3.568678e-05 4.568366e-05
10800.162157 -2.059077e-05 -6.159162e-07 -7.065687e-08 -1.677721e-06 4.620501e-06 -1.167272e-04 -3.773399e-05 4.415806e-05
10803.418198 -2.049230e-05 -6.150004e-07 -7.074934e-08 -1.672045e-06 2.174419e-06 -1.207560e-04 -3.680356e-05 4.595669e-05
10806.686432 -2.030551e-05 -6.120094e-07 -7.068529e-08 -1.657513e-06 5.301102e-06 -1.281962e-04 -3.464887e-05 5.868648e-05
10809.966857 -2.025789e-05 -6.121632e-07 -7.092187e-08 -1.655068e-06 7.349235e-06 -1.400877e-04 -2.777818e-05 6.681010e-05
10813.259474 -2.012131e-05 -6.096410e-07 -7.073239e-08 -1.640734e-06 4.773633e-06 -1.572589e-04 -3.666632e-05 5.536752e-05
10816.564284 -1.998806e-05 -6.074515e-07 -7.041052e-08 -1.629469e-06 1.412620e-05 -1.449708e-04 -2.535600e-05 6.428713e-05
10819.881285 -1.994678e-05 -6.080373e-07 -7.044598e-08 -1.628404e-06 1.349837e-05 -1.002106e-04 -3.119344e-05 5.894844e-05
10823.210478 -1.991491e-05 -6.089151e-07 -7.040622e-08 -1.629114e-06 7.290908e-06 -1.273310e-04 -3.951301e-05 5.652805e-05
10826.551863 -1.981814e-05 -6.077002e-07 -7.006043e-08 -1.622403e-06 1.397190e-05 -1.467500e-04 -2.960572e-05 6.107604e-05
10829.905440 -1.971492e-05 -6.062716e-07 -6.980847e-08 -1.616062e-06 1.085893e-05 -1.419942e-04 -3.851547e-05 4.373886e-05
10833.271209 -1.960255e-05 -6.043311e-07 -6.945083e-08 -1.607334e-06 1.223040e-05 -1.722960e-04 -2.995041e-05 4.525488e-05
10836.649169 -1.947929e-05 -6.022719e-07 -6.891247e-08 -1.598084e-06 1.515973e-05 -1.806521e-04 -3.217927e-05 4.551107e-05
10840.039322 -1.937379e-05 -6.009104e-07 -6.861719e-08 -1.590453e-06 2.167044e-05 -1.692720e-04 -3.189395e-05 4.214941e-05
10843.441666 -1.924376e-05 -5.989966e-07 -6.855261e-08 -1.578514e-06 1.378104e-05 -1.661057e-04 -3.248787e-05 4.479105e-05
10846.856203 -1.916564e-05 -5.987688e-07 -6.868442e-08 -1.574969e-06 5.722989e-06 -1.442219e-04 -4.249917e-05 4.543886e-05
10850.282931 -1.902567e-05 -5.968043e-07 -6.864166e-08 -1.564088e-06 1.017983e-06 -1.655642e-04 -3.877536e-05 4.996474e-05
10853.721851 -1.890519e-05 -5.942022e-07 -6.847356e-08 -1.556770e-06 1.344807e-06 -1.627897e-04 -3.515643e-05 5.166230e-05
10857.172964 -1.884482e-05 -5.949108e-07 -6.875335e-08 -1.553589e-06 -9.181176e-07 -1.608721e-04 -4.550373e-05 4.567112e-05
10860.636268 -1.867143e-05 -5.914381e-07 -6.872307e-08 -1.537619e-06 -3.320285e-06 -1.855001e-04 -5.473471e-05 4.528277e-05
10864.111764 -1.856204e-05 -5.902558e-07 -6.880019e-08 -1.529105e-06 -3.105167e-06 -1.834692e-04 -5.841424e-05 4.469969e-05
10867.599451 -1.841294e-05 -5.877333e-07 -6.853144e-08 -1.517054e-06 -2.864289e-06 -1.812560e-04 -6.116639e-05 3.666615e-05
10871.099331 -1.833398e-05 -5.868272e-07 -6.837489e-08 -1.513868e-06 4.379708e-08 -1.609233e-04 -5.421670e-05 2.288445e-05
10874.611403 -1.820549e-05 -5.843194e-07 -6.809640e-08 -1.503838e-06 -3.218883e-06 -1.835509e-04 -4.857330e-05 2.155413e-05
10878.135666 -1.810451e-05 -5.831620e-07 -6.818271e-08 -1.498100e-06 1.285988e-06 -1.870820e-04 -4.916414e-05 2.548160e-05
10881.672122 -1.802706e-05 -5.821617e-07 -6.832107e-08 -1.493359e-06 1.083221e-06 -1.979068e-04 -4.257865e-05 3.140501e-05
10885.220769 -1.789706e-05 -5.798065e-07 -6.826028e-08 -1.481763e-06 -3.226118e-06 -2.157152e-04 -4.032345e-05 4.405435e-05
10888.781609 -1.774246e-05 -5.768813e-07 -6.803998e-08 -1.468643e-06 -1.106935e-05 -2.247786e-04 -4.967486e-05 4.061488e-05
10892.354640 -1.764266e-05 -5.758011e-07 -6.819940e-08 -1.463027e-06 -5.776897e-06 -2.180859e-04 -4.979653e-05 3.945981e-05
10895.939863 -1.752644e-05 -5.735818e-07 -6.808824e-08 -1.455249e-06 -3.556323e-06 -2.241417e-04 -5.957613e-05 3.331504e-05
10899.537278 -1.739961e-05 -5.711662e-07 -6.782684e-08 -1.446101e-06 -1.060094e-06 -2.162625e-04 -5.570431e-05 3.090047e-05
10903.146885 -1.727199e-05 -5.687109e-07 -6.797331e-08 -1.436693e-06 -2.000666e-08 -2.355262e-04 -4.708361e-05 3.343523e-05
10906.768684 -1.710263e-05 -5.645121e-07 -6.794256e-08 -1.422085e-06 -4.734855e-06 -2.482474e-04 -4.440758e-05 3.771515e-05
10910.402675 -1.700224e-05 -5.630742e-07 -6.796532e-08 -1.415620e-06 -2.410852e-07 -2.542582e-04 -4.596534e-05 3.153146e-05
10914.048857 -1.691495e-05 -5.620408e-07 -6.821572e-08 -1.411140e-06 3.443819e-06 -2.299789e-04 -6.547971e-05 3.207047e-05
10917.707232 -1.678998e-05 -5.599785e-07 -6.823297e-08 -1.401459e-06 -2.350188e-06 -2.135661e-04 -6.500335e-05 3.767758e-05
10921.377799 -1.661792e-05 -5.560747e-07 -6.766376e-08 -1.386553e-06 -4.771090e-07 -2.282768e-04 -5.394705e-05 3.326319e-05
10925.060557 -1.650768e-05 -5.543170e-07 -6.772645e-08 -1.378922e-06 1.887415e-07 -2.380538e-04 -5.590546e-05 3.268279e-05
10928.755507 -1.641990e-05 -5.534597e-07 -6.811566e-08 -1.374105e-06 9.756153e-06 -2.356054e-04 -5.965344e-05 2.297344e-05
10932.462650 -1.629306e-05 -5.513839e-07 -6.786484e-08 -1.364339e-06 4.310971e-06 -2.370396e-04 -5.555655e-05 2.765378e-05
10936.181984 -1.615192e-05 -5.481584e-07 -6.727150e-08 -1.353411e-06 -6.896017e-07 -2.439644e-04 -5.775798e-05 3.509782e-05
10939.913510 -1.601477e-05 -5.452200e-07 -6.699142e-08 -1.342752e-06 -4.547149e-06 -2.593936e-04 -5.761719e-05 3.439975e-05
10943.657228 -1.590117e-05 -5.434115e-07 -6.691079e-08 -1.333853e-06 -5.413244e-06 -2.489412e-04 -5.865505e-05 4.448211e-05
10947.413138 -1.574925e-05 -5.400350e-07 -6.670276e-08 -1.321038e-06 -6.773157e-06 -2.448219e-04 -4.658125e-05 4.503060e-05
10951.181239 -1.556771e-05 -5.357033e-07 -6.635989e-08 -1.305934e-06 -1.159877e-06 -2.215893e-04 -4.555146e-05 3.547580e-05
10954.961533 -1.544972e-05 -5.334357e-07 -6.586748e-08 -1.296509e-06 9.867632e-06 -2.269324e-04 -4.729990e-05 3.221806e-05
10958.754019 -1.536120e-05 -5.319860e-07 -6.547178e-08 -1.291337e-06 3.757003e-06 -2.611283e-04 -5.466769e-05 3.860963e-05
10962.558696 -1.519444e-05 -5.275563e-07 -6.494472e-08 -1.277859e-06 -1.126673e-05 -2.812004e-04 -6.046828e-05 3.331145e-05
10966.375565 -1.511414e-05 -5.258047e-07 -6.465529e-08 -1.273021e-06 -7.233190e-06 -2.713481e-04 -5.893295e-05 3.152510e-05
10970.204627 -1.501694e-05 -5.241961e-07 -6.428068e-08 -1.266196e-06 -9.476211e-06 -2.688710e-04 -5.340288e-05 3.374410e-05
10974.045880 -1.482420e-05 -5.191513e-07 -6.368567e-08 -1.248768e-06 -2.048645e-05 -2.692664e-04 -4.786897e-05 3.436522e-05
10977.899325 -1.468124e-05 -5.157811e-07 -6.320005e-08 -1.237427e-06 -5.215173e-06 -2.913361e-04 -5.991691e-05 4.066007e-05
10981.764962 -1.459341e-05 -5.135129e-07 -6.284194e-08 -1.232956e-06 8.237858e-06 -2.786986e-04 -7.079133e-05 3.787336e-05
10985.642791 -1.446467e-05 -5.112020e-07 -6.274502e-08 -1.223532e-06 4.207649e-06 -2.749921e-04 -6.995681e-05 4.212141e-05
10989.532812 -1.434316e-05 -5.081311e-07 -6.267603e-08 -1.213830e-06 -6.209391e-06 -2.684766e-04 -6.808723e-05 4.308749e-05
10993.435025 -1.421074e-05 -5.052717e-07 -6.283710e-08 -1.202283e-06 -1.539386e-07 -2.867128e-04 -4.851575e-05 5.214908e-05
10997.349429 -1.411252e-05 -5.035154e-07 -6.323432e-08 -1.195818e-06 2.469656e-06 -3.069949e-04 -5.863184e-05 4.977657e-05
11001.276026 -1.395124e-05 -4.985749e-07 -6.279058e-08 -1.182243e-06 3.059182e-06 -2.850000e-04 -6.797804e-05 5.452381e-05
11005.214814 -1.380074e-05 -4.944282e-07 -6.235280e-08 -1.169935e-06 4.317839e-06 -2.812792e-04 -8.100228e-05 5.516348e-05
11009.165795 -1.370084e-05 -4.925288e-07 -6.213679e-08 -1.163453e-06 -3.138054e-06 -2.803994e-04 -6.912854e-05 5.558813e-05
11013.128967 -1.361099e-05 -4.904202e-07 -6.200822e-08 -1.157784e-06 -4.858750e-06 -2.911626e-04 -6.933827e-05 5.408984e-05
11017.104331 -1.347686e-05 -4.868593e-07 -6.178232e-08 -1.147328e-06 -7.501354e-06 -3.174532e-04 -7.517566e-05 5.201470e-05
11021.091888 -1.337786e-05 -4.849389e-07 -6.181621e-08 -1.141566e-06 -5.389320e-06 -3.019262e-04 -6.642086e-05 4.565794e-05
11025.091636 -1.327533e-05 -4.828578e-07 -6.165877e-08 -1.134286e-06 3.378119e-06 -3.007790e-04 -6.567348e-05 4.816076e-05
11029.103575 -1.314873e-05 -4.794333e-07 -6.142724e-08 -1.124347e-06 2.915519e-06 -3.064671e-04 -5.727205e-05 5.158169e-05
11033.127707 -1.299840e-05 -4.755974e-07 -6.134264e-08 -1.112354e-06 4.790988e-07 -3.218851e-04 -6.170982e-05 5.706739e-05
11037.164031 -1.289860e-05 -4.734818e-07 -6.142645e-08 -1.105508e-06 -2.587502e-06 -3.296308e-04 -6.608560e-05 5.517739e-05
11041.212547 -1.278126e-05 -4.701805e-07 -6.132556e-08 -1.096498e-06 3.331142e-07 -2.869745e-04 -6.924691e-05 4.471396e-05
11045.273254 -1.266807e-05 -4.672890e-07 -6.111392e-08 -1.088385e-06 1.440328e-06 -3.050073e-04 -6.534883e-05 4.170661e-05
11049.346154 -1.253101e-05 -4.639403e-07 -6.076258e-08 -1.077266e-06 -6.653182e-08 -3.052444e-04 -7.119581e-05 4.577616e-05
11053.431245 -1.241253e-05 -4.611091e-07 -6.064776e-08 -1.067518e-06 2.970709e-06 -3.008397e-04 -6.173926e-05 4.357346e-05
11057.528529 -1.231111e-05 -4.588374e-07 -6.047998e-08 -1.060061e-06 1.039264e-06 -3.233566e-04 -6.787035e-05 5.148446e-05
11061.638004 -1.214385e-05 -4.549911e-07 -5.986573e-08 -1.044865e-06 -3.141380e-06 -3.394669e-04 -6.367537e-05 5.261731e-05
11065.759671 -1.198685e-05 -4.515592e-07 -5.934788e-08 -1.031541e-06 2.008307e-06 -3.328611e-04 -6.655237e-05 4.814924e-05
11069.893530 -1.193181e-05 -4.495836e-07 -5.909047e-08 -1.029244e-06 -1.057669e-06 -3.330556e-04 -7.111382e-05 4.588162e-05
11074.039581 -1.180415e-05 -4.459761e-07 -5.877989e-08 -1.019305e-06 5.326665e-06 -3.358046e-04 -6.319074e-05 4.699325e-05
11078.197824 -1.168406e-05 -4.425282e-07 -5.835299e-08 -1.010066e-06 1.387073e-05 -3.229116e-04 -6.847318e-05 5.019572e-05
11082.368258 -1.163555e-05 -4.409145e-07 -5.800754e-08 -1.008420e-06 1.543571e-05 -3.348719e-04 -6.392219e-05 6.258190e-05
11086.550885 -1.149916e-05 -4.372942e-07 -5.768929e-08 -9.966276e-07 4.350754e-07 -3.449067e-04 -6.350003e-05 6.281339e-05
11090.745704 -1.138865e-05 -4.342850e-07 -5.738003e-08 -9.884334e-07 5.469349e-06 -3.418628e-04 -6.407627e-05 5.401595e-05
11094.952714 -1.129828e-05 -4.320332e-07 -5.702756e-08 -9.828886e-07 -3.444637e-06 -3.409778e-04 -5.858178e-05 5.459070e-05
11099.171916 -1.119513e-05 -4.288471e-07 -5.650808e-08 -9.753965e-07 -2.697386e-06 -3.366238e-04 -5.301512e-05 5.726243e-05
11103.403311 -1.107895e-05 -4.251497e-07 -5.600901e-08 -9.662892e-07 -5.034493e-06 -3.306808e-04 -4.186343e-05 5.154549e-05
11107.646897 -1.092376e-05 -4.207059e-07 -5.554369e-08 -9.524633e-07 2.459918e-07 -3.233618e-04 -4.671278e-05 4.242734e-05
11111.902675 -1.082447e-05 -4.179298e-07 -5.531353e-08 -9.450294e-07 -1.120887e-05 -3.285060e-04 -4.475996e-05 4.755730e-05
11116.170645 -1.075972e-05 -4.166363e-07 -5.554152e-08 -9.421358e-07 -5.327653e-06 -3.548488e-04 -3.694623e-05 5.420716e-05
11120.450807 -1.062882e-05 -4.133484e-07 -5.536441e-08 -9.302271e-07 2.082065e-06 -3.354496e-04 -3.988534e-05 5.593263e-05
11124.743161 -1.054152e-05 -4.108333e-07 -5.535543e-08 -9.239147e-07 -5.490347e-06 -3.074825e-04 -3.182030e-05 5.341554e-05
11129.047707 -1.046345e-05 -4.088350e-07 -5.505304e-08 -9.192604e-07 -1.330015e-05 -3.009796e-04 -3.776340e-05 5.406246e-05
11133.364444 -1.034248e-05 -4.052325e-07 -5.460622e-08 -9.088759e-07 -6.049714e-06 -3.212309e-04 -4.076388e-05 5.522797e-05
11137.693374 -1.023476e-05 -4.020803e-07 -5.449216e-08 -9.007880e-07 -8.932150e-06 -3.329310e-04 -4.618348e-05 5.897693e-05
11142.034495 -1.015766e-05 -3.999432e-07 -5.458555e-08 -8.962973e-07 -6.257547e-06 -3.427633e-04 -4.231198e-05 4.551863e-05
11146.387809 -1.004907e-05 -3.965994e-07 -5.435153e-08 -8.873424e-07 -1.465544e-05 -3.382261e-04 -4.762538e-05 4.075883e-05
11150.753314 -9.924268e-06 -3.928349e-07 -5.366302e-08 -8.767104e-07 -6.510453e-06 -3.364935e-04 -4.324599e-05 4.166646e-05
11155.131011 -9.770129e-06 -3.879345e-07 -5.283412e-08 -8.643082e-07 -6.269804e-06 -3.218358e-04 -5.419687e-05 3.645765e-05
11159.520900 -9.542084e-06 -3.798528e-07 -5.179228e-08 -8.454942e-07 -8.275005e-06 -3.333483e-04 -6.258372e-05 3.790260e-05
11163.922981 -9.492048e-06 -3.803518e-07 -5.221905e-08 -8.395954e-07 -6.226636e-06 -3.223238e-04 -6.389453e-05 4.194262e-05
11168.337254 -9.455122e-06 -3.791115e-07 -5.228782e-08 -8.410844e-07 -9.781284e-06 -3.301568e-04 -5.919771e-05 4.893749e-05
11172.763719 -9.455435e-06 -3.801733e-07 -5.285922e-08 -8.422321e-07 -2.536805e-06 -3.111520e-04 -5.423790e-05 4.339143e-05
11177.202376 -9.356266e-06 -3.775143e-07 -5.271897e-08 -8.338382e-07 -7.046297e-07 -3.003266e-04 -5.744790e-05 4.030216e-05
11181.653224 -9.271906e-06 -3.757398e-07 -5.251408e-08 -8.282926e-07 -4.460556e-06 -2.767861e-04 -5.763928e-05 4.555955e-05
11186.116265 -9.176045e-06 -3.733233e-07 -5.261051e-08 -8.210083e-07 -6.558015e-06 -2.741484e-04 -5.725049e-05 4.524297e-05
11190.591497 -9.082010e-06 -3.708376e-07 -5.235499e-08 -8.139721e-07 -4.765360e-06 -2.725980e-04 -4.611261e-05 4.406580e-05
11195.078922 -8.984563e-06 -3.679430e-07 -5.194721e-08 -8.069027e-07 -3.140793e-06 -2.695828e-04 -4.542848e-05 3.886273e-05
11199.578538 -8.881133e-06 -3.647078e-07 -5.172231e-08 -7.979764e-07 3.196973e-06 -2.579300e-04 -5.271533e-05 3.763057e-05
11204.090346 -8.791150e-06 -3.623669e-07 -5.144426e-08 -7.919746e-07 6.297111e-06 -2.386113e-04 -5.691809e-05 4.377387e-05
11208.614346 -8.699956e-06 -3.599007e-07 -5.108679e-08 -7.847706e-07 6.512309e-06 -2.318615e-04 -6.480382e-05 4.670220e-05
11213.150538 -8.605571e-06 -3.569950e-07 -5.094887e-08 -7.765363e-07 5.231307e-06 -2.200169e-04 -5.844447e-05 3.902438e-05
11217.698922 -8.523027e-06 -3.548343e-07 -5.066051e-08 -7.702892e-07 -3.658684e-06 -2.069897e-04 -5.314521e-05 4.804706e-05
11222.259498 -8.431943e-06 -3.520970e-07 -5.019402e-08 -7.629801e-07 -2.816149e-06 -2.034663e-04 -4.541901e-05 5.514122e-05
11226.832266 -8.334407e-06 -3.488973e-07 -4.957313e-08 -7.549005e-07 -7.437328e-06 -2.051897e-04 -5.059784e-05 5.211141e-05
11231.417226 -8.236149e-06 -3.461803e-07 -4.931547e-08 -7.472452e-07 -7.615310e-06 -2.451536e-04 -4.927287e-05 5.730939e-05
11236.014377 -8.134568e-06 -3.434606e-07 -4.907836e-08 -7.386593e-07 -3.251533e-06 -2.338014e-04 -5.036419e-05 5.355493e-05
11240.623721 -8.060104e-06 -3.413182e-07 -4.852360e-08 -7.337806e-07 3.108475e-08 -2.537286e-04 -5.455567e-05 5.452245e-05
11245.245256 -7.965619e-06 -3.382659e-07 -4.814863e-08 -7.256175e-07 -8.139302e-06 -2.718343e-04 -5.733394e-05 5.491864e-05
11249.878983 -7.886885e-06 -3.356673e-07 -4.811611e-08 -7.198239e-07 -1.250328e-05 -2.649082e-04 -5.713764e-05 4.850601e-05
11254.524902 -7.768030e-06 -3.316338e-07 -4.765503e-08 -7.089035e-07 -4.029100e-06 -2.786975e-04 -5.488829e-05 4.502112e-05
11259.183013 -7.679264e-06 -3.286897e-07 -4.726296e-08 -7.017024e-07 -6.463812e-07 -2.665455e-04 -5.766130e-05 4.171931e-05
11263.853316 -7.595714e-06 -3.257555e-07 -4.693245e-08 -6.958185e-07 -4.869951e-07 -2.627616e-04 -6.168798e-05 4.029527e-05
11268.535811 -7.526120e-06 -3.239486e-07 -4.675924e-08 -6.918594e-07 -4.271309e-06 -2.447492e-04 -5.519872e-05 4.730095e-05
11273.230498 -7.452823e-06 -3.223028e-07 -4.688288e-08 -6.864257e-07 -7.707292e-06 -2.339282e-04 -5.646235e-05 4.349267e-05
11277.937377 -7.379109e-06 -3.204948e-07 -4.687601e-08 -6.812205e-07 -4.182835e-06 -2.472180e-04 -6.051101e-05 4.068139e-05
11282.656448 -7.290638e-06 -3.179247e-07 -4.677343e-08 -6.732210e-07 -9.583421e-06 -2.370768e-04 -4.820538e-05 3.580459e-05
11287.387710 -7.209710e-06 -3.157440e-07 -4.633894e-08 -6.668716e-07 -8.847001e-06 -2.509439e-04 -5.522964e-05 3.228370e-05
11292.131165 -7.120817e-06 -3.131719e-07 -4.629236e-08 -6.591791e-07 -4.680968e-06 -2.585427e-04 -5.848233e-05 2.906394e-05
11296.886811 -7.043343e-06 -3.108988e-07 -4.604725e-08 -6.531782e-07 -4.915736e-06 -2.494980e-04 -5.808237e-05 3.330779e-05
11301.654649 -6.974342e-06 -3.090593e-07 -4.569626e-08 -6.485648e-07 -8.316065e-06 -2.358348e-04 -4.994502e-05 3.040450e-05
11306.434679 -6.875527e-06 -3.057931e-07 -4.546019e-08 -6.400871e-07 -1.700810e-05 -2.340870e-04 -4.753804e-05 1.807402e-05
11311.226901 -6.771925e-06 -3.024137e-07 -4.489110e-08 -6.313457e-07 -1.454110e-05 -2.527002e-04 -4.903586e-05 -7.989953e-06
11316.031315 -6.718200e-06 -3.004098e-07 -4.471334e-08 -6.285922e-07 -1.489033e-05 -2.267509e-04 -5.485316e-05 -5.152754e-06
11320.847921 -6.659613e-06 -2.990857e-07 -4.465213e-08 -6.228881e-07 -1.855202e-05 -2.189252e-04 -5.575805e-05 -1.043361e-05
11325.676719 -6.600182e-06 -2.973992e-07 -4.446723e-08 -6.193576e-07 -2.006317e-05 -2.227869e-04 -5.383342e-05 -5.700815e-06
11330.517709 -6.512441e-06 -2.942397e-07 -4.413563e-08 -6.119197e-07 -9.827997e-06 -2.235222e-04 -5.726321e-05 -1.854991e-06
11335.370891 -6.402254e-06 -2.899180e-07 -4.351681e-08 -6.027373e-07 -5.070888e-06 -2.130868e-04 -7.087743e-05 3.623493e-06
11340.236264 -6.390311e-06 -2.898747e-07 -4.360743e-08 -6.023633e-07 -3.165592e-06 -1.970794e-04 -6.248291e-05 6.755928e-06
