# Facility.name: NSLS-II
# Facility.mode: Beam available
# Facility.current: 400.13815932278874
# Facility.current: 3 GeV
# Facility.year: 2023
# Facility.cycle: 2
# Facility.GUP: 312970
# Facility.SAF: 311402
# Experimenter.name: Esteban Fornero
# Beamline.name: ISS (8-ID)
# Beamline.x-ray_source: damping wiggler
# Beamline.collimation_mirror1.material: Si
# Beamline.collimation_mirror2.material: Pt
# Beamline.collimation_mirror2.bender_loading: -348.0
# Beamline.focusing: toroidal mirror
# Beamline.focusing.material: Pt
# Beamline.focusing.bender_loading: -419.0
# Beamline.harmonic_rejection: Si
# Mono.scan_mode: Si(111)
# Mono.d_spacing: 3.1354951
# Mono.scan_mode: pseudo-channel cut
# Mono.scan_type: fly_scan
# Mono.trajectory_name: 0f397ba2-1519.txt
# Mono.direction: None
# Mono.angle_offset: 0.69366577
# Mono.angle_offset: 39.744 deg
# Mono.encoder_resolution: 48.0 nrad
# Detector.I0: ion chamber
# Detector.I1: ion chamber
# Detector.I2: ion chamber
# Detector.IF: PIPS
# Detector.I0.length: 15 cm
# Detector.I1.length: 28 cm
# Detector.I2.length: 15 cm
# Detector.IF.thickness: 300 um
# Detector.I0.gas.N2: 38.0%
# Detector.I1.gas.N2: 38.0%
# Detector.I2.gas.N2: 38.0%
# Detector.I0.gas.He: 62.0%
# Detector.I1.gas.He: 62.0%
# Detector.I2.gas.He: 62.0%
# Detector.I0.voltage: -1650.000122
# Detector.I1.voltage: -1650.002686
# Detector.I2.voltage: -1650.001587
# Detector.I0.gain: 4
# Detector.I1.gain: 6
# Detector.I2.gain: 6
# Detector.IF.gain: 6
# Detector.aux: {}
# Element.symbol: Ga
# Element.edge: K
# Element.line: None
# Scan.transient_id: 370933
# Scan.uid: fdd21f79-8d62-4993-b479-97c4c99961b6
# Scan.edge_energy: 10367.0
# Scan.start_time: 06/23/2023  03:19:51.500020
# Scan.end_time: 06/23/2023  03:20:24.947583
# Scan.name: CuGaO2-4th H2-ramp (pos 001) Ga-K 0001
# Scan.comment: 
# Sample.name: CuGaO2-4th
# Sample.comment: 
# Sample.position.x: -66.4779948865
# Sample.position.y: 30.5239896225
# Sample.position.z: -10.184937499999995
# Sample.position.theta: 845.5790000000001
# SampleHeater.temperature1.setpoint: 300.0
# SampleHeater.temperature1.readback: 1372.0
# SampleHeater.current.setpoint: 0.0
# SampleHeater.current.readback: 0.0
# SampleHeater.temperature2.setpoint: 31.0221699282527
# SampleHeater.temperature2.readback: 28.0
# SampleHeater.voltage.setpoint: 0.18107770502279913
# SampleHeater.voltage.readback: 0.18
# SampleHeater.PID.P: 0.025
# SampleHeater.PID.I: 0.07
# SampleHeater.PID.D: 0.0
# SampleGasCart.MFC.CH4.setpoint: 0.0
# SampleGasCart.MFC.CH4.readback: 0.0
# SampleGasCart.MFC.CO.setpoint: 0.0
# SampleGasCart.MFC.CO.readback: 0.0
# SampleGasCart.MFC.H2.setpoint: 10.0
# SampleGasCart.MFC.H2.readback: 10.012
# SampleGasCart.MFC.exhaust.setpoint: 100.0
# SampleGasCart.MFC.exhaust.readback: 10.040000000000001
# SampleGasHandlingSystem.gas_a.name: None
# SampleGasHandlingSystem.gas_b.name: None
# SampleGasHandlingSystem.gas_c.name: None
# SampleGasHandlingSystem.gas_d.name: None
# SampleGasHandlingSystem.gas_e.name: He
# SampleGasHandlingSystem.MFC1.setpoint: 0.0
# SampleGasHandlingSystem.MFC1.readback: -0.146484375
# SampleGasHandlingSystem.MFC2.setpoint: 0.0
# SampleGasHandlingSystem.MFC2.readback: -0.0935872420668602
# SampleGasHandlingSystem.MFC3.setpoint: 0.0
# SampleGasHandlingSystem.MFC3.readback: 0.02034505270421505
# SampleGasHandlingSystem.MFC4.setpoint: 0.0
# SampleGasHandlingSystem.MFC4.readback: -0.0813802108168602
# SampleGasHandlingSystem.MFC5.setpoint: 0.0
# SampleGasHandlingSystem.MFC5.readback: -0.008138020522892475
# SampleGasHandlingSystem.MFC6.setpoint: 0.0
# SampleGasHandlingSystem.MFC6.readback: -0.0325520820915699
# SampleGasHandlingSystem.MFC7.setpoint: 0.0
# SampleGasHandlingSystem.MFC7.readback: -0.0244140625
# SampleGasHandlingSystem.MFC8.setpoint: 0.0
# SampleGasHandlingSystem.MFC8.readback: -0.0651041641831398
# SampleGasHandlingSystem.MFC9.setpoint: 0.0
# SampleGasHandlingSystem.MFC9.readback: -0.0406901054084301
# SampleGasHandlingSystem.MFC10.setpoint: 0.0
# SampleGasHandlingSystem.MFC10.readback: 0.01220703125
# SampleGasHandlingSystem.MFC11.setpoint: 0.0
# SampleGasHandlingSystem.MFC11.readback: -0.0813802108168602
# SampleGasHandlingSystem.MFC12.setpoint: 0.0
# SampleGasHandlingSystem.MFC12.readback: -0.0406901054084301
# SampleGasHandlingSystem.MFC13.setpoint: 0.0
# SampleGasHandlingSystem.MFC13.readback: -0.0447591133415699
# SampleGasHandlingSystem.MFC14.setpoint: 0.0
# SampleGasHandlingSystem.MFC14.readback: -0.0569661445915699
# SampleGasHandlingSystem.MFC15.setpoint: 0.0
# SampleGasHandlingSystem.MFC15.readback: -0.0935872420668602
# SampleGasHandlingSystem.MFC16.setpoint: 0.0
# SampleGasHandlingSystem.MFC16.readback: -0.02848307229578495
# SampleGasHandlingSystem.RGA.ch1.mass: 2
# SampleGasHandlingSystem.RGA.ch1.readback: 1.07594e-06
# SampleGasHandlingSystem.RGA.ch2.mass: 4
# SampleGasHandlingSystem.RGA.ch2.readback: 0.0
# SampleGasHandlingSystem.RGA.ch3.mass: 5
# SampleGasHandlingSystem.RGA.ch3.readback: 7.81276e-12
# SampleGasHandlingSystem.RGA.ch4.mass: 5
# SampleGasHandlingSystem.RGA.ch4.readback: 4.78717e-10
# SampleGasHandlingSystem.RGA.ch5.mass: 18
# SampleGasHandlingSystem.RGA.ch5.readback: 2.18695e-09
# SampleGasHandlingSystem.RGA.ch6.mass: 28
# SampleGasHandlingSystem.RGA.ch6.readback: 1.4534e-08
# SampleGasHandlingSystem.RGA.ch7.mass: 32
# SampleGasHandlingSystem.RGA.ch7.readback: 3.07315e-09
# SampleGasHandlingSystem.RGA.ch8.mass: 41
# SampleGasHandlingSystem.RGA.ch8.readback: 1.11477e-11
# SampleGasHandlingSystem.RGA.ch9.mass: 44
# SampleGasHandlingSystem.RGA.ch9.readback: 2.07863e-10
# energy  i0  it  ir  iff  aux1  aux2  aux3  aux4
10167.000000 -3.005500e-05 -7.188304e-07 -2.083441e-07 -1.000828e-06 9.573807e-05 7.340694e-04 -2.881748e-05 5.855772e-05
10172.000000 -2.991926e-05 -7.133658e-07 -2.056759e-07 -9.984373e-07 1.021607e-04 7.180838e-04 -2.827990e-05 7.074995e-05
10177.000000 -2.987896e-05 -7.168641e-07 -2.046671e-07 -9.990891e-07 1.030284e-04 7.088572e-04 -2.712770e-05 8.029381e-05
10182.000000 -2.976720e-05 -7.161031e-07 -2.008158e-07 -9.974756e-07 9.346459e-05 7.153554e-04 -3.740481e-05 7.554500e-05
10187.000000 -2.984200e-05 -7.184540e-07 -1.939930e-07 -1.003676e-06 9.379956e-05 7.408492e-04 -3.104374e-05 7.731228e-05
10192.000000 -2.990589e-05 -7.223314e-07 -1.783521e-07 -1.008614e-06 1.045341e-04 7.456823e-04 -3.523351e-05 7.438682e-05
10197.000000 -2.980503e-05 -7.203984e-07 -1.310942e-07 -1.007295e-06 1.100453e-04 7.217277e-04 -4.657308e-05 7.205855e-05
10202.000000 -2.967758e-05 -7.188086e-07 -4.200050e-08 -1.004750e-06 1.029566e-04 7.165516e-04 -4.323362e-05 7.242028e-05
10207.000000 -2.974419e-05 -7.238980e-07 -1.736940e-08 -1.010091e-06 1.042498e-04 7.202456e-04 -3.225050e-05 6.303803e-05
10212.000000 -2.971170e-05 -7.250847e-07 -3.559127e-08 -1.011248e-06 1.090097e-04 7.031663e-04 -2.958388e-05 6.716605e-05
10217.000000 -2.966386e-05 -7.270912e-07 -4.616912e-08 -1.011982e-06 9.941681e-05 6.741470e-04 -2.137019e-05 7.391222e-05
10222.000000 -2.970521e-05 -7.310502e-07 -5.446341e-08 -1.015997e-06 1.035714e-04 6.883572e-04 -1.491886e-05 6.992099e-05
10227.000000 -2.960690e-05 -7.297762e-07 -6.010336e-08 -1.014640e-06 1.087325e-04 7.009672e-04 -1.413657e-05 6.655728e-05
10232.000000 -2.955624e-05 -7.311351e-07 -6.213575e-08 -1.015415e-06 1.084614e-04 7.104787e-04 -1.233144e-05 6.983083e-05
10237.000000 -2.958134e-05 -7.341681e-07 -6.378064e-08 -1.019595e-06 1.072092e-04 7.070678e-04 -1.767866e-05 7.407383e-05
10242.000000 -2.954030e-05 -7.358749e-07 -6.484474e-08 -1.020743e-06 1.029490e-04 7.150923e-04 -1.392569e-05 7.208514e-05
10247.000000 -2.946428e-05 -7.362059e-07 -6.754671e-08 -1.020829e-06 1.079179e-04 7.216416e-04 -6.063005e-06 7.165548e-05
10252.000000 -2.945936e-05 -7.399617e-07 -6.737834e-08 -1.023525e-06 1.065567e-04 6.989796e-04 -1.783779e-05 7.425696e-05
10257.000000 -2.941649e-05 -7.425786e-07 -6.494059e-08 -1.024709e-06 9.908944e-05 7.159638e-04 -2.165251e-05 7.842119e-05
10262.000000 -2.934902e-05 -7.447018e-07 -6.467312e-08 -1.025325e-06 1.069201e-04 7.273930e-04 -4.766316e-07 9.217720e-05
10267.000000 -2.936611e-05 -7.472415e-07 -6.592304e-08 -1.029004e-06 1.079594e-04 7.169766e-04 -1.330428e-05 7.672438e-05
10272.000000 -2.924982e-05 -7.456498e-07 -6.626797e-08 -1.027165e-06 1.016089e-04 7.165512e-04 -1.342769e-05 7.211667e-05
10277.000000 -2.915916e-05 -7.465199e-07 -6.603518e-08 -1.026340e-06 1.074686e-04 7.053447e-04 -2.147911e-05 7.101523e-05
10282.000000 -2.904862e-05 -7.479730e-07 -6.515075e-08 -1.025736e-06 1.067495e-04 7.319935e-04 -2.938991e-05 6.716682e-05
10287.000000 -2.917774e-05 -7.556625e-07 -6.630250e-08 -1.033867e-06 9.980523e-05 7.546506e-04 -2.218413e-05 6.565154e-05
10292.000000 -2.912319e-05 -7.575832e-07 -6.838310e-08 -1.034770e-06 9.490381e-05 7.326327e-04 -2.179408e-05 7.046893e-05
10297.000000 -2.904673e-05 -7.588179e-07 -6.934695e-08 -1.034703e-06 9.223377e-05 7.278440e-04 -2.560123e-05 7.329278e-05
10302.000000 -2.909035e-05 -7.648780e-07 -6.954804e-08 -1.039288e-06 9.379150e-05 7.016669e-04 -3.288886e-05 6.808207e-05
10307.000000 -2.907403e-05 -7.689307e-07 -6.982334e-08 -1.041175e-06 9.846056e-05 6.979849e-04 -2.296735e-05 7.508243e-05
10312.000000 -2.900260e-05 -7.694713e-07 -6.990500e-08 -1.040874e-06 1.070572e-04 7.094209e-04 -2.225440e-05 6.996754e-05
10317.000000 -2.899245e-05 -7.737006e-07 -6.970778e-08 -1.044096e-06 1.053243e-04 7.141258e-04 -2.216051e-05 6.948274e-05
10322.000000 -2.892811e-05 -7.747191e-07 -6.905916e-08 -1.045340e-06 9.848659e-05 7.113586e-04 -2.459805e-05 7.512323e-05
10327.000000 -2.891648e-05 -7.786789e-07 -6.864078e-08 -1.048983e-06 1.003650e-04 7.011609e-04 -1.406566e-05 8.298814e-05
10332.000000 -2.879435e-05 -7.782446e-07 -6.793994e-08 -1.049026e-06 1.076269e-04 7.113163e-04 -2.699630e-05 8.163662e-05
10337.000000 -2.887282e-05 -7.824781e-07 -6.822743e-08 -1.055328e-06 1.142179e-04 7.181697e-04 -2.951428e-05 8.070783e-05
10341.000000 -2.884116e-05 -7.837772e-07 -6.876232e-08 -1.057987e-06 1.197239e-04 7.337296e-04 -2.869872e-05 7.777575e-05
10344.000000 -2.879462e-05 -7.833115e-07 -6.933719e-08 -1.059610e-06 1.005768e-04 7.310982e-04 -2.348543e-05 7.288172e-05
10346.000000 -2.878361e-05 -7.847005e-07 -7.006563e-08 -1.061687e-06 1.040878e-04 7.429223e-04 -2.482067e-05 7.627097e-05
10347.000000 -2.876522e-05 -7.845657e-07 -7.060450e-08 -1.062481e-06 1.094840e-04 7.489447e-04 -3.883465e-05 6.883379e-05
10347.200000 -2.877770e-05 -7.844415e-07 -7.066240e-08 -1.063309e-06 1.061215e-04 7.397264e-04 -4.287108e-05 6.053659e-05
10347.400000 -2.878182e-05 -7.867293e-07 -7.106419e-08 -1.063611e-06 1.195220e-04 7.411083e-04 -4.135696e-05 7.217141e-05
10347.600000 -2.875215e-05 -7.836771e-07 -7.106993e-08 -1.062978e-06 1.220374e-04 7.298031e-04 -3.220163e-05 8.286612e-05
10347.800000 -2.875649e-05 -7.835912e-07 -7.113176e-08 -1.063069e-06 1.236159e-04 7.308253e-04 -3.441334e-05 7.726387e-05
10348.000000 -2.873953e-05 -7.853482e-07 -7.127829e-08 -1.062607e-06 1.195118e-04 7.294999e-04 -3.761699e-05 7.163104e-05
10348.200000 -2.876446e-05 -7.859066e-07 -7.137620e-08 -1.064389e-06 1.140941e-04 7.358508e-04 -2.890246e-05 7.250550e-05
10348.400000 -2.877698e-05 -7.876816e-07 -7.150093e-08 -1.065197e-06 1.119042e-04 7.478663e-04 -2.806022e-05 6.409925e-05
10348.600000 -2.878082e-05 -7.866856e-07 -7.133893e-08 -1.065633e-06 1.139598e-04 7.404531e-04 -3.338748e-05 6.534569e-05
10348.800000 -2.877874e-05 -7.871432e-07 -7.145295e-08 -1.065954e-06 1.148228e-04 7.125090e-04 -3.048481e-05 7.573112e-05
10349.000000 -2.874166e-05 -7.857406e-07 -7.160257e-08 -1.064673e-06 1.133142e-04 7.090254e-04 -1.839612e-05 7.248413e-05
10349.200000 -2.863447e-05 -7.776901e-07 -7.104991e-08 -1.060068e-06 1.165219e-04 7.190780e-04 -1.973567e-05 7.087364e-05
10349.400000 -2.864849e-05 -7.784127e-07 -7.109638e-08 -1.061117e-06 1.114507e-04 7.249803e-04 -2.697886e-05 6.789286e-05
10349.600000 -2.871868e-05 -7.826415e-07 -7.139411e-08 -1.064798e-06 1.115033e-04 7.183615e-04 -2.052422e-05 6.028747e-05
10349.800000 -2.874705e-05 -7.847207e-07 -7.169918e-08 -1.066515e-06 1.028672e-04 7.091885e-04 -2.145471e-05 6.642127e-05
10350.000000 -2.875849e-05 -7.853798e-07 -7.158727e-08 -1.067031e-06 9.621206e-05 7.719120e-04 -1.786913e-05 6.984506e-05
10350.200000 -2.876964e-05 -7.874704e-07 -7.208220e-08 -1.067632e-06 1.074255e-04 7.741154e-04 -1.507109e-05 6.501869e-05
10350.400000 -2.874871e-05 -7.874625e-07 -7.227335e-08 -1.067187e-06 1.190653e-04 7.574196e-04 -2.475902e-05 6.523020e-05
10350.600000 -2.871369e-05 -7.846293e-07 -7.221352e-08 -1.066374e-06 1.159460e-04 7.399866e-04 -2.019435e-05 7.061598e-05
10350.800000 -2.870057e-05 -7.832318e-07 -7.219212e-08 -1.066090e-06 1.128607e-04 7.483738e-04 -3.522487e-05 6.128485e-05
10351.000000 -2.873584e-05 -7.856405e-07 -7.249100e-08 -1.067666e-06 1.100895e-04 7.646730e-04 -2.264624e-05 6.584017e-05
10351.200000 -2.875086e-05 -7.862015e-07 -7.248409e-08 -1.068568e-06 1.117331e-04 7.526906e-04 -2.169711e-05 7.124062e-05
10351.400000 -2.874245e-05 -7.860319e-07 -7.241594e-08 -1.069123e-06 1.097697e-04 7.583252e-04 -2.809869e-05 7.176248e-05
10351.600000 -2.874532e-05 -7.866640e-07 -7.259969e-08 -1.069588e-06 1.051299e-04 7.613422e-04 -2.733574e-05 6.634504e-05
10351.800000 -2.874206e-05 -7.855809e-07 -7.271539e-08 -1.069474e-06 1.074098e-04 7.239616e-04 -1.986677e-05 6.336137e-05
10352.000000 -2.874318e-05 -7.870991e-07 -7.284010e-08 -1.069737e-06 1.037898e-04 7.446686e-04 -2.403434e-05 6.483345e-05
10352.200000 -2.873066e-05 -7.857709e-07 -7.290937e-08 -1.070165e-06 9.591330e-05 7.261065e-04 -3.384472e-05 5.740329e-05
10352.400000 -2.873481e-05 -7.866578e-07 -7.302258e-08 -1.070807e-06 9.367891e-05 7.291066e-04 -2.625586e-05 6.237662e-05
10352.600000 -2.873448e-05 -7.866403e-07 -7.296610e-08 -1.071027e-06 9.613191e-05 7.366705e-04 -1.734978e-05 6.592887e-05
10352.800000 -2.872210e-05 -7.862306e-07 -7.248225e-08 -1.070962e-06 9.920639e-05 7.420155e-04 -1.510629e-05 6.205246e-05
10353.000000 -2.870526e-05 -7.854293e-07 -7.250385e-08 -1.070852e-06 9.833776e-05 7.533843e-04 -1.185756e-05 6.038472e-05
10353.200000 -2.871515e-05 -7.849679e-07 -7.239287e-08 -1.071465e-06 9.867369e-05 7.149072e-04 -1.771268e-05 5.182164e-05
10353.400000 -2.870961e-05 -7.849102e-07 -7.266790e-08 -1.072108e-06 9.991940e-05 7.057985e-04 -2.656573e-05 5.646875e-05
10353.600000 -2.871706e-05 -7.859644e-07 -7.263458e-08 -1.072916e-06 9.527461e-05 7.092299e-04 -1.329170e-05 6.482128e-05
10353.800000 -2.870440e-05 -7.850711e-07 -7.277883e-08 -1.072680e-06 9.839370e-05 7.032912e-04 -1.375829e-05 6.828094e-05
10354.000000 -2.870439e-05 -7.861115e-07 -7.284929e-08 -1.073167e-06 9.933854e-05 7.101181e-04 -2.856116e-05 5.948623e-05
10354.200000 -2.869035e-05 -7.835245e-07 -7.285091e-08 -1.072992e-06 1.083240e-04 7.060235e-04 -3.961835e-05 6.996492e-05
10354.400000 -2.868657e-05 -7.846580e-07 -7.277739e-08 -1.073542e-06 1.202552e-04 7.080784e-04 -3.767251e-05 6.451444e-05
10354.600000 -2.868140e-05 -7.852801e-07 -7.273440e-08 -1.073509e-06 1.228100e-04 7.267525e-04 -2.909727e-05 6.199734e-05
10354.800000 -2.868150e-05 -7.846003e-07 -7.284909e-08 -1.073629e-06 1.122085e-04 7.171911e-04 -3.173508e-05 5.912126e-05
10355.000000 -2.868388e-05 -7.849259e-07 -7.300636e-08 -1.074337e-06 1.178706e-04 7.062988e-04 -3.046507e-05 5.686202e-05
10355.200000 -2.868742e-05 -7.844231e-07 -7.299485e-08 -1.074781e-06 1.163244e-04 7.160997e-04 -2.858203e-05 5.500190e-05
10355.400000 -2.868745e-05 -7.862114e-07 -7.315157e-08 -1.075750e-06 1.176938e-04 7.208953e-04 -3.137906e-05 6.207160e-05
10355.600000 -2.866862e-05 -7.824649e-07 -7.295987e-08 -1.075292e-06 1.182671e-04 7.281900e-04 -2.960573e-05 7.101181e-05
10355.800000 -2.867909e-05 -7.854012e-07 -7.318157e-08 -1.076066e-06 1.231935e-04 7.434258e-04 -2.510857e-05 6.383751e-05
10356.000000 -2.862989e-05 -7.811384e-07 -7.286385e-08 -1.074848e-06 1.092915e-04 7.560834e-04 -2.652098e-05 6.103611e-05
10356.200000 -2.863871e-05 -7.830747e-07 -7.301623e-08 -1.075492e-06 1.047747e-04 7.444535e-04 -3.035020e-05 5.795636e-05
10356.400000 -2.865653e-05 -7.839617e-07 -7.304647e-08 -1.076956e-06 1.022495e-04 7.312629e-04 -2.405483e-05 6.207056e-05
10356.600000 -2.866682e-05 -7.846786e-07 -7.297190e-08 -1.078050e-06 1.012991e-04 7.369819e-04 -3.086950e-05 6.172238e-05
10356.800000 -2.863621e-05 -7.828538e-07 -7.281967e-08 -1.077904e-06 1.065134e-04 7.521896e-04 -3.527303e-05 6.150445e-05
10357.000000 -2.862947e-05 -7.823759e-07 -7.287715e-08 -1.078465e-06 1.005627e-04 7.495351e-04 -4.264423e-05 6.245798e-05
10357.200000 -2.865860e-05 -7.854191e-07 -7.307155e-08 -1.079864e-06 1.030460e-04 7.515599e-04 -2.644264e-05 6.551458e-05
10357.400000 -2.866840e-05 -7.866780e-07 -7.327155e-08 -1.080699e-06 1.058649e-04 7.283942e-04 -3.430084e-05 5.512299e-05
10357.600000 -2.865021e-05 -7.854284e-07 -7.309429e-08 -1.080578e-06 1.043179e-04 7.318200e-04 -3.732235e-05 5.395165e-05
10357.800000 -2.860689e-05 -7.825417e-07 -7.271129e-08 -1.079755e-06 1.172139e-04 7.470219e-04 -3.444354e-05 4.963717e-05
10358.000000 -2.859616e-05 -7.810232e-07 -7.260567e-08 -1.079805e-06 1.097594e-04 7.499292e-04 -4.061992e-05 4.531015e-05
10358.200000 -2.862021e-05 -7.828616e-07 -7.261184e-08 -1.081444e-06 1.191243e-04 7.627521e-04 -4.271105e-05 4.264251e-05
10358.400000 -2.863771e-05 -7.829076e-07 -7.286173e-08 -1.082671e-06 1.198667e-04 7.487087e-04 -4.001402e-05 4.759468e-05
10358.600000 -2.862964e-05 -7.842194e-07 -7.323202e-08 -1.083366e-06 1.177574e-04 7.595756e-04 -3.582825e-05 4.881315e-05
10358.800000 -2.864539e-05 -7.849580e-07 -7.321560e-08 -1.084330e-06 1.133861e-04 7.508590e-04 -3.149874e-05 5.234286e-05
10359.000000 -2.863231e-05 -7.848652e-07 -7.338324e-08 -1.084691e-06 1.238552e-04 7.458438e-04 -4.659425e-05 5.249457e-05
10359.200000 -2.862473e-05 -7.847847e-07 -7.337856e-08 -1.085281e-06 1.220546e-04 7.645472e-04 -3.939842e-05 6.151444e-05
10359.400000 -2.862371e-05 -7.839880e-07 -7.316467e-08 -1.085565e-06 1.181694e-04 7.499573e-04 -3.842912e-05 6.617881e-05
10359.600000 -2.859593e-05 -7.834362e-07 -7.315677e-08 -1.085898e-06 1.081657e-04 7.588043e-04 -4.556318e-05 6.472431e-05
10359.800000 -2.860625e-05 -7.827806e-07 -7.311224e-08 -1.087015e-06 1.106478e-04 7.653784e-04 -3.703447e-05 6.307322e-05
10360.000000 -2.859431e-05 -7.822449e-07 -7.307671e-08 -1.087762e-06 1.173570e-04 7.580019e-04 -3.049383e-05 7.246968e-05
10360.200000 -2.858476e-05 -7.834178e-07 -7.347172e-08 -1.088385e-06 1.096366e-04 7.255258e-04 -3.099835e-05 6.462284e-05
10360.400000 -2.856671e-05 -7.802251e-07 -7.314079e-08 -1.088413e-06 1.080307e-04 7.119983e-04 -3.011790e-05 7.047466e-05
10360.600000 -2.857976e-05 -7.828222e-07 -7.331527e-08 -1.090131e-06 1.024917e-04 7.373213e-04 -3.673392e-05 6.922396e-05
10360.800000 -2.855469e-05 -7.792766e-07 -7.280763e-08 -1.090043e-06 1.157436e-04 7.369777e-04 -2.677441e-05 7.384264e-05
10361.000000 -2.855218e-05 -7.803519e-07 -7.285308e-08 -1.090711e-06 1.145862e-04 7.503769e-04 -3.903558e-05 6.251409e-05
10361.200000 -2.852521e-05 -7.772537e-07 -7.256972e-08 -1.090601e-06 1.085471e-04 7.628729e-04 -5.299462e-05 5.691173e-05
10361.400000 -2.856527e-05 -7.802704e-07 -7.286289e-08 -1.093521e-06 1.158867e-04 7.612568e-04 -4.004215e-05 6.307546e-05
10361.600000 -2.859634e-05 -7.820986e-07 -7.305036e-08 -1.096038e-06 1.177945e-04 7.665081e-04 -3.923095e-05 6.465523e-05
10361.800000 -2.860166e-05 -7.831098e-07 -7.320017e-08 -1.097630e-06 1.229331e-04 7.708012e-04 -2.769140e-05 7.869038e-05
10362.000000 -2.858653e-05 -7.808693e-07 -7.303502e-08 -1.098589e-06 1.247457e-04 7.684010e-04 -3.705682e-05 7.382716e-05
10362.200000 -2.858118e-05 -7.811644e-07 -7.294079e-08 -1.099627e-06 1.178890e-04 7.664548e-04 -5.363923e-05 6.062169e-05
10362.400000 -2.859472e-05 -7.826490e-07 -7.311610e-08 -1.101718e-06 1.029080e-04 7.577173e-04 -4.580465e-05 5.758043e-05
10362.600000 -2.857659e-05 -7.815897e-07 -7.288984e-08 -1.102454e-06 1.045169e-04 7.654496e-04 -4.582244e-05 6.786966e-05
10362.800000 -2.857174e-05 -7.819264e-07 -7.307264e-08 -1.104078e-06 1.099825e-04 7.655424e-04 -1.846241e-05 7.469872e-05
10363.000000 -2.857643e-05 -7.808870e-07 -7.293561e-08 -1.105663e-06 1.066242e-04 7.914058e-04 -1.107937e-05 7.384232e-05
10363.200000 -2.858434e-05 -7.817348e-07 -7.300391e-08 -1.107669e-06 1.052778e-04 7.684539e-04 -3.773909e-06 7.638940e-05
10363.400000 -2.857070e-05 -7.818771e-07 -7.306476e-08 -1.109036e-06 1.108330e-04 7.528242e-04 -1.821082e-05 7.474794e-05
10363.600000 -2.853752e-05 -7.803630e-07 -7.309074e-08 -1.110383e-06 9.984098e-05 7.487409e-04 -2.699351e-05 7.085922e-05
10363.800000 -2.848184e-05 -7.769936e-07 -7.273162e-08 -1.109316e-06 9.965956e-05 7.815912e-04 -3.382441e-05 6.914577e-05
10364.000000 -2.852785e-05 -7.772966e-07 -7.267579e-08 -1.113488e-06 1.086404e-04 7.720009e-04 -2.344355e-05 7.407207e-05
10364.200000 -2.853827e-05 -7.790092e-07 -7.258383e-08 -1.116519e-06 1.037343e-04 7.340494e-04 -2.565506e-05 7.415590e-05
10364.400000 -2.847936e-05 -7.747693e-07 -7.227047e-08 -1.116004e-06 1.108946e-04 7.519672e-04 -1.892591e-05 8.661367e-05
10364.600000 -2.842829e-05 -7.705084e-07 -7.195699e-08 -1.115370e-06 1.126201e-04 7.668413e-04 -3.042582e-05 7.762882e-05
10364.800000 -2.848865e-05 -7.755663e-07 -7.220758e-08 -1.121717e-06 1.098663e-04 7.548089e-04 -3.037889e-05 7.041493e-05
10365.000000 -2.855307e-05 -7.782631e-07 -7.247285e-08 -1.127523e-06 1.107426e-04 7.267108e-04 -1.480854e-05 7.666718e-05
10365.200000 -2.856526e-05 -7.794811e-07 -7.256926e-08 -1.131016e-06 1.155658e-04 7.253776e-04 -1.598545e-05 7.856940e-05
10365.400000 -2.853375e-05 -7.768406e-07 -7.244743e-08 -1.133029e-06 1.105481e-04 7.224828e-04 -2.224449e-05 6.893562e-05
10365.600000 -2.852485e-05 -7.768394e-07 -7.238416e-08 -1.135796e-06 1.136780e-04 7.218671e-04 -2.109307e-05 6.427822e-05
10365.800000 -2.847885e-05 -7.716209e-07 -7.177671e-08 -1.137154e-06 1.157603e-04 7.231876e-04 -1.839389e-05 6.251258e-05
10366.000000 -2.841399e-05 -7.683780e-07 -7.152280e-08 -1.138144e-06 1.172555e-04 7.161050e-04 4.010702e-06 6.012465e-05
10366.200000 -2.826033e-05 -7.590590e-07 -7.075849e-08 -1.135471e-06 1.212723e-04 7.163931e-04 8.859049e-06 7.216593e-05
10366.400000 -2.828603e-05 -7.574093e-07 -7.070756e-08 -1.141640e-06 1.176185e-04 7.203810e-04 1.160699e-05 7.226366e-05
10366.600000 -2.845636e-05 -7.669429e-07 -7.160828e-08 -1.154736e-06 1.132907e-04 7.182819e-04 -6.002394e-06 6.058230e-05
10366.800000 -2.852939e-05 -7.728711e-07 -7.206232e-08 -1.163527e-06 1.130214e-04 7.206110e-04 -1.469745e-05 5.398340e-05
10367.000000 -2.852237e-05 -7.721912e-07 -7.188446e-08 -1.169475e-06 1.197298e-04 6.911463e-04 -2.701820e-05 7.201652e-05
10367.200000 -2.850693e-05 -7.695893e-07 -7.154914e-08 -1.175251e-06 1.175055e-04 7.066878e-04 -1.301229e-05 7.873281e-05
10367.400000 -2.849998e-05 -7.672169e-07 -7.137006e-08 -1.182937e-06 1.114301e-04 7.210814e-04 -1.912740e-05 7.365332e-05
10367.600000 -2.852360e-05 -7.679107e-07 -7.148849e-08 -1.192305e-06 1.101756e-04 7.082951e-04 -1.582951e-05 7.442836e-05
10367.800000 -2.852326e-05 -7.661996e-07 -7.147116e-08 -1.201583e-06 1.168380e-04 7.134288e-04 -1.808277e-05 7.096366e-05
10368.000000 -2.850472e-05 -7.636039e-07 -7.123533e-08 -1.211992e-06 1.214371e-04 7.184655e-04 -7.043644e-06 7.809091e-05
10368.200000 -2.847921e-05 -7.609309e-07 -7.092015e-08 -1.222797e-06 1.251780e-04 7.427405e-04 -4.579487e-06 8.645896e-05
10368.400000 -2.848131e-05 -7.600943e-07 -7.088215e-08 -1.236554e-06 1.158671e-04 7.204502e-04 8.945093e-07 8.287148e-05
10368.600000 -2.848806e-05 -7.579666e-07 -7.052362e-08 -1.252460e-06 1.170282e-04 7.193687e-04 2.568601e-06 8.837879e-05
10368.800000 -2.848792e-05 -7.546900e-07 -7.010535e-08 -1.270296e-06 1.194410e-04 7.008453e-04 7.160181e-06 9.407408e-05
10369.000000 -2.849738e-05 -7.518183e-07 -6.996905e-08 -1.290173e-06 1.253619e-04 6.840183e-04 -1.718181e-06 8.546796e-05
10369.200000 -2.849519e-05 -7.491433e-07 -6.990959e-08 -1.311959e-06 1.150732e-04 6.927675e-04 -3.450416e-06 8.787522e-05
10369.400000 -2.850640e-05 -7.442231e-07 -6.951271e-08 -1.337335e-06 1.060760e-04 6.824548e-04 -1.354954e-05 8.996402e-05
10369.600000 -2.851638e-05 -7.415898e-07 -6.928814e-08 -1.363989e-06 1.072434e-04 6.842889e-04 -1.777320e-05 9.037642e-05
10369.800000 -2.850463e-05 -7.373834e-07 -6.881300e-08 -1.392601e-06 1.065480e-04 7.095928e-04 -1.886622e-05 9.176005e-05
10370.000000 -2.849079e-05 -7.304957e-07 -6.813629e-08 -1.423094e-06 1.075198e-04 7.231370e-04 -1.388440e-05 9.723565e-05
10370.200000 -2.849232e-05 -7.261261e-07 -6.746431e-08 -1.457373e-06 1.061443e-04 7.197506e-04 -9.198752e-06 9.283557e-05
10370.400000 -2.850201e-05 -7.225509e-07 -6.714077e-08 -1.494874e-06 9.853264e-05 7.190760e-04 -2.105235e-05 8.692637e-05
10370.600000 -2.851022e-05 -7.191285e-07 -6.695077e-08 -1.535165e-06 1.080709e-04 7.438517e-04 -1.953425e-05 9.264690e-05
10370.800000 -2.845640e-05 -7.074928e-07 -6.616237e-08 -1.574271e-06 9.999313e-05 7.392977e-04 -8.789301e-06 8.752660e-05
10371.000000 -2.845563e-05 -7.019827e-07 -6.579707e-08 -1.621037e-06 1.098632e-04 7.153469e-04 -1.880138e-05 7.938090e-05
10371.200000 -2.844615e-05 -6.956735e-07 -6.522422e-08 -1.672499e-06 1.069093e-04 6.993809e-04 -2.732345e-05 7.994504e-05
10371.400000 -2.845474e-05 -6.906504e-07 -6.443751e-08 -1.728110e-06 1.093935e-04 7.143323e-04 -1.940226e-05 8.492075e-05
10371.600000 -2.841286e-05 -6.804497e-07 -6.344895e-08 -1.786278e-06 1.050740e-04 7.094457e-04 -1.801668e-05 8.666677e-05
10371.800000 -2.841679e-05 -6.729285e-07 -6.288829e-08 -1.852517e-06 9.698079e-05 7.247638e-04 -1.643803e-05 8.651845e-05
10372.000000 -2.842880e-05 -6.655743e-07 -6.224531e-08 -1.925485e-06 9.432385e-05 7.244481e-04 -1.143781e-05 8.709013e-05
10372.200000 -2.843464e-05 -6.569447e-07 -6.145275e-08 -2.001426e-06 8.949826e-05 6.991786e-04 -1.784394e-05 8.619682e-05
10372.400000 -2.843896e-05 -6.482817e-07 -6.079578e-08 -2.080209e-06 9.270724e-05 6.978960e-04 -2.328009e-05 8.260857e-05
10372.600000 -2.842053e-05 -6.381410e-07 -5.986637e-08 -2.159934e-06 9.651052e-05 6.986657e-04 -1.897795e-05 8.794790e-05
10372.800000 -2.839985e-05 -6.286992e-07 -5.872951e-08 -2.240539e-06 9.717380e-05 7.009201e-04 -1.111066e-05 8.493840e-05
10373.000000 -2.840519e-05 -6.208313e-07 -5.784466e-08 -2.322556e-06 9.091195e-05 7.134325e-04 -1.849624e-05 7.976942e-05
10373.200000 -2.842948e-05 -6.127965e-07 -5.706700e-08 -2.402838e-06 9.083862e-05 7.204999e-04 -1.195836e-05 8.867369e-05
10373.400000 -2.844551e-05 -6.054197e-07 -5.639241e-08 -2.474328e-06 8.934964e-05 7.198390e-04 -9.138958e-06 7.873983e-05
10373.600000 -2.845058e-05 -5.988664e-07 -5.567825e-08 -2.540213e-06 9.501311e-05 7.241257e-04 -1.474555e-05 7.303971e-05
10373.800000 -2.843932e-05 -5.907645e-07 -5.500158e-08 -2.593612e-06 9.498390e-05 7.307250e-04 -1.892980e-05 6.852202e-05
10374.000000 -2.835644e-05 -5.833381e-07 -5.425814e-08 -2.631026e-06 8.994754e-05 7.004135e-04 -9.463546e-06 8.493049e-05
10374.200000 -2.830392e-05 -5.739804e-07 -5.328731e-08 -2.665506e-06 8.690095e-05 7.162903e-04 -9.878419e-06 8.622705e-05
10374.400000 -2.836494e-05 -5.772657e-07 -5.347630e-08 -2.706173e-06 9.116745e-05 7.328524e-04 -1.947645e-05 7.953394e-05
10374.600000 -2.840525e-05 -5.750245e-07 -5.333070e-08 -2.740054e-06 9.008391e-05 7.433156e-04 -2.163786e-05 7.888007e-05
10374.800000 -2.847407e-05 -5.751017e-07 -5.326154e-08 -2.774756e-06 9.770031e-05 7.245090e-04 -1.948075e-05 7.408452e-05
10375.000000 -2.854095e-05 -5.782019e-07 -5.355201e-08 -2.803155e-06 1.089544e-04 7.251043e-04 -1.951527e-05 7.803756e-05
10375.200000 -2.855548e-05 -5.768292e-07 -5.357420e-08 -2.822576e-06 1.044117e-04 7.156571e-04 -2.576148e-05 7.862165e-05
10375.400000 -2.853944e-05 -5.757893e-07 -5.327038e-08 -2.838406e-06 1.033071e-04 7.272159e-04 -2.343433e-05 8.114329e-05
10375.600000 -2.852877e-05 -5.719051e-07 -5.304670e-08 -2.850743e-06 1.131520e-04 7.341448e-04 -2.650989e-05 8.508721e-05
10375.800000 -2.853181e-05 -5.736670e-07 -5.313890e-08 -2.863783e-06 1.123346e-04 7.260024e-04 -3.945704e-05 8.299690e-05
10376.000000 -2.852300e-05 -5.721528e-07 -5.299416e-08 -2.872951e-06 1.161232e-04 7.262120e-04 -2.429581e-05 7.282588e-05
10376.200000 -2.852174e-05 -5.696211e-07 -5.272490e-08 -2.882732e-06 1.015234e-04 7.268465e-04 -2.305662e-05 7.894052e-05
10376.400000 -2.852639e-05 -5.697458e-07 -5.274222e-08 -2.891136e-06 1.051566e-04 7.312270e-04 -1.606081e-05 8.370139e-05
10376.600000 -2.848441e-05 -5.665889e-07 -5.245640e-08 -2.889645e-06 1.035809e-04 7.381871e-04 -1.022209e-05 8.183872e-05
10376.800000 -2.847612e-05 -5.679220e-07 -5.272381e-08 -2.890124e-06 9.932718e-05 7.323110e-04 -2.033449e-05 7.721858e-05
10377.000000 -2.847396e-05 -5.667303e-07 -5.259954e-08 -2.888196e-06 9.723577e-05 7.258313e-04 -2.922895e-05 7.393882e-05
10377.200000 -2.846269e-05 -5.669403e-07 -5.231197e-08 -2.881849e-06 9.516603e-05 7.121486e-04 -3.058552e-05 8.839697e-05
10377.400000 -2.849863e-05 -5.705105e-07 -5.248749e-08 -2.876729e-06 1.039584e-04 7.190867e-04 -1.828300e-05 9.986132e-05
10377.600000 -2.851681e-05 -5.730910e-07 -5.268202e-08 -2.864895e-06 1.069351e-04 7.429986e-04 -2.199361e-05 8.996247e-05
10377.800000 -2.849664e-05 -5.741918e-07 -5.290109e-08 -2.843813e-06 1.015521e-04 7.621296e-04 -3.026963e-05 8.525360e-05
10378.000000 -2.849292e-05 -5.764709e-07 -5.311464e-08 -2.821523e-06 1.033398e-04 7.540262e-04 -2.486480e-05 9.072301e-05
10378.200000 -2.848926e-05 -5.778213e-07 -5.329036e-08 -2.794158e-06 1.071709e-04 7.553776e-04 -2.955037e-05 8.894637e-05
10378.400000 -2.845271e-05 -5.810455e-07 -5.356841e-08 -2.760044e-06 1.121371e-04 7.500662e-04 -2.001936e-05 9.567771e-05
10378.600000 -2.841695e-05 -5.802161e-07 -5.350897e-08 -2.724229e-06 1.175042e-04 7.541632e-04 -1.725036e-05 9.492206e-05
10378.800000 -2.843876e-05 -5.854080e-07 -5.410179e-08 -2.695509e-06 1.162173e-04 7.566039e-04 -1.174027e-05 1.036828e-04
10379.000000 -2.850804e-05 -5.921087e-07 -5.475139e-08 -2.673948e-06 1.044153e-04 7.479270e-04 -1.297323e-05 9.453945e-05
10379.200000 -2.850614e-05 -5.946068e-07 -5.491474e-08 -2.641959e-06 1.050993e-04 7.511166e-04 -8.024713e-06 8.945931e-05
10379.400000 -2.848402e-05 -5.975567e-07 -5.525734e-08 -2.606075e-06 1.094528e-04 7.539142e-04 -1.878729e-06 8.636135e-05
10379.600000 -2.845575e-05 -5.989640e-07 -5.543346e-08 -2.566669e-06 1.172630e-04 7.525613e-04 -1.244883e-05 9.510716e-05
10379.800000 -2.845109e-05 -6.025353e-07 -5.597630e-08 -2.531566e-06 1.216640e-04 7.371419e-04 -1.893416e-05 9.759825e-05
10380.000000 -2.843751e-05 -6.043212e-07 -5.639604e-08 -2.494779e-06 1.107379e-04 7.398127e-04 -6.679347e-06 9.796037e-05
10380.200000 -2.846164e-05 -6.107523e-07 -5.682652e-08 -2.461588e-06 1.029336e-04 7.397340e-04 -1.894315e-05 7.937622e-05
10380.400000 -2.852145e-05 -6.184093e-07 -5.735724e-08 -2.433041e-06 1.069033e-04 7.579751e-04 -1.396117e-05 8.470189e-05
10380.600000 -2.853065e-05 -6.209952e-07 -5.764967e-08 -2.396990e-06 1.021649e-04 7.568952e-04 -1.455843e-05 8.519673e-05
10380.800000 -2.853838e-05 -6.262311e-07 -5.792906e-08 -2.360341e-06 8.730801e-05 7.421541e-04 -2.225430e-05 7.480298e-05
10381.000000 -2.851620e-05 -6.285871e-07 -5.826527e-08 -2.321853e-06 9.203990e-05 7.287680e-04 -1.705738e-05 7.234716e-05
10381.200000 -2.846791e-05 -6.299906e-07 -5.843990e-08 -2.279550e-06 9.104167e-05 7.408984e-04 -1.431124e-05 6.770988e-05
10381.400000 -2.845468e-05 -6.349800e-07 -5.898929e-08 -2.241491e-06 9.280860e-05 7.468999e-04 -2.263335e-05 6.707831e-05
10381.600000 -2.844208e-05 -6.345098e-07 -5.900032e-08 -2.206416e-06 9.140431e-05 7.586159e-04 -2.778988e-05 7.371620e-05
10381.800000 -2.850746e-05 -6.449260e-07 -5.985033e-08 -2.180950e-06 8.997416e-05 7.423837e-04 -1.631668e-05 7.929128e-05
10382.000000 -2.850948e-05 -6.453525e-07 -5.971135e-08 -2.149821e-06 9.428339e-05 7.547674e-04 -1.399126e-05 8.441421e-05
10382.200000 -2.851800e-05 -6.517310e-07 -6.018673e-08 -2.120679e-06 9.692918e-05 7.524676e-04 -8.673812e-06 8.829568e-05
10382.400000 -2.851933e-05 -6.562813e-07 -6.082550e-08 -2.093061e-06 1.001985e-04 7.379977e-04 -1.365222e-05 8.134137e-05
10382.600000 -2.851922e-05 -6.568618e-07 -6.110229e-08 -2.066223e-06 9.687886e-05 7.348716e-04 -2.376271e-05 7.394509e-05
10382.800000 -2.844390e-05 -6.576190e-07 -6.107567e-08 -2.033988e-06 9.566560e-05 7.431358e-04 -2.127798e-05 8.381474e-05
10383.000000 -2.836316e-05 -6.544741e-07 -6.099308e-08 -2.002679e-06 1.070113e-04 7.306128e-04 -2.000340e-05 9.407859e-05
10383.200000 -2.840386e-05 -6.576444e-07 -6.148044e-08 -1.987291e-06 1.032907e-04 7.246495e-04 -2.089843e-05 7.843278e-05
10383.400000 -2.848730e-05 -6.675883e-07 -6.217732e-08 -1.976407e-06 9.587134e-05 7.066055e-04 -2.947793e-05 7.913061e-05
10383.600000 -2.851358e-05 -6.712140e-07 -6.215854e-08 -1.962145e-06 9.299882e-05 7.221634e-04 -2.106557e-05 8.846338e-05
10383.800000 -2.849117e-05 -6.727057e-07 -6.254956e-08 -1.945261e-06 9.018782e-05 7.476067e-04 -2.423644e-05 7.859639e-05
10384.000000 -2.849837e-05 -6.732616e-07 -6.266134e-08 -1.933455e-06 8.921375e-05 7.359538e-04 -4.123838e-06 7.879214e-05
10384.200000 -2.851110e-05 -6.779754e-07 -6.303075e-08 -1.923861e-06 9.150669e-05 7.434743e-04 -1.785723e-05 8.034694e-05
10384.400000 -2.850257e-05 -6.770531e-07 -6.287152e-08 -1.913174e-06 9.626844e-05 7.311139e-04 -1.159606e-05 7.908864e-05
10384.600000 -2.851490e-05 -6.800335e-07 -6.303202e-08 -1.906341e-06 1.005967e-04 7.275785e-04 -1.075183e-06 8.780987e-05
10384.800000 -2.852192e-05 -6.806877e-07 -6.273502e-08 -1.899331e-06 1.055792e-04 7.508878e-04 -1.592722e-05 8.246188e-05
10385.000000 -2.850777e-05 -6.800795e-07 -6.263121e-08 -1.892216e-06 1.060576e-04 7.683015e-04 -2.666045e-05 8.766982e-05
10385.200000 -2.851342e-05 -6.815103e-07 -6.287690e-08 -1.887553e-06 1.039543e-04 7.554462e-04 -9.518044e-06 8.936680e-05
10385.400000 -2.849868e-05 -6.807790e-07 -6.308959e-08 -1.881122e-06 9.999752e-05 7.468758e-04 -1.179424e-05 9.171193e-05
10385.600000 -2.849125e-05 -6.817104e-07 -6.334104e-08 -1.877772e-06 9.568471e-05 7.396015e-04 -1.935649e-05 8.760937e-05
10385.800000 -2.848939e-05 -6.807022e-07 -6.308324e-08 -1.873929e-06 9.117679e-05 7.281296e-04 -2.085075e-05 8.711190e-05
10386.000000 -2.848842e-05 -6.818076e-07 -6.301347e-08 -1.871380e-06 9.222359e-05 7.329563e-04 -1.601889e-05 8.710774e-05
10386.200000 -2.847025e-05 -6.814503e-07 -6.274297e-08 -1.867467e-06 9.428054e-05 7.571554e-04 -1.436206e-05 8.278081e-05
10386.400000 -2.845969e-05 -6.801008e-07 -6.274460e-08 -1.864485e-06 9.623580e-05 7.518000e-04 -1.635456e-05 7.985289e-05
10386.600000 -2.847712e-05 -6.830263e-07 -6.297919e-08 -1.864631e-06 9.807034e-05 7.511756e-04 -1.638050e-05 7.819732e-05
10386.800000 -2.848558e-05 -6.836346e-07 -6.306144e-08 -1.865412e-06 1.017250e-04 7.721707e-04 -8.677106e-06 8.300884e-05
10387.000000 -2.849314e-05 -6.840917e-07 -6.338986e-08 -1.865888e-06 1.005436e-04 7.791881e-04 -1.982566e-05 7.593323e-05
10387.200000 -2.847956e-05 -6.837844e-07 -6.326731e-08 -1.865748e-06 9.530279e-05 7.763783e-04 -2.685661e-05 8.526872e-05
10387.400000 -2.847232e-05 -6.827752e-07 -6.284189e-08 -1.866872e-06 9.209695e-05 7.890165e-04 -1.338856e-05 9.041402e-05
10387.600000 -2.845346e-05 -6.809466e-07 -6.252003e-08 -1.867303e-06 8.235613e-05 7.922304e-04 -1.147983e-05 8.235163e-05
10387.800000 -2.842712e-05 -6.773650e-07 -6.222839e-08 -1.867945e-06 8.166378e-05 7.598391e-04 -2.097599e-05 7.943787e-05
10388.000000 -2.846476e-05 -6.823712e-07 -6.272430e-08 -1.874918e-06 8.894518e-05 7.541336e-04 -9.258145e-06 8.302552e-05
10388.200000 -2.846720e-05 -6.808853e-07 -6.245623e-08 -1.879350e-06 9.676480e-05 7.386111e-04 -1.076984e-05 8.330699e-05
10388.400000 -2.846039e-05 -6.794928e-07 -6.223881e-08 -1.882413e-06 9.848722e-05 7.444392e-04 -5.890566e-06 8.249016e-05
10388.600000 -2.843198e-05 -6.781193e-07 -6.223913e-08 -1.883616e-06 1.042996e-04 7.374133e-04 -1.456140e-05 7.766964e-05
10388.800000 -2.840491e-05 -6.757083e-07 -6.178123e-08 -1.885182e-06 1.045429e-04 7.346682e-04 -1.079916e-05 8.267568e-05
10389.000000 -2.840117e-05 -6.748631e-07 -6.158112e-08 -1.889386e-06 1.010348e-04 7.373857e-04 -2.278047e-06 8.658395e-05
10389.200000 -2.843196e-05 -6.769624e-07 -6.177592e-08 -1.897176e-06 9.635159e-05 7.438156e-04 -1.694783e-05 8.400211e-05
10389.400000 -2.845010e-05 -6.765518e-07 -6.169973e-08 -1.903156e-06 1.038989e-04 7.591449e-04 -1.475637e-05 8.623685e-05
10389.600000 -2.846982e-05 -6.781910e-07 -6.159445e-08 -1.909631e-06 1.031230e-04 7.661134e-04 -1.613074e-05 8.470184e-05
10389.800000 -2.846496e-05 -6.765912e-07 -6.164405e-08 -1.913870e-06 1.096547e-04 7.660097e-04 -1.989887e-05 8.741409e-05
10390.000000 -2.846013e-05 -6.759267e-07 -6.147947e-08 -1.918642e-06 1.123895e-04 7.652665e-04 -1.700392e-05 8.615634e-05
10390.200000 -2.841933e-05 -6.734400e-07 -6.127190e-08 -1.920264e-06 1.004121e-04 7.782237e-04 -1.667634e-05 9.563681e-05
10390.400000 -2.842132e-05 -6.727169e-07 -6.117866e-08 -1.925517e-06 1.029782e-04 7.682550e-04 -1.279687e-05 8.956669e-05
10390.600000 -2.843289e-05 -6.735671e-07 -6.115490e-08 -1.932116e-06 1.099761e-04 7.533017e-04 -7.999710e-06 9.842775e-05
10390.800000 -2.842156e-05 -6.717619e-07 -6.092083e-08 -1.936240e-06 1.021044e-04 7.431283e-04 -1.213346e-05 9.858446e-05
10391.000000 -2.842390e-05 -6.734053e-07 -6.091299e-08 -1.941475e-06 9.521663e-05 7.656400e-04 -1.375623e-05 1.041691e-04
10391.200000 -2.843435e-05 -6.738314e-07 -6.084494e-08 -1.947430e-06 9.321924e-05 7.535136e-04 -1.352803e-05 1.007804e-04
10391.400000 -2.841517e-05 -6.705454e-07 -6.055935e-08 -1.950993e-06 9.499747e-05 7.607935e-04 -1.535179e-05 9.799525e-05
10391.600000 -2.841270e-05 -6.702023e-07 -6.057849e-08 -1.955368e-06 1.029266e-04 7.748455e-04 -1.570693e-05 9.991754e-05
10391.800000 -2.840303e-05 -6.689723e-07 -6.037287e-08 -1.958915e-06 9.759206e-05 7.619959e-04 -2.217139e-05 9.853352e-05
10392.000000 -2.836751e-05 -6.664797e-07 -6.013705e-08 -1.959326e-06 8.931631e-05 7.772877e-04 -1.765635e-05 9.708552e-05
10392.200000 -2.830701e-05 -6.616210e-07 -5.959910e-08 -1.956305e-06 1.004468e-04 7.853017e-04 -2.288476e-05 9.203744e-05
10392.400000 -2.833360e-05 -6.643930e-07 -5.958614e-08 -1.961940e-06 1.066591e-04 7.647714e-04 -1.007233e-05 9.763672e-05
10392.600000 -2.841819e-05 -6.696982e-07 -6.001599e-08 -1.974270e-06 9.411059e-05 7.596577e-04 -2.456432e-06 9.881849e-05
10392.800000 -2.844858e-05 -6.714364e-07 -6.002121e-08 -1.980231e-06 9.041625e-05 7.732127e-04 -8.516189e-08 9.903647e-05
10393.000000 -2.844992e-05 -6.717043e-07 -6.013206e-08 -1.982313e-06 9.230026e-05 7.826006e-04 -1.270015e-05 9.576177e-05
10393.200000 -2.842978e-05 -6.709278e-07 -5.996909e-08 -1.982773e-06 8.540905e-05 7.613596e-04 -2.268585e-05 8.788606e-05
10393.400000 -2.837783e-05 -6.672993e-07 -5.955979e-08 -1.979359e-06 8.572387e-05 7.522209e-04 -2.098277e-05 7.907667e-05
10393.600000 -2.839835e-05 -6.683011e-07 -5.951249e-08 -1.982377e-06 9.165842e-05 7.521210e-04 -2.646245e-05 7.547420e-05
10393.800000 -2.842060e-05 -6.708161e-07 -5.961964e-08 -1.986783e-06 9.727182e-05 7.433089e-04 -2.173481e-05 7.897637e-05
10394.000000 -2.842424e-05 -6.705796e-07 -5.954884e-08 -1.987943e-06 1.027877e-04 7.416772e-04 -2.196388e-05 8.907173e-05
10394.200000 -2.836663e-05 -6.661443e-07 -5.917546e-08 -1.982493e-06 9.335361e-05 7.480631e-04 -2.797553e-05 8.687124e-05
10394.400000 -2.837199e-05 -6.676877e-07 -5.928614e-08 -1.983777e-06 9.208030e-05 7.550310e-04 -2.190642e-05 8.702785e-05
10394.600000 -2.842447e-05 -6.707705e-07 -5.962870e-08 -1.989506e-06 9.879150e-05 7.430894e-04 -2.351725e-06 1.054009e-04
10394.800000 -2.842743e-05 -6.712715e-07 -5.954915e-08 -1.990177e-06 9.716011e-05 7.853541e-04 -1.634689e-05 9.265467e-05
10395.000000 -2.841397e-05 -6.696613e-07 -5.905039e-08 -1.989353e-06 8.933138e-05 7.996521e-04 -1.744124e-05 9.535568e-05
10395.200000 -2.841926e-05 -6.706730e-07 -5.919452e-08 -1.989194e-06 8.931827e-05 7.751176e-04 -1.777487e-05 8.571173e-05
10395.400000 -2.842085e-05 -6.705818e-07 -5.891483e-08 -1.988822e-06 9.898007e-05 7.708415e-04 -2.626839e-05 8.917714e-05
10395.600000 -2.842155e-05 -6.718312e-07 -5.904823e-08 -1.987945e-06 9.427385e-05 7.747791e-04 -3.066204e-05 8.853461e-05
10395.800000 -2.839557e-05 -6.702561e-07 -5.908069e-08 -1.983640e-06 9.882174e-05 7.491046e-04 -2.837151e-05 7.629671e-05
10396.000000 -2.835974e-05 -6.684870e-07 -5.882821e-08 -1.976891e-06 1.058643e-04 7.319665e-04 -2.392374e-05 8.106989e-05
10396.200000 -2.828414e-05 -6.660124e-07 -5.846258e-08 -1.966281e-06 9.593020e-05 7.265974e-04 -4.588797e-05 7.783624e-05
10396.400000 -2.824207e-05 -6.609205e-07 -5.772119e-08 -1.958347e-06 9.808131e-05 7.571761e-04 -4.100708e-05 7.707857e-05
10396.600000 -2.826857e-05 -6.639045e-07 -5.787096e-08 -1.958502e-06 9.581145e-05 7.624238e-04 -3.066270e-05 8.973621e-05
10396.800000 -2.829245e-05 -6.674272e-07 -5.787197e-08 -1.956243e-06 9.334203e-05 7.444509e-04 -1.768676e-05 8.714729e-05
10397.000000 -2.830716e-05 -6.664898e-07 -5.784875e-08 -1.952872e-06 9.661529e-05 7.356345e-04 -8.961658e-06 8.539800e-05
10397.227860 -2.833365e-05 -6.701691e-07 -5.822171e-08 -1.950139e-06 9.873630e-05 7.424148e-04 -1.086701e-05 8.185236e-05
10397.483581 -2.836511e-05 -6.716718e-07 -5.859666e-08 -1.945840e-06 9.145850e-05 7.492835e-04 -1.501290e-05 7.964039e-05
10397.767162 -2.836329e-05 -6.739269e-07 -5.866474e-08 -1.936297e-06 9.407585e-05 7.406619e-04 -1.435221e-05 8.983517e-05
10398.078604 -2.835327e-05 -6.752203e-07 -5.852159e-08 -1.924951e-06 1.017645e-04 7.358140e-04 -1.430637e-05 8.888830e-05
10398.417905 -2.837815e-05 -6.775238e-07 -5.857963e-08 -1.916214e-06 1.098235e-04 7.493385e-04 -1.376157e-05 8.349625e-05
10398.785067 -2.839187e-05 -6.805119e-07 -5.893101e-08 -1.904244e-06 1.031919e-04 7.584147e-04 -2.068503e-05 7.800940e-05
10399.180090 -2.839266e-05 -6.829720e-07 -5.921977e-08 -1.889368e-06 1.026095e-04 7.542909e-04 -1.311888e-05 8.488163e-05
10399.602973 -2.839664e-05 -6.854592e-07 -5.935360e-08 -1.874259e-06 1.008166e-04 7.485828e-04 -1.209066e-05 7.550634e-05
10400.053716 -2.838296e-05 -6.867576e-07 -5.920712e-08 -1.856588e-06 9.363690e-05 7.471025e-04 -1.395752e-05 8.114450e-05
10400.532319 -2.838739e-05 -6.897376e-07 -5.954451e-08 -1.840398e-06 9.562888e-05 7.241852e-04 -7.147814e-06 8.776012e-05
10401.038783 -2.839484e-05 -6.925935e-07 -5.980018e-08 -1.824158e-06 9.720346e-05 7.188826e-04 -5.758911e-06 8.974165e-05
10401.573107 -2.837702e-05 -6.939928e-07 -5.983636e-08 -1.807012e-06 9.156001e-05 7.179823e-04 -3.451780e-06 8.968862e-05
10402.135292 -2.835547e-05 -6.950603e-07 -5.997835e-08 -1.791603e-06 8.986277e-05 7.302059e-04 -1.255972e-05 8.025285e-05
10402.725337 -2.836804e-05 -6.971065e-07 -6.051375e-08 -1.782595e-06 8.874239e-05 7.290907e-04 -8.309975e-06 7.749310e-05
10403.343242 -2.833628e-05 -6.970546e-07 -6.066117e-08 -1.774452e-06 9.312432e-05 7.157826e-04 1.094493e-06 8.087102e-05
10403.989008 -2.830232e-05 -6.963500e-07 -6.083212e-08 -1.770368e-06 9.384099e-05 7.420755e-04 6.050549e-06 7.882685e-05
10404.662634 -2.830222e-05 -6.957491e-07 -6.096802e-08 -1.773742e-06 9.068203e-05 7.888750e-04 -2.093304e-06 7.949120e-05
10405.364120 -2.829574e-05 -6.955876e-07 -6.104193e-08 -1.779909e-06 9.445078e-05 8.016148e-04 -6.574331e-06 8.274019e-05
10406.093467 -2.826742e-05 -6.927608e-07 -6.129745e-08 -1.787057e-06 9.994027e-05 7.645844e-04 -5.315899e-06 7.854953e-05
10406.850674 -2.832883e-05 -6.957608e-07 -6.183964e-08 -1.803527e-06 9.959303e-05 7.421464e-04 -9.341265e-06 7.659009e-05
10407.635741 -2.831122e-05 -6.937762e-07 -6.221211e-08 -1.814077e-06 1.026929e-04 7.345758e-04 -1.262530e-05 7.896312e-05
10408.448669 -2.824699e-05 -6.889336e-07 -6.245271e-08 -1.819763e-06 1.013476e-04 7.233879e-04 -1.440717e-05 8.535846e-05
10409.289457 -2.826974e-05 -6.892018e-07 -6.283913e-08 -1.834382e-06 9.275408e-05 7.374608e-04 -1.521357e-05 8.326040e-05
10410.158106 -2.828185e-05 -6.885478e-07 -6.338495e-08 -1.849836e-06 8.496299e-05 7.437125e-04 -1.321987e-05 8.716265e-05
10411.054614 -2.827818e-05 -6.870268e-07 -6.357289e-08 -1.867941e-06 9.873790e-05 7.543815e-04 -1.051961e-05 9.135200e-05
10411.978983 -2.826244e-05 -6.831820e-07 -6.370055e-08 -1.889430e-06 9.139291e-05 7.709000e-04 -9.118349e-06 9.458470e-05
10412.931213 -2.824964e-05 -6.791607e-07 -6.401785e-08 -1.915204e-06 8.589664e-05 7.572952e-04 -2.109981e-05 8.731718e-05
10413.911303 -2.823690e-05 -6.757592e-07 -6.421761e-08 -1.943931e-06 8.080603e-05 7.741721e-04 -1.119746e-05 8.224748e-05
10414.919253 -2.821216e-05 -6.711243e-07 -6.422913e-08 -1.972669e-06 8.314269e-05 7.634255e-04 -1.054187e-05 9.582733e-05
10415.955064 -2.820137e-05 -6.673124e-07 -6.433556e-08 -2.001339e-06 9.336121e-05 7.597028e-04 -8.132768e-06 9.846422e-05
10417.018734 -2.821497e-05 -6.664151e-07 -6.424391e-08 -2.027805e-06 9.775189e-05 7.634977e-04 -1.086427e-05 9.602362e-05
10418.110266 -2.819240e-05 -6.629904e-07 -6.409411e-08 -2.046400e-06 1.026842e-04 7.542839e-04 -1.536909e-05 8.831427e-05
10419.232723 -2.814831e-05 -6.586365e-07 -6.392327e-08 -2.059307e-06 9.929433e-05 7.528194e-04 -1.013041e-05 8.369608e-05
10420.367373 -2.812104e-05 -6.570591e-07 -6.359831e-08 -2.071757e-06 9.874337e-05 7.550020e-04 -1.492269e-05 7.931340e-05
10421.514214 -2.809824e-05 -6.545494e-07 -6.349987e-08 -2.082267e-06 1.072038e-04 7.411000e-04 -2.142056e-05 8.432772e-05
10422.673248 -2.810490e-05 -6.539751e-07 -6.367823e-08 -2.094470e-06 1.074335e-04 7.414958e-04 -2.541386e-05 8.264828e-05
10423.844473 -2.805995e-05 -6.526066e-07 -6.329722e-08 -2.098079e-06 1.057842e-04 7.558955e-04 -8.950933e-06 8.999529e-05
10425.027890 -2.802584e-05 -6.513194e-07 -6.307015e-08 -2.099426e-06 1.062105e-04 7.567777e-04 -1.010706e-05 9.162825e-05
10426.223499 -2.798189e-05 -6.491357e-07 -6.286977e-08 -2.098406e-06 1.108322e-04 7.497471e-04 -1.864314e-05 9.671821e-05
10427.431300 -2.800671e-05 -6.516754e-07 -6.279290e-08 -2.104004e-06 1.134304e-04 7.545129e-04 -2.007416e-05 1.080789e-04
10428.651293 -2.808444e-05 -6.560481e-07 -6.296532e-08 -2.114421e-06 1.107011e-04 7.347847e-04 -1.337718e-05 1.016281e-04
10429.883478 -2.806624e-05 -6.553919e-07 -6.296303e-08 -2.114008e-06 1.060779e-04 7.421704e-04 -2.144034e-05 8.731230e-05
10431.127855 -2.805115e-05 -6.550741e-07 -6.292614e-08 -2.111104e-06 1.121912e-04 7.183058e-04 -1.810567e-05 8.212610e-05
10432.384423 -2.802489e-05 -6.549775e-07 -6.299641e-08 -2.103435e-06 1.087205e-04 7.502554e-04 -1.529545e-05 8.697451e-05
10433.653184 -2.801767e-05 -6.562667e-07 -6.309109e-08 -2.094791e-06 1.019885e-04 7.480028e-04 -1.767253e-05 8.836297e-05
10434.934136 -2.800479e-05 -6.572291e-07 -6.312821e-08 -2.084147e-06 1.011441e-04 7.339438e-04 -1.668485e-05 8.727976e-05
10436.227280 -2.799690e-05 -6.593041e-07 -6.335499e-08 -2.074974e-06 9.827828e-05 7.263692e-04 -2.571326e-05 8.163996e-05
10437.532617 -2.795924e-05 -6.588996e-07 -6.347338e-08 -2.065428e-06 9.842599e-05 7.112647e-04 -2.194706e-05 8.726269e-05
10438.850145 -2.791041e-05 -6.576475e-07 -6.318048e-08 -2.053960e-06 1.036692e-04 7.188092e-04 -2.127346e-05 9.075792e-05
10440.179865 -2.794778e-05 -6.611457e-07 -6.307174e-08 -2.051873e-06 1.017357e-04 7.185272e-04 -9.166122e-06 9.564392e-05
10441.521777 -2.794271e-05 -6.626224e-07 -6.292545e-08 -2.044388e-06 1.030165e-04 7.177804e-04 -7.969705e-06 9.091825e-05
10442.875881 -2.793077e-05 -6.635056e-07 -6.309321e-08 -2.036967e-06 1.093330e-04 7.048325e-04 -9.838215e-06 8.743562e-05
10444.242177 -2.788707e-05 -6.622980e-07 -6.285884e-08 -2.027530e-06 1.059675e-04 6.807422e-04 -1.467118e-05 8.117462e-05
10445.620664 -2.784818e-05 -6.609329e-07 -6.247340e-08 -2.021798e-06 1.025806e-04 6.890752e-04 -2.502792e-05 7.302508e-05
10447.011344 -2.785741e-05 -6.625224e-07 -6.236883e-08 -2.022065e-06 9.945928e-05 6.995156e-04 -1.524242e-05 7.037939e-05
10448.414215 -2.785435e-05 -6.641916e-07 -6.265628e-08 -2.020647e-06 1.039131e-04 6.887101e-04 -1.333264e-05 5.817406e-05
10449.829279 -2.781646e-05 -6.637583e-07 -6.262680e-08 -2.012990e-06 9.653487e-05 6.894415e-04 -1.734943e-05 6.249136e-05
10451.256534 -2.777447e-05 -6.634041e-07 -6.266374e-08 -2.003761e-06 9.901665e-05 7.078795e-04 -2.433946e-05 6.724128e-05
10452.695981 -2.777797e-05 -6.650871e-07 -6.273067e-08 -1.998484e-06 1.070022e-04 7.311085e-04 -2.036055e-05 8.279410e-05
10454.147620 -2.777970e-05 -6.671738e-07 -6.299547e-08 -1.994001e-06 1.059110e-04 7.142323e-04 -2.462333e-05 7.956319e-05
10455.611452 -2.775358e-05 -6.666705e-07 -6.300628e-08 -1.986923e-06 1.094508e-04 7.201336e-04 -2.831140e-05 7.249483e-05
10457.087475 -2.771963e-05 -6.664867e-07 -6.298948e-08 -1.981495e-06 1.008705e-04 7.495843e-04 -2.516656e-05 7.606566e-05
10458.575689 -2.764358e-05 -6.635026e-07 -6.266219e-08 -1.973774e-06 1.020120e-04 7.391509e-04 -1.719054e-05 6.951143e-05
10460.076096 -2.763986e-05 -6.636726e-07 -6.250686e-08 -1.974230e-06 1.174909e-04 7.210866e-04 -1.736071e-05 7.695498e-05
10461.588695 -2.764773e-05 -6.659585e-07 -6.254559e-08 -1.975482e-06 1.216548e-04 7.247268e-04 -1.434166e-05 7.353219e-05
10463.113485 -2.766821e-05 -6.691507e-07 -6.259685e-08 -1.978060e-06 1.223599e-04 7.186563e-04 -5.171866e-06 8.634680e-05
10464.650468 -2.764697e-05 -6.694637e-07 -6.258526e-08 -1.975480e-06 1.236788e-04 7.087564e-04 -9.295901e-06 8.298982e-05
10466.199642 -2.763520e-05 -6.707517e-07 -6.269491e-08 -1.975512e-06 1.153971e-04 7.124765e-04 -2.130944e-05 8.167049e-05
10467.761009 -2.757786e-05 -6.684880e-07 -6.279099e-08 -1.970434e-06 1.180284e-04 6.950932e-04 -1.807377e-05 8.053445e-05
10469.334567 -2.754474e-05 -6.673001e-07 -6.266912e-08 -1.968639e-06 1.120508e-04 6.944536e-04 -1.111198e-05 7.786506e-05
10470.920317 -2.749692e-05 -6.658825e-07 -6.234209e-08 -1.967296e-06 1.091187e-04 6.882788e-04 -2.182786e-05 7.602827e-05
10472.518259 -2.751602e-05 -6.674660e-07 -6.227833e-08 -1.972187e-06 1.043622e-04 6.960034e-04 -2.575873e-05 7.492234e-05
10474.128393 -2.755345e-05 -6.705183e-07 -6.267648e-08 -1.979833e-06 9.967217e-05 7.060741e-04 -2.725772e-05 7.312324e-05
10475.750719 -2.752891e-05 -6.709172e-07 -6.288204e-08 -1.981222e-06 1.068412e-04 7.017180e-04 -2.893189e-05 6.518129e-05
10477.385237 -2.741148e-05 -6.654026e-07 -6.253189e-08 -1.973878e-06 1.113453e-04 7.203330e-04 -2.149980e-05 7.139102e-05
10479.031946 -2.735764e-05 -6.629468e-07 -6.238660e-08 -1.973170e-06 1.090291e-04 7.337577e-04 -1.814571e-05 7.446516e-05
10480.690848 -2.741775e-05 -6.673757e-07 -6.308751e-08 -1.983632e-06 1.095872e-04 7.477404e-04 -1.952208e-05 7.173875e-05
10482.361942 -2.738400e-05 -6.658237e-07 -6.328583e-08 -1.984283e-06 1.025247e-04 7.393803e-04 -1.300248e-05 6.960799e-05
10484.045227 -2.735922e-05 -6.670981e-07 -6.377715e-08 -1.985153e-06 1.042820e-04 7.216324e-04 -9.128232e-06 7.634636e-05
10485.740704 -2.738617e-05 -6.688365e-07 -6.433670e-08 -1.990964e-06 1.020894e-04 7.255919e-04 -1.225796e-05 8.192891e-05
10487.448374 -2.737936e-05 -6.698400e-07 -6.491250e-08 -1.992641e-06 1.027435e-04 7.472934e-04 -2.610531e-05 7.682140e-05
10489.168235 -2.733938e-05 -6.681404e-07 -6.495171e-08 -1.990854e-06 9.051191e-05 7.543257e-04 -1.596135e-05 7.135458e-05
10490.900288 -2.732872e-05 -6.678412e-07 -6.502543e-08 -1.991658e-06 1.011060e-04 7.236812e-04 -2.741981e-05 7.122164e-05
10492.644533 -2.728655e-05 -6.665409e-07 -6.531024e-08 -1.991281e-06 9.911556e-05 7.275228e-04 -2.705860e-05 6.988805e-05
10494.400970 -2.727514e-05 -6.667128e-07 -6.549105e-08 -1.993222e-06 9.174768e-05 7.171805e-04 -1.486956e-05 7.533767e-05
10496.169598 -2.725153e-05 -6.660778e-07 -6.565305e-08 -1.996518e-06 9.307694e-05 7.201638e-04 -2.020042e-05 6.926898e-05
10497.950419 -2.722211e-05 -6.656652e-07 -6.607180e-08 -2.001463e-06 9.739271e-05 7.264252e-04 -2.502105e-05 6.582015e-05
10499.743432 -2.720945e-05 -6.655795e-07 -6.636601e-08 -2.010286e-06 1.048123e-04 7.342891e-04 -2.269244e-05 7.288924e-05
10501.548636 -2.720570e-05 -6.662920e-07 -6.627679e-08 -2.020567e-06 1.049103e-04 7.271101e-04 -1.681810e-05 8.017149e-05
10503.366032 -2.717015e-05 -6.653065e-07 -6.635694e-08 -2.026326e-06 1.055949e-04 7.260035e-04 -1.510230e-05 8.464732e-05
10505.195621 -2.711209e-05 -6.622379e-07 -6.616682e-08 -2.027008e-06 1.060191e-04 7.203382e-04 -1.365633e-05 7.350882e-05
10507.037401 -2.707747e-05 -6.617181e-07 -6.601352e-08 -2.028537e-06 1.050072e-04 6.900390e-04 -1.152179e-06 7.226456e-05
10508.891373 -2.708559e-05 -6.632971e-07 -6.605694e-08 -2.033611e-06 1.051739e-04 6.909590e-04 -6.233029e-06 6.250451e-05
10510.757537 -2.704006e-05 -6.628910e-07 -6.583115e-08 -2.031991e-06 1.157371e-04 6.979835e-04 -1.048271e-05 6.825541e-05
10512.635893 -2.697192e-05 -6.618013e-07 -6.550586e-08 -2.029052e-06 1.120163e-04 6.955123e-04 -1.958039e-05 5.995798e-05
10514.526441 -2.694174e-05 -6.629053e-07 -6.572778e-08 -2.031098e-06 1.073629e-04 6.926044e-04 -1.116040e-05 7.380006e-05
10516.429181 -2.695190e-05 -6.620872e-07 -6.546163e-08 -2.035633e-06 1.152757e-04 6.935839e-04 -1.801335e-05 8.222763e-05
10518.344112 -2.682755e-05 -6.565064e-07 -6.492056e-08 -2.027006e-06 1.099498e-04 7.259710e-04 -1.566004e-05 8.196726e-05
10520.271236 -2.662160e-05 -6.507839e-07 -6.409857e-08 -2.010631e-06 1.090788e-04 7.361563e-04 -1.780562e-05 8.045904e-05
10522.210552 -2.677459e-05 -6.573440e-07 -6.463110e-08 -2.025155e-06 1.093005e-04 7.495065e-04 -2.037020e-05 8.094819e-05
10524.162059 -2.681601e-05 -6.620027e-07 -6.487794e-08 -2.028372e-06 1.035010e-04 7.433184e-04 -6.824117e-06 7.563623e-05
10526.125758 -2.672886e-05 -6.607316e-07 -6.460939e-08 -2.018009e-06 9.890921e-05 7.210618e-04 -5.671131e-06 8.320575e-05
10528.101649 -2.660982e-05 -6.589304e-07 -6.440539e-08 -2.002387e-06 9.607221e-05 7.061740e-04 -1.630056e-05 8.565115e-05
10530.089733 -2.661788e-05 -6.616462e-07 -6.461968e-08 -1.999656e-06 1.028690e-04 6.991573e-04 -1.666192e-05 9.033866e-05
10532.090008 -2.669490e-05 -6.652752e-07 -6.480867e-08 -2.000230e-06 1.113584e-04 7.105695e-04 -1.154065e-05 8.924481e-05
10534.102475 -2.660168e-05 -6.628657e-07 -6.451706e-08 -1.984671e-06 1.093027e-04 7.041730e-04 -2.401598e-05 7.653455e-05
10536.127133 -2.658725e-05 -6.660434e-07 -6.490396e-08 -1.978940e-06 1.064783e-04 7.192873e-04 -2.481618e-05 8.305537e-05
10538.163984 -2.664243e-05 -6.694650e-07 -6.540578e-08 -1.980517e-06 1.122140e-04 7.238851e-04 -2.853633e-05 9.423369e-05
10540.213027 -2.660639e-05 -6.703310e-07 -6.537605e-08 -1.975089e-06 1.154213e-04 7.205006e-04 -1.859100e-05 9.244275e-05
10542.274261 -2.655667e-05 -6.695951e-07 -6.532681e-08 -1.969906e-06 1.077327e-04 7.129971e-04 -1.463222e-05 8.950805e-05
10544.347688 -2.653067e-05 -6.694227e-07 -6.543340e-08 -1.967776e-06 1.013118e-04 7.214391e-04 -5.718748e-06 8.818131e-05
10546.433306 -2.652419e-05 -6.725746e-07 -6.600803e-08 -1.969039e-06 1.093244e-04 7.139330e-04 -1.458470e-05 7.343163e-05
10548.531117 -2.651710e-05 -6.745280e-07 -6.659677e-08 -1.969857e-06 1.044304e-04 7.251396e-04 -2.406413e-05 7.505151e-05
10550.641119 -2.646865e-05 -6.743002e-07 -6.685394e-08 -1.967229e-06 1.017260e-04 7.363401e-04 -2.454691e-05 7.493043e-05
10552.763313 -2.640998e-05 -6.739313e-07 -6.704405e-08 -1.963892e-06 9.854655e-05 7.201066e-04 -1.243592e-05 6.964007e-05
10554.897699 -2.637801e-05 -6.743472e-07 -6.732259e-08 -1.964621e-06 1.051085e-04 6.755205e-04 -3.630823e-06 7.207087e-05
10557.044277 -2.635311e-05 -6.745370e-07 -6.757075e-08 -1.965797e-06 1.078137e-04 6.691941e-04 -6.247231e-06 7.324238e-05
10559.203047 -2.632902e-05 -6.752980e-07 -6.762260e-08 -1.968822e-06 1.064741e-04 6.859006e-04 -3.510304e-06 8.531015e-05
10561.374008 -2.628957e-05 -6.752333e-07 -6.765349e-08 -1.970763e-06 1.010979e-04 6.818464e-04 -3.813748e-06 9.103613e-05
10563.557162 -2.624965e-05 -6.742145e-07 -6.766305e-08 -1.972965e-06 9.818421e-05 6.619118e-04 -9.971973e-06 9.236385e-05
10565.752508 -2.621279e-05 -6.739545e-07 -6.789085e-08 -1.975828e-06 9.355538e-05 6.611444e-04 -1.924770e-05 7.786006e-05
10567.960045 -2.614329e-05 -6.702717e-07 -6.772239e-08 -1.973467e-06 9.357190e-05 6.730369e-04 -1.836480e-05 7.468114e-05
10570.179775 -2.613179e-05 -6.731459e-07 -6.803745e-08 -1.977891e-06 8.959473e-05 6.669514e-04 -1.938761e-05 8.071541e-05
10572.411696 -2.610942e-05 -6.748363e-07 -6.843948e-08 -1.980402e-06 9.687114e-05 6.621794e-04 -9.992901e-06 8.852427e-05
10574.655809 -2.605312e-05 -6.734861e-07 -6.872902e-08 -1.977552e-06 9.601179e-05 6.689405e-04 -1.800263e-05 7.348953e-05
10576.912114 -2.600848e-05 -6.741594e-07 -6.933370e-08 -1.976466e-06 9.862944e-05 6.569708e-04 -1.029601e-05 6.535808e-05
10579.180611 -2.595903e-05 -6.730819e-07 -6.930483e-08 -1.975096e-06 9.727701e-05 6.438035e-04 -6.603968e-06 6.877434e-05
10581.461300 -2.591090e-05 -6.732086e-07 -6.928576e-08 -1.972780e-06 8.908569e-05 6.620253e-04 -1.684188e-05 7.438774e-05
10583.754181 -2.582547e-05 -6.702280e-07 -6.906076e-08 -1.966815e-06 8.949677e-05 6.906757e-04 -1.509469e-05 7.783988e-05
10586.059254 -2.573912e-05 -6.692038e-07 -6.894451e-08 -1.961427e-06 8.530725e-05 6.776064e-04 -3.143979e-05 8.257350e-05
10588.376518 -2.567580e-05 -6.689023e-07 -6.889604e-08 -1.957837e-06 9.544673e-05 6.714291e-04 -3.553410e-05 7.924719e-05
10590.705975 -2.563133e-05 -6.717080e-07 -6.894454e-08 -1.956812e-06 8.935812e-05 6.812474e-04 -2.253339e-05 8.141035e-05
10593.047623 -2.554989e-05 -6.717153e-07 -6.867455e-08 -1.952065e-06 9.055158e-05 6.711245e-04 -1.575294e-05 7.632807e-05
10595.401464 -2.553223e-05 -6.727689e-07 -6.884544e-08 -1.950859e-06 9.045226e-05 6.645110e-04 -9.093444e-06 7.174820e-05
10597.767496 -2.554970e-05 -6.759209e-07 -6.914437e-08 -1.952021e-06 9.334554e-05 6.747933e-04 -5.719295e-06 6.591934e-05
10600.145720 -2.553221e-05 -6.768591e-07 -6.936536e-08 -1.947308e-06 9.399828e-05 6.882104e-04 -1.484330e-05 6.558342e-05
10602.536136 -2.547103e-05 -6.770262e-07 -6.936450e-08 -1.938985e-06 9.577159e-05 6.950212e-04 -2.473564e-06 7.688590e-05
10604.938744 -2.537970e-05 -6.762261e-07 -6.930742e-08 -1.928651e-06 9.739288e-05 6.741114e-04 -7.117470e-06 7.580314e-05
10607.353544 -2.532555e-05 -6.775091e-07 -6.960568e-08 -1.923825e-06 8.792016e-05 6.705586e-04 -1.095167e-05 8.545690e-05
10609.780536 -2.524824e-05 -6.755441e-07 -6.942215e-08 -1.918003e-06 8.193564e-05 6.980326e-04 -1.469771e-05 7.643625e-05
10612.219720 -2.520861e-05 -6.749664e-07 -6.934972e-08 -1.916878e-06 8.691252e-05 6.820866e-04 -1.908612e-05 7.354819e-05
10614.671096 -2.521550e-05 -6.756035e-07 -6.950442e-08 -1.922830e-06 8.861068e-05 6.827574e-04 -1.469669e-05 7.235003e-05
10617.134663 -2.520165e-05 -6.754469e-07 -6.958496e-08 -1.926128e-06 8.927069e-05 6.853040e-04 -1.117720e-05 7.231455e-05
10619.610423 -2.520028e-05 -6.775123e-07 -6.988567e-08 -1.929985e-06 8.549315e-05 6.902358e-04 -1.017935e-05 6.699254e-05
10622.098374 -2.519631e-05 -6.810660e-07 -7.027612e-08 -1.934287e-06 9.511062e-05 6.674673e-04 -5.002679e-06 5.838328e-05
10624.598517 -2.516833e-05 -6.820416e-07 -7.034875e-08 -1.934853e-06 9.898599e-05 6.569093e-04 -8.492867e-06 5.931448e-05
10627.110852 -2.511661e-05 -6.816506e-07 -7.032047e-08 -1.933570e-06 9.642578e-05 6.483036e-04 -8.958848e-06 6.452430e-05
10629.635380 -2.505469e-05 -6.803760e-07 -7.044220e-08 -1.930523e-06 1.033576e-04 6.495137e-04 3.001541e-06 6.681679e-05
10632.172099 -2.496950e-05 -6.777319e-07 -7.020356e-08 -1.925510e-06 9.935686e-05 6.537009e-04 1.083292e-05 6.850281e-05
10634.721009 -2.485553e-05 -6.743065e-07 -6.978204e-08 -1.918662e-06 9.343182e-05 6.514623e-04 -4.844670e-06 6.892763e-05
10637.282112 -2.481734e-05 -6.752090e-07 -6.990542e-08 -1.919298e-06 9.709707e-05 6.463170e-04 -9.678951e-07 6.756745e-05
10639.855407 -2.484256e-05 -6.813269e-07 -7.054897e-08 -1.926806e-06 8.765831e-05 6.493157e-04 -7.873865e-06 6.482866e-05
10642.440894 -2.477485e-05 -6.809740e-07 -7.076776e-08 -1.922903e-06 8.925404e-05 6.765390e-04 -5.864936e-06 6.955913e-05
10645.038572 -2.468872e-05 -6.793367e-07 -7.066026e-08 -1.916748e-06 9.085812e-05 6.924772e-04 -6.325212e-06 6.542623e-05
10647.648443 -2.461301e-05 -6.774573e-07 -7.056853e-08 -1.911502e-06 9.034732e-05 6.735023e-04 -1.390877e-06 6.100422e-05
10650.270505 -2.456765e-05 -6.777205e-07 -7.091776e-08 -1.910728e-06 8.878265e-05 6.874874e-04 -6.987473e-06 6.173449e-05
10652.904759 -2.453169e-05 -6.806229e-07 -7.136133e-08 -1.910127e-06 8.449614e-05 6.960582e-04 -1.103684e-05 6.732125e-05
10655.551205 -2.446824e-05 -6.803693e-07 -7.154113e-08 -1.906854e-06 8.267644e-05 6.935295e-04 -1.523192e-05 6.334486e-05
10658.209844 -2.432840e-05 -6.775688e-07 -7.126860e-08 -1.896945e-06 7.967523e-05 6.928238e-04 -2.530427e-05 6.303682e-05
10660.880674 -2.432461e-05 -6.796663e-07 -7.178967e-08 -1.897536e-06 7.676263e-05 7.087426e-04 -2.084547e-05 6.795458e-05
10663.563696 -2.432164e-05 -6.817237e-07 -7.222097e-08 -1.895500e-06 7.990811e-05 7.071897e-04 -2.314354e-05 6.855110e-05
10666.258909 -2.424480e-05 -6.808329e-07 -7.223547e-08 -1.886497e-06 9.059925e-05 7.282949e-04 -1.435071e-05 8.389149e-05
10668.966315 -2.417100e-05 -6.806988e-07 -7.231921e-08 -1.878240e-06 8.771029e-05 7.179753e-04 -1.021236e-05 8.601469e-05
10671.685913 -2.411817e-05 -6.816980e-07 -7.272298e-08 -1.872300e-06 1.001882e-04 7.308158e-04 -1.202281e-05 8.177650e-05
10674.417702 -2.403868e-05 -6.813759e-07 -7.308584e-08 -1.864434e-06 1.089434e-04 7.203440e-04 -1.286535e-05 6.836124e-05
10677.161684 -2.398374e-05 -6.832302e-07 -7.330645e-08 -1.860253e-06 1.074118e-04 7.138800e-04 -1.783343e-06 6.827673e-05
10679.917857 -2.385413e-05 -6.819522e-07 -7.331170e-08 -1.850189e-06 1.058012e-04 7.166448e-04 -8.362612e-06 7.375915e-05
10682.686222 -2.375841e-05 -6.801424e-07 -7.340279e-08 -1.841177e-06 1.037624e-04 7.073071e-04 -1.295551e-05 6.789063e-05
10685.466780 -2.365101e-05 -6.771549e-07 -7.311798e-08 -1.833365e-06 8.985486e-05 7.005919e-04 -7.653562e-06 6.769405e-05
10688.259529 -2.348562e-05 -6.716781e-07 -7.246761e-08 -1.821526e-06 9.125500e-05 7.059193e-04 -1.815444e-05 6.726547e-05
10691.064470 -2.342151e-05 -6.710929e-07 -7.249269e-08 -1.822129e-06 8.639487e-05 7.012024e-04 -1.806240e-05 5.863550e-05
10693.881602 -2.346325e-05 -6.747167e-07 -7.295146e-08 -1.830896e-06 1.011169e-04 7.146523e-04 -1.432595e-05 6.218474e-05
10696.710927 -2.346762e-05 -6.768052e-07 -7.319840e-08 -1.834618e-06 9.447111e-05 7.340231e-04 -1.728665e-05 6.593745e-05
10699.552444 -2.335151e-05 -6.724821e-07 -7.279871e-08 -1.826641e-06 8.216697e-05 7.558986e-04 -2.512100e-05 5.852955e-05
10702.406153 -2.319786e-05 -6.683762e-07 -7.242896e-08 -1.814983e-06 8.222843e-05 7.383515e-04 -3.364049e-05 5.879114e-05
10705.272053 -2.312074e-05 -6.679146e-07 -7.238365e-08 -1.811424e-06 7.778788e-05 7.146540e-04 -3.810953e-05 6.748483e-05
10708.150146 -2.315441e-05 -6.719059e-07 -7.292445e-08 -1.817774e-06 7.767208e-05 7.248126e-04 -3.045038e-05 6.813478e-05
10711.040430 -2.316770e-05 -6.742914e-07 -7.331577e-08 -1.821554e-06 7.288965e-05 7.450587e-04 -2.630368e-05 6.909098e-05
10713.942906 -2.311019e-05 -6.732608e-07 -7.320934e-08 -1.818804e-06 7.817685e-05 7.074619e-04 -2.058393e-05 7.011213e-05
10716.857574 -2.304966e-05 -6.733389e-07 -7.320950e-08 -1.816703e-06 8.283211e-05 6.936716e-04 -2.936447e-05 6.919174e-05
10719.784435 -2.300095e-05 -6.736654e-07 -7.322298e-08 -1.815481e-06 8.148276e-05 7.011297e-04 -2.425757e-05 7.491042e-05
10722.723487 -2.298423e-05 -6.770241e-07 -7.365173e-08 -1.818243e-06 8.103278e-05 7.052401e-04 -2.177821e-05 7.852068e-05
10725.674730 -2.293385e-05 -6.788847e-07 -7.390468e-08 -1.818239e-06 8.927215e-05 7.027665e-04 -2.360707e-05 7.568490e-05
10728.638166 -2.282018e-05 -6.761058e-07 -7.383222e-08 -1.810243e-06 9.524337e-05 7.094299e-04 -3.290163e-05 5.963839e-05
10731.613794 -2.272618e-05 -6.744760e-07 -7.367488e-08 -1.803944e-06 9.236167e-05 6.892099e-04 -3.314156e-05 7.420522e-05
10734.601614 -2.269209e-05 -6.754559e-07 -7.346933e-08 -1.802287e-06 8.708696e-05 6.931722e-04 -4.038105e-05 8.748394e-05
10737.601625 -2.264146e-05 -6.771892e-07 -7.385211e-08 -1.800276e-06 8.792717e-05 6.996410e-04 -3.534773e-05 8.966456e-05
10740.613829 -2.256853e-05 -6.762098e-07 -7.410485e-08 -1.793949e-06 9.583113e-05 7.011195e-04 -1.936515e-05 8.982935e-05
10743.638224 -2.244930e-05 -6.725898e-07 -7.379002e-08 -1.783375e-06 8.352574e-05 6.962289e-04 -2.032870e-05 9.082274e-05
10746.674811 -2.237647e-05 -6.726975e-07 -7.389064e-08 -1.777358e-06 8.370609e-05 6.955513e-04 -2.574865e-05 8.944912e-05
10749.723590 -2.231267e-05 -6.735096e-07 -7.412385e-08 -1.772813e-06 9.164473e-05 6.831341e-04 -1.983404e-05 9.113180e-05
10752.784561 -2.219064e-05 -6.704634e-07 -7.424372e-08 -1.761847e-06 9.408450e-05 6.997276e-04 -1.751137e-05 9.503950e-05
10755.857724 -2.201949e-05 -6.659678e-07 -7.383056e-08 -1.746459e-06 9.371213e-05 6.769398e-04 -1.162518e-05 9.220600e-05
10758.943079 -2.195360e-05 -6.656156e-07 -7.381494e-08 -1.741148e-06 9.260153e-05 6.904102e-04 -6.775240e-06 9.068549e-05
10762.040626 -2.190943e-05 -6.659321e-07 -7.383185e-08 -1.737860e-06 9.080846e-05 6.864815e-04 -9.349074e-06 8.807218e-05
10765.150365 -2.187699e-05 -6.683149e-07 -7.400968e-08 -1.736835e-06 9.957048e-05 6.926449e-04 -4.002042e-06 9.267213e-05
10768.272295 -2.178919e-05 -6.680202e-07 -7.369692e-08 -1.731164e-06 8.810335e-05 7.046163e-04 2.273716e-08 9.310183e-05
10771.406418 -2.171936e-05 -6.681904e-07 -7.388381e-08 -1.727849e-06 9.246587e-05 6.569284e-04 1.091681e-06 8.690530e-05
10774.552732 -2.167711e-05 -6.707941e-07 -7.441165e-08 -1.728523e-06 9.998358e-05 6.647876e-04 2.034897e-06 8.590986e-05
10777.711239 -2.159423e-05 -6.705599e-07 -7.478932e-08 -1.724734e-06 9.690521e-05 6.755606e-04 -5.804182e-06 8.696426e-05
10780.881937 -2.146355e-05 -6.660321e-07 -7.467590e-08 -1.713634e-06 9.430374e-05 7.002648e-04 -1.139624e-05 8.445355e-05
10784.064827 -2.134374e-05 -6.625778e-07 -7.468453e-08 -1.705229e-06 9.156341e-05 6.935741e-04 -9.602613e-06 8.517179e-05
10787.259909 -2.128293e-05 -6.640047e-07 -7.523316e-08 -1.703044e-06 8.443610e-05 6.951698e-04 -2.536173e-06 8.592076e-05
10790.467183 -2.117369e-05 -6.620107e-07 -7.545304e-08 -1.696077e-06 8.137150e-05 6.919133e-04 -3.589701e-06 9.309723e-05
10793.686649 -2.105682e-05 -6.592589e-07 -7.550090e-08 -1.687578e-06 8.430078e-05 6.964596e-04 -2.439862e-06 1.081374e-04
10796.918307 -2.094741e-05 -6.573943e-07 -7.566921e-08 -1.679949e-06 9.103338e-05 6.930464e-04 -1.812842e-05 1.007368e-04
10800.162157 -2.084799e-05 -6.557561e-07 -7.567369e-08 -1.673145e-06 1.011308e-04 7.027899e-04 -7.539607e-06 9.061364e-05
10803.418198 -2.076026e-05 -6.552639e-07 -7.579732e-08 -1.668690e-06 1.080916e-04 7.121317e-04 -1.340767e-05 8.544127e-05
10806.686432 -2.057151e-05 -6.519854e-07 -7.562081e-08 -1.655864e-06 1.057510e-04 7.030935e-04 -2.016159e-05 8.296742e-05
10809.966857 -2.043188e-05 -6.460914e-07 -7.489415e-08 -1.645872e-06 1.017699e-04 7.059279e-04 -2.087303e-05 9.196281e-05
10813.259474 -2.046154e-05 -6.506672e-07 -7.529872e-08 -1.651360e-06 1.007841e-04 7.163755e-04 -1.372965e-05 9.244380e-05
10816.564284 -2.041769e-05 -6.537267e-07 -7.575147e-08 -1.648753e-06 9.340239e-05 7.202046e-04 -1.626038e-05 9.401408e-05
10819.881285 -2.034898e-05 -6.541164e-07 -7.582238e-08 -1.644703e-06 9.547346e-05 7.391140e-04 -2.276514e-05 8.997415e-05
10823.210478 -2.024768e-05 -6.523763e-07 -7.535123e-08 -1.636705e-06 9.929284e-05 7.134725e-04 -2.583905e-05 9.374846e-05
10826.551863 -2.014808e-05 -6.513083e-07 -7.522274e-08 -1.629836e-06 9.861215e-05 6.857947e-04 -2.637625e-05 9.691643e-05
10829.905440 -2.002862e-05 -6.490463e-07 -7.489472e-08 -1.620513e-06 1.014642e-04 6.894355e-04 -4.038872e-05 9.481386e-05
10833.271209 -1.991068e-05 -6.463521e-07 -7.448329e-08 -1.610685e-06 1.021052e-04 7.134166e-04 -4.165950e-05 8.835733e-05
10836.649169 -1.978817e-05 -6.438503e-07 -7.392334e-08 -1.600835e-06 9.718368e-05 6.967443e-04 -2.901299e-05 9.217333e-05
10840.039322 -1.968214e-05 -6.422023e-07 -7.400466e-08 -1.592903e-06 9.770638e-05 6.917654e-04 -2.477093e-05 9.095150e-05
10843.441666 -1.955129e-05 -6.386900e-07 -7.358111e-08 -1.582047e-06 9.971736e-05 6.871309e-04 -3.071909e-05 8.381964e-05
10846.856203 -1.942840e-05 -6.359552e-07 -7.298294e-08 -1.572585e-06 9.895853e-05 6.922339e-04 -2.376381e-05 8.660947e-05
10850.282931 -1.926859e-05 -6.321275e-07 -7.279622e-08 -1.559450e-06 9.927648e-05 7.225806e-04 -1.338939e-05 9.525367e-05
10853.721851 -1.920251e-05 -6.343642e-07 -7.329571e-08 -1.557002e-06 1.019746e-04 7.207431e-04 -1.996161e-05 8.745733e-05
10857.172964 -1.913714e-05 -6.342775e-07 -7.356140e-08 -1.552505e-06 9.979726e-05 7.359557e-04 -1.996979e-05 8.568139e-05
10860.636268 -1.898553e-05 -6.314839e-07 -7.372683e-08 -1.541126e-06 9.788233e-05 7.396161e-04 -1.099253e-05 8.816027e-05
10864.111764 -1.888139e-05 -6.295757e-07 -7.386690e-08 -1.533071e-06 1.019002e-04 7.327247e-04 -1.641789e-05 9.095343e-05
10867.599451 -1.873732e-05 -6.252666e-07 -7.345109e-08 -1.520726e-06 1.030422e-04 7.472488e-04 -1.294560e-05 1.013211e-04
10871.099331 -1.859500e-05 -6.223042e-07 -7.326581e-08 -1.509952e-06 1.051358e-04 7.537505e-04 -1.818286e-05 9.921636e-05
10874.611403 -1.847234e-05 -6.207767e-07 -7.313024e-08 -1.501425e-06 9.506823e-05 7.123865e-04 -1.263702e-05 1.003059e-04
10878.135666 -1.830233e-05 -6.152891e-07 -7.226626e-08 -1.487540e-06 1.039422e-04 6.962380e-04 -1.850435e-05 8.786372e-05
10881.672122 -1.820586e-05 -6.128691e-07 -7.224220e-08 -1.480944e-06 1.081285e-04 7.143602e-04 -2.651072e-05 8.821961e-05
10885.220769 -1.811850e-05 -6.121200e-07 -7.233808e-08 -1.475549e-06 1.053850e-04 7.073805e-04 -2.927469e-05 9.162685e-05
10888.781609 -1.796975e-05 -6.085914e-07 -7.210722e-08 -1.464458e-06 1.026590e-04 7.242817e-04 -3.074498e-05 9.553785e-05
10892.354640 -1.778264e-05 -6.039877e-07 -7.192549e-08 -1.449533e-06 9.920838e-05 7.464864e-04 -2.350572e-05 9.258229e-05
10895.939863 -1.772545e-05 -6.046364e-07 -7.233540e-08 -1.446346e-06 9.733750e-05 7.402596e-04 -2.620467e-05 9.587650e-05
10899.537278 -1.761043e-05 -6.029798e-07 -7.247291e-08 -1.438162e-06 1.032462e-04 7.593199e-04 -3.094479e-05 9.659119e-05
10903.146885 -1.745540e-05 -5.994608e-07 -7.239267e-08 -1.425769e-06 1.060217e-04 7.427322e-04 -2.404640e-05 9.617315e-05
10906.768684 -1.735967e-05 -5.981255e-07 -7.244691e-08 -1.419329e-06 1.091629e-04 7.315687e-04 -3.030080e-05 9.689726e-05
10910.402675 -1.721449e-05 -5.943400e-07 -7.225202e-08 -1.408371e-06 1.044207e-04 7.351779e-04 -1.793565e-05 9.885278e-05
10914.048857 -1.706245e-05 -5.903139e-07 -7.199792e-08 -1.396991e-06 9.800320e-05 7.282305e-04 -2.173098e-05 9.696685e-05
10917.707232 -1.699410e-05 -5.904328e-07 -7.236378e-08 -1.393021e-06 9.384583e-05 7.351444e-04 -2.186604e-05 9.867948e-05
10921.377799 -1.686694e-05 -5.877607e-07 -7.217378e-08 -1.383626e-06 1.005431e-04 7.356186e-04 -2.541326e-05 9.125120e-05
10925.060557 -1.671682e-05 -5.837468e-07 -7.195686e-08 -1.372352e-06 9.807075e-05 7.287172e-04 -3.783469e-05 8.929528e-05
10928.755507 -1.653319e-05 -5.783326e-07 -7.160645e-08 -1.357634e-06 9.589734e-05 7.403478e-04 -2.749734e-05 1.004221e-04
10932.462650 -1.644106e-05 -5.772470e-07 -7.142501e-08 -1.351428e-06 9.272967e-05 7.284026e-04 -3.516045e-05 9.098686e-05
10936.181984 -1.632672e-05 -5.751689e-07 -7.114639e-08 -1.343323e-06 1.003756e-04 7.378295e-04 -2.908735e-05 8.909452e-05
10939.913510 -1.620741e-05 -5.732123e-07 -7.109268e-08 -1.334547e-06 1.120430e-04 7.312059e-04 -1.771086e-05 9.724403e-05
10943.657228 -1.606955e-05 -5.695428e-07 -7.029755e-08 -1.322634e-06 1.092320e-04 7.342392e-04 -2.396915e-05 9.052498e-05
10947.413138 -1.590660e-05 -5.652144e-07 -7.002153e-08 -1.309293e-06 1.058835e-04 7.436528e-04 -1.875398e-05 9.491298e-05
10951.181239 -1.569331e-05 -5.594034e-07 -6.961547e-08 -1.291199e-06 1.015853e-04 7.624069e-04 -2.405778e-05 9.086510e-05
10954.961533 -1.563033e-05 -5.594708e-07 -6.955931e-08 -1.287774e-06 1.009867e-04 7.760029e-04 -1.796293e-05 8.829929e-05
10958.754019 -1.554336e-05 -5.582321e-07 -6.921700e-08 -1.281602e-06 1.041136e-04 7.728898e-04 -2.351606e-05 8.395781e-05
10962.558696 -1.539041e-05 -5.541986e-07 -6.874249e-08 -1.270102e-06 9.912668e-05 7.559750e-04 -3.355758e-05 7.595537e-05
10966.375565 -1.524492e-05 -5.488889e-07 -6.796711e-08 -1.258171e-06 1.026364e-04 7.688670e-04 -3.091489e-05 7.869413e-05
10970.204627 -1.516761e-05 -5.476005e-07 -6.773416e-08 -1.252793e-06 1.043060e-04 7.543720e-04 -2.738968e-05 7.357767e-05
10974.045880 -1.507075e-05 -5.467258e-07 -6.741805e-08 -1.247043e-06 1.028711e-04 7.570535e-04 -2.304558e-05 7.865148e-05
10977.899325 -1.490790e-05 -5.416510e-07 -6.667617e-08 -1.233739e-06 9.756006e-05 7.474950e-04 -2.274613e-05 8.498108e-05
10981.764962 -1.478702e-05 -5.389043e-07 -6.657668e-08 -1.224466e-06 9.380116e-05 7.542234e-04 -1.880473e-05 9.319416e-05
10985.642791 -1.467135e-05 -5.369410e-07 -6.654099e-08 -1.216371e-06 9.429886e-05 7.673873e-04 -2.420237e-05 9.176773e-05
10989.532812 -1.451628e-05 -5.316034e-07 -6.610536e-08 -1.204355e-06 8.730111e-05 7.767578e-04 -2.408725e-05 8.350571e-05
10993.435025 -1.440687e-05 -5.293104e-07 -6.654604e-08 -1.196349e-06 8.527883e-05 7.842051e-04 -2.023197e-05 8.267934e-05
10997.349429 -1.428431e-05 -5.266067e-07 -6.648185e-08 -1.187234e-06 9.135132e-05 7.713425e-04 -3.139579e-05 7.928088e-05
11001.276026 -1.419439e-05 -5.255163e-07 -6.617133e-08 -1.182173e-06 9.033783e-05 7.398659e-04 -3.470297e-05 7.822754e-05
11005.214814 -1.405143e-05 -5.210380e-07 -6.602418e-08 -1.170453e-06 8.879751e-05 7.507532e-04 -3.052496e-05 8.407744e-05
11009.165795 -1.389626e-05 -5.161920e-07 -6.565191e-08 -1.157321e-06 9.353502e-05 7.554038e-04 -3.092928e-05 8.351111e-05
11013.128967 -1.378752e-05 -5.138450e-07 -6.519511e-08 -1.149642e-06 1.096718e-04 7.449026e-04 -2.857078e-05 8.487698e-05
11017.104331 -1.368954e-05 -5.118039e-07 -6.519991e-08 -1.143070e-06 1.060765e-04 7.736623e-04 -1.781399e-05 8.918212e-05
11021.091888 -1.353589e-05 -5.067363e-07 -6.503112e-08 -1.130561e-06 9.956031e-05 7.762901e-04 -2.495627e-05 8.747717e-05
11025.091636 -1.344479e-05 -5.051566e-07 -6.514736e-08 -1.125064e-06 9.855227e-05 7.464048e-04 -2.733393e-05 9.217990e-05
11029.103575 -1.333771e-05 -5.025991e-07 -6.508578e-08 -1.117706e-06 9.839185e-05 7.381801e-04 -1.439177e-05 9.528773e-05
11033.127707 -1.318329e-05 -4.976905e-07 -6.463851e-08 -1.105309e-06 1.034158e-04 7.414630e-04 -1.562608e-05 9.028231e-05
11037.164031 -1.304834e-05 -4.935280e-07 -6.428391e-08 -1.095150e-06 1.030938e-04 7.293710e-04 -1.192688e-05 8.389815e-05
11041.212547 -1.296185e-05 -4.914852e-07 -6.418074e-08 -1.089585e-06 1.002595e-04 7.015250e-04 -1.978737e-05 8.392450e-05
11045.273254 -1.282858e-05 -4.874717e-07 -6.398308e-08 -1.078941e-06 9.979630e-05 7.027417e-04 -1.099585e-05 9.135709e-05
11049.346154 -1.269558e-05 -4.834912e-07 -6.375998e-08 -1.068033e-06 1.023584e-04 7.141022e-04 -4.333092e-06 9.030097e-05
11053.431245 -1.259271e-05 -4.811573e-07 -6.356764e-08 -1.060425e-06 1.050319e-04 7.012102e-04 -7.677608e-06 8.328103e-05
11057.528529 -1.249686e-05 -4.790717e-07 -6.370028e-08 -1.053847e-06 1.046058e-04 6.982760e-04 -8.311666e-06 8.690830e-05
11061.638004 -1.236536e-05 -4.757978e-07 -6.340921e-08 -1.043686e-06 1.016777e-04 7.034685e-04 -2.103632e-05 8.476073e-05
11065.759671 -1.226456e-05 -4.733027e-07 -6.280509e-08 -1.036639e-06 1.014097e-04 7.214377e-04 -3.466355e-05 8.178214e-05
11069.893530 -1.216335e-05 -4.711318e-07 -6.265816e-08 -1.029363e-06 1.014930e-04 7.278451e-04 -1.819168e-05 9.197191e-05
11074.039581 -1.201235e-05 -4.657761e-07 -6.178079e-08 -1.016982e-06 9.294400e-05 7.339985e-04 -1.201037e-05 9.193919e-05
11078.197824 -1.190077e-05 -4.621080e-07 -6.124186e-08 -1.008608e-06 9.163392e-05 7.216814e-04 -1.139093e-05 9.187204e-05
11082.368258 -1.177506e-05 -4.582693e-07 -6.094989e-08 -9.983689e-07 9.755206e-05 7.014994e-04 -9.479861e-06 9.236185e-05
11086.550885 -1.168673e-05 -4.560171e-07 -6.051171e-08 -9.930971e-07 9.935203e-05 7.302687e-04 -2.189612e-05 9.525473e-05
11090.745704 -1.156279e-05 -4.526899e-07 -6.012679e-08 -9.840394e-07 9.702048e-05 7.328119e-04 -1.439163e-05 9.630783e-05
11094.952714 -1.142321e-05 -4.487693e-07 -5.951494e-08 -9.728267e-07 9.916566e-05 7.404449e-04 -1.315907e-05 1.003506e-04
11099.171916 -1.137880e-05 -4.484719e-07 -5.937704e-08 -9.711059e-07 9.338776e-05 7.182403e-04 -1.201769e-05 9.461809e-05
11103.403311 -1.124220e-05 -4.438887e-07 -5.889425e-08 -9.601452e-07 9.216841e-05 7.083717e-04 -5.781093e-06 9.546600e-05
11107.646897 -1.107366e-05 -4.379494e-07 -5.802396e-08 -9.461185e-07 8.987800e-05 7.020451e-04 -9.868088e-06 9.353555e-05
11111.902675 -1.102566e-05 -4.369319e-07 -5.826366e-08 -9.437349e-07 8.439604e-05 6.963866e-04 -2.188069e-05 9.098292e-05
11116.170645 -1.092421e-05 -4.340363e-07 -5.811362e-08 -9.362974e-07 8.627187e-05 6.982928e-04 -2.680795e-05 8.022082e-05
11120.450807 -1.078367e-05 -4.294094e-07 -5.768936e-08 -9.247544e-07 9.648581e-05 7.116361e-04 -1.744824e-05 8.349997e-05
11124.743161 -1.072267e-05 -4.287160e-07 -5.787503e-08 -9.215954e-07 9.714495e-05 7.156650e-04 -1.964199e-05 9.011188e-05
11129.047707 -1.059465e-05 -4.247424e-07 -5.742493e-08 -9.115382e-07 9.536274e-05 7.025993e-04 -2.574840e-05 9.530136e-05
11133.364444 -1.048009e-05 -4.209133e-07 -5.700861e-08 -9.025987e-07 9.795489e-05 6.918378e-04 -2.868567e-05 9.808190e-05
11137.693374 -1.040470e-05 -4.196898e-07 -5.714177e-08 -8.982311e-07 9.946017e-05 6.581044e-04 -2.921830e-05 9.381287e-05
11142.034495 -1.026828e-05 -4.149065e-07 -5.691166e-08 -8.871703e-07 9.607846e-05 6.507760e-04 -2.653962e-05 9.802702e-05
11146.387809 -1.013202e-05 -4.105569e-07 -5.644533e-08 -8.764653e-07 9.415325e-05 6.541922e-04 -2.983578e-05 1.049537e-04
11150.753314 -1.006612e-05 -4.090018e-07 -5.618242e-08 -8.726899e-07 1.048431e-04 6.619021e-04 -2.549508e-05 1.083960e-04
11155.131011 -9.954495e-06 -4.051657e-07 -5.554697e-08 -8.645895e-07 1.080634e-04 6.626955e-04 -2.228689e-05 1.079098e-04
11159.520900 -9.720090e-06 -3.967664e-07 -5.426854e-08 -8.456659e-07 1.014341e-04 6.723027e-04 -2.304428e-05 9.871060e-05
11163.922981 -9.640212e-06 -3.963739e-07 -5.468322e-08 -8.369430e-07 1.088822e-04 6.916015e-04 -3.072123e-05 9.778752e-05
11168.337254 -9.626438e-06 -3.963715e-07 -5.494767e-08 -8.402029e-07 9.945616e-05 6.821844e-04 -2.794969e-05 9.894954e-05
11172.763719 -9.602970e-06 -3.968128e-07 -5.532444e-08 -8.379872e-07 1.033316e-04 6.739489e-04 -3.008971e-05 9.752017e-05
11177.202376 -9.528221e-06 -3.950286e-07 -5.507927e-08 -8.323128e-07 1.101518e-04 6.692266e-04 -3.106665e-05 9.591750e-05
11181.653224 -9.451834e-06 -3.933732e-07 -5.492768e-08 -8.270127e-07 1.109329e-04 6.760568e-04 -1.997859e-05 1.057216e-04
11186.116265 -9.324110e-06 -3.890986e-07 -5.457791e-08 -8.166344e-07 1.137712e-04 6.857543e-04 -1.874241e-05 9.891155e-05
11190.591497 -9.225623e-06 -3.861096e-07 -5.479829e-08 -8.086425e-07 1.175181e-04 6.809265e-04 -2.260123e-05 1.027657e-04
11195.078922 -9.123806e-06 -3.827235e-07 -5.444659e-08 -8.010036e-07 1.217964e-04 6.705057e-04 -2.740183e-05 1.061886e-04
11199.578538 -9.050866e-06 -3.812332e-07 -5.415092e-08 -7.978504e-07 1.157968e-04 6.491409e-04 -1.744779e-05 1.107195e-04
11204.090346 -8.961788e-06 -3.789371e-07 -5.386808e-08 -7.913066e-07 1.191244e-04 6.806815e-04 -1.354470e-05 1.082342e-04
11208.614346 -8.872482e-06 -3.765259e-07 -5.374901e-08 -7.846512e-07 1.179740e-04 6.901385e-04 -2.007142e-05 9.951688e-05
11213.150538 -8.780538e-06 -3.737735e-07 -5.352194e-08 -7.782076e-07 1.079008e-04 6.999557e-04 -3.557893e-05 9.172588e-05
11217.698922 -8.693310e-06 -3.714998e-07 -5.316098e-08 -7.719189e-07 1.058243e-04 7.027712e-04 -3.448517e-05 8.795573e-05
11222.259498 -8.596357e-06 -3.684283e-07 -5.249058e-08 -7.638110e-07 1.015638e-04 6.887620e-04 -2.133295e-05 9.254025e-05
11226.832266 -8.509950e-06 -3.655648e-07 -5.211706e-08 -7.564511e-07 9.284012e-05 6.909368e-04 -2.317315e-05 9.710196e-05
11231.417226 -8.415778e-06 -3.623552e-07 -5.156879e-08 -7.482100e-07 9.996701e-05 6.756101e-04 -2.159773e-05 1.054776e-04
11236.014377 -8.307638e-06 -3.585930e-07 -5.128132e-08 -7.394223e-07 1.045265e-04 6.822861e-04 -2.477645e-05 1.000447e-04
11240.623721 -8.212655e-06 -3.555935e-07 -5.080695e-08 -7.322368e-07 1.018801e-04 7.073457e-04 -2.762208e-05 9.411995e-05
11245.245256 -8.135926e-06 -3.535241e-07 -5.045378e-08 -7.269432e-07 1.090346e-04 6.913247e-04 -2.420554e-05 9.304765e-05
11249.878983 -8.039841e-06 -3.501699e-07 -4.985887e-08 -7.194962e-07 1.099134e-04 6.883738e-04 -3.106865e-05 1.002703e-04
11254.524902 -7.915140e-06 -3.453115e-07 -4.933798e-08 -7.086690e-07 1.019337e-04 7.059787e-04 -2.446308e-05 1.080358e-04
11259.183013 -7.831733e-06 -3.428785e-07 -4.910554e-08 -7.026239e-07 9.320490e-05 6.852335e-04 -3.587328e-05 9.828274e-05
11263.853316 -7.786249e-06 -3.429270e-07 -4.927192e-08 -7.005212e-07 9.639901e-05 6.673208e-04 -2.963405e-05 9.104012e-05
11268.535811 -7.706129e-06 -3.409493e-07 -4.921780e-08 -6.949119e-07 9.093351e-05 6.783625e-04 -2.142752e-05 9.316253e-05
11273.230498 -7.614281e-06 -3.378723e-07 -4.912186e-08 -6.873323e-07 9.456206e-05 6.804320e-04 -1.868481e-05 9.972635e-05
11277.937377 -7.506109e-06 -3.334213e-07 -4.868994e-08 -6.779104e-07 1.024294e-04 6.797313e-04 -2.214153e-05 9.838709e-05
11282.656448 -7.408194e-06 -3.296600e-07 -4.832378e-08 -6.699807e-07 9.790263e-05 6.738392e-04 -2.972364e-05 9.165150e-05
11287.387710 -7.359676e-06 -3.290698e-07 -4.842481e-08 -6.671340e-07 9.312621e-05 6.637762e-04 -3.269333e-05 9.997688e-05
11292.131165 -7.298051e-06 -3.281703e-07 -4.843816e-08 -6.633172e-07 8.896934e-05 6.639339e-04 -2.580503e-05 1.007284e-04
11296.886811 -7.225206e-06 -3.262323e-07 -4.808036e-08 -6.582866e-07 9.092073e-05 6.652981e-04 -2.797048e-05 1.003842e-04
11301.654649 -7.124015e-06 -3.222911e-07 -4.758212e-08 -6.497930e-07 9.600718e-05 6.593775e-04 -2.308431e-05 9.688873e-05
11306.434679 -7.027408e-06 -3.188797e-07 -4.722959e-08 -6.419974e-07 9.238053e-05 6.685192e-04 -1.953016e-05 9.653571e-05
11311.226901 -6.920434e-06 -3.147717e-07 -4.667803e-08 -6.331896e-07 9.128807e-05 6.720055e-04 -2.077158e-05 9.540785e-05
11316.031315 -6.863508e-06 -3.127752e-07 -4.657051e-08 -6.306494e-07 9.347801e-05 6.538853e-04 -2.741597e-05 9.574198e-05
11320.847921 -6.825426e-06 -3.125937e-07 -4.672128e-08 -6.277275e-07 1.030130e-04 6.245366e-04 -3.382245e-05 9.680284e-05
11325.676719 -6.738650e-06 -3.093154e-07 -4.619438e-08 -6.206961e-07 1.016786e-04 6.385341e-04 -3.755830e-05 9.631525e-05
11330.517709 -6.657398e-06 -3.072700e-07 -4.598952e-08 -6.144579e-07 1.008617e-04 6.553405e-04 -3.026247e-05 1.081158e-04
11335.370891 -6.549130e-06 -3.034061e-07 -4.544213e-08 -6.061941e-07 1.067277e-04 6.594744e-04 -3.576700e-05 1.035946e-04
11340.236264 -6.543049e-06 -3.038441e-07 -4.558855e-08 -6.060155e-07 1.040141e-04 6.522315e-04 -2.951188e-05 9.263412e-05
