# Facility.name: NSLS-II
# Facility.mode: Beam available
# Facility.current: 399.6585340497582
# Facility.current: 3 GeV
# Facility.year: 2023
# Facility.cycle: 2
# Facility.GUP: 312970
# Facility.SAF: 311402
# Experimenter.name: Esteban Fornero
# Beamline.name: ISS (8-ID)
# Beamline.x-ray_source: damping wiggler
# Beamline.collimation_mirror1.material: Si
# Beamline.collimation_mirror2.material: Pt
# Beamline.collimation_mirror2.bender_loading: -348.0
# Beamline.focusing: toroidal mirror
# Beamline.focusing.material: Pt
# Beamline.focusing.bender_loading: -419.0
# Beamline.harmonic_rejection: Si
# Mono.scan_mode: Si(111)
# Mono.d_spacing: 3.1354951
# Mono.scan_mode: pseudo-channel cut
# Mono.scan_type: fly_scan
# Mono.trajectory_name: 0f397ba2-1519.txt
# Mono.direction: None
# Mono.angle_offset: 0.69366577
# Mono.angle_offset: 39.744 deg
# Mono.encoder_resolution: 48.0 nrad
# Detector.I0: ion chamber
# Detector.I1: ion chamber
# Detector.I2: ion chamber
# Detector.IF: PIPS
# Detector.I0.length: 15 cm
# Detector.I1.length: 28 cm
# Detector.I2.length: 15 cm
# Detector.IF.thickness: 300 um
# Detector.I0.gas.N2: 38.0%
# Detector.I1.gas.N2: 38.0%
# Detector.I2.gas.N2: 38.0%
# Detector.I0.gas.He: 62.0%
# Detector.I1.gas.He: 62.0%
# Detector.I2.gas.He: 62.0%
# Detector.I0.voltage: -1649.998413
# Detector.I1.voltage: -1649.999512
# Detector.I2.voltage: -1650.001953
# Detector.I0.gain: 4
# Detector.I1.gain: 6
# Detector.I2.gain: 6
# Detector.IF.gain: 6
# Detector.aux: {}
# Element.symbol: Ga
# Element.edge: K
# Element.line: None
# Scan.transient_id: 371080
# Scan.uid: 3c5fe9c4-0800-4340-b4b6-ba5e90af7f2d
# Scan.edge_energy: 10367.0
# Scan.start_time: 06/23/2023  06:02:26.079919
# Scan.end_time: 06/23/2023  06:02:59.569618
# Scan.name: CuGaO2-4th PP+O2-ramp (pos 001) Ga-K 0001
# Scan.comment: 
# Sample.name: CuGaO2-4th
# Sample.comment: 
# Sample.position.x: -66.4779948865
# Sample.position.y: 30.524046843
# Sample.position.z: -10.184937499999995
# Sample.position.theta: 845.5790000000001
# SampleHeater.temperature1.setpoint: 300.0
# SampleHeater.temperature1.readback: 1372.0
# SampleHeater.current.setpoint: 0.0
# SampleHeater.current.readback: 0.0
# SampleHeater.temperature2.setpoint: 368.76308834552765
# SampleHeater.temperature2.readback: 369.3
# SampleHeater.voltage.setpoint: 0.8036290155829854
# SampleHeater.voltage.readback: 0.796
# SampleHeater.PID.P: 0.025
# SampleHeater.PID.I: 0.07
# SampleHeater.PID.D: 0.0
# SampleGasCart.MFC.CH4.setpoint: 3.0
# SampleGasCart.MFC.CH4.readback: 2.998
# SampleGasCart.MFC.CO.setpoint: 0.0
# SampleGasCart.MFC.CO.readback: 0.0
# SampleGasCart.MFC.H2.setpoint: 0.0
# SampleGasCart.MFC.H2.readback: 0.0
# SampleGasCart.MFC.exhaust.setpoint: 100.0
# SampleGasCart.MFC.exhaust.readback: 10.700000000000001
# SampleGasHandlingSystem.gas_a.name: None
# SampleGasHandlingSystem.gas_b.name: None
# SampleGasHandlingSystem.gas_c.name: None
# SampleGasHandlingSystem.gas_d.name: None
# SampleGasHandlingSystem.gas_e.name: He
# SampleGasHandlingSystem.MFC1.setpoint: 7.0
# SampleGasHandlingSystem.MFC1.readback: 6.998697757720947
# SampleGasHandlingSystem.MFC2.setpoint: 0.0
# SampleGasHandlingSystem.MFC2.readback: -0.06103515625
# SampleGasHandlingSystem.MFC3.setpoint: 0.0
# SampleGasHandlingSystem.MFC3.readback: 0.02034505270421505
# SampleGasHandlingSystem.MFC4.setpoint: 0.0
# SampleGasHandlingSystem.MFC4.readback: -0.0528971366584301
# SampleGasHandlingSystem.MFC5.setpoint: 0.0
# SampleGasHandlingSystem.MFC5.readback: -0.008138020522892475
# SampleGasHandlingSystem.MFC6.setpoint: 1.5
# SampleGasHandlingSystem.MFC6.readback: 1.50146484375
# SampleGasHandlingSystem.MFC7.setpoint: 0.0
# SampleGasHandlingSystem.MFC7.readback: -0.0406901054084301
# SampleGasHandlingSystem.MFC8.setpoint: 0.0
# SampleGasHandlingSystem.MFC8.readback: -0.0813802108168602
# SampleGasHandlingSystem.MFC9.setpoint: 0.0
# SampleGasHandlingSystem.MFC9.readback: -0.0651041641831398
# SampleGasHandlingSystem.MFC10.setpoint: 0.0
# SampleGasHandlingSystem.MFC10.readback: 0.01220703125
# SampleGasHandlingSystem.MFC11.setpoint: 0.0
# SampleGasHandlingSystem.MFC11.readback: -0.1017252579331398
# SampleGasHandlingSystem.MFC12.setpoint: 0.0
# SampleGasHandlingSystem.MFC12.readback: -0.0528971366584301
# SampleGasHandlingSystem.MFC13.setpoint: 0.0
# SampleGasHandlingSystem.MFC13.readback: -0.0569661445915699
# SampleGasHandlingSystem.MFC14.setpoint: 0.0
# SampleGasHandlingSystem.MFC14.readback: -0.0691731795668602
# SampleGasHandlingSystem.MFC15.setpoint: 0.0
# SampleGasHandlingSystem.MFC15.readback: -0.10986328125
# SampleGasHandlingSystem.MFC16.setpoint: 0.0
# SampleGasHandlingSystem.MFC16.readback: -0.0406901054084301
# SampleGasHandlingSystem.RGA.ch1.mass: 2
# SampleGasHandlingSystem.RGA.ch1.readback: 1.07594e-06
# SampleGasHandlingSystem.RGA.ch2.mass: 4
# SampleGasHandlingSystem.RGA.ch2.readback: 0.0
# SampleGasHandlingSystem.RGA.ch3.mass: 5
# SampleGasHandlingSystem.RGA.ch3.readback: 7.81276e-12
# SampleGasHandlingSystem.RGA.ch4.mass: 5
# SampleGasHandlingSystem.RGA.ch4.readback: 4.78717e-10
# SampleGasHandlingSystem.RGA.ch5.mass: 18
# SampleGasHandlingSystem.RGA.ch5.readback: 2.18695e-09
# SampleGasHandlingSystem.RGA.ch6.mass: 28
# SampleGasHandlingSystem.RGA.ch6.readback: 1.4534e-08
# SampleGasHandlingSystem.RGA.ch7.mass: 32
# SampleGasHandlingSystem.RGA.ch7.readback: 3.07315e-09
# SampleGasHandlingSystem.RGA.ch8.mass: 41
# SampleGasHandlingSystem.RGA.ch8.readback: 1.11477e-11
# SampleGasHandlingSystem.RGA.ch9.mass: 44
# SampleGasHandlingSystem.RGA.ch9.readback: 2.07863e-10
# energy  i0  it  ir  iff  aux1  aux2  aux3  aux4
10167.000000 -2.952793e-05 -6.541091e-07 -1.886355e-07 -1.006551e-06 3.055584e-05 -3.857873e-04 -5.073089e-05 6.533391e-05
10172.000000 -2.945338e-05 -6.517545e-07 -1.869610e-07 -1.006830e-06 3.054332e-05 -3.711744e-04 -4.643413e-05 6.978977e-05
10177.000000 -2.935642e-05 -6.517125e-07 -1.852222e-07 -1.004494e-06 2.872974e-05 -3.625180e-04 -5.335246e-05 6.627599e-05
10182.000000 -2.928333e-05 -6.523533e-07 -1.818029e-07 -1.004572e-06 1.891565e-05 -3.660010e-04 -4.402438e-05 4.935583e-05
10187.000000 -2.926795e-05 -6.528512e-07 -1.754587e-07 -1.006331e-06 1.638665e-05 -3.772790e-04 -4.115677e-05 4.809730e-05
10192.000000 -2.937481e-05 -6.566124e-07 -1.607379e-07 -1.014062e-06 4.648468e-06 -3.756045e-04 -4.066316e-05 5.185163e-05
10197.000000 -2.935355e-05 -6.596786e-07 -1.176056e-07 -1.015371e-06 1.898541e-06 -3.947925e-04 -4.478432e-05 5.716145e-05
10202.000000 -2.932813e-05 -6.614781e-07 -3.680251e-08 -1.017233e-06 -1.329370e-06 -3.844382e-04 -5.801546e-05 5.349563e-05
10207.000000 -2.931193e-05 -6.632879e-07 -1.595502e-08 -1.019421e-06 9.596371e-06 -3.768796e-04 -5.634693e-05 5.563007e-05
10212.000000 -2.923435e-05 -6.637388e-07 -3.272786e-08 -1.018287e-06 1.720464e-05 -3.718950e-04 -5.022580e-05 5.316793e-05
10217.000000 -2.910319e-05 -6.640805e-07 -4.210229e-08 -1.014496e-06 1.575485e-05 -3.771876e-04 -3.908545e-05 5.563615e-05
10222.000000 -2.916356e-05 -6.659148e-07 -4.946603e-08 -1.020893e-06 1.857497e-05 -3.942543e-04 -4.417933e-05 5.743702e-05
10227.000000 -2.913692e-05 -6.673386e-07 -5.446471e-08 -1.023015e-06 2.456541e-05 -3.864555e-04 -5.018928e-05 6.019104e-05
10232.000000 -2.904798e-05 -6.679677e-07 -5.639445e-08 -1.021873e-06 3.060199e-05 -3.940207e-04 -4.428035e-05 6.185891e-05
10237.000000 -2.902406e-05 -6.701433e-07 -5.767638e-08 -1.023269e-06 2.912267e-05 -4.127201e-04 -4.258961e-05 6.149682e-05
10242.000000 -2.902226e-05 -6.720805e-07 -5.870988e-08 -1.026809e-06 2.313640e-05 -4.303134e-04 -3.554029e-05 5.703551e-05
10247.000000 -2.898220e-05 -6.741241e-07 -6.158388e-08 -1.028735e-06 2.694188e-05 -4.435445e-04 -3.471238e-05 6.042292e-05
10252.000000 -2.888350e-05 -6.766936e-07 -6.133248e-08 -1.026530e-06 2.592841e-05 -4.210737e-04 -3.565066e-05 6.018591e-05
10257.000000 -2.888617e-05 -6.780466e-07 -5.912621e-08 -1.030091e-06 2.786641e-05 -4.048091e-04 -4.652592e-05 6.500953e-05
10262.000000 -2.877613e-05 -6.787844e-07 -5.877155e-08 -1.028029e-06 2.796811e-05 -3.932775e-04 -5.546312e-05 6.676575e-05
10267.000000 -2.882078e-05 -6.832375e-07 -6.015844e-08 -1.032646e-06 3.419322e-05 -3.993703e-04 -5.624576e-05 6.879451e-05
10272.000000 -2.879961e-05 -6.857900e-07 -6.077825e-08 -1.035019e-06 3.395434e-05 -4.429197e-04 -4.961983e-05 6.677555e-05
10277.000000 -2.877844e-05 -6.882423e-07 -6.044204e-08 -1.037762e-06 2.707886e-05 -4.685054e-04 -5.030377e-05 5.375639e-05
10282.000000 -2.866950e-05 -6.885261e-07 -5.950464e-08 -1.037197e-06 2.877993e-05 -4.611645e-04 -5.319601e-05 5.668083e-05
10287.000000 -2.867376e-05 -6.918445e-07 -6.027521e-08 -1.039462e-06 3.244127e-05 -4.576984e-04 -5.326784e-05 6.527508e-05
10292.000000 -2.869054e-05 -6.944390e-07 -6.209073e-08 -1.043573e-06 2.807649e-05 -4.351635e-04 -4.769829e-05 7.222429e-05
10297.000000 -2.865402e-05 -6.963683e-07 -6.306224e-08 -1.044518e-06 2.444604e-05 -4.215947e-04 -3.764287e-05 6.254237e-05
10302.000000 -2.863471e-05 -6.995947e-07 -6.330619e-08 -1.045747e-06 2.792654e-05 -4.080315e-04 -4.884869e-05 6.280769e-05
10307.000000 -2.854207e-05 -7.027905e-07 -6.346418e-08 -1.043600e-06 2.962465e-05 -3.863695e-04 -5.462706e-05 6.347196e-05
10312.000000 -2.850267e-05 -7.071960e-07 -6.374225e-08 -1.044771e-06 2.647323e-05 -3.924204e-04 -6.038546e-05 6.142033e-05
10317.000000 -2.849143e-05 -7.102081e-07 -6.352295e-08 -1.047868e-06 2.743404e-05 -4.077618e-04 -6.336422e-05 5.385117e-05
10322.000000 -2.854517e-05 -7.127035e-07 -6.308981e-08 -1.054935e-06 3.080406e-05 -4.102123e-04 -6.105052e-05 5.838339e-05
10327.000000 -2.848508e-05 -7.147737e-07 -6.278541e-08 -1.056254e-06 3.569092e-05 -4.075007e-04 -4.975259e-05 6.611212e-05
10332.000000 -2.829981e-05 -7.143037e-07 -6.215110e-08 -1.052708e-06 3.974696e-05 -4.392057e-04 -4.379935e-05 6.312674e-05
10337.000000 -2.843998e-05 -7.197632e-07 -6.233867e-08 -1.062913e-06 4.082385e-05 -4.565878e-04 -5.199334e-05 5.979356e-05
10341.000000 -2.844172e-05 -7.227520e-07 -6.297055e-08 -1.067244e-06 3.717596e-05 -4.828338e-04 -5.166462e-05 6.014614e-05
10344.000000 -2.841450e-05 -7.245120e-07 -6.383601e-08 -1.069980e-06 2.921312e-05 -4.796296e-04 -6.062754e-05 5.517251e-05
10346.000000 -2.829679e-05 -7.230713e-07 -6.440499e-08 -1.066759e-06 2.197247e-05 -4.454425e-04 -7.715178e-05 4.508826e-05
10347.000000 -2.819087e-05 -7.202618e-07 -6.473933e-08 -1.062718e-06 2.634545e-05 -4.194110e-04 -6.817140e-05 3.741492e-05
10347.200000 -2.820927e-05 -7.194705e-07 -6.480475e-08 -1.064171e-06 2.851391e-05 -4.261732e-04 -5.544179e-05 3.346976e-05
10347.400000 -2.821510e-05 -7.215773e-07 -6.502601e-08 -1.064025e-06 2.980008e-05 -4.069754e-04 -5.703438e-05 3.870377e-05
10347.600000 -2.822966e-05 -7.241962e-07 -6.555489e-08 -1.065234e-06 1.928896e-05 -4.002400e-04 -6.268343e-05 4.166603e-05
10347.800000 -2.827910e-05 -7.259684e-07 -6.578345e-08 -1.067714e-06 2.763705e-05 -4.137044e-04 -6.256035e-05 5.435555e-05
10348.000000 -2.831365e-05 -7.248838e-07 -6.571794e-08 -1.070258e-06 2.813687e-05 -4.154698e-04 -6.745488e-05 5.799312e-05
10348.200000 -2.830496e-05 -7.241027e-07 -6.568322e-08 -1.070708e-06 2.237450e-05 -4.236758e-04 -6.312371e-05 5.371299e-05
10348.400000 -2.830977e-05 -7.225740e-07 -6.528944e-08 -1.071312e-06 2.941605e-05 -4.132290e-04 -5.987165e-05 4.633805e-05
10348.600000 -2.834537e-05 -7.255973e-07 -6.548794e-08 -1.072705e-06 2.687215e-05 -4.140483e-04 -6.010651e-05 3.929434e-05
10348.800000 -2.834726e-05 -7.250107e-07 -6.557998e-08 -1.073660e-06 2.144749e-05 -4.095082e-04 -5.699989e-05 4.148269e-05
10349.000000 -2.835366e-05 -7.275515e-07 -6.609203e-08 -1.074036e-06 2.554706e-05 -4.371592e-04 -6.232374e-05 3.870619e-05
10349.200000 -2.837576e-05 -7.272594e-07 -6.598829e-08 -1.075327e-06 3.176287e-05 -4.483657e-04 -5.364629e-05 3.238186e-05
10349.400000 -2.837858e-05 -7.262559e-07 -6.594457e-08 -1.075581e-06 1.952168e-05 -4.688189e-04 -5.229583e-05 3.263758e-05
10349.600000 -2.837935e-05 -7.256492e-07 -6.598216e-08 -1.076172e-06 2.337319e-05 -4.571273e-04 -6.258176e-05 2.926864e-05
10349.800000 -2.836183e-05 -7.260927e-07 -6.597696e-08 -1.075497e-06 3.137793e-05 -4.473001e-04 -6.053704e-05 2.365546e-05
10350.000000 -2.833062e-05 -7.245165e-07 -6.569904e-08 -1.074494e-06 2.423912e-05 -4.396450e-04 -6.385260e-05 3.019175e-05
10350.200000 -2.834965e-05 -7.277271e-07 -6.607074e-08 -1.074769e-06 2.995641e-05 -4.468373e-04 -5.812021e-05 3.592237e-05
10350.400000 -2.833791e-05 -7.261260e-07 -6.615560e-08 -1.074720e-06 3.217158e-05 -4.567097e-04 -5.482315e-05 3.483441e-05
10350.600000 -2.837078e-05 -7.265958e-07 -6.638227e-08 -1.076842e-06 3.148443e-05 -4.553097e-04 -5.775014e-05 2.940628e-05
10350.800000 -2.834623e-05 -7.265365e-07 -6.658030e-08 -1.075762e-06 3.686296e-05 -4.491919e-04 -6.053667e-05 2.932839e-05
10351.000000 -2.835025e-05 -7.257814e-07 -6.635772e-08 -1.076594e-06 3.476367e-05 -4.332179e-04 -6.130552e-05 3.302908e-05
10351.200000 -2.833533e-05 -7.246043e-07 -6.655962e-08 -1.076828e-06 3.529544e-05 -4.469793e-04 -5.331729e-05 3.739499e-05
10351.400000 -2.837897e-05 -7.287805e-07 -6.687641e-08 -1.077891e-06 3.230165e-05 -4.476993e-04 -5.539911e-05 3.901230e-05
10351.600000 -2.832030e-05 -7.258986e-07 -6.683291e-08 -1.075946e-06 2.995644e-05 -4.548201e-04 -6.378910e-05 4.039028e-05
10351.800000 -2.834690e-05 -7.271355e-07 -6.686689e-08 -1.078186e-06 3.371861e-05 -4.676066e-04 -5.211593e-05 4.482639e-05
10352.000000 -2.835245e-05 -7.283373e-07 -6.703257e-08 -1.078565e-06 3.567057e-05 -4.588554e-04 -5.700205e-05 3.448696e-05
10352.200000 -2.833708e-05 -7.272484e-07 -6.701184e-08 -1.077802e-06 3.295186e-05 -4.231307e-04 -5.821893e-05 3.981499e-05
10352.400000 -2.830506e-05 -7.250426e-07 -6.683447e-08 -1.076669e-06 3.437463e-05 -4.332290e-04 -5.671041e-05 3.929701e-05
10352.600000 -2.830510e-05 -7.269209e-07 -6.689247e-08 -1.076336e-06 3.420513e-05 -4.437102e-04 -5.896045e-05 4.611060e-05
10352.800000 -2.829342e-05 -7.264036e-07 -6.684161e-08 -1.075919e-06 3.421331e-05 -4.537493e-04 -7.485990e-05 4.052487e-05
10353.000000 -2.831018e-05 -7.268304e-07 -6.708311e-08 -1.077455e-06 3.285326e-05 -4.592199e-04 -6.345917e-05 4.509828e-05
10353.200000 -2.833727e-05 -7.286696e-07 -6.715739e-08 -1.079368e-06 2.411534e-05 -4.730591e-04 -5.450982e-05 4.391984e-05
10353.400000 -2.834394e-05 -7.258398e-07 -6.688835e-08 -1.080890e-06 2.363887e-05 -4.531226e-04 -6.006537e-05 3.866403e-05
10353.600000 -2.834368e-05 -7.279658e-07 -6.703350e-08 -1.081503e-06 2.934647e-05 -4.704036e-04 -6.145218e-05 4.727813e-05
10353.800000 -2.832979e-05 -7.269178e-07 -6.702908e-08 -1.081412e-06 2.010321e-05 -4.443301e-04 -6.629358e-05 5.114294e-05
10354.000000 -2.834013e-05 -7.285715e-07 -6.714314e-08 -1.082180e-06 9.963018e-06 -4.647733e-04 -6.300818e-05 4.339320e-05
10354.200000 -2.828504e-05 -7.259438e-07 -6.677749e-08 -1.079297e-06 1.874262e-05 -4.893036e-04 -5.753208e-05 3.665871e-05
10354.400000 -2.824977e-05 -7.241432e-07 -6.676361e-08 -1.077982e-06 2.099879e-05 -4.862464e-04 -5.684797e-05 3.646096e-05
10354.600000 -2.825197e-05 -7.258454e-07 -6.692632e-08 -1.078844e-06 1.885282e-05 -4.466207e-04 -4.566757e-05 3.487554e-05
10354.800000 -2.825704e-05 -7.258963e-07 -6.698983e-08 -1.080237e-06 2.248246e-05 -4.577895e-04 -5.512222e-05 3.902793e-05
10355.000000 -2.828845e-05 -7.266653e-07 -6.703234e-08 -1.082621e-06 2.296020e-05 -4.746128e-04 -6.641585e-05 4.108466e-05
10355.200000 -2.830703e-05 -7.261579e-07 -6.701672e-08 -1.084285e-06 2.869015e-05 -4.884844e-04 -5.429680e-05 5.099759e-05
10355.400000 -2.829352e-05 -7.265432e-07 -6.705417e-08 -1.083775e-06 2.536822e-05 -5.013195e-04 -6.519956e-05 4.826617e-05
10355.600000 -2.826135e-05 -7.256220e-07 -6.715477e-08 -1.082697e-06 2.375475e-05 -4.896871e-04 -5.262310e-05 4.524071e-05
10355.800000 -2.824694e-05 -7.261948e-07 -6.724642e-08 -1.081911e-06 2.931270e-05 -4.999813e-04 -4.315793e-05 4.373374e-05
10356.000000 -2.822321e-05 -7.255628e-07 -6.724034e-08 -1.081554e-06 2.738699e-05 -4.984258e-04 -6.029886e-05 4.161209e-05
10356.200000 -2.822569e-05 -7.224280e-07 -6.679432e-08 -1.082868e-06 3.338588e-05 -5.074773e-04 -5.846498e-05 5.322510e-05
10356.400000 -2.826781e-05 -7.260239e-07 -6.723116e-08 -1.085576e-06 2.317585e-05 -4.923229e-04 -6.110927e-05 4.243893e-05
10356.600000 -2.829717e-05 -7.262228e-07 -6.717826e-08 -1.087576e-06 2.176216e-05 -4.794817e-04 -6.230815e-05 4.292136e-05
10356.800000 -2.829365e-05 -7.259796e-07 -6.734786e-08 -1.087801e-06 3.040638e-05 -4.770919e-04 -7.133846e-05 4.824982e-05
10357.000000 -2.826460e-05 -7.247548e-07 -6.738973e-08 -1.086800e-06 3.379701e-05 -4.650333e-04 -6.534656e-05 4.407500e-05
10357.200000 -2.823880e-05 -7.263499e-07 -6.751752e-08 -1.085988e-06 2.635755e-05 -4.853213e-04 -7.034156e-05 3.991959e-05
10357.400000 -2.819755e-05 -7.250904e-07 -6.727085e-08 -1.085147e-06 1.618493e-05 -4.633576e-04 -6.762422e-05 3.993508e-05
10357.600000 -2.824967e-05 -7.257305e-07 -6.716531e-08 -1.088591e-06 1.319604e-05 -4.693788e-04 -7.927855e-05 3.736895e-05
10357.800000 -2.827028e-05 -7.249079e-07 -6.713096e-08 -1.090585e-06 1.178138e-05 -4.655672e-04 -8.258541e-05 3.401563e-05
10358.000000 -2.826219e-05 -7.257180e-07 -6.715223e-08 -1.090802e-06 1.444157e-05 -4.467652e-04 -7.389658e-05 3.285490e-05
10358.200000 -2.821397e-05 -7.238193e-07 -6.711872e-08 -1.089043e-06 2.771319e-05 -4.455761e-04 -6.335046e-05 4.848669e-05
10358.400000 -2.820990e-05 -7.248252e-07 -6.732996e-08 -1.088785e-06 3.241799e-05 -4.437003e-04 -6.085312e-05 4.569734e-05
10358.600000 -2.819902e-05 -7.235316e-07 -6.734976e-08 -1.089487e-06 1.834119e-05 -4.307569e-04 -6.370570e-05 4.986474e-05
10358.800000 -2.815822e-05 -7.229348e-07 -6.711675e-08 -1.088564e-06 1.503787e-05 -4.438177e-04 -5.888980e-05 4.764784e-05
10359.000000 -2.818614e-05 -7.244231e-07 -6.709727e-08 -1.090940e-06 2.548399e-05 -4.594719e-04 -6.438801e-05 4.602351e-05
10359.200000 -2.818975e-05 -7.239348e-07 -6.700240e-08 -1.092013e-06 2.858832e-05 -4.403856e-04 -6.057631e-05 3.909678e-05
10359.400000 -2.821614e-05 -7.249107e-07 -6.706139e-08 -1.093859e-06 2.816961e-05 -4.223468e-04 -5.320551e-05 4.320133e-05
10359.600000 -2.821771e-05 -7.239462e-07 -6.681104e-08 -1.095415e-06 1.908095e-05 -4.100439e-04 -5.391003e-05 5.209390e-05
10359.800000 -2.822540e-05 -7.232776e-07 -6.689780e-08 -1.096745e-06 2.383348e-05 -4.102884e-04 -4.874077e-05 5.918741e-05
10360.000000 -2.822139e-05 -7.250706e-07 -6.707178e-08 -1.097224e-06 1.977081e-05 -4.432218e-04 -5.399500e-05 4.859214e-05
10360.200000 -2.821976e-05 -7.233137e-07 -6.711350e-08 -1.097717e-06 3.148245e-05 -4.388827e-04 -4.781591e-05 5.004415e-05
10360.400000 -2.821025e-05 -7.235267e-07 -6.713368e-08 -1.098598e-06 3.711801e-05 -4.321037e-04 -4.557452e-05 5.037306e-05
10360.600000 -2.820749e-05 -7.240640e-07 -6.728333e-08 -1.099491e-06 2.789976e-05 -4.311168e-04 -6.345453e-05 4.391145e-05
10360.800000 -2.823240e-05 -7.232551e-07 -6.693752e-08 -1.101948e-06 2.797550e-05 -4.399750e-04 -6.889282e-05 4.365645e-05
10361.000000 -2.823571e-05 -7.246469e-07 -6.712416e-08 -1.103727e-06 2.718960e-05 -4.310682e-04 -6.126392e-05 5.185508e-05
10361.200000 -2.821844e-05 -7.229584e-07 -6.707521e-08 -1.103987e-06 3.428564e-05 -4.511976e-04 -7.433752e-05 5.194708e-05
10361.400000 -2.823374e-05 -7.238268e-07 -6.722054e-08 -1.105549e-06 4.475675e-05 -4.541897e-04 -7.043774e-05 6.046873e-05
10361.600000 -2.821527e-05 -7.236872e-07 -6.718191e-08 -1.106110e-06 4.175699e-05 -4.633817e-04 -7.515949e-05 6.187751e-05
10361.800000 -2.821662e-05 -7.220906e-07 -6.707608e-08 -1.107957e-06 4.233788e-05 -4.196605e-04 -6.530498e-05 6.406372e-05
10362.000000 -2.822196e-05 -7.237699e-07 -6.732071e-08 -1.109733e-06 4.740313e-05 -4.090404e-04 -6.282355e-05 5.261768e-05
10362.200000 -2.819001e-05 -7.230596e-07 -6.723456e-08 -1.109327e-06 4.242676e-05 -3.894437e-04 -6.390215e-05 5.101613e-05
10362.400000 -2.813709e-05 -7.209410e-07 -6.715950e-08 -1.107581e-06 4.455484e-05 -4.003729e-04 -8.073489e-05 5.840176e-05
10362.600000 -2.813982e-05 -7.214019e-07 -6.713908e-08 -1.109434e-06 3.826276e-05 -3.960141e-04 -7.327253e-05 5.372171e-05
10362.800000 -2.810385e-05 -7.224040e-07 -6.731197e-08 -1.109255e-06 4.225222e-05 -3.957394e-04 -8.076238e-05 5.020729e-05
10363.000000 -2.797595e-05 -7.188366e-07 -6.696794e-08 -1.103661e-06 4.827808e-05 -3.921262e-04 -7.635131e-05 5.574378e-05
10363.200000 -2.802854e-05 -7.175492e-07 -6.685935e-08 -1.108906e-06 3.939352e-05 -3.758299e-04 -7.876384e-05 5.997696e-05
10363.400000 -2.809875e-05 -7.201501e-07 -6.683509e-08 -1.114413e-06 3.480475e-05 -3.928664e-04 -7.711831e-05 5.929150e-05
10363.600000 -2.805240e-05 -7.153475e-07 -6.632853e-08 -1.114806e-06 3.934205e-05 -3.987080e-04 -8.681969e-05 4.952718e-05
10363.800000 -2.805236e-05 -7.182470e-07 -6.669144e-08 -1.116391e-06 3.846598e-05 -3.902541e-04 -8.025586e-05 5.878778e-05
10364.000000 -2.806745e-05 -7.167299e-07 -6.637083e-08 -1.119810e-06 3.540731e-05 -4.027685e-04 -7.412756e-05 6.752954e-05
10364.200000 -2.809973e-05 -7.186753e-07 -6.649779e-08 -1.123591e-06 3.883619e-05 -4.336189e-04 -8.258144e-05 5.689267e-05
10364.400000 -2.807914e-05 -7.176655e-07 -6.635539e-08 -1.124901e-06 3.028137e-05 -4.380124e-04 -6.769995e-05 5.413577e-05
10364.600000 -2.802952e-05 -7.184542e-07 -6.654310e-08 -1.124035e-06 2.814497e-05 -4.198766e-04 -7.008916e-05 5.839343e-05
10364.800000 -2.803112e-05 -7.157451e-07 -6.637953e-08 -1.127078e-06 3.279441e-05 -4.340367e-04 -7.761148e-05 5.858075e-05
10365.000000 -2.803244e-05 -7.148882e-07 -6.626089e-08 -1.130714e-06 3.718083e-05 -4.370634e-04 -7.891851e-05 5.843943e-05
10365.200000 -2.811493e-05 -7.152799e-07 -6.630940e-08 -1.139495e-06 3.600119e-05 -4.193576e-04 -7.359156e-05 5.130171e-05
10365.400000 -2.816703e-05 -7.161139e-07 -6.642021e-08 -1.146272e-06 2.708476e-05 -4.118181e-04 -7.468571e-05 5.548408e-05
10365.600000 -2.812873e-05 -7.147996e-07 -6.638012e-08 -1.147806e-06 2.928675e-05 -4.117937e-04 -7.340650e-05 5.410270e-05
10365.800000 -2.808829e-05 -7.146852e-07 -6.636707e-08 -1.149490e-06 3.739735e-05 -3.872740e-04 -6.255305e-05 6.150974e-05
10366.000000 -2.803139e-05 -7.134739e-07 -6.606582e-08 -1.151170e-06 4.268175e-05 -3.782256e-04 -6.665794e-05 6.426283e-05
10366.200000 -2.802265e-05 -7.128056e-07 -6.594770e-08 -1.155835e-06 3.943149e-05 -3.864325e-04 -6.370865e-05 5.399282e-05
10366.400000 -2.808030e-05 -7.107954e-07 -6.584204e-08 -1.164927e-06 3.127906e-05 -3.648540e-04 -5.664317e-05 5.541850e-05
10366.600000 -2.812380e-05 -7.113350e-07 -6.605466e-08 -1.173710e-06 3.604514e-05 -3.865461e-04 -6.526424e-05 5.016812e-05
10366.800000 -2.812768e-05 -7.101628e-07 -6.604274e-08 -1.180623e-06 4.340069e-05 -3.887643e-04 -6.406468e-05 4.677587e-05
10367.000000 -2.811373e-05 -7.078236e-07 -6.583875e-08 -1.187806e-06 4.358636e-05 -3.879146e-04 -6.026999e-05 4.905168e-05
10367.200000 -2.809565e-05 -7.095862e-07 -6.606107e-08 -1.194138e-06 4.419155e-05 -4.117331e-04 -6.018355e-05 5.453840e-05
10367.400000 -2.789134e-05 -7.082610e-07 -6.603502e-08 -1.189623e-06 4.308571e-05 -4.278042e-04 -8.210768e-05 4.206411e-05
10367.600000 -2.787153e-05 -7.027140e-07 -6.538556e-08 -1.199163e-06 5.316172e-05 -4.223410e-04 -8.027095e-05 3.865780e-05
10367.800000 -2.796403e-05 -6.998592e-07 -6.516424e-08 -1.217348e-06 4.081898e-05 -4.383159e-04 -7.851048e-05 4.694753e-05
10368.000000 -2.802902e-05 -7.022839e-07 -6.527779e-08 -1.235248e-06 4.187334e-05 -4.494427e-04 -7.383679e-05 5.611286e-05
10368.200000 -2.806288e-05 -6.976347e-07 -6.471938e-08 -1.252966e-06 3.492537e-05 -4.340435e-04 -6.620423e-05 5.362656e-05
10368.400000 -2.811665e-05 -6.964055e-07 -6.450736e-08 -1.273476e-06 2.617978e-05 -4.278416e-04 -5.744402e-05 5.318614e-05
10368.600000 -2.809944e-05 -6.933139e-07 -6.407182e-08 -1.291752e-06 2.796737e-05 -4.551381e-04 -7.333003e-05 5.843472e-05
10368.800000 -2.805642e-05 -6.881553e-07 -6.365458e-08 -1.310584e-06 4.271875e-05 -4.479047e-04 -7.745790e-05 4.839771e-05
10369.000000 -2.806953e-05 -6.878482e-07 -6.361006e-08 -1.333615e-06 4.302660e-05 -4.704009e-04 -6.817280e-05 3.219747e-05
10369.200000 -2.796251e-05 -6.809728e-07 -6.307705e-08 -1.352594e-06 3.278328e-05 -4.871078e-04 -6.671508e-05 3.779805e-05
10369.400000 -2.800873e-05 -6.792978e-07 -6.319403e-08 -1.384254e-06 3.594496e-05 -4.832746e-04 -6.344680e-05 4.663311e-05
10369.600000 -2.809680e-05 -6.749334e-07 -6.251568e-08 -1.421467e-06 3.232686e-05 -4.861497e-04 -8.038140e-05 4.473438e-05
10369.800000 -2.813857e-05 -6.713693e-07 -6.205041e-08 -1.458486e-06 3.279857e-05 -4.632037e-04 -7.217701e-05 5.869160e-05
10370.000000 -2.813415e-05 -6.652805e-07 -6.140964e-08 -1.493820e-06 3.960569e-05 -4.631037e-04 -7.589205e-05 5.632633e-05
10370.200000 -2.813389e-05 -6.607462e-07 -6.076233e-08 -1.531359e-06 3.102826e-05 -4.633860e-04 -7.469637e-05 4.456185e-05
10370.400000 -2.807239e-05 -6.531790e-07 -6.033542e-08 -1.567915e-06 2.776811e-05 -4.619848e-04 -7.409168e-05 4.187944e-05
10370.600000 -2.807070e-05 -6.470472e-07 -6.001161e-08 -1.612423e-06 2.743267e-05 -4.474265e-04 -8.183526e-05 5.260505e-05
10370.800000 -2.808585e-05 -6.426493e-07 -5.961399e-08 -1.660446e-06 2.340328e-05 -4.630079e-04 -8.128650e-05 5.583666e-05
10371.000000 -2.807739e-05 -6.337212e-07 -5.871225e-08 -1.712122e-06 3.431540e-05 -4.713607e-04 -7.467623e-05 5.286510e-05
10371.200000 -2.804499e-05 -6.244153e-07 -5.786209e-08 -1.765002e-06 4.075103e-05 -4.759763e-04 -7.683013e-05 4.210036e-05
10371.400000 -2.804584e-05 -6.185093e-07 -5.723454e-08 -1.823532e-06 4.339192e-05 -4.507279e-04 -8.038026e-05 5.133302e-05
10371.600000 -2.805037e-05 -6.114498e-07 -5.636053e-08 -1.886270e-06 4.090657e-05 -4.549523e-04 -7.452538e-05 4.584339e-05
10371.800000 -2.804035e-05 -6.031144e-07 -5.572694e-08 -1.952942e-06 3.514753e-05 -4.512119e-04 -6.924477e-05 3.720751e-05
10372.000000 -2.803460e-05 -5.948389e-07 -5.486080e-08 -2.020865e-06 3.521831e-05 -4.577246e-04 -8.043204e-05 3.738358e-05
10372.200000 -2.801431e-05 -5.862325e-07 -5.409710e-08 -2.090405e-06 3.936594e-05 -4.520965e-04 -7.123698e-05 3.746659e-05
10372.400000 -2.802608e-05 -5.806343e-07 -5.357615e-08 -2.166096e-06 3.961475e-05 -4.391018e-04 -6.789412e-05 3.271141e-05
10372.600000 -2.802769e-05 -5.714868e-07 -5.270523e-08 -2.239003e-06 5.047375e-05 -4.520915e-04 -7.177899e-05 3.897859e-05
10372.800000 -2.803498e-05 -5.633247e-07 -5.156187e-08 -2.311072e-06 4.653299e-05 -4.697861e-04 -7.363416e-05 4.207901e-05
10373.000000 -2.804015e-05 -5.567446e-07 -5.089788e-08 -2.380007e-06 4.404120e-05 -4.741729e-04 -6.538910e-05 4.617617e-05
10373.200000 -2.803570e-05 -5.512253e-07 -5.049928e-08 -2.443144e-06 3.521725e-05 -5.074662e-04 -6.789210e-05 4.730604e-05
10373.400000 -2.802044e-05 -5.440678e-07 -4.961556e-08 -2.499215e-06 2.859047e-05 -5.040614e-04 -7.222872e-05 4.305870e-05
10373.600000 -2.800060e-05 -5.400445e-07 -4.923505e-08 -2.547440e-06 2.631023e-05 -5.042776e-04 -6.809134e-05 4.496779e-05
10373.800000 -2.800849e-05 -5.356974e-07 -4.889702e-08 -2.592767e-06 2.968749e-05 -5.126001e-04 -6.644934e-05 4.298761e-05
10374.000000 -2.803436e-05 -5.308770e-07 -4.845796e-08 -2.634667e-06 3.613441e-05 -4.977037e-04 -5.836568e-05 3.802747e-05
10374.200000 -2.807126e-05 -5.274401e-07 -4.815275e-08 -2.672650e-06 3.900841e-05 -4.888587e-04 -5.714429e-05 4.448418e-05
10374.400000 -2.809893e-05 -5.262207e-07 -4.804675e-08 -2.702412e-06 3.975503e-05 -4.868346e-04 -5.791277e-05 4.625047e-05
10374.600000 -2.810498e-05 -5.218934e-07 -4.779663e-08 -2.726031e-06 3.772275e-05 -4.851283e-04 -4.926093e-05 5.343549e-05
10374.800000 -2.813612e-05 -5.218541e-07 -4.775018e-08 -2.749555e-06 4.201677e-05 -4.782815e-04 -5.489258e-05 4.939231e-05
10375.000000 -2.813631e-05 -5.211953e-07 -4.754627e-08 -2.767364e-06 3.924963e-05 -4.868027e-04 -5.934912e-05 4.844280e-05
10375.200000 -2.812047e-05 -5.202926e-07 -4.742643e-08 -2.779362e-06 2.709700e-05 -4.685593e-04 -6.133095e-05 4.337779e-05
10375.400000 -2.807563e-05 -5.178170e-07 -4.728408e-08 -2.786067e-06 3.053551e-05 -4.679815e-04 -5.209037e-05 4.817758e-05
10375.600000 -2.805416e-05 -5.157598e-07 -4.716553e-08 -2.795036e-06 3.485649e-05 -4.740720e-04 -4.726321e-05 4.862281e-05
10375.800000 -2.812721e-05 -5.174996e-07 -4.739469e-08 -2.817175e-06 3.423399e-05 -4.569591e-04 -6.047350e-05 3.026127e-05
10376.000000 -2.814155e-05 -5.147168e-07 -4.726466e-08 -2.828949e-06 3.573073e-05 -4.577518e-04 -5.574390e-05 3.957251e-05
10376.200000 -2.812448e-05 -5.148148e-07 -4.701776e-08 -2.834286e-06 2.883866e-05 -4.654046e-04 -4.704549e-05 4.541954e-05
10376.400000 -2.813847e-05 -5.143737e-07 -4.698683e-08 -2.841856e-06 3.703680e-05 -4.653287e-04 -4.886081e-05 4.677030e-05
10376.600000 -2.814226e-05 -5.157561e-07 -4.693754e-08 -2.844227e-06 2.648605e-05 -4.593718e-04 -5.722441e-05 4.518660e-05
10376.800000 -2.813275e-05 -5.152082e-07 -4.668587e-08 -2.841897e-06 2.457484e-05 -4.563567e-04 -5.659636e-05 4.209930e-05
10377.000000 -2.812124e-05 -5.135631e-07 -4.638967e-08 -2.836091e-06 3.619383e-05 -4.533171e-04 -6.312218e-05 4.590198e-05
10377.200000 -2.812824e-05 -5.168555e-07 -4.683406e-08 -2.827338e-06 3.089544e-05 -4.592379e-04 -5.774814e-05 4.990409e-05
10377.400000 -2.809785e-05 -5.156691e-07 -4.690706e-08 -2.810985e-06 3.394568e-05 -4.425198e-04 -6.194386e-05 4.686433e-05
10377.600000 -2.805512e-05 -5.191505e-07 -4.722024e-08 -2.788184e-06 3.600422e-05 -4.504069e-04 -6.083496e-05 5.512047e-05
10377.800000 -2.807737e-05 -5.189906e-07 -4.735617e-08 -2.772748e-06 3.849850e-05 -4.381805e-04 -5.459206e-05 5.333355e-05
10378.000000 -2.808645e-05 -5.214136e-07 -4.758629e-08 -2.752194e-06 3.759549e-05 -4.615622e-04 -5.051137e-05 5.975763e-05
10378.200000 -2.805760e-05 -5.251438e-07 -4.785541e-08 -2.722308e-06 3.393755e-05 -4.487498e-04 -5.451179e-05 5.502196e-05
10378.400000 -2.805679e-05 -5.268323e-07 -4.794353e-08 -2.695959e-06 3.986168e-05 -4.554354e-04 -5.637212e-05 5.590833e-05
10378.600000 -2.810507e-05 -5.300857e-07 -4.841655e-08 -2.676362e-06 3.958106e-05 -4.405175e-04 -6.357022e-05 5.044483e-05
10378.800000 -2.811022e-05 -5.325315e-07 -4.847283e-08 -2.648256e-06 4.299635e-05 -4.423069e-04 -6.564900e-05 5.830152e-05
10379.000000 -2.806206e-05 -5.357959e-07 -4.899630e-08 -2.611685e-06 4.276581e-05 -4.309307e-04 -6.333507e-05 5.917723e-05
10379.200000 -2.801372e-05 -5.383024e-07 -4.923194e-08 -2.577242e-06 3.068278e-05 -4.232911e-04 -7.472593e-05 5.409233e-05
10379.400000 -2.799499e-05 -5.408275e-07 -4.930114e-08 -2.544993e-06 3.773290e-05 -3.977669e-04 -6.473929e-05 5.907409e-05
10379.600000 -2.799597e-05 -5.449220e-07 -4.954345e-08 -2.515588e-06 4.881042e-05 -3.980425e-04 -6.134038e-05 4.922765e-05
10379.800000 -2.802763e-05 -5.457344e-07 -4.984787e-08 -2.491160e-06 4.733149e-05 -4.096798e-04 -6.230402e-05 4.600773e-05
10380.000000 -2.797175e-05 -5.506443e-07 -5.041452e-08 -2.452132e-06 4.490381e-05 -4.327450e-04 -6.574018e-05 5.218519e-05
10380.200000 -2.797578e-05 -5.561000e-07 -5.094211e-08 -2.419442e-06 3.750651e-05 -4.262945e-04 -6.862543e-05 5.409288e-05
10380.400000 -2.796291e-05 -5.580358e-07 -5.111424e-08 -2.387243e-06 3.266638e-05 -4.173687e-04 -7.163415e-05 5.384063e-05
10380.600000 -2.798563e-05 -5.603119e-07 -5.138540e-08 -2.359872e-06 3.550005e-05 -4.312866e-04 -6.077646e-05 5.222088e-05
10380.800000 -2.802109e-05 -5.627396e-07 -5.150702e-08 -2.331869e-06 3.779696e-05 -4.162753e-04 -6.474069e-05 4.462792e-05
10381.000000 -2.800964e-05 -5.685081e-07 -5.208269e-08 -2.296435e-06 4.541184e-05 -4.214285e-04 -5.293976e-05 5.805368e-05
10381.200000 -2.799490e-05 -5.701808e-07 -5.236375e-08 -2.263505e-06 4.719360e-05 -4.320549e-04 -6.442806e-05 5.720219e-05
10381.400000 -2.797992e-05 -5.739064e-07 -5.281586e-08 -2.231650e-06 4.857365e-05 -4.220964e-04 -7.495702e-05 4.991007e-05
10381.600000 -2.795434e-05 -5.774961e-07 -5.306391e-08 -2.197229e-06 4.233340e-05 -4.335278e-04 -7.259174e-05 4.912773e-05
10381.800000 -2.790972e-05 -5.806699e-07 -5.331569e-08 -2.162518e-06 4.361401e-05 -4.323896e-04 -7.229061e-05 4.216197e-05
10382.000000 -2.789210e-05 -5.844656e-07 -5.375607e-08 -2.133028e-06 4.141252e-05 -4.417664e-04 -6.338857e-05 4.615245e-05
10382.200000 -2.791991e-05 -5.882781e-07 -5.390700e-08 -2.109495e-06 4.130945e-05 -4.350152e-04 -6.386324e-05 4.508480e-05
10382.400000 -2.797693e-05 -5.921377e-07 -5.428304e-08 -2.092379e-06 3.725662e-05 -4.312094e-04 -6.293126e-05 4.735175e-05
10382.600000 -2.806954e-05 -5.937823e-07 -5.461629e-08 -2.080375e-06 3.738943e-05 -4.100589e-04 -5.936978e-05 4.755985e-05
10382.800000 -2.810040e-05 -5.978950e-07 -5.500126e-08 -2.061865e-06 3.514073e-05 -4.253101e-04 -6.752693e-05 4.819118e-05
10383.000000 -2.808579e-05 -6.006140e-07 -5.511507e-08 -2.039364e-06 3.169253e-05 -4.242234e-04 -5.764959e-05 4.973372e-05
10383.200000 -2.809125e-05 -6.024242e-07 -5.512579e-08 -2.021971e-06 2.945439e-05 -4.147821e-04 -6.388372e-05 5.309102e-05
10383.400000 -2.810316e-05 -6.077256e-07 -5.541821e-08 -2.006121e-06 3.772473e-05 -4.247412e-04 -6.310866e-05 6.083755e-05
10383.600000 -2.808770e-05 -6.058567e-07 -5.535646e-08 -1.989901e-06 4.282663e-05 -4.130307e-04 -6.972322e-05 5.142504e-05
10383.800000 -2.809477e-05 -6.105458e-07 -5.592775e-08 -1.976902e-06 3.941390e-05 -4.257163e-04 -7.123218e-05 5.426843e-05
10384.000000 -2.812761e-05 -6.107225e-07 -5.613489e-08 -1.969585e-06 4.088634e-05 -4.613587e-04 -5.925980e-05 5.487436e-05
10384.200000 -2.813268e-05 -6.123233e-07 -5.627856e-08 -1.959941e-06 4.531201e-05 -4.505525e-04 -6.702389e-05 4.805551e-05
10384.400000 -2.813285e-05 -6.132592e-07 -5.625012e-08 -1.951950e-06 2.838476e-05 -4.457631e-04 -6.478452e-05 4.104365e-05
10384.600000 -2.813478e-05 -6.141680e-07 -5.621821e-08 -1.945110e-06 9.135447e-06 -4.280840e-04 -5.712402e-05 4.592203e-05
10384.800000 -2.813327e-05 -6.163771e-07 -5.641986e-08 -1.938490e-06 2.178328e-05 -4.400591e-04 -5.822318e-05 4.561657e-05
10385.000000 -2.812320e-05 -6.149968e-07 -5.617988e-08 -1.931957e-06 2.236434e-05 -4.354213e-04 -5.902309e-05 5.756947e-05
10385.200000 -2.811862e-05 -6.182165e-07 -5.664071e-08 -1.925080e-06 2.134866e-05 -4.465015e-04 -6.909738e-05 5.583680e-05
10385.400000 -2.809657e-05 -6.182439e-07 -5.663556e-08 -1.919257e-06 2.968635e-05 -4.696404e-04 -5.479466e-05 5.870113e-05
10385.600000 -2.808582e-05 -6.165483e-07 -5.650582e-08 -1.915745e-06 2.490105e-05 -4.400700e-04 -5.195518e-05 5.558452e-05
10385.800000 -2.810471e-05 -6.182107e-07 -5.668439e-08 -1.914350e-06 1.964097e-05 -4.360393e-04 -6.627026e-05 3.901112e-05
10386.000000 -2.809409e-05 -6.188481e-07 -5.691044e-08 -1.910377e-06 2.306118e-05 -4.288312e-04 -5.914426e-05 3.874770e-05
10386.200000 -2.808678e-05 -6.176459e-07 -5.674525e-08 -1.908096e-06 1.838956e-05 -4.263455e-04 -6.752949e-05 4.733977e-05
10386.400000 -2.809738e-05 -6.184388e-07 -5.681217e-08 -1.907405e-06 1.454998e-05 -4.350392e-04 -6.054753e-05 4.292793e-05
10386.600000 -2.808566e-05 -6.174884e-07 -5.674384e-08 -1.906149e-06 1.582145e-05 -4.427308e-04 -6.325152e-05 4.167833e-05
10386.800000 -2.809301e-05 -6.175469e-07 -5.660831e-08 -1.906282e-06 9.377599e-06 -4.464948e-04 -5.410167e-05 5.156759e-05
10387.000000 -2.811249e-05 -6.199866e-07 -5.662917e-08 -1.907330e-06 1.080206e-05 -4.494418e-04 -5.716652e-05 5.354190e-05
10387.200000 -2.805489e-05 -6.171675e-07 -5.629520e-08 -1.902398e-06 1.583362e-05 -4.510468e-04 -6.253027e-05 4.819679e-05
10387.400000 -2.803817e-05 -6.177099e-07 -5.631856e-08 -1.901346e-06 2.507620e-05 -4.361467e-04 -6.280266e-05 4.686904e-05
10387.600000 -2.806105e-05 -6.167710e-07 -5.603954e-08 -1.906422e-06 2.106444e-05 -4.211167e-04 -6.473578e-05 5.184833e-05
10387.800000 -2.805630e-05 -6.185228e-07 -5.606032e-08 -1.907009e-06 2.559106e-05 -4.198275e-04 -5.878208e-05 5.516555e-05
10388.000000 -2.806169e-05 -6.202895e-07 -5.631171e-08 -1.909844e-06 2.807172e-05 -4.306526e-04 -5.004380e-05 5.034256e-05
10388.200000 -2.805754e-05 -6.162983e-07 -5.587394e-08 -1.913735e-06 1.784897e-05 -4.377924e-04 -6.275318e-05 4.172279e-05
10388.400000 -2.804623e-05 -6.174238e-07 -5.587328e-08 -1.914554e-06 1.454652e-05 -4.229076e-04 -6.962621e-05 5.205282e-05
10388.600000 -2.805533e-05 -6.185421e-07 -5.609244e-08 -1.917770e-06 1.634124e-05 -4.289815e-04 -6.010784e-05 4.856733e-05
10388.800000 -2.805800e-05 -6.178300e-07 -5.590833e-08 -1.921649e-06 1.685933e-05 -4.327908e-04 -5.383433e-05 4.473128e-05
10389.000000 -2.799892e-05 -6.142975e-07 -5.554619e-08 -1.919829e-06 1.125555e-05 -4.203377e-04 -5.925405e-05 4.258878e-05
10389.200000 -2.801137e-05 -6.143020e-07 -5.533268e-08 -1.924521e-06 5.384573e-06 -4.276753e-04 -5.946369e-05 5.238173e-05
10389.400000 -2.804313e-05 -6.164093e-07 -5.563025e-08 -1.931752e-06 2.320825e-06 -4.262617e-04 -6.472263e-05 5.791439e-05
10389.600000 -2.802577e-05 -6.143738e-07 -5.563944e-08 -1.934376e-06 6.569934e-06 -4.141257e-04 -7.071004e-05 4.338404e-05
10389.800000 -2.804873e-05 -6.151942e-07 -5.565004e-08 -1.940781e-06 8.827098e-06 -4.225230e-04 -7.007632e-05 3.901775e-05
10390.000000 -2.808117e-05 -6.145658e-07 -5.566567e-08 -1.948252e-06 7.320489e-06 -4.144495e-04 -6.857866e-05 4.149349e-05
10390.200000 -2.808486e-05 -6.134749e-07 -5.538515e-08 -1.953573e-06 1.461354e-05 -3.918338e-04 -6.675712e-05 4.229372e-05
10390.400000 -2.809824e-05 -6.145380e-07 -5.524854e-08 -1.959039e-06 1.745381e-05 -3.806604e-04 -5.523670e-05 3.986039e-05
10390.600000 -2.805603e-05 -6.137366e-07 -5.502240e-08 -1.960548e-06 1.906074e-05 -3.814120e-04 -6.117492e-05 4.000926e-05
10390.800000 -2.801770e-05 -6.125765e-07 -5.494107e-08 -1.960156e-06 2.649603e-05 -3.892906e-04 -5.332218e-05 4.269462e-05
10391.000000 -2.794578e-05 -6.093571e-07 -5.474783e-08 -1.957305e-06 2.610983e-05 -3.867181e-04 -5.099190e-05 4.862902e-05
10391.200000 -2.787046e-05 -6.104640e-07 -5.482496e-08 -1.952585e-06 2.697061e-05 -3.913199e-04 -4.745310e-05 5.179782e-05
10391.400000 -2.787811e-05 -6.059875e-07 -5.450412e-08 -1.958864e-06 2.290514e-05 -3.907877e-04 -5.889416e-05 5.117542e-05
10391.600000 -2.800974e-05 -6.111354e-07 -5.469352e-08 -1.976181e-06 3.087454e-05 -4.039553e-04 -6.306875e-05 4.166211e-05
10391.800000 -2.807942e-05 -6.109429e-07 -5.422918e-08 -1.988662e-06 2.848377e-05 -4.385071e-04 -6.012526e-05 4.705875e-05
10392.000000 -2.806315e-05 -6.107882e-07 -5.409315e-08 -1.989709e-06 2.899561e-05 -4.388129e-04 -6.704845e-05 3.725732e-05
10392.200000 -2.798319e-05 -6.095013e-07 -5.405720e-08 -1.983657e-06 2.950176e-05 -4.231148e-04 -5.706989e-05 3.769769e-05
10392.400000 -2.791944e-05 -6.115375e-07 -5.413403e-08 -1.979100e-06 2.588333e-05 -4.199890e-04 -4.081032e-05 4.602668e-05
10392.600000 -2.784587e-05 -6.038150e-07 -5.340228e-08 -1.976170e-06 2.157529e-05 -4.413939e-04 -4.748430e-05 4.307389e-05
10392.800000 -2.783728e-05 -6.045834e-07 -5.336153e-08 -1.976275e-06 1.933538e-05 -4.272590e-04 -4.069861e-05 4.401955e-05
10393.000000 -2.784569e-05 -6.058843e-07 -5.339278e-08 -1.978485e-06 2.575408e-05 -4.189865e-04 -4.390625e-05 4.166779e-05
10393.200000 -2.774886e-05 -6.035084e-07 -5.337253e-08 -1.969450e-06 2.417922e-05 -4.075235e-04 -4.484235e-05 4.563668e-05
10393.400000 -2.781718e-05 -6.046583e-07 -5.335288e-08 -1.977385e-06 1.563689e-05 -4.116588e-04 -4.848899e-05 3.719236e-05
10393.600000 -2.786575e-05 -6.054135e-07 -5.356015e-08 -1.983662e-06 1.206450e-05 -3.950399e-04 -5.188821e-05 4.591879e-05
10393.800000 -2.793678e-05 -6.089592e-07 -5.381415e-08 -1.990903e-06 1.866678e-05 -4.110720e-04 -5.353647e-05 3.306605e-05
10394.000000 -2.791184e-05 -6.036543e-07 -5.345301e-08 -1.989384e-06 1.923165e-05 -4.285485e-04 -5.035316e-05 3.932718e-05
10394.200000 -2.788603e-05 -6.050315e-07 -5.344826e-08 -1.987662e-06 2.345586e-05 -4.251949e-04 -5.069220e-05 4.248159e-05
10394.400000 -2.792583e-05 -6.067857e-07 -5.351570e-08 -1.990494e-06 1.887584e-05 -4.241465e-04 -5.342001e-05 4.373471e-05
10394.600000 -2.795296e-05 -6.065225e-07 -5.326530e-08 -1.994157e-06 1.662651e-05 -3.962430e-04 -6.168185e-05 4.672209e-05
10394.800000 -2.797814e-05 -6.078881e-07 -5.320908e-08 -1.996142e-06 1.911478e-05 -3.935000e-04 -5.380774e-05 5.312159e-05
10395.000000 -2.794891e-05 -6.072782e-07 -5.308269e-08 -1.991452e-06 3.268592e-05 -4.305227e-04 -5.924781e-05 5.747259e-05
10395.200000 -2.793939e-05 -6.072138e-07 -5.291833e-08 -1.990258e-06 2.827435e-05 -4.032089e-04 -5.519064e-05 5.709906e-05
10395.400000 -2.799302e-05 -6.076979e-07 -5.287275e-08 -1.994406e-06 2.099733e-05 -4.456970e-04 -6.300435e-05 4.475350e-05
10395.600000 -2.802378e-05 -6.091016e-07 -5.294157e-08 -1.995530e-06 2.346092e-05 -4.227280e-04 -5.924580e-05 5.144964e-05
10395.800000 -2.801444e-05 -6.091608e-07 -5.272031e-08 -1.991966e-06 2.173137e-05 -4.127764e-04 -5.536207e-05 5.047381e-05
10396.000000 -2.800000e-05 -6.096945e-07 -5.285221e-08 -1.987757e-06 1.964794e-05 -4.250040e-04 -6.806517e-05 4.118178e-05
10396.200000 -2.796482e-05 -6.109294e-07 -5.308900e-08 -1.980189e-06 1.882994e-05 -4.273560e-04 -6.142541e-05 4.377323e-05
10396.400000 -2.796313e-05 -6.110327e-07 -5.306137e-08 -1.976955e-06 1.722266e-05 -4.352548e-04 -6.467128e-05 5.032372e-05
10396.600000 -2.800835e-05 -6.124389e-07 -5.300966e-08 -1.976683e-06 1.374479e-05 -4.278522e-04 -5.645042e-05 5.578533e-05
10396.800000 -2.798863e-05 -6.130156e-07 -5.302515e-08 -1.970101e-06 4.675411e-06 -4.198072e-04 -5.767083e-05 4.964723e-05
10397.000000 -2.800214e-05 -6.122902e-07 -5.295827e-08 -1.966735e-06 1.885960e-05 -4.130572e-04 -5.424561e-05 5.473120e-05
10397.227860 -2.801767e-05 -6.149234e-07 -5.304912e-08 -1.962516e-06 3.634575e-05 -4.252776e-04 -5.141679e-05 5.720737e-05
10397.483581 -2.799663e-05 -6.153560e-07 -5.323544e-08 -1.952819e-06 3.796430e-05 -4.394550e-04 -5.415343e-05 5.517050e-05
10397.767162 -2.800817e-05 -6.168602e-07 -5.328943e-08 -1.945193e-06 3.691517e-05 -4.457972e-04 -5.136585e-05 5.491357e-05
10398.078604 -2.799170e-05 -6.196346e-07 -5.326598e-08 -1.933293e-06 3.789272e-05 -4.468055e-04 -5.805399e-05 4.321660e-05
10398.417905 -2.797550e-05 -6.197580e-07 -5.306874e-08 -1.921174e-06 3.351867e-05 -4.074352e-04 -6.873779e-05 4.711111e-05
10398.785067 -2.794557e-05 -6.215586e-07 -5.302841e-08 -1.905874e-06 2.208384e-05 -3.954074e-04 -6.655285e-05 4.394145e-05
10399.180090 -2.798226e-05 -6.237984e-07 -5.335832e-08 -1.897286e-06 2.069567e-05 -4.130886e-04 -5.638040e-05 4.127609e-05
10399.602973 -2.802295e-05 -6.269607e-07 -5.364366e-08 -1.887790e-06 3.224265e-05 -4.322071e-04 -5.735331e-05 4.693307e-05
10400.053716 -2.802052e-05 -6.284579e-07 -5.371754e-08 -1.873859e-06 4.283848e-05 -4.234506e-04 -4.931819e-05 5.370213e-05
10400.532319 -2.802921e-05 -6.301349e-07 -5.400723e-08 -1.860661e-06 3.651644e-05 -4.243041e-04 -4.967561e-05 5.062343e-05
10401.038783 -2.802412e-05 -6.324178e-07 -5.412651e-08 -1.846639e-06 4.470761e-05 -4.385211e-04 -4.421229e-05 5.452585e-05
10401.573107 -2.800901e-05 -6.338334e-07 -5.436604e-08 -1.833150e-06 4.715478e-05 -4.115247e-04 -5.923778e-05 5.049819e-05
10402.135292 -2.800414e-05 -6.354658e-07 -5.479085e-08 -1.821939e-06 4.998845e-05 -4.012365e-04 -5.478554e-05 4.555174e-05
10402.725337 -2.799723e-05 -6.365072e-07 -5.473261e-08 -1.814385e-06 3.554987e-05 -4.045667e-04 -5.475702e-05 4.904355e-05
10403.343242 -2.790391e-05 -6.365524e-07 -5.491108e-08 -1.801931e-06 3.733500e-05 -3.956883e-04 -6.525718e-05 4.923843e-05
10403.989008 -2.780281e-05 -6.347061e-07 -5.482316e-08 -1.792473e-06 4.074126e-05 -4.018528e-04 -6.598936e-05 4.277204e-05
10404.662634 -2.792834e-05 -6.365184e-07 -5.505892e-08 -1.809593e-06 3.548563e-05 -4.166684e-04 -6.237256e-05 4.871851e-05
10405.364120 -2.786354e-05 -6.348562e-07 -5.527520e-08 -1.809102e-06 3.606358e-05 -4.271290e-04 -5.742068e-05 5.496634e-05
10406.093467 -2.790370e-05 -6.344725e-07 -5.556339e-08 -1.822002e-06 3.647045e-05 -4.423001e-04 -5.176681e-05 5.857831e-05
10406.850674 -2.794431e-05 -6.336063e-07 -5.587625e-08 -1.836714e-06 3.253676e-05 -4.387559e-04 -5.599043e-05 5.504097e-05
10407.635741 -2.790864e-05 -6.319944e-07 -5.635799e-08 -1.843830e-06 3.599344e-05 -4.500838e-04 -6.019787e-05 5.375290e-05
10408.448669 -2.789858e-05 -6.302886e-07 -5.666934e-08 -1.853513e-06 3.232294e-05 -4.597494e-04 -6.491878e-05 5.492775e-05
10409.289457 -2.788504e-05 -6.284651e-07 -5.675291e-08 -1.863767e-06 3.385748e-05 -4.404231e-04 -6.754226e-05 4.582433e-05
10410.158106 -2.784301e-05 -6.259302e-07 -5.715303e-08 -1.873007e-06 3.203240e-05 -4.217933e-04 -6.575898e-05 4.683629e-05
10411.054614 -2.786092e-05 -6.241838e-07 -5.746704e-08 -1.891391e-06 3.781647e-05 -4.311495e-04 -6.166527e-05 4.736461e-05
10411.978983 -2.786819e-05 -6.225176e-07 -5.797922e-08 -1.911994e-06 3.164537e-05 -4.389350e-04 -6.432748e-05 4.058314e-05
10412.931213 -2.786516e-05 -6.194510e-07 -5.797307e-08 -1.934865e-06 3.636835e-05 -4.615845e-04 -5.324937e-05 4.060399e-05
10413.911303 -2.782276e-05 -6.154153e-07 -5.780199e-08 -1.955841e-06 3.567795e-05 -4.606239e-04 -6.300848e-05 4.196190e-05
10414.919253 -2.766817e-05 -6.104844e-07 -5.791287e-08 -1.964514e-06 3.997138e-05 -4.374803e-04 -6.433943e-05 4.532046e-05
10415.955064 -2.773122e-05 -6.085961e-07 -5.795424e-08 -1.995804e-06 3.859639e-05 -4.282766e-04 -5.401898e-05 4.355971e-05
10417.018734 -2.778432e-05 -6.061264e-07 -5.810913e-08 -2.023027e-06 3.895076e-05 -4.397099e-04 -4.060997e-05 4.586193e-05
10418.110266 -2.775390e-05 -6.033623e-07 -5.804501e-08 -2.036969e-06 4.107942e-05 -4.400628e-04 -4.827215e-05 4.995185e-05
10419.232723 -2.777904e-05 -6.020573e-07 -5.791940e-08 -2.055597e-06 3.471146e-05 -4.273890e-04 -5.445177e-05 4.738958e-05
10420.367373 -2.778209e-05 -6.014350e-07 -5.769351e-08 -2.070158e-06 2.670413e-05 -4.152699e-04 -5.431328e-05 3.238628e-05
10421.514214 -2.773527e-05 -5.999796e-07 -5.756656e-08 -2.076960e-06 2.122749e-05 -4.383757e-04 -4.619370e-05 3.894826e-05
10422.673248 -2.766884e-05 -5.981983e-07 -5.743646e-08 -2.079566e-06 2.206073e-05 -4.443086e-04 -4.957345e-05 4.498760e-05
10423.844473 -2.767419e-05 -5.976444e-07 -5.718526e-08 -2.088055e-06 2.163606e-05 -4.008598e-04 -4.738377e-05 3.782063e-05
10425.027890 -2.759792e-05 -5.971118e-07 -5.704447e-08 -2.084074e-06 2.798676e-05 -4.139131e-04 -3.921993e-05 4.386600e-05
10426.223499 -2.758815e-05 -5.966940e-07 -5.684504e-08 -2.087857e-06 2.442948e-05 -4.240360e-04 -4.021464e-05 4.053865e-05
10427.431300 -2.760296e-05 -5.964488e-07 -5.662000e-08 -2.094280e-06 2.638462e-05 -4.392901e-04 -3.827567e-05 3.904341e-05
10428.651293 -2.765629e-05 -5.968804e-07 -5.672444e-08 -2.103900e-06 2.841466e-05 -4.568691e-04 -4.651948e-05 4.150075e-05
10429.883478 -2.767638e-05 -5.976161e-07 -5.690178e-08 -2.107700e-06 2.658100e-05 -4.445196e-04 -4.913693e-05 4.401383e-05
10431.127855 -2.765564e-05 -5.976794e-07 -5.698161e-08 -2.104913e-06 2.463440e-05 -4.424462e-04 -4.566632e-05 4.718559e-05
10432.384423 -2.763394e-05 -5.987839e-07 -5.694663e-08 -2.099298e-06 3.269249e-05 -4.286935e-04 -3.910673e-05 4.858331e-05
10433.653184 -2.762613e-05 -5.993475e-07 -5.685311e-08 -2.092007e-06 2.757905e-05 -4.362126e-04 -4.745140e-05 4.914184e-05
10434.934136 -2.761006e-05 -6.004670e-07 -5.695729e-08 -2.083451e-06 2.137268e-05 -4.467878e-04 -5.273895e-05 4.804474e-05
10436.227280 -2.754776e-05 -6.006655e-07 -5.708299e-08 -2.069135e-06 2.123930e-05 -4.482956e-04 -5.151324e-05 5.151035e-05
10437.532617 -2.752362e-05 -6.012712e-07 -5.717093e-08 -2.061501e-06 2.320563e-05 -4.514744e-04 -5.272103e-05 4.548813e-05
10438.850145 -2.747104e-05 -6.016330e-07 -5.725849e-08 -2.050794e-06 2.661216e-05 -4.557868e-04 -5.215107e-05 3.525310e-05
10440.179865 -2.738131e-05 -6.010546e-07 -5.730609e-08 -2.035067e-06 3.312214e-05 -4.500179e-04 -4.565302e-05 3.873519e-05
10441.521777 -2.741615e-05 -6.020082e-07 -5.717900e-08 -2.034550e-06 3.029011e-05 -4.432369e-04 -5.190421e-05 3.064845e-05
10442.875881 -2.742013e-05 -6.029353e-07 -5.702038e-08 -2.030525e-06 2.116776e-05 -4.276104e-04 -5.213209e-05 3.157265e-05
10444.242177 -2.742703e-05 -6.040986e-07 -5.687881e-08 -2.028598e-06 2.546424e-05 -4.135340e-04 -5.601440e-05 3.232011e-05
10445.620664 -2.743020e-05 -6.054417e-07 -5.678164e-08 -2.026996e-06 3.307003e-05 -4.147045e-04 -4.653564e-05 4.116080e-05
10447.011344 -2.736760e-05 -6.050307e-07 -5.657052e-08 -2.019093e-06 3.588365e-05 -4.250668e-04 -4.238056e-05 4.502624e-05
10448.414215 -2.731579e-05 -6.044895e-07 -5.636505e-08 -2.012384e-06 3.088208e-05 -4.344539e-04 -3.964621e-05 4.225627e-05
10449.829279 -2.734117e-05 -6.054239e-07 -5.647631e-08 -2.012876e-06 2.502225e-05 -4.363389e-04 -4.911092e-05 4.270905e-05
10451.256534 -2.735669e-05 -6.079612e-07 -5.679756e-08 -2.010431e-06 2.475034e-05 -4.452970e-04 -4.049460e-05 5.080832e-05
10452.695981 -2.734985e-05 -6.082761e-07 -5.704897e-08 -2.006636e-06 3.330722e-05 -4.638722e-04 -4.278598e-05 5.752144e-05
10454.147620 -2.734185e-05 -6.102307e-07 -5.717656e-08 -2.002734e-06 3.540441e-05 -4.746409e-04 -4.799575e-05 4.917970e-05
10455.611452 -2.730560e-05 -6.110173e-07 -5.722407e-08 -1.996975e-06 2.453231e-05 -4.819746e-04 -4.753219e-05 4.878444e-05
10457.087475 -2.729489e-05 -6.109278e-07 -5.717667e-08 -1.995052e-06 2.717424e-05 -4.770482e-04 -4.464152e-05 4.927631e-05
10458.575689 -2.729403e-05 -6.121501e-07 -5.720098e-08 -1.995159e-06 2.033379e-05 -4.635088e-04 -5.193197e-05 4.634655e-05
10460.076096 -2.729097e-05 -6.126321e-07 -5.715122e-08 -1.995195e-06 1.948615e-05 -4.750468e-04 -4.473436e-05 4.095531e-05
10461.588695 -2.730307e-05 -6.136388e-07 -5.719035e-08 -1.996701e-06 2.367225e-05 -4.864012e-04 -4.284792e-05 3.768894e-05
10463.113485 -2.724571e-05 -6.127786e-07 -5.732706e-08 -1.990660e-06 2.260935e-05 -4.836384e-04 -4.630009e-05 4.068570e-05
10464.650468 -2.718034e-05 -6.130876e-07 -5.732720e-08 -1.983888e-06 2.282467e-05 -4.847886e-04 -5.008900e-05 3.124909e-05
10466.199642 -2.722781e-05 -6.140625e-07 -5.701547e-08 -1.990264e-06 2.759109e-05 -4.918136e-04 -5.373251e-05 2.487961e-05
10467.761009 -2.724471e-05 -6.150151e-07 -5.678614e-08 -1.993071e-06 2.245232e-05 -4.743337e-04 -5.866102e-05 2.136595e-05
10469.334567 -2.724033e-05 -6.171115e-07 -5.703069e-08 -1.993213e-06 2.172336e-05 -4.517297e-04 -5.287447e-05 2.496648e-05
10470.920317 -2.717053e-05 -6.155285e-07 -5.693082e-08 -1.987601e-06 2.710936e-05 -4.608593e-04 -4.938922e-05 3.455636e-05
10472.518259 -2.716306e-05 -6.162739e-07 -5.713351e-08 -1.989225e-06 2.805504e-05 -4.602665e-04 -4.828896e-05 3.355815e-05
10474.128393 -2.710571e-05 -6.148480e-07 -5.698324e-08 -1.985727e-06 2.274484e-05 -4.737886e-04 -4.405832e-05 3.406517e-05
10475.750719 -2.703854e-05 -6.134695e-07 -5.679683e-08 -1.981919e-06 2.140318e-05 -4.610260e-04 -4.788160e-05 3.379248e-05
10477.385237 -2.703328e-05 -6.136215e-07 -5.711127e-08 -1.984384e-06 2.160836e-05 -4.708347e-04 -4.440984e-05 3.505183e-05
10479.031946 -2.709136e-05 -6.141527e-07 -5.729064e-08 -1.994872e-06 3.159304e-05 -4.738545e-04 -4.511712e-05 3.825722e-05
10480.690848 -2.706595e-05 -6.147318e-07 -5.749762e-08 -1.995707e-06 2.592690e-05 -4.493042e-04 -3.980115e-05 4.587892e-05
10482.361942 -2.704082e-05 -6.157819e-07 -5.787195e-08 -1.995090e-06 2.857836e-05 -4.372666e-04 -4.942110e-05 4.208567e-05
10484.045227 -2.703111e-05 -6.157429e-07 -5.801357e-08 -1.998298e-06 2.452145e-05 -4.361910e-04 -3.905744e-05 5.174832e-05
10485.740704 -2.703959e-05 -6.164493e-07 -5.860996e-08 -2.000693e-06 3.478556e-05 -4.410124e-04 -4.098541e-05 4.895083e-05
10487.448374 -2.701912e-05 -6.165920e-07 -5.894042e-08 -1.999745e-06 2.561053e-05 -4.439769e-04 -4.114078e-05 4.927286e-05
10489.168235 -2.697109e-05 -6.164124e-07 -5.926295e-08 -1.997203e-06 2.963853e-05 -4.527338e-04 -4.981760e-05 4.336668e-05
10490.900288 -2.690998e-05 -6.168232e-07 -5.960950e-08 -1.993663e-06 3.116128e-05 -4.711531e-04 -5.392660e-05 3.445717e-05
10492.644533 -2.694064e-05 -6.163044e-07 -5.964063e-08 -2.001714e-06 3.065662e-05 -4.749086e-04 -4.881412e-05 3.274167e-05
10494.400970 -2.693756e-05 -6.181262e-07 -6.019590e-08 -2.005334e-06 2.450931e-05 -4.613444e-04 -4.695334e-05 3.675353e-05
10496.169598 -2.687743e-05 -6.165500e-07 -6.032752e-08 -2.005126e-06 2.801085e-05 -4.496454e-04 -5.551521e-05 3.332822e-05
10497.950419 -2.683976e-05 -6.152356e-07 -6.036137e-08 -2.008198e-06 2.950873e-05 -4.299697e-04 -5.280412e-05 4.152664e-05
10499.743432 -2.683998e-05 -6.144823e-07 -6.023278e-08 -2.017365e-06 2.513880e-05 -4.459687e-04 -4.919223e-05 3.433126e-05
10501.548636 -2.681438e-05 -6.134120e-07 -6.016717e-08 -2.023163e-06 2.331633e-05 -4.297616e-04 -5.116478e-05 4.515045e-05
10503.366032 -2.679476e-05 -6.133837e-07 -6.037137e-08 -2.029213e-06 3.042415e-05 -4.175037e-04 -4.776792e-05 5.613971e-05
10505.195621 -2.678193e-05 -6.129007e-07 -6.059955e-08 -2.034353e-06 2.982087e-05 -4.126475e-04 -4.897449e-05 5.417436e-05
10507.037401 -2.674711e-05 -6.129348e-07 -6.051719e-08 -2.034286e-06 2.882101e-05 -4.283959e-04 -5.254114e-05 5.144305e-05
10508.891373 -2.671652e-05 -6.120935e-07 -6.019874e-08 -2.034006e-06 3.371125e-05 -4.165212e-04 -5.750440e-05 5.412430e-05
10510.757537 -2.668798e-05 -6.128837e-07 -6.002725e-08 -2.034942e-06 2.846056e-05 -3.948060e-04 -5.807776e-05 4.684238e-05
10512.635893 -2.663449e-05 -6.125683e-07 -5.990763e-08 -2.034372e-06 2.968819e-05 -3.979637e-04 -4.541993e-05 5.253802e-05
10514.526441 -2.658401e-05 -6.126729e-07 -5.963425e-08 -2.032865e-06 2.037506e-05 -3.874733e-04 -4.891902e-05 5.458919e-05
10516.429181 -2.658386e-05 -6.125199e-07 -5.944770e-08 -2.034507e-06 1.829451e-05 -4.035891e-04 -4.386370e-05 4.526367e-05
10518.344112 -2.655064e-05 -6.129207e-07 -5.940882e-08 -2.033780e-06 2.505807e-05 -4.215482e-04 -3.198253e-05 4.065503e-05
10520.271236 -2.640506e-05 -6.100565e-07 -5.902139e-08 -2.022684e-06 2.728647e-05 -4.060756e-04 -3.606917e-05 3.946177e-05
10522.210552 -2.643045e-05 -6.098914e-07 -5.925947e-08 -2.023385e-06 2.131890e-05 -3.905492e-04 -3.765087e-05 4.252246e-05
10524.162059 -2.637504e-05 -6.102731e-07 -5.939360e-08 -2.016133e-06 2.060733e-05 -3.638008e-04 -3.966666e-05 4.176301e-05
10526.125758 -2.629881e-05 -6.095067e-07 -5.907324e-08 -2.008787e-06 1.735509e-05 -3.875746e-04 -4.088617e-05 2.930939e-05
10528.101649 -2.628502e-05 -6.119381e-07 -5.907289e-08 -2.007591e-06 1.166264e-05 -3.799341e-04 -2.868036e-05 3.770235e-05
10530.089733 -2.626903e-05 -6.122604e-07 -5.900521e-08 -2.004266e-06 1.942004e-05 -3.904592e-04 -3.597586e-05 3.688951e-05
10532.090008 -2.633290e-05 -6.149830e-07 -5.927734e-08 -2.006012e-06 1.503548e-05 -3.855744e-04 -4.804943e-05 4.335151e-05
10534.102475 -2.628489e-05 -6.164599e-07 -5.933372e-08 -1.998044e-06 -8.237165e-07 -3.546739e-04 -4.277358e-05 4.783481e-05
10536.127133 -2.625300e-05 -6.160224e-07 -5.927537e-08 -1.993644e-06 2.113022e-06 -3.611344e-04 -4.027494e-05 5.676995e-05
10538.163984 -2.625551e-05 -6.176807e-07 -5.940920e-08 -1.991998e-06 5.412029e-06 -3.727994e-04 -4.599114e-05 5.074879e-05
10540.213027 -2.624489e-05 -6.194642e-07 -5.968846e-08 -1.989978e-06 1.720920e-05 -3.633585e-04 -5.016706e-05 4.637466e-05
10542.274261 -2.616995e-05 -6.187539e-07 -5.993740e-08 -1.981479e-06 1.837881e-05 -3.589990e-04 -7.131408e-05 4.227890e-05
10544.347688 -2.612997e-05 -6.192947e-07 -6.021205e-08 -1.977798e-06 1.940110e-05 -3.620567e-04 -7.543649e-05 4.497911e-05
10546.433306 -2.610575e-05 -6.195005e-07 -6.014496e-08 -1.977315e-06 1.820222e-05 -3.521310e-04 -6.511031e-05 4.254811e-05
10548.531117 -2.608604e-05 -6.199734e-07 -6.028624e-08 -1.977843e-06 2.013805e-05 -3.441251e-04 -6.695079e-05 4.273832e-05
10550.641119 -2.606095e-05 -6.206555e-07 -6.040725e-08 -1.978819e-06 2.168413e-05 -3.683967e-04 -5.553587e-05 4.927223e-05
10552.763313 -2.597915e-05 -6.203674e-07 -6.075399e-08 -1.973122e-06 2.836524e-05 -3.670617e-04 -6.151621e-05 4.482823e-05
10554.897699 -2.593323e-05 -6.190517e-07 -6.077573e-08 -1.972066e-06 2.908892e-05 -3.748747e-04 -5.050690e-05 3.987356e-05
10557.044277 -2.593647e-05 -6.200037e-07 -6.102098e-08 -1.975858e-06 2.543245e-05 -3.781423e-04 -3.664270e-05 3.967986e-05
10559.203047 -2.590821e-05 -6.201225e-07 -6.114942e-08 -1.977292e-06 2.501773e-05 -3.994763e-04 -4.208903e-05 4.297394e-05
10561.374008 -2.584858e-05 -6.195555e-07 -6.127684e-08 -1.975464e-06 2.473274e-05 -3.841660e-04 -4.774776e-05 4.241645e-05
10563.557162 -2.576893e-05 -6.175053e-07 -6.112654e-08 -1.970928e-06 3.146496e-05 -3.543479e-04 -5.057840e-05 5.444562e-05
10565.752508 -2.575352e-05 -6.186076e-07 -6.157250e-08 -1.974152e-06 3.383726e-05 -3.540899e-04 -4.175361e-05 5.085600e-05
10567.960045 -2.572670e-05 -6.189407e-07 -6.181123e-08 -1.975147e-06 3.508992e-05 -3.700800e-04 -4.684566e-05 5.114633e-05
10570.179775 -2.567800e-05 -6.190708e-07 -6.205838e-08 -1.973893e-06 2.744070e-05 -3.612176e-04 -5.456645e-05 4.685881e-05
10572.411696 -2.563004e-05 -6.193501e-07 -6.221519e-08 -1.972262e-06 2.757385e-05 -3.582981e-04 -5.320209e-05 4.405297e-05
10574.655809 -2.562974e-05 -6.200296e-07 -6.239060e-08 -1.976449e-06 2.964720e-05 -3.581866e-04 -5.098302e-05 4.574148e-05
10576.912114 -2.557152e-05 -6.203372e-07 -6.258399e-08 -1.973116e-06 3.000382e-05 -3.400056e-04 -4.667711e-05 4.815609e-05
10579.180611 -2.552181e-05 -6.203808e-07 -6.276866e-08 -1.971017e-06 3.865102e-05 -3.212981e-04 -4.886109e-05 4.106324e-05
10581.461300 -2.546825e-05 -6.195500e-07 -6.283466e-08 -1.967498e-06 3.417194e-05 -3.264453e-04 -4.616997e-05 4.268468e-05
10583.754181 -2.544362e-05 -6.203385e-07 -6.288704e-08 -1.968474e-06 2.845028e-05 -3.395882e-04 -4.628986e-05 4.571257e-05
10586.059254 -2.539593e-05 -6.206496e-07 -6.299312e-08 -1.966654e-06 2.043933e-05 -3.544051e-04 -3.090608e-05 4.426163e-05
10588.376518 -2.525786e-05 -6.190981e-07 -6.308246e-08 -1.952699e-06 2.567276e-05 -3.440803e-04 -2.088834e-05 5.671308e-05
10590.705975 -2.517114e-05 -6.198030e-07 -6.320290e-08 -1.945640e-06 2.537670e-05 -3.323235e-04 -3.712993e-05 5.403590e-05
10593.047623 -2.505963e-05 -6.193978e-07 -6.314957e-08 -1.935694e-06 2.159609e-05 -3.170870e-04 -3.733521e-05 5.698036e-05
10595.401464 -2.507591e-05 -6.200559e-07 -6.302568e-08 -1.940569e-06 1.525912e-05 -3.144989e-04 -4.978852e-05 5.232989e-05
10597.767496 -2.509289e-05 -6.224994e-07 -6.307039e-08 -1.942787e-06 1.744458e-05 -3.351864e-04 -5.162924e-05 4.753247e-05
10600.145720 -2.504951e-05 -6.222293e-07 -6.310598e-08 -1.937996e-06 2.047730e-05 -3.585925e-04 -5.552239e-05 4.628149e-05
10602.536136 -2.504001e-05 -6.234825e-07 -6.310319e-08 -1.939567e-06 2.373082e-05 -3.558319e-04 -6.160143e-05 4.172578e-05
10604.938744 -2.497633e-05 -6.246240e-07 -6.325352e-08 -1.934340e-06 1.623045e-05 -3.543091e-04 -6.036907e-05 4.694027e-05
10607.353544 -2.489308e-05 -6.241356e-07 -6.321547e-08 -1.927670e-06 1.886128e-05 -3.560753e-04 -6.127818e-05 5.296412e-05
10609.780536 -2.483579e-05 -6.235865e-07 -6.315976e-08 -1.924773e-06 2.131661e-05 -3.675729e-04 -4.564587e-05 6.503892e-05
10612.219720 -2.480054e-05 -6.241854e-07 -6.323581e-08 -1.925114e-06 2.431621e-05 -3.530873e-04 -4.919819e-05 5.837947e-05
10614.671096 -2.480500e-05 -6.251156e-07 -6.317734e-08 -1.929684e-06 2.370017e-05 -3.420311e-04 -5.762454e-05 5.468727e-05
10617.134663 -2.479671e-05 -6.262536e-07 -6.345300e-08 -1.930826e-06 1.952133e-05 -3.491277e-04 -5.315318e-05 5.838191e-05
10619.610423 -2.478035e-05 -6.264924e-07 -6.356980e-08 -1.932347e-06 2.204774e-05 -3.587328e-04 -5.373182e-05 5.469152e-05
10622.098374 -2.468119e-05 -6.250495e-07 -6.356315e-08 -1.923868e-06 2.963674e-05 -3.680206e-04 -5.692098e-05 5.400928e-05
10624.598517 -2.467899e-05 -6.278291e-07 -6.406011e-08 -1.926573e-06 3.616627e-05 -3.681583e-04 -4.920609e-05 5.148789e-05
10627.110852 -2.467768e-05 -6.288429e-07 -6.420521e-08 -1.931888e-06 4.061449e-05 -3.575123e-04 -5.439200e-05 5.088314e-05
10629.635380 -2.467138e-05 -6.314555e-07 -6.464488e-08 -1.935134e-06 4.730779e-05 -3.533564e-04 -5.414867e-05 4.690258e-05
10632.172099 -2.462554e-05 -6.315555e-07 -6.459518e-08 -1.934478e-06 4.733510e-05 -3.656959e-04 -4.337754e-05 4.761444e-05
10634.721009 -2.456399e-05 -6.314178e-07 -6.458003e-08 -1.932665e-06 5.074199e-05 -3.401721e-04 -6.178799e-05 4.709938e-05
10637.282112 -2.448332e-05 -6.303421e-07 -6.454480e-08 -1.926296e-06 3.812486e-05 -3.376249e-04 -7.182948e-05 5.969364e-05
10639.855407 -2.439743e-05 -6.289024e-07 -6.438201e-08 -1.919482e-06 4.591006e-05 -3.428455e-04 -6.733354e-05 5.490710e-05
10642.440894 -2.436602e-05 -6.309843e-07 -6.463130e-08 -1.920559e-06 4.396776e-05 -3.563866e-04 -6.514161e-05 5.463311e-05
10645.038572 -2.431190e-05 -6.312301e-07 -6.473726e-08 -1.918911e-06 4.349053e-05 -3.785194e-04 -6.298120e-05 5.683001e-05
10647.648443 -2.426578e-05 -6.329111e-07 -6.519213e-08 -1.915503e-06 4.371122e-05 -3.617184e-04 -6.446294e-05 5.816434e-05
10650.270505 -2.420663e-05 -6.316926e-07 -6.540280e-08 -1.911533e-06 4.459924e-05 -3.831983e-04 -6.861471e-05 5.838939e-05
10652.904759 -2.414008e-05 -6.308522e-07 -6.511485e-08 -1.908328e-06 3.573135e-05 -3.646558e-04 -7.479113e-05 5.966065e-05
10655.551205 -2.410259e-05 -6.327907e-07 -6.548257e-08 -1.907374e-06 3.035285e-05 -3.777051e-04 -6.436192e-05 6.329590e-05
10658.209844 -2.396428e-05 -6.302873e-07 -6.530443e-08 -1.896777e-06 2.784966e-05 -3.801413e-04 -6.763896e-05 5.688252e-05
10660.880674 -2.393077e-05 -6.305275e-07 -6.597854e-08 -1.892179e-06 3.299437e-05 -3.753494e-04 -6.482573e-05 5.621366e-05
10663.563696 -2.392975e-05 -6.332525e-07 -6.650692e-08 -1.891427e-06 2.709317e-05 -3.638589e-04 -5.142233e-05 5.626137e-05
10666.258909 -2.385815e-05 -6.320433e-07 -6.640432e-08 -1.885351e-06 2.605610e-05 -3.660861e-04 -6.627178e-05 6.274449e-05
10668.966315 -2.383124e-05 -6.343790e-07 -6.667564e-08 -1.885036e-06 3.058403e-05 -3.683218e-04 -6.610885e-05 6.099449e-05
10671.685913 -2.376683e-05 -6.343610e-07 -6.700925e-08 -1.879648e-06 3.733849e-05 -3.599738e-04 -6.103483e-05 5.549423e-05
10674.417702 -2.370331e-05 -6.350535e-07 -6.739203e-08 -1.873933e-06 3.871382e-05 -3.553122e-04 -5.608690e-05 6.251707e-05
10677.161684 -2.360664e-05 -6.336185e-07 -6.749381e-08 -1.865770e-06 4.928401e-05 -3.570559e-04 -5.670089e-05 5.455605e-05
10679.917857 -2.340793e-05 -6.296993e-07 -6.697310e-08 -1.846846e-06 4.172349e-05 -3.608510e-04 -5.574247e-05 5.857389e-05
10682.686222 -2.329632e-05 -6.281721e-07 -6.670341e-08 -1.837341e-06 3.455169e-05 -3.704285e-04 -6.011474e-05 5.968717e-05
10685.466780 -2.322330e-05 -6.279766e-07 -6.682636e-08 -1.833833e-06 3.578874e-05 -3.507312e-04 -6.887160e-05 5.450917e-05
10688.259529 -2.317376e-05 -6.285585e-07 -6.708260e-08 -1.833779e-06 3.797774e-05 -3.346638e-04 -6.227181e-05 5.457442e-05
10691.064470 -2.312063e-05 -6.279514e-07 -6.727048e-08 -1.833934e-06 3.498691e-05 -3.210898e-04 -6.024705e-05 4.758993e-05
10693.881602 -2.313399e-05 -6.293514e-07 -6.742158e-08 -1.839317e-06 2.629943e-05 -3.328973e-04 -6.120558e-05 4.230290e-05
10696.710927 -2.312003e-05 -6.299008e-07 -6.761148e-08 -1.840171e-06 1.774898e-05 -3.227902e-04 -6.362240e-05 4.654134e-05
10699.552444 -2.307841e-05 -6.308547e-07 -6.765493e-08 -1.839470e-06 1.635898e-05 -3.201955e-04 -6.404410e-05 4.207225e-05
10702.406153 -2.297508e-05 -6.297783e-07 -6.740809e-08 -1.832976e-06 2.129351e-05 -2.925428e-04 -5.873799e-05 4.247353e-05
10705.272053 -2.287815e-05 -6.283212e-07 -6.721819e-08 -1.825982e-06 1.910205e-05 -2.929024e-04 -6.738526e-05 4.259035e-05
10708.150146 -2.285443e-05 -6.285001e-07 -6.738144e-08 -1.826094e-06 2.485524e-05 -3.111379e-04 -5.673624e-05 4.826859e-05
10711.040430 -2.282176e-05 -6.287023e-07 -6.759835e-08 -1.824009e-06 2.805601e-05 -3.304952e-04 -6.689698e-05 4.520949e-05
10713.942906 -2.278394e-05 -6.296054e-07 -6.759138e-08 -1.823318e-06 2.611140e-05 -3.297230e-04 -6.563005e-05 3.878575e-05
10716.857574 -2.274823e-05 -6.307111e-07 -6.767060e-08 -1.823132e-06 2.663183e-05 -3.436977e-04 -5.926893e-05 4.459204e-05
10719.784435 -2.269699e-05 -6.312831e-07 -6.768705e-08 -1.822382e-06 2.528429e-05 -3.711781e-04 -4.869447e-05 5.172078e-05
10722.723487 -2.263373e-05 -6.315552e-07 -6.791772e-08 -1.819171e-06 1.677524e-05 -3.562245e-04 -6.287038e-05 4.635423e-05
10725.674730 -2.254360e-05 -6.308242e-07 -6.809583e-08 -1.812813e-06 2.431669e-05 -3.257983e-04 -5.956891e-05 3.722854e-05
10728.638166 -2.241390e-05 -6.296284e-07 -6.809011e-08 -1.801417e-06 2.087341e-05 -3.153259e-04 -5.583193e-05 4.343823e-05
10731.613794 -2.234403e-05 -6.289702e-07 -6.765798e-08 -1.798595e-06 2.324789e-05 -3.225206e-04 -6.499503e-05 4.633349e-05
10734.601614 -2.234707e-05 -6.297864e-07 -6.777108e-08 -1.802940e-06 1.750901e-05 -3.335320e-04 -7.287622e-05 4.956419e-05
10737.601625 -2.227860e-05 -6.296593e-07 -6.802010e-08 -1.799382e-06 9.056538e-06 -3.412007e-04 -7.337530e-05 4.974355e-05
10740.613829 -2.218747e-05 -6.286004e-07 -6.806791e-08 -1.792219e-06 1.070511e-05 -3.345509e-04 -6.373964e-05 5.719987e-05
10743.638224 -2.213858e-05 -6.300070e-07 -6.803551e-08 -1.791042e-06 2.359968e-05 -3.271050e-04 -6.080274e-05 5.669211e-05
10746.674811 -2.204355e-05 -6.290664e-07 -6.803316e-08 -1.783034e-06 1.917431e-05 -3.371849e-04 -5.977868e-05 6.203289e-05
10749.723590 -2.196426e-05 -6.284941e-07 -6.839618e-08 -1.777416e-06 2.429368e-05 -3.306330e-04 -4.786252e-05 6.476106e-05
10752.784561 -2.186081e-05 -6.271361e-07 -6.846415e-08 -1.768769e-06 2.397713e-05 -3.102217e-04 -4.823471e-05 6.279939e-05
10755.857724 -2.173151e-05 -6.254758e-07 -6.832310e-08 -1.759784e-06 2.302546e-05 -3.175198e-04 -4.542397e-05 6.252979e-05
10758.943079 -2.168886e-05 -6.263530e-07 -6.843248e-08 -1.758031e-06 2.253533e-05 -3.365176e-04 -4.119729e-05 6.037850e-05
10762.040626 -2.162366e-05 -6.261256e-07 -6.841899e-08 -1.752114e-06 2.124158e-05 -3.291054e-04 -4.319849e-05 5.978626e-05
10765.150365 -2.149697e-05 -6.237496e-07 -6.813493e-08 -1.740249e-06 2.167409e-05 -3.415512e-04 -5.640631e-05 6.233160e-05
10768.272295 -2.142214e-05 -6.236535e-07 -6.816450e-08 -1.735352e-06 2.021446e-05 -3.410690e-04 -5.269818e-05 6.305983e-05
10771.406418 -2.138330e-05 -6.247532e-07 -6.836003e-08 -1.735794e-06 2.697221e-05 -3.463678e-04 -5.436716e-05 6.478799e-05
10774.552732 -2.130467e-05 -6.239598e-07 -6.819400e-08 -1.731785e-06 2.510743e-05 -3.578836e-04 -6.504453e-05 7.016350e-05
10777.711239 -2.117271e-05 -6.220392e-07 -6.819803e-08 -1.719960e-06 2.227915e-05 -3.568342e-04 -5.570716e-05 6.535438e-05
10780.881937 -2.110634e-05 -6.216895e-07 -6.823438e-08 -1.717882e-06 1.622838e-05 -3.607079e-04 -5.593839e-05 5.334795e-05
10784.064827 -2.105345e-05 -6.225872e-07 -6.892373e-08 -1.716517e-06 1.271808e-05 -3.344034e-04 -6.207274e-05 5.966871e-05
10787.259909 -2.092681e-05 -6.205847e-07 -6.922726e-08 -1.706000e-06 1.941717e-05 -3.584457e-04 -6.019807e-05 6.743058e-05
10790.467183 -2.076434e-05 -6.177944e-07 -6.954016e-08 -1.691943e-06 1.360543e-05 -3.688347e-04 -6.842416e-05 5.999974e-05
10793.686649 -2.064001e-05 -6.167487e-07 -6.977480e-08 -1.682966e-06 1.412986e-05 -3.540278e-04 -7.260821e-05 5.576329e-05
10796.918307 -2.059279e-05 -6.160178e-07 -7.012976e-08 -1.681974e-06 1.378963e-05 -3.401096e-04 -7.372887e-05 5.778280e-05
10800.162157 -2.052411e-05 -6.153728e-07 -7.039444e-08 -1.677700e-06 2.371546e-05 -3.292239e-04 -6.505086e-05 5.510060e-05
10803.418198 -2.044422e-05 -6.146888e-07 -7.035040e-08 -1.673752e-06 2.983998e-05 -3.302254e-04 -5.563422e-05 5.749241e-05
10806.686432 -2.028782e-05 -6.131149e-07 -7.019673e-08 -1.663077e-06 2.086734e-05 -3.375692e-04 -5.402027e-05 6.110675e-05
10809.966857 -2.025441e-05 -6.144829e-07 -7.038256e-08 -1.662345e-06 8.132058e-06 -3.357548e-04 -5.508450e-05 5.623531e-05
10813.259474 -2.018393e-05 -6.138012e-07 -7.027442e-08 -1.655949e-06 1.275233e-05 -3.801377e-04 -6.320989e-05 4.776747e-05
10816.564284 -2.007450e-05 -6.130622e-07 -7.018806e-08 -1.647298e-06 1.300120e-05 -3.842421e-04 -6.873441e-05 5.038327e-05
10819.881285 -2.000824e-05 -6.124790e-07 -7.019627e-08 -1.644718e-06 1.708489e-05 -3.755922e-04 -5.580466e-05 5.769284e-05
10823.210478 -1.987569e-05 -6.105685e-07 -6.988190e-08 -1.632495e-06 2.200451e-05 -3.784279e-04 -4.366787e-05 6.372954e-05
10826.551863 -1.972222e-05 -6.073849e-07 -6.931159e-08 -1.619190e-06 2.242406e-05 -3.743449e-04 -4.946709e-05 6.166504e-05
10829.905440 -1.963256e-05 -6.063257e-07 -6.882136e-08 -1.614134e-06 1.716012e-05 -3.678481e-04 -5.635074e-05 6.238058e-05
10833.271209 -1.953996e-05 -6.050816e-07 -6.862155e-08 -1.607769e-06 1.551342e-05 -3.719775e-04 -5.488915e-05 5.895241e-05
10836.649169 -1.940051e-05 -6.025660e-07 -6.842782e-08 -1.595351e-06 1.539256e-05 -3.683060e-04 -6.093432e-05 6.940768e-05
10840.039322 -1.930047e-05 -6.012003e-07 -6.835236e-08 -1.588895e-06 1.699673e-05 -3.816795e-04 -5.314296e-05 6.228317e-05
10843.441666 -1.921866e-05 -6.012389e-07 -6.813111e-08 -1.584027e-06 2.182808e-05 -3.782824e-04 -5.287113e-05 5.959793e-05
10846.856203 -1.905910e-05 -5.982787e-07 -6.802493e-08 -1.569618e-06 2.504842e-05 -3.672485e-04 -5.076703e-05 6.623608e-05
10850.282931 -1.894881e-05 -5.968376e-07 -6.797555e-08 -1.562214e-06 2.668588e-05 -3.711523e-04 -5.642171e-05 5.616588e-05
10853.721851 -1.883792e-05 -5.953854e-07 -6.803334e-08 -1.554957e-06 2.488566e-05 -3.645010e-04 -5.150432e-05 5.231829e-05
10857.172964 -1.880167e-05 -5.963824e-07 -6.849572e-08 -1.555322e-06 2.633996e-05 -3.706601e-04 -4.971444e-05 4.879673e-05
10860.636268 -1.864586e-05 -5.928347e-07 -6.838742e-08 -1.542542e-06 3.013307e-05 -3.841532e-04 -4.049459e-05 5.825426e-05
10864.111764 -1.855286e-05 -5.919090e-07 -6.829452e-08 -1.536559e-06 3.980115e-05 -3.746862e-04 -6.549331e-05 5.643644e-05
10867.599451 -1.838415e-05 -5.882566e-07 -6.795820e-08 -1.521099e-06 4.799347e-05 -3.812131e-04 -7.452686e-05 5.821984e-05
10871.099331 -1.825914e-05 -5.857968e-07 -6.780745e-08 -1.512465e-06 4.356866e-05 -3.872629e-04 -6.451234e-05 5.815772e-05
10874.611403 -1.812649e-05 -5.836960e-07 -6.757697e-08 -1.502642e-06 3.437743e-05 -3.874253e-04 -6.305901e-05 6.581062e-05
10878.135666 -1.800048e-05 -5.811771e-07 -6.737008e-08 -1.494026e-06 2.955082e-05 -4.044879e-04 -7.508429e-05 6.622095e-05
10881.672122 -1.797252e-05 -5.829188e-07 -6.773896e-08 -1.495046e-06 3.077772e-05 -4.008439e-04 -7.189177e-05 5.046738e-05
10885.220769 -1.788263e-05 -5.822352e-07 -6.782082e-08 -1.488819e-06 3.574688e-05 -4.024370e-04 -6.892795e-05 5.823124e-05
10888.781609 -1.774250e-05 -5.793442e-07 -6.764117e-08 -1.477170e-06 3.382481e-05 -3.712844e-04 -6.908522e-05 5.530561e-05
10892.354640 -1.762803e-05 -5.773390e-07 -6.745225e-08 -1.469668e-06 2.649216e-05 -3.651174e-04 -6.548987e-05 5.779064e-05
10895.939863 -1.751762e-05 -5.761630e-07 -6.769748e-08 -1.462551e-06 3.372833e-05 -3.955251e-04 -6.208443e-05 6.159634e-05
10899.537278 -1.736008e-05 -5.726020e-07 -6.778422e-08 -1.449697e-06 3.634684e-05 -3.856259e-04 -5.550694e-05 6.045935e-05
10903.146885 -1.714030e-05 -5.675088e-07 -6.761086e-08 -1.428720e-06 3.763447e-05 -3.593302e-04 -6.182314e-05 5.936885e-05
10906.768684 -1.702634e-05 -5.653976e-07 -6.763155e-08 -1.420472e-06 3.809615e-05 -3.713200e-04 -5.887017e-05 6.500804e-05
10910.402675 -1.698178e-05 -5.654124e-07 -6.785974e-08 -1.420749e-06 4.296815e-05 -4.000533e-04 -6.713187e-05 6.746466e-05
10914.048857 -1.686735e-05 -5.630250e-07 -6.775957e-08 -1.412317e-06 4.009700e-05 -3.859750e-04 -7.202770e-05 6.176355e-05
10917.707232 -1.675200e-05 -5.612770e-07 -6.799612e-08 -1.404087e-06 3.954472e-05 -4.029496e-04 -7.324272e-05 6.401321e-05
10921.377799 -1.661119e-05 -5.585354e-07 -6.787199e-08 -1.392282e-06 4.724522e-05 -4.100338e-04 -8.560580e-05 5.648274e-05
10925.060557 -1.647376e-05 -5.560945e-07 -6.750810e-08 -1.381442e-06 5.011486e-05 -3.935342e-04 -6.785423e-05 5.476533e-05
10928.755507 -1.633645e-05 -5.529753e-07 -6.728107e-08 -1.370536e-06 5.061969e-05 -4.043551e-04 -7.400187e-05 5.707903e-05
10932.462650 -1.620554e-05 -5.502517e-07 -6.725472e-08 -1.360268e-06 4.135231e-05 -4.146761e-04 -6.977843e-05 6.654664e-05
10936.181984 -1.608202e-05 -5.481433e-07 -6.705303e-08 -1.351439e-06 3.896670e-05 -4.406199e-04 -6.964681e-05 6.803295e-05
10939.913510 -1.595197e-05 -5.454960e-07 -6.678548e-08 -1.341218e-06 4.850111e-05 -4.486651e-04 -6.829865e-05 7.816349e-05
10943.657228 -1.581850e-05 -5.427967e-07 -6.665093e-08 -1.330323e-06 4.114371e-05 -4.555578e-04 -6.982689e-05 6.932807e-05
10947.413138 -1.568602e-05 -5.400182e-07 -6.624116e-08 -1.320192e-06 4.106315e-05 -4.626583e-04 -6.936139e-05 6.512299e-05
10951.181239 -1.553105e-05 -5.368435e-07 -6.573628e-08 -1.309157e-06 3.145276e-05 -4.401864e-04 -7.332827e-05 7.717216e-05
10954.961533 -1.541070e-05 -5.338922e-07 -6.549584e-08 -1.299812e-06 2.536773e-05 -4.439887e-04 -6.508302e-05 6.302680e-05
10958.754019 -1.529213e-05 -5.313386e-07 -6.510658e-08 -1.290121e-06 3.517526e-05 -4.548720e-04 -6.144958e-05 5.624767e-05
10962.558696 -1.513849e-05 -5.274371e-07 -6.451743e-08 -1.278000e-06 3.381168e-05 -4.391738e-04 -6.167232e-05 6.022413e-05
10966.375565 -1.505239e-05 -5.254347e-07 -6.411249e-08 -1.272306e-06 2.768312e-05 -4.343300e-04 -6.413758e-05 6.818708e-05
10970.204627 -1.495592e-05 -5.237046e-07 -6.375513e-08 -1.264934e-06 2.686481e-05 -4.532491e-04 -7.515191e-05 7.171776e-05
10974.045880 -1.483448e-05 -5.214604e-07 -6.351385e-08 -1.255428e-06 3.274459e-05 -4.700048e-04 -7.322546e-05 7.510662e-05
10977.899325 -1.471108e-05 -5.189358e-07 -6.349785e-08 -1.246094e-06 2.661087e-05 -4.733735e-04 -7.301972e-05 8.305211e-05
10981.764962 -1.456008e-05 -5.150375e-07 -6.292720e-08 -1.233554e-06 2.547590e-05 -4.501514e-04 -6.768502e-05 8.987148e-05
10985.642791 -1.442584e-05 -5.117258e-07 -6.245706e-08 -1.223272e-06 3.172624e-05 -4.486235e-04 -7.797150e-05 9.427022e-05
10989.532812 -1.430304e-05 -5.083400e-07 -6.242780e-08 -1.213823e-06 2.380901e-05 -4.755389e-04 -7.614347e-05 9.020438e-05
10993.435025 -1.418527e-05 -5.058287e-07 -6.252079e-08 -1.204422e-06 2.071377e-05 -4.677494e-04 -6.488149e-05 7.957285e-05
10997.349429 -1.407540e-05 -5.035984e-07 -6.258711e-08 -1.196206e-06 2.022079e-05 -4.563539e-04 -7.013559e-05 7.773018e-05
11001.276026 -1.395831e-05 -5.011249e-07 -6.255147e-08 -1.187543e-06 2.559129e-05 -4.740232e-04 -7.852045e-05 6.893473e-05
11005.214814 -1.381802e-05 -4.972846e-07 -6.213609e-08 -1.176643e-06 2.653045e-05 -4.809560e-04 -7.994998e-05 7.151548e-05
11009.165795 -1.366953e-05 -4.929441e-07 -6.171002e-08 -1.165322e-06 2.255252e-05 -4.758746e-04 -7.220570e-05 7.084007e-05
11013.128967 -1.355474e-05 -4.906051e-07 -6.172366e-08 -1.156959e-06 2.596475e-05 -4.750862e-04 -7.051920e-05 6.472389e-05
11017.104331 -1.345728e-05 -4.888535e-07 -6.167373e-08 -1.150586e-06 2.949137e-05 -4.576092e-04 -7.599121e-05 6.341940e-05
11021.091888 -1.334278e-05 -4.863570e-07 -6.155412e-08 -1.142478e-06 2.581769e-05 -4.500311e-04 -7.059449e-05 6.436148e-05
11025.091636 -1.323591e-05 -4.837629e-07 -6.147679e-08 -1.134115e-06 2.999053e-05 -4.573577e-04 -7.165341e-05 6.840237e-05
11029.103575 -1.310460e-05 -4.804768e-07 -6.138383e-08 -1.123461e-06 2.876984e-05 -4.614649e-04 -6.110309e-05 6.853051e-05
11033.127707 -1.289724e-05 -4.741477e-07 -6.095146e-08 -1.104693e-06 2.434949e-05 -4.617742e-04 -6.246115e-05 6.814480e-05
11037.164031 -1.282687e-05 -4.725722e-07 -6.117257e-08 -1.101247e-06 3.000738e-05 -4.666638e-04 -6.948365e-05 6.914745e-05
11041.212547 -1.270407e-05 -4.691101e-07 -6.094532e-08 -1.091793e-06 3.875707e-05 -4.846874e-04 -7.434305e-05 7.190777e-05
11045.273254 -1.254831e-05 -4.648646e-07 -6.060237e-08 -1.078654e-06 3.560408e-05 -4.874283e-04 -6.611456e-05 6.944541e-05
11049.346154 -1.243823e-05 -4.624936e-07 -6.033653e-08 -1.070043e-06 2.186439e-05 -4.889755e-04 -7.216846e-05 6.237794e-05
11053.431245 -1.234388e-05 -4.600150e-07 -6.025737e-08 -1.063267e-06 2.178788e-05 -4.757849e-04 -7.393423e-05 6.253709e-05
11057.528529 -1.224127e-05 -4.571807e-07 -6.012042e-08 -1.056314e-06 2.962612e-05 -4.597212e-04 -6.980955e-05 5.720683e-05
11061.638004 -1.213905e-05 -4.547149e-07 -5.962100e-08 -1.049126e-06 1.994535e-05 -4.506085e-04 -6.227963e-05 5.858435e-05
11065.759671 -1.200366e-05 -4.518398e-07 -5.918966e-08 -1.037163e-06 1.920361e-05 -4.552312e-04 -6.311931e-05 6.061599e-05
11069.893530 -1.188387e-05 -4.479360e-07 -5.889346e-08 -1.027833e-06 2.153342e-05 -4.447233e-04 -6.765468e-05 6.038031e-05
11074.039581 -1.170640e-05 -4.428507e-07 -5.837733e-08 -1.012604e-06 1.990774e-05 -4.425295e-04 -6.662301e-05 5.293921e-05
11078.197824 -1.154129e-05 -4.395169e-07 -5.804613e-08 -9.979650e-07 1.425978e-05 -4.268824e-04 -6.194865e-05 5.233255e-05
11082.368258 -1.153643e-05 -4.380723e-07 -5.780330e-08 -1.001436e-06 2.021601e-05 -4.478923e-04 -6.608301e-05 5.645111e-05
11086.550885 -1.146222e-05 -4.360990e-07 -5.744160e-08 -9.969702e-07 3.118237e-05 -4.479925e-04 -7.103062e-05 4.985718e-05
11090.745704 -1.135343e-05 -4.334695e-07 -5.706233e-08 -9.884901e-07 1.986841e-05 -4.459464e-04 -6.158245e-05 5.153818e-05
11094.952714 -1.123486e-05 -4.302923e-07 -5.657456e-08 -9.795640e-07 2.017856e-05 -4.576837e-04 -6.671817e-05 5.401491e-05
11099.171916 -1.113128e-05 -4.276985e-07 -5.633308e-08 -9.713705e-07 2.144514e-05 -4.680778e-04 -7.269290e-05 5.359647e-05
11103.403311 -1.097467e-05 -4.230441e-07 -5.564535e-08 -9.578469e-07 2.918070e-05 -4.556916e-04 -7.348638e-05 4.469264e-05
11107.646897 -1.092243e-05 -4.214415e-07 -5.551660e-08 -9.563866e-07 2.655341e-05 -4.662682e-04 -7.376912e-05 5.065451e-05
11111.902675 -1.082826e-05 -4.191059e-07 -5.532557e-08 -9.496434e-07 1.160040e-05 -4.466144e-04 -7.590832e-05 5.088882e-05
11116.170645 -1.069523e-05 -4.152926e-07 -5.525449e-08 -9.376500e-07 1.197927e-05 -4.233061e-04 -6.522764e-05 5.132452e-05
11120.450807 -1.059233e-05 -4.128465e-07 -5.521779e-08 -9.305947e-07 1.589183e-05 -4.159707e-04 -5.598687e-05 6.380586e-05
11124.743161 -1.051124e-05 -4.109064e-07 -5.504894e-08 -9.252894e-07 1.360736e-05 -4.279096e-04 -6.369209e-05 5.263023e-05
11129.047707 -1.041403e-05 -4.082631e-07 -5.516668e-08 -9.180515e-07 1.254135e-05 -4.196986e-04 -6.970085e-05 4.791444e-05
11133.364444 -1.032204e-05 -4.059426e-07 -5.500563e-08 -9.112634e-07 1.161075e-05 -4.201094e-04 -6.218702e-05 4.977632e-05
11137.693374 -1.020399e-05 -4.025292e-07 -5.449840e-08 -9.009901e-07 1.123710e-05 -4.468341e-04 -5.546120e-05 6.044898e-05
11142.034495 -1.010524e-05 -4.001643e-07 -5.424402e-08 -8.934866e-07 7.528812e-06 -4.358158e-04 -6.222284e-05 5.025857e-05
11146.387809 -1.000282e-05 -3.974929e-07 -5.403087e-08 -8.853452e-07 8.867186e-06 -4.408280e-04 -7.166147e-05 4.453990e-05
11150.753314 -9.893441e-06 -3.945940e-07 -5.370158e-08 -8.769482e-07 1.968774e-05 -4.380676e-04 -7.104382e-05 4.514197e-05
11155.131011 -9.788282e-06 -3.914308e-07 -5.326547e-08 -8.693580e-07 2.628208e-05 -4.298162e-04 -6.558016e-05 4.508968e-05
11159.520900 -9.567532e-06 -3.836802e-07 -5.241330e-08 -8.510448e-07 1.946199e-05 -4.467158e-04 -6.931068e-05 4.223907e-05
11163.922981 -9.469890e-06 -3.828650e-07 -5.263377e-08 -8.399774e-07 1.592773e-05 -4.535676e-04 -7.823491e-05 4.129780e-05
11168.337254 -9.378276e-06 -3.792744e-07 -5.225910e-08 -8.344479e-07 1.241313e-05 -4.736848e-04 -8.071823e-05 5.081961e-05
11172.763719 -9.363342e-06 -3.796368e-07 -5.233885e-08 -8.338150e-07 1.563573e-05 -4.774170e-04 -8.184374e-05 5.250093e-05
11177.202376 -9.297047e-06 -3.774892e-07 -5.240249e-08 -8.300080e-07 1.461910e-05 -4.710891e-04 -7.259109e-05 6.036504e-05
11181.653224 -9.235255e-06 -3.756364e-07 -5.249058e-08 -8.268677e-07 7.195699e-06 -4.716663e-04 -7.504612e-05 5.412881e-05
11186.116265 -9.141240e-06 -3.728541e-07 -5.202649e-08 -8.202374e-07 4.208053e-06 -4.676370e-04 -7.015781e-05 5.313890e-05
11190.591497 -9.045843e-06 -3.700763e-07 -5.204186e-08 -8.129637e-07 5.083316e-06 -4.742873e-04 -7.404161e-05 6.008641e-05
11195.078922 -8.937486e-06 -3.667774e-07 -5.171595e-08 -8.032242e-07 1.326528e-05 -4.727909e-04 -7.342593e-05 5.480367e-05
11199.578538 -8.849105e-06 -3.639691e-07 -5.154967e-08 -7.959884e-07 2.299577e-05 -4.631014e-04 -7.844676e-05 5.577529e-05
11204.090346 -8.757264e-06 -3.612053e-07 -5.105439e-08 -7.894097e-07 1.562697e-05 -4.630807e-04 -8.695747e-05 5.808989e-05
11208.614346 -8.664431e-06 -3.586494e-07 -5.087221e-08 -7.821410e-07 8.384403e-06 -4.636604e-04 -9.397739e-05 6.320668e-05
11213.150538 -8.563846e-06 -3.555164e-07 -5.068844e-08 -7.739566e-07 1.284841e-05 -4.630621e-04 -7.910974e-05 6.291539e-05
11217.698922 -8.484020e-06 -3.533422e-07 -5.045272e-08 -7.681564e-07 1.002652e-05 -4.621090e-04 -7.231761e-05 5.653004e-05
11222.259498 -8.393410e-06 -3.508558e-07 -4.994007e-08 -7.614851e-07 -5.138543e-06 -4.834769e-04 -7.296756e-05 6.166265e-05
11226.832266 -8.304769e-06 -3.484595e-07 -4.949225e-08 -7.549128e-07 -9.380973e-06 -5.003149e-04 -8.851203e-05 6.515434e-05
11231.417226 -8.212353e-06 -3.458969e-07 -4.908973e-08 -7.474906e-07 5.770894e-06 -4.607479e-04 -7.775587e-05 5.669317e-05
11236.014377 -8.088180e-06 -3.421142e-07 -4.877292e-08 -7.356108e-07 6.286272e-06 -4.575940e-04 -7.527548e-05 5.808947e-05
11240.623721 -8.000726e-06 -3.396352e-07 -4.840807e-08 -7.288633e-07 4.557423e-06 -4.635148e-04 -7.156098e-05 7.599829e-05
11245.245256 -7.918485e-06 -3.368386e-07 -4.802890e-08 -7.225823e-07 3.337001e-06 -4.565380e-04 -7.671042e-05 8.362648e-05
11249.878983 -7.829153e-06 -3.338617e-07 -4.760368e-08 -7.158676e-07 1.619992e-05 -4.524718e-04 -8.334952e-05 7.438964e-05
11254.524902 -7.771637e-06 -3.326473e-07 -4.742794e-08 -7.126447e-07 8.626934e-06 -4.298804e-04 -8.387583e-05 7.074325e-05
11259.183013 -7.689893e-06 -3.304802e-07 -4.733854e-08 -7.061917e-07 1.737305e-05 -4.284748e-04 -7.909699e-05 6.486964e-05
11263.853316 -7.586781e-06 -3.273541e-07 -4.712716e-08 -6.972837e-07 1.168666e-05 -4.222315e-04 -6.215126e-05 6.578046e-05
11268.535811 -7.477142e-06 -3.240851e-07 -4.682691e-08 -6.878042e-07 1.625534e-05 -4.136021e-04 -5.995744e-05 6.826371e-05
11273.230498 -7.422230e-06 -3.225599e-07 -4.689221e-08 -6.842005e-07 1.846396e-05 -4.362308e-04 -5.778631e-05 5.671800e-05
11277.937377 -7.356093e-06 -3.206728e-07 -4.665201e-08 -6.794349e-07 2.262077e-05 -4.421746e-04 -6.101790e-05 6.111336e-05
11282.656448 -7.284432e-06 -3.188400e-07 -4.666672e-08 -6.745899e-07 2.224291e-05 -4.532181e-04 -6.877048e-05 6.448721e-05
11287.387710 -7.197442e-06 -3.161270e-07 -4.646674e-08 -6.675706e-07 2.093188e-05 -4.401056e-04 -6.073305e-05 7.426070e-05
11292.131165 -7.111504e-06 -3.132975e-07 -4.616661e-08 -6.604711e-07 1.323992e-05 -4.335341e-04 -5.969518e-05 7.021278e-05
11296.886811 -7.038304e-06 -3.109304e-07 -4.589507e-08 -6.549503e-07 1.454671e-05 -4.388530e-04 -7.123159e-05 5.915150e-05
11301.654649 -6.939615e-06 -3.076978e-07 -4.547935e-08 -6.468810e-07 1.867183e-05 -4.663048e-04 -6.527643e-05 6.086686e-05
11306.434679 -6.846770e-06 -3.044432e-07 -4.520409e-08 -6.389349e-07 1.425036e-05 -4.867148e-04 -5.521892e-05 5.668438e-05
11311.226901 -6.740111e-06 -3.007104e-07 -4.462809e-08 -6.295351e-07 1.270157e-05 -5.035537e-04 -6.403254e-05 6.290298e-05
11316.031315 -6.685696e-06 -2.986802e-07 -4.444018e-08 -6.266088e-07 1.432043e-05 -5.065573e-04 -6.674250e-05 5.995707e-05
11320.847921 -6.646681e-06 -2.985780e-07 -4.454871e-08 -6.237563e-07 1.124659e-05 -5.028217e-04 -6.760097e-05 5.406853e-05
11325.676719 -6.579795e-06 -2.972287e-07 -4.435266e-08 -6.189005e-07 9.499245e-06 -4.816949e-04 -6.541214e-05 4.783342e-05
11330.517709 -6.490101e-06 -2.949411e-07 -4.416863e-08 -6.115281e-07 7.609806e-06 -4.547080e-04 -5.838257e-05 4.691155e-05
11335.370891 -6.378179e-06 -2.907358e-07 -4.365700e-08 -6.023495e-07 1.179682e-05 -4.357216e-04 -5.746540e-05 5.023055e-05
11340.236264 -6.370396e-06 -2.910709e-07 -4.374908e-08 -6.022580e-07 1.588622e-05 -4.122565e-04 -5.027347e-05 4.739274e-05
