# Facility.name: NSLS-II
# Facility.mode: Beam available
# Facility.current: 401.0156918205737
# Facility.current: 3 GeV
# Facility.year: 2023
# Facility.cycle: 2
# Facility.GUP: 312970
# Facility.SAF: 311402
# Experimenter.name: Esteban Fornero
# Beamline.name: ISS (8-ID)
# Beamline.x-ray_source: damping wiggler
# Beamline.collimation_mirror1.material: Si
# Beamline.collimation_mirror2.material: Pt
# Beamline.collimation_mirror2.bender_loading: -348.0
# Beamline.focusing: toroidal mirror
# Beamline.focusing.material: Pt
# Beamline.focusing.bender_loading: -419.0
# Beamline.harmonic_rejection: Si
# Mono.scan_mode: Si(111)
# Mono.d_spacing: 3.1354951
# Mono.scan_mode: pseudo-channel cut
# Mono.scan_type: fly_scan
# Mono.trajectory_name: f950a534-6fd5.txt
# Mono.direction: None
# Mono.angle_offset: 0.69366577
# Mono.angle_offset: 39.744 deg
# Mono.encoder_resolution: 48.0 nrad
# Detector.I0: ion chamber
# Detector.I1: ion chamber
# Detector.I2: ion chamber
# Detector.IF: PIPS
# Detector.I0.length: 15 cm
# Detector.I1.length: 28 cm
# Detector.I2.length: 15 cm
# Detector.IF.thickness: 300 um
# Detector.I0.gas.N2: 38.0%
# Detector.I1.gas.N2: 38.0%
# Detector.I2.gas.N2: 38.0%
# Detector.I0.gas.He: 62.0%
# Detector.I1.gas.He: 62.0%
# Detector.I2.gas.He: 62.0%
# Detector.I0.voltage: -1649.99707
# Detector.I1.voltage: -1650.001831
# Detector.I2.voltage: -1650.001831
# Detector.I0.gain: 4
# Detector.I1.gain: 6
# Detector.I2.gain: 6
# Detector.IF.gain: 6
# Detector.aux: {}
# Element.symbol: Cu
# Element.edge: K
# Element.line: None
# Scan.transient_id: 371095
# Scan.uid: 722a9df0-ef44-4291-904b-caa3863016df
# Scan.edge_energy: 8979.0
# Scan.start_time: 06/23/2023  06:17:20.071858
# Scan.end_time: 06/23/2023  06:17:53.194391
# Scan.name: CuGaO2-4th PP+O2-ramp (pos 001) Cu-K 0001
# Scan.comment: 
# Sample.name: CuGaO2-4th
# Sample.comment: 
# Sample.position.x: -66.4779948865
# Sample.position.y: 30.523970548999998
# Sample.position.z: -10.184937499999995
# Sample.position.theta: 845.5790000000001
# SampleHeater.temperature1.setpoint: 300.0
# SampleHeater.temperature1.readback: 1372.0
# SampleHeater.current.setpoint: 0.0
# SampleHeater.current.readback: 0.0
# SampleHeater.temperature2.setpoint: 400.0
# SampleHeater.temperature2.readback: 399.20000000000005
# SampleHeater.voltage.setpoint: 0.9167110744444206
# SampleHeater.voltage.readback: 0.923
# SampleHeater.PID.P: 0.025
# SampleHeater.PID.I: 0.07
# SampleHeater.PID.D: 0.0
# SampleGasCart.MFC.CH4.setpoint: 3.0
# SampleGasCart.MFC.CH4.readback: 2.998
# SampleGasCart.MFC.CO.setpoint: 0.0
# SampleGasCart.MFC.CO.readback: 0.0
# SampleGasCart.MFC.H2.setpoint: 0.0
# SampleGasCart.MFC.H2.readback: 0.0
# SampleGasCart.MFC.exhaust.setpoint: 100.0
# SampleGasCart.MFC.exhaust.readback: 11.13
# SampleGasHandlingSystem.gas_a.name: None
# SampleGasHandlingSystem.gas_b.name: None
# SampleGasHandlingSystem.gas_c.name: None
# SampleGasHandlingSystem.gas_d.name: None
# SampleGasHandlingSystem.gas_e.name: He
# SampleGasHandlingSystem.MFC1.setpoint: 7.0
# SampleGasHandlingSystem.MFC1.readback: 6.998697757720947
# SampleGasHandlingSystem.MFC2.setpoint: 0.0
# SampleGasHandlingSystem.MFC2.readback: -0.06103515625
# SampleGasHandlingSystem.MFC3.setpoint: 0.0
# SampleGasHandlingSystem.MFC3.readback: 0.02034505270421505
# SampleGasHandlingSystem.MFC4.setpoint: 0.0
# SampleGasHandlingSystem.MFC4.readback: -0.0528971366584301
# SampleGasHandlingSystem.MFC5.setpoint: 0.0
# SampleGasHandlingSystem.MFC5.readback: -0.008138020522892475
# SampleGasHandlingSystem.MFC6.setpoint: 1.5
# SampleGasHandlingSystem.MFC6.readback: 1.50146484375
# SampleGasHandlingSystem.MFC7.setpoint: 0.0
# SampleGasHandlingSystem.MFC7.readback: -0.0406901054084301
# SampleGasHandlingSystem.MFC8.setpoint: 0.0
# SampleGasHandlingSystem.MFC8.readback: -0.08544921875
# SampleGasHandlingSystem.MFC9.setpoint: 0.0
# SampleGasHandlingSystem.MFC9.readback: -0.0651041641831398
# SampleGasHandlingSystem.MFC10.setpoint: 0.0
# SampleGasHandlingSystem.MFC10.readback: 0.01220703125
# SampleGasHandlingSystem.MFC11.setpoint: 0.0
# SampleGasHandlingSystem.MFC11.readback: -0.1017252579331398
# SampleGasHandlingSystem.MFC12.setpoint: 0.0
# SampleGasHandlingSystem.MFC12.readback: -0.0528971366584301
# SampleGasHandlingSystem.MFC13.setpoint: 0.0
# SampleGasHandlingSystem.MFC13.readback: -0.06103515625
# SampleGasHandlingSystem.MFC14.setpoint: 0.0
# SampleGasHandlingSystem.MFC14.readback: -0.0691731795668602
# SampleGasHandlingSystem.MFC15.setpoint: 0.0
# SampleGasHandlingSystem.MFC15.readback: -0.1139322891831398
# SampleGasHandlingSystem.MFC16.setpoint: 0.0
# SampleGasHandlingSystem.MFC16.readback: -0.0406901054084301
# SampleGasHandlingSystem.RGA.ch1.mass: 2
# SampleGasHandlingSystem.RGA.ch1.readback: 1.07594e-06
# SampleGasHandlingSystem.RGA.ch2.mass: 4
# SampleGasHandlingSystem.RGA.ch2.readback: 0.0
# SampleGasHandlingSystem.RGA.ch3.mass: 5
# SampleGasHandlingSystem.RGA.ch3.readback: 7.81276e-12
# SampleGasHandlingSystem.RGA.ch4.mass: 5
# SampleGasHandlingSystem.RGA.ch4.readback: 4.78717e-10
# SampleGasHandlingSystem.RGA.ch5.mass: 18
# SampleGasHandlingSystem.RGA.ch5.readback: 2.18695e-09
# SampleGasHandlingSystem.RGA.ch6.mass: 28
# SampleGasHandlingSystem.RGA.ch6.readback: 1.4534e-08
# SampleGasHandlingSystem.RGA.ch7.mass: 32
# SampleGasHandlingSystem.RGA.ch7.readback: 3.07315e-09
# SampleGasHandlingSystem.RGA.ch8.mass: 41
# SampleGasHandlingSystem.RGA.ch8.readback: 1.11477e-11
# SampleGasHandlingSystem.RGA.ch9.mass: 44
# SampleGasHandlingSystem.RGA.ch9.readback: 2.07863e-10
# energy  i0  it  ir  iff  aux1  aux2  aux3  aux4
 8779.000000 -3.446080e-05 -3.043626e-07 -2.018646e-07 -3.199565e-07 4.485719e-05 -5.135305e-04 -3.679392e-05 5.919072e-05
 8784.000000 -3.448879e-05 -3.024289e-07 -2.005695e-07 -3.211628e-07 5.295542e-05 -5.007001e-04 -3.976059e-05 5.122671e-05
 8789.000000 -3.435724e-05 -3.028156e-07 -2.009073e-07 -3.204889e-07 5.606199e-05 -4.857207e-04 -3.582317e-05 4.004128e-05
 8794.000000 -3.430857e-05 -2.999925e-07 -1.992638e-07 -3.207357e-07 5.026626e-05 -4.803091e-04 -1.971547e-05 5.938040e-05
 8799.000000 -3.391904e-05 -2.967588e-07 -1.972436e-07 -3.181583e-07 4.469076e-05 -4.563771e-04 -1.518017e-05 6.851997e-05
 8804.000000 -3.419804e-05 -2.996952e-07 -1.992544e-07 -3.215173e-07 4.468813e-05 -4.587898e-04 -2.186327e-05 6.595965e-05
 8809.000000 -3.408538e-05 -3.001637e-07 -1.996797e-07 -3.212039e-07 4.295731e-05 -4.829506e-04 -2.824169e-05 6.810728e-05
 8814.000000 -3.392737e-05 -2.975440e-07 -1.979453e-07 -3.201330e-07 3.656697e-05 -5.005817e-04 -3.398681e-05 6.457750e-05
 8819.000000 -3.370289e-05 -3.024574e-07 -2.014903e-07 -3.182803e-07 3.921670e-05 -5.243871e-04 -3.520702e-05 4.619963e-05
 8824.000000 -3.342187e-05 -3.069887e-07 -2.047854e-07 -3.161670e-07 3.647339e-05 -5.247017e-04 -2.255863e-05 4.884914e-05
 8829.000000 -3.357667e-05 -3.038670e-07 -2.028575e-07 -3.187796e-07 4.768592e-05 -5.059738e-04 -2.217666e-05 6.154022e-05
 8834.000000 -3.372439e-05 -2.996698e-07 -2.001427e-07 -3.214763e-07 5.465393e-05 -5.218908e-04 -1.465383e-05 6.119836e-05
 8839.000000 -3.363016e-05 -3.002323e-07 -2.005389e-07 -3.216389e-07 6.127544e-05 -5.192711e-04 -2.505465e-05 4.967983e-05
 8844.000000 -3.348266e-05 -3.013219e-07 -2.012073e-07 -3.214998e-07 6.051512e-05 -5.324936e-04 -2.946426e-05 4.945042e-05
 8849.000000 -3.328537e-05 -3.029509e-07 -2.026592e-07 -3.206145e-07 6.056687e-05 -5.227551e-04 -3.224758e-05 4.254434e-05
 8854.000000 -3.327744e-05 -3.015481e-07 -2.018307e-07 -3.220508e-07 6.155239e-05 -5.111914e-04 -3.356650e-05 4.555114e-05
 8859.000000 -3.318789e-05 -3.018300e-07 -2.021475e-07 -3.224897e-07 6.107643e-05 -5.112607e-04 -2.930959e-05 4.335523e-05
 8864.000000 -3.309710e-05 -3.021282e-07 -2.025426e-07 -3.224477e-07 6.172768e-05 -5.021518e-04 -2.333974e-05 4.388890e-05
 8869.000000 -3.299394e-05 -3.019254e-07 -2.025405e-07 -3.222495e-07 5.916568e-05 -5.039751e-04 -2.168858e-05 5.102924e-05
 8874.000000 -3.285266e-05 -3.034340e-07 -2.033649e-07 -3.216210e-07 5.338838e-05 -4.858901e-04 -2.514016e-05 3.916831e-05
 8879.000000 -3.274784e-05 -3.043609e-07 -2.043025e-07 -3.215764e-07 6.914069e-05 -5.081042e-04 -2.931495e-05 3.289151e-05
 8884.000000 -3.256174e-05 -3.032966e-07 -2.035409e-07 -3.208806e-07 6.649690e-05 -5.023079e-04 -1.927273e-05 1.683287e-05
 8889.000000 -3.231169e-05 -3.043543e-07 -2.045967e-07 -3.195932e-07 6.083482e-05 -4.930489e-04 -1.889850e-05 5.414404e-06
 8894.000000 -3.243526e-05 -3.083001e-07 -2.073263e-07 -3.212519e-07 6.252985e-05 -5.331584e-04 -1.197502e-05 3.108452e-06
 8899.000000 -3.231942e-05 -3.093460e-07 -2.081991e-07 -3.212055e-07 6.209734e-05 -5.445286e-04 -1.292297e-05 5.405021e-06
 8904.000000 -3.223875e-05 -3.098222e-07 -2.086055e-07 -3.211199e-07 5.672937e-05 -5.413263e-04 -1.066348e-05 1.130099e-05
 8909.000000 -3.213089e-05 -3.107586e-07 -2.095241e-07 -3.206734e-07 5.420646e-05 -5.386560e-04 -1.763083e-05 1.665806e-05
 8914.000000 -3.189040e-05 -3.105418e-07 -2.093530e-07 -3.187961e-07 4.803048e-05 -5.281386e-04 -2.764781e-05 1.363540e-05
 8919.000000 -3.180296e-05 -3.128903e-07 -2.109457e-07 -3.184825e-07 5.043610e-05 -5.127677e-04 -3.806035e-05 4.134749e-07
 8924.000000 -3.163315e-05 -3.131606e-07 -2.110233e-07 -3.180666e-07 5.550017e-05 -5.160971e-04 -4.226556e-05 1.021650e-06
 8929.000000 -3.150778e-05 -3.183979e-07 -2.146830e-07 -3.182184e-07 5.045780e-05 -4.800879e-04 -3.758795e-05 1.452496e-05
 8934.000000 -3.143157e-05 -3.193785e-07 -2.152942e-07 -3.189100e-07 5.781608e-05 -4.736594e-04 -3.352635e-05 1.598175e-05
 8939.000000 -3.141986e-05 -3.182007e-07 -2.145842e-07 -3.202981e-07 5.388300e-05 -4.701695e-04 -3.254042e-05 1.121125e-05
 8944.000000 -3.132006e-05 -3.187632e-07 -2.148697e-07 -3.205971e-07 5.046318e-05 -4.759611e-04 -2.781772e-05 1.345556e-05
 8949.000000 -3.115394e-05 -3.195090e-07 -2.151944e-07 -3.198377e-07 4.739982e-05 -5.295566e-04 -2.866724e-05 5.117418e-06
 8953.000000 -3.105898e-05 -3.200448e-07 -2.154228e-07 -3.198046e-07 4.746373e-05 -5.638760e-04 -2.780184e-05 -8.383508e-07
 8956.000000 -3.102149e-05 -3.187841e-07 -2.142744e-07 -3.201001e-07 5.251940e-05 -5.681999e-04 -2.587786e-05 6.607878e-06
 8958.000000 -3.096561e-05 -3.187260e-07 -2.142375e-07 -3.202970e-07 6.482339e-05 -5.718247e-04 -2.670101e-05 1.646876e-05
 8959.000000 -3.099907e-05 -3.172575e-07 -2.131376e-07 -3.211534e-07 5.948379e-05 -5.595300e-04 -2.756749e-05 1.318197e-05
 8959.200000 -3.099479e-05 -3.165878e-07 -2.126157e-07 -3.212648e-07 5.946064e-05 -5.475089e-04 -2.769164e-05 9.218026e-06
 8959.400000 -3.098855e-05 -3.167791e-07 -2.125595e-07 -3.213029e-07 5.878070e-05 -5.516883e-04 -2.692257e-05 1.151665e-05
 8959.600000 -3.096656e-05 -3.179007e-07 -2.131637e-07 -3.215362e-07 6.769032e-05 -5.686889e-04 -2.214059e-05 7.578755e-06
 8959.800000 -3.097389e-05 -3.164322e-07 -2.122861e-07 -3.217942e-07 7.501817e-05 -5.794544e-04 -2.042455e-05 1.769171e-05
 8960.000000 -3.098942e-05 -3.178469e-07 -2.132381e-07 -3.216138e-07 7.989884e-05 -5.565849e-04 -2.387355e-05 2.254257e-05
 8960.200000 -3.097698e-05 -3.172031e-07 -2.127120e-07 -3.218995e-07 7.675511e-05 -5.407040e-04 -3.659543e-05 7.963335e-06
 8960.400000 -3.098011e-05 -3.177339e-07 -2.129508e-07 -3.217402e-07 8.479030e-05 -5.441645e-04 -2.055532e-05 1.429068e-05
 8960.600000 -3.097809e-05 -3.181371e-07 -2.132716e-07 -3.220073e-07 8.399155e-05 -5.446219e-04 -1.785540e-05 1.667941e-05
 8960.800000 -3.097101e-05 -3.177690e-07 -2.129320e-07 -3.219440e-07 6.630001e-05 -5.533661e-04 -1.833762e-05 1.143748e-05
 8961.000000 -3.093052e-05 -3.195063e-07 -2.139644e-07 -3.213018e-07 7.515067e-05 -5.787461e-04 -9.424040e-06 1.233598e-05
 8961.200000 -3.093653e-05 -3.177383e-07 -2.129249e-07 -3.214591e-07 8.615363e-05 -5.775546e-04 -1.960509e-05 2.149913e-05
 8961.400000 -3.092716e-05 -3.185132e-07 -2.135827e-07 -3.214345e-07 7.772842e-05 -5.655674e-04 -2.734803e-05 1.171908e-05
 8961.600000 -3.093591e-05 -3.175307e-07 -2.130370e-07 -3.216613e-07 8.391134e-05 -5.708618e-04 -2.145275e-05 4.037077e-06
 8961.800000 -3.093338e-05 -3.176130e-07 -2.129108e-07 -3.216695e-07 8.265729e-05 -5.939223e-04 -1.898017e-05 5.108660e-06
 8962.000000 -3.092412e-05 -3.186272e-07 -2.135150e-07 -3.214635e-07 8.402717e-05 -5.920431e-04 -1.797795e-05 -1.461725e-06
 8962.200000 -3.095340e-05 -3.168288e-07 -2.122166e-07 -3.218944e-07 8.216482e-05 -5.811627e-04 -8.140129e-06 5.701112e-06
 8962.400000 -3.095104e-05 -3.180861e-07 -2.130577e-07 -3.217757e-07 7.204341e-05 -5.867293e-04 -1.074232e-06 1.048364e-05
 8962.600000 -3.092806e-05 -3.171961e-07 -2.124025e-07 -3.215301e-07 7.600559e-05 -5.669996e-04 -4.623321e-06 1.172540e-05
 8962.800000 -3.092699e-05 -3.179774e-07 -2.127864e-07 -3.215601e-07 6.562022e-05 -5.614967e-04 -8.391793e-06 1.188842e-05
 8963.000000 -3.091801e-05 -3.169539e-07 -2.120804e-07 -3.212391e-07 6.557466e-05 -5.578173e-04 -8.524128e-06 2.457886e-05
 8963.200000 -3.092038e-05 -3.183427e-07 -2.129283e-07 -3.212641e-07 5.943155e-05 -5.595658e-04 -1.900971e-05 1.831576e-05
 8963.400000 -3.083422e-05 -3.212175e-07 -2.148433e-07 -3.203546e-07 6.627309e-05 -5.563082e-04 -2.899083e-05 8.214977e-06
 8963.600000 -3.074063e-05 -3.213884e-07 -2.149990e-07 -3.193595e-07 5.904979e-05 -5.467414e-04 -1.376830e-05 -1.885647e-06
 8963.800000 -3.082023e-05 -3.189288e-07 -2.134033e-07 -3.202018e-07 6.369109e-05 -5.485801e-04 -1.535570e-05 2.308485e-06
 8964.000000 -3.086409e-05 -3.174360e-07 -2.123226e-07 -3.209922e-07 6.659667e-05 -5.469976e-04 -1.313724e-05 2.099928e-05
 8964.200000 -3.089154e-05 -3.168240e-07 -2.120207e-07 -3.216732e-07 5.510282e-05 -5.590964e-04 -2.594955e-05 2.093983e-05
 8964.400000 -3.085989e-05 -3.182906e-07 -2.129755e-07 -3.214690e-07 4.883275e-05 -5.646498e-04 -2.358747e-05 2.253789e-05
 8964.600000 -3.083716e-05 -3.165843e-07 -2.117434e-07 -3.214065e-07 4.111477e-05 -5.557431e-04 -4.162509e-05 1.737500e-05
 8964.800000 -3.086329e-05 -3.171099e-07 -2.118285e-07 -3.220066e-07 5.328726e-05 -5.610945e-04 -3.608086e-05 3.208855e-05
 8965.000000 -3.086649e-05 -3.159894e-07 -2.109773e-07 -3.223332e-07 6.075730e-05 -5.789863e-04 -3.909641e-05 3.284182e-05
 8965.200000 -3.082317e-05 -3.157049e-07 -2.107960e-07 -3.219464e-07 5.422868e-05 -5.811804e-04 -4.129656e-05 1.367641e-05
 8965.400000 -3.081725e-05 -3.168955e-07 -2.115733e-07 -3.217543e-07 4.539017e-05 -5.610900e-04 -4.240209e-05 -2.713553e-06
 8965.600000 -3.082907e-05 -3.169626e-07 -2.114441e-07 -3.219114e-07 4.537446e-05 -5.756896e-04 -3.492332e-05 6.831615e-06
 8965.800000 -3.074251e-05 -3.167461e-07 -2.111240e-07 -3.213299e-07 4.990816e-05 -5.757987e-04 -2.738026e-05 4.186203e-06
 8966.000000 -3.059113e-05 -3.208542e-07 -2.138830e-07 -3.197087e-07 4.496200e-05 -5.882391e-04 -3.055760e-05 -3.974518e-07
 8966.200000 -3.061997e-05 -3.210780e-07 -2.140263e-07 -3.199482e-07 4.838064e-05 -5.738850e-04 -2.045172e-05 -1.432334e-06
 8966.400000 -3.073560e-05 -3.173921e-07 -2.113037e-07 -3.212527e-07 5.051420e-05 -5.948520e-04 -1.552508e-05 7.250986e-06
 8966.600000 -3.075143e-05 -3.180290e-07 -2.119926e-07 -3.213625e-07 5.048734e-05 -6.027297e-04 -1.268025e-05 8.937785e-06
 8966.800000 -3.075436e-05 -3.165305e-07 -2.108860e-07 -3.217698e-07 4.912619e-05 -5.805284e-04 -2.526924e-05 6.243805e-06
 8967.000000 -3.078351e-05 -3.168521e-07 -2.109468e-07 -3.221104e-07 5.351597e-05 -5.724832e-04 -1.800651e-05 2.105838e-05
 8967.200000 -3.075184e-05 -3.179389e-07 -2.114230e-07 -3.221711e-07 4.135313e-05 -5.811599e-04 -1.173466e-05 1.795727e-05
 8967.400000 -3.074444e-05 -3.169370e-07 -2.105601e-07 -3.220124e-07 3.461416e-05 -5.819413e-04 -2.058460e-05 8.929369e-06
 8967.600000 -3.065703e-05 -3.196444e-07 -2.122964e-07 -3.209627e-07 4.189474e-05 -5.799744e-04 -1.221605e-05 1.147306e-05
 8967.800000 -3.050369e-05 -3.215116e-07 -2.137942e-07 -3.193005e-07 4.021117e-05 -5.695539e-04 -1.947376e-05 1.198002e-05
 8968.000000 -3.047594e-05 -3.254416e-07 -2.166054e-07 -3.185954e-07 4.634469e-05 -5.898502e-04 -1.292231e-05 1.366209e-05
 8968.200000 -3.050939e-05 -3.241830e-07 -2.157317e-07 -3.194577e-07 4.629320e-05 -5.884238e-04 -1.865401e-05 9.240596e-07
 8968.400000 -3.053117e-05 -3.222661e-07 -2.143872e-07 -3.198395e-07 3.722282e-05 -5.747229e-04 -2.161366e-05 6.893633e-06
 8968.600000 -3.054423e-05 -3.225957e-07 -2.144596e-07 -3.200410e-07 5.374085e-05 -5.947205e-04 -1.293135e-05 2.239139e-05
 8968.800000 -3.063901e-05 -3.184553e-07 -2.113268e-07 -3.214248e-07 5.198807e-05 -6.038673e-04 -2.007115e-05 1.876236e-05
 8969.000000 -3.070368e-05 -3.160924e-07 -2.093321e-07 -3.225020e-07 5.641680e-05 -5.984697e-04 -1.402534e-05 2.126099e-05
 8969.200000 -3.070172e-05 -3.168911e-07 -2.098251e-07 -3.225500e-07 4.883392e-05 -6.105797e-04 -2.283716e-05 1.546579e-05
 8969.400000 -3.061659e-05 -3.194987e-07 -2.115281e-07 -3.213662e-07 3.756314e-05 -5.924797e-04 -3.685945e-05 1.238680e-05
 8969.600000 -3.062084e-05 -3.200220e-07 -2.117031e-07 -3.215920e-07 3.898610e-05 -5.641941e-04 -2.781581e-05 7.639833e-06
 8969.800000 -3.059657e-05 -3.211383e-07 -2.123974e-07 -3.215108e-07 4.037228e-05 -5.523463e-04 -3.385429e-05 7.140599e-06
 8970.000000 -3.066212e-05 -3.187639e-07 -2.105799e-07 -3.224098e-07 2.936815e-05 -5.570005e-04 -2.153131e-05 2.007361e-05
 8970.200000 -3.069173e-05 -3.181659e-07 -2.101110e-07 -3.226559e-07 2.730180e-05 -5.516023e-04 -1.156436e-05 3.000139e-05
 8970.400000 -3.066857e-05 -3.184116e-07 -2.099231e-07 -3.226191e-07 3.202410e-05 -5.676335e-04 -3.223430e-05 2.672933e-05
 8970.600000 -3.068726e-05 -3.178792e-07 -2.096469e-07 -3.231870e-07 2.818134e-05 -5.760891e-04 -3.146974e-05 2.367827e-05
 8970.800000 -3.060739e-05 -3.202769e-07 -2.111983e-07 -3.223221e-07 4.200909e-05 -5.699138e-04 -3.926674e-06 3.552538e-05
 8971.000000 -3.063369e-05 -3.189711e-07 -2.100363e-07 -3.226646e-07 3.694988e-05 -5.694557e-04 -1.822832e-05 2.125563e-05
 8971.200000 -3.068502e-05 -3.185134e-07 -2.093556e-07 -3.235809e-07 4.046635e-05 -5.607685e-04 -2.366796e-05 2.118471e-05
 8971.400000 -3.064953e-05 -3.183435e-07 -2.089349e-07 -3.233555e-07 4.661294e-05 -5.568194e-04 -2.484620e-05 2.117805e-05
 8971.600000 -3.066044e-05 -3.185964e-07 -2.088801e-07 -3.234902e-07 5.038308e-05 -5.604827e-04 -1.914715e-05 1.432535e-05
 8971.800000 -3.059325e-05 -3.204289e-07 -2.098427e-07 -3.228767e-07 5.075936e-05 -5.633852e-04 -6.533199e-06 1.899779e-05
 8972.000000 -3.059641e-05 -3.191317e-07 -2.088393e-07 -3.231601e-07 5.543050e-05 -5.604985e-04 -8.972393e-06 2.156759e-05
 8972.200000 -3.062103e-05 -3.185343e-07 -2.084193e-07 -3.233917e-07 6.251069e-05 -5.604922e-04 -2.185448e-05 2.227517e-05
 8972.400000 -3.063449e-05 -3.169708e-07 -2.072058e-07 -3.240176e-07 6.423568e-05 -5.674741e-04 -2.310702e-05 2.253447e-05
 8972.600000 -3.063530e-05 -3.176035e-07 -2.073982e-07 -3.242938e-07 6.005164e-05 -5.516707e-04 -2.308189e-05 2.055980e-05
 8972.800000 -3.063482e-05 -3.171240e-07 -2.067705e-07 -3.247413e-07 5.662044e-05 -5.665469e-04 -2.127037e-05 1.578058e-05
 8973.000000 -3.065215e-05 -3.149055e-07 -2.048887e-07 -3.252308e-07 5.929056e-05 -5.719715e-04 -2.204955e-05 1.046944e-05
 8973.200000 -3.067780e-05 -3.145578e-07 -2.041907e-07 -3.258536e-07 5.910801e-05 -5.353364e-04 -2.248101e-05 6.553318e-06
 8973.400000 -3.067808e-05 -3.151801e-07 -2.044046e-07 -3.257701e-07 5.143959e-05 -5.285346e-04 -1.952035e-05 9.802493e-06
 8973.600000 -3.065553e-05 -3.150042e-07 -2.038674e-07 -3.256519e-07 4.955602e-05 -5.564637e-04 -1.313013e-05 6.917197e-06
 8973.800000 -3.062466e-05 -3.170576e-07 -2.047170e-07 -3.258247e-07 5.081055e-05 -5.776201e-04 -2.439408e-05 1.341195e-07
 8974.000000 -3.065120e-05 -3.158485e-07 -2.035369e-07 -3.260495e-07 5.143097e-05 -5.475768e-04 -1.057763e-05 -2.626023e-07
 8974.200000 -3.066367e-05 -3.149253e-07 -2.022058e-07 -3.264266e-07 6.138227e-05 -5.414912e-04 -1.067763e-05 2.400217e-06
 8974.400000 -3.065759e-05 -3.159279e-07 -2.022077e-07 -3.266851e-07 6.105244e-05 -5.567749e-04 -7.663906e-06 8.492507e-07
 8974.600000 -3.064008e-05 -3.164059e-07 -2.019687e-07 -3.269572e-07 5.509057e-05 -5.822149e-04 -1.671741e-05 -6.923829e-06
 8974.800000 -3.060675e-05 -3.163650e-07 -2.013009e-07 -3.269379e-07 5.171674e-05 -5.617062e-04 -3.173513e-05 -3.927477e-06
 8975.000000 -3.052299e-05 -3.200079e-07 -2.028212e-07 -3.263514e-07 5.721763e-05 -5.643482e-04 -2.217973e-05 -5.536098e-06
 8975.200000 -3.041976e-05 -3.226433e-07 -2.037612e-07 -3.255289e-07 5.446721e-05 -5.589890e-04 -1.135299e-05 -1.073692e-05
 8975.400000 -3.048622e-05 -3.196990e-07 -2.007315e-07 -3.268162e-07 5.039286e-05 -5.689341e-04 -1.903751e-05 -1.165164e-05
 8975.600000 -3.054145e-05 -3.175062e-07 -1.983273e-07 -3.280119e-07 5.400550e-05 -5.821854e-04 -1.294907e-05 -1.522093e-05
 8975.800000 -3.057550e-05 -3.178040e-07 -1.970627e-07 -3.286999e-07 5.266063e-05 -5.980439e-04 -4.705770e-06 -3.144526e-06
 8976.000000 -3.061944e-05 -3.143907e-07 -1.935258e-07 -3.297827e-07 4.528730e-05 -5.671192e-04 -1.261540e-05 7.038226e-06
 8976.200000 -3.061585e-05 -3.149152e-07 -1.921627e-07 -3.304763e-07 5.757964e-05 -5.639642e-04 -1.538483e-05 -6.797400e-07
 8976.400000 -3.060054e-05 -3.149494e-07 -1.901351e-07 -3.309476e-07 5.346011e-05 -5.653055e-04 -2.984712e-05 -2.585429e-06
 8976.600000 -3.055925e-05 -3.139902e-07 -1.872140e-07 -3.315628e-07 5.182113e-05 -5.382666e-04 -2.785069e-05 -1.071961e-05
 8976.800000 -3.054812e-05 -3.161678e-07 -1.854521e-07 -3.319533e-07 5.249784e-05 -5.291954e-04 -2.223366e-05 -1.181372e-05
 8977.000000 -3.055148e-05 -3.148430e-07 -1.810155e-07 -3.331269e-07 4.995420e-05 -5.303443e-04 -2.145212e-05 4.779978e-06
 8977.200000 -3.056462e-05 -3.150861e-07 -1.768851e-07 -3.341564e-07 4.765499e-05 -5.336497e-04 -2.151320e-05 1.556504e-06
 8977.400000 -3.054075e-05 -3.143363e-07 -1.715097e-07 -3.353110e-07 7.017471e-05 -5.648686e-04 -1.860672e-05 8.628132e-06
 8977.600000 -3.048647e-05 -3.152912e-07 -1.663447e-07 -3.362880e-07 6.648494e-05 -5.475923e-04 -3.124322e-05 1.502485e-06
 8977.800000 -3.047673e-05 -3.154023e-07 -1.600715e-07 -3.377030e-07 7.648052e-05 -5.471549e-04 -1.619845e-05 -3.682515e-06
 8978.000000 -3.046674e-05 -3.125458e-07 -1.514094e-07 -3.394362e-07 7.574944e-05 -5.630837e-04 -4.939829e-06 3.923160e-06
 8978.200000 -3.049283e-05 -3.131753e-07 -1.436481e-07 -3.420106e-07 6.621381e-05 -5.391316e-04 -2.948304e-05 -1.295461e-05
 8978.400000 -3.049358e-05 -3.114472e-07 -1.347816e-07 -3.451730e-07 4.936238e-05 -5.583242e-04 -3.292723e-05 -7.138162e-06
 8978.600000 -3.047719e-05 -3.121133e-07 -1.276846e-07 -3.482947e-07 4.473276e-05 -5.713272e-04 -1.115158e-05 6.188511e-06
 8978.800000 -3.041076e-05 -3.118891e-07 -1.206613e-07 -3.521687e-07 5.063661e-05 -5.787010e-04 -5.499667e-06 -1.139906e-08
 8979.000000 -3.041179e-05 -3.099576e-07 -1.130870e-07 -3.577695e-07 5.881864e-05 -5.619492e-04 -8.337978e-06 3.991832e-07
 8979.200000 -3.040889e-05 -3.098360e-07 -1.070695e-07 -3.639776e-07 5.561597e-05 -5.414295e-04 -1.455591e-05 8.556217e-06
 8979.400000 -3.037966e-05 -3.088395e-07 -1.016909e-07 -3.718202e-07 5.904706e-05 -5.622541e-04 -1.071811e-05 6.961765e-06
 8979.600000 -3.034388e-05 -3.083858e-07 -9.727005e-08 -3.806057e-07 6.416353e-05 -5.613269e-04 -7.364205e-06 8.962336e-06
 8979.800000 -3.035925e-05 -3.060943e-07 -9.303745e-08 -3.920370e-07 6.724418e-05 -5.424793e-04 -2.285486e-05 -3.030851e-06
 8980.000000 -3.035178e-05 -3.059399e-07 -9.071915e-08 -4.048924e-07 7.202481e-05 -5.630995e-04 -2.290333e-05 -5.147606e-06
 8980.200000 -3.033110e-05 -3.045526e-07 -8.858460e-08 -4.187954e-07 7.321238e-05 -5.694769e-04 -2.554635e-05 2.601419e-06
 8980.400000 -3.027130e-05 -3.029090e-07 -8.700719e-08 -4.326674e-07 6.876920e-05 -5.703275e-04 -9.746012e-06 4.823183e-07
 8980.600000 -3.021803e-05 -3.040099e-07 -8.681211e-08 -4.453704e-07 5.793211e-05 -5.572208e-04 -1.053975e-05 -5.589226e-06
 8980.800000 -3.016887e-05 -3.016802e-07 -8.578463e-08 -4.564697e-07 5.585922e-05 -5.417882e-04 -1.637625e-06 -6.408312e-07
 8981.000000 -3.017703e-05 -2.994244e-07 -8.498130e-08 -4.658086e-07 5.036273e-05 -5.444471e-04 -1.485773e-05 -6.290020e-06
 8981.200000 -3.021095e-05 -2.975580e-07 -8.473403e-08 -4.712177e-07 5.397151e-05 -5.249723e-04 -1.736523e-05 -6.321939e-06
 8981.400000 -3.020992e-05 -2.975857e-07 -8.509631e-08 -4.721903e-07 4.799265e-05 -5.254977e-04 -1.718231e-05 -9.534126e-06
 8981.600000 -3.024805e-05 -2.978615e-07 -8.582953e-08 -4.700406e-07 4.480297e-05 -5.363349e-04 -1.184559e-05 -2.217719e-06
 8981.800000 -3.023934e-05 -2.982931e-07 -8.647246e-08 -4.635029e-07 4.288347e-05 -5.492282e-04 -1.996200e-05 -3.047543e-06
 8982.000000 -3.019917e-05 -2.997819e-07 -8.732531e-08 -4.544781e-07 4.539819e-05 -5.234121e-04 -1.510535e-05 -9.599821e-07
 8982.200000 -3.017248e-05 -3.002668e-07 -8.789330e-08 -4.453932e-07 5.253272e-05 -5.278826e-04 -2.993892e-05 -9.985631e-06
 8982.400000 -3.013815e-05 -3.020058e-07 -8.838438e-08 -4.359935e-07 5.463498e-05 -5.286593e-04 -2.425473e-05 -7.200669e-06
 8982.600000 -3.013760e-05 -3.034826e-07 -8.868794e-08 -4.285031e-07 4.513750e-05 -5.116290e-04 -1.997138e-05 -6.934543e-06
 8982.800000 -3.015107e-05 -3.033637e-07 -8.851038e-08 -4.225626e-07 4.905799e-05 -5.183850e-04 -1.508195e-05 -3.260658e-06
 8983.000000 -3.018995e-05 -3.007841e-07 -8.729077e-08 -4.190160e-07 5.698316e-05 -5.428575e-04 -1.012750e-05 -1.167555e-06
 8983.200000 -3.018250e-05 -3.033625e-07 -8.735918e-08 -4.158503e-07 4.901470e-05 -5.630837e-04 -1.523349e-05 -6.174602e-06
 8983.400000 -3.017581e-05 -3.025735e-07 -8.624474e-08 -4.142190e-07 3.974690e-05 -5.577105e-04 -2.009778e-05 -7.359760e-06
 8983.600000 -3.017910e-05 -3.038510e-07 -8.563125e-08 -4.138215e-07 3.659297e-05 -5.423924e-04 -1.320940e-05 -1.250845e-05
 8983.800000 -3.014289e-05 -3.045205e-07 -8.466252e-08 -4.139216e-07 4.410233e-05 -5.552790e-04 -3.922248e-06 -1.590414e-05
 8984.000000 -3.014449e-05 -3.037514e-07 -8.357876e-08 -4.155893e-07 5.256795e-05 -5.663985e-04 -1.120496e-05 -8.109814e-06
 8984.200000 -3.013067e-05 -3.048418e-07 -8.280271e-08 -4.178633e-07 5.179153e-05 -5.579077e-04 -7.764109e-06 -2.632089e-06
 8984.400000 -3.007343e-05 -3.063134e-07 -8.217966e-08 -4.197536e-07 5.237064e-05 -5.420549e-04 -1.161118e-06 -7.807953e-06
 8984.600000 -3.000875e-05 -3.103787e-07 -8.197741e-08 -4.213645e-07 4.813252e-05 -5.349048e-04 -1.422568e-08 -7.420924e-06
 8984.800000 -2.994601e-05 -3.125337e-07 -8.154008e-08 -4.230669e-07 4.685932e-05 -5.552016e-04 -1.164224e-05 -1.341980e-05
 8985.000000 -2.984940e-05 -3.127580e-07 -8.045167e-08 -4.240361e-07 5.241365e-05 -5.593677e-04 -6.358769e-06 -2.079412e-05
 8985.200000 -2.982818e-05 -3.128583e-07 -7.941850e-08 -4.258912e-07 4.729082e-05 -5.592453e-04 -3.646243e-06 -1.182709e-05
 8985.400000 -2.980697e-05 -3.099283e-07 -7.779760e-08 -4.279374e-07 5.204701e-05 -5.466453e-04 -2.611013e-06 -7.997783e-06
 8985.600000 -2.991597e-05 -3.092298e-07 -7.654176e-08 -4.322481e-07 4.209912e-05 -5.551019e-04 -9.668965e-06 -6.100692e-06
 8985.800000 -2.997354e-05 -3.072319e-07 -7.480021e-08 -4.357003e-07 4.421161e-05 -5.759836e-04 -9.892677e-06 -1.197367e-05
 8986.000000 -2.993813e-05 -3.083917e-07 -7.379706e-08 -4.372993e-07 5.057963e-05 -5.791934e-04 -8.086300e-06 -3.765749e-06
 8986.200000 -2.990527e-05 -3.067715e-07 -7.217966e-08 -4.386891e-07 3.829789e-05 -5.652740e-04 -1.295877e-05 -9.221529e-06
 8986.400000 -2.990126e-05 -3.099685e-07 -7.153353e-08 -4.413097e-07 4.323169e-05 -5.557336e-04 -1.102978e-05 -1.210435e-05
 8986.600000 -2.994454e-05 -3.048623e-07 -6.879581e-08 -4.449347e-07 4.769537e-05 -5.422253e-04 -4.705240e-06 -1.024328e-07
 8986.800000 -2.998911e-05 -3.024658e-07 -6.717191e-08 -4.490687e-07 5.483243e-05 -5.438101e-04 -2.382231e-05 2.854205e-06
 8987.000000 -3.003967e-05 -3.022578e-07 -6.577020e-08 -4.532354e-07 4.600412e-05 -5.444820e-04 -3.239818e-05 1.085958e-06
 8987.200000 -3.003568e-05 -3.002965e-07 -6.382566e-08 -4.567571e-07 5.161104e-05 -5.562193e-04 -3.061019e-05 5.715287e-06
 8987.400000 -3.005389e-05 -3.001995e-07 -6.239422e-08 -4.613838e-07 4.541934e-05 -5.652940e-04 -2.466571e-05 -5.447734e-07
 8987.600000 -3.005345e-05 -2.984707e-07 -6.047371e-08 -4.660465e-07 4.050216e-05 -5.583416e-04 -3.049171e-05 1.916176e-06
 8987.800000 -3.004045e-05 -2.990759e-07 -5.894952e-08 -4.706125e-07 4.596153e-05 -5.569950e-04 -2.131513e-05 2.919845e-06
 8988.000000 -2.999296e-05 -3.007108e-07 -5.771749e-08 -4.746766e-07 6.053844e-05 -5.533571e-04 -1.434639e-05 7.394968e-06
 8988.200000 -2.998537e-05 -2.997331e-07 -5.606239e-08 -4.797301e-07 5.596642e-05 -5.591257e-04 -1.816575e-05 3.304383e-06
 8988.400000 -2.997721e-05 -2.986194e-07 -5.429194e-08 -4.842038e-07 5.089939e-05 -5.519530e-04 -1.475986e-05 -2.458029e-06
 8988.600000 -2.998059e-05 -2.972382e-07 -5.238221e-08 -4.897948e-07 4.462043e-05 -5.250629e-04 -2.389115e-05 -1.137756e-05
 8988.800000 -3.000643e-05 -2.973467e-07 -5.089973e-08 -4.954994e-07 4.422680e-05 -5.387522e-04 -2.366817e-05 -2.556179e-06
 8989.000000 -2.995822e-05 -2.961947e-07 -4.908489e-08 -5.001639e-07 4.786148e-05 -5.525805e-04 -3.464739e-05 -1.463087e-06
 8989.200000 -2.987400e-05 -3.003030e-07 -4.826357e-08 -5.033390e-07 5.369563e-05 -5.612269e-04 -3.546959e-05 -7.389629e-06
 8989.400000 -2.989025e-05 -2.986559e-07 -4.669275e-08 -5.084560e-07 5.640196e-05 -5.536360e-04 -3.010821e-05 -5.970776e-06
 8989.600000 -2.989407e-05 -2.962452e-07 -4.495147e-08 -5.138329e-07 5.672034e-05 -5.531512e-04 -2.355163e-05 -8.761077e-06
 8989.800000 -2.987606e-05 -2.989391e-07 -4.399350e-08 -5.182412e-07 5.754819e-05 -5.519522e-04 -1.842113e-05 -4.027772e-06
 8990.000000 -2.988519e-05 -2.953966e-07 -4.203918e-08 -5.237557e-07 6.968832e-05 -5.390576e-04 -2.853629e-05 -9.681283e-06
 8990.200000 -2.989603e-05 -2.946915e-07 -4.063132e-08 -5.284217e-07 7.827353e-05 -5.510377e-04 -1.592969e-05 -5.134921e-06
 8990.400000 -2.989002e-05 -2.946526e-07 -3.923521e-08 -5.329640e-07 6.268443e-05 -5.277681e-04 -7.353430e-06 -5.627856e-06
 8990.600000 -2.991248e-05 -2.926437e-07 -3.765778e-08 -5.374310e-07 6.895985e-05 -5.180196e-04 -1.307057e-05 -7.416543e-06
 8990.800000 -2.991017e-05 -2.929087e-07 -3.688385e-08 -5.409464e-07 6.268626e-05 -5.237112e-04 -2.679858e-05 2.664998e-06
 8991.000000 -2.986647e-05 -2.929206e-07 -3.582942e-08 -5.425305e-07 6.466272e-05 -5.301492e-04 -2.847553e-05 -6.937272e-07
 8991.200000 -2.982505e-05 -2.947929e-07 -3.529542e-08 -5.437847e-07 6.265227e-05 -5.427446e-04 -2.361180e-05 -9.902492e-06
 8991.400000 -2.978869e-05 -2.945927e-07 -3.440279e-08 -5.448151e-07 6.545086e-05 -5.506039e-04 -3.488042e-05 -1.015080e-05
 8991.600000 -2.980331e-05 -2.946123e-07 -3.359666e-08 -5.463084e-07 6.507145e-05 -5.673811e-04 -3.163322e-05 -1.547727e-06
 8991.800000 -2.981547e-05 -2.934903e-07 -3.264355e-08 -5.477436e-07 5.440020e-05 -5.715079e-04 -2.600442e-05 -8.283957e-06
 8992.000000 -2.978192e-05 -2.954347e-07 -3.240071e-08 -5.471875e-07 5.490513e-05 -5.733096e-04 -3.222369e-05 -4.406691e-06
 8992.200000 -2.976007e-05 -2.946444e-07 -3.201675e-08 -5.466167e-07 5.860052e-05 -5.640140e-04 -2.310385e-05 5.178500e-06
 8992.400000 -2.971280e-05 -2.980021e-07 -3.203998e-08 -5.452651e-07 5.373427e-05 -5.824500e-04 -2.390325e-05 7.173837e-06
 8992.600000 -2.969571e-05 -2.970622e-07 -3.160124e-08 -5.447073e-07 5.164901e-05 -5.859073e-04 -1.388286e-05 1.357166e-05
 8992.800000 -2.968611e-05 -2.965129e-07 -3.133117e-08 -5.438206e-07 5.196360e-05 -5.621116e-04 -2.019695e-05 7.352086e-06
 8993.000000 -2.965497e-05 -2.973856e-07 -3.119472e-08 -5.428462e-07 4.056130e-05 -5.530651e-04 -3.043762e-05 -6.018633e-07
 8993.200000 -2.976058e-05 -2.933769e-07 -3.051364e-08 -5.450546e-07 4.025446e-05 -5.366868e-04 -2.423914e-05 3.869566e-06
 8993.400000 -2.976386e-05 -2.945651e-07 -3.040615e-08 -5.451508e-07 3.644804e-05 -5.461256e-04 -1.657203e-05 9.016571e-06
 8993.600000 -2.974817e-05 -2.937784e-07 -3.051382e-08 -5.452252e-07 4.548022e-05 -5.336851e-04 -2.168730e-05 -3.449480e-06
 8993.800000 -2.975448e-05 -2.948792e-07 -3.087512e-08 -5.458581e-07 5.072592e-05 -5.425213e-04 -1.408776e-05 -1.750740e-06
 8994.000000 -2.975958e-05 -2.940840e-07 -3.097949e-08 -5.469087e-07 4.606598e-05 -5.301054e-04 -1.839067e-05 -2.973066e-06
 8994.200000 -2.970646e-05 -2.973347e-07 -3.169405e-08 -5.469393e-07 6.005287e-05 -5.387632e-04 -1.471272e-05 1.872621e-06
 8994.400000 -2.968280e-05 -2.960322e-07 -3.190249e-08 -5.483767e-07 5.911605e-05 -5.533541e-04 -1.782683e-05 -6.163955e-06
 8994.600000 -2.956030e-05 -3.005419e-07 -3.263898e-08 -5.473117e-07 6.735955e-05 -5.597546e-04 -1.376270e-05 -1.046441e-05
 8994.800000 -2.954009e-05 -3.009356e-07 -3.335210e-08 -5.499788e-07 6.460453e-05 -5.612943e-04 -9.073659e-06 -1.576669e-05
 8995.000000 -2.967418e-05 -2.943460e-07 -3.312201e-08 -5.570693e-07 5.738613e-05 -5.754626e-04 -2.714452e-05 -1.550811e-05
 8995.200000 -2.970257e-05 -2.933938e-07 -3.328379e-08 -5.615751e-07 6.107071e-05 -5.850985e-04 -1.947518e-05 -1.768813e-05
 8995.400000 -2.967637e-05 -2.943846e-07 -3.371332e-08 -5.641483e-07 5.567096e-05 -5.817619e-04 -3.057614e-05 -1.655976e-05
 8995.600000 -2.960670e-05 -2.967306e-07 -3.441547e-08 -5.656319e-07 5.186609e-05 -5.644711e-04 -2.657782e-05 -1.453787e-05
 8995.800000 -2.952842e-05 -2.993266e-07 -3.516233e-08 -5.667290e-07 5.690760e-05 -5.585351e-04 -2.688845e-05 -2.091317e-05
 8996.000000 -2.963059e-05 -2.943844e-07 -3.499505e-08 -5.726251e-07 5.329618e-05 -5.713541e-04 -2.792466e-06 -2.297653e-05
 8996.200000 -2.963109e-05 -2.946469e-07 -3.557357e-08 -5.755834e-07 5.181768e-05 -5.709187e-04 -2.062042e-05 -1.670264e-05
 8996.400000 -2.962413e-05 -2.929999e-07 -3.564722e-08 -5.775836e-07 5.585526e-05 -5.714979e-04 -2.095795e-05 -1.795563e-05
 8996.600000 -2.964369e-05 -2.919677e-07 -3.580157e-08 -5.798945e-07 6.350437e-05 -5.765673e-04 4.055983e-06 -1.373735e-05
 8996.800000 -2.968209e-05 -2.918032e-07 -3.612066e-08 -5.825714e-07 6.748850e-05 -5.851189e-04 1.063751e-05 -1.596700e-05
 8997.000000 -2.970545e-05 -2.900470e-07 -3.600173e-08 -5.841888e-07 6.445057e-05 -5.737078e-04 7.666435e-07 -1.886713e-06
 8997.200000 -2.967198e-05 -2.914233e-07 -3.613095e-08 -5.838722e-07 6.221329e-05 -5.659863e-04 5.289752e-06 6.731848e-06
 8997.400000 -2.964424e-05 -2.910021e-07 -3.620099e-08 -5.828832e-07 6.384586e-05 -5.561772e-04 7.977290e-06 2.314900e-06
 8997.600000 -2.966082e-05 -2.906458e-07 -3.625087e-08 -5.822534e-07 7.026274e-05 -5.491600e-04 8.848490e-06 -1.542750e-06
 8997.800000 -2.966395e-05 -2.902440e-07 -3.629672e-08 -5.804089e-07 6.241855e-05 -5.435441e-04 5.236883e-06 -7.838813e-06
 8998.000000 -2.967015e-05 -2.901413e-07 -3.615931e-08 -5.785432e-07 5.578307e-05 -5.372773e-04 2.441350e-06 -9.482375e-06
 8998.200000 -2.963913e-05 -2.906850e-07 -3.603291e-08 -5.756133e-07 6.040896e-05 -5.549220e-04 1.938769e-06 -3.610748e-06
 8998.400000 -2.963499e-05 -2.912583e-07 -3.599212e-08 -5.725345e-07 5.341072e-05 -5.759490e-04 -1.120389e-05 -2.345166e-05
 8998.600000 -2.963040e-05 -2.920694e-07 -3.583286e-08 -5.694196e-07 5.949096e-05 -6.015014e-04 -1.486483e-06 -8.621762e-06
 8998.800000 -2.964765e-05 -2.897484e-07 -3.544228e-08 -5.670775e-07 6.308583e-05 -6.145993e-04 -4.707932e-06 1.259149e-06
 8999.000000 -2.965133e-05 -2.895190e-07 -3.530546e-08 -5.638559e-07 6.316797e-05 -5.931604e-04 -6.916317e-07 -3.065523e-06
 8999.200000 -2.963611e-05 -2.892923e-07 -3.505993e-08 -5.603750e-07 6.734814e-05 -5.775316e-04 -6.660711e-06 -2.087810e-05
 8999.400000 -2.963341e-05 -2.899370e-07 -3.471096e-08 -5.577532e-07 5.924871e-05 -5.933367e-04 -1.680827e-05 -2.104968e-05
 8999.600000 -2.961276e-05 -2.922934e-07 -3.456997e-08 -5.544746e-07 5.496848e-05 -5.985493e-04 -2.273004e-05 -1.209174e-05
 8999.800000 -2.959455e-05 -2.909322e-07 -3.383051e-08 -5.515025e-07 4.992174e-05 -6.060775e-04 -1.397370e-05 -4.614445e-06
 9000.000000 -2.957148e-05 -2.933454e-07 -3.344669e-08 -5.487961e-07 4.758204e-05 -6.198174e-04 -7.778386e-06 -6.537730e-06
 9000.200000 -2.954348e-05 -2.942782e-07 -3.335165e-08 -5.461962e-07 4.458794e-05 -6.027676e-04 -2.087791e-05 -8.921440e-06
 9000.400000 -2.949537e-05 -2.945277e-07 -3.301382e-08 -5.431264e-07 4.855436e-05 -5.789605e-04 -2.089027e-05 -6.840689e-06
 9000.600000 -2.944006e-05 -2.955190e-07 -3.285872e-08 -5.404505e-07 5.284519e-05 -5.601318e-04 -1.822280e-05 -7.932470e-06
 9000.800000 -2.942577e-05 -2.966653e-07 -3.262047e-08 -5.391184e-07 5.219293e-05 -5.801461e-04 -1.244433e-05 -1.033619e-05
 9001.000000 -2.946115e-05 -2.949545e-07 -3.185180e-08 -5.388886e-07 4.862835e-05 -5.958261e-04 2.503795e-07 3.058152e-07
 9001.200000 -2.940918e-05 -2.924173e-07 -3.118497e-08 -5.375208e-07 4.682431e-05 -6.078352e-04 5.598627e-06 -2.957841e-06
 9001.400000 -2.928135e-05 -2.920925e-07 -3.085261e-08 -5.347298e-07 5.056127e-05 -6.159312e-04 -8.853656e-06 -7.687040e-06
 9001.600000 -2.900966e-05 -2.928082e-07 -3.078149e-08 -5.290147e-07 4.071978e-05 -6.151631e-04 -4.931338e-06 -1.267281e-05
 9001.800000 -2.883147e-05 -2.919562e-07 -3.047457e-08 -5.257001e-07 4.171275e-05 -5.956695e-04 -3.301478e-06 -1.592229e-05
 9002.000000 -2.882866e-05 -2.887151e-07 -2.970956e-08 -5.259517e-07 4.633416e-05 -5.857746e-04 -3.128838e-07 -7.761442e-06
 9002.200000 -2.891068e-05 -2.875916e-07 -2.948823e-08 -5.275542e-07 4.949937e-05 -5.775798e-04 2.222942e-05 -7.450755e-06
 9002.400000 -2.901866e-05 -2.886354e-07 -2.945691e-08 -5.289303e-07 4.518549e-05 -5.832600e-04 1.393476e-05 -4.278976e-06
 9002.600000 -2.916150e-05 -2.893672e-07 -2.934166e-08 -5.311036e-07 4.161048e-05 -5.719474e-04 5.481067e-06 -1.082353e-05
 9002.800000 -2.933519e-05 -2.902756e-07 -2.950324e-08 -5.336457e-07 4.824292e-05 -5.844912e-04 -2.394996e-06 -1.511311e-05
 9003.000000 -2.947804e-05 -2.917147e-07 -2.999079e-08 -5.357910e-07 4.450837e-05 -5.976456e-04 5.882675e-06 -8.087549e-06
 9003.200000 -2.955413e-05 -2.931366e-07 -3.047866e-08 -5.366895e-07 4.591488e-05 -5.960838e-04 5.708276e-06 -7.844470e-06
 9003.400000 -2.959004e-05 -2.929224e-07 -3.068571e-08 -5.370864e-07 4.935036e-05 -5.913085e-04 1.126827e-05 -8.311627e-06
 9003.600000 -2.959268e-05 -2.927801e-07 -3.112210e-08 -5.369579e-07 6.103955e-05 -5.768761e-04 3.459414e-06 -6.191560e-06
 9003.800000 -2.958308e-05 -2.925710e-07 -3.140064e-08 -5.363717e-07 6.736089e-05 -5.631660e-04 7.392634e-07 -4.993771e-06
 9004.000000 -2.956236e-05 -2.934422e-07 -3.165663e-08 -5.355504e-07 5.099796e-05 -5.548664e-04 -1.428374e-05 -2.663207e-06
 9004.200000 -2.955006e-05 -2.937556e-07 -3.232213e-08 -5.346175e-07 4.680524e-05 -5.732519e-04 -8.778432e-06 -3.212824e-06
 9004.400000 -2.952122e-05 -2.933329e-07 -3.269189e-08 -5.337516e-07 4.869185e-05 -5.779785e-04 -6.369853e-07 -6.330999e-06
 9004.600000 -2.954597e-05 -2.937594e-07 -3.316021e-08 -5.338747e-07 4.133916e-05 -5.823552e-04 -1.277514e-05 -9.464614e-06
 9004.800000 -2.949620e-05 -2.947868e-07 -3.358062e-08 -5.323654e-07 4.060387e-05 -5.899385e-04 -1.425883e-05 -1.455715e-05
 9005.000000 -2.949215e-05 -2.945600e-07 -3.388029e-08 -5.317788e-07 4.411454e-05 -5.821109e-04 -1.967240e-05 -1.171410e-05
 9005.200000 -2.951702e-05 -2.920430e-07 -3.370068e-08 -5.325107e-07 4.589533e-05 -5.858067e-04 -2.134820e-05 -5.679721e-06
 9005.400000 -2.949785e-05 -2.928811e-07 -3.404195e-08 -5.315825e-07 4.757554e-05 -5.790491e-04 -1.843861e-05 8.595679e-07
 9005.600000 -2.950350e-05 -2.936054e-07 -3.451191e-08 -5.315416e-07 4.206548e-05 -5.837821e-04 -7.291447e-06 7.902782e-07
 9005.800000 -2.950374e-05 -2.919530e-07 -3.447941e-08 -5.315097e-07 3.860749e-05 -5.990257e-04 -7.096764e-06 1.092239e-05
 9006.000000 -2.950965e-05 -2.924967e-07 -3.490589e-08 -5.312435e-07 4.551704e-05 -5.784468e-04 -7.874673e-06 2.110024e-06
 9006.200000 -2.947416e-05 -2.921052e-07 -3.508030e-08 -5.305115e-07 4.550650e-05 -5.709390e-04 -6.287631e-06 -1.311319e-05
 9006.400000 -2.943188e-05 -2.941985e-07 -3.567738e-08 -5.291826e-07 4.749239e-05 -5.643289e-04 -1.157856e-05 -2.202422e-05
 9006.600000 -2.939345e-05 -2.947758e-07 -3.585261e-08 -5.276323e-07 4.209129e-05 -5.667918e-04 -1.352844e-05 -7.056187e-06
 9006.800000 -2.940835e-05 -2.954307e-07 -3.618062e-08 -5.276048e-07 4.011390e-05 -5.649360e-04 -2.808163e-05 -4.253872e-06
 9007.000000 -2.946190e-05 -2.935376e-07 -3.643938e-08 -5.288502e-07 4.366790e-05 -5.685879e-04 -1.808382e-05 2.288791e-06
 9007.200000 -2.947833e-05 -2.935581e-07 -3.676429e-08 -5.288304e-07 5.015149e-05 -5.725151e-04 -1.939368e-05 5.169729e-06
 9007.400000 -2.947059e-05 -2.928688e-07 -3.692172e-08 -5.282079e-07 4.773985e-05 -5.605313e-04 -5.941867e-06 1.212366e-05
 9007.600000 -2.947091e-05 -2.931009e-07 -3.713109e-08 -5.280446e-07 4.130700e-05 -5.475735e-04 -1.338399e-05 -5.429276e-06
 9007.800000 -2.945828e-05 -2.936145e-07 -3.743266e-08 -5.276643e-07 3.921646e-05 -5.547966e-04 -6.831592e-06 1.771634e-06
 9008.000000 -2.942006e-05 -2.950789e-07 -3.787889e-08 -5.265100e-07 4.541676e-05 -5.670783e-04 -1.805048e-06 8.822049e-06
 9008.200000 -2.942674e-05 -2.949445e-07 -3.801108e-08 -5.261408e-07 4.461983e-05 -5.543689e-04 9.641265e-07 3.417607e-06
 9008.400000 -2.943747e-05 -2.949246e-07 -3.841985e-08 -5.263027e-07 4.038022e-05 -5.707807e-04 -1.073253e-05 -5.490266e-07
 9008.600000 -2.941875e-05 -2.968104e-07 -3.890748e-08 -5.251512e-07 4.083917e-05 -5.893841e-04 -2.275766e-05 -1.070821e-05
 9008.800000 -2.933878e-05 -2.980687e-07 -3.936174e-08 -5.228881e-07 4.732384e-05 -5.911875e-04 -1.637640e-05 6.861145e-06
 9009.000000 -2.935149e-05 -2.982537e-07 -3.954447e-08 -5.228215e-07 4.872030e-05 -6.020528e-04 -2.357975e-05 -4.228228e-06
 9009.227860 -2.940611e-05 -2.963770e-07 -3.959198e-08 -5.238343e-07 5.314922e-05 -5.781563e-04 -2.241431e-05 3.196068e-06
 9009.483581 -2.942823e-05 -2.945790e-07 -3.947770e-08 -5.240262e-07 5.770218e-05 -5.556807e-04 -8.366620e-06 9.571872e-07
 9009.767162 -2.939021e-05 -2.954186e-07 -4.013326e-08 -5.230207e-07 5.282059e-05 -5.559862e-04 -1.338871e-05 -5.720957e-07
 9010.078604 -2.938887e-05 -2.942612e-07 -3.994105e-08 -5.231378e-07 4.041530e-05 -5.652236e-04 -8.922497e-06 3.789377e-06
 9010.417905 -2.936552e-05 -2.926547e-07 -3.955488e-08 -5.232131e-07 3.547900e-05 -5.786432e-04 5.900538e-07 1.256399e-05
 9010.785067 -2.929998e-05 -2.921446e-07 -3.943798e-08 -5.224848e-07 4.462872e-05 -5.947193e-04 -7.907533e-06 3.169719e-06
 9011.180090 -2.919312e-05 -2.912031e-07 -3.943186e-08 -5.214201e-07 5.416778e-05 -5.724424e-04 -9.283630e-06 7.913373e-06
 9011.602973 -2.910094e-05 -2.917606e-07 -3.951463e-08 -5.211023e-07 4.870636e-05 -5.749274e-04 -1.040276e-05 2.449302e-06
 9012.053716 -2.903479e-05 -2.943042e-07 -3.967539e-08 -5.216788e-07 3.890539e-05 -5.812493e-04 -1.744915e-05 9.505771e-07
 9012.532319 -2.911657e-05 -2.926809e-07 -3.914208e-08 -5.261416e-07 3.977521e-05 -5.839395e-04 -1.667467e-05 1.619839e-06
 9013.038783 -2.914574e-05 -2.927599e-07 -3.903484e-08 -5.305675e-07 4.367169e-05 -5.889238e-04 -1.404881e-05 -2.081467e-06
 9013.573107 -2.917114e-05 -2.942287e-07 -3.886759e-08 -5.355634e-07 5.427971e-05 -6.042469e-04 -1.097965e-05 -3.765821e-06
 9014.135292 -2.923347e-05 -2.958218e-07 -3.885084e-08 -5.408805e-07 4.279788e-05 -6.255772e-04 -7.314018e-06 -1.546252e-07
 9014.725337 -2.926582e-05 -2.988557e-07 -3.889928e-08 -5.449619e-07 4.474441e-05 -6.309250e-04 -2.347329e-06 1.577048e-05
 9015.343242 -2.941818e-05 -2.951070e-07 -3.783508e-08 -5.513559e-07 4.344943e-05 -6.178403e-04 -9.515542e-06 1.634733e-05
 9015.989008 -2.941146e-05 -2.946908e-07 -3.719885e-08 -5.520940e-07 3.784644e-05 -6.115074e-04 -6.423789e-06 8.379137e-06
 9016.662634 -2.939537e-05 -2.946631e-07 -3.654607e-08 -5.508520e-07 4.571152e-05 -6.260668e-04 -1.267326e-05 -5.214347e-07
 9017.364120 -2.939792e-05 -2.941497e-07 -3.557734e-08 -5.489724e-07 3.577061e-05 -6.358624e-04 -1.996153e-05 -3.583091e-06
 9018.093467 -2.930317e-05 -2.965782e-07 -3.497336e-08 -5.431601e-07 4.444311e-05 -6.202546e-04 -1.608055e-05 3.967056e-07
 9018.850674 -2.925150e-05 -2.979121e-07 -3.470379e-08 -5.376777e-07 4.635564e-05 -6.327970e-04 -1.328622e-05 -2.624454e-06
 9019.635741 -2.933616e-05 -2.951687e-07 -3.355627e-08 -5.356070e-07 4.669895e-05 -6.077128e-04 -2.705398e-05 4.053563e-06
 9020.448669 -2.929594e-05 -2.958955e-07 -3.305211e-08 -5.300506e-07 5.460774e-05 -6.326060e-04 -2.975447e-05 2.774106e-06
 9021.289457 -2.921271e-05 -2.980620e-07 -3.287032e-08 -5.236211e-07 5.905777e-05 -6.572222e-04 -3.453894e-05 1.299702e-06
 9022.158106 -2.920197e-05 -2.980231e-07 -3.207176e-08 -5.199520e-07 5.877834e-05 -6.384981e-04 -3.329995e-05 7.474494e-06
 9023.054614 -2.924676e-05 -2.959927e-07 -3.096279e-08 -5.184756e-07 5.282807e-05 -6.123397e-04 -3.257059e-05 5.171703e-06
 9023.978983 -2.923535e-05 -2.960186e-07 -3.048450e-08 -5.163574e-07 5.622242e-05 -6.197692e-04 -3.417584e-05 4.333639e-06
 9024.931213 -2.924943e-05 -2.942642e-07 -3.010195e-08 -5.164006e-07 5.286135e-05 -6.330330e-04 -4.301529e-05 6.453047e-06
 9025.911303 -2.924328e-05 -2.940468e-07 -3.027807e-08 -5.163609e-07 4.818550e-05 -6.251824e-04 -3.388132e-05 8.815032e-06
 9026.919253 -2.921787e-05 -2.937345e-07 -3.103036e-08 -5.165445e-07 5.003497e-05 -5.952587e-04 -2.457900e-05 4.626727e-06
 9027.955064 -2.920755e-05 -2.924470e-07 -3.176350e-08 -5.175671e-07 5.145561e-05 -5.870672e-04 -1.514726e-05 9.166475e-06
 9029.018734 -2.912073e-05 -2.935986e-07 -3.284551e-08 -5.170396e-07 4.624955e-05 -5.928443e-04 -1.695659e-05 9.284170e-06
 9030.110266 -2.908070e-05 -2.934625e-07 -3.383430e-08 -5.177911e-07 4.720478e-05 -5.990553e-04 -1.809447e-05 1.007256e-05
 9031.232723 -2.909928e-05 -2.915308e-07 -3.463364e-08 -5.196959e-07 3.857087e-05 -6.026518e-04 -1.944527e-05 1.453120e-05
 9032.367373 -2.910513e-05 -2.902102e-07 -3.549410e-08 -5.214562e-07 4.764500e-05 -5.765862e-04 -2.526625e-05 9.218987e-06
 9033.514214 -2.901585e-05 -2.917922e-07 -3.628561e-08 -5.215345e-07 5.053108e-05 -5.550443e-04 -1.919454e-05 5.344460e-06
 9034.673248 -2.905029e-05 -2.889927e-07 -3.622481e-08 -5.253192e-07 5.165480e-05 -5.615540e-04 -1.961857e-05 1.152796e-05
 9035.844473 -2.906393e-05 -2.887826e-07 -3.634264e-08 -5.290354e-07 4.583243e-05 -5.558815e-04 -2.980616e-05 4.615421e-06
 9037.027890 -2.899730e-05 -2.904060e-07 -3.649362e-08 -5.306723e-07 3.909166e-05 -5.592479e-04 -2.848121e-05 9.720422e-06
 9038.223499 -2.898814e-05 -2.897982e-07 -3.617209e-08 -5.336413e-07 4.419466e-05 -5.631557e-04 -2.726519e-05 1.006975e-05
 9039.431300 -2.899457e-05 -2.884645e-07 -3.570170e-08 -5.364562e-07 5.352614e-05 -5.580043e-04 -2.518225e-05 1.540765e-05
 9040.651293 -2.896964e-05 -2.888070e-07 -3.537403e-08 -5.377797e-07 5.265154e-05 -5.535647e-04 -1.897279e-05 1.814521e-05
 9041.883478 -2.893936e-05 -2.882790e-07 -3.512716e-08 -5.387755e-07 4.748426e-05 -5.235250e-04 -2.453845e-05 1.965815e-05
 9043.127855 -2.887722e-05 -2.885767e-07 -3.524209e-08 -5.387013e-07 4.941987e-05 -5.201045e-04 -2.662676e-05 1.897364e-05
 9044.384423 -2.876816e-05 -2.910209e-07 -3.561866e-08 -5.370833e-07 5.018900e-05 -5.190170e-04 -2.505844e-05 1.693397e-05
 9045.653184 -2.879309e-05 -2.883785e-07 -3.514839e-08 -5.391964e-07 5.444060e-05 -5.095937e-04 -2.451124e-05 5.243924e-06
 9046.934136 -2.878391e-05 -2.866862e-07 -3.496964e-08 -5.405553e-07 4.951381e-05 -4.976303e-04 -2.541503e-05 1.786297e-05
 9048.227280 -2.869933e-05 -2.885451e-07 -3.499522e-08 -5.401374e-07 4.783870e-05 -5.172707e-04 -3.627878e-05 7.402613e-06
 9049.532617 -2.856957e-05 -2.920470e-07 -3.505968e-08 -5.385447e-07 4.879149e-05 -4.955552e-04 -2.910464e-05 2.084587e-07
 9050.850145 -2.854719e-05 -2.914150e-07 -3.482887e-08 -5.395031e-07 4.942555e-05 -5.018946e-04 -2.329642e-05 4.260301e-06
 9052.179865 -2.861657e-05 -2.879868e-07 -3.455009e-08 -5.423128e-07 5.892988e-05 -4.981463e-04 -3.115708e-05 8.589668e-06
 9053.521777 -2.866217e-05 -2.853218e-07 -3.420308e-08 -5.440815e-07 5.774221e-05 -5.067499e-04 -3.239455e-05 9.713259e-06
 9054.875881 -2.865862e-05 -2.854111e-07 -3.392627e-08 -5.441434e-07 5.747470e-05 -5.255854e-04 -2.673161e-05 9.679706e-06
 9056.242177 -2.869187e-05 -2.828055e-07 -3.318293e-08 -5.453897e-07 5.748269e-05 -5.130247e-04 -3.201983e-05 3.325347e-06
 9057.620664 -2.865669e-05 -2.828106e-07 -3.274804e-08 -5.449064e-07 5.772692e-05 -5.266186e-04 -1.947233e-05 7.658164e-06
 9059.011344 -2.849802e-05 -2.822951e-07 -3.210573e-08 -5.417669e-07 5.805962e-05 -5.312636e-04 -3.001203e-05 -7.745007e-07
 9060.414215 -2.840698e-05 -2.802599e-07 -3.131150e-08 -5.399909e-07 5.294059e-05 -5.331702e-04 -4.352433e-05 -4.204287e-06
 9061.829279 -2.852101e-05 -2.820129e-07 -3.124970e-08 -5.416421e-07 5.568258e-05 -5.352405e-04 -4.115652e-05 -6.451859e-06
 9063.256534 -2.853735e-05 -2.841735e-07 -3.141474e-08 -5.416139e-07 5.680766e-05 -5.167253e-04 -3.445187e-05 -1.056958e-06
 9064.695981 -2.846744e-05 -2.855201e-07 -3.132509e-08 -5.396563e-07 5.997489e-05 -5.345480e-04 -2.157693e-05 1.085472e-06
 9066.147620 -2.850841e-05 -2.846814e-07 -3.070116e-08 -5.406037e-07 5.481843e-05 -5.261494e-04 -8.009845e-06 2.483352e-06
 9067.611452 -2.851748e-05 -2.834777e-07 -3.005740e-08 -5.409890e-07 5.818738e-05 -5.212898e-04 -1.743559e-05 4.697277e-06
 9069.087475 -2.853509e-05 -2.823140e-07 -2.966849e-08 -5.420099e-07 5.304846e-05 -5.176236e-04 -2.467018e-05 5.583014e-06
 9070.575689 -2.850915e-05 -2.827652e-07 -2.940553e-08 -5.423952e-07 5.451876e-05 -5.357985e-04 -3.760519e-05 6.227561e-06
 9072.076096 -2.845071e-05 -2.834753e-07 -2.928792e-08 -5.418556e-07 5.597218e-05 -5.350249e-04 -3.068120e-05 2.129578e-06
 9073.588695 -2.837184e-05 -2.852975e-07 -2.947428e-08 -5.406465e-07 5.940833e-05 -5.186854e-04 -2.630026e-05 9.672686e-06
 9075.113485 -2.836992e-05 -2.844394e-07 -3.001244e-08 -5.415069e-07 5.883081e-05 -5.244308e-04 -1.485804e-05 1.707423e-05
 9076.650468 -2.835346e-05 -2.843859e-07 -3.079196e-08 -5.413437e-07 5.880471e-05 -5.363276e-04 -3.038712e-05 5.008582e-06
 9078.199642 -2.833658e-05 -2.838429e-07 -3.153040e-08 -5.412390e-07 6.644020e-05 -5.305260e-04 -2.600748e-05 -2.627121e-06
 9079.761009 -2.838833e-05 -2.820927e-07 -3.209683e-08 -5.425699e-07 7.363436e-05 -5.328051e-04 -2.192713e-05 -5.708695e-06
 9081.334567 -2.837054e-05 -2.807988e-07 -3.272032e-08 -5.427473e-07 6.979637e-05 -5.384803e-04 -2.163813e-05 -1.419261e-05
 9082.920317 -2.828109e-05 -2.812957e-07 -3.369028e-08 -5.417251e-07 6.363721e-05 -5.149708e-04 -2.102035e-05 -5.229432e-06
 9084.518259 -2.826512e-05 -2.819088e-07 -3.443387e-08 -5.418085e-07 6.272044e-05 -5.174088e-04 -3.287014e-05 -9.968803e-06
 9086.128393 -2.822362e-05 -2.816324e-07 -3.465786e-08 -5.416215e-07 6.721186e-05 -5.133077e-04 -3.226847e-05 1.295086e-06
 9087.750719 -2.815306e-05 -2.839115e-07 -3.510514e-08 -5.404855e-07 6.945557e-05 -5.077687e-04 -3.979268e-05 9.948827e-06
 9089.385237 -2.819070e-05 -2.832394e-07 -3.536675e-08 -5.421792e-07 6.919857e-05 -4.870209e-04 -3.087115e-05 6.470113e-06
 9091.031946 -2.818490e-05 -2.819968e-07 -3.578568e-08 -5.429736e-07 7.076053e-05 -4.936355e-04 -2.694382e-05 5.715522e-06
 9092.690848 -2.815798e-05 -2.828515e-07 -3.680059e-08 -5.425478e-07 7.472432e-05 -4.587180e-04 -3.532098e-05 5.905908e-06
 9094.361942 -2.811629e-05 -2.831206e-07 -3.743622e-08 -5.418034e-07 7.468263e-05 -4.845554e-04 -3.625863e-05 6.919059e-06
 9096.045227 -2.810370e-05 -2.820107e-07 -3.761913e-08 -5.420196e-07 7.435179e-05 -4.939631e-04 -2.969491e-05 1.759828e-05
 9097.740704 -2.805444e-05 -2.826776e-07 -3.825479e-08 -5.405884e-07 7.470505e-05 -5.207671e-04 -3.302373e-05 1.906697e-05
 9099.448374 -2.808374e-05 -2.825167e-07 -3.798500e-08 -5.415145e-07 6.662639e-05 -4.929195e-04 -2.618894e-05 2.509542e-05
 9101.168235 -2.809865e-05 -2.829617e-07 -3.747988e-08 -5.419781e-07 6.236419e-05 -4.859560e-04 -3.270412e-05 6.531707e-06
 9102.900288 -2.805891e-05 -2.828311e-07 -3.673984e-08 -5.412828e-07 6.909674e-05 -4.816593e-04 -2.279421e-05 1.420248e-05
 9104.644533 -2.807147e-05 -2.830487e-07 -3.595291e-08 -5.417477e-07 7.221524e-05 -5.042462e-04 -2.041731e-05 2.583574e-05
 9106.400970 -2.804137e-05 -2.831300e-07 -3.551627e-08 -5.414137e-07 6.926201e-05 -4.938282e-04 -2.185392e-05 2.617208e-05
 9108.169598 -2.800494e-05 -2.841270e-07 -3.506360e-08 -5.407672e-07 7.038233e-05 -5.060256e-04 -2.987367e-05 1.703518e-05
 9109.950419 -2.789116e-05 -2.853761e-07 -3.487552e-08 -5.383959e-07 6.762635e-05 -5.035648e-04 -3.994401e-05 4.618787e-06
 9111.743432 -2.795786e-05 -2.835068e-07 -3.423988e-08 -5.406480e-07 6.995940e-05 -5.104334e-04 -2.677518e-05 7.321058e-06
 9113.548636 -2.794059e-05 -2.839695e-07 -3.406932e-08 -5.411586e-07 7.097177e-05 -5.112086e-04 -2.250339e-05 6.044721e-06
 9115.366032 -2.794867e-05 -2.836903e-07 -3.426559e-08 -5.424307e-07 6.601762e-05 -5.044177e-04 -1.413498e-05 1.574665e-06
 9117.195621 -2.800475e-05 -2.812686e-07 -3.386774e-08 -5.450748e-07 6.617570e-05 -5.052711e-04 -1.451338e-05 6.134243e-06
 9119.037401 -2.802189e-05 -2.810077e-07 -3.354103e-08 -5.465440e-07 6.317266e-05 -5.261526e-04 -1.073916e-05 2.003303e-06
 9120.891373 -2.799181e-05 -2.806846e-07 -3.301429e-08 -5.466740e-07 6.819926e-05 -5.165364e-04 -2.047229e-06 8.502259e-06
 9122.757537 -2.797371e-05 -2.821052e-07 -3.233466e-08 -5.474216e-07 5.593971e-05 -4.980583e-04 -4.157530e-06 1.903804e-05
 9124.635893 -2.795637e-05 -2.808411e-07 -3.152500e-08 -5.481807e-07 5.891741e-05 -4.845629e-04 -1.369417e-05 7.694018e-06
 9126.526441 -2.791762e-05 -2.812404e-07 -3.084967e-08 -5.483909e-07 6.864175e-05 -4.784249e-04 -9.121104e-06 1.005167e-05
 9128.429181 -2.782854e-05 -2.821412e-07 -3.024600e-08 -5.477745e-07 5.922771e-05 -4.795397e-04 -2.793740e-05 -3.046473e-06
 9130.344112 -2.773759e-05 -2.819072e-07 -2.973278e-08 -5.475349e-07 6.374780e-05 -4.796668e-04 -1.480874e-05 5.537825e-06
 9132.271236 -2.782558e-05 -2.820522e-07 -2.961750e-08 -5.507009e-07 6.805925e-05 -4.891575e-04 -1.882771e-05 1.783481e-05
 9134.210552 -2.782848e-05 -2.821807e-07 -2.973179e-08 -5.518713e-07 6.558918e-05 -5.146026e-04 -1.227888e-05 3.474935e-05
 9136.162059 -2.784136e-05 -2.813610e-07 -2.996044e-08 -5.535465e-07 5.908519e-05 -4.840787e-04 -1.238061e-05 3.742276e-05
 9138.125758 -2.780529e-05 -2.809091e-07 -3.031452e-08 -5.536889e-07 5.892334e-05 -4.615989e-04 -8.445326e-06 3.446381e-05
 9140.101649 -2.782873e-05 -2.816820e-07 -3.098970e-08 -5.552387e-07 6.687184e-05 -4.937043e-04 -2.062090e-06 4.871792e-05
 9142.089733 -2.780747e-05 -2.817242e-07 -3.156634e-08 -5.557662e-07 6.556935e-05 -5.103723e-04 3.751870e-07 5.421063e-05
 9144.090008 -2.780443e-05 -2.824088e-07 -3.250627e-08 -5.568126e-07 6.291816e-05 -5.197122e-04 -4.528868e-06 2.942532e-05
 9146.102475 -2.779432e-05 -2.828530e-07 -3.380113e-08 -5.574530e-07 6.608507e-05 -5.247595e-04 -1.200514e-05 9.113560e-06
 9148.127133 -2.775243e-05 -2.832753e-07 -3.494831e-08 -5.569557e-07 7.011362e-05 -5.167475e-04 -2.438454e-05 1.907565e-05
 9150.163984 -2.773139e-05 -2.835472e-07 -3.621439e-08 -5.573120e-07 6.939505e-05 -5.147292e-04 -2.119041e-05 1.533220e-05
 9152.213027 -2.768436e-05 -2.829825e-07 -3.731348e-08 -5.565472e-07 6.196729e-05 -5.097431e-04 -1.234844e-05 1.239099e-05
 9154.274261 -2.748703e-05 -2.803883e-07 -3.810024e-08 -5.539254e-07 5.135233e-05 -5.202092e-04 -2.960128e-05 4.301970e-06
 9156.347688 -2.733403e-05 -2.784695e-07 -3.899351e-08 -5.518764e-07 5.613520e-05 -5.159831e-04 -2.886022e-05 9.818452e-06
 9158.433306 -2.777744e-05 -2.843592e-07 -4.032761e-08 -5.608593e-07 5.573135e-05 -5.127206e-04 -1.916064e-05 8.499325e-06
 9160.531117 -2.778083e-05 -2.855774e-07 -4.040711e-08 -5.615056e-07 6.170328e-05 -5.166003e-04 -2.626608e-05 3.342273e-06
 9162.641119 -2.777243e-05 -2.861731e-07 -3.988388e-08 -5.618897e-07 6.058911e-05 -4.979503e-04 -1.595249e-05 7.090611e-06
 9164.763313 -2.775867e-05 -2.865985e-07 -3.886984e-08 -5.620493e-07 5.725976e-05 -5.091456e-04 -2.153662e-05 2.298469e-06
 9166.897699 -2.771202e-05 -2.866803e-07 -3.790974e-08 -5.617556e-07 5.073606e-05 -5.300999e-04 -2.262755e-05 -2.356347e-06
 9169.044277 -2.743929e-05 -2.848346e-07 -3.644616e-08 -5.567687e-07 4.061082e-05 -5.225564e-04 -3.794106e-05 -8.585859e-06
 9171.203047 -2.739749e-05 -2.871755e-07 -3.582952e-08 -5.560671e-07 3.958440e-05 -5.214386e-04 -2.746340e-05 1.069137e-05
 9173.374008 -2.767380e-05 -2.890887e-07 -3.555546e-08 -5.630499e-07 4.139052e-05 -5.303745e-04 -2.756373e-05 6.539155e-06
 9175.557162 -2.777529e-05 -2.885229e-07 -3.522348e-08 -5.658709e-07 4.554632e-05 -5.317364e-04 -2.232435e-05 2.846732e-07
 9177.752508 -2.778705e-05 -2.888180e-07 -3.536788e-08 -5.669799e-07 4.804001e-05 -5.407547e-04 -1.472014e-05 -7.531139e-06
 9179.960045 -2.776812e-05 -2.895746e-07 -3.571312e-08 -5.673418e-07 4.834722e-05 -5.385208e-04 7.941567e-07 6.745597e-06
 9182.179775 -2.778249e-05 -2.902531e-07 -3.611525e-08 -5.681495e-07 4.267919e-05 -5.352235e-04 -9.779752e-06 -1.337271e-06
 9184.411696 -2.776146e-05 -2.914385e-07 -3.637214e-08 -5.683021e-07 4.301241e-05 -5.202261e-04 -1.012703e-05 -1.157205e-05
 9186.655809 -2.773516e-05 -2.919530e-07 -3.636775e-08 -5.683051e-07 4.647268e-05 -5.140688e-04 -2.181772e-05 -1.320585e-05
 9188.912114 -2.770457e-05 -2.932319e-07 -3.671075e-08 -5.685073e-07 5.080090e-05 -5.110752e-04 -1.517988e-05 7.580782e-07
 9191.180611 -2.771765e-05 -2.939586e-07 -3.685036e-08 -5.694561e-07 5.432738e-05 -5.200526e-04 -1.745482e-05 3.251223e-06
 9193.461300 -2.780508e-05 -2.928994e-07 -3.672821e-08 -5.724935e-07 6.595320e-05 -5.211566e-04 -2.927090e-05 2.428537e-06
 9195.754181 -2.782629e-05 -2.938218e-07 -3.704685e-08 -5.738092e-07 7.265912e-05 -5.037841e-04 -2.433529e-05 1.708484e-05
 9198.059254 -2.781820e-05 -2.950751e-07 -3.725360e-08 -5.742900e-07 6.937291e-05 -5.112227e-04 -1.621342e-05 1.656368e-05
 9200.376518 -2.780830e-05 -2.943622e-07 -3.672607e-08 -5.750072e-07 6.379665e-05 -5.187691e-04 -1.434650e-05 9.162852e-06
 9202.705975 -2.783049e-05 -2.949643e-07 -3.630471e-08 -5.767509e-07 5.601388e-05 -5.170324e-04 -4.103279e-06 1.535642e-05
 9205.047623 -2.785486e-05 -2.950669e-07 -3.559451e-08 -5.779314e-07 5.107960e-05 -5.064438e-04 -1.676436e-05 1.431866e-05
 9207.401464 -2.783285e-05 -2.952375e-07 -3.509841e-08 -5.780113e-07 5.499705e-05 -5.230027e-04 -2.663478e-05 9.388600e-06
 9209.767496 -2.778866e-05 -2.977184e-07 -3.511460e-08 -5.771914e-07 5.098353e-05 -4.883514e-04 -1.703189e-05 1.432056e-05
 9212.145720 -2.783301e-05 -2.973929e-07 -3.508913e-08 -5.787648e-07 5.893166e-05 -4.951896e-04 -1.733225e-05 5.676883e-06
 9214.536136 -2.785728e-05 -2.951733e-07 -3.493287e-08 -5.805352e-07 5.506833e-05 -5.093988e-04 -3.346205e-05 7.232859e-07
 9216.938744 -2.783769e-05 -2.963799e-07 -3.548034e-08 -5.804603e-07 5.329794e-05 -4.919446e-04 -1.675404e-05 9.073970e-06
 9219.353544 -2.780477e-05 -2.983392e-07 -3.619513e-08 -5.798526e-07 5.028689e-05 -5.138124e-04 -1.621077e-05 1.806466e-05
 9221.780536 -2.783116e-05 -2.984172e-07 -3.676900e-08 -5.810262e-07 5.445006e-05 -5.054231e-04 -1.698175e-05 1.419350e-05
 9224.219720 -2.790668e-05 -2.981479e-07 -3.743257e-08 -5.837096e-07 5.657055e-05 -5.155704e-04 -1.447077e-05 2.336261e-05
 9226.671096 -2.790001e-05 -2.989363e-07 -3.843590e-08 -5.839754e-07 6.581999e-05 -5.177671e-04 -1.544463e-07 2.493281e-05
 9229.134663 -2.793030e-05 -2.982679e-07 -3.913697e-08 -5.857019e-07 5.185437e-05 -5.219222e-04 -2.078053e-05 1.450494e-05
 9231.610423 -2.792807e-05 -2.984196e-07 -3.987306e-08 -5.866632e-07 5.834999e-05 -5.032910e-04 -2.874771e-05 1.734205e-05
 9234.098374 -2.792869e-05 -2.993144e-07 -4.063503e-08 -5.870823e-07 4.848045e-05 -5.161505e-04 -2.888066e-05 1.285120e-05
 9236.598517 -2.797316e-05 -3.007138e-07 -4.139594e-08 -5.888871e-07 4.608106e-05 -5.161518e-04 -1.729382e-05 1.543096e-05
 9239.110852 -2.799135e-05 -3.014453e-07 -4.173023e-08 -5.902248e-07 4.117655e-05 -4.951698e-04 -1.657236e-05 1.611415e-05
 9241.635380 -2.804922e-05 -3.021003e-07 -4.170652e-08 -5.927990e-07 4.325884e-05 -5.201548e-04 -2.142301e-05 1.476809e-05
 9244.172099 -2.807107e-05 -3.012601e-07 -4.121908e-08 -5.947644e-07 4.066395e-05 -5.177717e-04 -1.981945e-05 1.053094e-05
 9246.721009 -2.811002e-05 -3.018864e-07 -4.099513e-08 -5.967364e-07 3.337542e-05 -5.099175e-04 -2.011266e-05 1.363185e-05
 9249.282112 -2.810978e-05 -3.024269e-07 -4.140314e-08 -5.975894e-07 3.303666e-05 -5.181287e-04 -1.727930e-05 2.014776e-05
 9251.855407 -2.812349e-05 -3.032566e-07 -4.162404e-08 -5.989285e-07 3.683792e-05 -5.248210e-04 -3.297346e-06 1.523519e-05
 9254.440894 -2.817489e-05 -3.043723e-07 -4.179754e-08 -6.015361e-07 3.822012e-05 -5.226017e-04 -2.846169e-06 1.984396e-05
 9257.038572 -2.819197e-05 -3.046101e-07 -4.148773e-08 -6.031828e-07 3.749703e-05 -5.089272e-04 -3.354256e-06 2.276971e-05
 9259.648443 -2.822800e-05 -3.051880e-07 -4.123282e-08 -6.052219e-07 3.972960e-05 -4.974268e-04 -1.066040e-05 1.121153e-05
 9262.270505 -2.825057e-05 -3.065728e-07 -4.137917e-08 -6.067488e-07 4.463682e-05 -5.086062e-04 -1.740111e-05 8.363684e-06
 9264.904759 -2.825289e-05 -3.073181e-07 -4.130525e-08 -6.078566e-07 5.322480e-05 -5.159829e-04 -8.702091e-06 1.850435e-05
 9267.551205 -2.828233e-05 -3.084645e-07 -4.142023e-08 -6.094422e-07 5.922623e-05 -4.995645e-04 -3.912570e-06 1.047625e-05
 9270.209844 -2.835262e-05 -3.084695e-07 -4.109012e-08 -6.125323e-07 5.594202e-05 -4.432132e-04 -1.315668e-05 8.064723e-06
 9272.880674 -2.837768e-05 -3.090481e-07 -4.096688e-08 -6.140244e-07 5.689721e-05 -4.229959e-04 -8.004235e-06 2.137152e-05
 9275.563696 -2.842343e-05 -3.106188e-07 -4.104562e-08 -6.157925e-07 5.919405e-05 -4.574538e-04 -9.887917e-06 7.131075e-06
 9278.258909 -2.845280e-05 -3.113135e-07 -4.093228e-08 -6.169273e-07 5.877023e-05 -4.737902e-04 -9.741695e-06 -8.487069e-06
 9280.966315 -2.847659e-05 -3.122590e-07 -4.093004e-08 -6.182083e-07 5.400032e-05 -4.779793e-04 -7.245742e-06 -1.196788e-05
 9283.685913 -2.850535e-05 -3.121050e-07 -4.066832e-08 -6.199205e-07 5.228167e-05 -4.954109e-04 -8.314392e-06 -9.229387e-06
 9286.417702 -2.848642e-05 -3.122324e-07 -4.088113e-08 -6.199710e-07 4.905808e-05 -5.078406e-04 -4.865394e-06 -9.296925e-06
 9289.161684 -2.843953e-05 -3.139903e-07 -4.114593e-08 -6.196684e-07 5.615243e-05 -5.192974e-04 -1.033096e-05 -5.242193e-06
 9291.917857 -2.857534e-05 -3.152016e-07 -4.121009e-08 -6.239484e-07 5.049283e-05 -5.161135e-04 -1.692953e-05 -5.280387e-06
 9294.686222 -2.867746e-05 -3.165208e-07 -4.141699e-08 -6.270261e-07 4.612585e-05 -5.346122e-04 -2.668433e-05 -7.525532e-07
 9297.466780 -2.863749e-05 -3.160290e-07 -4.160091e-08 -6.268915e-07 4.430460e-05 -5.258491e-04 -2.471843e-05 5.881268e-06
 9300.259529 -2.854388e-05 -3.153330e-07 -4.175801e-08 -6.258863e-07 4.756425e-05 -5.144054e-04 -2.755403e-05 2.792640e-06
 9303.064470 -2.875994e-05 -3.182513e-07 -4.246544e-08 -6.315066e-07 4.546552e-05 -5.280559e-04 -1.267859e-05 1.229338e-05
 9305.881602 -2.878669e-05 -3.185839e-07 -4.276974e-08 -6.329324e-07 4.549030e-05 -5.273574e-04 -1.384847e-05 1.481859e-05
 9308.710927 -2.878191e-05 -3.195122e-07 -4.310284e-08 -6.335438e-07 4.936713e-05 -5.235038e-04 -6.140235e-06 1.805921e-05
 9311.552444 -2.886303e-05 -3.206431e-07 -4.386551e-08 -6.361998e-07 4.874708e-05 -5.172362e-04 -1.517402e-05 9.184601e-06
 9314.406153 -2.893338e-05 -3.219759e-07 -4.450334e-08 -6.385276e-07 5.415258e-05 -5.205926e-04 -2.576325e-05 2.555234e-07
 9317.272053 -2.897577e-05 -3.226773e-07 -4.486917e-08 -6.402558e-07 5.590750e-05 -5.114480e-04 -2.013014e-05 1.284944e-05
 9320.150146 -2.900942e-05 -3.242381e-07 -4.498240e-08 -6.418012e-07 6.179678e-05 -5.230368e-04 -2.568795e-05 2.238570e-05
 9323.040430 -2.900527e-05 -3.253437e-07 -4.521752e-08 -6.425065e-07 6.147714e-05 -5.121874e-04 -2.243211e-05 1.093418e-05
 9325.942906 -2.883215e-05 -3.251192e-07 -4.550704e-08 -6.390068e-07 5.847819e-05 -4.841865e-04 -1.934394e-05 1.028456e-05
 9328.857574 -2.903311e-05 -3.283985e-07 -4.630006e-08 -6.442663e-07 5.961675e-05 -5.042922e-04 -2.907103e-05 6.002615e-06
 9331.784435 -2.907426e-05 -3.290090e-07 -4.651344e-08 -6.462497e-07 5.741300e-05 -5.219289e-04 -5.456888e-06 8.295006e-06
 9334.723487 -2.909111e-05 -3.318956e-07 -4.733519e-08 -6.477143e-07 4.936464e-05 -5.155962e-04 -1.018854e-05 4.581278e-07
 9337.674730 -2.920182e-05 -3.325422e-07 -4.783318e-08 -6.513920e-07 4.123970e-05 -5.305889e-04 -2.956935e-05 2.372888e-06
 9340.638166 -2.933389e-05 -3.326385e-07 -4.805823e-08 -6.561102e-07 4.661780e-05 -5.356683e-04 -2.445926e-05 5.436105e-06
 9343.613794 -2.934599e-05 -3.338904e-07 -4.840560e-08 -6.568624e-07 4.100437e-05 -5.381977e-04 -2.035430e-05 2.502674e-06
 9346.601614 -2.922821e-05 -3.372979e-07 -4.909452e-08 -6.539576e-07 4.665660e-05 -5.147932e-04 -2.462618e-05 -9.978791e-07
 9349.601625 -2.920773e-05 -3.385227e-07 -4.944226e-08 -6.539877e-07 4.422583e-05 -5.202297e-04 -2.085659e-05 1.623295e-06
 9352.613829 -2.935269e-05 -3.382709e-07 -4.933628e-08 -6.593520e-07 4.264113e-05 -5.076682e-04 -1.619732e-05 8.749241e-06
 9355.638224 -2.954637e-05 -3.368637e-07 -4.887728e-08 -6.661007e-07 4.308291e-05 -5.162657e-04 -3.035244e-05 -1.624281e-06
 9358.674811 -2.959465e-05 -3.380548e-07 -4.887838e-08 -6.684658e-07 3.231283e-05 -5.194131e-04 -2.365178e-05 -2.681226e-06
 9361.723590 -2.963197e-05 -3.386099e-07 -4.888774e-08 -6.700099e-07 3.289358e-05 -5.024668e-04 -2.688689e-05 -7.653995e-06
 9364.784561 -2.968335e-05 -3.397197e-07 -4.913518e-08 -6.722872e-07 4.449129e-05 -4.974945e-04 -2.831038e-05 -2.165211e-06
 9367.857724 -2.968209e-05 -3.403428e-07 -4.907837e-08 -6.734381e-07 4.861081e-05 -5.085896e-04 -2.605827e-05 1.524774e-06
 9370.943079 -2.972419e-05 -3.420362e-07 -4.947951e-08 -6.756492e-07 4.268779e-05 -5.268142e-04 -3.010472e-05 -8.119860e-07
 9374.040626 -2.981232e-05 -3.434813e-07 -4.960033e-08 -6.785746e-07 3.431964e-05 -5.221443e-04 -3.026237e-05 6.321639e-06
 9377.150365 -2.988676e-05 -3.454429e-07 -4.977312e-08 -6.813506e-07 4.027883e-05 -5.037013e-04 -2.712474e-05 1.123268e-05
 9380.272295 -2.992577e-05 -3.470759e-07 -4.985277e-08 -6.832706e-07 3.542589e-05 -5.045935e-04 -1.068212e-05 6.921057e-06
 9383.406418 -2.996069e-05 -3.476307e-07 -4.980132e-08 -6.855669e-07 3.642031e-05 -5.043496e-04 -2.790142e-05 3.850866e-06
 9386.552732 -2.996757e-05 -3.480907e-07 -5.021835e-08 -6.869387e-07 3.818102e-05 -4.987107e-04 -2.981148e-05 -2.075801e-07
 9389.711239 -3.004866e-05 -3.498431e-07 -5.055885e-08 -6.901332e-07 4.238153e-05 -5.103558e-04 -2.215050e-05 2.903723e-06
 9392.881937 -3.008545e-05 -3.524578e-07 -5.083045e-08 -6.918139e-07 4.495155e-05 -5.335765e-04 -3.003878e-05 2.492677e-06
 9396.064827 -3.012157e-05 -3.534026e-07 -5.097064e-08 -6.937661e-07 5.454422e-05 -5.371506e-04 -2.026632e-05 5.281578e-06
 9399.259909 -3.019036e-05 -3.546846e-07 -5.148105e-08 -6.964760e-07 4.997310e-05 -5.425809e-04 -3.118396e-05 6.366882e-08
 9402.467183 -3.024702e-05 -3.557249e-07 -5.177121e-08 -6.992428e-07 5.188898e-05 -5.468069e-04 -3.133028e-05 2.726693e-06
 9405.686649 -3.028633e-05 -3.566334e-07 -5.188370e-08 -7.013926e-07 4.616291e-05 -5.362440e-04 -2.793177e-05 7.239562e-06
 9408.918307 -3.031637e-05 -3.581045e-07 -5.228671e-08 -7.037484e-07 4.517552e-05 -5.242098e-04 -2.712771e-05 2.868840e-06
 9412.162157 -3.032649e-05 -3.600437e-07 -5.288062e-08 -7.049177e-07 5.011460e-05 -5.292125e-04 -4.675105e-05 -1.860708e-06
 9415.418198 -3.032859e-05 -3.626034e-07 -5.376925e-08 -7.056304e-07 5.097235e-05 -5.375573e-04 -2.916087e-05 -4.259743e-06
 9418.686432 -3.044376e-05 -3.621056e-07 -5.381622e-08 -7.102838e-07 4.846043e-05 -5.296331e-04 -2.646640e-05 6.942368e-07
 9421.966857 -3.035125e-05 -3.608201e-07 -5.377598e-08 -7.098860e-07 4.011430e-05 -5.275508e-04 -1.791381e-05 3.688946e-06
 9425.259474 -3.041127e-05 -3.625266e-07 -5.412500e-08 -7.119972e-07 4.950727e-05 -5.356920e-04 -3.273839e-05 -5.307750e-06
 9428.564284 -3.053897e-05 -3.644727e-07 -5.466567e-08 -7.160556e-07 5.830502e-05 -5.424999e-04 -3.484996e-05 -6.361937e-06
 9431.881285 -3.051137e-05 -3.664623e-07 -5.510573e-08 -7.161910e-07 5.989157e-05 -5.323505e-04 -3.085260e-05 -6.572513e-07
 9435.210478 -3.054191e-05 -3.667980e-07 -5.539601e-08 -7.179955e-07 6.282518e-05 -5.302648e-04 -2.186479e-05 1.976381e-06
 9438.551863 -3.061067e-05 -3.689264e-07 -5.574809e-08 -7.209415e-07 5.773762e-05 -5.298318e-04 -2.882508e-05 -5.349494e-06
 9441.905440 -3.072645e-05 -3.709012e-07 -5.607782e-08 -7.248247e-07 5.961670e-05 -5.477899e-04 -2.596020e-05 8.410748e-07
 9445.271209 -3.082544e-05 -3.729499e-07 -5.665204e-08 -7.281705e-07 5.242357e-05 -5.343088e-04 -2.806195e-05 8.767091e-06
 9448.649169 -3.083937e-05 -3.744622e-07 -5.706328e-08 -7.295311e-07 4.182427e-05 -5.486886e-04 -3.564897e-05 3.848977e-06
 9452.039322 -3.086586e-05 -3.757213e-07 -5.739527e-08 -7.308981e-07 4.603118e-05 -5.318795e-04 -2.576414e-05 -2.824939e-07
 9455.441666 -3.092911e-05 -3.774709e-07 -5.779814e-08 -7.332597e-07 4.997166e-05 -4.993156e-04 -3.015148e-05 -5.589139e-06
 9458.856203 -3.097371e-05 -3.793089e-07 -5.834418e-08 -7.353084e-07 4.873687e-05 -5.097474e-04 -3.084312e-05 -1.219604e-05
 9462.282931 -3.097540e-05 -3.820862e-07 -5.890047e-08 -7.363604e-07 4.603901e-05 -4.937434e-04 -3.105819e-05 -1.046033e-05
 9465.721851 -3.100854e-05 -3.824951e-07 -5.909032e-08 -7.383424e-07 5.097359e-05 -4.879049e-04 -3.698778e-05 -4.904622e-06
 9469.172964 -3.105648e-05 -3.836810e-07 -5.955403e-08 -7.404861e-07 4.562828e-05 -4.933330e-04 -4.167274e-05 -1.210997e-05
 9472.636268 -3.110865e-05 -3.858253e-07 -6.009841e-08 -7.427657e-07 4.138805e-05 -5.191913e-04 -3.426097e-05 -1.006930e-05
 9476.111764 -3.114206e-05 -3.886256e-07 -6.046654e-08 -7.445773e-07 4.009031e-05 -5.176586e-04 -3.885039e-05 -1.350310e-05
 9479.599451 -3.118014e-05 -3.894331e-07 -6.044958e-08 -7.467335e-07 4.239337e-05 -5.114838e-04 -2.726799e-05 -1.011019e-05
 9483.099331 -3.119618e-05 -3.916625e-07 -6.113638e-08 -7.482607e-07 4.597818e-05 -5.139176e-04 -1.956240e-05 -1.508834e-05
 9486.611403 -3.117945e-05 -3.931019e-07 -6.127638e-08 -7.488491e-07 4.355855e-05 -5.051555e-04 -1.071546e-05 -9.758403e-06
 9490.135666 -3.130220e-05 -3.945243e-07 -6.124458e-08 -7.536341e-07 4.417178e-05 -5.066392e-04 -1.647986e-05 -1.199555e-05
 9493.672122 -3.133904e-05 -3.982445e-07 -6.187520e-08 -7.553703e-07 4.324797e-05 -5.237776e-04 -2.653529e-05 -1.122240e-05
 9497.220769 -3.140663e-05 -4.006071e-07 -6.259112e-08 -7.586122e-07 4.391670e-05 -5.420059e-04 -3.155465e-05 -1.228834e-05
 9500.781609 -3.140407e-05 -4.013578e-07 -6.270757e-08 -7.601652e-07 3.811712e-05 -5.646848e-04 -3.626833e-05 -6.709619e-06
 9504.354640 -3.135089e-05 -4.024486e-07 -6.279411e-08 -7.602736e-07 3.554861e-05 -5.561911e-04 -4.347669e-05 -5.247948e-06
 9507.939863 -3.150924e-05 -4.066365e-07 -6.362333e-08 -7.646492e-07 3.689150e-05 -5.561068e-04 -3.503127e-05 1.170305e-05
 9511.537278 -3.146591e-05 -4.095922e-07 -6.437239e-08 -7.641479e-07 3.574892e-05 -5.664477e-04 -2.686971e-05 1.291487e-05
 9515.146885 -3.151251e-05 -4.099501e-07 -6.460577e-08 -7.669410e-07 4.404812e-05 -5.699972e-04 -1.690532e-05 2.773760e-06
 9518.768684 -3.150865e-05 -4.119059e-07 -6.516314e-08 -7.681782e-07 4.192679e-05 -5.603512e-04 -2.651645e-05 -7.118129e-06
 9522.402675 -3.151475e-05 -4.117508e-07 -6.538059e-08 -7.699740e-07 4.945285e-05 -5.325856e-04 -4.020521e-05 -6.651451e-06
 9526.048857 -3.156102e-05 -4.131732e-07 -6.565923e-08 -7.725316e-07 4.232423e-05 -5.306071e-04 -4.363526e-05 -4.901669e-06
 9529.707232 -3.159564e-05 -4.154540e-07 -6.616183e-08 -7.747570e-07 5.083938e-05 -5.161364e-04 -4.029861e-05 -8.347204e-06
 9533.377799 -3.164801e-05 -4.169752e-07 -6.662428e-08 -7.779284e-07 5.911597e-05 -5.227092e-04 -4.684259e-05 -1.462961e-05
 9537.060557 -3.169389e-05 -4.169561e-07 -6.683288e-08 -7.812176e-07 5.466753e-05 -5.330936e-04 -4.743347e-05 -1.365072e-05
 9540.755507 -3.163232e-05 -4.167259e-07 -6.694092e-08 -7.818314e-07 4.601847e-05 -5.214018e-04 -4.680584e-05 -1.407410e-05
 9544.462650 -3.187716e-05 -4.205867e-07 -6.809269e-08 -7.893879e-07 5.200325e-05 -5.016262e-04 -2.577896e-05 -5.836504e-06
 9548.181984 -3.188570e-05 -4.221696e-07 -6.852963e-08 -7.909373e-07 6.327293e-05 -5.083971e-04 -1.209284e-05 7.364072e-06
 9551.913510 -3.184560e-05 -4.238793e-07 -6.867172e-08 -7.909453e-07 5.390604e-05 -5.094403e-04 -2.730391e-05 -4.830343e-06
 9555.657228 -3.182206e-05 -4.270173e-07 -6.953967e-08 -7.912387e-07 5.307369e-05 -5.337770e-04 -3.275866e-05 -3.487096e-06
 9559.413138 -3.190652e-05 -4.284298e-07 -7.004930e-08 -7.953055e-07 5.212801e-05 -5.528569e-04 -2.800843e-05 3.486023e-06
 9563.181239 -3.192891e-05 -4.298792e-07 -7.031002e-08 -7.978322e-07 5.553935e-05 -5.465972e-04 -3.547082e-05 4.298757e-06
 9566.961533 -3.195454e-05 -4.313887e-07 -7.066887e-08 -7.999791e-07 5.243363e-05 -5.527398e-04 -4.093776e-05 1.299666e-05
 9570.754019 -3.193306e-05 -4.343767e-07 -7.138363e-08 -8.004286e-07 6.223262e-05 -5.357059e-04 -3.609374e-05 8.561549e-06
 9574.558696 -3.203439e-05 -4.363865e-07 -7.181729e-08 -8.047681e-07 6.631980e-05 -5.296828e-04 -4.412989e-05 9.702343e-06
 9578.375565 -3.214858e-05 -4.391843e-07 -7.252827e-08 -8.096399e-07 6.146643e-05 -5.497897e-04 -4.600112e-05 1.352774e-05
 9582.204627 -3.215754e-05 -4.422341e-07 -7.320639e-08 -8.112664e-07 5.782554e-05 -5.202281e-04 -3.833265e-05 8.450267e-06
 9586.045880 -3.219497e-05 -4.436422e-07 -7.338351e-08 -8.138351e-07 6.537964e-05 -5.177447e-04 -4.342693e-05 -2.974634e-06
 9589.899325 -3.222828e-05 -4.455186e-07 -7.389210e-08 -8.158433e-07 6.623553e-05 -5.294858e-04 -2.380916e-05 -1.248374e-06
 9593.764962 -3.224753e-05 -4.480208e-07 -7.468250e-08 -8.177388e-07 6.213927e-05 -5.572873e-04 -2.184187e-05 -6.151880e-06
 9597.642791 -3.227196e-05 -4.505554e-07 -7.512770e-08 -8.199103e-07 6.014384e-05 -5.679656e-04 -1.171469e-05 -6.155521e-06
 9601.532812 -3.221939e-05 -4.522117e-07 -7.570436e-08 -8.200380e-07 5.714090e-05 -5.634868e-04 -9.221571e-06 -1.228932e-05
 9605.435025 -3.215366e-05 -4.528291e-07 -7.599625e-08 -8.193940e-07 6.579877e-05 -5.383273e-04 -1.262983e-05 -8.698034e-06
 9609.349429 -3.203531e-05 -4.570275e-07 -7.677172e-08 -8.170014e-07 6.717230e-05 -5.105749e-04 -9.607766e-06 -5.613358e-07
 9613.276026 -3.206845e-05 -4.586209e-07 -7.731404e-08 -8.195852e-07 6.450961e-05 -4.967352e-04 -1.532243e-05 -6.384274e-06
 9617.214814 -3.197846e-05 -4.599521e-07 -7.778757e-08 -8.186870e-07 6.764634e-05 -5.016520e-04 -2.907060e-05 5.211903e-06
 9621.165795 -3.191042e-05 -4.619762e-07 -7.813866e-08 -8.180373e-07 5.915449e-05 -5.196280e-04 -3.532987e-05 2.602637e-06
 9625.128967 -3.209643e-05 -4.618474e-07 -7.823280e-08 -8.255727e-07 5.023766e-05 -5.281447e-04 -2.810095e-05 -6.647659e-07
 9629.104331 -3.227119e-05 -4.611456e-07 -7.782259e-08 -8.330032e-07 5.166343e-05 -5.277844e-04 -2.441461e-05 2.730177e-06
 9633.091888 -3.223003e-05 -4.629286e-07 -7.812356e-08 -8.334825e-07 6.225387e-05 -5.204953e-04 -3.002924e-05 1.599840e-06
 9637.091636 -3.228043e-05 -4.649396e-07 -7.875917e-08 -8.365496e-07 4.730891e-05 -4.980564e-04 -2.501753e-05 7.889715e-06
 9641.103575 -3.233096e-05 -4.667257e-07 -7.941838e-08 -8.395751e-07 4.348714e-05 -5.062986e-04 -3.049141e-05 -7.827510e-06
 9645.127707 -3.238302e-05 -4.695358e-07 -8.023500e-08 -8.429464e-07 4.964841e-05 -4.946323e-04 -1.795615e-05 -7.027768e-07
 9649.164031 -3.243605e-05 -4.722083e-07 -8.086747e-08 -8.462821e-07 4.503175e-05 -5.072744e-04 -1.395894e-05 -8.961499e-07
 9653.212547 -3.244548e-05 -4.739712e-07 -8.110054e-08 -8.480569e-07 4.900540e-05 -5.139556e-04 -2.810860e-05 -9.356382e-07
 9657.273254 -3.247618e-05 -4.767215e-07 -8.197550e-08 -8.508489e-07 5.391016e-05 -5.109732e-04 -2.627173e-05 7.288838e-06
 9661.346154 -3.244754e-05 -4.776467e-07 -8.237490e-08 -8.520758e-07 5.952134e-05 -5.002861e-04 -3.601830e-05 7.519425e-07
 9665.431245 -3.234406e-05 -4.777870e-07 -8.259041e-08 -8.518424e-07 5.658774e-05 -4.865153e-04 -2.725542e-05 5.602067e-06
 9669.528529 -3.240892e-05 -4.816732e-07 -8.354726e-08 -8.549885e-07 5.349454e-05 -4.908889e-04 -2.388955e-05 -3.332839e-06
 9673.638004 -3.240044e-05 -4.834707e-07 -8.391455e-08 -8.562935e-07 5.035668e-05 -5.010807e-04 -1.205974e-05 8.534809e-06
 9677.759671 -3.241152e-05 -4.846769e-07 -8.436096e-08 -8.584982e-07 4.177681e-05 -4.887994e-04 -8.696738e-06 9.859090e-06
 9681.893530 -3.230223e-05 -4.862710e-07 -8.489058e-08 -8.569576e-07 2.816833e-05 -4.982964e-04 -1.378433e-05 2.530615e-06
 9686.039581 -3.239722e-05 -4.869909e-07 -8.504188e-08 -8.616133e-07 2.998746e-05 -5.110873e-04 -6.835208e-06 9.351645e-06
 9690.197824 -3.243593e-05 -4.869450e-07 -8.536651e-08 -8.645832e-07 3.474421e-05 -5.334252e-04 -1.493156e-05 1.768202e-05
 9694.368258 -3.242065e-05 -4.893190e-07 -8.588788e-08 -8.656619e-07 3.488325e-05 -5.420962e-04 -1.487495e-05 6.668027e-06
 9698.550885 -3.240727e-05 -4.921800e-07 -8.660794e-08 -8.667129e-07 3.675218e-05 -5.382507e-04 -9.357541e-06 5.893461e-06
 9702.745704 -3.244756e-05 -4.934364e-07 -8.713014e-08 -8.695918e-07 2.920988e-05 -5.233788e-04 -1.309649e-05 9.778706e-06
 9706.952714 -3.233841e-05 -4.959999e-07 -8.805784e-08 -8.676546e-07 3.586476e-05 -5.158065e-04 -1.487098e-05 1.786612e-05
 9711.171916 -3.232031e-05 -4.974678e-07 -8.866918e-08 -8.688532e-07 3.852791e-05 -5.117006e-04 -1.200879e-05 1.404079e-05
 9715.403311 -3.246353e-05 -4.994742e-07 -8.886005e-08 -8.748240e-07 3.818440e-05 -5.063842e-04 -9.632135e-06 1.873866e-05
 9719.646897 -3.243059e-05 -5.027318e-07 -8.951363e-08 -8.752428e-07 2.820558e-05 -5.060691e-04 -1.580831e-05 1.943002e-05
 9723.902675 -3.238777e-05 -5.044935e-07 -9.008886e-08 -8.754937e-07 3.601964e-05 -4.876167e-04 -1.460329e-05 1.841771e-05
 9728.170645 -3.236942e-05 -5.074856e-07 -9.080855e-08 -8.769927e-07 3.584976e-05 -5.086648e-04 -2.017743e-05 2.996679e-05
 9732.450807 -3.237894e-05 -5.100071e-07 -9.148644e-08 -8.794333e-07 3.849135e-05 -5.340411e-04 -2.450364e-05 2.068567e-05
 9736.743161 -3.238953e-05 -5.116313e-07 -9.198796e-08 -8.816323e-07 5.398232e-05 -5.226676e-04 -2.692887e-05 1.258693e-05
 9741.047707 -3.237317e-05 -5.152131e-07 -9.292914e-08 -8.827775e-07 4.831452e-05 -5.188754e-04 -2.932709e-05 1.933665e-05
 9745.364444 -3.245825e-05 -5.166296e-07 -9.331125e-08 -8.878431e-07 3.529974e-05 -5.015969e-04 -2.556426e-05 2.967850e-05
 9749.693374 -3.242559e-05 -5.185420e-07 -9.391197e-08 -8.887805e-07 4.423878e-05 -5.149486e-04 -1.968181e-05 2.294666e-05
 9754.034495 -3.235089e-05 -5.203369e-07 -9.431875e-08 -8.883610e-07 4.932688e-05 -4.960507e-04 -1.780990e-05 1.077150e-05
 9758.387809 -3.242193e-05 -5.216957e-07 -9.492489e-08 -8.928996e-07 6.112376e-05 -4.667137e-04 -1.877703e-05 9.671712e-06
 9762.753314 -3.236426e-05 -5.245398e-07 -9.550134e-08 -8.932697e-07 5.203214e-05 -4.801574e-04 -1.688305e-05 6.802665e-06
 9767.131011 -3.212271e-05 -5.279742e-07 -9.626182e-08 -8.873173e-07 4.935460e-05 -4.850296e-04 -1.417575e-05 1.024648e-05
 9771.520900 -3.229360e-05 -5.286375e-07 -9.659555e-08 -8.953137e-07 5.359662e-05 -4.470222e-04 -8.517296e-06 1.873180e-05
 9775.922981 -3.235468e-05 -5.292685e-07 -9.678023e-08 -8.998335e-07 4.645844e-05 -4.507835e-04 -1.476528e-05 2.003045e-05
 9780.337254 -3.220431e-05 -5.288898e-07 -9.712793e-08 -8.978465e-07 4.305968e-05 -4.424058e-04 -1.907187e-05 1.876835e-05
 9784.763719 -3.218638e-05 -5.300190e-07 -9.738317e-08 -8.994566e-07 4.232563e-05 -4.483554e-04 -2.199968e-05 1.801115e-05
 9789.202376 -3.232116e-05 -5.316865e-07 -9.779106e-08 -9.057511e-07 4.380036e-05 -4.561519e-04 -1.958739e-05 1.129006e-05
 9793.653224 -3.217232e-05 -5.318382e-07 -9.804621e-08 -9.033954e-07 3.395277e-05 -4.469638e-04 -2.139677e-05 1.341235e-05
 9798.116265 -3.226686e-05 -5.366858e-07 -9.912295e-08 -9.073768e-07 3.775536e-05 -4.267241e-04 -2.930904e-05 8.459826e-06
 9802.591497 -3.225781e-05 -5.390572e-07 -9.993150e-08 -9.086741e-07 3.917035e-05 -4.341709e-04 -1.931271e-05 6.647574e-06
 9807.078922 -3.227378e-05 -5.404061e-07 -1.005628e-07 -9.110150e-07 4.147256e-05 -4.546315e-04 -3.379830e-05 8.836745e-06
 9811.578538 -3.225355e-05 -5.421763e-07 -1.010477e-07 -9.125491e-07 3.200023e-05 -4.499413e-04 -2.737422e-05 1.312522e-05
 9816.090346 -3.219134e-05 -5.430169e-07 -1.013268e-07 -9.130508e-07 2.429697e-05 -4.560977e-04 -2.241324e-05 1.936104e-05
 9820.614346 -3.214300e-05 -5.436158e-07 -1.014730e-07 -9.145436e-07 2.529266e-05 -4.606257e-04 -2.661804e-05 2.125612e-05
 9825.150538 -3.190455e-05 -5.439144e-07 -1.019031e-07 -9.087019e-07 3.247288e-05 -4.804715e-04 -2.854877e-05 1.621386e-05
 9829.698922 -3.159519e-05 -5.421092e-07 -1.021197e-07 -9.021894e-07 2.408555e-05 -4.666862e-04 -2.563913e-05 1.096590e-05
 9834.259498 -3.181706e-05 -5.447349e-07 -1.027227e-07 -9.108801e-07 3.215503e-05 -4.526748e-04 -1.841391e-05 1.483881e-05
 9838.832266 -3.182182e-05 -5.497352e-07 -1.039089e-07 -9.123559e-07 3.217358e-05 -4.636897e-04 -2.424619e-05 5.894696e-06
 9843.417226 -3.196353e-05 -5.524533e-07 -1.046312e-07 -9.193787e-07 3.312796e-05 -4.768278e-04 -2.729882e-05 6.442160e-06
 9848.014377 -3.200328e-05 -5.536921e-07 -1.049943e-07 -9.232625e-07 4.309106e-05 -4.643830e-04 -2.553878e-05 1.504873e-05
 9852.623721 -3.203979e-05 -5.551641e-07 -1.056051e-07 -9.270538e-07 4.781079e-05 -4.690416e-04 -2.716692e-05 1.157459e-05
 9857.245256 -3.201924e-05 -5.572020e-07 -1.062482e-07 -9.287654e-07 3.912216e-05 -4.685375e-04 -2.972757e-05 9.624137e-06
 9861.878983 -3.198483e-05 -5.588893e-07 -1.068178e-07 -9.299664e-07 4.274724e-05 -4.695739e-04 -2.051437e-05 8.518867e-06
 9866.524902 -3.195055e-05 -5.619227e-07 -1.078846e-07 -9.307982e-07 3.405138e-05 -4.827300e-04 -1.988103e-05 1.854588e-05
 9871.183013 -3.185797e-05 -5.645769e-07 -1.084636e-07 -9.297292e-07 4.232446e-05 -4.869172e-04 -2.061640e-05 2.192986e-05
 9875.853316 -3.185322e-05 -5.676855e-07 -1.091387e-07 -9.319315e-07 4.287644e-05 -4.830026e-04 -2.463241e-05 9.660729e-06
 9880.535811 -3.188745e-05 -5.694236e-07 -1.097209e-07 -9.356180e-07 3.513532e-05 -5.042809e-04 -2.324289e-05 1.456084e-05
 9885.230498 -3.184904e-05 -5.720671e-07 -1.107346e-07 -9.368417e-07 3.186336e-05 -4.949937e-04 -2.998100e-05 1.023715e-05
 9889.937377 -3.176964e-05 -5.759284e-07 -1.117467e-07 -9.365355e-07 4.062746e-05 -5.067319e-04 -3.585101e-05 8.874076e-06
 9894.656448 -3.185120e-05 -5.770487e-07 -1.121135e-07 -9.420627e-07 4.452681e-05 -5.291240e-04 -3.965839e-05 1.076146e-05
 9899.387710 -3.184772e-05 -5.789262e-07 -1.127204e-07 -9.444891e-07 4.347782e-05 -5.535244e-04 -4.811081e-05 4.445661e-05
 9904.131165 -3.181371e-05 -5.815846e-07 -1.136648e-07 -9.462037e-07 5.035672e-05 -5.629526e-04 -3.510454e-05 4.849448e-05
 9908.886811 -3.178138e-05 -5.841522e-07 -1.143477e-07 -9.479566e-07 3.661044e-05 -5.567858e-04 -3.840367e-05 5.614610e-05
 9913.654649 -3.172827e-05 -5.865728e-07 -1.149738e-07 -9.476329e-07 3.443963e-05 -5.804814e-04 -1.981037e-05 5.498204e-05
 9918.434679 -3.164520e-05 -5.884483e-07 -1.157937e-07 -9.462563e-07 4.327364e-05 -5.919130e-04 -2.064598e-05 4.057098e-05
 9923.226901 -3.149521e-05 -5.912153e-07 -1.164670e-07 -9.430694e-07 4.210402e-05 -5.578386e-04 -1.929321e-05 2.806060e-05
 9928.031315 -3.158509e-05 -5.942653e-07 -1.172734e-07 -9.490507e-07 4.375830e-05 -5.604185e-04 -2.267729e-05 3.660020e-05
 9932.847921 -3.162049e-05 -5.966230e-07 -1.178441e-07 -9.530564e-07 3.286975e-05 -5.639071e-04 -1.508164e-05 2.988797e-05
 9937.676719 -3.150875e-05 -5.964235e-07 -1.181624e-07 -9.522035e-07 3.372075e-05 -5.915613e-04 -2.491128e-05 1.713725e-05
 9942.517709 -3.134966e-05 -5.976880e-07 -1.187654e-07 -9.484130e-07 3.654202e-05 -6.014358e-04 -2.350606e-05 3.120153e-06
 9947.370891 -3.136080e-05 -6.007479e-07 -1.196769e-07 -9.508939e-07 3.361849e-05 -5.853491e-04 -2.109654e-05 -3.323871e-06
 9952.236264 -3.147016e-05 -6.054272e-07 -1.207948e-07 -9.559083e-07 4.112050e-05 -5.271429e-04 -1.562911e-05 1.896164e-06
