# Facility.name: NSLS-II
# Facility.mode: Beam available
# Facility.current: 399.46648936966017
# Facility.current: 3 GeV
# Facility.year: 2023
# Facility.cycle: 2
# Facility.GUP: 312970
# Facility.SAF: 311402
# Experimenter.name: Esteban Fornero
# Beamline.name: ISS (8-ID)
# Beamline.x-ray_source: damping wiggler
# Beamline.collimation_mirror1.material: Si
# Beamline.collimation_mirror2.material: Pt
# Beamline.collimation_mirror2.bender_loading: -348.0
# Beamline.focusing: toroidal mirror
# Beamline.focusing.material: Pt
# Beamline.focusing.bender_loading: -418.0
# Beamline.harmonic_rejection: Si
# Mono.scan_mode: Si(111)
# Mono.d_spacing: 3.1354951
# Mono.scan_mode: pseudo-channel cut
# Mono.scan_type: fly_scan
# Mono.trajectory_name: f950a534-6fd5.txt
# Mono.direction: None
# Mono.angle_offset: 0.69366577
# Mono.angle_offset: 39.744 deg
# Mono.encoder_resolution: 48.0 nrad
# Detector.I0: ion chamber
# Detector.I1: ion chamber
# Detector.I2: ion chamber
# Detector.IF: PIPS
# Detector.I0.length: 15 cm
# Detector.I1.length: 28 cm
# Detector.I2.length: 15 cm
# Detector.IF.thickness: 300 um
# Detector.I0.gas.N2: 38.0%
# Detector.I1.gas.N2: 38.0%
# Detector.I2.gas.N2: 38.0%
# Detector.I0.gas.He: 62.0%
# Detector.I1.gas.He: 62.0%
# Detector.I2.gas.He: 62.0%
# Detector.I0.voltage: -1650.001953
# Detector.I1.voltage: -1650.001343
# Detector.I2.voltage: -1650.001831
# Detector.I0.gain: 4
# Detector.I1.gain: 6
# Detector.I2.gain: 6
# Detector.IF.gain: 6
# Detector.aux: {}
# Element.symbol: Cu
# Element.edge: K
# Element.line: None
# Scan.transient_id: 370991
# Scan.uid: 3990cc9f-96e6-4bd0-811b-5065aa1303d9
# Scan.edge_energy: 8979.0
# Scan.start_time: 06/23/2023  04:33:36.555864
# Scan.end_time: 06/23/2023  04:34:11.746695
# Scan.name: CuGaO2-4th PP+O2-ramp (pos 001) Cu-K 0001
# Scan.comment: 
# Sample.name: CuGaO2-4th
# Sample.comment: 
# Sample.position.x: -66.4779948865
# Sample.position.y: 30.524046843
# Sample.position.z: -10.184937499999995
# Sample.position.theta: 845.5790000000001
# SampleHeater.temperature1.setpoint: 300.0
# SampleHeater.temperature1.readback: 1372.0
# SampleHeater.current.setpoint: 0.0
# SampleHeater.current.readback: 0.0
# SampleHeater.temperature2.setpoint: 100.0
# SampleHeater.temperature2.readback: 100.9
# SampleHeater.voltage.setpoint: 0.32747835383284835
# SampleHeater.voltage.readback: 0.343
# SampleHeater.PID.P: 0.025
# SampleHeater.PID.I: 0.07
# SampleHeater.PID.D: 0.0
# SampleGasCart.MFC.CH4.setpoint: 3.0
# SampleGasCart.MFC.CH4.readback: 2.998
# SampleGasCart.MFC.CO.setpoint: 0.0
# SampleGasCart.MFC.CO.readback: 0.0
# SampleGasCart.MFC.H2.setpoint: 0.0
# SampleGasCart.MFC.H2.readback: 0.0
# SampleGasCart.MFC.exhaust.setpoint: 100.0
# SampleGasCart.MFC.exhaust.readback: 11.0
# SampleGasHandlingSystem.gas_a.name: None
# SampleGasHandlingSystem.gas_b.name: None
# SampleGasHandlingSystem.gas_c.name: None
# SampleGasHandlingSystem.gas_d.name: None
# SampleGasHandlingSystem.gas_e.name: He
# SampleGasHandlingSystem.MFC1.setpoint: 7.0
# SampleGasHandlingSystem.MFC1.readback: 6.998697757720947
# SampleGasHandlingSystem.MFC2.setpoint: 0.0
# SampleGasHandlingSystem.MFC2.readback: -0.06103515625
# SampleGasHandlingSystem.MFC3.setpoint: 0.0
# SampleGasHandlingSystem.MFC3.readback: 0.0244140625
# SampleGasHandlingSystem.MFC4.setpoint: 0.0
# SampleGasHandlingSystem.MFC4.readback: -0.0528971366584301
# SampleGasHandlingSystem.MFC5.setpoint: 0.0
# SampleGasHandlingSystem.MFC5.readback: -0.008138020522892475
# SampleGasHandlingSystem.MFC6.setpoint: 1.5
# SampleGasHandlingSystem.MFC6.readback: 1.50146484375
# SampleGasHandlingSystem.MFC7.setpoint: 0.0
# SampleGasHandlingSystem.MFC7.readback: -0.02848307229578495
# SampleGasHandlingSystem.MFC8.setpoint: 0.0
# SampleGasHandlingSystem.MFC8.readback: -0.0691731795668602
# SampleGasHandlingSystem.MFC9.setpoint: 0.0
# SampleGasHandlingSystem.MFC9.readback: -0.048828125
# SampleGasHandlingSystem.MFC10.setpoint: 0.0
# SampleGasHandlingSystem.MFC10.readback: 0.01220703125
# SampleGasHandlingSystem.MFC11.setpoint: 0.0
# SampleGasHandlingSystem.MFC11.readback: -0.0895182266831398
# SampleGasHandlingSystem.MFC12.setpoint: 0.0
# SampleGasHandlingSystem.MFC12.readback: -0.048828125
# SampleGasHandlingSystem.MFC13.setpoint: 0.0
# SampleGasHandlingSystem.MFC13.readback: -0.048828125
# SampleGasHandlingSystem.MFC14.setpoint: 0.0
# SampleGasHandlingSystem.MFC14.readback: -0.0651041641831398
# SampleGasHandlingSystem.MFC15.setpoint: 0.0
# SampleGasHandlingSystem.MFC15.readback: -0.1017252579331398
# SampleGasHandlingSystem.MFC16.setpoint: 0.0
# SampleGasHandlingSystem.MFC16.readback: -0.0325520820915699
# SampleGasHandlingSystem.RGA.ch1.mass: 2
# SampleGasHandlingSystem.RGA.ch1.readback: 1.07594e-06
# SampleGasHandlingSystem.RGA.ch2.mass: 4
# SampleGasHandlingSystem.RGA.ch2.readback: 0.0
# SampleGasHandlingSystem.RGA.ch3.mass: 5
# SampleGasHandlingSystem.RGA.ch3.readback: 7.81276e-12
# SampleGasHandlingSystem.RGA.ch4.mass: 5
# SampleGasHandlingSystem.RGA.ch4.readback: 4.78717e-10
# SampleGasHandlingSystem.RGA.ch5.mass: 18
# SampleGasHandlingSystem.RGA.ch5.readback: 2.18695e-09
# SampleGasHandlingSystem.RGA.ch6.mass: 28
# SampleGasHandlingSystem.RGA.ch6.readback: 1.4534e-08
# SampleGasHandlingSystem.RGA.ch7.mass: 32
# SampleGasHandlingSystem.RGA.ch7.readback: 3.07315e-09
# SampleGasHandlingSystem.RGA.ch8.mass: 41
# SampleGasHandlingSystem.RGA.ch8.readback: 1.11477e-11
# SampleGasHandlingSystem.RGA.ch9.mass: 44
# SampleGasHandlingSystem.RGA.ch9.readback: 2.07863e-10
# energy  i0  it  ir  iff  aux1  aux2  aux3  aux4
 8779.000000 -3.468725e-05 -3.355954e-07 -2.226259e-07 -3.144449e-07 5.918404e-05 2.836415e-04 -7.102977e-05 2.688154e-05
 8784.000000 -3.486167e-05 -3.319323e-07 -2.201935e-07 -3.166303e-07 6.268844e-05 2.615354e-04 -6.441801e-05 2.373416e-05
 8789.000000 -3.479929e-05 -3.284251e-07 -2.179089e-07 -3.170657e-07 6.443883e-05 2.411429e-04 -6.709192e-05 2.971501e-05
 8794.000000 -3.465917e-05 -3.246339e-07 -2.156744e-07 -3.168571e-07 6.393204e-05 2.542063e-04 -7.065993e-05 2.108945e-05
 8799.000000 -3.427209e-05 -3.215695e-07 -2.136964e-07 -3.140142e-07 6.927394e-05 2.667657e-04 -6.011927e-05 2.739348e-05
 8804.000000 -3.464493e-05 -3.240345e-07 -2.155150e-07 -3.176498e-07 7.639557e-05 3.057039e-04 -5.936533e-05 3.115404e-05
 8809.000000 -3.450803e-05 -3.252823e-07 -2.165042e-07 -3.169957e-07 6.749958e-05 3.068692e-04 -5.927456e-05 3.649538e-05
 8814.000000 -3.436066e-05 -3.230808e-07 -2.152150e-07 -3.160740e-07 7.141511e-05 2.992400e-04 -6.548215e-05 2.977184e-05
 8819.000000 -3.438982e-05 -3.245182e-07 -2.160290e-07 -3.169378e-07 6.903376e-05 3.024569e-04 -6.023388e-05 2.997241e-05
 8824.000000 -3.430805e-05 -3.262466e-07 -2.174432e-07 -3.171172e-07 6.888335e-05 2.976401e-04 -5.057867e-05 2.523438e-05
 8829.000000 -3.420787e-05 -3.274293e-07 -2.184904e-07 -3.173707e-07 6.477863e-05 2.737217e-04 -6.167610e-05 1.562006e-05
 8834.000000 -3.411053e-05 -3.288182e-07 -2.199020e-07 -3.176278e-07 6.233110e-05 2.685070e-04 -6.824316e-05 1.911812e-05
 8839.000000 -3.394445e-05 -3.299745e-07 -2.208222e-07 -3.172351e-07 6.043933e-05 2.706070e-04 -5.752437e-05 2.409077e-05
 8844.000000 -3.384629e-05 -3.297166e-07 -2.206764e-07 -3.175885e-07 6.592047e-05 2.582144e-04 -6.676044e-05 2.659372e-05
 8849.000000 -3.372246e-05 -3.320150e-07 -2.223071e-07 -3.176324e-07 6.737328e-05 2.520516e-04 -5.489894e-05 3.136308e-05
 8854.000000 -3.363154e-05 -3.308208e-07 -2.216917e-07 -3.177079e-07 6.318707e-05 2.627313e-04 -5.836269e-05 2.078819e-05
 8859.000000 -3.352011e-05 -3.313570e-07 -2.219705e-07 -3.176875e-07 5.604904e-05 2.720874e-04 -6.746814e-05 2.344336e-05
 8864.000000 -3.346499e-05 -3.324224e-07 -2.228102e-07 -3.181909e-07 5.724636e-05 2.839935e-04 -6.977005e-05 1.797037e-05
 8869.000000 -3.337269e-05 -3.335407e-07 -2.236038e-07 -3.179966e-07 6.556681e-05 2.951836e-04 -6.311655e-05 1.277102e-05
 8874.000000 -3.325249e-05 -3.351759e-07 -2.250101e-07 -3.177200e-07 5.907378e-05 2.908791e-04 -5.602950e-05 2.083117e-05
 8879.000000 -3.317862e-05 -3.347621e-07 -2.249106e-07 -3.179040e-07 6.369157e-05 2.786045e-04 -6.005523e-05 2.192673e-05
 8884.000000 -3.289486e-05 -3.353135e-07 -2.255113e-07 -3.162940e-07 6.346296e-05 2.791006e-04 -5.878359e-05 2.684443e-05
 8889.000000 -3.264111e-05 -3.347749e-07 -2.251851e-07 -3.154723e-07 5.756705e-05 2.773801e-04 -5.484836e-05 2.656052e-05
 8894.000000 -3.274990e-05 -3.408382e-07 -2.294003e-07 -3.167662e-07 5.733784e-05 2.651380e-04 -6.025482e-05 2.429433e-05
 8899.000000 -3.274847e-05 -3.398128e-07 -2.289158e-07 -3.172019e-07 5.856040e-05 2.432313e-04 -5.625066e-05 3.064325e-05
 8904.000000 -3.257775e-05 -3.427222e-07 -2.311029e-07 -3.161006e-07 5.302610e-05 2.391183e-04 -6.335258e-05 2.915998e-05
 8909.000000 -3.249895e-05 -3.426919e-07 -2.310806e-07 -3.158119e-07 6.780720e-05 2.499195e-04 -5.190592e-05 3.610112e-05
 8914.000000 -3.225517e-05 -3.427681e-07 -2.311790e-07 -3.142423e-07 5.801724e-05 2.726978e-04 -5.331480e-05 3.394016e-05
 8919.000000 -3.217564e-05 -3.452596e-07 -2.329465e-07 -3.143013e-07 6.228766e-05 2.948653e-04 -5.578566e-05 3.231573e-05
 8924.000000 -3.196967e-05 -3.479948e-07 -2.349827e-07 -3.133801e-07 6.074930e-05 2.783667e-04 -6.509458e-05 3.488675e-05
 8929.000000 -3.196692e-05 -3.513524e-07 -2.373328e-07 -3.148966e-07 5.768113e-05 2.730597e-04 -6.649394e-05 3.974978e-05
 8934.000000 -3.188721e-05 -3.523865e-07 -2.379173e-07 -3.154649e-07 6.476443e-05 2.969500e-04 -6.568956e-05 3.571341e-05
 8939.000000 -3.173943e-05 -3.549552e-07 -2.396166e-07 -3.150088e-07 6.359249e-05 3.034669e-04 -6.611113e-05 2.471978e-05
 8944.000000 -3.160417e-05 -3.550725e-07 -2.396302e-07 -3.146726e-07 5.545374e-05 2.930248e-04 -7.787495e-05 1.821205e-05
 8949.000000 -3.148226e-05 -3.533362e-07 -2.381635e-07 -3.148566e-07 5.880682e-05 3.167357e-04 -7.181577e-05 2.636607e-05
 8953.000000 -3.141350e-05 -3.526960e-07 -2.376197e-07 -3.153201e-07 6.713261e-05 3.341019e-04 -6.535767e-05 1.573332e-05
 8956.000000 -3.137475e-05 -3.522150e-07 -2.372412e-07 -3.157673e-07 6.843914e-05 3.421823e-04 -7.283002e-05 2.154055e-05
 8958.000000 -3.133642e-05 -3.524271e-07 -2.372131e-07 -3.158071e-07 7.625903e-05 3.107995e-04 -8.533981e-05 2.227842e-05
 8959.000000 -3.128794e-05 -3.531343e-07 -2.373542e-07 -3.156733e-07 8.038743e-05 2.828755e-04 -9.027872e-05 3.939688e-06
 8959.200000 -3.124021e-05 -3.541004e-07 -2.378139e-07 -3.153145e-07 8.033805e-05 2.785406e-04 -8.712911e-05 -7.240615e-07
 8959.400000 -3.123015e-05 -3.543958e-07 -2.380023e-07 -3.154849e-07 7.286995e-05 2.854674e-04 -1.008057e-04 -1.327877e-06
 8959.600000 -3.125281e-05 -3.517714e-07 -2.362795e-07 -3.157925e-07 7.309072e-05 3.029826e-04 -8.956294e-05 7.486259e-06
 8959.800000 -3.131599e-05 -3.511392e-07 -2.358184e-07 -3.162444e-07 7.895323e-05 3.170157e-04 -7.712513e-05 2.113689e-06
 8960.000000 -3.130641e-05 -3.517044e-07 -2.363261e-07 -3.164067e-07 7.349577e-05 2.971791e-04 -7.645746e-05 5.538995e-06
 8960.200000 -3.127752e-05 -3.533363e-07 -2.372790e-07 -3.160578e-07 6.521615e-05 2.999042e-04 -7.479372e-05 5.500383e-06
 8960.400000 -3.129411e-05 -3.528474e-07 -2.367671e-07 -3.163082e-07 5.970335e-05 2.935659e-04 -6.715419e-05 4.156730e-06
 8960.600000 -3.123533e-05 -3.514985e-07 -2.358540e-07 -3.160270e-07 6.697203e-05 2.567392e-04 -7.124228e-05 8.935141e-06
 8960.800000 -3.119738e-05 -3.571119e-07 -2.398626e-07 -3.155104e-07 7.101566e-05 2.492442e-04 -7.544471e-05 9.100636e-06
 8961.000000 -3.123623e-05 -3.531623e-07 -2.371625e-07 -3.158962e-07 7.637595e-05 2.599731e-04 -6.686815e-05 2.042217e-05
 8961.200000 -3.124135e-05 -3.523128e-07 -2.364573e-07 -3.159181e-07 7.052085e-05 2.744033e-04 -7.754048e-05 1.105662e-05
 8961.400000 -3.124994e-05 -3.516289e-07 -2.360518e-07 -3.161339e-07 6.030050e-05 2.716912e-04 -7.858950e-05 3.718533e-06
 8961.600000 -3.124002e-05 -3.513437e-07 -2.355091e-07 -3.161228e-07 6.533161e-05 2.859154e-04 -7.837413e-05 1.206315e-05
 8961.800000 -3.121456e-05 -3.549423e-07 -2.377340e-07 -3.157977e-07 7.308070e-05 2.821224e-04 -7.818340e-05 1.653593e-05
 8962.000000 -3.119280e-05 -3.517215e-07 -2.355059e-07 -3.161892e-07 6.702172e-05 2.887127e-04 -7.848255e-05 1.985629e-05
 8962.200000 -3.118552e-05 -3.556090e-07 -2.381068e-07 -3.160312e-07 6.799887e-05 2.851443e-04 -8.996799e-05 2.373063e-05
 8962.400000 -3.119959e-05 -3.527145e-07 -2.362746e-07 -3.163309e-07 7.627617e-05 2.784590e-04 -7.608171e-05 2.767133e-05
 8962.600000 -3.114875e-05 -3.527916e-07 -2.361869e-07 -3.159163e-07 8.180997e-05 3.051453e-04 -7.670920e-05 2.208191e-05
 8962.800000 -3.112551e-05 -3.573885e-07 -2.395209e-07 -3.155281e-07 8.222610e-05 3.004311e-04 -6.522882e-05 1.633214e-05
 8963.000000 -3.120838e-05 -3.511979e-07 -2.349989e-07 -3.164041e-07 6.398677e-05 2.943214e-04 -7.269371e-05 2.296025e-05
 8963.200000 -3.123307e-05 -3.523100e-07 -2.356147e-07 -3.165211e-07 6.593292e-05 2.973651e-04 -6.645596e-05 6.185164e-06
 8963.400000 -3.123802e-05 -3.510201e-07 -2.348465e-07 -3.167499e-07 5.499576e-05 3.002814e-04 -7.393666e-05 1.519985e-05
 8963.600000 -3.121047e-05 -3.517478e-07 -2.354210e-07 -3.167338e-07 5.366503e-05 3.129903e-04 -7.403820e-05 1.541511e-05
 8963.800000 -3.116618e-05 -3.531781e-07 -2.362537e-07 -3.161427e-07 7.076909e-05 2.998367e-04 -7.500171e-05 1.480181e-05
 8964.000000 -3.117701e-05 -3.506357e-07 -2.345787e-07 -3.162891e-07 7.125859e-05 2.923937e-04 -6.362134e-05 1.310989e-05
 8964.200000 -3.116158e-05 -3.513192e-07 -2.347973e-07 -3.161748e-07 6.481249e-05 2.878221e-04 -6.905221e-05 1.775404e-05
 8964.400000 -3.109730e-05 -3.535455e-07 -2.365044e-07 -3.156781e-07 6.676016e-05 2.890845e-04 -6.360849e-05 1.683948e-05
 8964.600000 -3.110157e-05 -3.562366e-07 -2.381252e-07 -3.157416e-07 6.527037e-05 2.972442e-04 -5.599831e-05 1.667345e-05
 8964.800000 -3.109668e-05 -3.547745e-07 -2.370327e-07 -3.157979e-07 7.052213e-05 3.036305e-04 -6.434257e-05 2.308217e-05
 8965.000000 -3.108813e-05 -3.523640e-07 -2.355539e-07 -3.158552e-07 6.388221e-05 3.027375e-04 -5.724480e-05 2.869955e-05
 8965.200000 -3.108470e-05 -3.546809e-07 -2.372546e-07 -3.157814e-07 5.692497e-05 3.044691e-04 -6.182588e-05 2.253178e-05
 8965.400000 -3.105254e-05 -3.541719e-07 -2.365331e-07 -3.155822e-07 6.309755e-05 2.965236e-04 -6.365172e-05 2.215310e-05
 8965.600000 -3.106613e-05 -3.529419e-07 -2.357005e-07 -3.159444e-07 7.163031e-05 3.179989e-04 -7.296885e-05 1.301113e-05
 8965.800000 -3.112166e-05 -3.508092e-07 -2.339246e-07 -3.165019e-07 6.995474e-05 3.202515e-04 -6.333004e-05 1.960069e-05
 8966.000000 -3.113954e-05 -3.502169e-07 -2.332788e-07 -3.168233e-07 6.756260e-05 3.236072e-04 -4.401158e-05 2.612958e-05
 8966.200000 -3.110698e-05 -3.510724e-07 -2.341456e-07 -3.165411e-07 6.184075e-05 3.148402e-04 -5.020682e-05 3.517771e-05
 8966.400000 -3.104417e-05 -3.518925e-07 -2.345875e-07 -3.159293e-07 6.111168e-05 3.251433e-04 -6.961470e-05 2.965892e-05
 8966.600000 -3.106022e-05 -3.495017e-07 -2.330974e-07 -3.166078e-07 7.451437e-05 3.412119e-04 -6.756910e-05 3.685245e-05
 8966.800000 -3.107743e-05 -3.499373e-07 -2.332084e-07 -3.166128e-07 7.216686e-05 3.394140e-04 -5.697936e-05 3.060572e-05
 8967.000000 -3.110407e-05 -3.490713e-07 -2.323769e-07 -3.167482e-07 6.421968e-05 3.360626e-04 -6.697101e-05 3.441597e-05
 8967.200000 -3.109697e-05 -3.505138e-07 -2.335946e-07 -3.167583e-07 6.892815e-05 3.392620e-04 -6.719507e-05 2.524133e-05
 8967.400000 -3.108190e-05 -3.473515e-07 -2.313523e-07 -3.170916e-07 6.729968e-05 3.184132e-04 -6.213917e-05 2.607614e-05
 8967.600000 -3.108062e-05 -3.508097e-07 -2.337996e-07 -3.169996e-07 7.008938e-05 3.027114e-04 -6.863310e-05 3.522151e-05
 8967.800000 -3.104058e-05 -3.507974e-07 -2.335829e-07 -3.165048e-07 6.495988e-05 3.111336e-04 -7.687166e-05 2.397450e-05
 8968.000000 -3.102403e-05 -3.490296e-07 -2.321975e-07 -3.166869e-07 7.080045e-05 3.199764e-04 -7.773336e-05 2.162689e-05
 8968.200000 -3.102572e-05 -3.515088e-07 -2.337278e-07 -3.164576e-07 7.086343e-05 3.117231e-04 -7.648844e-05 1.789928e-05
 8968.400000 -3.102708e-05 -3.492155e-07 -2.321794e-07 -3.167410e-07 6.751048e-05 2.700593e-04 -7.444315e-05 2.907431e-05
 8968.600000 -3.105186e-05 -3.497714e-07 -2.320748e-07 -3.171126e-07 6.826695e-05 2.857988e-04 -6.461865e-05 3.381682e-05
 8968.800000 -3.104931e-05 -3.487250e-07 -2.314829e-07 -3.171826e-07 5.801339e-05 3.111760e-04 -6.825131e-05 3.702470e-05
 8969.000000 -3.105608e-05 -3.477849e-07 -2.306411e-07 -3.175231e-07 5.636169e-05 3.302666e-04 -6.999343e-05 3.133156e-05
 8969.200000 -3.107190e-05 -3.490071e-07 -2.314382e-07 -3.175788e-07 5.952270e-05 3.177228e-04 -7.200563e-05 3.190545e-05
 8969.400000 -3.104855e-05 -3.478080e-07 -2.305570e-07 -3.176384e-07 5.663659e-05 3.019638e-04 -7.741916e-05 3.106376e-05
 8969.600000 -3.102055e-05 -3.505272e-07 -2.324777e-07 -3.176077e-07 5.765066e-05 2.943804e-04 -7.893366e-05 3.712636e-05
 8969.800000 -3.095678e-05 -3.522477e-07 -2.332036e-07 -3.171075e-07 5.659501e-05 2.904624e-04 -6.743933e-05 3.972087e-05
 8970.000000 -3.087550e-05 -3.531665e-07 -2.335563e-07 -3.164096e-07 5.537606e-05 2.962650e-04 -5.709786e-05 4.994805e-05
 8970.200000 -3.088345e-05 -3.533068e-07 -2.334165e-07 -3.166976e-07 5.764357e-05 2.900276e-04 -6.538180e-05 4.321345e-05
 8970.400000 -3.096844e-05 -3.504248e-07 -2.312725e-07 -3.176915e-07 5.855395e-05 2.918902e-04 -7.724017e-05 4.014452e-05
 8970.600000 -3.103808e-05 -3.507419e-07 -2.314902e-07 -3.183107e-07 5.212979e-05 3.001593e-04 -9.338532e-05 3.107168e-05
 8970.800000 -3.103346e-05 -3.509525e-07 -2.317469e-07 -3.183369e-07 4.581664e-05 3.081255e-04 -8.385796e-05 4.335652e-05
 8971.000000 -3.103574e-05 -3.496794e-07 -2.305082e-07 -3.183690e-07 4.068409e-05 3.060901e-04 -7.559261e-05 4.314228e-05
 8971.200000 -3.099543e-05 -3.510042e-07 -2.309103e-07 -3.184514e-07 5.145711e-05 3.129173e-04 -7.283180e-05 3.791312e-05
 8971.400000 -3.102534e-05 -3.496387e-07 -2.299080e-07 -3.188899e-07 6.074548e-05 3.238327e-04 -8.368683e-05 3.716270e-05
 8971.600000 -3.104921e-05 -3.489332e-07 -2.293856e-07 -3.190601e-07 5.913167e-05 3.442831e-04 -8.767895e-05 3.252558e-05
 8971.800000 -3.104286e-05 -3.485682e-07 -2.288020e-07 -3.193310e-07 5.402702e-05 3.279738e-04 -9.273333e-05 2.695654e-05
 8972.000000 -3.102307e-05 -3.504147e-07 -2.297937e-07 -3.191845e-07 5.185495e-05 3.270295e-04 -9.173241e-05 3.016911e-05
 8972.200000 -3.099014e-05 -3.497022e-07 -2.292181e-07 -3.190848e-07 5.934589e-05 3.115426e-04 -7.883079e-05 4.025780e-05
 8972.400000 -3.100495e-05 -3.500301e-07 -2.290367e-07 -3.192443e-07 6.255085e-05 3.433891e-04 -7.063340e-05 3.952330e-05
 8972.600000 -3.099915e-05 -3.501002e-07 -2.287027e-07 -3.194034e-07 6.199637e-05 3.427718e-04 -7.151185e-05 4.603743e-05
 8972.800000 -3.098802e-05 -3.478688e-07 -2.265033e-07 -3.197648e-07 5.552967e-05 3.368797e-04 -7.649723e-05 4.331676e-05
 8973.000000 -3.098206e-05 -3.495416e-07 -2.273135e-07 -3.197542e-07 5.556402e-05 3.217080e-04 -7.126867e-05 4.945680e-05
 8973.200000 -3.094121e-05 -3.503083e-07 -2.274801e-07 -3.198243e-07 5.432002e-05 3.201901e-04 -7.864829e-05 4.117620e-05
 8973.400000 -3.092373e-05 -3.513228e-07 -2.277637e-07 -3.200022e-07 6.045175e-05 3.176258e-04 -7.949782e-05 3.871806e-05
 8973.600000 -3.092483e-05 -3.499332e-07 -2.262744e-07 -3.202521e-07 5.939936e-05 2.977753e-04 -8.947236e-05 4.884426e-05
 8973.800000 -3.092877e-05 -3.518792e-07 -2.271353e-07 -3.202704e-07 5.710619e-05 3.160481e-04 -7.712335e-05 5.324067e-05
 8974.000000 -3.093296e-05 -3.518458e-07 -2.267364e-07 -3.205349e-07 5.379488e-05 3.093393e-04 -8.008781e-05 4.318000e-05
 8974.200000 -3.094519e-05 -3.498951e-07 -2.247760e-07 -3.211812e-07 4.460040e-05 3.225450e-04 -9.053877e-05 4.558620e-05
 8974.400000 -3.095607e-05 -3.482692e-07 -2.232421e-07 -3.216952e-07 4.031461e-05 3.213195e-04 -8.099407e-05 3.978594e-05
 8974.600000 -3.091588e-05 -3.504709e-07 -2.240895e-07 -3.214662e-07 4.519601e-05 3.144063e-04 -7.540112e-05 4.778839e-05
 8974.800000 -3.090124e-05 -3.509339e-07 -2.234651e-07 -3.214950e-07 5.263582e-05 3.217249e-04 -7.498141e-05 4.789170e-05
 8975.000000 -3.086760e-05 -3.507162e-07 -2.226587e-07 -3.215228e-07 5.882110e-05 3.135518e-04 -7.678631e-05 3.537407e-05
 8975.200000 -3.085603e-05 -3.527690e-07 -2.230509e-07 -3.219268e-07 5.653003e-05 3.180931e-04 -6.587169e-05 3.089587e-05
 8975.400000 -3.089769e-05 -3.504545e-07 -2.202709e-07 -3.230050e-07 6.084010e-05 3.195308e-04 -7.278584e-05 3.552749e-05
 8975.600000 -3.088200e-05 -3.489057e-07 -2.181405e-07 -3.232501e-07 5.683001e-05 3.063172e-04 -7.822397e-05 3.447608e-05
 8975.800000 -3.087955e-05 -3.501793e-07 -2.176262e-07 -3.236719e-07 5.047707e-05 3.088298e-04 -7.084412e-05 3.856070e-05
 8976.000000 -3.085385e-05 -3.513365e-07 -2.167091e-07 -3.239314e-07 5.560131e-05 3.069157e-04 -6.782040e-05 4.478155e-05
 8976.200000 -3.087117e-05 -3.503059e-07 -2.138892e-07 -3.249726e-07 5.900316e-05 3.106683e-04 -7.265613e-05 3.924081e-05
 8976.400000 -3.083894e-05 -3.495314e-07 -2.114192e-07 -3.254635e-07 6.983395e-05 3.027808e-04 -8.063529e-05 3.780327e-05
 8976.600000 -3.077678e-05 -3.516726e-07 -2.104911e-07 -3.253382e-07 7.016467e-05 3.062084e-04 -8.786922e-05 2.519452e-05
 8976.800000 -3.074859e-05 -3.514373e-07 -2.072377e-07 -3.263025e-07 6.350605e-05 2.947655e-04 -8.380687e-05 2.672585e-05
 8977.000000 -3.074845e-05 -3.500422e-07 -2.026803e-07 -3.273840e-07 6.979594e-05 2.913482e-04 -9.044756e-05 2.821610e-05
 8977.200000 -3.083050e-05 -3.490100e-07 -1.977363e-07 -3.290551e-07 6.696044e-05 2.971260e-04 -8.125863e-05 2.621087e-05
 8977.400000 -3.083957e-05 -3.468770e-07 -1.911512e-07 -3.307640e-07 6.353896e-05 2.822658e-04 -9.454735e-05 2.942304e-05
 8977.600000 -3.083073e-05 -3.467396e-07 -1.852205e-07 -3.320575e-07 5.945543e-05 2.898717e-04 -8.640921e-05 1.803443e-05
 8977.800000 -3.080348e-05 -3.480401e-07 -1.789966e-07 -3.335585e-07 4.764076e-05 2.837523e-04 -8.182978e-05 2.154214e-05
 8978.000000 -3.076847e-05 -3.470799e-07 -1.705955e-07 -3.352458e-07 4.994273e-05 2.745379e-04 -7.310071e-05 2.765692e-05
 8978.200000 -3.076624e-05 -3.465193e-07 -1.616484e-07 -3.380229e-07 5.658962e-05 2.728577e-04 -7.404711e-05 3.302434e-05
 8978.400000 -3.075083e-05 -3.469996e-07 -1.537071e-07 -3.408913e-07 5.750267e-05 2.828602e-04 -7.920920e-05 3.337253e-05
 8978.600000 -3.073885e-05 -3.461580e-07 -1.451083e-07 -3.445552e-07 6.155382e-05 3.144740e-04 -8.026247e-05 3.366898e-05
 8978.800000 -3.072745e-05 -3.439016e-07 -1.361106e-07 -3.493752e-07 5.414628e-05 3.168308e-04 -8.071880e-05 3.272577e-05
 8979.000000 -3.068864e-05 -3.449534e-07 -1.289114e-07 -3.542514e-07 5.188506e-05 2.888659e-04 -7.921529e-05 3.682511e-05
 8979.200000 -3.068477e-05 -3.423563e-07 -1.209950e-07 -3.611769e-07 5.260787e-05 2.935884e-04 -6.050561e-05 5.342957e-05
 8979.400000 -3.068133e-05 -3.430172e-07 -1.153476e-07 -3.692400e-07 5.623759e-05 2.985960e-04 -5.425621e-05 3.919864e-05
 8979.600000 -3.066704e-05 -3.405803e-07 -1.092600e-07 -3.788868e-07 5.745243e-05 3.030169e-04 -5.884013e-05 3.499951e-05
 8979.800000 -3.064525e-05 -3.402254e-07 -1.051234e-07 -3.904638e-07 5.752159e-05 2.625242e-04 -6.784388e-05 3.220275e-05
 8980.000000 -3.061795e-05 -3.386856e-07 -1.015692e-07 -4.036719e-07 6.304259e-05 2.740743e-04 -7.782242e-05 3.555858e-05
 8980.200000 -3.060433e-05 -3.360499e-07 -9.864321e-08 -4.186865e-07 7.172315e-05 2.832836e-04 -7.295908e-05 4.048719e-05
 8980.400000 -3.060163e-05 -3.358585e-07 -9.698508e-08 -4.346609e-07 7.314689e-05 2.784694e-04 -7.106855e-05 2.991097e-05
 8980.600000 -3.056155e-05 -3.336573e-07 -9.526408e-08 -4.495115e-07 5.529608e-05 2.568780e-04 -7.060703e-05 3.096182e-05
 8980.800000 -3.047820e-05 -3.326350e-07 -9.426908e-08 -4.610065e-07 6.654867e-05 2.441280e-04 -6.131765e-05 4.176059e-05
 8981.000000 -3.046028e-05 -3.345741e-07 -9.531202e-08 -4.703771e-07 7.913455e-05 2.607049e-04 -6.085812e-05 4.693270e-05
 8981.200000 -3.043274e-05 -3.339224e-07 -9.519433e-08 -4.751373e-07 7.596458e-05 2.678960e-04 -7.022218e-05 4.007606e-05
 8981.400000 -3.033524e-05 -3.347760e-07 -9.599845e-08 -4.744067e-07 7.905238e-05 2.904816e-04 -7.345121e-05 3.326271e-05
 8981.600000 -3.034816e-05 -3.363638e-07 -9.701721e-08 -4.708382e-07 8.360891e-05 2.777274e-04 -6.548691e-05 4.075708e-05
 8981.800000 -3.042684e-05 -3.349076e-07 -9.697909e-08 -4.652517e-07 7.581088e-05 2.762275e-04 -6.060264e-05 3.804970e-05
 8982.000000 -3.047472e-05 -3.325727e-07 -9.658565e-08 -4.568894e-07 6.408790e-05 2.830693e-04 -8.240373e-05 3.188831e-05
 8982.200000 -3.050967e-05 -3.308514e-07 -9.636890e-08 -4.474831e-07 6.287871e-05 2.737882e-04 -7.996380e-05 4.154176e-05
 8982.400000 -3.050514e-05 -3.325912e-07 -9.730247e-08 -4.376362e-07 6.910598e-05 2.337557e-04 -7.901498e-05 3.628511e-05
 8982.600000 -3.050230e-05 -3.326794e-07 -9.728457e-08 -4.294548e-07 6.352818e-05 2.270473e-04 -7.967910e-05 3.198980e-05
 8982.800000 -3.049312e-05 -3.333793e-07 -9.737099e-08 -4.222107e-07 7.631106e-05 2.444868e-04 -8.271433e-05 3.727894e-05
 8983.000000 -3.045938e-05 -3.368935e-07 -9.814348e-08 -4.164109e-07 8.066732e-05 2.709828e-04 -8.016946e-05 4.339014e-05
 8983.200000 -3.039942e-05 -3.369628e-07 -9.781116e-08 -4.120553e-07 7.939194e-05 2.503282e-04 -8.301491e-05 3.284144e-05
 8983.400000 -3.041093e-05 -3.367397e-07 -9.657794e-08 -4.103592e-07 7.460367e-05 2.533098e-04 -6.808810e-05 3.784856e-05
 8983.600000 -3.042700e-05 -3.353671e-07 -9.508866e-08 -4.102652e-07 7.029780e-05 2.693953e-04 -6.868551e-05 3.985029e-05
 8983.800000 -3.043864e-05 -3.358972e-07 -9.391689e-08 -4.111210e-07 6.890179e-05 2.585772e-04 -6.256287e-05 4.231688e-05
 8984.000000 -3.042125e-05 -3.368048e-07 -9.323120e-08 -4.121172e-07 7.931310e-05 2.661289e-04 -6.835576e-05 3.344482e-05
 8984.200000 -3.037758e-05 -3.367619e-07 -9.188055e-08 -4.142485e-07 7.688506e-05 2.368563e-04 -7.127402e-05 1.384297e-05
 8984.400000 -3.031140e-05 -3.381559e-07 -9.073561e-08 -4.162853e-07 8.121979e-05 2.260467e-04 -6.058928e-05 2.572977e-05
 8984.600000 -3.023498e-05 -3.384056e-07 -8.971824e-08 -4.179678e-07 7.816182e-05 2.290818e-04 -6.716774e-05 2.185807e-05
 8984.800000 -3.020801e-05 -3.430513e-07 -8.954716e-08 -4.203990e-07 8.273426e-05 2.337713e-04 -6.248621e-05 2.229144e-05
 8985.000000 -3.024155e-05 -3.374064e-07 -8.686038e-08 -4.239964e-07 7.321511e-05 2.405403e-04 -5.131159e-05 2.383102e-05
 8985.200000 -3.032129e-05 -3.340597e-07 -8.475464e-08 -4.277714e-07 7.239919e-05 2.358590e-04 -4.250305e-05 3.131759e-05
 8985.400000 -3.034265e-05 -3.335150e-07 -8.352083e-08 -4.304409e-07 6.318905e-05 2.429817e-04 -5.954538e-05 2.252251e-05
 8985.600000 -3.033207e-05 -3.336549e-07 -8.215323e-08 -4.324048e-07 6.353253e-05 2.665475e-04 -7.034835e-05 2.218356e-05
 8985.800000 -3.024279e-05 -3.363570e-07 -8.187955e-08 -4.325265e-07 7.012973e-05 2.654645e-04 -6.709391e-05 2.916941e-05
 8986.000000 -3.022610e-05 -3.344671e-07 -8.035491e-08 -4.339358e-07 7.509047e-05 2.598249e-04 -7.033332e-05 3.574486e-05
 8986.200000 -3.027315e-05 -3.341338e-07 -7.856022e-08 -4.367568e-07 6.284401e-05 2.737463e-04 -7.629783e-05 2.925755e-05
 8986.400000 -3.033366e-05 -3.297993e-07 -7.600426e-08 -4.399101e-07 6.056539e-05 2.685419e-04 -8.074446e-05 2.632589e-05
 8986.600000 -3.035155e-05 -3.265683e-07 -7.393352e-08 -4.429379e-07 5.787234e-05 2.620122e-04 -7.148680e-05 3.181533e-05
 8986.800000 -3.036063e-05 -3.288474e-07 -7.332459e-08 -4.457950e-07 5.976698e-05 2.561867e-04 -6.447445e-05 3.013899e-05
 8987.000000 -3.035142e-05 -3.262326e-07 -7.099527e-08 -4.487111e-07 6.126918e-05 2.542785e-04 -6.649333e-05 2.186965e-05
 8987.200000 -3.033759e-05 -3.277390e-07 -6.998104e-08 -4.520188e-07 6.976997e-05 2.736625e-04 -5.534687e-05 2.390342e-05
 8987.400000 -3.029581e-05 -3.287165e-07 -6.892541e-08 -4.552816e-07 8.352470e-05 2.601501e-04 -5.321652e-05 2.938871e-05
 8987.600000 -3.029306e-05 -3.293073e-07 -6.705228e-08 -4.598486e-07 7.567775e-05 2.490761e-04 -4.372983e-05 2.443739e-05
 8987.800000 -3.026415e-05 -3.288425e-07 -6.565266e-08 -4.639116e-07 7.062536e-05 2.608762e-04 -4.194205e-05 2.231169e-05
 8988.000000 -3.022652e-05 -3.266425e-07 -6.349489e-08 -4.685942e-07 7.237500e-05 2.394656e-04 -5.553914e-05 1.596851e-05
 8988.200000 -3.027139e-05 -3.273058e-07 -6.210002e-08 -4.746528e-07 7.176338e-05 2.385330e-04 -4.539396e-05 1.512647e-05
 8988.400000 -3.028759e-05 -3.238971e-07 -5.978057e-08 -4.802794e-07 6.826368e-05 2.349746e-04 -5.453050e-05 8.689094e-06
 8988.600000 -3.023567e-05 -3.264249e-07 -5.835614e-08 -4.847064e-07 6.609619e-05 2.367079e-04 -5.627183e-05 8.891838e-06
 8988.800000 -3.018313e-05 -3.272640e-07 -5.692077e-08 -4.889926e-07 7.105939e-05 2.410261e-04 -4.661268e-05 2.858928e-05
 8989.000000 -3.022404e-05 -3.237461e-07 -5.405562e-08 -4.954964e-07 7.629171e-05 2.500739e-04 -5.388659e-05 2.195009e-05
 8989.200000 -3.022887e-05 -3.251884e-07 -5.288849e-08 -5.008548e-07 7.582708e-05 2.233322e-04 -5.148366e-05 2.654509e-05
 8989.400000 -3.017145e-05 -3.225152e-07 -5.082277e-08 -5.049284e-07 7.391465e-05 2.131339e-04 -5.617201e-05 3.246420e-05
 8989.600000 -3.014920e-05 -3.249727e-07 -4.951932e-08 -5.095808e-07 6.807528e-05 2.278087e-04 -6.910334e-05 3.740965e-05
 8989.800000 -3.014169e-05 -3.249659e-07 -4.796673e-08 -5.147579e-07 6.754387e-05 2.307309e-04 -6.844789e-05 2.901422e-05
 8990.000000 -3.013740e-05 -3.250538e-07 -4.647733e-08 -5.193915e-07 6.697630e-05 2.207177e-04 -7.097750e-05 2.797704e-05
 8990.200000 -3.014321e-05 -3.224857e-07 -4.492004e-08 -5.245839e-07 6.681690e-05 2.355033e-04 -6.695305e-05 3.649752e-05
 8990.400000 -3.012838e-05 -3.227526e-07 -4.337118e-08 -5.290958e-07 7.421315e-05 2.222023e-04 -6.201008e-05 3.916393e-05
 8990.600000 -3.015483e-05 -3.226222e-07 -4.229638e-08 -5.337937e-07 7.542332e-05 2.269477e-04 -5.538960e-05 3.614481e-05
 8990.800000 -3.013829e-05 -3.217347e-07 -4.091982e-08 -5.372516e-07 7.002186e-05 2.131328e-04 -5.293076e-05 3.528348e-05
 8991.000000 -3.014763e-05 -3.203011e-07 -3.990076e-08 -5.406808e-07 7.744598e-05 2.230477e-04 -5.015475e-05 3.202725e-05
 8991.200000 -3.011700e-05 -3.216972e-07 -3.897405e-08 -5.421094e-07 7.508441e-05 2.202949e-04 -5.464730e-05 3.425597e-05
 8991.400000 -3.013076e-05 -3.188263e-07 -3.742006e-08 -5.441280e-07 6.741932e-05 2.116761e-04 -6.449847e-05 3.673746e-05
 8991.600000 -3.012965e-05 -3.203576e-07 -3.704256e-08 -5.448614e-07 7.938458e-05 2.033749e-04 -7.507726e-05 2.980652e-05
 8991.800000 -3.011398e-05 -3.201623e-07 -3.637833e-08 -5.447157e-07 8.378348e-05 2.254893e-04 -6.835270e-05 2.549151e-05
 8992.000000 -3.010466e-05 -3.204253e-07 -3.598622e-08 -5.447862e-07 8.640250e-05 2.055518e-04 -5.396505e-05 3.295733e-05
 8992.200000 -3.009024e-05 -3.225267e-07 -3.548467e-08 -5.440647e-07 7.713226e-05 2.189055e-04 -6.989726e-05 2.678271e-05
 8992.400000 -3.008676e-05 -3.204630e-07 -3.492139e-08 -5.434224e-07 7.541036e-05 2.257611e-04 -6.128944e-05 4.014146e-05
 8992.600000 -3.007069e-05 -3.209043e-07 -3.426060e-08 -5.424147e-07 6.754904e-05 2.217013e-04 -6.884600e-05 3.212587e-05
 8992.800000 -3.004247e-05 -3.195603e-07 -3.408860e-08 -5.409463e-07 6.964266e-05 2.192423e-04 -7.031379e-05 3.263103e-05
 8993.000000 -3.006702e-05 -3.204264e-07 -3.393521e-08 -5.409960e-07 6.184997e-05 2.081606e-04 -6.916149e-05 3.433738e-05
 8993.200000 -3.004235e-05 -3.190862e-07 -3.340735e-08 -5.399113e-07 5.621139e-05 2.273288e-04 -7.610775e-05 4.152637e-05
 8993.400000 -3.005996e-05 -3.197955e-07 -3.382111e-08 -5.398910e-07 5.733000e-05 2.296909e-04 -7.622765e-05 3.507816e-05
 8993.600000 -3.005065e-05 -3.200006e-07 -3.360302e-08 -5.397635e-07 6.157095e-05 2.128281e-04 -7.964420e-05 3.424593e-05
 8993.800000 -3.005072e-05 -3.182590e-07 -3.350834e-08 -5.399708e-07 6.388529e-05 2.213127e-04 -7.939357e-05 3.904243e-05
 8994.000000 -3.004404e-05 -3.186144e-07 -3.348738e-08 -5.408893e-07 5.752436e-05 2.446619e-04 -7.270867e-05 3.848152e-05
 8994.200000 -3.000459e-05 -3.198719e-07 -3.443507e-08 -5.413716e-07 6.478102e-05 2.404537e-04 -7.103234e-05 3.650288e-05
 8994.400000 -2.996409e-05 -3.219334e-07 -3.483462e-08 -5.417817e-07 6.724468e-05 2.371335e-04 -6.902599e-05 3.478253e-05
 8994.600000 -2.996981e-05 -3.196237e-07 -3.513561e-08 -5.445679e-07 6.424708e-05 2.328320e-04 -6.580080e-05 3.097630e-05
 8994.800000 -2.998290e-05 -3.195963e-07 -3.547130e-08 -5.479201e-07 6.682370e-05 2.338912e-04 -6.898187e-05 1.871738e-05
 8995.000000 -2.997412e-05 -3.190123e-07 -3.576328e-08 -5.510595e-07 6.879296e-05 2.563124e-04 -5.891493e-05 2.635727e-05
 8995.200000 -2.997015e-05 -3.180114e-07 -3.637054e-08 -5.546382e-07 6.428401e-05 2.505875e-04 -6.955564e-05 3.309015e-05
 8995.400000 -2.995812e-05 -3.188533e-07 -3.652841e-08 -5.582456e-07 6.422329e-05 2.398312e-04 -7.493336e-05 2.288154e-05
 8995.600000 -2.997866e-05 -3.173715e-07 -3.690669e-08 -5.624693e-07 6.733427e-05 2.390741e-04 -8.356662e-05 1.935476e-05
 8995.800000 -2.998925e-05 -3.166244e-07 -3.710726e-08 -5.664481e-07 5.647283e-05 2.632226e-04 -6.518377e-05 3.208593e-05
 8996.000000 -2.998640e-05 -3.172291e-07 -3.759396e-08 -5.696100e-07 6.092121e-05 3.077415e-04 -6.272722e-05 3.586547e-05
 8996.200000 -2.994007e-05 -3.180925e-07 -3.798342e-08 -5.714018e-07 7.108552e-05 2.974972e-04 -7.909055e-05 2.903546e-05
 8996.400000 -2.991078e-05 -3.193308e-07 -3.867233e-08 -5.730920e-07 7.053274e-05 2.981103e-04 -8.044346e-05 2.188704e-05
 8996.600000 -2.993485e-05 -3.182928e-07 -3.903250e-08 -5.762096e-07 7.528394e-05 3.106153e-04 -8.151215e-05 2.455285e-05
 8996.800000 -2.992229e-05 -3.179037e-07 -3.903647e-08 -5.773157e-07 8.122118e-05 2.994055e-04 -6.816360e-05 3.896919e-05
 8997.000000 -2.993093e-05 -3.174086e-07 -3.921170e-08 -5.788493e-07 7.349682e-05 3.055705e-04 -7.862678e-05 3.011851e-05
 8997.200000 -2.992933e-05 -3.171515e-07 -3.955612e-08 -5.794459e-07 7.878154e-05 2.909797e-04 -6.428196e-05 4.828208e-05
 8997.400000 -2.994013e-05 -3.160297e-07 -3.974899e-08 -5.799402e-07 8.423927e-05 3.040359e-04 -6.440663e-05 5.156735e-05
 8997.600000 -2.991880e-05 -3.156853e-07 -3.944486e-08 -5.783855e-07 8.611755e-05 3.063576e-04 -7.272764e-05 3.883833e-05
 8997.800000 -2.989172e-05 -3.176740e-07 -3.978728e-08 -5.757922e-07 8.052648e-05 3.391230e-04 -6.279042e-05 3.855592e-05
 8998.000000 -2.991883e-05 -3.164097e-07 -3.941907e-08 -5.740974e-07 7.205457e-05 2.995829e-04 -6.919753e-05 4.918384e-05
 8998.200000 -2.990201e-05 -3.155286e-07 -3.920325e-08 -5.710643e-07 7.710048e-05 3.079650e-04 -7.213287e-05 5.532093e-05
 8998.400000 -2.986478e-05 -3.176727e-07 -3.945514e-08 -5.669403e-07 6.720468e-05 2.894359e-04 -8.113820e-05 4.551311e-05
 8998.600000 -2.986386e-05 -3.185420e-07 -3.918127e-08 -5.631528e-07 7.372825e-05 2.812517e-04 -5.914741e-05 4.172795e-05
 8998.800000 -2.985859e-05 -3.202057e-07 -3.931491e-08 -5.595373e-07 7.147674e-05 2.891848e-04 -6.282090e-05 2.551837e-05
 8999.000000 -2.983343e-05 -3.180124e-07 -3.865493e-08 -5.551959e-07 6.533768e-05 2.669243e-04 -5.436328e-05 3.081038e-05
 8999.200000 -2.984542e-05 -3.192293e-07 -3.824242e-08 -5.520272e-07 5.245102e-05 2.635963e-04 -4.507015e-05 3.127062e-05
 8999.400000 -2.985562e-05 -3.175304e-07 -3.778129e-08 -5.493825e-07 5.979872e-05 2.536557e-04 -4.376753e-05 3.845140e-05
 8999.600000 -2.985129e-05 -3.191765e-07 -3.777750e-08 -5.463139e-07 6.332510e-05 2.506243e-04 -6.379857e-05 3.007250e-05
 8999.800000 -2.985832e-05 -3.188470e-07 -3.715579e-08 -5.437568e-07 6.535136e-05 2.511810e-04 -5.313023e-05 3.646426e-05
 9000.000000 -2.983593e-05 -3.204184e-07 -3.680181e-08 -5.406492e-07 7.112866e-05 2.567049e-04 -5.495742e-05 4.143401e-05
 9000.200000 -2.979002e-05 -3.201187e-07 -3.621575e-08 -5.373400e-07 7.002694e-05 2.493455e-04 -6.181239e-05 4.267686e-05
 9000.400000 -2.978642e-05 -3.197133e-07 -3.603128e-08 -5.357041e-07 5.761729e-05 2.759034e-04 -7.230822e-05 3.109634e-05
 9000.600000 -2.979732e-05 -3.201428e-07 -3.563981e-08 -5.350012e-07 6.045507e-05 2.889850e-04 -6.900737e-05 2.676196e-05
 9000.800000 -2.975835e-05 -3.202290e-07 -3.518826e-08 -5.329639e-07 5.462919e-05 2.743466e-04 -7.072331e-05 2.879191e-05
 9001.000000 -2.970459e-05 -3.220439e-07 -3.466533e-08 -5.309432e-07 6.040822e-05 2.701116e-04 -8.738233e-05 2.570526e-05
 9001.200000 -2.960624e-05 -3.216496e-07 -3.413768e-08 -5.283131e-07 6.093838e-05 2.466953e-04 -7.811424e-05 2.807042e-05
 9001.400000 -2.947536e-05 -3.194467e-07 -3.360955e-08 -5.254312e-07 6.944763e-05 2.482789e-04 -6.594479e-05 2.163621e-05
 9001.600000 -2.930467e-05 -3.197453e-07 -3.336000e-08 -5.225013e-07 7.801592e-05 2.204597e-04 -7.370975e-05 2.440150e-05
 9001.800000 -2.915713e-05 -3.142854e-07 -3.252223e-08 -5.203176e-07 7.551224e-05 2.509100e-04 -7.636351e-05 3.994731e-05
 9002.000000 -2.910854e-05 -3.148261e-07 -3.223309e-08 -5.196249e-07 5.628930e-05 2.660445e-04 -6.757930e-05 3.484328e-05
 9002.200000 -2.918550e-05 -3.146531e-07 -3.221979e-08 -5.209278e-07 5.280348e-05 2.576953e-04 -5.955702e-05 3.664678e-05
 9002.400000 -2.927183e-05 -3.175535e-07 -3.236178e-08 -5.217271e-07 4.971962e-05 2.573901e-04 -6.445432e-05 4.145931e-05
 9002.600000 -2.940440e-05 -3.186621e-07 -3.267463e-08 -5.241502e-07 6.125919e-05 2.435349e-04 -6.956115e-05 3.853170e-05
 9002.800000 -2.959330e-05 -3.191369e-07 -3.299146e-08 -5.275815e-07 6.752402e-05 2.452893e-04 -7.204497e-05 4.134728e-05
 9003.000000 -2.971319e-05 -3.230195e-07 -3.356158e-08 -5.292477e-07 6.434345e-05 2.354969e-04 -8.146333e-05 3.960585e-05
 9003.200000 -2.978387e-05 -3.219583e-07 -3.382184e-08 -5.302410e-07 6.381414e-05 2.356746e-04 -8.949506e-05 3.727514e-05
 9003.400000 -2.981776e-05 -3.224055e-07 -3.424005e-08 -5.306234e-07 6.462883e-05 2.557516e-04 -7.458233e-05 3.380107e-05
 9003.600000 -2.984000e-05 -3.221517e-07 -3.443149e-08 -5.306872e-07 6.818599e-05 2.739941e-04 -8.485946e-05 2.850159e-05
 9003.800000 -2.983146e-05 -3.225961e-07 -3.453889e-08 -5.298976e-07 6.268439e-05 2.724008e-04 -8.674414e-05 4.426923e-05
 9004.000000 -2.980331e-05 -3.237977e-07 -3.527390e-08 -5.287233e-07 6.056459e-05 2.847320e-04 -8.797790e-05 4.253856e-05
 9004.200000 -2.978563e-05 -3.223938e-07 -3.549446e-08 -5.280596e-07 5.495159e-05 2.958898e-04 -7.839080e-05 3.984551e-05
 9004.400000 -2.975907e-05 -3.265886e-07 -3.632524e-08 -5.269558e-07 6.264400e-05 3.087573e-04 -7.783827e-05 3.842685e-05
 9004.600000 -2.972767e-05 -3.234385e-07 -3.636736e-08 -5.261149e-07 6.126486e-05 2.998773e-04 -6.633586e-05 4.523744e-05
 9004.800000 -2.970352e-05 -3.228949e-07 -3.650536e-08 -5.251835e-07 5.947016e-05 2.831347e-04 -7.785875e-05 3.956585e-05
 9005.000000 -2.973615e-05 -3.243594e-07 -3.691192e-08 -5.251882e-07 5.604137e-05 2.697418e-04 -7.013695e-05 3.658080e-05
 9005.200000 -2.974679e-05 -3.210737e-07 -3.696428e-08 -5.250930e-07 5.339177e-05 2.814282e-04 -6.942781e-05 3.385573e-05
 9005.400000 -2.974121e-05 -3.247156e-07 -3.791099e-08 -5.248782e-07 5.748993e-05 2.765415e-04 -6.422364e-05 2.585185e-05
 9005.600000 -2.975030e-05 -3.202729e-07 -3.760837e-08 -5.247245e-07 5.413598e-05 2.821319e-04 -6.254696e-05 3.510688e-05
 9005.800000 -2.975886e-05 -3.228546e-07 -3.837272e-08 -5.246584e-07 5.249371e-05 2.962392e-04 -7.475026e-05 3.388318e-05
 9006.000000 -2.972766e-05 -3.225224e-07 -3.855586e-08 -5.236396e-07 5.261361e-05 2.927688e-04 -7.001491e-05 2.622343e-05
 9006.200000 -2.969103e-05 -3.233533e-07 -3.931715e-08 -5.227587e-07 4.440608e-05 2.803075e-04 -6.237083e-05 1.964236e-05
 9006.400000 -2.972854e-05 -3.233995e-07 -3.943070e-08 -5.233384e-07 5.131846e-05 2.941171e-04 -6.021114e-05 2.633178e-05
 9006.600000 -2.967620e-05 -3.233932e-07 -3.939970e-08 -5.217089e-07 6.066215e-05 3.015166e-04 -6.556998e-05 2.971575e-05
 9006.800000 -2.965738e-05 -3.253484e-07 -4.013049e-08 -5.209561e-07 6.005525e-05 2.825915e-04 -7.262296e-05 2.500292e-05
 9007.000000 -2.967390e-05 -3.244350e-07 -4.039749e-08 -5.208241e-07 6.690214e-05 2.863329e-04 -5.380946e-05 3.308317e-05
 9007.200000 -2.969111e-05 -3.239040e-07 -4.048464e-08 -5.211870e-07 6.091612e-05 2.761372e-04 -6.781365e-05 2.410067e-05
 9007.400000 -2.970500e-05 -3.227539e-07 -4.063660e-08 -5.211258e-07 5.763449e-05 2.844931e-04 -6.045518e-05 2.151000e-05
 9007.600000 -2.967673e-05 -3.218305e-07 -4.075799e-08 -5.203726e-07 5.474219e-05 2.786318e-04 -5.509992e-05 2.162492e-05
 9007.800000 -2.963488e-05 -3.256707e-07 -4.142398e-08 -5.186235e-07 6.404379e-05 2.879713e-04 -7.293391e-05 1.806143e-05
 9008.000000 -2.964769e-05 -3.235377e-07 -4.170504e-08 -5.185844e-07 7.143845e-05 3.030389e-04 -6.982969e-05 1.690470e-05
 9008.200000 -2.962894e-05 -3.244081e-07 -4.189164e-08 -5.177934e-07 7.258160e-05 3.066400e-04 -8.438575e-05 2.199519e-05
 9008.400000 -2.961353e-05 -3.249530e-07 -4.229447e-08 -5.173706e-07 5.828377e-05 3.145304e-04 -7.850219e-05 1.425721e-05
 9008.600000 -2.962174e-05 -3.232107e-07 -4.231408e-08 -5.173043e-07 6.695049e-05 3.302815e-04 -7.442006e-05 1.402170e-05
 9008.800000 -2.960250e-05 -3.260252e-07 -4.321141e-08 -5.165379e-07 7.010691e-05 3.258232e-04 -8.149388e-05 1.833062e-05
 9009.000000 -2.959614e-05 -3.248774e-07 -4.334227e-08 -5.162591e-07 7.044590e-05 3.079948e-04 -8.856890e-05 2.473384e-05
 9009.227860 -2.961371e-05 -3.236975e-07 -4.317700e-08 -5.165798e-07 6.973159e-05 2.930471e-04 -7.236861e-05 3.694491e-05
 9009.483581 -2.960038e-05 -3.245054e-07 -4.365324e-08 -5.162998e-07 5.868079e-05 2.955270e-04 -7.981541e-05 3.067608e-05
 9009.767162 -2.958321e-05 -3.236750e-07 -4.368475e-08 -5.155985e-07 5.722715e-05 3.067228e-04 -7.411429e-05 1.949734e-05
 9010.078604 -2.956039e-05 -3.237966e-07 -4.400359e-08 -5.151416e-07 5.668294e-05 3.077659e-04 -6.115589e-05 1.601650e-05
 9010.417905 -2.948944e-05 -3.240984e-07 -4.396434e-08 -5.140971e-07 5.085132e-05 3.148890e-04 -6.667086e-05 1.005338e-05
 9010.785067 -2.943771e-05 -3.215995e-07 -4.362254e-08 -5.140226e-07 5.719099e-05 3.232862e-04 -6.712525e-05 1.716963e-05
 9011.180090 -2.941789e-05 -3.178120e-07 -4.315705e-08 -5.153362e-07 7.163570e-05 3.379876e-04 -4.837736e-05 2.188881e-05
 9011.602973 -2.935021e-05 -3.168666e-07 -4.304176e-08 -5.162589e-07 6.384859e-05 3.321489e-04 -6.293016e-05 2.028005e-05
 9012.053716 -2.933735e-05 -3.173492e-07 -4.284868e-08 -5.182643e-07 7.457353e-05 3.034340e-04 -6.421875e-05 1.837006e-05
 9012.532319 -2.934815e-05 -3.186774e-07 -4.309797e-08 -5.215024e-07 7.649055e-05 3.312127e-04 -6.454009e-05 1.683590e-05
 9013.038783 -2.939291e-05 -3.175483e-07 -4.259595e-08 -5.270459e-07 6.593890e-05 3.066184e-04 -6.327216e-05 2.747764e-05
 9013.573107 -2.942275e-05 -3.175495e-07 -4.225882e-08 -5.334110e-07 6.134286e-05 2.957185e-04 -7.069294e-05 2.855375e-05
 9014.135292 -2.947744e-05 -3.185743e-07 -4.200738e-08 -5.402530e-07 6.349167e-05 3.017242e-04 -7.676738e-05 3.111568e-05
 9014.725337 -2.960164e-05 -3.186049e-07 -4.144644e-08 -5.480577e-07 5.953738e-05 3.092571e-04 -6.644144e-05 2.925042e-05
 9015.343242 -2.963340e-05 -3.181401e-07 -4.092196e-08 -5.522991e-07 5.383900e-05 3.218500e-04 -7.146765e-05 2.897898e-05
 9015.989008 -2.963032e-05 -3.164214e-07 -3.992468e-08 -5.539398e-07 5.437324e-05 3.289156e-04 -6.645702e-05 3.923539e-05
 9016.662634 -2.961533e-05 -3.157417e-07 -3.913974e-08 -5.527857e-07 5.881439e-05 3.398827e-04 -6.338058e-05 3.651697e-05
 9017.364120 -2.960027e-05 -3.159000e-07 -3.845540e-08 -5.496736e-07 5.230878e-05 3.218907e-04 -6.718768e-05 2.562312e-05
 9018.093467 -2.956218e-05 -3.158653e-07 -3.772130e-08 -5.445748e-07 5.870881e-05 3.103204e-04 -5.846221e-05 3.759980e-05
 9018.850674 -2.935807e-05 -3.206778e-07 -3.773585e-08 -5.339352e-07 6.701693e-05 3.187230e-04 -5.787252e-05 2.696357e-05
 9019.635741 -2.944601e-05 -3.176811e-07 -3.632632e-08 -5.306010e-07 7.460134e-05 3.296184e-04 -5.632852e-05 2.214649e-05
 9020.448669 -2.948475e-05 -3.155264e-07 -3.532503e-08 -5.260906e-07 6.897239e-05 3.467869e-04 -5.380395e-05 1.541775e-05
 9021.289457 -2.946989e-05 -3.156488e-07 -3.444290e-08 -5.205702e-07 6.465375e-05 3.546367e-04 -5.580648e-05 2.081701e-05
 9022.158106 -2.949837e-05 -3.138180e-07 -3.362303e-08 -5.167989e-07 6.810747e-05 3.392406e-04 -6.027473e-05 2.695213e-05
 9023.054614 -2.947873e-05 -3.155371e-07 -3.313527e-08 -5.127652e-07 7.017266e-05 3.708542e-04 -7.305196e-05 2.045531e-05
 9023.978983 -2.942618e-05 -3.174984e-07 -3.263487e-08 -5.093515e-07 6.863715e-05 3.700199e-04 -7.253759e-05 1.463069e-05
 9024.931213 -2.942490e-05 -3.164559e-07 -3.237804e-08 -5.083808e-07 6.658029e-05 3.361630e-04 -6.813363e-05 1.399988e-05
 9025.911303 -2.935930e-05 -3.191314e-07 -3.325644e-08 -5.069788e-07 6.890469e-05 3.335228e-04 -6.292397e-05 1.846553e-05
 9026.919253 -2.934593e-05 -3.191980e-07 -3.404245e-08 -5.077323e-07 7.355433e-05 3.399572e-04 -7.179481e-05 1.213221e-05
 9027.955064 -2.937280e-05 -3.175064e-07 -3.444119e-08 -5.095650e-07 7.060103e-05 3.597494e-04 -7.463587e-05 1.216619e-05
 9029.018734 -2.926036e-05 -3.206791e-07 -3.611741e-08 -5.083024e-07 7.071630e-05 3.529012e-04 -6.738941e-05 2.027982e-05
 9030.110266 -2.922951e-05 -3.203004e-07 -3.723937e-08 -5.093504e-07 6.795956e-05 3.443034e-04 -6.178184e-05 1.864588e-05
 9031.232723 -2.927523e-05 -3.186898e-07 -3.799499e-08 -5.120930e-07 6.712872e-05 3.265645e-04 -6.113821e-05 2.374854e-05
 9032.367373 -2.921075e-05 -3.194558e-07 -3.892873e-08 -5.122651e-07 5.958927e-05 3.270947e-04 -5.196473e-05 2.176109e-05
 9033.514214 -2.914228e-05 -3.199155e-07 -3.953095e-08 -5.128640e-07 5.699373e-05 3.235918e-04 -5.355762e-05 2.947403e-05
 9034.673248 -2.914636e-05 -3.186971e-07 -4.006301e-08 -5.160433e-07 7.209711e-05 3.271870e-04 -5.980946e-05 3.021324e-05
 9035.844473 -2.917416e-05 -3.163199e-07 -3.995307e-08 -5.207299e-07 8.697022e-05 3.399689e-04 -5.514914e-05 3.292521e-05
 9037.027890 -2.911219e-05 -3.172664e-07 -3.999133e-08 -5.230383e-07 8.469892e-05 3.284214e-04 -5.160977e-05 2.981901e-05
 9038.223499 -2.919070e-05 -3.123033e-07 -3.908881e-08 -5.289148e-07 7.781296e-05 3.361430e-04 -5.390175e-05 2.758764e-05
 9039.431300 -2.916399e-05 -3.129683e-07 -3.873296e-08 -5.311049e-07 7.373872e-05 3.364388e-04 -5.682082e-05 2.371617e-05
 9040.651293 -2.907272e-05 -3.152827e-07 -3.870366e-08 -5.309634e-07 6.841246e-05 3.185319e-04 -7.095246e-05 1.579092e-05
 9041.883478 -2.898552e-05 -3.164246e-07 -3.869681e-08 -5.304997e-07 7.036590e-05 3.357877e-04 -7.271749e-05 1.431424e-05
 9043.127855 -2.895286e-05 -3.167571e-07 -3.896336e-08 -5.306311e-07 7.185547e-05 3.395110e-04 -6.067356e-05 1.685772e-05
 9044.384423 -2.887137e-05 -3.176192e-07 -3.933000e-08 -5.297763e-07 7.855833e-05 3.631234e-04 -5.804963e-05 2.593629e-05
 9045.653184 -2.895586e-05 -3.125175e-07 -3.875815e-08 -5.334305e-07 7.110750e-05 3.505282e-04 -5.853491e-05 2.817396e-05
 9046.934136 -2.899436e-05 -3.079852e-07 -3.781054e-08 -5.363039e-07 6.788495e-05 3.332284e-04 -6.889000e-05 2.103044e-05
 9048.227280 -2.895180e-05 -3.089857e-07 -3.739818e-08 -5.367165e-07 6.677094e-05 3.439862e-04 -6.047534e-05 2.766027e-05
 9049.532617 -2.891639e-05 -3.091631e-07 -3.702288e-08 -5.379625e-07 5.939961e-05 3.311481e-04 -7.297862e-05 2.541199e-05
 9050.850145 -2.889291e-05 -3.077841e-07 -3.671301e-08 -5.392467e-07 7.047559e-05 3.324182e-04 -7.484309e-05 3.073205e-05
 9052.179865 -2.887252e-05 -3.065932e-07 -3.652744e-08 -5.401856e-07 7.328961e-05 3.146484e-04 -6.843366e-05 2.728535e-05
 9053.521777 -2.877281e-05 -3.092506e-07 -3.671781e-08 -5.380324e-07 7.507078e-05 3.076257e-04 -6.226880e-05 2.701698e-05
 9054.875881 -2.876258e-05 -3.083230e-07 -3.628164e-08 -5.376561e-07 7.018124e-05 3.188149e-04 -6.305634e-05 2.749819e-05
 9056.242177 -2.876952e-05 -3.066799e-07 -3.586990e-08 -5.376591e-07 6.800019e-05 3.021446e-04 -7.048893e-05 2.987868e-05
 9057.620664 -2.874615e-05 -3.067280e-07 -3.551060e-08 -5.366660e-07 7.255562e-05 2.995248e-04 -7.111599e-05 4.160459e-05
 9059.011344 -2.858153e-05 -3.054583e-07 -3.487225e-08 -5.331034e-07 7.338113e-05 3.046791e-04 -6.229972e-05 4.933278e-05
 9060.414215 -2.851846e-05 -3.021065e-07 -3.412845e-08 -5.316838e-07 7.004921e-05 3.108401e-04 -6.498675e-05 4.434902e-05
 9061.829279 -2.864233e-05 -3.017775e-07 -3.390644e-08 -5.336822e-07 6.351736e-05 2.908812e-04 -6.968725e-05 4.279292e-05
 9063.256534 -2.866947e-05 -3.021811e-07 -3.363236e-08 -5.337606e-07 6.363832e-05 2.681475e-04 -7.034861e-05 3.362924e-05
 9064.695981 -2.864361e-05 -3.027984e-07 -3.332210e-08 -5.328893e-07 7.046614e-05 2.771976e-04 -7.627663e-05 3.418181e-05
 9066.147620 -2.861494e-05 -3.039305e-07 -3.291681e-08 -5.322492e-07 6.845963e-05 2.826539e-04 -6.943913e-05 4.039260e-05
 9067.611452 -2.859451e-05 -3.027974e-07 -3.241403e-08 -5.321579e-07 7.195658e-05 2.635998e-04 -7.363752e-05 3.627779e-05
 9069.087475 -2.855824e-05 -3.041453e-07 -3.206799e-08 -5.316831e-07 6.269148e-05 2.705293e-04 -6.258931e-05 3.387066e-05
 9070.575689 -2.855508e-05 -3.028576e-07 -3.169454e-08 -5.328228e-07 6.822402e-05 2.747117e-04 -6.087736e-05 3.623785e-05
 9072.076096 -2.854546e-05 -3.012893e-07 -3.117667e-08 -5.341570e-07 7.243089e-05 2.641441e-04 -6.627278e-05 4.496534e-05
 9073.588695 -2.849976e-05 -3.021735e-07 -3.141611e-08 -5.350599e-07 7.046185e-05 2.636950e-04 -6.322045e-05 4.358065e-05
 9075.113485 -2.843918e-05 -3.038213e-07 -3.216718e-08 -5.349024e-07 6.891830e-05 2.740286e-04 -5.899041e-05 3.817128e-05
 9076.650468 -2.835788e-05 -3.064466e-07 -3.323941e-08 -5.334876e-07 6.460170e-05 2.705470e-04 -5.728956e-05 4.385392e-05
 9078.199642 -2.836730e-05 -3.042870e-07 -3.383994e-08 -5.340488e-07 5.823407e-05 2.869793e-04 -5.783315e-05 4.492822e-05
 9079.761009 -2.837510e-05 -3.023983e-07 -3.447264e-08 -5.343654e-07 5.510824e-05 3.221080e-04 -5.578344e-05 4.354428e-05
 9081.334567 -2.841207e-05 -2.980835e-07 -3.495955e-08 -5.359696e-07 5.855473e-05 3.301767e-04 -7.428289e-05 4.075056e-05
 9082.920317 -2.830203e-05 -2.990573e-07 -3.586648e-08 -5.336700e-07 6.143996e-05 3.380655e-04 -8.297647e-05 4.033799e-05
 9084.518259 -2.827473e-05 -2.983838e-07 -3.623973e-08 -5.338219e-07 6.369816e-05 3.143474e-04 -8.438447e-05 3.564843e-05
 9086.128393 -2.829969e-05 -2.967184e-07 -3.643519e-08 -5.358164e-07 7.148960e-05 3.234410e-04 -6.910041e-05 3.154703e-05
 9087.750719 -2.830279e-05 -2.975430e-07 -3.657080e-08 -5.371357e-07 6.802375e-05 3.222704e-04 -7.044220e-05 2.998736e-05
 9089.385237 -2.830733e-05 -2.974647e-07 -3.724564e-08 -5.380182e-07 6.522795e-05 3.227942e-04 -8.175860e-05 2.922100e-05
 9091.031946 -2.832246e-05 -2.971026e-07 -3.761477e-08 -5.392093e-07 7.505140e-05 3.086288e-04 -8.465670e-05 2.620675e-05
 9092.690848 -2.825570e-05 -2.991915e-07 -3.875200e-08 -5.382302e-07 7.992047e-05 3.239071e-04 -9.041308e-05 2.000983e-05
 9094.361942 -2.825213e-05 -2.985379e-07 -3.924925e-08 -5.387902e-07 8.098622e-05 3.101287e-04 -6.624976e-05 2.887908e-05
 9096.045227 -2.827392e-05 -2.965789e-07 -3.956090e-08 -5.395963e-07 7.470885e-05 2.936756e-04 -6.833598e-05 2.454438e-05
 9097.740704 -2.823693e-05 -2.973625e-07 -3.996801e-08 -5.386069e-07 7.139434e-05 2.831907e-04 -7.256595e-05 2.770739e-05
 9099.448374 -2.823008e-05 -2.991319e-07 -4.009898e-08 -5.376952e-07 7.086480e-05 2.708486e-04 -7.167402e-05 2.546818e-05
 9101.168235 -2.823872e-05 -2.979853e-07 -3.949198e-08 -5.376677e-07 6.440563e-05 2.917342e-04 -8.393261e-05 2.358563e-05
 9102.900288 -2.819669e-05 -2.986983e-07 -3.880883e-08 -5.360163e-07 6.234556e-05 2.711122e-04 -8.814600e-05 1.714141e-05
 9104.644533 -2.817555e-05 -2.989596e-07 -3.815136e-08 -5.347293e-07 7.502837e-05 2.735756e-04 -8.193770e-05 2.537618e-05
 9106.400970 -2.816650e-05 -2.976216e-07 -3.737403e-08 -5.346516e-07 6.762677e-05 2.643278e-04 -8.759988e-05 2.877310e-05
 9108.169598 -2.815866e-05 -2.972125e-07 -3.682135e-08 -5.346303e-07 5.866539e-05 2.835807e-04 -9.342936e-05 2.619575e-05
 9109.950419 -2.814124e-05 -2.983801e-07 -3.637878e-08 -5.345645e-07 5.404205e-05 2.741633e-04 -7.669301e-05 2.105400e-05
 9111.743432 -2.811903e-05 -2.977953e-07 -3.577866e-08 -5.348079e-07 5.975056e-05 2.801959e-04 -7.349409e-05 1.231687e-05
 9113.548636 -2.810989e-05 -2.982572e-07 -3.576202e-08 -5.352875e-07 6.030514e-05 2.867254e-04 -7.733953e-05 1.412187e-05
 9115.366032 -2.807481e-05 -2.981552e-07 -3.579675e-08 -5.356126e-07 6.410972e-05 2.743716e-04 -6.839161e-05 1.220412e-05
 9117.195621 -2.804967e-05 -2.978969e-07 -3.568295e-08 -5.359498e-07 6.722561e-05 2.922965e-04 -7.970622e-05 2.140616e-05
 9119.037401 -2.806586e-05 -2.966103e-07 -3.537778e-08 -5.377621e-07 6.963865e-05 2.960616e-04 -7.873851e-05 2.636625e-05
 9120.891373 -2.804081e-05 -2.974128e-07 -3.498752e-08 -5.386634e-07 6.952586e-05 2.923700e-04 -7.865421e-05 1.971130e-05
 9122.757537 -2.802601e-05 -2.966171e-07 -3.409922e-08 -5.396092e-07 7.601761e-05 3.134974e-04 -6.769345e-05 2.810471e-05
 9124.635893 -2.802224e-05 -2.965203e-07 -3.340081e-08 -5.409291e-07 7.011348e-05 2.906897e-04 -7.561675e-05 3.789901e-05
 9126.526441 -2.800758e-05 -2.966227e-07 -3.233558e-08 -5.424176e-07 6.382801e-05 2.515164e-04 -7.405559e-05 3.392183e-05
 9128.429181 -2.794333e-05 -2.966173e-07 -3.157191e-08 -5.427369e-07 6.208639e-05 2.136199e-04 -8.691728e-05 2.794255e-05
 9130.344112 -2.784384e-05 -2.961553e-07 -3.098977e-08 -5.426260e-07 6.206515e-05 2.343610e-04 -7.717593e-05 2.213207e-05
 9132.271236 -2.790287e-05 -2.957934e-07 -3.093310e-08 -5.452267e-07 6.954201e-05 2.497323e-04 -7.423324e-05 2.621756e-05
 9134.210552 -2.790141e-05 -2.964553e-07 -3.137054e-08 -5.465810e-07 5.965648e-05 2.687634e-04 -7.751128e-05 2.210107e-05
 9136.162059 -2.787855e-05 -2.948932e-07 -3.146043e-08 -5.475623e-07 5.431206e-05 2.564041e-04 -7.696315e-05 2.043237e-05
 9138.125758 -2.782520e-05 -2.965686e-07 -3.193269e-08 -5.470623e-07 5.429878e-05 2.827538e-04 -7.670023e-05 2.399556e-05
 9140.101649 -2.782415e-05 -2.984118e-07 -3.258811e-08 -5.475926e-07 5.264011e-05 3.080655e-04 -8.154220e-05 1.567266e-05
 9142.089733 -2.784678e-05 -2.979041e-07 -3.317156e-08 -5.487665e-07 5.933159e-05 3.100832e-04 -7.431650e-05 1.699834e-05
 9144.090008 -2.785067e-05 -2.976706e-07 -3.433108e-08 -5.498738e-07 5.021088e-05 3.075765e-04 -6.999744e-05 2.166566e-05
 9146.102475 -2.780793e-05 -2.972182e-07 -3.542329e-08 -5.496446e-07 5.350031e-05 3.085899e-04 -7.641855e-05 1.993414e-05
 9148.127133 -2.776438e-05 -2.979474e-07 -3.684279e-08 -5.486338e-07 5.612940e-05 3.098774e-04 -7.044961e-05 1.827100e-05
 9150.163984 -2.771519e-05 -2.988064e-07 -3.823622e-08 -5.474596e-07 5.415722e-05 3.093197e-04 -6.467502e-05 1.514152e-05
 9152.213027 -2.773795e-05 -2.976484e-07 -3.920967e-08 -5.489599e-07 5.713990e-05 2.898529e-04 -7.075807e-05 2.472521e-05
 9154.274261 -2.754004e-05 -2.947566e-07 -4.020446e-08 -5.461201e-07 5.481120e-05 3.108414e-04 -7.285326e-05 1.747333e-05
 9156.347688 -2.735834e-05 -2.924029e-07 -4.077227e-08 -5.431608e-07 5.774427e-05 3.272106e-04 -7.005609e-05 1.317487e-05
 9158.433306 -2.779767e-05 -2.978509e-07 -4.209398e-08 -5.520069e-07 6.187373e-05 3.300917e-04 -7.115606e-05 1.896694e-05
 9160.531117 -2.780953e-05 -2.984778e-07 -4.205808e-08 -5.530480e-07 5.759111e-05 3.220246e-04 -7.047930e-05 2.658114e-05
 9162.641119 -2.780666e-05 -3.001410e-07 -4.146869e-08 -5.531624e-07 6.324861e-05 3.163893e-04 -6.463364e-05 2.487526e-05
 9164.763313 -2.777866e-05 -3.014960e-07 -4.089023e-08 -5.529082e-07 6.897789e-05 3.185224e-04 -5.630622e-05 2.500488e-05
 9166.897699 -2.775303e-05 -3.010272e-07 -3.974091e-08 -5.530089e-07 6.929394e-05 3.108430e-04 -7.521139e-05 9.426963e-06
 9169.044277 -2.750216e-05 -3.003737e-07 -3.857395e-08 -5.482526e-07 7.492374e-05 2.919788e-04 -7.290529e-05 1.228742e-05
 9171.203047 -2.742880e-05 -3.029439e-07 -3.823728e-08 -5.465588e-07 7.213702e-05 3.007064e-04 -7.328228e-05 2.150258e-05
 9173.374008 -2.767064e-05 -3.048098e-07 -3.771885e-08 -5.525931e-07 7.329886e-05 3.224553e-04 -7.994292e-05 1.190803e-05
 9175.557162 -2.778001e-05 -3.040074e-07 -3.729764e-08 -5.560303e-07 6.637892e-05 3.106040e-04 -7.578883e-05 2.490265e-05
 9177.752508 -2.782784e-05 -3.029658e-07 -3.718904e-08 -5.583885e-07 6.158362e-05 3.042086e-04 -7.271475e-05 3.669600e-05
 9179.960045 -2.781060e-05 -3.046088e-07 -3.746072e-08 -5.585366e-07 7.327725e-05 3.221579e-04 -6.859949e-05 3.593239e-05
 9182.179775 -2.782371e-05 -3.042427e-07 -3.757633e-08 -5.599140e-07 7.591616e-05 3.137342e-04 -6.799589e-05 2.501257e-05
 9184.411696 -2.782243e-05 -3.033815e-07 -3.757780e-08 -5.610959e-07 6.380204e-05 2.989858e-04 -5.795558e-05 2.684322e-05
 9186.655809 -2.779182e-05 -3.049656e-07 -3.796615e-08 -5.608909e-07 6.039870e-05 2.981995e-04 -6.572607e-05 3.554931e-05
 9188.912114 -2.776783e-05 -3.059044e-07 -3.847745e-08 -5.608564e-07 6.734304e-05 3.015825e-04 -6.467507e-05 2.857256e-05
 9191.180611 -2.780383e-05 -3.049657e-07 -3.832384e-08 -5.627632e-07 6.908859e-05 2.576101e-04 -6.348833e-05 3.062614e-05
 9193.461300 -2.782279e-05 -3.053623e-07 -3.847022e-08 -5.642631e-07 7.162384e-05 2.575828e-04 -7.033328e-05 2.998672e-05
 9195.754181 -2.783376e-05 -3.055132e-07 -3.856115e-08 -5.658053e-07 6.202510e-05 2.721502e-04 -6.547293e-05 4.154379e-05
 9198.059254 -2.782100e-05 -3.059927e-07 -3.861662e-08 -5.661359e-07 6.173056e-05 2.806531e-04 -6.953130e-05 3.237205e-05
 9200.376518 -2.781808e-05 -3.080057e-07 -3.841391e-08 -5.665867e-07 6.068396e-05 3.011292e-04 -7.670908e-05 2.849369e-05
 9202.705975 -2.785451e-05 -3.063518e-07 -3.730726e-08 -5.688582e-07 6.814002e-05 3.027270e-04 -7.632300e-05 3.271528e-05
 9205.047623 -2.786532e-05 -3.068402e-07 -3.650100e-08 -5.700606e-07 7.070356e-05 3.080439e-04 -8.152851e-05 2.508187e-05
 9207.401464 -2.785581e-05 -3.083457e-07 -3.628140e-08 -5.701686e-07 6.964708e-05 2.691514e-04 -8.226600e-05 2.050087e-05
 9209.767496 -2.784429e-05 -3.094270e-07 -3.628842e-08 -5.705885e-07 6.670922e-05 2.672763e-04 -8.623171e-05 2.104902e-05
 9212.145720 -2.790129e-05 -3.090985e-07 -3.633463e-08 -5.727925e-07 6.400779e-05 2.813500e-04 -8.507025e-05 2.654391e-05
 9214.536136 -2.789907e-05 -3.097866e-07 -3.656674e-08 -5.735105e-07 5.837771e-05 3.037323e-04 -7.530178e-05 2.512339e-05
 9216.938744 -2.789592e-05 -3.116704e-07 -3.731397e-08 -5.732607e-07 6.165905e-05 2.845520e-04 -6.875059e-05 2.247517e-05
 9219.353544 -2.791018e-05 -3.120031e-07 -3.753424e-08 -5.736842e-07 6.385883e-05 3.163945e-04 -7.730867e-05 2.909633e-05
 9221.780536 -2.792692e-05 -3.127455e-07 -3.827253e-08 -5.744142e-07 6.088489e-05 3.097044e-04 -7.972025e-05 2.280355e-05
 9224.219720 -2.794930e-05 -3.132740e-07 -3.941543e-08 -5.751671e-07 5.681586e-05 2.980819e-04 -9.094480e-05 1.265649e-05
 9226.671096 -2.799188e-05 -3.122520e-07 -4.024496e-08 -5.770801e-07 6.854262e-05 3.061308e-04 -9.183903e-05 6.801136e-06
 9229.134663 -2.801889e-05 -3.124854e-07 -4.131699e-08 -5.784442e-07 7.330148e-05 3.123433e-04 -8.463143e-05 1.590494e-05
 9231.610423 -2.806150e-05 -3.140727e-07 -4.225951e-08 -5.799655e-07 6.124947e-05 3.178333e-04 -8.962028e-05 1.629019e-05
 9234.098374 -2.809775e-05 -3.141496e-07 -4.276057e-08 -5.821353e-07 5.790605e-05 3.196348e-04 -7.040922e-05 2.822506e-05
 9236.598517 -2.808127e-05 -3.165751e-07 -4.349096e-08 -5.824251e-07 5.102107e-05 3.150362e-04 -6.969475e-05 2.716626e-05
 9239.110852 -2.803739e-05 -3.214209e-07 -4.432606e-08 -5.814461e-07 5.596752e-05 3.099823e-04 -7.481799e-05 1.917935e-05
 9241.635380 -2.808521e-05 -3.212277e-07 -4.415584e-08 -5.838638e-07 6.272587e-05 3.166053e-04 -8.008884e-05 1.177463e-05
 9244.172099 -2.816026e-05 -3.193234e-07 -4.365471e-08 -5.875763e-07 6.336977e-05 3.226770e-04 -6.571407e-05 1.790257e-05
 9246.721009 -2.822759e-05 -3.184612e-07 -4.346969e-08 -5.904446e-07 5.665904e-05 3.103131e-04 -8.997877e-05 1.395648e-05
 9249.282112 -2.822626e-05 -3.179355e-07 -4.350965e-08 -5.919141e-07 6.085272e-05 3.247670e-04 -9.019838e-05 1.296089e-05
 9251.855407 -2.821539e-05 -3.199648e-07 -4.369274e-08 -5.925489e-07 5.442999e-05 3.004392e-04 -8.419104e-05 9.229365e-06
 9254.440894 -2.826857e-05 -3.203300e-07 -4.357647e-08 -5.949479e-07 5.581113e-05 3.199115e-04 -8.401555e-05 8.295369e-06
 9257.038572 -2.829291e-05 -3.215618e-07 -4.349825e-08 -5.965171e-07 6.066462e-05 3.160579e-04 -7.288883e-05 1.226507e-05
 9259.648443 -2.832191e-05 -3.218873e-07 -4.364308e-08 -5.982771e-07 5.227823e-05 3.040212e-04 -8.565932e-05 9.652302e-06
 9262.270505 -2.835286e-05 -3.230310e-07 -4.375294e-08 -6.000628e-07 6.247564e-05 3.163334e-04 -8.782097e-05 7.771875e-06
 9264.904759 -2.837739e-05 -3.227601e-07 -4.353179e-08 -6.022257e-07 5.844998e-05 3.227446e-04 -7.832849e-05 1.748372e-05
 9267.551205 -2.837573e-05 -3.243694e-07 -4.367994e-08 -6.028682e-07 5.566991e-05 3.106662e-04 -8.870407e-05 1.968248e-05
 9270.209844 -2.835136e-05 -3.252506e-07 -4.350526e-08 -6.029233e-07 4.974015e-05 3.246400e-04 -8.890899e-05 1.254041e-05
 9272.880674 -2.837276e-05 -3.271726e-07 -4.383850e-08 -6.042805e-07 6.089152e-05 3.170586e-04 -8.136385e-05 1.863376e-05
 9275.563696 -2.846065e-05 -3.265925e-07 -4.352849e-08 -6.080211e-07 6.270940e-05 3.105267e-04 -7.220489e-05 2.304813e-05
 9278.258909 -2.847222e-05 -3.277063e-07 -4.349590e-08 -6.089579e-07 5.618594e-05 3.003386e-04 -8.451544e-05 2.137927e-05
 9280.966315 -2.858130e-05 -3.266325e-07 -4.289735e-08 -6.128698e-07 4.501671e-05 3.120971e-04 -9.148843e-05 2.058623e-05
 9283.685913 -2.861334e-05 -3.267320e-07 -4.305525e-08 -6.143876e-07 4.537512e-05 3.111914e-04 -8.122544e-05 2.039574e-05
 9286.417702 -2.861449e-05 -3.272849e-07 -4.321373e-08 -6.146939e-07 4.554028e-05 2.921382e-04 -7.038569e-05 2.546533e-05
 9289.161684 -2.848371e-05 -3.286991e-07 -4.333042e-08 -6.113428e-07 5.588025e-05 2.785180e-04 -8.336999e-05 2.887336e-05
 9291.917857 -2.853951e-05 -3.309690e-07 -4.354797e-08 -6.130524e-07 5.112137e-05 2.486398e-04 -9.446767e-05 1.368230e-05
 9294.686222 -2.862933e-05 -3.327364e-07 -4.351482e-08 -6.155229e-07 3.589727e-05 2.501248e-04 -9.187757e-05 1.810607e-05
 9297.466780 -2.862447e-05 -3.328315e-07 -4.357097e-08 -6.166963e-07 4.938986e-05 2.692758e-04 -8.734539e-05 1.985500e-05
 9300.259529 -2.860319e-05 -3.318699e-07 -4.365957e-08 -6.177351e-07 5.798934e-05 2.960663e-04 -8.773883e-05 1.961320e-05
 9303.064470 -2.888685e-05 -3.339106e-07 -4.437491e-08 -6.256181e-07 5.766279e-05 2.932905e-04 -7.280637e-05 2.427014e-05
 9305.881602 -2.889047e-05 -3.346294e-07 -4.481196e-08 -6.264921e-07 5.545424e-05 2.736378e-04 -8.150327e-05 2.496203e-05
 9308.710927 -2.885517e-05 -3.355025e-07 -4.542832e-08 -6.262190e-07 5.380272e-05 2.756752e-04 -7.799970e-05 2.154397e-05
 9311.552444 -2.892075e-05 -3.367953e-07 -4.609954e-08 -6.293913e-07 5.543888e-05 2.838049e-04 -7.882097e-05 9.780875e-06
 9314.406153 -2.904004e-05 -3.383490e-07 -4.657234e-08 -6.332229e-07 5.216400e-05 2.942904e-04 -7.531795e-05 4.686304e-06
 9317.272053 -2.908177e-05 -3.406882e-07 -4.708168e-08 -6.346849e-07 4.974217e-05 3.069747e-04 -8.158384e-05 1.728160e-06
 9320.150146 -2.910127e-05 -3.409884e-07 -4.735481e-08 -6.361186e-07 5.559426e-05 3.059016e-04 -8.819685e-05 -3.377168e-06
 9323.040430 -2.912432e-05 -3.415541e-07 -4.774145e-08 -6.378391e-07 6.325551e-05 3.057140e-04 -8.272960e-05 3.997192e-06
 9325.942906 -2.901117e-05 -3.391030e-07 -4.752951e-08 -6.366172e-07 6.924407e-05 3.042583e-04 -9.379503e-05 6.917928e-06
 9328.857574 -2.921042e-05 -3.431635e-07 -4.832493e-08 -6.415457e-07 6.744264e-05 2.984234e-04 -8.002786e-05 1.649623e-05
 9331.784435 -2.919765e-05 -3.456721e-07 -4.877473e-08 -6.411069e-07 6.778534e-05 2.991650e-04 -7.261192e-05 1.404170e-05
 9334.723487 -2.918962e-05 -3.460436e-07 -4.930716e-08 -6.417945e-07 6.203598e-05 3.207552e-04 -7.046852e-05 1.065129e-05
 9337.674730 -2.930443e-05 -3.459076e-07 -4.951709e-08 -6.457467e-07 5.835638e-05 2.987090e-04 -7.007260e-05 1.802404e-05
 9340.638166 -2.933619e-05 -3.467912e-07 -4.992089e-08 -6.477738e-07 6.763733e-05 2.943306e-04 -7.927539e-05 2.125189e-05
 9343.613794 -2.941843e-05 -3.460908e-07 -4.981604e-08 -6.511379e-07 6.653431e-05 2.864201e-04 -7.649289e-05 3.380103e-05
 9346.601614 -2.943170e-05 -3.479512e-07 -5.028534e-08 -6.522397e-07 6.163190e-05 2.881475e-04 -7.308645e-05 3.002227e-05
 9349.601625 -2.941687e-05 -3.516914e-07 -5.089704e-08 -6.519198e-07 6.919602e-05 2.950279e-04 -8.333556e-05 1.696941e-05
 9352.613829 -2.953311e-05 -3.509622e-07 -5.061858e-08 -6.565808e-07 6.796563e-05 3.016896e-04 -7.578388e-05 3.078125e-05
 9355.638224 -2.955604e-05 -3.524136e-07 -5.069602e-08 -6.579843e-07 6.966690e-05 3.012739e-04 -8.079735e-05 3.498034e-05
 9358.674811 -2.954238e-05 -3.546223e-07 -5.108137e-08 -6.582933e-07 6.613960e-05 3.229168e-04 -6.667924e-05 3.792453e-05
 9361.723590 -2.960315e-05 -3.533598e-07 -5.093292e-08 -6.611215e-07 6.340395e-05 3.201029e-04 -7.103140e-05 3.657201e-05
 9364.784561 -2.967274e-05 -3.532817e-07 -5.099415e-08 -6.637754e-07 6.543585e-05 3.354634e-04 -8.546657e-05 2.260599e-05
 9367.857724 -2.973489e-05 -3.541941e-07 -5.100473e-08 -6.668144e-07 7.181899e-05 3.289303e-04 -8.526215e-05 2.466629e-05
 9370.943079 -2.974921e-05 -3.575760e-07 -5.164081e-08 -6.676182e-07 7.305846e-05 3.302869e-04 -9.261240e-05 1.702781e-05
 9374.040626 -2.975823e-05 -3.597792e-07 -5.219882e-08 -6.681139e-07 7.965661e-05 3.118433e-04 -9.840370e-05 3.838833e-05
 9377.150365 -2.977803e-05 -3.610782e-07 -5.214169e-08 -6.692027e-07 7.657791e-05 3.042280e-04 -9.218421e-05 3.862608e-05
 9380.272295 -2.977841e-05 -3.618611e-07 -5.187103e-08 -6.703017e-07 6.823035e-05 3.021019e-04 -9.138837e-05 2.503392e-05
 9383.406418 -2.991163e-05 -3.615014e-07 -5.200456e-08 -6.759662e-07 6.774491e-05 3.089594e-04 -9.726541e-05 1.774494e-05
 9386.552732 -2.997453e-05 -3.619630e-07 -5.205821e-08 -6.788435e-07 6.614703e-05 3.109070e-04 -9.033916e-05 2.235590e-05
 9389.711239 -3.000201e-05 -3.638042e-07 -5.237331e-08 -6.800175e-07 6.566440e-05 3.080346e-04 -9.021291e-05 1.903535e-05
 9392.881937 -3.008340e-05 -3.637382e-07 -5.218924e-08 -6.835269e-07 6.734894e-05 3.092832e-04 -7.169036e-05 3.050692e-05
 9396.064827 -3.016574e-05 -3.655865e-07 -5.252101e-08 -6.870615e-07 6.431889e-05 3.152350e-04 -8.311753e-05 3.597942e-05
 9399.259909 -3.016144e-05 -3.692312e-07 -5.325180e-08 -6.872903e-07 6.330017e-05 3.220038e-04 -8.553699e-05 3.652976e-05
 9402.467183 -3.009995e-05 -3.735493e-07 -5.421429e-08 -6.863203e-07 6.835490e-05 3.210122e-04 -8.173540e-05 4.056910e-05
 9405.686649 -3.012184e-05 -3.749480e-07 -5.483588e-08 -6.881848e-07 6.566364e-05 3.103387e-04 -6.990180e-05 3.127736e-05
 9408.918307 -3.025852e-05 -3.743695e-07 -5.526689e-08 -6.934183e-07 6.863610e-05 2.931733e-04 -7.993468e-05 2.465780e-05
 9412.162157 -3.033588e-05 -3.752197e-07 -5.555168e-08 -6.969430e-07 6.486586e-05 2.725904e-04 -8.619575e-05 2.579735e-05
 9415.418198 -3.043799e-05 -3.759231e-07 -5.569111e-08 -7.013619e-07 5.566139e-05 2.985117e-04 -7.642047e-05 2.352581e-05
 9418.686432 -3.047883e-05 -3.762668e-07 -5.599429e-08 -7.037400e-07 4.930190e-05 3.363977e-04 -7.102227e-05 2.182246e-05
 9421.966857 -3.039258e-05 -3.758152e-07 -5.623664e-08 -7.028275e-07 5.728077e-05 3.570449e-04 -6.833720e-05 1.305445e-05
 9425.259474 -3.045680e-05 -3.785194e-07 -5.683936e-08 -7.049167e-07 6.286169e-05 3.483260e-04 -8.432402e-05 1.577032e-05
 9428.564284 -3.063495e-05 -3.808478e-07 -5.709035e-08 -7.103621e-07 5.155610e-05 3.373311e-04 -8.602399e-05 1.679969e-05
 9431.881285 -3.063083e-05 -3.831782e-07 -5.759759e-08 -7.108835e-07 4.772223e-05 2.886136e-04 -7.713197e-05 2.071280e-05
 9435.210478 -3.067965e-05 -3.832249e-07 -5.771611e-08 -7.136765e-07 6.026663e-05 3.102792e-04 -7.713864e-05 2.001760e-05
 9438.551863 -3.076400e-05 -3.843767e-07 -5.790016e-08 -7.170346e-07 6.604237e-05 3.172941e-04 -7.370854e-05 1.728918e-05
 9441.905440 -3.079715e-05 -3.878842e-07 -5.857162e-08 -7.181052e-07 5.735024e-05 3.094324e-04 -7.799256e-05 1.138560e-05
 9445.271209 -3.079816e-05 -3.897914e-07 -5.932996e-08 -7.192175e-07 5.096265e-05 3.022528e-04 -7.382453e-05 1.702980e-05
 9448.649169 -3.086794e-05 -3.920352e-07 -5.987500e-08 -7.220645e-07 5.389218e-05 2.894537e-04 -7.136273e-05 1.169654e-05
 9452.039322 -3.094868e-05 -3.917782e-07 -6.002455e-08 -7.259130e-07 5.877941e-05 2.851454e-04 -7.381771e-05 8.793717e-06
 9455.441666 -3.104912e-05 -3.957273e-07 -6.084674e-08 -7.295755e-07 6.536115e-05 2.871343e-04 -7.787985e-05 2.764675e-05
 9458.856203 -3.111998e-05 -3.975519e-07 -6.133768e-08 -7.327920e-07 5.953655e-05 3.098446e-04 -8.359240e-05 4.234817e-05
 9462.282931 -3.113318e-05 -4.002495e-07 -6.187962e-08 -7.342329e-07 5.910116e-05 3.211941e-04 -7.358843e-05 3.893772e-05
 9465.721851 -3.105044e-05 -4.036302e-07 -6.259721e-08 -7.321908e-07 5.676889e-05 3.267004e-04 -7.334966e-05 3.322797e-05
 9469.172964 -3.112825e-05 -4.048075e-07 -6.313381e-08 -7.355842e-07 5.181721e-05 3.665228e-04 -7.057466e-05 2.175781e-05
 9472.636268 -3.111830e-05 -4.068237e-07 -6.365095e-08 -7.360793e-07 5.256815e-05 3.599312e-04 -8.417672e-05 2.021326e-05
 9476.111764 -3.119195e-05 -4.082608e-07 -6.378919e-08 -7.391716e-07 5.563499e-05 3.241094e-04 -6.515635e-05 3.654211e-05
 9479.599451 -3.130800e-05 -4.088751e-07 -6.392849e-08 -7.442558e-07 4.932389e-05 3.142953e-04 -6.766162e-05 4.507623e-05
 9483.099331 -3.136111e-05 -4.099205e-07 -6.419374e-08 -7.468915e-07 5.120779e-05 3.099648e-04 -8.497768e-05 3.788689e-05
 9486.611403 -3.138430e-05 -4.114325e-07 -6.434715e-08 -7.487281e-07 5.425754e-05 3.011170e-04 -7.414337e-05 3.696707e-05
 9490.135666 -3.141051e-05 -4.113141e-07 -6.421573e-08 -7.507047e-07 5.215270e-05 3.093856e-04 -7.842061e-05 2.818117e-05
 9493.672122 -3.148563e-05 -4.133344e-07 -6.444902e-08 -7.537451e-07 5.072564e-05 2.989277e-04 -8.036691e-05 2.968592e-05
 9497.220769 -3.148043e-05 -4.164782e-07 -6.483709e-08 -7.545970e-07 4.906644e-05 2.996213e-04 -7.641101e-05 1.798936e-05
 9500.781609 -3.138546e-05 -4.188655e-07 -6.527528e-08 -7.530182e-07 5.391491e-05 2.967690e-04 -6.024493e-05 2.463907e-05
 9504.354640 -3.136311e-05 -4.176875e-07 -6.543460e-08 -7.545263e-07 5.540224e-05 3.200645e-04 -6.198802e-05 3.879089e-05
 9507.939863 -3.157022e-05 -4.217789e-07 -6.627485e-08 -7.608672e-07 5.361971e-05 3.291739e-04 -6.656264e-05 4.057667e-05
 9511.537278 -3.157282e-05 -4.231321e-07 -6.651477e-08 -7.619215e-07 5.855772e-05 3.026329e-04 -5.851272e-05 3.851003e-05
 9515.146885 -3.162797e-05 -4.232447e-07 -6.644022e-08 -7.646016e-07 5.770924e-05 2.841091e-04 -6.889753e-05 4.393087e-05
 9518.768684 -3.166440e-05 -4.231931e-07 -6.675606e-08 -7.667446e-07 5.696347e-05 2.937606e-04 -6.583044e-05 4.263481e-05
 9522.402675 -3.162613e-05 -4.241748e-07 -6.731031e-08 -7.663788e-07 4.979568e-05 3.038589e-04 -5.559903e-05 2.609522e-05
 9526.048857 -3.159200e-05 -4.268488e-07 -6.785866e-08 -7.662476e-07 4.892270e-05 3.091198e-04 -4.987789e-05 2.499055e-05
 9529.707232 -3.163076e-05 -4.277988e-07 -6.819237e-08 -7.687583e-07 4.970760e-05 3.110942e-04 -5.177084e-05 2.424841e-05
 9533.377799 -3.164179e-05 -4.310588e-07 -6.890890e-08 -7.698381e-07 4.575618e-05 3.066075e-04 -5.538276e-05 2.882421e-05
 9537.060557 -3.169435e-05 -4.311633e-07 -6.896193e-08 -7.731649e-07 4.882793e-05 3.103989e-04 -5.326101e-05 3.265175e-05
 9540.755507 -3.163037e-05 -4.296101e-07 -6.897883e-08 -7.741403e-07 5.515904e-05 3.077863e-04 -6.114539e-05 2.774902e-05
 9544.462650 -3.186344e-05 -4.344069e-07 -7.004096e-08 -7.809151e-07 6.228439e-05 3.112093e-04 -6.308393e-05 2.533533e-05
 9548.181984 -3.190308e-05 -4.372996e-07 -7.073893e-08 -7.833460e-07 5.868708e-05 3.083884e-04 -7.208054e-05 2.411580e-05
 9551.913510 -3.178231e-05 -4.423138e-07 -7.174931e-08 -7.804741e-07 5.727401e-05 3.606546e-04 -7.938266e-05 3.064174e-05
 9555.657228 -3.173619e-05 -4.450788e-07 -7.240555e-08 -7.802915e-07 5.261182e-05 3.463701e-04 -6.588309e-05 3.463598e-05
 9559.413138 -3.187619e-05 -4.430966e-07 -7.217362e-08 -7.870233e-07 4.923920e-05 3.154222e-04 -7.274212e-05 2.662598e-05
 9563.181239 -3.188459e-05 -4.442490e-07 -7.253304e-08 -7.887372e-07 5.747748e-05 3.167788e-04 -6.612106e-05 3.457960e-05
 9566.961533 -3.181719e-05 -4.479737e-07 -7.345811e-08 -7.868220e-07 6.079833e-05 3.310765e-04 -7.378772e-05 2.472137e-05
 9570.754019 -3.183413e-05 -4.464635e-07 -7.327014e-08 -7.889352e-07 5.651163e-05 3.013477e-04 -7.808895e-05 2.915989e-05
 9574.558696 -3.199866e-05 -4.463387e-07 -7.327318e-08 -7.957435e-07 6.161069e-05 2.848807e-04 -7.583569e-05 4.055267e-05
 9578.375565 -3.204397e-05 -4.493913e-07 -7.426812e-08 -7.980284e-07 6.941255e-05 2.694419e-04 -7.469211e-05 3.625824e-05
 9582.204627 -3.209605e-05 -4.516583e-07 -7.482250e-08 -8.009241e-07 6.392573e-05 2.764272e-04 -7.764246e-05 4.112043e-05
 9586.045880 -3.208112e-05 -4.548523e-07 -7.523469e-08 -8.020296e-07 5.483332e-05 2.751833e-04 -8.114632e-05 5.188679e-05
 9589.899325 -3.207453e-05 -4.573007e-07 -7.591303e-08 -8.033661e-07 4.867806e-05 2.752640e-04 -8.355470e-05 4.950016e-05
 9593.764962 -3.215403e-05 -4.586567e-07 -7.631323e-08 -8.080080e-07 5.496765e-05 2.830259e-04 -9.216253e-05 3.530890e-05
 9597.642791 -3.218551e-05 -4.601396e-07 -7.679254e-08 -8.107438e-07 5.278313e-05 2.748125e-04 -9.111940e-05 3.704853e-05
 9601.532812 -3.221070e-05 -4.620503e-07 -7.730010e-08 -8.136671e-07 4.659910e-05 2.631179e-04 -9.436643e-05 3.742910e-05
 9605.435025 -3.217606e-05 -4.664075e-07 -7.808522e-08 -8.135075e-07 4.696231e-05 2.647668e-04 -9.612699e-05 3.124886e-05
 9609.349429 -3.218595e-05 -4.687401e-07 -7.856203e-08 -8.153397e-07 5.854563e-05 2.581956e-04 -8.872719e-05 3.446000e-05
 9613.276026 -3.220769e-05 -4.709521e-07 -7.933441e-08 -8.176394e-07 6.031437e-05 2.525802e-04 -9.213116e-05 4.077012e-05
 9617.214814 -3.228927e-05 -4.702787e-07 -7.912658e-08 -8.222576e-07 5.854491e-05 2.389553e-04 -9.365246e-05 3.285481e-05
 9621.165795 -3.230911e-05 -4.713364e-07 -7.916322e-08 -8.245930e-07 6.527477e-05 2.345733e-04 -8.194250e-05 3.635371e-05
 9625.128967 -3.231868e-05 -4.745125e-07 -7.990406e-08 -8.258678e-07 6.112018e-05 2.351273e-04 -8.472455e-05 3.869093e-05
 9629.104331 -3.227542e-05 -4.777515e-07 -8.057396e-08 -8.255145e-07 6.274239e-05 2.221931e-04 -9.832372e-05 5.048126e-05
 9633.091888 -3.226974e-05 -4.794709e-07 -8.119906e-08 -8.270467e-07 6.960196e-05 2.311611e-04 -8.868626e-05 5.800908e-05
 9637.091636 -3.235628e-05 -4.806511e-07 -8.153902e-08 -8.316085e-07 6.899371e-05 2.716007e-04 -8.088926e-05 5.370446e-05
 9641.103575 -3.240372e-05 -4.817154e-07 -8.166021e-08 -8.348222e-07 6.106601e-05 2.671429e-04 -9.206743e-05 3.292536e-05
 9645.127707 -3.241703e-05 -4.839193e-07 -8.238142e-08 -8.365322e-07 5.389515e-05 2.559856e-04 -9.277191e-05 3.511457e-05
 9649.164031 -3.241564e-05 -4.856169e-07 -8.304638e-08 -8.382713e-07 6.674856e-05 2.564357e-04 -8.968133e-05 3.388568e-05
 9653.212547 -3.235629e-05 -4.886715e-07 -8.370784e-08 -8.374562e-07 7.280525e-05 2.466080e-04 -7.356305e-05 4.046909e-05
 9657.273254 -3.234461e-05 -4.915324e-07 -8.450342e-08 -8.386800e-07 7.398316e-05 2.335383e-04 -6.336762e-05 3.805589e-05
 9661.346154 -3.235206e-05 -4.937243e-07 -8.489914e-08 -8.412580e-07 6.637485e-05 2.324229e-04 -6.518122e-05 3.911105e-05
 9665.431245 -3.227486e-05 -4.940900e-07 -8.501229e-08 -8.415444e-07 6.241045e-05 2.376337e-04 -7.083414e-05 4.221735e-05
 9669.528529 -3.242745e-05 -4.956292e-07 -8.572524e-08 -8.480157e-07 6.562618e-05 2.492566e-04 -6.878336e-05 4.107218e-05
 9673.638004 -3.234813e-05 -4.997562e-07 -8.671776e-08 -8.466408e-07 6.711335e-05 2.250522e-04 -7.296519e-05 2.774259e-05
 9677.759671 -3.227887e-05 -5.046774e-07 -8.790178e-08 -8.457739e-07 7.172878e-05 2.187038e-04 -7.384427e-05 3.746869e-05
 9681.893530 -3.243435e-05 -5.051716e-07 -8.798878e-08 -8.525888e-07 6.970356e-05 2.337227e-04 -7.837358e-05 2.840308e-05
 9686.039581 -3.235380e-05 -5.078624e-07 -8.869748e-08 -8.510952e-07 6.091503e-05 2.399198e-04 -7.474921e-05 2.909985e-05
 9690.197824 -3.239708e-05 -5.090421e-07 -8.914088e-08 -8.542928e-07 6.328238e-05 2.217012e-04 -7.013576e-05 2.867263e-05
 9694.368258 -3.249178e-05 -5.106703e-07 -8.950941e-08 -8.595041e-07 7.137915e-05 2.125909e-04 -7.137281e-05 3.904244e-05
 9698.550885 -3.249007e-05 -5.125345e-07 -9.028592e-08 -8.615862e-07 7.508294e-05 2.036641e-04 -7.029475e-05 4.487397e-05
 9702.745704 -3.253631e-05 -5.131779e-07 -9.055242e-08 -8.657008e-07 7.385278e-05 2.270275e-04 -7.338560e-05 4.876322e-05
 9706.952714 -3.246426e-05 -5.153197e-07 -9.122745e-08 -8.652321e-07 7.230353e-05 2.111288e-04 -7.939163e-05 5.093903e-05
 9711.171916 -3.242504e-05 -5.162914e-07 -9.174963e-08 -8.659962e-07 7.477189e-05 2.183579e-04 -7.568739e-05 4.688568e-05
 9715.403311 -3.251005e-05 -5.182438e-07 -9.219932e-08 -8.700684e-07 7.339150e-05 2.107688e-04 -8.470249e-05 3.713845e-05
 9719.646897 -3.246277e-05 -5.198298e-07 -9.282953e-08 -8.699621e-07 7.047625e-05 2.249380e-04 -7.829004e-05 4.376167e-05
 9723.902675 -3.246287e-05 -5.204453e-07 -9.310719e-08 -8.719262e-07 6.770110e-05 2.084292e-04 -7.995418e-05 3.591714e-05
 9728.170645 -3.244704e-05 -5.224837e-07 -9.371475e-08 -8.733228e-07 7.293254e-05 1.839127e-04 -7.561655e-05 3.700559e-05
 9732.450807 -3.245131e-05 -5.241256e-07 -9.420738e-08 -8.760084e-07 7.420490e-05 1.783510e-04 -8.047704e-05 4.397906e-05
 9736.743161 -3.248987e-05 -5.260985e-07 -9.453653e-08 -8.796928e-07 7.394945e-05 1.990711e-04 -8.589267e-05 4.162511e-05
 9741.047707 -3.247412e-05 -5.284707e-07 -9.526803e-08 -8.810371e-07 6.835350e-05 2.118188e-04 -8.645707e-05 4.531774e-05
 9745.364444 -3.247904e-05 -5.301843e-07 -9.574634e-08 -8.837219e-07 6.879227e-05 2.371991e-04 -7.365538e-05 4.301339e-05
 9749.693374 -3.245981e-05 -5.313525e-07 -9.610930e-08 -8.851127e-07 6.983439e-05 2.389660e-04 -7.098794e-05 4.550217e-05
 9754.034495 -3.243146e-05 -5.328331e-07 -9.636649e-08 -8.860265e-07 6.319279e-05 2.363249e-04 -7.540665e-05 4.217336e-05
 9758.387809 -3.241404e-05 -5.360362e-07 -9.728246e-08 -8.873117e-07 6.619861e-05 2.677245e-04 -7.469839e-05 5.037120e-05
 9762.753314 -3.230476e-05 -5.388684e-07 -9.809118e-08 -8.847811e-07 7.025626e-05 2.712783e-04 -8.656171e-05 4.167235e-05
 9767.131011 -3.230605e-05 -5.407057e-07 -9.878640e-08 -8.867910e-07 7.309032e-05 2.361003e-04 -8.994939e-05 3.252133e-05
 9771.520900 -3.235592e-05 -5.427111e-07 -9.937709e-08 -8.901391e-07 7.049054e-05 2.070523e-04 -7.889023e-05 3.741605e-05
 9775.922981 -3.236657e-05 -5.441163e-07 -9.968964e-08 -8.928109e-07 5.730404e-05 2.263183e-04 -7.722709e-05 4.344090e-05
 9780.337254 -3.225768e-05 -5.437159e-07 -9.980753e-08 -8.924051e-07 6.551514e-05 2.346689e-04 -7.379964e-05 4.282827e-05
 9784.763719 -3.227060e-05 -5.455243e-07 -1.003780e-07 -8.946264e-07 6.524317e-05 2.501246e-04 -6.222264e-05 4.961586e-05
 9789.202376 -3.230577e-05 -5.484817e-07 -1.010725e-07 -8.975564e-07 7.007723e-05 2.486888e-04 -6.242345e-05 4.289429e-05
 9793.653224 -3.212504e-05 -5.489619e-07 -1.015201e-07 -8.940563e-07 6.532112e-05 2.205866e-04 -6.236435e-05 4.487768e-05
 9798.116265 -3.226521e-05 -5.534940e-07 -1.023822e-07 -9.005596e-07 7.198822e-05 2.394094e-04 -5.964794e-05 4.837592e-05
 9802.591497 -3.226883e-05 -5.550909e-07 -1.030678e-07 -9.029305e-07 6.512767e-05 2.232087e-04 -6.808604e-05 4.736331e-05
 9807.078922 -3.225692e-05 -5.562355e-07 -1.033667e-07 -9.052658e-07 5.863396e-05 2.328520e-04 -7.659194e-05 4.353773e-05
 9811.578538 -3.221367e-05 -5.583083e-07 -1.039527e-07 -9.068505e-07 6.641086e-05 2.600152e-04 -9.095816e-05 3.670397e-05
 9816.090346 -3.215800e-05 -5.634079e-07 -1.051839e-07 -9.091709e-07 7.150686e-05 2.515430e-04 -8.816079e-05 3.386231e-05
 9820.614346 -3.207913e-05 -5.603069e-07 -1.047792e-07 -9.046326e-07 7.006158e-05 2.233032e-04 -8.393553e-05 3.374168e-05
 9825.150538 -3.185521e-05 -5.627648e-07 -1.059051e-07 -8.986586e-07 7.907628e-05 2.273425e-04 -7.862857e-05 3.657152e-05
 9829.698922 -3.168793e-05 -5.602720e-07 -1.054578e-07 -8.974794e-07 7.683883e-05 2.598016e-04 -7.490090e-05 3.555232e-05
 9834.259498 -3.174009e-05 -5.647181e-07 -1.065324e-07 -9.000663e-07 7.276450e-05 2.601880e-04 -8.056815e-05 2.227056e-05
 9838.832266 -3.179096e-05 -5.693539e-07 -1.074883e-07 -9.030162e-07 7.382131e-05 2.678916e-04 -7.763825e-05 1.827317e-05
 9843.417226 -3.196561e-05 -5.712245e-07 -1.081285e-07 -9.109685e-07 7.757717e-05 2.749945e-04 -7.010112e-05 3.128992e-05
 9848.014377 -3.198981e-05 -5.727922e-07 -1.087937e-07 -9.144123e-07 7.025700e-05 2.689915e-04 -6.483179e-05 3.872370e-05
 9852.623721 -3.201214e-05 -5.746851e-07 -1.094604e-07 -9.173110e-07 6.525781e-05 2.666448e-04 -6.533184e-05 5.336547e-05
 9857.245256 -3.193887e-05 -5.784028e-07 -1.104444e-07 -9.164018e-07 7.983850e-05 2.555818e-04 -7.043827e-05 4.746821e-05
 9861.878983 -3.194965e-05 -5.801298e-07 -1.109627e-07 -9.192939e-07 7.737918e-05 2.677332e-04 -6.941520e-05 3.343427e-05
 9866.524902 -3.192143e-05 -5.819129e-07 -1.116184e-07 -9.204239e-07 8.026074e-05 2.775404e-04 -7.972745e-05 3.177685e-05
 9871.183013 -3.193677e-05 -5.829017e-07 -1.121268e-07 -9.237082e-07 7.835165e-05 2.788326e-04 -8.415233e-05 3.925604e-05
 9875.853316 -3.185500e-05 -5.866204e-07 -1.130935e-07 -9.223978e-07 7.393958e-05 2.683586e-04 -8.146012e-05 3.945377e-05
 9880.535811 -3.183918e-05 -5.900299e-07 -1.139730e-07 -9.240972e-07 6.984308e-05 2.607721e-04 -7.208417e-05 3.159177e-05
 9885.230498 -3.177345e-05 -5.922148e-07 -1.146680e-07 -9.246211e-07 6.344245e-05 2.609006e-04 -7.904149e-05 3.425514e-05
 9889.937377 -3.168103e-05 -5.938611e-07 -1.154309e-07 -9.242212e-07 5.558698e-05 2.557838e-04 -7.609115e-05 3.667501e-05
 9894.656448 -3.178369e-05 -5.937731e-07 -1.155485e-07 -9.310708e-07 6.477564e-05 2.527939e-04 -7.244220e-05 4.485679e-05
 9899.387710 -3.174935e-05 -5.939865e-07 -1.157334e-07 -9.318823e-07 6.727073e-05 2.278862e-04 -8.337049e-05 4.184484e-05
 9904.131165 -3.169560e-05 -5.947637e-07 -1.161901e-07 -9.316786e-07 7.785853e-05 2.252831e-04 -8.117608e-05 4.362296e-05
 9908.886811 -3.170031e-05 -5.947784e-07 -1.165737e-07 -9.340038e-07 7.758319e-05 2.453830e-04 -7.658851e-05 4.254353e-05
 9913.654649 -3.167604e-05 -5.986392e-07 -1.174249e-07 -9.354461e-07 7.032984e-05 2.714164e-04 -6.194284e-05 4.731800e-05
 9918.434679 -3.162417e-05 -6.016977e-07 -1.182192e-07 -9.362566e-07 6.879507e-05 2.776092e-04 -8.102473e-05 4.231592e-05
 9923.226901 -3.159747e-05 -6.032816e-07 -1.188759e-07 -9.381233e-07 7.827687e-05 2.829313e-04 -9.088543e-05 3.378153e-05
 9928.031315 -3.157663e-05 -6.062979e-07 -1.196174e-07 -9.393331e-07 7.514371e-05 3.025705e-04 -8.942727e-05 2.271300e-05
 9932.847921 -3.151117e-05 -6.104111e-07 -1.208280e-07 -9.386315e-07 7.106420e-05 3.250304e-04 -8.543078e-05 2.275261e-05
 9937.676719 -3.143298e-05 -6.106275e-07 -1.209953e-07 -9.398409e-07 7.540675e-05 3.132824e-04 -8.673911e-05 2.276526e-05
 9942.517709 -3.127925e-05 -6.120153e-07 -1.216003e-07 -9.374829e-07 7.797049e-05 2.815847e-04 -8.107575e-05 2.511304e-05
 9947.370891 -3.134416e-05 -6.150173e-07 -1.225406e-07 -9.418298e-07 7.312334e-05 2.804567e-04 -7.770710e-05 2.876183e-05
 9952.236264 -3.145089e-05 -6.200368e-07 -1.237172e-07 -9.464337e-07 7.855271e-05 2.956630e-04 -7.521998e-05 3.079818e-05
