# Facility.name: NSLS-II
# Facility.mode: Beam available
# Facility.current: 399.6515432395347
# Facility.current: 3 GeV
# Facility.year: 2023
# Facility.cycle: 2
# Facility.GUP: 312970
# Facility.SAF: 311402
# Experimenter.name: Esteban Fornero
# Beamline.name: ISS (8-ID)
# Beamline.x-ray_source: damping wiggler
# Beamline.collimation_mirror1.material: Si
# Beamline.collimation_mirror2.material: Pt
# Beamline.collimation_mirror2.bender_loading: -349.0
# Beamline.focusing: toroidal mirror
# Beamline.focusing.material: Pt
# Beamline.focusing.bender_loading: -419.0
# Beamline.harmonic_rejection: Si
# Mono.scan_mode: Si(111)
# Mono.d_spacing: 3.1354951
# Mono.scan_mode: pseudo-channel cut
# Mono.scan_type: fly_scan
# Mono.trajectory_name: 0f397ba2-1519.txt
# Mono.direction: None
# Mono.angle_offset: 0.69366577
# Mono.angle_offset: 39.744 deg
# Mono.encoder_resolution: 48.0 nrad
# Detector.I0: ion chamber
# Detector.I1: ion chamber
# Detector.I2: ion chamber
# Detector.IF: PIPS
# Detector.I0.length: 15 cm
# Detector.I1.length: 28 cm
# Detector.I2.length: 15 cm
# Detector.IF.thickness: 300 um
# Detector.I0.gas.N2: 38.0%
# Detector.I1.gas.N2: 38.0%
# Detector.I2.gas.N2: 38.0%
# Detector.I0.gas.He: 62.0%
# Detector.I1.gas.He: 62.0%
# Detector.I2.gas.He: 62.0%
# Detector.I0.voltage: -1649.998657
# Detector.I1.voltage: -1650.001831
# Detector.I2.voltage: -1650.001465
# Detector.I0.gain: 4
# Detector.I1.gain: 6
# Detector.I2.gain: 6
# Detector.IF.gain: 6
# Detector.aux: {}
# Element.symbol: Ga
# Element.edge: K
# Element.line: None
# Scan.transient_id: 370953
# Scan.uid: 1c69c251-058c-438d-9ad1-9935bc8ed4c4
# Scan.edge_energy: 10367.0
# Scan.start_time: 06/23/2023  03:39:50.526562
# Scan.end_time: 06/23/2023  03:40:22.910131
# Scan.name: CuGaO2-4th H2-ramp (pos 001) Ga-K 0001
# Scan.comment: 
# Sample.name: CuGaO2-4th
# Sample.comment: 
# Sample.position.x: -66.4779948865
# Sample.position.y: 30.5239896225
# Sample.position.z: -10.184937499999995
# Sample.position.theta: 845.5790000000001
# SampleHeater.temperature1.setpoint: 300.0
# SampleHeater.temperature1.readback: 1372.0
# SampleHeater.current.setpoint: 0.0
# SampleHeater.current.readback: 0.0
# SampleHeater.temperature2.setpoint: 238.53968640464694
# SampleHeater.temperature2.readback: 237.5
# SampleHeater.voltage.setpoint: 0.6101094154022043
# SampleHeater.voltage.readback: 0.613
# SampleHeater.PID.P: 0.025
# SampleHeater.PID.I: 0.07
# SampleHeater.PID.D: 0.0
# SampleGasCart.MFC.CH4.setpoint: 0.0
# SampleGasCart.MFC.CH4.readback: 0.0
# SampleGasCart.MFC.CO.setpoint: 0.0
# SampleGasCart.MFC.CO.readback: 0.0
# SampleGasCart.MFC.H2.setpoint: 10.0
# SampleGasCart.MFC.H2.readback: 10.012
# SampleGasCart.MFC.exhaust.setpoint: 100.0
# SampleGasCart.MFC.exhaust.readback: 9.91
# SampleGasHandlingSystem.gas_a.name: None
# SampleGasHandlingSystem.gas_b.name: None
# SampleGasHandlingSystem.gas_c.name: None
# SampleGasHandlingSystem.gas_d.name: None
# SampleGasHandlingSystem.gas_e.name: He
# SampleGasHandlingSystem.MFC1.setpoint: 0.0
# SampleGasHandlingSystem.MFC1.readback: -0.146484375
# SampleGasHandlingSystem.MFC2.setpoint: 0.0
# SampleGasHandlingSystem.MFC2.readback: -0.09765625
# SampleGasHandlingSystem.MFC3.setpoint: 0.0
# SampleGasHandlingSystem.MFC3.readback: 0.0244140625
# SampleGasHandlingSystem.MFC4.setpoint: 0.0
# SampleGasHandlingSystem.MFC4.readback: -0.0895182266831398
# SampleGasHandlingSystem.MFC5.setpoint: 0.0
# SampleGasHandlingSystem.MFC5.readback: -0.008138020522892475
# SampleGasHandlingSystem.MFC6.setpoint: 0.0
# SampleGasHandlingSystem.MFC6.readback: -0.0325520820915699
# SampleGasHandlingSystem.MFC7.setpoint: 0.0
# SampleGasHandlingSystem.MFC7.readback: -0.0244140625
# SampleGasHandlingSystem.MFC8.setpoint: 0.0
# SampleGasHandlingSystem.MFC8.readback: -0.0651041641831398
# SampleGasHandlingSystem.MFC9.setpoint: 0.0
# SampleGasHandlingSystem.MFC9.readback: -0.0406901054084301
# SampleGasHandlingSystem.MFC10.setpoint: 0.0
# SampleGasHandlingSystem.MFC10.readback: 0.008138020522892475
# SampleGasHandlingSystem.MFC11.setpoint: 0.0
# SampleGasHandlingSystem.MFC11.readback: -0.08544921875
# SampleGasHandlingSystem.MFC12.setpoint: 0.0
# SampleGasHandlingSystem.MFC12.readback: -0.0447591133415699
# SampleGasHandlingSystem.MFC13.setpoint: 0.0
# SampleGasHandlingSystem.MFC13.readback: -0.0447591133415699
# SampleGasHandlingSystem.MFC14.setpoint: 0.0
# SampleGasHandlingSystem.MFC14.readback: -0.0569661445915699
# SampleGasHandlingSystem.MFC15.setpoint: 0.0
# SampleGasHandlingSystem.MFC15.readback: -0.09765625
# SampleGasHandlingSystem.MFC16.setpoint: 0.0
# SampleGasHandlingSystem.MFC16.readback: -0.0325520820915699
# SampleGasHandlingSystem.RGA.ch1.mass: 2
# SampleGasHandlingSystem.RGA.ch1.readback: 1.07594e-06
# SampleGasHandlingSystem.RGA.ch2.mass: 4
# SampleGasHandlingSystem.RGA.ch2.readback: 0.0
# SampleGasHandlingSystem.RGA.ch3.mass: 5
# SampleGasHandlingSystem.RGA.ch3.readback: 7.81276e-12
# SampleGasHandlingSystem.RGA.ch4.mass: 5
# SampleGasHandlingSystem.RGA.ch4.readback: 4.78717e-10
# SampleGasHandlingSystem.RGA.ch5.mass: 18
# SampleGasHandlingSystem.RGA.ch5.readback: 2.18695e-09
# SampleGasHandlingSystem.RGA.ch6.mass: 28
# SampleGasHandlingSystem.RGA.ch6.readback: 1.4534e-08
# SampleGasHandlingSystem.RGA.ch7.mass: 32
# SampleGasHandlingSystem.RGA.ch7.readback: 3.07315e-09
# SampleGasHandlingSystem.RGA.ch8.mass: 41
# SampleGasHandlingSystem.RGA.ch8.readback: 1.11477e-11
# SampleGasHandlingSystem.RGA.ch9.mass: 44
# SampleGasHandlingSystem.RGA.ch9.readback: 2.07863e-10
# energy  i0  it  ir  iff  aux1  aux2  aux3  aux4
10167.000000 -2.991455e-05 -6.800456e-07 -1.966143e-07 -1.011175e-06 5.815231e-05 5.041890e-04 -2.860852e-05 8.314954e-05
10172.000000 -2.977419e-05 -6.762170e-07 -1.945808e-07 -1.008594e-06 4.832621e-05 4.876548e-04 -3.268113e-05 7.583277e-05
10177.000000 -2.959473e-05 -6.763438e-07 -1.927865e-07 -1.003331e-06 4.731359e-05 4.926632e-04 -3.220313e-05 7.267959e-05
10182.000000 -2.951314e-05 -6.773874e-07 -1.896918e-07 -1.002654e-06 5.140192e-05 5.083631e-04 -2.821016e-05 8.098934e-05
10187.000000 -2.961520e-05 -6.766444e-07 -1.824515e-07 -1.010098e-06 5.043587e-05 5.151154e-04 -3.027386e-05 7.258903e-05
10192.000000 -2.969288e-05 -6.786820e-07 -1.670348e-07 -1.015246e-06 6.037188e-05 5.135533e-04 -3.685989e-05 6.631319e-05
10197.000000 -2.966155e-05 -6.810905e-07 -1.229325e-07 -1.016135e-06 6.005240e-05 5.137315e-04 -4.025661e-05 6.344674e-05
10202.000000 -2.959810e-05 -6.827831e-07 -3.901724e-08 -1.016319e-06 5.659368e-05 5.095644e-04 -2.411737e-05 6.993943e-05
10207.000000 -2.959942e-05 -6.834257e-07 -1.630490e-08 -1.019436e-06 5.076875e-05 5.036906e-04 -2.532420e-05 7.445967e-05
10212.000000 -2.952255e-05 -6.855548e-07 -3.358386e-08 -1.018726e-06 5.166464e-05 5.294660e-04 -2.261513e-05 7.008783e-05
10217.000000 -2.951569e-05 -6.872308e-07 -4.342708e-08 -1.021417e-06 5.095460e-05 5.479234e-04 -1.576152e-05 7.018426e-05
10222.000000 -2.955106e-05 -6.891755e-07 -5.109834e-08 -1.025810e-06 5.593469e-05 5.540730e-04 -2.712456e-05 6.894280e-05
10227.000000 -2.944637e-05 -6.921734e-07 -5.652393e-08 -1.023318e-06 5.606211e-05 5.258802e-04 -3.213389e-05 6.665988e-05
10232.000000 -2.939323e-05 -6.936242e-07 -5.854346e-08 -1.023948e-06 5.440459e-05 5.301022e-04 -2.776557e-05 7.266901e-05
10237.000000 -2.937144e-05 -6.968455e-07 -6.039677e-08 -1.025935e-06 5.747753e-05 5.412089e-04 -3.440716e-05 7.714908e-05
10242.000000 -2.938554e-05 -6.985443e-07 -6.159258e-08 -1.029985e-06 4.747644e-05 5.511738e-04 -4.072192e-05 7.185829e-05
10247.000000 -2.931237e-05 -6.994485e-07 -6.415660e-08 -1.030111e-06 6.122876e-05 5.357153e-04 -3.593556e-05 7.104816e-05
10252.000000 -2.925961e-05 -7.016262e-07 -6.359636e-08 -1.030236e-06 7.382708e-05 5.261333e-04 -2.522609e-05 7.014047e-05
10257.000000 -2.921920e-05 -7.028314e-07 -6.118801e-08 -1.031679e-06 6.794830e-05 5.299806e-04 -2.833477e-05 7.540961e-05
10262.000000 -2.914405e-05 -7.041055e-07 -6.079284e-08 -1.031793e-06 6.859829e-05 5.222389e-04 -2.508406e-05 7.120446e-05
10267.000000 -2.921309e-05 -7.071985e-07 -6.225035e-08 -1.037896e-06 6.785055e-05 5.336626e-04 -1.907203e-05 7.081525e-05
10272.000000 -2.921006e-05 -7.103247e-07 -6.296411e-08 -1.040728e-06 6.984405e-05 5.482029e-04 -1.804096e-05 7.143855e-05
10277.000000 -2.911283e-05 -7.122375e-07 -6.256387e-08 -1.039882e-06 7.496748e-05 5.538022e-04 -2.164512e-05 6.960722e-05
10282.000000 -2.896193e-05 -7.121330e-07 -6.168452e-08 -1.037706e-06 7.615455e-05 5.616547e-04 -2.996368e-05 6.349390e-05
10287.000000 -2.904327e-05 -7.157453e-07 -6.252172e-08 -1.044108e-06 7.321630e-05 5.614175e-04 -3.225852e-05 7.229123e-05
10292.000000 -2.897005e-05 -7.173344e-07 -6.466997e-08 -1.043795e-06 8.332314e-05 5.257763e-04 -3.919397e-05 6.734420e-05
10297.000000 -2.893098e-05 -7.197374e-07 -6.557795e-08 -1.044983e-06 8.365249e-05 5.344555e-04 -3.832677e-05 6.648095e-05
10302.000000 -2.893107e-05 -7.233881e-07 -6.536417e-08 -1.047122e-06 7.469770e-05 5.427294e-04 -4.442478e-05 6.753726e-05
10307.000000 -2.891042e-05 -7.261863e-07 -6.554184e-08 -1.049044e-06 6.874137e-05 5.081627e-04 -3.424297e-05 6.764613e-05
10312.000000 -2.888353e-05 -7.289825e-07 -6.578770e-08 -1.051431e-06 6.926048e-05 4.919577e-04 -2.751365e-05 7.191872e-05
10317.000000 -2.884343e-05 -7.321948e-07 -6.554428e-08 -1.053727e-06 7.725351e-05 4.978969e-04 -2.901694e-05 6.150875e-05
10322.000000 -2.882745e-05 -7.348738e-07 -6.536443e-08 -1.056945e-06 8.002317e-05 5.045649e-04 -3.569360e-05 5.910127e-05
10327.000000 -2.878113e-05 -7.362138e-07 -6.480712e-08 -1.058978e-06 7.757130e-05 4.870167e-04 -3.342050e-05 6.211150e-05
10332.000000 -2.864971e-05 -7.359694e-07 -6.413347e-08 -1.057761e-06 7.859050e-05 4.767017e-04 -2.970300e-05 6.584920e-05
10337.000000 -2.870028e-05 -7.409902e-07 -6.434482e-08 -1.062537e-06 7.059228e-05 4.995074e-04 -3.603599e-05 6.931050e-05
10341.000000 -2.865553e-05 -7.439690e-07 -6.492051e-08 -1.064289e-06 7.077668e-05 5.048999e-04 -3.845488e-05 6.573314e-05
10344.000000 -2.867428e-05 -7.462796e-07 -6.575154e-08 -1.068308e-06 6.304529e-05 5.370412e-04 -2.606495e-05 6.159152e-05
10346.000000 -2.865652e-05 -7.457540e-07 -6.642923e-08 -1.070102e-06 6.306510e-05 5.486301e-04 -1.687969e-05 5.539182e-05
10347.000000 -2.862921e-05 -7.459566e-07 -6.701902e-08 -1.069894e-06 6.909201e-05 5.478336e-04 -2.089701e-05 6.219865e-05
10347.200000 -2.862842e-05 -7.469989e-07 -6.722286e-08 -1.069916e-06 7.181721e-05 5.441369e-04 -2.986885e-05 5.547838e-05
10347.400000 -2.862802e-05 -7.478646e-07 -6.753398e-08 -1.069754e-06 8.206683e-05 5.481981e-04 -2.210448e-05 6.141817e-05
10347.600000 -2.859535e-05 -7.475709e-07 -6.733094e-08 -1.069187e-06 7.238847e-05 5.568342e-04 -3.205185e-05 6.056856e-05
10347.800000 -2.862838e-05 -7.482138e-07 -6.763821e-08 -1.070395e-06 6.867513e-05 5.587649e-04 -2.261298e-05 5.889462e-05
10348.000000 -2.865976e-05 -7.464963e-07 -6.731029e-08 -1.072622e-06 6.492198e-05 5.816289e-04 -2.178078e-05 5.859994e-05
10348.200000 -2.865381e-05 -7.470880e-07 -6.746192e-08 -1.072399e-06 6.432938e-05 5.817229e-04 -1.879786e-05 4.909261e-05
10348.400000 -2.863081e-05 -7.475084e-07 -6.778144e-08 -1.070764e-06 7.800112e-05 5.724267e-04 -1.665831e-05 3.813322e-05
10348.600000 -2.863419e-05 -7.461757e-07 -6.782528e-08 -1.072063e-06 7.419129e-05 5.794443e-04 -1.522547e-05 4.157888e-05
10348.800000 -2.864454e-05 -7.456375e-07 -6.770905e-08 -1.073081e-06 6.338805e-05 5.756234e-04 -2.407087e-05 5.207690e-05
10349.000000 -2.865290e-05 -7.472780e-07 -6.782877e-08 -1.074007e-06 6.542444e-05 5.680018e-04 -3.113374e-05 4.117715e-05
10349.200000 -2.862658e-05 -7.450279e-07 -6.767260e-08 -1.072939e-06 6.618613e-05 5.332582e-04 -3.060409e-05 4.490972e-05
10349.400000 -2.863180e-05 -7.463029e-07 -6.776648e-08 -1.073443e-06 5.817049e-05 5.217372e-04 -2.736899e-05 5.118277e-05
10349.600000 -2.861359e-05 -7.452465e-07 -6.769699e-08 -1.072723e-06 5.508702e-05 5.648631e-04 -2.700048e-05 5.922588e-05
10349.800000 -2.857655e-05 -7.451670e-07 -6.789334e-08 -1.071371e-06 5.789331e-05 5.633835e-04 -3.517888e-05 6.435147e-05
10350.000000 -2.861938e-05 -7.468541e-07 -6.802557e-08 -1.074114e-06 5.667163e-05 5.562596e-04 -4.436924e-05 6.320970e-05
10350.200000 -2.862724e-05 -7.461528e-07 -6.785865e-08 -1.074878e-06 4.847170e-05 5.581180e-04 -3.754979e-05 5.972932e-05
10350.400000 -2.863547e-05 -7.468574e-07 -6.812406e-08 -1.075100e-06 4.262871e-05 5.335299e-04 -3.196443e-05 5.426636e-05
10350.600000 -2.860206e-05 -7.446595e-07 -6.821614e-08 -1.074347e-06 4.626017e-05 5.682244e-04 -2.971248e-05 5.636757e-05
10350.800000 -2.860868e-05 -7.452868e-07 -6.831031e-08 -1.074973e-06 4.769907e-05 5.624108e-04 -3.471644e-05 5.601246e-05
10351.000000 -2.860628e-05 -7.465101e-07 -6.851316e-08 -1.074572e-06 4.589435e-05 5.551757e-04 -2.514611e-05 6.428300e-05
10351.200000 -2.860903e-05 -7.480989e-07 -6.864918e-08 -1.074798e-06 3.679111e-05 5.407600e-04 -2.857033e-05 6.407736e-05
10351.400000 -2.863872e-05 -7.476678e-07 -6.864546e-08 -1.077010e-06 4.780831e-05 5.389235e-04 -3.255738e-05 6.485832e-05
10351.600000 -2.860995e-05 -7.460051e-07 -6.865977e-08 -1.075943e-06 5.356328e-05 5.571413e-04 -3.577041e-05 6.057274e-05
10351.800000 -2.861671e-05 -7.461402e-07 -6.869007e-08 -1.076165e-06 4.945217e-05 5.619540e-04 -5.129115e-05 5.363555e-05
10352.000000 -2.861601e-05 -7.466950e-07 -6.878844e-08 -1.076919e-06 4.527917e-05 5.628016e-04 -4.369158e-05 5.695175e-05
10352.200000 -2.861075e-05 -7.462510e-07 -6.875183e-08 -1.077523e-06 4.543386e-05 5.472280e-04 -3.327750e-05 6.633821e-05
10352.400000 -2.860711e-05 -7.464797e-07 -6.872706e-08 -1.077982e-06 4.899450e-05 5.548225e-04 -3.236705e-05 6.777516e-05
10352.600000 -2.857609e-05 -7.459124e-07 -6.857698e-08 -1.077417e-06 4.764523e-05 5.611687e-04 -4.679213e-05 6.443256e-05
10352.800000 -2.858028e-05 -7.500149e-07 -6.904799e-08 -1.077187e-06 5.297596e-05 5.490580e-04 -4.169651e-05 6.357473e-05
10353.000000 -2.857881e-05 -7.464487e-07 -6.894299e-08 -1.078288e-06 5.510284e-05 5.597686e-04 -4.179095e-05 5.702732e-05
10353.200000 -2.861370e-05 -7.482483e-07 -6.902421e-08 -1.079670e-06 4.718259e-05 5.559211e-04 -3.680102e-05 5.584476e-05
10353.400000 -2.859091e-05 -7.467561e-07 -6.885403e-08 -1.079836e-06 4.295481e-05 5.595233e-04 -3.461396e-05 6.261903e-05
10353.600000 -2.855667e-05 -7.441240e-07 -6.860548e-08 -1.078527e-06 4.795280e-05 5.291996e-04 -3.056325e-05 6.961331e-05
10353.800000 -2.854559e-05 -7.471868e-07 -6.888338e-08 -1.077962e-06 4.354930e-05 5.342616e-04 -3.484235e-05 6.684103e-05
10354.000000 -2.854163e-05 -7.452972e-07 -6.888954e-08 -1.078717e-06 3.916349e-05 5.339220e-04 -3.776627e-05 6.435615e-05
10354.200000 -2.856111e-05 -7.470744e-07 -6.906222e-08 -1.079446e-06 4.384105e-05 5.277230e-04 -2.934672e-05 6.251416e-05
10354.400000 -2.857503e-05 -7.464936e-07 -6.911630e-08 -1.080769e-06 4.019489e-05 5.414923e-04 -2.876370e-05 6.260222e-05
10354.600000 -2.856160e-05 -7.458312e-07 -6.905302e-08 -1.080807e-06 4.081789e-05 5.583224e-04 -2.783437e-05 6.063453e-05
10354.800000 -2.854586e-05 -7.497361e-07 -6.921458e-08 -1.080407e-06 4.704140e-05 5.647618e-04 -3.098233e-05 5.623261e-05
10355.000000 -2.850258e-05 -7.445064e-07 -6.879655e-08 -1.079488e-06 5.933430e-05 5.493241e-04 -1.982292e-05 6.402063e-05
10355.200000 -2.855659e-05 -7.473026e-07 -6.904683e-08 -1.082271e-06 5.493254e-05 5.410709e-04 -1.657491e-05 6.631996e-05
10355.400000 -2.855988e-05 -7.473951e-07 -6.915261e-08 -1.083285e-06 5.466535e-05 5.539774e-04 -2.518078e-05 6.310666e-05
10355.600000 -2.850038e-05 -7.452385e-07 -6.901943e-08 -1.080993e-06 5.115152e-05 5.732916e-04 -2.254658e-05 6.325084e-05
10355.800000 -2.853064e-05 -7.483410e-07 -6.948120e-08 -1.082354e-06 5.467840e-05 5.654266e-04 -2.457620e-05 7.362732e-05
10356.000000 -2.855850e-05 -7.478043e-07 -6.931042e-08 -1.084873e-06 5.196806e-05 5.852498e-04 -4.171843e-05 7.219393e-05
10356.200000 -2.857164e-05 -7.476098e-07 -6.932122e-08 -1.085526e-06 5.362125e-05 6.173811e-04 -3.316035e-05 7.071984e-05
10356.400000 -2.852028e-05 -7.467450e-07 -6.918054e-08 -1.084469e-06 5.585730e-05 6.215095e-04 -3.852747e-05 7.048239e-05
10356.600000 -2.849916e-05 -7.483955e-07 -6.941405e-08 -1.083483e-06 5.908965e-05 5.889932e-04 -3.705417e-05 7.032428e-05
10356.800000 -2.845203e-05 -7.472062e-07 -6.919451e-08 -1.082234e-06 5.861143e-05 6.009951e-04 -3.042372e-05 7.682000e-05
10357.000000 -2.847149e-05 -7.457999e-07 -6.900166e-08 -1.084060e-06 5.579761e-05 6.127766e-04 -3.100059e-05 7.660304e-05
10357.200000 -2.852486e-05 -7.463437e-07 -6.924335e-08 -1.086886e-06 5.936041e-05 6.104173e-04 -2.615156e-05 7.559071e-05
10357.400000 -2.851518e-05 -7.479700e-07 -6.944407e-08 -1.086468e-06 5.597193e-05 6.010061e-04 -2.600588e-05 8.088459e-05
10357.600000 -2.850960e-05 -7.467559e-07 -6.941616e-08 -1.087671e-06 5.804141e-05 5.950989e-04 -2.953971e-05 7.215991e-05
10357.800000 -2.846941e-05 -7.464386e-07 -6.943375e-08 -1.086140e-06 5.523466e-05 5.789609e-04 -2.985922e-05 6.416181e-05
10358.000000 -2.838935e-05 -7.435261e-07 -6.932571e-08 -1.082820e-06 5.006075e-05 5.714569e-04 -2.656692e-05 7.056858e-05
10358.200000 -2.842432e-05 -7.449882e-07 -6.918080e-08 -1.085230e-06 4.692943e-05 5.647120e-04 -3.486997e-05 6.820604e-05
10358.400000 -2.844170e-05 -7.454661e-07 -6.929217e-08 -1.087230e-06 5.090280e-05 5.673467e-04 -2.589656e-05 6.600436e-05
10358.600000 -2.843806e-05 -7.436638e-07 -6.926933e-08 -1.087983e-06 4.233172e-05 5.526865e-04 -3.647567e-05 7.401657e-05
10358.800000 -2.849865e-05 -7.457929e-07 -6.958704e-08 -1.091429e-06 4.709827e-05 5.589668e-04 -4.389564e-05 7.112898e-05
10359.000000 -2.851827e-05 -7.451965e-07 -6.945553e-08 -1.093243e-06 4.380086e-05 5.768895e-04 -4.462684e-05 6.379013e-05
10359.200000 -2.848026e-05 -7.446466e-07 -6.948104e-08 -1.092724e-06 5.406973e-05 5.967261e-04 -2.881556e-05 7.502282e-05
10359.400000 -2.846810e-05 -7.443854e-07 -6.945547e-08 -1.093129e-06 5.388833e-05 6.008671e-04 -3.819547e-05 6.208614e-05
10359.600000 -2.851102e-05 -7.455523e-07 -6.938917e-08 -1.095907e-06 6.149095e-05 6.029989e-04 -4.038724e-05 5.847802e-05
10359.800000 -2.847323e-05 -7.459767e-07 -6.942181e-08 -1.095062e-06 5.434889e-05 5.886631e-04 -3.998218e-05 6.975563e-05
10360.000000 -2.838548e-05 -7.431128e-07 -6.923605e-08 -1.092009e-06 4.075675e-05 5.605688e-04 -4.425974e-05 7.417886e-05
10360.200000 -2.839902e-05 -7.433913e-07 -6.944448e-08 -1.093977e-06 4.202509e-05 5.494884e-04 -4.212871e-05 8.335750e-05
10360.400000 -2.841832e-05 -7.440018e-07 -6.913439e-08 -1.095469e-06 4.321724e-05 5.608745e-04 -3.867266e-05 8.288948e-05
10360.600000 -2.842607e-05 -7.437303e-07 -6.930346e-08 -1.097475e-06 4.446112e-05 5.510262e-04 -3.451208e-05 8.362302e-05
10360.800000 -2.839736e-05 -7.426041e-07 -6.929665e-08 -1.096947e-06 5.075635e-05 5.447268e-04 -3.689293e-05 8.332273e-05
10361.000000 -2.842701e-05 -7.426068e-07 -6.905823e-08 -1.099667e-06 5.157758e-05 5.487849e-04 -3.659829e-05 9.480103e-05
10361.200000 -2.845776e-05 -7.441339e-07 -6.926893e-08 -1.102432e-06 5.177282e-05 5.769116e-04 -4.172888e-05 9.445132e-05
10361.400000 -2.844150e-05 -7.447658e-07 -6.949040e-08 -1.102574e-06 5.952054e-05 5.489694e-04 -3.260915e-05 9.427126e-05
10361.600000 -2.843375e-05 -7.461903e-07 -6.942032e-08 -1.103649e-06 5.532423e-05 5.645195e-04 -3.049514e-05 8.235683e-05
10361.800000 -2.837516e-05 -7.401405e-07 -6.874972e-08 -1.103165e-06 6.603582e-05 5.849281e-04 -3.373997e-05 8.370659e-05
10362.000000 -2.841934e-05 -7.443018e-07 -6.894577e-08 -1.106024e-06 6.166713e-05 5.761436e-04 -2.778276e-05 9.093242e-05
10362.200000 -2.844220e-05 -7.419827e-07 -6.868088e-08 -1.108985e-06 5.678427e-05 5.629562e-04 -2.098588e-05 8.304312e-05
10362.400000 -2.847163e-05 -7.427071e-07 -6.894886e-08 -1.111507e-06 5.815276e-05 5.690171e-04 -2.740554e-05 7.401751e-05
10362.600000 -2.846337e-05 -7.415820e-07 -6.908053e-08 -1.112814e-06 5.874183e-05 5.540765e-04 -1.940199e-05 8.278370e-05
10362.800000 -2.846683e-05 -7.421976e-07 -6.941795e-08 -1.114440e-06 5.324277e-05 5.593546e-04 -2.654914e-05 7.431256e-05
10363.000000 -2.845081e-05 -7.440106e-07 -6.942462e-08 -1.115380e-06 5.821282e-05 5.704001e-04 -1.608920e-05 7.108393e-05
10363.200000 -2.839169e-05 -7.408985e-07 -6.897551e-08 -1.114862e-06 6.263779e-05 5.607529e-04 -1.448759e-05 7.848869e-05
10363.400000 -2.842139e-05 -7.419118e-07 -6.903992e-08 -1.117846e-06 5.782264e-05 5.699160e-04 -2.144912e-05 6.918806e-05
10363.600000 -2.840952e-05 -7.407064e-07 -6.885742e-08 -1.119396e-06 5.803532e-05 5.779145e-04 -5.482019e-06 7.677708e-05
10363.800000 -2.838215e-05 -7.410335e-07 -6.896620e-08 -1.120183e-06 4.969920e-05 5.862656e-04 -3.269317e-05 6.747415e-05
10364.000000 -2.835985e-05 -7.390385e-07 -6.910155e-08 -1.121677e-06 4.937533e-05 5.828532e-04 -2.568145e-05 7.083468e-05
10364.200000 -2.840546e-05 -7.409539e-07 -6.944921e-08 -1.126159e-06 5.723230e-05 6.013939e-04 -2.006051e-05 7.549005e-05
10364.400000 -2.836094e-05 -7.385328e-07 -6.914304e-08 -1.126357e-06 5.231654e-05 5.996255e-04 -8.400982e-06 7.103910e-05
10364.600000 -2.833987e-05 -7.370097e-07 -6.864515e-08 -1.128099e-06 4.931296e-05 5.888043e-04 -9.741279e-06 6.190995e-05
10364.800000 -2.837757e-05 -7.395586e-07 -6.871926e-08 -1.132769e-06 5.054610e-05 5.656090e-04 -2.250964e-05 5.643557e-05
10365.000000 -2.841402e-05 -7.396826e-07 -6.847329e-08 -1.137765e-06 5.986288e-05 5.800729e-04 -2.092635e-05 6.034710e-05
10365.200000 -2.843148e-05 -7.387878e-07 -6.874317e-08 -1.141258e-06 6.656455e-05 5.848229e-04 -2.321901e-05 6.755739e-05
10365.400000 -2.840939e-05 -7.387197e-07 -6.863234e-08 -1.143776e-06 6.067572e-05 5.591702e-04 -3.065248e-05 7.225429e-05
10365.600000 -2.841884e-05 -7.383166e-07 -6.859835e-08 -1.148100e-06 5.611057e-05 5.643571e-04 -2.698578e-05 7.817097e-05
10365.800000 -2.842957e-05 -7.373539e-07 -6.835579e-08 -1.152198e-06 6.496645e-05 5.809381e-04 -2.638284e-05 7.726591e-05
10366.000000 -2.842906e-05 -7.359772e-07 -6.819760e-08 -1.156860e-06 6.030694e-05 5.776467e-04 -3.399237e-05 7.299862e-05
10366.200000 -2.842204e-05 -7.387663e-07 -6.835022e-08 -1.161421e-06 6.328956e-05 5.793100e-04 -3.421203e-05 7.372813e-05
10366.400000 -2.840030e-05 -7.351903e-07 -6.822404e-08 -1.165392e-06 7.101049e-05 5.843641e-04 -2.052068e-05 7.924924e-05
10366.600000 -2.841390e-05 -7.360418e-07 -6.822279e-08 -1.171790e-06 6.370223e-05 5.520480e-04 -3.103260e-05 7.690130e-05
10366.800000 -2.841561e-05 -7.336902e-07 -6.814424e-08 -1.178240e-06 5.987863e-05 5.695112e-04 -2.880059e-05 8.549236e-05
10367.000000 -2.839760e-05 -7.307945e-07 -6.788732e-08 -1.183916e-06 7.178306e-05 5.705042e-04 -2.495530e-05 9.421873e-05
10367.200000 -2.840286e-05 -7.327952e-07 -6.787878e-08 -1.191730e-06 8.512530e-05 5.703704e-04 -2.400438e-05 9.510517e-05
10367.400000 -2.839058e-05 -7.289591e-07 -6.760473e-08 -1.200153e-06 8.183464e-05 5.621412e-04 -2.910898e-05 9.561552e-05
10367.600000 -2.841349e-05 -7.287712e-07 -6.777981e-08 -1.211139e-06 7.739180e-05 5.658542e-04 -3.819318e-05 9.037076e-05
10367.800000 -2.840396e-05 -7.247141e-07 -6.747010e-08 -1.221834e-06 7.957587e-05 5.708510e-04 -3.512600e-05 8.616144e-05
10368.000000 -2.840852e-05 -7.242442e-07 -6.732252e-08 -1.234509e-06 8.353475e-05 5.651307e-04 -3.193153e-05 8.702745e-05
10368.200000 -2.839328e-05 -7.244129e-07 -6.721999e-08 -1.247453e-06 7.360260e-05 5.566818e-04 -2.207829e-05 8.515005e-05
10368.400000 -2.833645e-05 -7.190876e-07 -6.663962e-08 -1.260220e-06 6.610466e-05 5.743645e-04 -2.570185e-05 8.958893e-05
10368.600000 -2.832123e-05 -7.169927e-07 -6.658254e-08 -1.276790e-06 6.413499e-05 5.588610e-04 -2.706740e-05 8.312198e-05
10368.800000 -2.833940e-05 -7.132195e-07 -6.634805e-08 -1.297633e-06 7.471429e-05 5.552801e-04 -3.761076e-05 7.546954e-05
10369.000000 -2.839017e-05 -7.117207e-07 -6.626994e-08 -1.322818e-06 7.933282e-05 5.467624e-04 -3.078783e-05 7.700891e-05
10369.200000 -2.837489e-05 -7.051627e-07 -6.569246e-08 -1.346676e-06 7.626830e-05 5.578101e-04 -2.488860e-05 8.060917e-05
10369.400000 -2.840106e-05 -7.029757e-07 -6.529877e-08 -1.373792e-06 7.502670e-05 5.574932e-04 -2.716448e-05 8.774219e-05
10369.600000 -2.839837e-05 -7.003094e-07 -6.511778e-08 -1.402212e-06 7.792226e-05 5.411858e-04 -3.370053e-05 8.982930e-05
10369.800000 -2.836770e-05 -6.937032e-07 -6.467738e-08 -1.432106e-06 8.057667e-05 5.494662e-04 -2.944568e-05 7.455425e-05
10370.000000 -2.839494e-05 -6.904400e-07 -6.450186e-08 -1.467888e-06 8.475147e-05 5.295824e-04 -2.768970e-05 7.506629e-05
10370.200000 -2.840285e-05 -6.860376e-07 -6.393803e-08 -1.505104e-06 8.388721e-05 5.612825e-04 -2.635151e-05 7.265447e-05
10370.400000 -2.837323e-05 -6.780427e-07 -6.299397e-08 -1.543213e-06 8.046916e-05 5.616439e-04 -2.041321e-05 7.525601e-05
10370.600000 -2.837638e-05 -6.711862e-07 -6.226373e-08 -1.585674e-06 7.677457e-05 5.368244e-04 -2.868990e-05 8.104543e-05
10370.800000 -2.836921e-05 -6.658726e-07 -6.167564e-08 -1.630468e-06 7.471830e-05 5.453397e-04 -3.512618e-05 8.137048e-05
10371.000000 -2.832192e-05 -6.595517e-07 -6.121348e-08 -1.675147e-06 8.367566e-05 5.104306e-04 -2.764847e-05 8.665657e-05
10371.200000 -2.832939e-05 -6.531142e-07 -6.059094e-08 -1.728748e-06 8.938806e-05 5.201923e-04 -2.344399e-05 9.168171e-05
10371.400000 -2.830483e-05 -6.435596e-07 -5.959793e-08 -1.786026e-06 8.962063e-05 5.149512e-04 -2.969355e-05 8.364119e-05
10371.600000 -2.830212e-05 -6.358482e-07 -5.862099e-08 -1.849207e-06 8.505495e-05 5.225633e-04 -3.006703e-05 7.695111e-05
10371.800000 -2.827778e-05 -6.265489e-07 -5.781808e-08 -1.914681e-06 7.789105e-05 5.286008e-04 -4.018449e-05 8.248156e-05
10372.000000 -2.830289e-05 -6.206272e-07 -5.730636e-08 -1.986951e-06 7.325256e-05 5.491823e-04 -4.621421e-05 8.238974e-05
10372.200000 -2.827664e-05 -6.072282e-07 -5.630453e-08 -2.061109e-06 8.047159e-05 5.255558e-04 -3.885115e-05 8.994362e-05
10372.400000 -2.829837e-05 -6.022145e-07 -5.586191e-08 -2.140392e-06 7.362880e-05 5.324931e-04 -3.730001e-05 9.120239e-05
10372.600000 -2.829730e-05 -5.933090e-07 -5.504472e-08 -2.217917e-06 7.722157e-05 5.191227e-04 -1.933984e-05 9.495392e-05
10372.800000 -2.828305e-05 -5.838215e-07 -5.407664e-08 -2.293879e-06 7.150282e-05 5.333571e-04 -3.364726e-05 9.550317e-05
10373.000000 -2.831285e-05 -5.769098e-07 -5.339445e-08 -2.371494e-06 6.897369e-05 5.199645e-04 -3.320023e-05 9.448919e-05
10373.200000 -2.832355e-05 -5.676727e-07 -5.258083e-08 -2.444534e-06 7.133322e-05 5.080144e-04 -3.652985e-05 9.863913e-05
10373.400000 -2.833768e-05 -5.614663e-07 -5.174504e-08 -2.509637e-06 6.781267e-05 5.161020e-04 -5.433193e-05 9.097574e-05
10373.600000 -2.830844e-05 -5.541168e-07 -5.105343e-08 -2.562269e-06 6.908147e-05 5.122085e-04 -3.530438e-05 8.558984e-05
10373.800000 -2.831918e-05 -5.506551e-07 -5.076493e-08 -2.614265e-06 6.583215e-05 5.241191e-04 -2.631348e-05 9.504215e-05
10374.000000 -2.831772e-05 -5.461004e-07 -5.039589e-08 -2.656854e-06 6.745985e-05 5.308879e-04 -1.835785e-05 9.365171e-05
10374.200000 -2.831706e-05 -5.443187e-07 -5.016799e-08 -2.692540e-06 6.494519e-05 5.225335e-04 -2.324481e-05 8.941331e-05
10374.400000 -2.838813e-05 -5.450907e-07 -5.018962e-08 -2.730965e-06 6.739794e-05 5.223115e-04 -3.770260e-05 9.237662e-05
10374.600000 -2.839642e-05 -5.380682e-07 -4.961019e-08 -2.758848e-06 7.020997e-05 5.503930e-04 -4.588528e-05 8.571761e-05
10374.800000 -2.838930e-05 -5.377943e-07 -4.954793e-08 -2.777504e-06 7.332220e-05 5.467489e-04 -3.845921e-05 8.662507e-05
10375.000000 -2.836937e-05 -5.363342e-07 -4.941736e-08 -2.793274e-06 7.751121e-05 5.215313e-04 -2.959615e-05 9.263356e-05
10375.200000 -2.839219e-05 -5.342898e-07 -4.914814e-08 -2.812671e-06 7.945124e-05 5.105554e-04 -3.857027e-05 8.838132e-05
10375.400000 -2.840194e-05 -5.350830e-07 -4.908814e-08 -2.827533e-06 8.163674e-05 5.130948e-04 -3.325582e-05 8.595721e-05
10375.600000 -2.839714e-05 -5.324750e-07 -4.869753e-08 -2.841372e-06 6.929690e-05 5.157544e-04 -2.878473e-05 8.792542e-05
10375.800000 -2.843397e-05 -5.325323e-07 -4.858958e-08 -2.856157e-06 6.669461e-05 5.123350e-04 -2.762748e-05 8.241019e-05
10376.000000 -2.841858e-05 -5.307738e-07 -4.864817e-08 -2.864754e-06 6.877961e-05 5.169890e-04 -2.840492e-05 9.077317e-05
10376.200000 -2.842273e-05 -5.314445e-07 -4.883238e-08 -2.872319e-06 7.017196e-05 5.192114e-04 -4.260029e-05 8.527610e-05
10376.400000 -2.839520e-05 -5.311070e-07 -4.883077e-08 -2.874699e-06 6.184076e-05 4.945525e-04 -3.185139e-05 7.472168e-05
10376.600000 -2.832840e-05 -5.294486e-07 -4.875986e-08 -2.868317e-06 6.919526e-05 4.849156e-04 -2.577024e-05 8.178309e-05
10376.800000 -2.830809e-05 -5.311733e-07 -4.905109e-08 -2.863194e-06 6.944120e-05 5.067693e-04 -3.437277e-05 7.095813e-05
10377.000000 -2.830458e-05 -5.290838e-07 -4.873775e-08 -2.860519e-06 7.044984e-05 5.108684e-04 -3.818077e-05 7.297757e-05
10377.200000 -2.837937e-05 -5.318005e-07 -4.899014e-08 -2.864155e-06 7.053070e-05 5.043482e-04 -5.010290e-05 6.440974e-05
10377.400000 -2.837353e-05 -5.335268e-07 -4.923959e-08 -2.851781e-06 7.121759e-05 5.177285e-04 -4.723641e-05 6.872203e-05
10377.600000 -2.835718e-05 -5.336054e-07 -4.930108e-08 -2.834049e-06 8.037640e-05 5.045977e-04 -4.129011e-05 7.756337e-05
10377.800000 -2.838888e-05 -5.386257e-07 -4.969493e-08 -2.819239e-06 7.696583e-05 4.700943e-04 -3.891132e-05 7.605787e-05
10378.000000 -2.840874e-05 -5.392728e-07 -4.956649e-08 -2.799344e-06 7.160825e-05 4.576714e-04 -4.307200e-05 7.214571e-05
10378.200000 -2.837117e-05 -5.398168e-07 -4.956513e-08 -2.770514e-06 8.320751e-05 4.611913e-04 -2.685476e-05 8.044004e-05
10378.400000 -2.831284e-05 -5.417034e-07 -4.986064e-08 -2.735445e-06 7.526844e-05 4.704188e-04 -3.607432e-05 8.131052e-05
10378.600000 -2.830196e-05 -5.444944e-07 -5.009389e-08 -2.703850e-06 6.507538e-05 4.827656e-04 -4.392708e-05 7.520369e-05
10378.800000 -2.838301e-05 -5.503454e-07 -5.078253e-08 -2.686150e-06 6.439602e-05 4.509225e-04 -4.644202e-05 8.136394e-05
10379.000000 -2.840217e-05 -5.497679e-07 -5.056459e-08 -2.660748e-06 7.491637e-05 4.636397e-04 -3.926578e-05 8.745886e-05
10379.200000 -2.840992e-05 -5.550722e-07 -5.087235e-08 -2.631129e-06 7.470418e-05 4.822066e-04 -4.093297e-05 8.529430e-05
10379.400000 -2.839728e-05 -5.562479e-07 -5.089924e-08 -2.599280e-06 8.197437e-05 4.863478e-04 -3.616371e-05 8.043339e-05
10379.600000 -2.839513e-05 -5.610590e-07 -5.137120e-08 -2.566556e-06 7.353891e-05 4.740226e-04 -3.887628e-05 7.445711e-05
10379.800000 -2.838870e-05 -5.641786e-07 -5.197386e-08 -2.533204e-06 7.223798e-05 4.874759e-04 -4.278313e-05 7.842486e-05
10380.000000 -2.838996e-05 -5.655111e-07 -5.225196e-08 -2.501586e-06 7.404621e-05 4.949780e-04 -3.582111e-05 8.883211e-05
10380.200000 -2.840845e-05 -5.722772e-07 -5.271639e-08 -2.467986e-06 7.368702e-05 5.072805e-04 -3.260350e-05 8.674382e-05
10380.400000 -2.837335e-05 -5.756205e-07 -5.306924e-08 -2.428739e-06 6.998375e-05 5.049258e-04 -3.358496e-05 7.051657e-05
10380.600000 -2.833309e-05 -5.789013e-07 -5.343561e-08 -2.387455e-06 6.372141e-05 4.915541e-04 -5.374647e-05 5.962050e-05
10380.800000 -2.828099e-05 -5.810488e-07 -5.371961e-08 -2.346929e-06 6.098205e-05 4.826570e-04 -6.426735e-05 6.607605e-05
10381.000000 -2.828693e-05 -5.858869e-07 -5.401763e-08 -2.311576e-06 6.451092e-05 5.012365e-04 -5.063735e-05 6.848810e-05
10381.200000 -2.834296e-05 -5.924740e-07 -5.480274e-08 -2.283297e-06 6.376423e-05 4.951054e-04 -5.414317e-05 5.479872e-05
10381.400000 -2.836914e-05 -5.942564e-07 -5.485175e-08 -2.254252e-06 6.695765e-05 5.011128e-04 -4.490244e-05 5.328444e-05
10381.600000 -2.831988e-05 -5.983571e-07 -5.504748e-08 -2.214834e-06 7.283322e-05 4.916296e-04 -4.458596e-05 5.340203e-05
10381.800000 -2.821343e-05 -6.010414e-07 -5.547070e-08 -2.170168e-06 7.293434e-05 4.852093e-04 -4.327934e-05 5.329747e-05
10382.000000 -2.802509e-05 -5.997782e-07 -5.554335e-08 -2.119234e-06 6.858119e-05 4.801291e-04 -5.503200e-05 5.786104e-05
10382.200000 -2.800151e-05 -6.001697e-07 -5.555416e-08 -2.088479e-06 6.804144e-05 4.785160e-04 -6.028036e-05 5.646571e-05
10382.400000 -2.812968e-05 -6.088132e-07 -5.590514e-08 -2.074918e-06 6.659767e-05 4.601607e-04 -4.082179e-05 6.112027e-05
10382.600000 -2.827754e-05 -6.152548e-07 -5.652191e-08 -2.067430e-06 6.506213e-05 4.606593e-04 -5.111629e-05 6.394000e-05
10382.800000 -2.832777e-05 -6.164385e-07 -5.679940e-08 -2.051109e-06 6.408835e-05 4.742318e-04 -4.228962e-05 6.712628e-05
10383.000000 -2.835801e-05 -6.185847e-07 -5.733612e-08 -2.033258e-06 6.698371e-05 4.760566e-04 -4.326633e-05 5.662434e-05
10383.200000 -2.840156e-05 -6.229132e-07 -5.774704e-08 -2.017117e-06 6.692032e-05 4.776944e-04 -4.262647e-05 5.566119e-05
10383.400000 -2.840174e-05 -6.255278e-07 -5.781441e-08 -2.000136e-06 7.008085e-05 4.616473e-04 -3.500349e-05 5.275708e-05
10383.600000 -2.840681e-05 -6.281356e-07 -5.784420e-08 -1.984617e-06 6.278989e-05 4.644008e-04 -4.005930e-05 5.792092e-05
10383.800000 -2.838422e-05 -6.305000e-07 -5.821469e-08 -1.968255e-06 6.947581e-05 4.753940e-04 -4.648239e-05 6.462973e-05
10384.000000 -2.838650e-05 -6.315386e-07 -5.856204e-08 -1.956970e-06 6.941690e-05 4.820428e-04 -4.951682e-05 6.503062e-05
10384.200000 -2.838096e-05 -6.316890e-07 -5.858257e-08 -1.946393e-06 7.087038e-05 4.575644e-04 -5.110437e-05 6.651672e-05
10384.400000 -2.840137e-05 -6.343343e-07 -5.894997e-08 -1.938747e-06 6.589673e-05 4.306038e-04 -4.276977e-05 6.536429e-05
10384.600000 -2.840334e-05 -6.339901e-07 -5.864917e-08 -1.932108e-06 6.127615e-05 4.362479e-04 -4.268606e-05 6.607049e-05
10384.800000 -2.840296e-05 -6.372589e-07 -5.872072e-08 -1.925316e-06 5.946130e-05 4.462344e-04 -3.176862e-05 8.272111e-05
10385.000000 -2.840948e-05 -6.375756e-07 -5.841635e-08 -1.920917e-06 6.315050e-05 4.269842e-04 -3.751613e-05 7.562450e-05
10385.200000 -2.839601e-05 -6.376749e-07 -5.860884e-08 -1.915102e-06 7.131794e-05 4.280409e-04 -3.222759e-05 7.922365e-05
10385.400000 -2.840293e-05 -6.378593e-07 -5.875273e-08 -1.911377e-06 6.860423e-05 4.419117e-04 -3.074880e-05 8.470871e-05
10385.600000 -2.840059e-05 -6.382425e-07 -5.874819e-08 -1.907631e-06 7.605072e-05 4.467297e-04 -3.005551e-05 7.891429e-05
10385.800000 -2.840167e-05 -6.404167e-07 -5.872185e-08 -1.903690e-06 6.430451e-05 4.639477e-04 -2.474371e-05 8.459173e-05
10386.000000 -2.837167e-05 -6.389931e-07 -5.856341e-08 -1.898945e-06 6.398036e-05 4.675297e-04 -2.914260e-05 7.830824e-05
10386.200000 -2.838115e-05 -6.405163e-07 -5.877190e-08 -1.897786e-06 7.055513e-05 4.697948e-04 -2.247002e-05 8.517484e-05
10386.400000 -2.836123e-05 -6.402148e-07 -5.876110e-08 -1.894940e-06 7.202418e-05 4.787746e-04 -3.223791e-05 7.473536e-05
10386.600000 -2.830560e-05 -6.389577e-07 -5.888495e-08 -1.889244e-06 7.587004e-05 4.858988e-04 -3.972415e-05 6.678329e-05
10386.800000 -2.833315e-05 -6.402548e-07 -5.897872e-08 -1.891218e-06 8.037803e-05 4.691181e-04 -3.485844e-05 7.439443e-05
10387.000000 -2.833774e-05 -6.415338e-07 -5.884228e-08 -1.891185e-06 8.512391e-05 4.607524e-04 -3.447207e-05 7.353376e-05
10387.200000 -2.831567e-05 -6.389978e-07 -5.852985e-08 -1.891087e-06 8.680804e-05 4.658213e-04 -2.817227e-05 6.571577e-05
10387.400000 -2.836322e-05 -6.391681e-07 -5.858279e-08 -1.896898e-06 7.482840e-05 4.641722e-04 -3.637375e-05 6.536406e-05
10387.600000 -2.837468e-05 -6.397404e-07 -5.846071e-08 -1.900162e-06 7.081800e-05 4.526013e-04 -3.161519e-05 6.986816e-05
10387.800000 -2.836144e-05 -6.379613e-07 -5.823810e-08 -1.902170e-06 7.017097e-05 4.711252e-04 -5.501814e-05 6.442764e-05
10388.000000 -2.838055e-05 -6.400359e-07 -5.849374e-08 -1.905529e-06 7.093554e-05 4.636499e-04 -5.305170e-05 7.459553e-05
10388.200000 -2.832203e-05 -6.375666e-07 -5.816166e-08 -1.904358e-06 7.371797e-05 4.738569e-04 -3.996458e-05 6.733046e-05
10388.400000 -2.827280e-05 -6.385808e-07 -5.814248e-08 -1.901804e-06 7.246551e-05 4.896290e-04 -4.836187e-05 6.562453e-05
10388.600000 -2.818122e-05 -6.341838e-07 -5.795720e-08 -1.896536e-06 7.188800e-05 4.682750e-04 -4.799207e-05 7.008506e-05
10388.800000 -2.821256e-05 -6.368045e-07 -5.800793e-08 -1.902858e-06 7.166527e-05 4.401703e-04 -2.309970e-05 8.184021e-05
10389.000000 -2.822395e-05 -6.344539e-07 -5.778343e-08 -1.908844e-06 6.840815e-05 4.372128e-04 -1.754145e-05 8.875836e-05
10389.200000 -2.824727e-05 -6.312170e-07 -5.738319e-08 -1.917320e-06 6.685883e-05 4.487873e-04 -3.178308e-05 9.385571e-05
10389.400000 -2.826397e-05 -6.349283e-07 -5.782245e-08 -1.921713e-06 6.538844e-05 4.559679e-04 -3.690117e-05 8.137582e-05
10389.600000 -2.824654e-05 -6.346003e-07 -5.770745e-08 -1.924512e-06 6.301981e-05 4.762751e-04 -2.498956e-05 7.729792e-05
10389.800000 -2.825052e-05 -6.314490e-07 -5.763930e-08 -1.930450e-06 6.584359e-05 4.584702e-04 -3.577549e-05 7.116466e-05
10390.000000 -2.825164e-05 -6.318609e-07 -5.751410e-08 -1.935323e-06 7.138517e-05 4.764054e-04 -4.122122e-05 7.070462e-05
10390.200000 -2.815789e-05 -6.276436e-07 -5.686822e-08 -1.931184e-06 6.770309e-05 4.846859e-04 -3.200513e-05 6.734738e-05
10390.400000 -2.815602e-05 -6.300928e-07 -5.654578e-08 -1.935629e-06 6.082928e-05 4.800924e-04 -3.956529e-05 6.791992e-05
10390.600000 -2.819264e-05 -6.287426e-07 -5.666932e-08 -1.944560e-06 5.834451e-05 4.872170e-04 -3.945653e-05 8.275335e-05
10390.800000 -2.825397e-05 -6.274230e-07 -5.662657e-08 -1.955780e-06 6.608119e-05 4.843418e-04 -3.987438e-05 8.310133e-05
10391.000000 -2.827418e-05 -6.278426e-07 -5.657195e-08 -1.963014e-06 6.841908e-05 4.735874e-04 -3.836686e-05 7.832572e-05
10391.200000 -2.824142e-05 -6.269183e-07 -5.630918e-08 -1.964970e-06 6.010267e-05 4.641278e-04 -4.430114e-05 7.014509e-05
10391.400000 -2.826966e-05 -6.262420e-07 -5.599246e-08 -1.972950e-06 5.356512e-05 4.758380e-04 -5.334139e-05 6.729628e-05
10391.600000 -2.829674e-05 -6.247151e-07 -5.565284e-08 -1.980425e-06 6.858318e-05 4.617364e-04 -4.598830e-05 8.040088e-05
10391.800000 -2.828960e-05 -6.237707e-07 -5.599702e-08 -1.983815e-06 6.421032e-05 4.605522e-04 -4.364903e-05 8.231673e-05
10392.000000 -2.828028e-05 -6.232014e-07 -5.599210e-08 -1.987374e-06 6.422390e-05 4.586573e-04 -5.707917e-05 7.757824e-05
10392.200000 -2.827575e-05 -6.236588e-07 -5.595261e-08 -1.989898e-06 6.878805e-05 4.742442e-04 -4.548962e-05 7.942213e-05
10392.400000 -2.826113e-05 -6.219049e-07 -5.558686e-08 -1.991477e-06 6.926202e-05 4.286692e-04 -5.843054e-05 8.187300e-05
10392.600000 -2.825423e-05 -6.231471e-07 -5.534235e-08 -1.993211e-06 6.576282e-05 4.297499e-04 -5.237009e-05 9.011320e-05
10392.800000 -2.820773e-05 -6.203497e-07 -5.510763e-08 -1.991533e-06 6.795633e-05 4.358313e-04 -4.282594e-05 9.185392e-05
10393.000000 -2.824371e-05 -6.229716e-07 -5.514997e-08 -1.995876e-06 6.898921e-05 4.191286e-04 -4.395753e-05 8.803197e-05
10393.200000 -2.824983e-05 -6.233746e-07 -5.531853e-08 -1.998006e-06 6.607193e-05 4.293039e-04 -5.359568e-05 8.792001e-05
10393.400000 -2.825166e-05 -6.221848e-07 -5.493818e-08 -1.999193e-06 6.569582e-05 4.351917e-04 -5.584601e-05 9.392670e-05
10393.600000 -2.821782e-05 -6.217582e-07 -5.484609e-08 -1.997151e-06 7.685559e-05 4.168268e-04 -5.418325e-05 9.742383e-05
10393.800000 -2.815096e-05 -6.207780e-07 -5.474366e-08 -1.991271e-06 7.669298e-05 4.122033e-04 -6.288251e-05 9.736059e-05
10394.000000 -2.821391e-05 -6.255237e-07 -5.517931e-08 -1.997734e-06 6.857277e-05 4.214365e-04 -7.007625e-05 9.111894e-05
10394.200000 -2.819455e-05 -6.217006e-07 -5.471448e-08 -1.997060e-06 6.873205e-05 4.049946e-04 -6.416253e-05 9.377284e-05
10394.400000 -2.813440e-05 -6.208603e-07 -5.469513e-08 -1.991331e-06 6.832476e-05 4.246842e-04 -6.460939e-05 8.504259e-05
10394.600000 -2.810532e-05 -6.242486e-07 -5.498278e-08 -1.985873e-06 6.626156e-05 4.032281e-04 -5.147780e-05 9.269417e-05
10394.800000 -2.806041e-05 -6.172731e-07 -5.428945e-08 -1.983317e-06 6.007277e-05 3.884767e-04 -6.718106e-05 7.593495e-05
10395.000000 -2.813966e-05 -6.206479e-07 -5.467694e-08 -1.990656e-06 5.782346e-05 3.971608e-04 -6.196624e-05 8.029641e-05
10395.200000 -2.820468e-05 -6.196762e-07 -5.464169e-08 -1.997048e-06 6.479073e-05 3.888920e-04 -5.086452e-05 8.226031e-05
10395.400000 -2.824363e-05 -6.211452e-07 -5.465343e-08 -2.000018e-06 7.873240e-05 4.046183e-04 -3.378947e-05 1.000263e-04
10395.600000 -2.824186e-05 -6.209739e-07 -5.445137e-08 -1.998075e-06 7.967230e-05 4.199978e-04 -4.227497e-05 9.772153e-05
10395.800000 -2.823007e-05 -6.210897e-07 -5.452630e-08 -1.996159e-06 7.162403e-05 4.295711e-04 -4.826439e-05 8.617326e-05
10396.000000 -2.821815e-05 -6.221444e-07 -5.442985e-08 -1.991984e-06 7.095905e-05 4.283677e-04 -5.183890e-05 9.020003e-05
10396.200000 -2.821392e-05 -6.196688e-07 -5.412782e-08 -1.989394e-06 7.454343e-05 4.214847e-04 -5.953224e-05 8.440651e-05
10396.400000 -2.822688e-05 -6.222704e-07 -5.431549e-08 -1.986963e-06 7.557910e-05 4.127097e-04 -5.260412e-05 8.198191e-05
10396.600000 -2.821013e-05 -6.213249e-07 -5.416194e-08 -1.981446e-06 7.673931e-05 4.048188e-04 -6.185949e-05 7.940233e-05
10396.800000 -2.821391e-05 -6.225321e-07 -5.409703e-08 -1.976791e-06 7.111861e-05 4.073363e-04 -4.732069e-05 8.685357e-05
10397.000000 -2.822621e-05 -6.229926e-07 -5.382379e-08 -1.972740e-06 6.985788e-05 4.253635e-04 -4.505478e-05 7.832691e-05
10397.227860 -2.821189e-05 -6.221480e-07 -5.352947e-08 -1.966983e-06 6.650025e-05 4.235817e-04 -4.624894e-05 7.643381e-05
10397.483581 -2.820429e-05 -6.231433e-07 -5.370057e-08 -1.958575e-06 6.246687e-05 4.379667e-04 -5.235019e-05 7.561299e-05
10397.767162 -2.820196e-05 -6.242674e-07 -5.400962e-08 -1.949431e-06 6.790897e-05 4.362158e-04 -4.803128e-05 7.231036e-05
10398.078604 -2.820208e-05 -6.251753e-07 -5.389832e-08 -1.939235e-06 7.292981e-05 4.302821e-04 -5.003584e-05 7.015104e-05
10398.417905 -2.819403e-05 -6.257143e-07 -5.391706e-08 -1.927189e-06 7.196187e-05 4.413717e-04 -4.503845e-05 7.654768e-05
10398.785067 -2.820334e-05 -6.286967e-07 -5.429589e-08 -1.915319e-06 6.876999e-05 4.373941e-04 -4.383204e-05 8.365215e-05
10399.180090 -2.820042e-05 -6.301289e-07 -5.422130e-08 -1.901817e-06 7.161064e-05 4.436278e-04 -5.038403e-05 7.454791e-05
10399.602973 -2.816288e-05 -6.316517e-07 -5.422496e-08 -1.884124e-06 6.886393e-05 4.259704e-04 -4.860356e-05 7.167911e-05
10400.053716 -2.816949e-05 -6.344299e-07 -5.467587e-08 -1.869386e-06 7.415237e-05 4.388888e-04 -3.958790e-05 6.977646e-05
10400.532319 -2.816011e-05 -6.358277e-07 -5.465505e-08 -1.853733e-06 8.226328e-05 4.205433e-04 -4.743977e-05 6.847697e-05
10401.038783 -2.816422e-05 -6.379638e-07 -5.502020e-08 -1.839294e-06 7.019323e-05 4.225560e-04 -4.873887e-05 6.858805e-05
10401.573107 -2.814594e-05 -6.386203e-07 -5.525001e-08 -1.824645e-06 6.098044e-05 4.093342e-04 -4.596821e-05 6.547225e-05
10402.135292 -2.813368e-05 -6.388036e-07 -5.530912e-08 -1.812141e-06 5.868948e-05 4.145060e-04 -4.247316e-05 6.143182e-05
10402.725337 -2.808253e-05 -6.380940e-07 -5.541058e-08 -1.799401e-06 6.185889e-05 4.367195e-04 -4.738203e-05 6.328933e-05
10403.343242 -2.807464e-05 -6.374850e-07 -5.514636e-08 -1.795295e-06 5.150318e-05 4.337128e-04 -4.229934e-05 7.688879e-05
10403.989008 -2.800571e-05 -6.361473e-07 -5.532115e-08 -1.789711e-06 5.740275e-05 4.346345e-04 -3.896750e-05 7.552624e-05
10404.662634 -2.797381e-05 -6.342474e-07 -5.531728e-08 -1.791099e-06 6.719182e-05 4.020200e-04 -4.581206e-05 6.988304e-05
10405.364120 -2.802676e-05 -6.315235e-07 -5.531947e-08 -1.803602e-06 7.495150e-05 4.012701e-04 -4.633519e-05 7.460022e-05
10406.093467 -2.797226e-05 -6.270029e-07 -5.515595e-08 -1.808503e-06 7.767232e-05 4.147851e-04 -4.080036e-05 8.183043e-05
10406.850674 -2.792333e-05 -6.221936e-07 -5.516031e-08 -1.814511e-06 7.809857e-05 4.106755e-04 -4.485146e-05 7.687536e-05
10407.635741 -2.784838e-05 -6.172143e-07 -5.521265e-08 -1.818478e-06 8.166792e-05 4.109312e-04 -3.528872e-05 7.972568e-05
10408.448669 -2.783677e-05 -6.135898e-07 -5.553136e-08 -1.829247e-06 7.928716e-05 3.952371e-04 -3.178541e-05 7.794337e-05
10409.289457 -2.779701e-05 -6.114886e-07 -5.594471e-08 -1.836611e-06 7.926016e-05 4.020048e-04 -3.870375e-05 8.600262e-05
10410.158106 -2.774364e-05 -6.088872e-07 -5.613610e-08 -1.845019e-06 7.902542e-05 4.060888e-04 -3.566799e-05 8.721935e-05
10411.054614 -2.778430e-05 -6.068267e-07 -5.618763e-08 -1.867103e-06 6.912848e-05 3.961716e-04 -3.946715e-05 8.206555e-05
10411.978983 -2.779358e-05 -6.049842e-07 -5.634802e-08 -1.888883e-06 7.629559e-05 3.958185e-04 -3.758461e-05 8.173329e-05
10412.931213 -2.774768e-05 -6.016481e-07 -5.675275e-08 -1.908690e-06 8.016660e-05 3.997372e-04 -3.462192e-05 8.472071e-05
10413.911303 -2.767209e-05 -6.003577e-07 -5.728226e-08 -1.927806e-06 8.499925e-05 4.109304e-04 -3.707086e-05 8.229459e-05
10414.919253 -2.760427e-05 -5.965895e-07 -5.727604e-08 -1.949052e-06 8.594071e-05 4.099992e-04 -3.538749e-05 7.859623e-05
10415.955064 -2.764002e-05 -5.946158e-07 -5.717362e-08 -1.977707e-06 7.147483e-05 4.038803e-04 -3.219955e-05 7.874414e-05
10417.018734 -2.765350e-05 -5.933197e-07 -5.726553e-08 -2.001467e-06 6.752311e-05 4.068113e-04 -3.896648e-05 7.526380e-05
10418.110266 -2.759278e-05 -5.909364e-07 -5.720417e-08 -2.013461e-06 6.958972e-05 4.171802e-04 -3.535963e-05 7.233711e-05
10419.232723 -2.768177e-05 -5.901428e-07 -5.728069e-08 -2.039118e-06 6.586226e-05 4.124470e-04 -3.450658e-05 7.042904e-05
10420.367373 -2.764523e-05 -5.899325e-07 -5.728484e-08 -2.047903e-06 7.003140e-05 3.974779e-04 -3.383642e-05 7.265531e-05
10421.514214 -2.770062e-05 -5.886459e-07 -5.711785e-08 -2.067501e-06 6.265911e-05 3.909671e-04 -3.858514e-05 7.167807e-05
10422.673248 -2.771189e-05 -5.884513e-07 -5.690739e-08 -2.079880e-06 6.920249e-05 3.836228e-04 -3.419724e-05 7.108142e-05
10423.844473 -2.770987e-05 -5.889700e-07 -5.661303e-08 -2.087418e-06 7.117407e-05 3.808470e-04 -3.807570e-05 7.390604e-05
10425.027890 -2.773222e-05 -5.891255e-07 -5.658214e-08 -2.095935e-06 7.234673e-05 3.779247e-04 -3.083851e-05 7.097178e-05
10426.223499 -2.773466e-05 -5.893291e-07 -5.642340e-08 -2.099423e-06 6.174883e-05 4.011394e-04 -2.414355e-05 7.118100e-05
10427.431300 -2.770271e-05 -5.900514e-07 -5.650060e-08 -2.098040e-06 6.053943e-05 3.921863e-04 -3.263802e-05 6.730006e-05
10428.651293 -2.772742e-05 -5.911515e-07 -5.656344e-08 -2.103376e-06 5.245457e-05 3.865185e-04 -4.375016e-05 7.148671e-05
10429.883478 -2.769533e-05 -5.911010e-07 -5.666512e-08 -2.100955e-06 4.661257e-05 3.967790e-04 -3.888224e-05 7.784165e-05
10431.127855 -2.770605e-05 -5.924784e-07 -5.680015e-08 -2.100404e-06 5.519264e-05 4.025866e-04 -3.879253e-05 7.808855e-05
10432.384423 -2.768144e-05 -5.942311e-07 -5.676231e-08 -2.093012e-06 6.443865e-05 3.741768e-04 -4.117346e-05 6.826136e-05
10433.653184 -2.764897e-05 -5.967663e-07 -5.738139e-08 -2.081154e-06 6.339451e-05 3.733974e-04 -3.963969e-05 7.149727e-05
10434.934136 -2.762072e-05 -5.975618e-07 -5.747827e-08 -2.070666e-06 6.211756e-05 3.702576e-04 -4.773029e-05 7.239785e-05
10436.227280 -2.763403e-05 -5.995889e-07 -5.741948e-08 -2.065901e-06 5.961380e-05 3.736479e-04 -4.917203e-05 7.865605e-05
10437.532617 -2.767754e-05 -6.012825e-07 -5.765870e-08 -2.065127e-06 4.646820e-05 3.845326e-04 -5.463382e-05 8.053318e-05
10438.850145 -2.761456e-05 -6.030963e-07 -5.775612e-08 -2.052578e-06 4.029859e-05 3.920431e-04 -4.163239e-05 8.405180e-05
10440.179865 -2.759187e-05 -6.046124e-07 -5.738296e-08 -2.044246e-06 4.911229e-05 4.090818e-04 -3.567714e-05 8.647518e-05
10441.521777 -2.764137e-05 -6.061459e-07 -5.735850e-08 -2.044678e-06 4.526918e-05 4.257584e-04 -3.281864e-05 8.286916e-05
10442.875881 -2.765345e-05 -6.086275e-07 -5.759100e-08 -2.040521e-06 4.994713e-05 4.159948e-04 -4.744448e-05 8.240410e-05
10444.242177 -2.764512e-05 -6.100211e-07 -5.747019e-08 -2.035493e-06 4.720791e-05 3.828370e-04 -4.120607e-05 8.271321e-05
10445.620664 -2.763741e-05 -6.111594e-07 -5.740061e-08 -2.032099e-06 5.045887e-05 4.027980e-04 -3.054568e-05 9.208512e-05
10447.011344 -2.758861e-05 -6.119152e-07 -5.754659e-08 -2.025048e-06 5.086306e-05 3.981120e-04 -3.369066e-05 8.231696e-05
10448.414215 -2.759690e-05 -6.138817e-07 -5.775497e-08 -2.024215e-06 5.590630e-05 3.852775e-04 -3.401726e-05 8.022762e-05
10449.829279 -2.760405e-05 -6.155360e-07 -5.767896e-08 -2.022499e-06 5.671175e-05 3.655483e-04 -4.002914e-05 7.553894e-05
10451.256534 -2.758420e-05 -6.164929e-07 -5.777985e-08 -2.016009e-06 6.098703e-05 3.639183e-04 -3.008427e-05 7.891956e-05
10452.695981 -2.759235e-05 -6.187932e-07 -5.793036e-08 -2.011730e-06 6.689832e-05 3.724667e-04 -2.388220e-05 7.467848e-05
10454.147620 -2.752982e-05 -6.199854e-07 -5.839200e-08 -2.000208e-06 7.167814e-05 3.904426e-04 -2.307364e-05 6.911677e-05
10455.611452 -2.745848e-05 -6.209064e-07 -5.825316e-08 -1.989046e-06 5.787881e-05 3.929371e-04 -2.758941e-05 7.573371e-05
10457.087475 -2.749395e-05 -6.228301e-07 -5.824019e-08 -1.992709e-06 5.058924e-05 4.049390e-04 -3.065051e-05 7.636398e-05
10458.575689 -2.750890e-05 -6.241354e-07 -5.836848e-08 -1.995160e-06 5.525844e-05 4.261523e-04 -2.036619e-05 7.040123e-05
10460.076096 -2.746916e-05 -6.248182e-07 -5.853696e-08 -1.991370e-06 5.558871e-05 4.265675e-04 -1.727687e-05 7.535123e-05
10461.588695 -2.746494e-05 -6.254720e-07 -5.861143e-08 -1.990801e-06 5.491301e-05 4.025480e-04 -2.481392e-05 6.860324e-05
10463.113485 -2.748817e-05 -6.268130e-07 -5.863542e-08 -1.993533e-06 6.064483e-05 4.040429e-04 -3.414588e-05 6.615042e-05
10464.650468 -2.745168e-05 -6.276769e-07 -5.876033e-08 -1.989290e-06 5.799466e-05 4.092088e-04 -2.785419e-05 6.541326e-05
10466.199642 -2.742439e-05 -6.286865e-07 -5.880246e-08 -1.986767e-06 5.472411e-05 4.018283e-04 -1.605155e-05 5.883404e-05
10467.761009 -2.737551e-05 -6.290211e-07 -5.874995e-08 -1.982539e-06 5.967012e-05 4.189239e-04 -3.182269e-05 5.986097e-05
10469.334567 -2.735022e-05 -6.301887e-07 -5.870118e-08 -1.981197e-06 5.555353e-05 4.263489e-04 -1.964010e-05 6.329495e-05
10470.920317 -2.736597e-05 -6.304086e-07 -5.853950e-08 -1.986214e-06 4.627616e-05 4.127256e-04 -2.114822e-05 6.283774e-05
10472.518259 -2.742229e-05 -6.302757e-07 -5.848769e-08 -1.995963e-06 4.830308e-05 4.153969e-04 -3.115729e-05 6.571633e-05
10474.128393 -2.742112e-05 -6.307414e-07 -5.845614e-08 -1.998621e-06 5.395383e-05 3.973692e-04 -3.615133e-05 6.385200e-05
10475.750719 -2.739946e-05 -6.302400e-07 -5.828716e-08 -2.000795e-06 5.120348e-05 3.844652e-04 -3.640915e-05 6.843855e-05
10477.385237 -2.736259e-05 -6.300864e-07 -5.861418e-08 -2.000734e-06 5.300927e-05 4.023415e-04 -2.837395e-05 7.140405e-05
10479.031946 -2.732811e-05 -6.297851e-07 -5.879461e-08 -2.002031e-06 6.783021e-05 3.995962e-04 -4.356056e-05 6.928802e-05
10480.690848 -2.731136e-05 -6.292733e-07 -5.897414e-08 -2.004140e-06 7.403268e-05 3.935233e-04 -4.059001e-05 6.979401e-05
10482.361942 -2.727084e-05 -6.285201e-07 -5.921231e-08 -2.003738e-06 6.109641e-05 3.787811e-04 -3.184001e-05 7.039612e-05
10484.045227 -2.720158e-05 -6.276138e-07 -5.955601e-08 -1.999463e-06 5.323225e-05 3.837787e-04 -2.614914e-05 6.737418e-05
10485.740704 -2.719504e-05 -6.285041e-07 -6.005865e-08 -2.000761e-06 6.046381e-05 3.811514e-04 -1.766833e-05 6.037085e-05
10487.448374 -2.721199e-05 -6.278909e-07 -6.030311e-08 -2.004989e-06 5.700291e-05 3.817449e-04 -1.508072e-05 7.155793e-05
10489.168235 -2.718002e-05 -6.276318e-07 -6.042672e-08 -2.004666e-06 6.264414e-05 3.912296e-04 -2.482885e-05 6.931817e-05
10490.900288 -2.708786e-05 -6.292575e-07 -6.092672e-08 -1.996344e-06 5.948871e-05 3.996139e-04 -2.248783e-05 7.032766e-05
10492.644533 -2.700128e-05 -6.279214e-07 -6.116782e-08 -1.990490e-06 6.254918e-05 3.761823e-04 -2.053832e-05 8.230199e-05
10494.400970 -2.700823e-05 -6.283711e-07 -6.141626e-08 -1.995844e-06 5.882388e-05 3.826600e-04 -2.735875e-05 8.111828e-05
10496.169598 -2.701639e-05 -6.283866e-07 -6.146255e-08 -2.003523e-06 5.572761e-05 3.866165e-04 -3.336240e-05 7.714954e-05
10497.950419 -2.702363e-05 -6.276212e-07 -6.157583e-08 -2.012711e-06 5.831113e-05 3.592838e-04 -3.362690e-05 8.550846e-05
10499.743432 -2.705403e-05 -6.272517e-07 -6.168875e-08 -2.025499e-06 5.324840e-05 3.417123e-04 -3.335133e-05 9.116979e-05
10501.548636 -2.704033e-05 -6.253835e-07 -6.184286e-08 -2.033729e-06 5.555950e-05 3.487162e-04 -3.497290e-05 8.377398e-05
10503.366032 -2.701019e-05 -6.256498e-07 -6.198149e-08 -2.038453e-06 5.408828e-05 3.655415e-04 -3.466213e-05 8.134486e-05
10505.195621 -2.697577e-05 -6.245414e-07 -6.186729e-08 -2.041032e-06 5.561565e-05 3.632209e-04 -2.821259e-05 8.224714e-05
10507.037401 -2.692540e-05 -6.244250e-07 -6.189729e-08 -2.039607e-06 6.200131e-05 3.644607e-04 -2.838423e-05 8.660261e-05
10508.891373 -2.688546e-05 -6.247252e-07 -6.206143e-08 -2.038329e-06 5.415462e-05 3.689518e-04 -2.767733e-05 7.881259e-05
10510.757537 -2.682960e-05 -6.243115e-07 -6.187928e-08 -2.035792e-06 5.239219e-05 3.858014e-04 -3.265693e-05 7.200589e-05
10512.635893 -2.680396e-05 -6.248253e-07 -6.176144e-08 -2.037504e-06 5.855209e-05 3.866404e-04 -4.331675e-05 7.483363e-05
10514.526441 -2.676344e-05 -6.237203e-07 -6.145571e-08 -2.038165e-06 6.368726e-05 3.884741e-04 -3.584198e-05 7.786623e-05
10516.429181 -2.679280e-05 -6.246529e-07 -6.118362e-08 -2.044223e-06 6.087327e-05 3.921894e-04 -3.922464e-05 7.418216e-05
10518.344112 -2.675563e-05 -6.245170e-07 -6.102102e-08 -2.043296e-06 5.996726e-05 3.846094e-04 -3.947141e-05 6.877906e-05
10520.271236 -2.662411e-05 -6.222028e-07 -6.063026e-08 -2.032797e-06 6.731384e-05 3.808981e-04 -3.152574e-05 6.520860e-05
10522.210552 -2.671492e-05 -6.249366e-07 -6.092286e-08 -2.039787e-06 6.800488e-05 3.616346e-04 -3.300837e-05 7.335821e-05
10524.162059 -2.669149e-05 -6.257536e-07 -6.095711e-08 -2.036616e-06 7.457904e-05 3.702418e-04 -2.867808e-05 7.899782e-05
10526.125758 -2.658659e-05 -6.239096e-07 -6.048297e-08 -2.026104e-06 7.216148e-05 3.695229e-04 -2.087442e-05 8.915370e-05
10528.101649 -2.650489e-05 -6.243525e-07 -6.044740e-08 -2.015864e-06 7.634889e-05 3.575702e-04 -2.287305e-05 8.016632e-05
10530.089733 -2.648481e-05 -6.252319e-07 -6.078047e-08 -2.011141e-06 6.164615e-05 3.660589e-04 -3.246361e-05 6.994371e-05
10532.090008 -2.653213e-05 -6.275113e-07 -6.109520e-08 -2.010257e-06 6.418401e-05 3.704444e-04 -3.366460e-05 6.847337e-05
10534.102475 -2.650973e-05 -6.297089e-07 -6.095701e-08 -2.004443e-06 6.474146e-05 3.783702e-04 -3.672511e-05 6.516063e-05
10536.127133 -2.648171e-05 -6.298218e-07 -6.066816e-08 -1.999390e-06 5.821876e-05 3.933370e-04 -2.967231e-05 7.484054e-05
10538.163984 -2.647855e-05 -6.310894e-07 -6.072349e-08 -1.996616e-06 5.269795e-05 3.890611e-04 -3.376292e-05 7.345728e-05
10540.213027 -2.647205e-05 -6.335543e-07 -6.121702e-08 -1.994650e-06 5.546933e-05 3.908359e-04 -3.269206e-05 7.514917e-05
10542.274261 -2.643705e-05 -6.327929e-07 -6.126169e-08 -1.991659e-06 6.073924e-05 3.898528e-04 -2.829595e-05 7.689674e-05
10544.347688 -2.640312e-05 -6.336252e-07 -6.136882e-08 -1.988361e-06 5.631541e-05 3.964705e-04 -1.746050e-05 8.226385e-05
10546.433306 -2.638435e-05 -6.343621e-07 -6.155460e-08 -1.987067e-06 6.355917e-05 4.067404e-04 -7.443714e-06 8.487359e-05
10548.531117 -2.635917e-05 -6.353598e-07 -6.201218e-08 -1.987124e-06 6.655705e-05 4.238294e-04 -1.419166e-05 8.476032e-05
10550.641119 -2.632849e-05 -6.358375e-07 -6.246841e-08 -1.986589e-06 5.987738e-05 4.203560e-04 -2.653311e-05 8.280646e-05
10552.763313 -2.624861e-05 -6.363441e-07 -6.280325e-08 -1.981254e-06 5.963709e-05 4.097014e-04 -2.049209e-05 7.948119e-05
10554.897699 -2.620807e-05 -6.358878e-07 -6.290643e-08 -1.981728e-06 5.325038e-05 4.251091e-04 -2.198734e-05 6.748474e-05
10557.044277 -2.619177e-05 -6.371233e-07 -6.304800e-08 -1.982704e-06 5.201690e-05 4.059370e-04 -2.144702e-05 7.420805e-05
10559.203047 -2.613584e-05 -6.375738e-07 -6.352160e-08 -1.980067e-06 5.327467e-05 3.973123e-04 -3.542145e-05 6.760787e-05
10561.374008 -2.601632e-05 -6.350626e-07 -6.362517e-08 -1.972421e-06 6.746512e-05 3.930633e-04 -2.972961e-05 7.624705e-05
10563.557162 -2.596163e-05 -6.354211e-07 -6.369594e-08 -1.971709e-06 6.402448e-05 3.795050e-04 -3.237695e-05 7.656197e-05
10565.752508 -2.587710e-05 -6.344740e-07 -6.358001e-08 -1.967973e-06 6.070431e-05 3.902667e-04 -2.786825e-05 8.276665e-05
10567.960045 -2.590713e-05 -6.357213e-07 -6.370468e-08 -1.975557e-06 6.199880e-05 3.900275e-04 -3.019190e-05 8.124584e-05
10570.179775 -2.594088e-05 -6.353667e-07 -6.409231e-08 -1.985087e-06 6.284892e-05 3.828449e-04 -2.185375e-05 7.640085e-05
10572.411696 -2.593721e-05 -6.360428e-07 -6.429308e-08 -1.989829e-06 5.951283e-05 4.022080e-04 -1.776053e-05 7.804492e-05
10574.655809 -2.589175e-05 -6.356325e-07 -6.433001e-08 -1.988920e-06 5.387231e-05 3.936028e-04 -1.054351e-05 7.931652e-05
10576.912114 -2.583661e-05 -6.348817e-07 -6.431615e-08 -1.986751e-06 6.287085e-05 3.968254e-04 -8.504595e-06 7.800074e-05
10579.180611 -2.578546e-05 -6.346053e-07 -6.449622e-08 -1.985246e-06 6.396355e-05 4.085824e-04 -1.536765e-05 7.578813e-05
10581.461300 -2.575501e-05 -6.353203e-07 -6.498008e-08 -1.983738e-06 6.604277e-05 4.336087e-04 -2.278279e-05 7.625229e-05
10583.754181 -2.569573e-05 -6.359634e-07 -6.504789e-08 -1.979548e-06 7.414846e-05 4.295263e-04 -2.404262e-05 7.958765e-05
10586.059254 -2.561077e-05 -6.353981e-07 -6.487098e-08 -1.973153e-06 7.511353e-05 4.022865e-04 -2.694168e-05 7.593956e-05
10588.376518 -2.546811e-05 -6.361808e-07 -6.488365e-08 -1.959138e-06 6.705324e-05 4.035311e-04 -4.160372e-05 7.911408e-05
10590.705975 -2.541315e-05 -6.346160e-07 -6.454988e-08 -1.957987e-06 6.852736e-05 4.031888e-04 -3.799568e-05 9.261357e-05
10593.047623 -2.540522e-05 -6.354585e-07 -6.460934e-08 -1.962119e-06 6.881453e-05 4.228956e-04 -4.001708e-05 7.684074e-05
10595.401464 -2.536396e-05 -6.357670e-07 -6.465019e-08 -1.958037e-06 7.313048e-05 4.178231e-04 -2.933593e-05 8.157199e-05
10597.767496 -2.531569e-05 -6.369078e-07 -6.471169e-08 -1.950539e-06 6.638140e-05 4.098011e-04 -2.779600e-05 8.805982e-05
10600.145720 -2.527577e-05 -6.384283e-07 -6.486881e-08 -1.945160e-06 6.474522e-05 4.174849e-04 -2.533958e-05 8.538389e-05
10602.536136 -2.527718e-05 -6.383792e-07 -6.475850e-08 -1.949195e-06 5.778611e-05 4.255001e-04 -2.228867e-05 8.968284e-05
10604.938744 -2.519588e-05 -6.382615e-07 -6.495471e-08 -1.942016e-06 5.945870e-05 4.289463e-04 -2.002846e-05 8.674744e-05
10607.353544 -2.514160e-05 -6.375910e-07 -6.489652e-08 -1.938502e-06 5.632600e-05 4.391670e-04 -2.142134e-05 8.738277e-05
10609.780536 -2.507966e-05 -6.370681e-07 -6.489150e-08 -1.934313e-06 5.874892e-05 4.477915e-04 -3.946552e-05 7.887540e-05
10612.219720 -2.504654e-05 -6.387054e-07 -6.533851e-08 -1.934393e-06 6.052756e-05 4.071595e-04 -4.123403e-05 7.596497e-05
10614.671096 -2.504964e-05 -6.396018e-07 -6.542921e-08 -1.938093e-06 7.021022e-05 4.068956e-04 -3.502794e-05 6.759671e-05
10617.134663 -2.507382e-05 -6.409017e-07 -6.550694e-08 -1.945079e-06 6.662408e-05 4.324503e-04 -3.734383e-05 6.939609e-05
10619.610423 -2.504448e-05 -6.429716e-07 -6.584363e-08 -1.944802e-06 5.552806e-05 4.456354e-04 -4.308755e-05 6.499912e-05
10622.098374 -2.499411e-05 -6.432450e-07 -6.598012e-08 -1.942252e-06 6.478955e-05 4.482489e-04 -3.974194e-05 5.849159e-05
10624.598517 -2.493648e-05 -6.447154e-07 -6.620570e-08 -1.938578e-06 6.486717e-05 4.232657e-04 -2.886584e-05 7.194674e-05
10627.110852 -2.491471e-05 -6.444132e-07 -6.594913e-08 -1.940746e-06 6.623662e-05 4.442004e-04 -1.891369e-05 8.655743e-05
10629.635380 -2.490311e-05 -6.441685e-07 -6.579365e-08 -1.944549e-06 6.377339e-05 4.377132e-04 -2.893037e-05 8.037920e-05
10632.172099 -2.482975e-05 -6.440072e-07 -6.603997e-08 -1.940882e-06 6.518564e-05 4.181353e-04 -3.836553e-05 7.103359e-05
10634.721009 -2.472236e-05 -6.431611e-07 -6.606598e-08 -1.932887e-06 6.963838e-05 4.086066e-04 -3.059397e-05 6.956692e-05
10637.282112 -2.466243e-05 -6.436444e-07 -6.601110e-08 -1.930147e-06 6.070876e-05 4.260062e-04 -2.927400e-05 7.661389e-05
10639.855407 -2.462707e-05 -6.422532e-07 -6.606246e-08 -1.929689e-06 6.306293e-05 4.439546e-04 -3.411669e-05 8.322305e-05
10642.440894 -2.458316e-05 -6.417826e-07 -6.646088e-08 -1.929402e-06 7.526525e-05 4.416615e-04 -2.218595e-05 9.174432e-05
10645.038572 -2.453254e-05 -6.421600e-07 -6.643555e-08 -1.928060e-06 6.664884e-05 4.254707e-04 -3.254882e-05 8.379378e-05
10647.648443 -2.446215e-05 -6.411462e-07 -6.618664e-08 -1.924125e-06 6.936629e-05 4.056055e-04 -3.998908e-05 7.686029e-05
10650.270505 -2.436977e-05 -6.405412e-07 -6.619818e-08 -1.916188e-06 6.488383e-05 3.997065e-04 -4.719606e-05 6.142228e-05
10652.904759 -2.428586e-05 -6.406907e-07 -6.661471e-08 -1.908742e-06 6.912320e-05 4.034715e-04 -4.729844e-05 7.337405e-05
10655.551205 -2.419315e-05 -6.408073e-07 -6.692377e-08 -1.900983e-06 7.732742e-05 3.979626e-04 -4.724554e-05 7.522602e-05
10658.209844 -2.401462e-05 -6.369950e-07 -6.672273e-08 -1.885934e-06 6.979653e-05 4.092124e-04 -3.888491e-05 7.260738e-05
10660.880674 -2.410007e-05 -6.398192e-07 -6.712779e-08 -1.896957e-06 6.381479e-05 4.068666e-04 -2.883311e-05 7.577057e-05
10663.563696 -2.411667e-05 -6.414045e-07 -6.758059e-08 -1.899219e-06 6.931961e-05 4.096009e-04 -3.330685e-05 7.119847e-05
10666.258909 -2.407153e-05 -6.421531e-07 -6.797118e-08 -1.895073e-06 7.085315e-05 4.167167e-04 -4.613809e-05 7.123040e-05
10668.966315 -2.402899e-05 -6.438920e-07 -6.829528e-08 -1.890507e-06 7.441531e-05 4.162226e-04 -3.531140e-05 7.976742e-05
10671.685913 -2.392490e-05 -6.430197e-07 -6.845030e-08 -1.880319e-06 9.081252e-05 4.006287e-04 -2.268155e-05 7.907494e-05
10674.417702 -2.383521e-05 -6.439510e-07 -6.870617e-08 -1.870347e-06 9.178688e-05 4.168663e-04 -2.374830e-05 8.118609e-05
10677.161684 -2.371471e-05 -6.420320e-07 -6.853208e-08 -1.859249e-06 8.162458e-05 4.003368e-04 -1.721251e-05 8.198902e-05
10679.917857 -2.366940e-05 -6.426250e-07 -6.855100e-08 -1.860422e-06 7.375522e-05 4.081506e-04 -2.149603e-05 8.307800e-05
10682.686222 -2.362954e-05 -6.432451e-07 -6.859579e-08 -1.859306e-06 6.971395e-05 3.841368e-04 -2.654293e-05 8.206345e-05
10685.466780 -2.349124e-05 -6.413652e-07 -6.863039e-08 -1.846261e-06 7.123722e-05 3.634290e-04 -3.340947e-05 8.307067e-05
10688.259529 -2.332536e-05 -6.398633e-07 -6.855893e-08 -1.831667e-06 6.696367e-05 3.825574e-04 -3.362551e-05 7.807388e-05
10691.064470 -2.324278e-05 -6.379608e-07 -6.862992e-08 -1.829190e-06 6.711219e-05 4.072708e-04 -2.601209e-05 8.567814e-05
10693.881602 -2.324587e-05 -6.386061e-07 -6.894628e-08 -1.832421e-06 7.307960e-05 4.131616e-04 -2.389073e-05 8.728389e-05
10696.710927 -2.331313e-05 -6.410860e-07 -6.922031e-08 -1.844990e-06 6.390347e-05 4.309540e-04 -2.211885e-05 8.048214e-05
10699.552444 -2.329660e-05 -6.413898e-07 -6.879576e-08 -1.848538e-06 5.521707e-05 4.263503e-04 -2.074084e-05 8.322313e-05
10702.406153 -2.316023e-05 -6.396605e-07 -6.873408e-08 -1.838385e-06 5.478419e-05 4.293192e-04 -3.505628e-05 9.042062e-05
10705.272053 -2.305355e-05 -6.389858e-07 -6.868078e-08 -1.830730e-06 6.157622e-05 4.113219e-04 -2.991137e-05 7.752846e-05
10708.150146 -2.306691e-05 -6.403821e-07 -6.861947e-08 -1.835534e-06 6.757990e-05 4.124871e-04 -3.906700e-05 8.104984e-05
10711.040430 -2.306366e-05 -6.407211e-07 -6.872336e-08 -1.838233e-06 5.861499e-05 4.178249e-04 -3.957484e-05 8.197057e-05
10713.942906 -2.303278e-05 -6.419602e-07 -6.925185e-08 -1.837892e-06 6.110748e-05 4.114410e-04 -3.451681e-05 7.398521e-05
10716.857574 -2.294113e-05 -6.414660e-07 -6.945557e-08 -1.830875e-06 6.166857e-05 4.036197e-04 -2.757053e-05 7.797419e-05
10719.784435 -2.287468e-05 -6.423560e-07 -6.949692e-08 -1.827228e-06 5.647095e-05 3.885886e-04 -1.976283e-05 7.879593e-05
10722.723487 -2.284100e-05 -6.426376e-07 -6.948408e-08 -1.829075e-06 5.713281e-05 3.859575e-04 -2.684292e-05 8.145691e-05
10725.674730 -2.277576e-05 -6.421993e-07 -6.979714e-08 -1.825696e-06 6.028240e-05 3.806399e-04 -2.639427e-05 8.237102e-05
10728.638166 -2.265863e-05 -6.413815e-07 -6.977176e-08 -1.815460e-06 6.634965e-05 3.888061e-04 -3.166374e-05 8.371326e-05
10731.613794 -2.256731e-05 -6.411669e-07 -6.954335e-08 -1.809192e-06 6.094514e-05 3.776940e-04 -3.744961e-05 7.042617e-05
10734.601614 -2.257409e-05 -6.434778e-07 -6.970353e-08 -1.813472e-06 7.125406e-05 3.756370e-04 -4.430264e-05 7.717666e-05
10737.601625 -2.247175e-05 -6.425521e-07 -6.978694e-08 -1.804063e-06 6.873829e-05 3.602656e-04 -3.608102e-05 8.795298e-05
10740.613829 -2.240307e-05 -6.422894e-07 -7.009930e-08 -1.799199e-06 6.428266e-05 3.575901e-04 -2.976279e-05 8.845727e-05
10743.638224 -2.232991e-05 -6.410576e-07 -7.002624e-08 -1.795559e-06 5.922768e-05 3.270207e-04 -3.406814e-05 8.143596e-05
10746.674811 -2.222590e-05 -6.408215e-07 -7.004858e-08 -1.785807e-06 6.003373e-05 3.327525e-04 -4.034175e-05 7.434260e-05
10749.723590 -2.217729e-05 -6.405946e-07 -7.007337e-08 -1.783812e-06 5.854439e-05 3.588245e-04 -3.527155e-05 7.878241e-05
10752.784561 -2.210877e-05 -6.394780e-07 -7.033023e-08 -1.780499e-06 6.601601e-05 3.557436e-04 -3.306171e-05 7.979187e-05
10755.857724 -2.195783e-05 -6.369755e-07 -7.003689e-08 -1.768307e-06 5.879038e-05 3.341870e-04 -3.468631e-05 8.167157e-05
10758.943079 -2.189991e-05 -6.371857e-07 -7.011311e-08 -1.762743e-06 5.870059e-05 3.413975e-04 -3.208139e-05 7.272082e-05
10762.040626 -2.184752e-05 -6.373158e-07 -6.996236e-08 -1.759102e-06 5.208480e-05 3.613878e-04 -2.586056e-05 7.139537e-05
10765.150365 -2.178606e-05 -6.382635e-07 -7.011224e-08 -1.755940e-06 5.010862e-05 3.493833e-04 -2.006131e-05 7.866740e-05
10768.272295 -2.169471e-05 -6.383003e-07 -7.001404e-08 -1.749121e-06 4.954132e-05 3.519183e-04 -2.316407e-05 7.287634e-05
10771.406418 -2.158399e-05 -6.370423e-07 -6.996151e-08 -1.740116e-06 4.855394e-05 3.514588e-04 -3.188135e-05 6.727323e-05
10774.552732 -2.146549e-05 -6.351484e-07 -6.973410e-08 -1.731315e-06 4.921103e-05 3.608055e-04 -4.223666e-05 6.904942e-05
10777.711239 -2.136536e-05 -6.344001e-07 -6.986089e-08 -1.724021e-06 4.880657e-05 3.540760e-04 -3.072525e-05 7.346471e-05
10780.881937 -2.131769e-05 -6.345113e-07 -7.034187e-08 -1.723763e-06 4.220176e-05 3.427798e-04 -2.839123e-05 8.072773e-05
10784.064827 -2.128759e-05 -6.351084e-07 -7.091668e-08 -1.726600e-06 5.108279e-05 3.277894e-04 -2.097141e-05 7.781963e-05
10787.259909 -2.119339e-05 -6.340569e-07 -7.123119e-08 -1.720291e-06 5.906372e-05 3.545357e-04 -2.852889e-05 8.684932e-05
10790.467183 -2.108981e-05 -6.337764e-07 -7.165891e-08 -1.713549e-06 5.356296e-05 3.608518e-04 -2.790210e-05 8.506960e-05
10793.686649 -2.098340e-05 -6.324909e-07 -7.213469e-08 -1.706677e-06 4.754448e-05 3.728497e-04 -3.135309e-05 7.884323e-05
10796.918307 -2.091351e-05 -6.305362e-07 -7.220470e-08 -1.702967e-06 5.162927e-05 3.649015e-04 -3.288507e-05 7.179789e-05
10800.162157 -2.072817e-05 -6.275618e-07 -7.194142e-08 -1.683711e-06 5.296506e-05 3.647310e-04 -3.814852e-05 7.241137e-05
10803.418198 -2.064466e-05 -6.267014e-07 -7.183087e-08 -1.679322e-06 5.061982e-05 3.648291e-04 -3.686282e-05 7.803824e-05
10806.686432 -2.055751e-05 -6.265679e-07 -7.198852e-08 -1.676905e-06 4.969543e-05 3.575563e-04 -3.277111e-05 7.160152e-05
10809.966857 -2.053373e-05 -6.276064e-07 -7.232431e-08 -1.677713e-06 6.044048e-05 3.608191e-04 -2.253449e-05 6.603836e-05
10813.259474 -2.047246e-05 -6.274210e-07 -7.239033e-08 -1.673076e-06 6.235533e-05 3.731320e-04 -2.654841e-05 5.577887e-05
10816.564284 -2.033299e-05 -6.256975e-07 -7.210933e-08 -1.660871e-06 5.549604e-05 3.601155e-04 -3.883753e-05 6.221692e-05
10819.881285 -2.027485e-05 -6.255541e-07 -7.188424e-08 -1.658416e-06 5.771491e-05 3.760253e-04 -3.069711e-05 7.156139e-05
10823.210478 -2.020388e-05 -6.260322e-07 -7.199299e-08 -1.654547e-06 5.593105e-05 3.956880e-04 -2.502190e-05 6.189801e-05
10826.551863 -2.008254e-05 -6.244154e-07 -7.173899e-08 -1.645298e-06 5.963661e-05 3.980987e-04 -3.073253e-05 5.488005e-05
10829.905440 -1.997849e-05 -6.230378e-07 -7.148330e-08 -1.637090e-06 6.224904e-05 4.081353e-04 -2.029969e-05 6.245986e-05
10833.271209 -1.986601e-05 -6.222045e-07 -7.119642e-08 -1.627478e-06 5.255660e-05 3.979213e-04 -1.913009e-05 6.527973e-05
10836.649169 -1.967040e-05 -6.188216e-07 -7.067808e-08 -1.609003e-06 5.661013e-05 4.023171e-04 -2.458505e-05 6.930237e-05
10840.039322 -1.956804e-05 -6.170426e-07 -7.022545e-08 -1.601664e-06 6.504875e-05 4.011461e-04 -2.919951e-05 6.471380e-05
10843.441666 -1.954233e-05 -6.171046e-07 -7.015800e-08 -1.603902e-06 5.712832e-05 4.177155e-04 -2.919225e-05 7.143964e-05
10846.856203 -1.945160e-05 -6.162585e-07 -7.011544e-08 -1.597440e-06 5.834109e-05 4.005435e-04 -3.233733e-05 7.351956e-05
10850.282931 -1.929870e-05 -6.138723e-07 -7.015544e-08 -1.585159e-06 5.401931e-05 3.826367e-04 -3.358987e-05 7.145981e-05
10853.721851 -1.912675e-05 -6.107730e-07 -7.028252e-08 -1.570189e-06 5.383837e-05 3.910265e-04 -3.783012e-05 6.929455e-05
10857.172964 -1.907728e-05 -6.104313e-07 -7.054754e-08 -1.568712e-06 5.853907e-05 4.064991e-04 -3.076662e-05 7.072055e-05
10860.636268 -1.897441e-05 -6.089299e-07 -7.055089e-08 -1.562588e-06 4.794316e-05 4.204037e-04 -3.299802e-05 6.589707e-05
10864.111764 -1.887637e-05 -6.079632e-07 -7.040470e-08 -1.555587e-06 4.965431e-05 4.185008e-04 -3.938273e-05 7.172581e-05
10867.599451 -1.876210e-05 -6.065751e-07 -7.035442e-08 -1.547306e-06 6.241910e-05 3.972430e-04 -4.400127e-05 7.625969e-05
10871.099331 -1.864214e-05 -6.045851e-07 -7.026730e-08 -1.538845e-06 6.478073e-05 4.086551e-04 -4.123790e-05 7.248739e-05
10874.611403 -1.848939e-05 -6.014607e-07 -7.004069e-08 -1.526390e-06 6.987923e-05 4.210055e-04 -4.200201e-05 6.959638e-05
10878.135666 -1.834928e-05 -5.981065e-07 -6.958597e-08 -1.516366e-06 7.218488e-05 4.348472e-04 -3.792417e-05 7.796272e-05
10881.672122 -1.825527e-05 -5.959792e-07 -6.935696e-08 -1.509814e-06 5.927637e-05 4.239083e-04 -3.776324e-05 7.122516e-05
10885.220769 -1.810303e-05 -5.930456e-07 -6.958506e-08 -1.496153e-06 5.868129e-05 4.137089e-04 -3.841124e-05 7.021828e-05
10888.781609 -1.802357e-05 -5.913898e-07 -6.956765e-08 -1.493166e-06 5.959047e-05 4.209737e-04 -3.136972e-05 6.953335e-05
10892.354640 -1.789190e-05 -5.890128e-07 -6.941359e-08 -1.483905e-06 5.470727e-05 4.088385e-04 -3.651729e-05 6.676975e-05
10895.939863 -1.775463e-05 -5.862164e-07 -6.932036e-08 -1.472950e-06 5.804557e-05 4.040282e-04 -3.986472e-05 6.568734e-05
10899.537278 -1.762257e-05 -5.834275e-07 -6.953990e-08 -1.463309e-06 5.924748e-05 4.138637e-04 -4.353073e-05 6.109704e-05
10903.146885 -1.748484e-05 -5.811162e-07 -6.932358e-08 -1.452879e-06 5.831911e-05 4.435217e-04 -4.699893e-05 5.277169e-05
10906.768684 -1.738199e-05 -5.793243e-07 -6.953832e-08 -1.445478e-06 6.451463e-05 4.365151e-04 -3.758351e-05 6.778737e-05
10910.402675 -1.720806e-05 -5.759659e-07 -6.968280e-08 -1.429545e-06 6.500576e-05 4.185046e-04 -4.094155e-05 6.069813e-05
10914.048857 -1.705730e-05 -5.731993e-07 -6.952679e-08 -1.416951e-06 6.339535e-05 4.204348e-04 -3.608774e-05 6.875155e-05
10917.707232 -1.694744e-05 -5.714125e-07 -6.939895e-08 -1.409068e-06 6.114840e-05 4.294829e-04 -3.500598e-05 7.516537e-05
10921.377799 -1.684439e-05 -5.694007e-07 -6.964162e-08 -1.402310e-06 6.329215e-05 4.156329e-04 -4.492380e-05 6.880108e-05
10925.060557 -1.661645e-05 -5.642544e-07 -6.940851e-08 -1.380570e-06 6.064228e-05 4.169677e-04 -4.292409e-05 6.718340e-05
10928.755507 -1.654042e-05 -5.630680e-07 -6.933773e-08 -1.377552e-06 7.076799e-05 4.169496e-04 -4.450291e-05 7.059043e-05
10932.462650 -1.648425e-05 -5.626155e-07 -6.915882e-08 -1.376884e-06 8.182260e-05 4.302622e-04 -4.655027e-05 6.829766e-05
10936.181984 -1.633533e-05 -5.585018e-07 -6.867382e-08 -1.365677e-06 8.858020e-05 4.274790e-04 -5.034846e-05 7.079801e-05
10939.913510 -1.615414e-05 -5.536206e-07 -6.817960e-08 -1.349112e-06 8.011079e-05 4.341912e-04 -5.197405e-05 7.323932e-05
10943.657228 -1.601115e-05 -5.501951e-07 -6.775683e-08 -1.337389e-06 7.873273e-05 4.153046e-04 -4.513085e-05 7.319124e-05
10947.413138 -1.592858e-05 -5.487747e-07 -6.762498e-08 -1.333381e-06 7.045953e-05 4.119712e-04 -3.966389e-05 7.598692e-05
10951.181239 -1.575493e-05 -5.444920e-07 -6.705171e-08 -1.320395e-06 6.952101e-05 4.063782e-04 -4.267656e-05 6.315524e-05
10954.961533 -1.564371e-05 -5.423000e-07 -6.669886e-08 -1.311861e-06 7.247487e-05 3.996091e-04 -3.712767e-05 6.316991e-05
10958.754019 -1.554054e-05 -5.400732e-07 -6.639625e-08 -1.304274e-06 6.921170e-05 3.965628e-04 -3.445047e-05 6.304242e-05
10962.558696 -1.534033e-05 -5.351101e-07 -6.573958e-08 -1.286056e-06 6.786204e-05 4.145465e-04 -4.039861e-05 6.370336e-05
10966.375565 -1.526963e-05 -5.339522e-07 -6.540714e-08 -1.282524e-06 6.782839e-05 4.253832e-04 -3.698663e-05 6.855704e-05
10970.204627 -1.519394e-05 -5.322957e-07 -6.518774e-08 -1.278319e-06 6.753192e-05 3.881776e-04 -3.440971e-05 6.533896e-05
10974.045880 -1.506596e-05 -5.293837e-07 -6.461965e-08 -1.268388e-06 7.020858e-05 3.837277e-04 -2.754382e-05 6.760466e-05
10977.899325 -1.492452e-05 -5.256921e-07 -6.420165e-08 -1.257620e-06 7.606630e-05 3.797329e-04 -3.305952e-05 6.764736e-05
10981.764962 -1.477357e-05 -5.222429e-07 -6.412304e-08 -1.244728e-06 7.703990e-05 3.809978e-04 -3.456884e-05 6.231807e-05
10985.642791 -1.465047e-05 -5.199162e-07 -6.390123e-08 -1.235771e-06 7.084609e-05 3.946795e-04 -4.522779e-05 6.082365e-05
10989.532812 -1.452777e-05 -5.169694e-07 -6.358652e-08 -1.226453e-06 7.977348e-05 3.992531e-04 -4.305629e-05 6.329032e-05
10993.435025 -1.438749e-05 -5.134901e-07 -6.359238e-08 -1.214095e-06 8.485601e-05 4.116348e-04 -3.048057e-05 7.027877e-05
10997.349429 -1.427407e-05 -5.109365e-07 -6.364214e-08 -1.205746e-06 9.078107e-05 4.133543e-04 -2.557557e-05 5.913346e-05
11001.276026 -1.415894e-05 -5.080650e-07 -6.346254e-08 -1.197793e-06 8.684702e-05 4.078820e-04 -3.330365e-05 5.234591e-05
11005.214814 -1.402176e-05 -5.045086e-07 -6.317294e-08 -1.187098e-06 8.381868e-05 4.030676e-04 -3.088950e-05 6.038834e-05
11009.165795 -1.389921e-05 -5.011442e-07 -6.293696e-08 -1.178343e-06 8.928039e-05 4.063329e-04 -2.379227e-05 6.918450e-05
11013.128967 -1.379455e-05 -4.986825e-07 -6.299075e-08 -1.171054e-06 8.356321e-05 4.144544e-04 -2.831115e-05 7.038811e-05
11017.104331 -1.366923e-05 -4.953278e-07 -6.285459e-08 -1.161623e-06 6.966908e-05 4.223483e-04 -3.178946e-05 7.664457e-05
11021.091888 -1.350290e-05 -4.914351e-07 -6.256511e-08 -1.147027e-06 8.133419e-05 4.397591e-04 -2.452780e-05 7.864502e-05
11025.091636 -1.338176e-05 -4.883084e-07 -6.237274e-08 -1.137617e-06 7.900403e-05 4.387702e-04 -2.324142e-05 7.288669e-05
11029.103575 -1.329730e-05 -4.857418e-07 -6.232536e-08 -1.132838e-06 7.186828e-05 4.232201e-04 -1.788525e-05 7.134883e-05
11033.127707 -1.317190e-05 -4.821329e-07 -6.196767e-08 -1.123423e-06 7.570221e-05 4.120419e-04 -2.138593e-05 7.164378e-05
11037.164031 -1.303527e-05 -4.784333e-07 -6.166832e-08 -1.113094e-06 7.777980e-05 4.334848e-04 -2.388008e-05 6.603021e-05
11041.212547 -1.291942e-05 -4.755601e-07 -6.171413e-08 -1.104669e-06 7.591703e-05 4.657372e-04 -1.774679e-05 6.240902e-05
11045.273254 -1.281038e-05 -4.731746e-07 -6.177707e-08 -1.095977e-06 7.230544e-05 4.637859e-04 -3.312268e-05 6.225105e-05
11049.346154 -1.271955e-05 -4.714410e-07 -6.175737e-08 -1.090102e-06 6.758733e-05 4.366630e-04 -2.663154e-05 6.601338e-05
11053.431245 -1.259780e-05 -4.682452e-07 -6.166751e-08 -1.080345e-06 7.496149e-05 4.341813e-04 -3.351314e-05 7.004548e-05
11057.528529 -1.247228e-05 -4.650262e-07 -6.142484e-08 -1.070366e-06 7.732289e-05 4.389675e-04 -3.987340e-05 6.876793e-05
11061.638004 -1.234371e-05 -4.621032e-07 -6.093457e-08 -1.059901e-06 7.353205e-05 4.478164e-04 -3.720226e-05 6.645520e-05
11065.759671 -1.222489e-05 -4.586643e-07 -6.028953e-08 -1.051283e-06 6.895487e-05 4.402580e-04 -3.889854e-05 6.812044e-05
11069.893530 -1.210851e-05 -4.559240e-07 -6.009786e-08 -1.041990e-06 7.668143e-05 4.301801e-04 -3.416767e-05 7.524437e-05
11074.039581 -1.201998e-05 -4.533174e-07 -5.983910e-08 -1.036279e-06 7.703422e-05 3.947070e-04 -3.330993e-05 6.825568e-05
11078.197824 -1.191698e-05 -4.506613e-07 -5.928406e-08 -1.029007e-06 7.291416e-05 4.104077e-04 -2.650646e-05 7.249367e-05
11082.368258 -1.180766e-05 -4.476931e-07 -5.894373e-08 -1.020268e-06 7.778573e-05 4.120720e-04 -2.723295e-05 7.646800e-05
11086.550885 -1.168893e-05 -4.448452e-07 -5.860359e-08 -1.010227e-06 7.608002e-05 4.159085e-04 -3.476586e-05 7.640145e-05
11090.745704 -1.153109e-05 -4.408621e-07 -5.825002e-08 -9.960591e-07 6.663233e-05 4.402916e-04 -4.296950e-05 8.568942e-05
11094.952714 -1.138406e-05 -4.371897e-07 -5.761142e-08 -9.831987e-07 7.537240e-05 4.546748e-04 -3.822481e-05 8.590169e-05
11099.171916 -1.132588e-05 -4.352661e-07 -5.731709e-08 -9.808576e-07 7.841217e-05 4.795257e-04 -3.535422e-05 7.845151e-05
11103.403311 -1.122169e-05 -4.320743e-07 -5.710962e-08 -9.732862e-07 7.041429e-05 4.802676e-04 -3.553937e-05 8.590098e-05
11107.646897 -1.105774e-05 -4.278783e-07 -5.665285e-08 -9.585282e-07 6.713731e-05 4.968838e-04 -2.901349e-05 8.627022e-05
11111.902675 -1.093567e-05 -4.243033e-07 -5.621850e-08 -9.485855e-07 6.797930e-05 4.987140e-04 -4.087303e-05 7.687767e-05
11116.170645 -1.091242e-05 -4.238096e-07 -5.643758e-08 -9.496722e-07 6.579521e-05 4.766115e-04 -3.999152e-05 7.562691e-05
11120.450807 -1.083362e-05 -4.218818e-07 -5.630676e-08 -9.448890e-07 6.708638e-05 4.809305e-04 -3.428077e-05 7.313014e-05
11124.743161 -1.071640e-05 -4.183620e-07 -5.591743e-08 -9.360878e-07 6.562832e-05 4.858316e-04 -3.076778e-05 7.899664e-05
11129.047707 -1.057771e-05 -4.147611e-07 -5.590456e-08 -9.239801e-07 6.552020e-05 5.020062e-04 -3.433091e-05 8.657203e-05
11133.364444 -1.049038e-05 -4.124529e-07 -5.566304e-08 -9.180891e-07 6.289328e-05 4.869120e-04 -3.670462e-05 7.836175e-05
11137.693374 -1.039065e-05 -4.095144e-07 -5.522494e-08 -9.103483e-07 6.582058e-05 4.755887e-04 -3.291656e-05 8.081948e-05
11142.034495 -1.028150e-05 -4.065450e-07 -5.506536e-08 -9.017342e-07 5.981199e-05 5.043208e-04 -2.703763e-05 7.452503e-05
11146.387809 -1.018228e-05 -4.034311e-07 -5.465998e-08 -8.946964e-07 6.070225e-05 5.158081e-04 -3.808356e-05 6.725168e-05
11150.753314 -1.006069e-05 -4.001983e-07 -5.444021e-08 -8.851044e-07 6.597321e-05 5.129234e-04 -3.721589e-05 6.934413e-05
11155.131011 -9.902151e-06 -3.952032e-07 -5.382525e-08 -8.711565e-07 5.655968e-05 5.147176e-04 -3.948479e-05 7.713219e-05
11159.520900 -9.716607e-06 -3.880943e-07 -5.311413e-08 -8.569769e-07 5.133468e-05 5.005988e-04 -4.302362e-05 7.816250e-05
11163.922981 -9.674989e-06 -3.889579e-07 -5.330800e-08 -8.532005e-07 4.947326e-05 5.273511e-04 -3.465508e-05 6.828053e-05
11168.337254 -9.608592e-06 -3.863782e-07 -5.318098e-08 -8.511551e-07 5.748897e-05 5.317773e-04 -2.307531e-05 6.712922e-05
11172.763719 -9.580373e-06 -3.871250e-07 -5.339317e-08 -8.483779e-07 6.672981e-05 5.089768e-04 -2.332656e-05 7.366201e-05
11177.202376 -9.449474e-06 -3.836388e-07 -5.330852e-08 -8.367416e-07 7.183499e-05 4.815635e-04 -3.544435e-05 7.393589e-05
11181.653224 -9.389180e-06 -3.823368e-07 -5.334936e-08 -8.338921e-07 6.578926e-05 4.759088e-04 -2.886421e-05 7.149215e-05
11186.116265 -9.307749e-06 -3.800509e-07 -5.329832e-08 -8.281947e-07 5.661919e-05 4.827918e-04 -1.642590e-05 7.357846e-05
11190.591497 -9.166597e-06 -3.761424e-07 -5.319400e-08 -8.152690e-07 5.470462e-05 4.743388e-04 -1.628768e-05 7.398599e-05
11195.078922 -9.078119e-06 -3.737734e-07 -5.278961e-08 -8.085395e-07 5.858001e-05 4.867639e-04 -1.654787e-05 7.789314e-05
11199.578538 -9.021594e-06 -3.722849e-07 -5.259090e-08 -8.049415e-07 6.299785e-05 4.935004e-04 -2.368993e-05 7.461065e-05
11204.090346 -8.918667e-06 -3.693960e-07 -5.226728e-08 -7.971417e-07 6.227544e-05 4.985718e-04 -3.092161e-05 7.849070e-05
11208.614346 -8.829464e-06 -3.667404e-07 -5.216276e-08 -7.900349e-07 6.111298e-05 4.819675e-04 -3.282758e-05 7.298557e-05
11213.150538 -8.731010e-06 -3.637013e-07 -5.178115e-08 -7.815668e-07 6.228490e-05 4.699042e-04 -2.822150e-05 6.954269e-05
11217.698922 -8.649839e-06 -3.614614e-07 -5.137114e-08 -7.759615e-07 6.796681e-05 4.925987e-04 -2.510101e-05 7.765079e-05
11222.259498 -8.547961e-06 -3.584175e-07 -5.086104e-08 -7.678098e-07 7.210836e-05 4.974863e-04 -2.674332e-05 8.348996e-05
11226.832266 -8.418614e-06 -3.542961e-07 -5.027994e-08 -7.564087e-07 6.449274e-05 4.847114e-04 -2.334773e-05 8.753178e-05
11231.417226 -8.280523e-06 -3.499060e-07 -4.977127e-08 -7.442776e-07 6.175760e-05 4.924097e-04 -2.598985e-05 9.071799e-05
11236.014377 -8.255292e-06 -3.492834e-07 -4.966775e-08 -7.447264e-07 5.857751e-05 5.085465e-04 -3.055393e-05 8.083005e-05
11240.623721 -8.159185e-06 -3.464941e-07 -4.913908e-08 -7.365129e-07 5.480589e-05 5.072813e-04 -2.088004e-05 8.258207e-05
11245.245256 -8.092536e-06 -3.449487e-07 -4.884221e-08 -7.322120e-07 5.391082e-05 4.970854e-04 -1.786174e-05 7.895922e-05
11249.878983 -8.009257e-06 -3.427104e-07 -4.877552e-08 -7.259382e-07 5.902021e-05 5.231512e-04 -1.691397e-05 8.205737e-05
11254.524902 -7.891689e-06 -3.388376e-07 -4.835925e-08 -7.149182e-07 5.970514e-05 5.488118e-04 -1.821746e-05 8.106723e-05
11259.183013 -7.822484e-06 -3.367015e-07 -4.804305e-08 -7.107042e-07 6.466812e-05 5.554708e-04 -1.157142e-05 8.387019e-05
11263.853316 -7.741825e-06 -3.342913e-07 -4.806556e-08 -7.048593e-07 5.863478e-05 5.291767e-04 -1.200985e-05 7.465910e-05
11268.535811 -7.663688e-06 -3.320931e-07 -4.782745e-08 -6.994023e-07 5.723309e-05 5.349091e-04 -1.769399e-05 7.413016e-05
11273.230498 -7.589578e-06 -3.300345e-07 -4.758808e-08 -6.941570e-07 6.122873e-05 4.976421e-04 -1.661401e-05 7.469752e-05
11277.937377 -7.512016e-06 -3.281604e-07 -4.772523e-08 -6.880909e-07 5.628512e-05 5.012869e-04 -2.069414e-05 7.043995e-05
11282.656448 -7.420350e-06 -3.255334e-07 -4.750011e-08 -6.802051e-07 6.480785e-05 5.106107e-04 -2.261142e-05 7.048752e-05
11287.387710 -7.321664e-06 -3.222937e-07 -4.712161e-08 -6.718515e-07 6.231712e-05 5.170516e-04 -1.538062e-05 7.326473e-05
11292.131165 -7.246139e-06 -3.198201e-07 -4.682901e-08 -6.664329e-07 7.296539e-05 5.007043e-04 -1.646803e-05 7.558029e-05
11296.886811 -7.158024e-06 -3.171562e-07 -4.655896e-08 -6.591158e-07 5.989360e-05 4.630249e-04 -1.121261e-05 7.153836e-05
11301.654649 -7.080080e-06 -3.148684e-07 -4.644330e-08 -6.540219e-07 4.722274e-05 4.449079e-04 -1.270603e-05 6.945007e-05
11306.434679 -6.991682e-06 -3.116058e-07 -4.606987e-08 -6.468987e-07 4.658300e-05 4.203955e-04 -1.812322e-05 7.051217e-05
11311.226901 -6.893839e-06 -3.084050e-07 -4.544969e-08 -6.385209e-07 5.048617e-05 4.140592e-04 -2.649177e-05 6.373183e-05
11316.031315 -6.828846e-06 -3.060263e-07 -4.526333e-08 -6.342945e-07 5.086972e-05 4.022275e-04 -2.016102e-05 7.285279e-05
11320.847921 -6.778062e-06 -3.050630e-07 -4.536709e-08 -6.296760e-07 6.309211e-05 4.015627e-04 -1.951233e-05 7.325561e-05
11325.676719 -6.661636e-06 -3.004833e-07 -4.477124e-08 -6.188146e-07 5.823791e-05 4.108294e-04 -1.631388e-05 7.294653e-05
11330.517709 -6.610991e-06 -2.995661e-07 -4.471852e-08 -6.163920e-07 5.608624e-05 4.164388e-04 -1.600929e-05 6.924652e-05
11335.370891 -6.499244e-06 -2.954963e-07 -4.424614e-08 -6.078289e-07 6.092757e-05 4.594552e-04 -1.922146e-05 7.619994e-05
11340.236264 -6.486308e-06 -2.956394e-07 -4.426725e-08 -6.066892e-07 6.716250e-05 4.836122e-04 -1.713751e-05 7.120727e-05
