# Facility.name: NSLS-II
# Facility.mode: Beam available
# Facility.current: 400.0196434452114
# Facility.current: 3 GeV
# Facility.year: 2023
# Facility.cycle: 2
# Facility.GUP: 312970
# Facility.SAF: 311402
# Experimenter.name: Esteban Fornero
# Beamline.name: ISS (8-ID)
# Beamline.x-ray_source: damping wiggler
# Beamline.collimation_mirror1.material: Si
# Beamline.collimation_mirror2.material: Pt
# Beamline.collimation_mirror2.bender_loading: -348.0
# Beamline.focusing: toroidal mirror
# Beamline.focusing.material: Pt
# Beamline.focusing.bender_loading: -419.0
# Beamline.harmonic_rejection: Si
# Mono.scan_mode: Si(111)
# Mono.d_spacing: 3.1354951
# Mono.scan_mode: pseudo-channel cut
# Mono.scan_type: fly_scan
# Mono.trajectory_name: f950a534-6fd5.txt
# Mono.direction: None
# Mono.angle_offset: 0.69366577
# Mono.angle_offset: 39.744 deg
# Mono.encoder_resolution: 48.0 nrad
# Detector.I0: ion chamber
# Detector.I1: ion chamber
# Detector.I2: ion chamber
# Detector.IF: PIPS
# Detector.I0.length: 15 cm
# Detector.I1.length: 28 cm
# Detector.I2.length: 15 cm
# Detector.IF.thickness: 300 um
# Detector.I0.gas.N2: 38.0%
# Detector.I1.gas.N2: 38.0%
# Detector.I2.gas.N2: 38.0%
# Detector.I0.gas.He: 62.0%
# Detector.I1.gas.He: 62.0%
# Detector.I2.gas.He: 62.0%
# Detector.I0.voltage: -1649.997803
# Detector.I1.voltage: -1650.000732
# Detector.I2.voltage: -1650.001831
# Detector.I0.gain: 4
# Detector.I1.gain: 6
# Detector.I2.gain: 6
# Detector.IF.gain: 6
# Detector.aux: {}
# Element.symbol: Cu
# Element.edge: K
# Element.line: None
# Scan.transient_id: 371023
# Scan.uid: 3de9d7a6-97e6-4ceb-b065-04e48c19c211
# Scan.edge_energy: 8979.0
# Scan.start_time: 06/23/2023  05:05:31.545368
# Scan.end_time: 06/23/2023  05:06:05.683201
# Scan.name: CuGaO2-4th PP+O2-ramp (pos 001) Cu-K 0001
# Scan.comment: 
# Sample.name: CuGaO2-4th
# Sample.comment: 
# Sample.position.x: -66.4779948865
# Sample.position.y: 30.5239896225
# Sample.position.z: -10.184937499999995
# Sample.position.theta: 845.5790000000001
# SampleHeater.temperature1.setpoint: 300.0
# SampleHeater.temperature1.readback: 1372.0
# SampleHeater.current.setpoint: 0.0
# SampleHeater.current.readback: 0.0
# SampleHeater.temperature2.setpoint: 200.0
# SampleHeater.temperature2.readback: 203.5
# SampleHeater.voltage.setpoint: 0.42048723017164363
# SampleHeater.voltage.readback: 0.428
# SampleHeater.PID.P: 0.025
# SampleHeater.PID.I: 0.07
# SampleHeater.PID.D: 0.0
# SampleGasCart.MFC.CH4.setpoint: 3.0
# SampleGasCart.MFC.CH4.readback: 2.998
# SampleGasCart.MFC.CO.setpoint: 0.0
# SampleGasCart.MFC.CO.readback: 0.0
# SampleGasCart.MFC.H2.setpoint: 0.0
# SampleGasCart.MFC.H2.readback: 0.0
# SampleGasCart.MFC.exhaust.setpoint: 100.0
# SampleGasCart.MFC.exhaust.readback: 10.89
# SampleGasHandlingSystem.gas_a.name: None
# SampleGasHandlingSystem.gas_b.name: None
# SampleGasHandlingSystem.gas_c.name: None
# SampleGasHandlingSystem.gas_d.name: None
# SampleGasHandlingSystem.gas_e.name: He
# SampleGasHandlingSystem.MFC1.setpoint: 7.0
# SampleGasHandlingSystem.MFC1.readback: 6.998697757720947
# SampleGasHandlingSystem.MFC2.setpoint: 0.0
# SampleGasHandlingSystem.MFC2.readback: -0.048828125
# SampleGasHandlingSystem.MFC3.setpoint: 0.0
# SampleGasHandlingSystem.MFC3.readback: 0.02034505270421505
# SampleGasHandlingSystem.MFC4.setpoint: 0.0
# SampleGasHandlingSystem.MFC4.readback: -0.0447591133415699
# SampleGasHandlingSystem.MFC5.setpoint: 0.0
# SampleGasHandlingSystem.MFC5.readback: -0.008138020522892475
# SampleGasHandlingSystem.MFC6.setpoint: 1.5
# SampleGasHandlingSystem.MFC6.readback: 1.50146484375
# SampleGasHandlingSystem.MFC7.setpoint: 0.0
# SampleGasHandlingSystem.MFC7.readback: -0.0325520820915699
# SampleGasHandlingSystem.MFC8.setpoint: 0.0
# SampleGasHandlingSystem.MFC8.readback: -0.0732421875
# SampleGasHandlingSystem.MFC9.setpoint: 0.0
# SampleGasHandlingSystem.MFC9.readback: -0.048828125
# SampleGasHandlingSystem.MFC10.setpoint: 0.0
# SampleGasHandlingSystem.MFC10.readback: 0.01220703125
# SampleGasHandlingSystem.MFC11.setpoint: 0.0
# SampleGasHandlingSystem.MFC11.readback: -0.0935872420668602
# SampleGasHandlingSystem.MFC12.setpoint: 0.0
# SampleGasHandlingSystem.MFC12.readback: -0.048828125
# SampleGasHandlingSystem.MFC13.setpoint: 0.0
# SampleGasHandlingSystem.MFC13.readback: -0.0528971366584301
# SampleGasHandlingSystem.MFC14.setpoint: 0.0
# SampleGasHandlingSystem.MFC14.readback: -0.0651041641831398
# SampleGasHandlingSystem.MFC15.setpoint: 0.0
# SampleGasHandlingSystem.MFC15.readback: -0.1057942733168602
# SampleGasHandlingSystem.MFC16.setpoint: 0.0
# SampleGasHandlingSystem.MFC16.readback: -0.03662109375
# SampleGasHandlingSystem.RGA.ch1.mass: 2
# SampleGasHandlingSystem.RGA.ch1.readback: 1.07594e-06
# SampleGasHandlingSystem.RGA.ch2.mass: 4
# SampleGasHandlingSystem.RGA.ch2.readback: 0.0
# SampleGasHandlingSystem.RGA.ch3.mass: 5
# SampleGasHandlingSystem.RGA.ch3.readback: 7.81276e-12
# SampleGasHandlingSystem.RGA.ch4.mass: 5
# SampleGasHandlingSystem.RGA.ch4.readback: 4.78717e-10
# SampleGasHandlingSystem.RGA.ch5.mass: 18
# SampleGasHandlingSystem.RGA.ch5.readback: 2.18695e-09
# SampleGasHandlingSystem.RGA.ch6.mass: 28
# SampleGasHandlingSystem.RGA.ch6.readback: 1.4534e-08
# SampleGasHandlingSystem.RGA.ch7.mass: 32
# SampleGasHandlingSystem.RGA.ch7.readback: 3.07315e-09
# SampleGasHandlingSystem.RGA.ch8.mass: 41
# SampleGasHandlingSystem.RGA.ch8.readback: 1.11477e-11
# SampleGasHandlingSystem.RGA.ch9.mass: 44
# SampleGasHandlingSystem.RGA.ch9.readback: 2.07863e-10
# energy  i0  it  ir  iff  aux1  aux2  aux3  aux4
 8779.000000 -3.470363e-05 -3.382560e-07 -2.241357e-07 -3.146817e-07 4.511326e-05 -1.364221e-04 -4.537433e-05 6.427379e-06
 8784.000000 -3.476144e-05 -3.362679e-07 -2.228772e-07 -3.158631e-07 3.610299e-05 -1.382970e-04 -4.468797e-05 7.929187e-06
 8789.000000 -3.459659e-05 -3.378082e-07 -2.241625e-07 -3.150550e-07 3.568768e-05 -1.167334e-04 -4.058827e-05 1.393600e-06
 8794.000000 -3.453020e-05 -3.351072e-07 -2.224056e-07 -3.151182e-07 3.030500e-05 -1.019458e-04 -3.363405e-05 5.245402e-06
 8799.000000 -3.410668e-05 -3.323513e-07 -2.206701e-07 -3.121913e-07 3.330542e-05 -9.675580e-05 -3.899405e-05 1.288050e-05
 8804.000000 -3.439983e-05 -3.349248e-07 -2.225020e-07 -3.154393e-07 4.031576e-05 -1.130691e-04 -3.936840e-05 1.381085e-05
 8809.000000 -3.434382e-05 -3.341335e-07 -2.223576e-07 -3.155809e-07 4.229312e-05 -1.483120e-04 -3.222840e-05 1.846312e-05
 8814.000000 -3.422116e-05 -3.313027e-07 -2.207959e-07 -3.145709e-07 4.132812e-05 -1.263461e-04 -3.692388e-05 1.588458e-05
 8819.000000 -3.421201e-05 -3.339386e-07 -2.225596e-07 -3.149307e-07 4.419198e-05 -1.219486e-04 -4.217507e-05 1.423417e-05
 8824.000000 -3.410837e-05 -3.364592e-07 -2.243541e-07 -3.148025e-07 5.228300e-05 -1.201886e-04 -4.678628e-05 9.984348e-06
 8829.000000 -3.400437e-05 -3.375717e-07 -2.251178e-07 -3.152028e-07 5.146453e-05 -1.124720e-04 -5.333046e-05 -3.520440e-07
 8834.000000 -3.397771e-05 -3.367108e-07 -2.247492e-07 -3.161518e-07 5.371487e-05 -1.210042e-04 -5.217722e-05 -1.779800e-06
 8839.000000 -3.384950e-05 -3.394615e-07 -2.267693e-07 -3.158885e-07 5.001450e-05 -1.066763e-04 -4.953453e-05 -4.251458e-06
 8844.000000 -3.377704e-05 -3.391120e-07 -2.266912e-07 -3.165271e-07 4.647838e-05 -1.286201e-04 -4.267550e-05 8.683007e-06
 8849.000000 -3.364504e-05 -3.403783e-07 -2.276390e-07 -3.165272e-07 4.406624e-05 -1.360376e-04 -4.232302e-05 1.288169e-05
 8854.000000 -3.358082e-05 -3.401409e-07 -2.274787e-07 -3.171858e-07 3.462662e-05 -1.392642e-04 -4.646729e-05 8.315840e-06
 8859.000000 -3.344175e-05 -3.412627e-07 -2.283731e-07 -3.168953e-07 4.011204e-05 -1.349797e-04 -3.502213e-05 1.519873e-05
 8864.000000 -3.331979e-05 -3.438272e-07 -2.304892e-07 -3.165870e-07 4.035057e-05 -1.311386e-04 -3.182366e-05 1.399578e-06
 8869.000000 -3.323342e-05 -3.441298e-07 -2.310063e-07 -3.168157e-07 4.945249e-05 -1.281614e-04 -3.526778e-05 -2.942728e-06
 8874.000000 -3.317052e-05 -3.437435e-07 -2.308421e-07 -3.170551e-07 4.899847e-05 -1.273948e-04 -4.408941e-05 -2.198135e-06
 8879.000000 -3.307096e-05 -3.442162e-07 -2.313302e-07 -3.168857e-07 4.803011e-05 -1.189814e-04 -4.502999e-05 -8.804113e-06
 8884.000000 -3.279873e-05 -3.446632e-07 -2.316904e-07 -3.153553e-07 4.487920e-05 -9.778878e-05 -4.870216e-05 -1.565023e-05
 8889.000000 -3.257447e-05 -3.445951e-07 -2.318549e-07 -3.145410e-07 4.369497e-05 -9.742070e-05 -4.597238e-05 -1.888179e-05
 8894.000000 -3.268840e-05 -3.487954e-07 -2.347755e-07 -3.159381e-07 4.837344e-05 -1.051312e-04 -3.289223e-05 -1.757328e-05
 8899.000000 -3.260907e-05 -3.498843e-07 -2.357913e-07 -3.157287e-07 3.872681e-05 -1.001029e-04 -4.122924e-05 -2.789778e-05
 8904.000000 -3.242604e-05 -3.535853e-07 -2.382170e-07 -3.145635e-07 4.093184e-05 -9.821049e-05 -2.673707e-05 -2.309821e-05
 8909.000000 -3.220834e-05 -3.574316e-07 -2.408148e-07 -3.131289e-07 3.789097e-05 -9.089722e-05 -2.705214e-05 -2.604729e-05
 8914.000000 -3.203833e-05 -3.545164e-07 -2.388837e-07 -3.122815e-07 3.757738e-05 -1.016953e-04 -2.806972e-05 -1.449904e-05
 8919.000000 -3.200160e-05 -3.549408e-07 -2.393695e-07 -3.126194e-07 3.426636e-05 -1.077929e-04 -3.773442e-05 -2.483888e-05
 8924.000000 -3.182492e-05 -3.566475e-07 -2.407973e-07 -3.120856e-07 3.617339e-05 -1.373200e-04 -3.874445e-05 -2.296370e-05
 8929.000000 -3.187819e-05 -3.590830e-07 -2.423806e-07 -3.139426e-07 3.784734e-05 -1.242883e-04 -3.425367e-05 -1.681578e-05
 8934.000000 -3.171588e-05 -3.624171e-07 -2.447051e-07 -3.138496e-07 3.047357e-05 -1.224026e-04 -3.700580e-05 -1.268155e-05
 8939.000000 -3.157629e-05 -3.628932e-07 -2.448225e-07 -3.138828e-07 2.885511e-05 -1.144576e-04 -3.481736e-05 -1.253275e-05
 8944.000000 -3.148754e-05 -3.601818e-07 -2.430942e-07 -3.139037e-07 3.730657e-05 -8.011972e-05 -3.844143e-05 -1.229680e-05
 8949.000000 -3.135637e-05 -3.595999e-07 -2.424914e-07 -3.134435e-07 4.679246e-05 -4.168853e-05 -3.525552e-05 -1.004977e-05
 8953.000000 -3.127532e-05 -3.595753e-07 -2.422121e-07 -3.137007e-07 4.899383e-05 -4.327973e-05 -3.965587e-05 -1.161848e-05
 8956.000000 -3.118408e-05 -3.597880e-07 -2.421090e-07 -3.137234e-07 4.305739e-05 -5.172063e-05 -3.446452e-05 -8.000809e-06
 8958.000000 -3.119768e-05 -3.578515e-07 -2.404709e-07 -3.145247e-07 4.448812e-05 -5.858094e-05 -3.750033e-05 -2.992027e-06
 8959.000000 -3.118551e-05 -3.576399e-07 -2.401761e-07 -3.148541e-07 4.211077e-05 -4.952693e-05 -3.733632e-05 2.651863e-06
 8959.200000 -3.116783e-05 -3.596808e-07 -2.414976e-07 -3.147902e-07 4.506124e-05 -3.710988e-05 -5.240896e-05 6.084715e-06
 8959.400000 -3.117180e-05 -3.584927e-07 -2.407402e-07 -3.147161e-07 4.307933e-05 -4.272179e-05 -4.778396e-05 1.162613e-06
 8959.600000 -3.116214e-05 -3.572264e-07 -2.399739e-07 -3.146417e-07 4.200630e-05 -3.946974e-05 -5.578105e-05 -9.981194e-06
 8959.800000 -3.116503e-05 -3.590852e-07 -2.411042e-07 -3.148880e-07 4.217564e-05 -4.789307e-05 -4.923386e-05 -2.127010e-06
 8960.000000 -3.117123e-05 -3.569209e-07 -2.396542e-07 -3.149163e-07 3.934733e-05 -3.394458e-05 -4.594024e-05 5.488677e-06
 8960.200000 -3.116052e-05 -3.579932e-07 -2.404691e-07 -3.148862e-07 3.679944e-05 -2.664157e-05 -7.688763e-05 -1.204997e-05
 8960.400000 -3.115038e-05 -3.575630e-07 -2.401779e-07 -3.150481e-07 3.599306e-05 -7.173096e-06 -5.168229e-05 -6.563896e-06
 8960.600000 -3.110900e-05 -3.582230e-07 -2.403783e-07 -3.146787e-07 3.819589e-05 5.671821e-06 -5.474087e-05 -1.466957e-05
 8960.800000 -3.106520e-05 -3.615667e-07 -2.425231e-07 -3.141276e-07 4.074874e-05 -1.476637e-05 -5.171806e-05 -2.218926e-05
 8961.000000 -3.106534e-05 -3.590750e-07 -2.408722e-07 -3.140802e-07 3.616844e-05 2.959066e-06 -4.505613e-05 -2.172702e-05
 8961.200000 -3.111810e-05 -3.593804e-07 -2.411967e-07 -3.143721e-07 3.634450e-05 9.298128e-06 -5.034220e-05 -2.665162e-05
 8961.400000 -3.108643e-05 -3.573007e-07 -2.396637e-07 -3.145459e-07 3.281400e-05 -8.476615e-06 -4.484776e-05 -1.579989e-05
 8961.600000 -3.110249e-05 -3.577897e-07 -2.399493e-07 -3.147878e-07 3.797964e-05 -2.636989e-05 -5.308849e-05 -1.067203e-05
 8961.800000 -3.112806e-05 -3.553034e-07 -2.383434e-07 -3.153581e-07 4.020115e-05 -4.213125e-05 -4.658038e-05 -4.237141e-06
 8962.000000 -3.105430e-05 -3.609188e-07 -2.419887e-07 -3.147127e-07 4.856336e-05 -5.536086e-05 -4.236799e-05 1.840638e-07
 8962.200000 -3.103632e-05 -3.610393e-07 -2.419841e-07 -3.145740e-07 4.048991e-05 -6.728241e-05 -6.451882e-05 -4.596694e-06
 8962.400000 -3.108458e-05 -3.575489e-07 -2.396958e-07 -3.151473e-07 4.467295e-05 -5.659552e-05 -5.341758e-05 7.903968e-06
 8962.600000 -3.112109e-05 -3.586178e-07 -2.404842e-07 -3.154766e-07 4.435268e-05 -4.438070e-05 -4.798019e-05 3.387708e-06
 8962.800000 -3.111005e-05 -3.560256e-07 -2.386404e-07 -3.156360e-07 3.688340e-05 -3.477501e-05 -3.710373e-05 -6.757086e-07
 8963.000000 -3.109632e-05 -3.605298e-07 -2.415764e-07 -3.153179e-07 3.528358e-05 -4.216984e-05 -3.420907e-05 4.380824e-06
 8963.200000 -3.105564e-05 -3.606353e-07 -2.416033e-07 -3.153554e-07 3.587192e-05 -4.171875e-05 -4.597979e-05 9.830237e-06
 8963.400000 -3.102612e-05 -3.595303e-07 -2.407720e-07 -3.148842e-07 3.526422e-05 -2.801995e-05 -3.989477e-05 1.645179e-05
 8963.600000 -3.104089e-05 -3.608642e-07 -2.417028e-07 -3.151442e-07 3.207346e-05 -4.719539e-05 -4.208924e-05 1.164971e-05
 8963.800000 -3.102076e-05 -3.596805e-07 -2.408339e-07 -3.150090e-07 4.003645e-05 -6.006843e-05 -4.853604e-05 3.717561e-06
 8964.000000 -3.095446e-05 -3.628958e-07 -2.429907e-07 -3.145371e-07 4.752921e-05 -6.406570e-05 -3.606128e-05 6.976340e-06
 8964.200000 -3.092180e-05 -3.629792e-07 -2.430938e-07 -3.143839e-07 4.214751e-05 -7.582163e-05 -4.323042e-05 5.918327e-06
 8964.400000 -3.087575e-05 -3.643215e-07 -2.439126e-07 -3.139181e-07 4.366551e-05 -1.004607e-04 -4.660598e-05 1.909596e-06
 8964.600000 -3.092370e-05 -3.629983e-07 -2.427788e-07 -3.145710e-07 3.796652e-05 -9.146974e-05 -5.611166e-05 4.100001e-06
 8964.800000 -3.095907e-05 -3.606998e-07 -2.409715e-07 -3.149419e-07 3.704552e-05 -4.940483e-05 -5.304519e-05 7.517020e-06
 8965.000000 -3.096696e-05 -3.604385e-07 -2.408824e-07 -3.150999e-07 3.660487e-05 -4.296012e-05 -4.208098e-05 1.172980e-05
 8965.200000 -3.097289e-05 -3.595243e-07 -2.399763e-07 -3.151857e-07 3.783123e-05 -5.630914e-05 -3.281834e-05 2.085654e-06
 8965.400000 -3.097633e-05 -3.598623e-07 -2.400750e-07 -3.154752e-07 2.413421e-05 -8.866516e-05 -4.273885e-05 3.790728e-06
 8965.600000 -3.102420e-05 -3.582052e-07 -2.389442e-07 -3.160397e-07 2.702268e-05 -1.003101e-04 -3.802599e-05 1.244646e-05
 8965.800000 -3.101351e-05 -3.572705e-07 -2.380301e-07 -3.158930e-07 3.462010e-05 -1.104555e-04 -2.855317e-05 1.688032e-05
 8966.000000 -3.100035e-05 -3.559495e-07 -2.370224e-07 -3.159882e-07 3.476133e-05 -9.029149e-05 -2.743845e-05 9.691970e-06
 8966.200000 -3.098539e-05 -3.570628e-07 -2.377843e-07 -3.157494e-07 3.707001e-05 -6.025911e-05 -3.767249e-05 2.464912e-06
 8966.400000 -3.096942e-05 -3.563536e-07 -2.376316e-07 -3.157926e-07 4.542401e-05 -6.944498e-05 -3.366445e-05 5.240890e-06
 8966.600000 -3.093913e-05 -3.572898e-07 -2.381845e-07 -3.153765e-07 4.430791e-05 -6.135891e-05 -2.733230e-05 -2.398108e-06
 8966.800000 -3.088497e-05 -3.587436e-07 -2.392728e-07 -3.150577e-07 4.198398e-05 -6.647737e-05 -4.183832e-05 -8.254450e-06
 8967.000000 -3.091397e-05 -3.596310e-07 -2.398309e-07 -3.151537e-07 4.810680e-05 -7.372151e-05 -4.541154e-05 1.690841e-06
 8967.200000 -3.086117e-05 -3.598526e-07 -2.397391e-07 -3.148886e-07 4.297801e-05 -7.480694e-05 -4.721815e-05 -1.151046e-06
 8967.400000 -3.073131e-05 -3.644248e-07 -2.426304e-07 -3.137039e-07 4.736378e-05 -5.271785e-05 -4.379122e-05 5.402120e-06
 8967.600000 -3.066228e-05 -3.628881e-07 -2.416245e-07 -3.133003e-07 4.228869e-05 -3.528995e-05 -5.283237e-05 8.758795e-06
 8967.800000 -3.068685e-05 -3.620679e-07 -2.409587e-07 -3.135044e-07 3.758055e-05 -3.881229e-05 -5.530780e-05 1.433597e-05
 8968.000000 -3.080266e-05 -3.625455e-07 -2.412138e-07 -3.146634e-07 5.356597e-05 -4.324735e-05 -4.943297e-05 1.637299e-05
 8968.200000 -3.083196e-05 -3.608988e-07 -2.399376e-07 -3.149682e-07 6.027096e-05 -5.403415e-05 -5.105139e-05 1.529993e-05
 8968.400000 -3.087924e-05 -3.610223e-07 -2.399079e-07 -3.154577e-07 5.896486e-05 -5.660052e-05 -5.228693e-05 1.900214e-05
 8968.600000 -3.088154e-05 -3.584684e-07 -2.381221e-07 -3.157839e-07 5.989125e-05 -7.696205e-05 -4.798624e-05 1.450035e-05
 8968.800000 -3.091911e-05 -3.575419e-07 -2.372679e-07 -3.160752e-07 5.497163e-05 -6.880823e-05 -5.269576e-05 1.275479e-05
 8969.000000 -3.092539e-05 -3.572368e-07 -2.369183e-07 -3.162998e-07 5.047024e-05 -4.924948e-05 -5.160711e-05 1.064547e-05
 8969.200000 -3.088665e-05 -3.568656e-07 -2.365265e-07 -3.162985e-07 4.971656e-05 -2.715294e-05 -3.927187e-05 7.315625e-06
 8969.400000 -3.088023e-05 -3.586526e-07 -2.376660e-07 -3.161994e-07 5.193935e-05 -1.172089e-05 -3.058464e-05 1.271866e-05
 8969.600000 -3.087400e-05 -3.572100e-07 -2.365456e-07 -3.163715e-07 6.109479e-05 -5.589821e-06 -3.471120e-05 1.626994e-05
 8969.800000 -3.086425e-05 -3.574654e-07 -2.365264e-07 -3.162498e-07 6.012396e-05 9.151085e-06 -2.905192e-05 5.326619e-06
 8970.000000 -3.088738e-05 -3.560945e-07 -2.351790e-07 -3.168965e-07 5.589439e-05 5.006377e-07 -1.957753e-05 1.055564e-05
 8970.200000 -3.089600e-05 -3.558888e-07 -2.345784e-07 -3.170749e-07 5.674354e-05 -4.789114e-07 -3.247847e-05 9.634746e-06
 8970.400000 -3.089361e-05 -3.556444e-07 -2.345796e-07 -3.171944e-07 5.546625e-05 -3.703370e-06 -4.383788e-05 2.007134e-06
 8970.600000 -3.087210e-05 -3.542648e-07 -2.336091e-07 -3.171109e-07 5.916458e-05 -2.198941e-05 -4.559722e-05 2.193524e-06
 8970.800000 -3.088240e-05 -3.564054e-07 -2.349098e-07 -3.171081e-07 5.933150e-05 -3.894525e-05 -3.805645e-05 -1.382158e-06
 8971.000000 -3.088456e-05 -3.547316e-07 -2.336780e-07 -3.177400e-07 6.479745e-05 -2.401232e-05 -3.562197e-05 -1.914229e-06
 8971.200000 -3.088118e-05 -3.552826e-07 -2.337576e-07 -3.175442e-07 7.451619e-05 -2.258321e-05 -2.712547e-05 4.146349e-06
 8971.400000 -3.082597e-05 -3.567493e-07 -2.344078e-07 -3.173056e-07 6.773163e-05 -1.741477e-05 -4.484255e-05 -1.023054e-05
 8971.600000 -3.082419e-05 -3.568887e-07 -2.343228e-07 -3.174856e-07 6.464004e-05 -1.987946e-05 -5.158561e-05 -1.093908e-05
 8971.800000 -3.083817e-05 -3.579665e-07 -2.345871e-07 -3.175053e-07 6.712719e-05 -3.869656e-05 -5.054458e-05 -8.059676e-06
 8972.000000 -3.084426e-05 -3.537695e-07 -2.318028e-07 -3.180452e-07 6.405328e-05 -3.812095e-05 -5.186112e-05 1.918702e-06
 8972.200000 -3.085287e-05 -3.550394e-07 -2.323967e-07 -3.183718e-07 4.977484e-05 -3.636075e-05 -3.687210e-05 1.060113e-05
 8972.400000 -3.085626e-05 -3.534316e-07 -2.310028e-07 -3.185000e-07 3.854653e-05 -3.644103e-05 -2.710097e-05 6.875353e-06
 8972.600000 -3.085967e-05 -3.541852e-07 -2.310169e-07 -3.186148e-07 4.453816e-05 -3.374909e-05 -2.719329e-05 -2.123462e-06
 8972.800000 -3.084896e-05 -3.550857e-07 -2.311481e-07 -3.188801e-07 4.160003e-05 -3.397077e-05 -2.302873e-05 1.313265e-05
 8973.000000 -3.081348e-05 -3.562147e-07 -2.315857e-07 -3.187302e-07 3.648804e-05 -4.695032e-05 -2.902626e-05 1.687713e-07
 8973.200000 -3.076063e-05 -3.582541e-07 -2.329728e-07 -3.182191e-07 3.845518e-05 -5.416433e-05 -2.438416e-05 -3.046839e-06
 8973.400000 -3.064833e-05 -3.602718e-07 -2.338071e-07 -3.174944e-07 4.016862e-05 -3.852633e-05 -3.678304e-05 9.045211e-06
 8973.600000 -3.067337e-05 -3.594930e-07 -2.328583e-07 -3.180754e-07 5.072203e-05 -5.069143e-05 -4.252512e-05 -2.767880e-06
 8973.800000 -3.074640e-05 -3.557795e-07 -2.299647e-07 -3.192721e-07 5.225344e-05 -3.007887e-05 -3.994063e-05 -1.830613e-05
 8974.000000 -3.076752e-05 -3.563189e-07 -2.297179e-07 -3.196767e-07 5.721583e-05 -1.533937e-06 -3.344619e-05 -1.603886e-05
 8974.200000 -3.079567e-05 -3.543561e-07 -2.277489e-07 -3.202571e-07 5.522595e-05 8.513004e-06 -4.046421e-05 -1.264006e-05
 8974.400000 -3.073861e-05 -3.555480e-07 -2.281143e-07 -3.198503e-07 4.046271e-05 5.874349e-06 -3.949586e-05 -2.646578e-06
 8974.600000 -3.078599e-05 -3.548785e-07 -2.271171e-07 -3.206564e-07 3.862606e-05 -1.454046e-05 -3.035556e-05 -6.218704e-06
 8974.800000 -3.079607e-05 -3.542722e-07 -2.260192e-07 -3.211618e-07 4.154174e-05 -2.539645e-05 -3.093970e-05 5.581345e-06
 8975.000000 -3.079681e-05 -3.529615e-07 -2.242194e-07 -3.215450e-07 4.266836e-05 -4.121725e-05 -3.335223e-05 1.410847e-07
 8975.200000 -3.078650e-05 -3.535307e-07 -2.235921e-07 -3.219845e-07 3.178873e-05 -2.149710e-05 -3.911088e-05 -6.948906e-06
 8975.400000 -3.073736e-05 -3.556215e-07 -2.239097e-07 -3.217647e-07 3.446765e-05 1.845615e-06 -3.473779e-05 1.269316e-05
 8975.600000 -3.075593e-05 -3.533073e-07 -2.209088e-07 -3.225964e-07 3.961901e-05 1.438517e-05 -4.378654e-05 7.835859e-06
 8975.800000 -3.077310e-05 -3.530102e-07 -2.193284e-07 -3.231605e-07 2.682786e-05 2.086731e-06 -3.546760e-05 -3.915495e-06
 8976.000000 -3.076870e-05 -3.533765e-07 -2.180376e-07 -3.237882e-07 2.769634e-05 5.106328e-06 -4.277217e-05 -9.101223e-06
 8976.200000 -3.075690e-05 -3.547663e-07 -2.169897e-07 -3.243811e-07 3.544049e-05 -2.023301e-06 -4.538987e-05 -1.556372e-05
 8976.400000 -3.072116e-05 -3.544845e-07 -2.146235e-07 -3.248197e-07 3.896661e-05 -2.540192e-05 -4.043734e-05 -4.391834e-06
 8976.600000 -3.066991e-05 -3.574829e-07 -2.140557e-07 -3.247330e-07 3.426536e-05 -3.538812e-05 -3.579891e-05 1.656225e-06
 8976.800000 -3.067140e-05 -3.561731e-07 -2.099981e-07 -3.255110e-07 3.695510e-05 -4.151509e-05 -5.551965e-05 -1.192952e-05
 8977.000000 -3.068836e-05 -3.539111e-07 -2.047574e-07 -3.269123e-07 3.953627e-05 -4.485855e-05 -6.568102e-05 -4.799715e-06
 8977.200000 -3.068833e-05 -3.540569e-07 -2.003892e-07 -3.280553e-07 3.963406e-05 -2.511749e-06 -5.659192e-05 1.544766e-06
 8977.400000 -3.066633e-05 -3.525615e-07 -1.941780e-07 -3.293107e-07 4.199500e-05 -1.160764e-05 -5.147909e-05 9.170379e-06
 8977.600000 -3.063796e-05 -3.540946e-07 -1.888078e-07 -3.304756e-07 3.734968e-05 -1.067090e-05 -5.393805e-05 2.082841e-06
 8977.800000 -3.065899e-05 -3.527141e-07 -1.807288e-07 -3.321368e-07 4.101945e-05 -2.974654e-05 -4.053062e-05 1.289857e-06
 8978.000000 -3.067461e-05 -3.502905e-07 -1.712529e-07 -3.342826e-07 4.472616e-05 -2.492223e-05 -4.453877e-05 -2.418182e-06
 8978.200000 -3.064263e-05 -3.512919e-07 -1.633392e-07 -3.362848e-07 3.538291e-05 -4.290132e-05 -5.284538e-05 -4.527275e-06
 8978.400000 -3.063188e-05 -3.500811e-07 -1.540746e-07 -3.392549e-07 3.721784e-05 -5.015456e-05 -4.829384e-05 -4.512188e-06
 8978.600000 -3.060806e-05 -3.502197e-07 -1.459012e-07 -3.426009e-07 3.603692e-05 -1.537549e-05 -4.765586e-05 -1.153228e-05
 8978.800000 -3.058228e-05 -3.492195e-07 -1.372383e-07 -3.467148e-07 3.674360e-05 -2.713991e-06 -2.932588e-05 -1.983485e-05
 8979.000000 -3.058142e-05 -3.482080e-07 -1.292894e-07 -3.520879e-07 4.276662e-05 -1.769404e-05 -2.805648e-05 -1.295708e-05
 8979.200000 -3.056688e-05 -3.483712e-07 -1.223078e-07 -3.585493e-07 3.802187e-05 -9.581535e-06 -3.762770e-05 -7.781372e-06
 8979.400000 -3.052954e-05 -3.472096e-07 -1.160846e-07 -3.663601e-07 3.859028e-05 -2.807456e-05 -4.218827e-05 -8.949468e-06
 8979.600000 -3.053333e-05 -3.440845e-07 -1.097079e-07 -3.761499e-07 5.106859e-05 -1.591935e-05 -5.091743e-05 -1.888005e-05
 8979.800000 -3.051008e-05 -3.446368e-07 -1.059569e-07 -3.873295e-07 5.342244e-05 -1.342294e-05 -5.214339e-05 -1.595960e-05
 8980.000000 -3.049402e-05 -3.428984e-07 -1.024360e-07 -4.005193e-07 5.026148e-05 -2.079819e-05 -4.233352e-05 -5.382966e-06
 8980.200000 -3.049704e-05 -3.409021e-07 -9.948882e-08 -4.155316e-07 5.750145e-05 -4.551447e-05 -3.167345e-05 5.302403e-06
 8980.400000 -3.048328e-05 -3.412030e-07 -9.798143e-08 -4.307412e-07 5.437710e-05 -2.747098e-05 -3.681235e-05 -2.833590e-06
 8980.600000 -3.047139e-05 -3.398006e-07 -9.681050e-08 -4.457653e-07 6.235429e-05 -2.754357e-05 -4.136320e-05 -5.997324e-06
 8980.800000 -3.044699e-05 -3.381884e-07 -9.580002e-08 -4.585684e-07 6.638020e-05 -4.110358e-05 -3.894931e-05 4.389209e-06
 8981.000000 -3.039883e-05 -3.390585e-07 -9.592455e-08 -4.671487e-07 6.830231e-05 -4.518938e-06 -3.400928e-05 4.458561e-06
 8981.200000 -3.025876e-05 -3.429146e-07 -9.758914e-08 -4.695764e-07 6.970066e-05 -2.807812e-05 -2.706706e-05 2.266104e-06
 8981.400000 -3.028298e-05 -3.422721e-07 -9.784315e-08 -4.705697e-07 6.626499e-05 -4.197935e-05 -2.415758e-05 -5.388926e-06
 8981.600000 -3.028044e-05 -3.384503e-07 -9.730048e-08 -4.673417e-07 6.091135e-05 -3.025976e-05 -5.242183e-05 -1.619362e-05
 8981.800000 -3.020901e-05 -3.463089e-07 -1.001323e-07 -4.583232e-07 5.132814e-05 -2.781783e-05 -4.452306e-05 -1.503774e-05
 8982.000000 -3.024894e-05 -3.427966e-07 -9.974229e-08 -4.499210e-07 4.869580e-05 -1.187533e-05 -4.221502e-05 -1.295252e-05
 8982.200000 -3.025883e-05 -3.441034e-07 -1.004795e-07 -4.405890e-07 4.538683e-05 -1.354864e-05 -4.584403e-05 -7.245037e-06
 8982.400000 -3.030108e-05 -3.433384e-07 -1.004015e-07 -4.320952e-07 3.783908e-05 -2.472142e-05 -4.886743e-05 -1.021027e-05
 8982.600000 -3.030791e-05 -3.437792e-07 -1.006616e-07 -4.244304e-07 3.852062e-05 -2.727927e-05 -3.879302e-05 -1.344858e-05
 8982.800000 -3.027153e-05 -3.457839e-07 -1.009282e-07 -4.173020e-07 5.645529e-05 -4.176163e-05 -4.008866e-05 -1.974193e-05
 8983.000000 -3.021534e-05 -3.470632e-07 -1.010152e-07 -4.114720e-07 4.569884e-05 -2.144406e-05 -3.762113e-05 -9.089146e-06
 8983.200000 -3.024095e-05 -3.472930e-07 -1.003834e-07 -4.084240e-07 3.626471e-05 -2.081552e-05 -3.693346e-05 -9.297481e-06
 8983.400000 -3.027758e-05 -3.431485e-07 -9.818542e-08 -4.074567e-07 4.299480e-05 -1.172529e-05 -3.555355e-05 -7.465616e-06
 8983.600000 -3.028091e-05 -3.435017e-07 -9.723663e-08 -4.073510e-07 3.922145e-05 -1.673439e-05 -3.601320e-05 -7.910979e-06
 8983.800000 -3.021548e-05 -3.458007e-07 -9.695331e-08 -4.070008e-07 3.728076e-05 -8.230851e-07 -4.697033e-05 -2.090057e-05
 8984.000000 -3.021237e-05 -3.435668e-07 -9.505995e-08 -4.087177e-07 4.034308e-05 -1.373042e-05 -3.675221e-05 -1.435778e-05
 8984.200000 -3.023060e-05 -3.451206e-07 -9.416089e-08 -4.115859e-07 3.555837e-05 -4.779177e-06 -4.934990e-05 -2.093136e-05
 8984.400000 -3.025522e-05 -3.418962e-07 -9.181706e-08 -4.152419e-07 3.644037e-05 1.724366e-05 -4.582220e-05 -1.494013e-05
 8984.600000 -3.024554e-05 -3.425569e-07 -9.064738e-08 -4.181183e-07 4.004417e-05 -1.874777e-06 -3.351807e-05 -6.681682e-06
 8984.800000 -3.024803e-05 -3.405983e-07 -8.875154e-08 -4.215698e-07 4.013898e-05 7.390069e-06 -4.214841e-05 -1.080894e-05
 8985.000000 -3.022734e-05 -3.415253e-07 -8.756862e-08 -4.238348e-07 4.430329e-05 8.027829e-06 -4.176942e-05 -6.682992e-06
 8985.200000 -3.019846e-05 -3.428518e-07 -8.707588e-08 -4.257226e-07 5.117769e-05 -7.277909e-06 -3.737333e-05 -4.667047e-06
 8985.400000 -3.023579e-05 -3.407646e-07 -8.535442e-08 -4.287196e-07 4.384266e-05 -3.531222e-05 -4.364163e-05 -4.581913e-06
 8985.600000 -3.023859e-05 -3.405478e-07 -8.424264e-08 -4.309077e-07 4.291644e-05 -4.066574e-05 -3.771630e-05 3.424516e-06
 8985.800000 -3.022651e-05 -3.397316e-07 -8.275733e-08 -4.329441e-07 3.148009e-05 -2.496341e-05 -3.977393e-05 4.768413e-06
 8986.000000 -3.018406e-05 -3.404682e-07 -8.175280e-08 -4.339483e-07 3.407476e-05 -4.282074e-05 -5.261734e-05 5.501399e-07
 8986.200000 -3.016438e-05 -3.414913e-07 -8.074336e-08 -4.353506e-07 3.791550e-05 -1.609759e-05 -6.559051e-05 -3.185035e-06
 8986.400000 -3.016121e-05 -3.397342e-07 -7.888193e-08 -4.377397e-07 4.867311e-05 -1.446879e-05 -5.268728e-05 -9.016009e-06
 8986.600000 -3.017339e-05 -3.398317e-07 -7.768580e-08 -4.404881e-07 5.346384e-05 -2.634127e-05 -3.744149e-05 -7.675626e-06
 8986.800000 -3.017891e-05 -3.357466e-07 -7.519733e-08 -4.438080e-07 5.164525e-05 -2.252624e-05 -4.074983e-05 -1.902566e-05
 8987.000000 -3.017819e-05 -3.387726e-07 -7.423880e-08 -4.467504e-07 5.467810e-05 -2.373388e-05 -4.234003e-05 -3.046767e-05
 8987.200000 -3.016002e-05 -3.368080e-07 -7.224825e-08 -4.498803e-07 5.229538e-05 -3.194602e-05 -3.637638e-05 -2.508066e-05
 8987.400000 -3.010702e-05 -3.374602e-07 -7.065643e-08 -4.528017e-07 5.281058e-05 -3.988054e-05 -3.342712e-05 -1.662188e-05
 8987.600000 -3.008204e-05 -3.391253e-07 -6.929888e-08 -4.567483e-07 4.267471e-05 -1.298515e-05 -4.373281e-05 -9.349891e-06
 8987.800000 -3.014522e-05 -3.349441e-07 -6.645864e-08 -4.630190e-07 4.305364e-05 7.125191e-06 -4.623174e-05 -1.100209e-05
 8988.000000 -3.014469e-05 -3.342119e-07 -6.479924e-08 -4.681655e-07 5.080331e-05 -2.697766e-06 -3.582023e-05 -4.275446e-07
 8988.200000 -3.010775e-05 -3.344269e-07 -6.325381e-08 -4.727047e-07 5.337051e-05 -4.787127e-08 -4.614120e-05 -1.233489e-07
 8988.400000 -3.010253e-05 -3.358273e-07 -6.166038e-08 -4.779900e-07 5.942487e-05 -2.213358e-05 -5.261959e-05 -4.564744e-06
 8988.600000 -3.008696e-05 -3.341259e-07 -5.961197e-08 -4.833700e-07 6.036515e-05 -4.858646e-05 -4.825246e-05 -2.140644e-06
 8988.800000 -3.010040e-05 -3.317195e-07 -5.738580e-08 -4.892175e-07 5.548597e-05 -6.667224e-05 -4.874821e-05 -8.080996e-07
 8989.000000 -3.010625e-05 -3.321896e-07 -5.568922e-08 -4.948086e-07 5.453607e-05 -5.886268e-05 -5.317923e-05 -9.933135e-06
 8989.200000 -3.010387e-05 -3.299847e-07 -5.348387e-08 -5.003644e-07 5.899498e-05 -5.088918e-05 -4.790326e-05 -9.893515e-06
 8989.400000 -3.008186e-05 -3.304261e-07 -5.211051e-08 -5.050021e-07 5.719480e-05 -6.384197e-05 -5.431667e-05 -6.855135e-06
 8989.600000 -3.007619e-05 -3.283867e-07 -4.999030e-08 -5.101360e-07 4.608646e-05 -6.140938e-05 -6.805700e-05 -8.912735e-06
 8989.800000 -3.005718e-05 -3.289309e-07 -4.853223e-08 -5.151378e-07 5.353304e-05 -5.062614e-05 -5.652980e-05 -1.355658e-05
 8990.000000 -3.001836e-05 -3.295858e-07 -4.724093e-08 -5.195115e-07 6.115910e-05 -5.584815e-05 -5.471706e-05 -1.004135e-05
 8990.200000 -2.999922e-05 -3.308363e-07 -4.587719e-08 -5.237677e-07 4.787646e-05 -6.374545e-05 -6.783728e-05 -6.821042e-06
 8990.400000 -2.999684e-05 -3.308313e-07 -4.453345e-08 -5.283692e-07 3.755615e-05 -5.232248e-05 -4.590301e-05 -2.469332e-06
 8990.600000 -2.998246e-05 -3.311840e-07 -4.344139e-08 -5.321427e-07 4.653939e-05 -5.004798e-05 -5.897756e-05 -4.981846e-06
 8990.800000 -2.992570e-05 -3.325319e-07 -4.270282e-08 -5.344114e-07 6.099649e-05 -2.775189e-05 -6.868574e-05 -9.379858e-06
 8991.000000 -2.991680e-05 -3.305074e-07 -4.111069e-08 -5.369836e-07 5.820728e-05 -2.086007e-05 -6.938999e-05 -3.361368e-06
 8991.200000 -2.984937e-05 -3.306888e-07 -4.031274e-08 -5.379555e-07 6.607039e-05 -4.215790e-05 -5.065265e-05 5.184733e-06
 8991.400000 -2.982987e-05 -3.316134e-07 -3.940803e-08 -5.389552e-07 6.055609e-05 -5.167105e-05 -5.076748e-05 1.863125e-06
 8991.600000 -2.984761e-05 -3.297282e-07 -3.820157e-08 -5.406029e-07 5.593141e-05 -2.208035e-05 -6.303543e-05 -6.225815e-06
 8991.800000 -2.989351e-05 -3.276084e-07 -3.690017e-08 -5.425988e-07 4.604460e-05 -2.768596e-05 -4.781105e-05 -1.063542e-05
 8992.000000 -2.992706e-05 -3.277921e-07 -3.636313e-08 -5.437491e-07 5.472050e-05 -3.029804e-05 -4.227100e-05 -1.280661e-05
 8992.200000 -2.991382e-05 -3.257617e-07 -3.557125e-08 -5.435290e-07 6.882174e-05 -3.586936e-05 -4.324370e-05 -1.423159e-05
 8992.400000 -2.993761e-05 -3.250769e-07 -3.505084e-08 -5.439470e-07 6.481757e-05 -3.653653e-05 -5.952598e-05 -2.008008e-05
 8992.600000 -2.992967e-05 -3.242346e-07 -3.451878e-08 -5.428534e-07 5.260792e-05 -5.753118e-05 -4.920022e-05 -9.572893e-06
 8992.800000 -2.993086e-05 -3.233442e-07 -3.405266e-08 -5.423950e-07 5.386243e-05 -6.030997e-05 -5.261629e-05 -5.984764e-07
 8993.000000 -2.991834e-05 -3.234468e-07 -3.392249e-08 -5.413914e-07 6.083936e-05 -4.751153e-05 -4.868733e-05 -3.419162e-06
 8993.200000 -2.989769e-05 -3.236694e-07 -3.390249e-08 -5.406313e-07 6.388057e-05 -3.341798e-05 -3.628771e-05 -5.310166e-06
 8993.400000 -2.985467e-05 -3.266030e-07 -3.444904e-08 -5.394364e-07 6.019974e-05 -4.550109e-05 -3.665529e-05 -8.170366e-06
 8993.600000 -2.983090e-05 -3.260783e-07 -3.470329e-08 -5.385601e-07 5.863859e-05 -4.260408e-05 -3.402685e-05 -1.163673e-05
 8993.800000 -2.971630e-05 -3.280105e-07 -3.506957e-08 -5.360601e-07 5.571279e-05 -3.084240e-05 -3.492934e-05 -1.689821e-05
 8994.000000 -2.974347e-05 -3.278064e-07 -3.525623e-08 -5.378282e-07 5.706858e-05 -4.281895e-05 -3.374652e-05 -7.767351e-06
 8994.200000 -2.983392e-05 -3.257825e-07 -3.526332e-08 -5.418801e-07 6.271972e-05 -3.663172e-05 -4.486448e-05 -4.613246e-06
 8994.400000 -2.987547e-05 -3.239756e-07 -3.511229e-08 -5.450443e-07 6.006465e-05 -2.050340e-05 -4.652347e-05 -6.016598e-06
 8994.600000 -2.985313e-05 -3.230261e-07 -3.554043e-08 -5.471223e-07 5.880100e-05 -2.780117e-05 -3.255203e-05 -8.309675e-08
 8994.800000 -2.976412e-05 -3.255922e-07 -3.625843e-08 -5.477544e-07 5.727167e-05 -2.290498e-05 -2.671230e-05 -5.785019e-06
 8995.000000 -2.973208e-05 -3.260617e-07 -3.677188e-08 -5.499481e-07 5.171473e-05 -3.567849e-05 -3.567618e-05 -1.204494e-05
 8995.200000 -2.978528e-05 -3.254493e-07 -3.713234e-08 -5.546351e-07 6.170497e-05 -3.596301e-05 -2.809963e-05 -3.632362e-06
 8995.400000 -2.981339e-05 -3.211258e-07 -3.680104e-08 -5.598208e-07 6.449837e-05 -1.514735e-05 -2.547308e-05 3.921165e-06
 8995.600000 -2.982817e-05 -3.206650e-07 -3.713481e-08 -5.638430e-07 6.721838e-05 -1.456342e-05 -2.411237e-05 8.004434e-06
 8995.800000 -2.982263e-05 -3.217624e-07 -3.760928e-08 -5.670801e-07 6.494882e-05 -2.650628e-06 -2.684904e-05 7.938745e-06
 8996.000000 -2.980389e-05 -3.215441e-07 -3.818167e-08 -5.696397e-07 6.223804e-05 -1.127062e-05 -3.295142e-05 1.065088e-06
 8996.200000 -2.979991e-05 -3.208281e-07 -3.861848e-08 -5.723737e-07 6.425287e-05 -1.020092e-05 -2.830145e-05 3.776961e-06
 8996.400000 -2.978394e-05 -3.199662e-07 -3.885742e-08 -5.745269e-07 5.522684e-05 -1.215014e-05 -2.733804e-05 -3.215277e-07
 8996.600000 -2.976540e-05 -3.207422e-07 -3.924661e-08 -5.760546e-07 5.379854e-05 -3.052485e-05 -4.301649e-05 -1.153569e-05
 8996.800000 -2.972718e-05 -3.222366e-07 -3.970895e-08 -5.767299e-07 5.252182e-05 -1.513689e-05 -3.886269e-05 -1.415673e-05
 8997.000000 -2.970429e-05 -3.219560e-07 -3.991481e-08 -5.774871e-07 5.513533e-05 1.339268e-05 -4.293678e-05 -1.794167e-05
 8997.200000 -2.978049e-05 -3.204367e-07 -3.979116e-08 -5.796261e-07 6.655907e-05 -1.663415e-05 -4.387319e-05 -2.226698e-05
 8997.400000 -2.981096e-05 -3.180656e-07 -3.984550e-08 -5.801047e-07 6.767208e-05 -2.736280e-05 -4.624453e-05 -1.711013e-05
 8997.600000 -2.980633e-05 -3.190740e-07 -4.018053e-08 -5.793643e-07 6.594633e-05 -2.107217e-05 -5.223345e-05 -1.974717e-05
 8997.800000 -2.979083e-05 -3.178770e-07 -4.009745e-08 -5.775276e-07 6.539615e-05 -2.502308e-06 -3.645410e-05 -9.600992e-06
 8998.000000 -2.976913e-05 -3.199080e-07 -4.017897e-08 -5.746136e-07 5.678276e-05 -1.234489e-06 -1.846561e-05 6.592945e-06
 8998.200000 -2.975848e-05 -3.191069e-07 -4.011480e-08 -5.716327e-07 5.914170e-05 -1.526781e-05 -2.980093e-05 -6.254299e-06
 8998.400000 -2.974049e-05 -3.196207e-07 -3.989759e-08 -5.678289e-07 5.960887e-05 -2.090893e-05 -3.464270e-05 -1.032087e-05
 8998.600000 -2.976592e-05 -3.203170e-07 -3.961188e-08 -5.653806e-07 6.185130e-05 -1.203036e-05 -3.287226e-05 -3.022593e-06
 8998.800000 -2.975218e-05 -3.190943e-07 -3.949457e-08 -5.617085e-07 4.806189e-05 -2.927223e-05 -3.296620e-05 -2.458626e-06
 8999.000000 -2.971771e-05 -3.217814e-07 -3.963577e-08 -5.572075e-07 4.143234e-05 -3.424333e-05 -3.088333e-05 3.942270e-06
 8999.200000 -2.972219e-05 -3.200326e-07 -3.899628e-08 -5.538233e-07 4.876683e-05 -1.467835e-05 -2.411445e-05 3.865489e-06
 8999.400000 -2.966347e-05 -3.245065e-07 -3.914005e-08 -5.489114e-07 5.079385e-05 -9.376958e-06 -2.129046e-05 3.529653e-06
 8999.600000 -2.957092e-05 -3.258143e-07 -3.883421e-08 -5.437552e-07 5.742742e-05 7.715934e-06 -1.589661e-05 -2.152947e-06
 8999.800000 -2.952223e-05 -3.272971e-07 -3.844707e-08 -5.395475e-07 5.574956e-05 1.766509e-06 -4.016269e-05 -8.563499e-06
 9000.000000 -2.955147e-05 -3.266304e-07 -3.787941e-08 -5.381734e-07 4.756836e-05 -6.597517e-06 -5.272368e-05 -6.529539e-06
 9000.200000 -2.954656e-05 -3.277155e-07 -3.753429e-08 -5.358837e-07 3.673988e-05 -1.914166e-05 -4.298135e-05 -6.104808e-07
 9000.400000 -2.962203e-05 -3.252262e-07 -3.668583e-08 -5.364331e-07 3.729899e-05 5.439517e-06 -3.608596e-05 -6.007310e-06
 9000.600000 -2.963153e-05 -3.251723e-07 -3.600447e-08 -5.355534e-07 4.137835e-05 -2.352919e-05 -4.889510e-05 -1.054758e-05
 9000.800000 -2.954247e-05 -3.264959e-07 -3.562704e-08 -5.321872e-07 3.860277e-05 -4.190128e-05 -4.309686e-05 7.444815e-06
 9001.000000 -2.949600e-05 -3.277223e-07 -3.535793e-08 -5.305695e-07 3.852045e-05 -2.243723e-05 -3.687102e-05 1.427291e-05
 9001.200000 -2.944023e-05 -3.256649e-07 -3.447284e-08 -5.287325e-07 4.222157e-05 -3.048301e-05 -3.623031e-05 1.073360e-05
 9001.400000 -2.924371e-05 -3.254521e-07 -3.415256e-08 -5.242022e-07 4.048989e-05 -3.700537e-05 -4.177933e-05 1.188455e-05
 9001.600000 -2.904404e-05 -3.256963e-07 -3.402713e-08 -5.203478e-07 3.626417e-05 -4.484032e-05 -5.557526e-05 -1.113636e-06
 9001.800000 -2.889000e-05 -3.228280e-07 -3.363287e-08 -5.178804e-07 2.462531e-05 -6.609085e-05 -5.309641e-05 -4.738837e-07
 9002.000000 -2.890987e-05 -3.204492e-07 -3.329579e-08 -5.188214e-07 2.469851e-05 -5.777377e-05 -4.743067e-05 1.493166e-06
 9002.200000 -2.892916e-05 -3.190821e-07 -3.293393e-08 -5.185590e-07 2.520578e-05 -6.080163e-05 -4.369332e-05 2.525273e-06
 9002.400000 -2.901046e-05 -3.221908e-07 -3.331928e-08 -5.197279e-07 3.250592e-05 -5.947899e-05 -2.857104e-05 1.046227e-05
 9002.600000 -2.915432e-05 -3.239958e-07 -3.332201e-08 -5.217242e-07 3.423072e-05 -4.006525e-05 -2.330177e-05 2.390177e-05
 9002.800000 -2.930574e-05 -3.243608e-07 -3.367701e-08 -5.243819e-07 2.792398e-05 -3.618373e-05 -3.691570e-05 1.178769e-05
 9003.000000 -2.944896e-05 -3.258306e-07 -3.408045e-08 -5.264107e-07 3.627480e-05 -5.550854e-05 -3.983806e-05 6.856528e-06
 9003.200000 -2.946672e-05 -3.311220e-07 -3.477560e-08 -5.258260e-07 3.421263e-05 -5.030985e-05 -4.946218e-05 2.275736e-06
 9003.400000 -2.947047e-05 -3.311245e-07 -3.507981e-08 -5.254007e-07 2.581932e-05 -3.521136e-05 -3.466670e-05 1.159791e-05
 9003.600000 -2.955716e-05 -3.290225e-07 -3.503719e-08 -5.274215e-07 1.903060e-05 -5.800741e-05 -3.242246e-05 1.491837e-05
 9003.800000 -2.962350e-05 -3.256683e-07 -3.496925e-08 -5.289783e-07 2.377732e-05 -5.386197e-05 -4.006565e-05 1.596235e-05
 9004.000000 -2.963567e-05 -3.231833e-07 -3.499766e-08 -5.287661e-07 1.743864e-05 -3.231285e-05 -3.456562e-05 8.007704e-06
 9004.200000 -2.965788e-05 -3.226096e-07 -3.533227e-08 -5.288590e-07 1.501936e-05 -4.803825e-05 -2.363649e-05 4.610112e-06
 9004.400000 -2.965565e-05 -3.217656e-07 -3.558989e-08 -5.287847e-07 2.059670e-05 -6.853003e-05 -3.231061e-05 1.648318e-05
 9004.600000 -2.964046e-05 -3.231533e-07 -3.626510e-08 -5.276189e-07 1.212118e-05 -7.207580e-05 -3.882270e-05 6.408739e-06
 9004.800000 -2.960895e-05 -3.231038e-07 -3.666973e-08 -5.265235e-07 1.777195e-05 -7.050200e-05 -3.232672e-05 8.793524e-06
 9005.000000 -2.962267e-05 -3.234284e-07 -3.716469e-08 -5.266366e-07 2.333822e-05 -6.820530e-05 -3.265430e-05 -1.170063e-06
 9005.200000 -2.961849e-05 -3.241211e-07 -3.740662e-08 -5.262603e-07 3.284249e-05 -7.875672e-05 -4.475656e-05 -2.235604e-06
 9005.400000 -2.956866e-05 -3.241878e-07 -3.799866e-08 -5.246369e-07 2.725317e-05 -9.029654e-05 -5.113713e-05 -6.697604e-06
 9005.600000 -2.959023e-05 -3.235446e-07 -3.844880e-08 -5.251799e-07 2.416785e-05 -7.190702e-05 -3.013632e-05 3.211240e-06
 9005.800000 -2.959761e-05 -3.219924e-07 -3.848981e-08 -5.251002e-07 2.396234e-05 -6.333794e-05 -3.121586e-05 1.791786e-05
 9006.000000 -2.959722e-05 -3.220780e-07 -3.884912e-08 -5.250610e-07 3.640893e-05 -5.230732e-05 -4.361438e-05 1.323744e-05
 9006.200000 -2.957948e-05 -3.223805e-07 -3.912605e-08 -5.242682e-07 4.317274e-05 -4.138212e-05 -3.425189e-05 1.012352e-05
 9006.400000 -2.955918e-05 -3.239237e-07 -3.952910e-08 -5.232880e-07 4.324606e-05 -1.009999e-05 -3.348215e-05 1.196680e-05
 9006.600000 -2.944800e-05 -3.296797e-07 -4.019725e-08 -5.198673e-07 4.737909e-05 -2.536252e-05 -3.385539e-05 1.662277e-05
 9006.800000 -2.946988e-05 -3.278849e-07 -4.042333e-08 -5.200604e-07 4.399799e-05 -3.439967e-05 -4.244348e-05 1.391117e-05
 9007.000000 -2.947212e-05 -3.272762e-07 -4.049915e-08 -5.199915e-07 5.610135e-05 -3.471204e-05 -4.345842e-05 7.772959e-06
 9007.200000 -2.948635e-05 -3.272090e-07 -4.076872e-08 -5.200819e-07 6.050727e-05 -5.432219e-05 -4.009960e-05 1.635324e-05
 9007.400000 -2.952381e-05 -3.251529e-07 -4.080100e-08 -5.206295e-07 6.297630e-05 -4.342359e-05 -3.407618e-05 2.092601e-05
 9007.600000 -2.951956e-05 -3.247047e-07 -4.108684e-08 -5.204405e-07 5.243685e-05 -4.961635e-05 -4.551646e-05 1.769909e-05
 9007.800000 -2.953256e-05 -3.239759e-07 -4.119490e-08 -5.204391e-07 5.566754e-05 -6.080223e-05 -3.943531e-05 2.053865e-05
 9008.000000 -2.952203e-05 -3.248875e-07 -4.163579e-08 -5.199281e-07 6.199096e-05 -4.888720e-05 -3.823403e-05 1.823923e-05
 9008.200000 -2.951960e-05 -3.258096e-07 -4.205565e-08 -5.196868e-07 5.652353e-05 -2.891540e-05 -3.905705e-05 1.707088e-05
 9008.400000 -2.950358e-05 -3.249265e-07 -4.228129e-08 -5.188953e-07 5.702596e-05 1.846993e-06 -4.882768e-05 1.228747e-05
 9008.600000 -2.949037e-05 -3.256470e-07 -4.256755e-08 -5.183768e-07 4.702087e-05 -2.025767e-05 -4.306345e-05 1.440492e-05
 9008.800000 -2.947915e-05 -3.248461e-07 -4.264985e-08 -5.179424e-07 3.890365e-05 -3.574316e-05 -6.013309e-05 3.905301e-06
 9009.000000 -2.941451e-05 -3.285120e-07 -4.347304e-08 -5.156685e-07 3.318528e-05 -2.708927e-05 -5.294473e-05 3.109741e-06
 9009.227860 -2.934224e-05 -3.282741e-07 -4.353157e-08 -5.136781e-07 3.878525e-05 -9.877664e-06 -3.160070e-05 -3.922834e-06
 9009.483581 -2.940286e-05 -3.273178e-07 -4.366744e-08 -5.151234e-07 4.683464e-05 2.000081e-06 -3.344276e-05 -7.995360e-06
 9009.767162 -2.944397e-05 -3.253550e-07 -4.365337e-08 -5.159690e-07 4.263079e-05 -2.902509e-05 -2.829757e-05 -1.028141e-06
 9010.078604 -2.945266e-05 -3.226771e-07 -4.351481e-08 -5.165015e-07 4.506070e-05 -2.659445e-05 -3.289081e-05 -4.373153e-06
 9010.417905 -2.942349e-05 -3.216743e-07 -4.362934e-08 -5.163916e-07 4.125681e-05 -1.218909e-05 -3.449317e-05 -1.807613e-06
 9010.785067 -2.934308e-05 -3.214334e-07 -4.376997e-08 -5.154528e-07 4.323009e-05 -2.507824e-05 -3.878944e-05 -4.746640e-06
 9011.180090 -2.925693e-05 -3.207790e-07 -4.357962e-08 -5.152138e-07 4.771440e-05 -4.549871e-05 -4.427486e-05 -4.251226e-06
 9011.602973 -2.915056e-05 -3.207434e-07 -4.334943e-08 -5.146804e-07 4.390390e-05 -5.067193e-05 -4.740114e-05 -1.771217e-05
 9012.053716 -2.908075e-05 -3.234100e-07 -4.330272e-08 -5.150578e-07 4.901102e-05 -2.886069e-05 -4.109632e-05 -1.354133e-05
 9012.532319 -2.915130e-05 -3.230029e-07 -4.323449e-08 -5.195593e-07 5.903596e-05 -3.905008e-05 -4.756375e-05 -4.707958e-06
 9013.038783 -2.923619e-05 -3.223984e-07 -4.304785e-08 -5.260559e-07 5.378759e-05 -3.363492e-05 -5.224919e-05 -9.269654e-06
 9013.573107 -2.919957e-05 -3.254676e-07 -4.318246e-08 -5.299356e-07 5.535054e-05 -4.523159e-05 -4.733762e-05 -6.636542e-06
 9014.135292 -2.936399e-05 -3.229339e-07 -4.253335e-08 -5.393640e-07 4.438511e-05 -3.506939e-05 -4.827823e-05 -1.355890e-05
 9014.725337 -2.948756e-05 -3.224861e-07 -4.209974e-08 -5.468348e-07 4.635075e-05 -2.433448e-05 -4.292431e-05 -1.337526e-05
 9015.343242 -2.949875e-05 -3.226381e-07 -4.177726e-08 -5.499095e-07 5.379441e-05 -4.812108e-05 -4.880785e-05 -1.042494e-05
 9015.989008 -2.948279e-05 -3.217652e-07 -4.093148e-08 -5.508076e-07 5.196449e-05 -6.687135e-05 -4.244267e-05 -5.923475e-06
 9016.662634 -2.948840e-05 -3.212214e-07 -3.989938e-08 -5.503915e-07 4.369191e-05 -6.290732e-05 -4.845142e-05 -1.794463e-05
 9017.364120 -2.944458e-05 -3.238171e-07 -3.947768e-08 -5.465126e-07 3.946482e-05 -6.729387e-05 -5.451717e-05 -1.818202e-05
 9018.093467 -2.944535e-05 -3.231124e-07 -3.855762e-08 -5.424343e-07 4.134087e-05 -6.280648e-05 -5.547047e-05 -2.036998e-05
 9018.850674 -2.938322e-05 -3.247895e-07 -3.796493e-08 -5.358758e-07 4.350871e-05 -6.143028e-05 -4.786963e-05 -1.229002e-05
 9019.635741 -2.937391e-05 -3.253082e-07 -3.695440e-08 -5.304248e-07 3.986043e-05 -6.513315e-05 -4.223282e-05 -1.712152e-05
 9020.448669 -2.936857e-05 -3.250458e-07 -3.636719e-08 -5.251021e-07 4.273101e-05 -7.605591e-05 -4.267596e-05 -1.130053e-05
 9021.289457 -2.933026e-05 -3.253130e-07 -3.557413e-08 -5.193036e-07 5.048923e-05 -6.638069e-05 -4.185537e-05 -1.798426e-05
 9022.158106 -2.922970e-05 -3.282290e-07 -3.539974e-08 -5.121762e-07 4.787618e-05 -7.761646e-05 -5.067948e-05 -1.541799e-05
 9023.054614 -2.927572e-05 -3.255543e-07 -3.432333e-08 -5.103818e-07 4.785357e-05 -6.328446e-05 -5.112548e-05 -7.931646e-06
 9023.978983 -2.926514e-05 -3.253031e-07 -3.400266e-08 -5.081111e-07 5.263318e-05 -4.823470e-05 -4.491108e-05 -8.484212e-06
 9024.931213 -2.923298e-05 -3.251270e-07 -3.385132e-08 -5.065878e-07 4.556363e-05 -3.764124e-05 -4.220088e-05 -4.835753e-06
 9025.911303 -2.925350e-05 -3.218503e-07 -3.352492e-08 -5.075535e-07 4.672527e-05 -2.944899e-05 -4.234251e-05 -4.519467e-06
 9026.919253 -2.926752e-05 -3.204165e-07 -3.393561e-08 -5.090616e-07 3.795807e-05 -3.537322e-05 -3.719479e-05 -7.860499e-07
 9027.955064 -2.921089e-05 -3.213161e-07 -3.465646e-08 -5.088929e-07 3.415256e-05 -3.488723e-05 -4.389453e-05 -3.542931e-06
 9029.018734 -2.918548e-05 -3.198444e-07 -3.567981e-08 -5.096950e-07 5.054300e-05 -2.970734e-05 -3.818373e-05 3.746473e-06
 9030.110266 -2.914092e-05 -3.193405e-07 -3.690774e-08 -5.104109e-07 5.044362e-05 -3.558135e-05 -5.085297e-05 -4.166351e-06
 9031.232723 -2.913529e-05 -3.195358e-07 -3.829505e-08 -5.117674e-07 5.501176e-05 -2.051646e-05 -4.921062e-05 3.253865e-06
 9032.367373 -2.903557e-05 -3.230388e-07 -3.969783e-08 -5.107786e-07 4.901515e-05 -1.861808e-05 -4.773396e-05 6.904750e-06
 9033.514214 -2.902936e-05 -3.220661e-07 -3.993446e-08 -5.129766e-07 5.082665e-05 -6.858648e-06 -5.085046e-05 8.751504e-06
 9034.673248 -2.902967e-05 -3.194801e-07 -4.012694e-08 -5.161848e-07 5.327100e-05 -1.653263e-05 -5.021963e-05 1.006177e-05
 9035.844473 -2.893921e-05 -3.219302e-07 -4.081117e-08 -5.173856e-07 6.258071e-05 -2.869023e-05 -5.444468e-05 1.855015e-05
 9037.027890 -2.873155e-05 -3.255111e-07 -4.127612e-08 -5.160596e-07 5.704164e-05 -3.641618e-05 -5.723639e-05 1.925463e-05
 9038.223499 -2.876455e-05 -3.226075e-07 -4.054982e-08 -5.205646e-07 5.139282e-05 -3.912557e-05 -5.098265e-05 1.527699e-05
 9039.431300 -2.894719e-05 -3.150542e-07 -3.910442e-08 -5.285171e-07 5.126405e-05 3.564953e-07 -4.332003e-05 1.766239e-05
 9040.651293 -2.895726e-05 -3.133081e-07 -3.838565e-08 -5.312846e-07 5.120512e-05 -1.775140e-05 -4.320959e-05 1.848400e-05
 9041.883478 -2.886051e-05 -3.166426e-07 -3.888949e-08 -5.301967e-07 5.694005e-05 -3.932956e-05 -4.762018e-05 1.194716e-05
 9043.127855 -2.876197e-05 -3.180850e-07 -3.923452e-08 -5.288488e-07 5.982308e-05 -1.068131e-05 -3.488140e-05 1.400867e-05
 9044.384423 -2.879210e-05 -3.145566e-07 -3.871656e-08 -5.311551e-07 4.844469e-05 -5.185342e-06 -3.778062e-05 7.812809e-06
 9045.653184 -2.877957e-05 -3.126947e-07 -3.831647e-08 -5.319237e-07 4.240147e-05 -1.141668e-05 -5.011569e-05 1.280825e-05
 9046.934136 -2.876615e-05 -3.118283e-07 -3.809967e-08 -5.333143e-07 4.389951e-05 -1.619878e-05 -5.289994e-05 1.936999e-05
 9048.227280 -2.879008e-05 -3.094373e-07 -3.730082e-08 -5.357589e-07 4.114428e-05 -1.076945e-05 -4.962911e-05 1.488988e-05
 9049.532617 -2.878013e-05 -3.080972e-07 -3.662977e-08 -5.373891e-07 3.762960e-05 -2.529750e-06 -5.768228e-05 9.780933e-06
 9050.850145 -2.875501e-05 -3.085045e-07 -3.670076e-08 -5.386822e-07 3.200052e-05 -8.421718e-06 -5.816666e-05 1.322981e-05
 9052.179865 -2.865239e-05 -3.115802e-07 -3.716337e-08 -5.370553e-07 3.477015e-05 -2.451530e-05 -5.962114e-05 1.130025e-05
 9053.521777 -2.848266e-05 -3.155471e-07 -3.775162e-08 -5.332066e-07 4.549582e-05 -1.653645e-05 -4.894314e-05 3.001669e-06
 9054.875881 -2.846828e-05 -3.151477e-07 -3.753841e-08 -5.329565e-07 5.229064e-05 -2.680677e-06 -4.415068e-05 -8.581958e-06
 9056.242177 -2.850489e-05 -3.117746e-07 -3.658677e-08 -5.340520e-07 3.798184e-05 -2.640873e-05 -5.159917e-05 -4.043538e-07
 9057.620664 -2.857946e-05 -3.094795e-07 -3.565330e-08 -5.359561e-07 3.095393e-05 -5.524970e-05 -5.323629e-05 -1.082460e-06
 9059.011344 -2.836601e-05 -3.106426e-07 -3.520046e-08 -5.308333e-07 3.952772e-05 -3.485589e-05 -3.890650e-05 4.145726e-07
 9060.414215 -2.820847e-05 -3.117068e-07 -3.474474e-08 -5.270766e-07 4.637375e-05 -4.607109e-05 -4.445566e-05 6.315094e-06
 9061.829279 -2.834404e-05 -3.118802e-07 -3.473936e-08 -5.291484e-07 3.405450e-05 -7.073449e-05 -5.103907e-05 1.006329e-05
 9063.256534 -2.842775e-05 -3.119397e-07 -3.440148e-08 -5.308617e-07 2.947860e-05 -5.306344e-05 -3.893580e-05 8.879797e-06
 9064.695981 -2.851438e-05 -3.070625e-07 -3.330091e-08 -5.336244e-07 2.895803e-05 -6.020565e-05 -4.272267e-05 9.785968e-06
 9066.147620 -2.850292e-05 -3.073958e-07 -3.276532e-08 -5.332796e-07 3.662432e-05 -4.018987e-05 -3.835783e-05 1.471461e-05
 9067.611452 -2.845489e-05 -3.081888e-07 -3.264336e-08 -5.322890e-07 4.374751e-05 -4.620546e-05 -3.696288e-05 4.500919e-06
 9069.087475 -2.843138e-05 -3.074632e-07 -3.207871e-08 -5.321131e-07 4.263996e-05 -4.872734e-05 -3.303430e-05 9.261333e-06
 9070.575689 -2.838146e-05 -3.089759e-07 -3.209937e-08 -5.316790e-07 2.890095e-05 -5.654877e-05 -3.614652e-05 8.721653e-06
 9072.076096 -2.832664e-05 -3.103191e-07 -3.222855e-08 -5.316481e-07 2.972076e-05 -3.430853e-05 -4.193052e-05 8.566339e-06
 9073.588695 -2.833017e-05 -3.087775e-07 -3.253824e-08 -5.335247e-07 2.842465e-05 -2.996416e-05 -4.854693e-05 9.835764e-06
 9075.113485 -2.830227e-05 -3.078858e-07 -3.304652e-08 -5.342666e-07 2.593293e-05 -1.539482e-05 -3.412593e-05 4.563764e-06
 9076.650468 -2.830044e-05 -3.067438e-07 -3.363310e-08 -5.352341e-07 2.982110e-05 -7.865156e-06 -5.135837e-05 4.439402e-07
 9078.199642 -2.831822e-05 -3.063930e-07 -3.426032e-08 -5.363110e-07 3.544043e-05 -5.815600e-06 -3.275219e-05 9.842483e-06
 9079.761009 -2.828314e-05 -3.064053e-07 -3.484279e-08 -5.351970e-07 2.738018e-05 8.098676e-07 -2.247848e-05 1.346809e-05
 9081.334567 -2.826207e-05 -3.058284e-07 -3.563001e-08 -5.349965e-07 3.120804e-05 -2.548064e-05 -2.152654e-05 1.721202e-05
 9082.920317 -2.819108e-05 -3.034177e-07 -3.604510e-08 -5.341025e-07 4.152340e-05 -3.150382e-05 -2.128423e-05 1.485906e-05
 9084.518259 -2.816266e-05 -3.038725e-07 -3.678706e-08 -5.339531e-07 4.381224e-05 -4.468702e-06 -2.786783e-05 -2.136842e-06
 9086.128393 -2.812902e-05 -3.046330e-07 -3.730823e-08 -5.340992e-07 5.280554e-05 -1.197145e-05 -2.029681e-05 4.530583e-06
 9087.750719 -2.809010e-05 -3.058848e-07 -3.768022e-08 -5.339495e-07 3.976780e-05 -1.049433e-05 -2.756707e-05 1.454583e-06
 9089.385237 -2.809049e-05 -3.069486e-07 -3.835278e-08 -5.346758e-07 2.959262e-05 -1.288565e-05 -3.472176e-05 -3.670234e-07
 9091.031946 -2.810613e-05 -3.048527e-07 -3.868266e-08 -5.360695e-07 3.286425e-05 -4.497523e-06 -3.948860e-05 7.842845e-06
 9092.690848 -2.811882e-05 -3.033422e-07 -3.917367e-08 -5.369816e-07 4.049354e-05 1.121563e-05 -4.313187e-05 7.121792e-06
 9094.361942 -2.812706e-05 -3.037750e-07 -3.982939e-08 -5.377522e-07 3.963244e-05 1.107502e-05 -3.648638e-05 7.074514e-06
 9096.045227 -2.810775e-05 -3.045268e-07 -4.051931e-08 -5.375231e-07 4.581166e-05 1.315764e-05 -4.039981e-05 1.357620e-05
 9097.740704 -2.807184e-05 -3.063019e-07 -4.107896e-08 -5.364184e-07 4.576721e-05 3.886063e-06 -4.065078e-05 1.604101e-05
 9099.448374 -2.797737e-05 -3.090879e-07 -4.136220e-08 -5.336481e-07 4.841193e-05 -4.052112e-06 -3.629150e-05 9.603411e-06
 9101.168235 -2.788824e-05 -3.122083e-07 -4.142085e-08 -5.305896e-07 5.875100e-05 -8.319603e-06 -2.236561e-05 1.345256e-05
 9102.900288 -2.796134e-05 -3.088353e-07 -4.024259e-08 -5.321023e-07 5.272757e-05 -5.254664e-07 -2.729721e-05 7.192844e-06
 9104.644533 -2.798848e-05 -3.078845e-07 -3.937100e-08 -5.326220e-07 6.174124e-05 -1.055360e-05 -2.544100e-05 6.882021e-06
 9106.400970 -2.800184e-05 -3.072891e-07 -3.852204e-08 -5.332474e-07 6.568063e-05 1.832303e-06 -4.050323e-05 3.467668e-07
 9108.169598 -2.800584e-05 -3.061523e-07 -3.777020e-08 -5.340267e-07 5.980526e-05 -4.888416e-06 -3.307047e-05 1.127143e-06
 9109.950419 -2.798791e-05 -3.061779e-07 -3.714356e-08 -5.338462e-07 5.747869e-05 -1.213046e-05 -3.463719e-05 -3.644472e-06
 9111.743432 -2.798649e-05 -3.051100e-07 -3.660895e-08 -5.350842e-07 5.934675e-05 -1.576206e-05 -4.490223e-05 -1.211862e-05
 9113.548636 -2.794653e-05 -3.067490e-07 -3.662202e-08 -5.346209e-07 4.581515e-05 8.939593e-06 -4.074572e-05 -6.489752e-06
 9115.366032 -2.793909e-05 -3.053373e-07 -3.662148e-08 -5.354520e-07 3.615107e-05 3.190446e-05 -4.022490e-05 -9.366513e-07
 9117.195621 -2.791784e-05 -3.054878e-07 -3.684918e-08 -5.358702e-07 4.602320e-05 3.869247e-05 -4.172174e-05 -2.798228e-06
 9119.037401 -2.789886e-05 -3.057345e-07 -3.691225e-08 -5.364786e-07 6.182359e-05 3.350281e-05 -4.888454e-05 -6.767463e-06
 9120.891373 -2.788287e-05 -3.054622e-07 -3.635159e-08 -5.376519e-07 5.299048e-05 3.115206e-05 -4.486720e-05 3.505107e-06
 9122.757537 -2.787497e-05 -3.049257e-07 -3.540864e-08 -5.388475e-07 5.460616e-05 2.121033e-05 -3.873135e-05 4.952246e-06
 9124.635893 -2.783733e-05 -3.044528e-07 -3.415824e-08 -5.389619e-07 6.032609e-05 3.124632e-05 -3.376036e-05 6.612718e-06
 9126.526441 -2.778521e-05 -3.059093e-07 -3.315764e-08 -5.388024e-07 5.266916e-05 1.816824e-05 -4.689787e-05 4.256831e-06
 9128.429181 -2.772477e-05 -3.058236e-07 -3.233404e-08 -5.392937e-07 6.248721e-05 1.646376e-05 -3.547372e-05 1.170820e-05
 9130.344112 -2.767351e-05 -3.034375e-07 -3.141554e-08 -5.401519e-07 5.571283e-05 -1.170613e-05 -3.584169e-05 5.064270e-06
 9132.271236 -2.776333e-05 -3.035351e-07 -3.134494e-08 -5.438029e-07 5.684841e-05 -2.387924e-05 -3.408044e-05 1.369623e-05
 9134.210552 -2.774777e-05 -3.049665e-07 -3.191089e-08 -5.445791e-07 6.408932e-05 -4.405644e-06 -5.092630e-05 8.917215e-06
 9136.162059 -2.768830e-05 -3.059820e-07 -3.244838e-08 -5.445179e-07 4.859261e-05 -3.868560e-06 -4.167267e-05 -4.318781e-06
 9138.125758 -2.759911e-05 -3.081951e-07 -3.304656e-08 -5.430242e-07 4.465125e-05 -1.849534e-05 -3.680680e-05 -1.251635e-05
 9140.101649 -2.752304e-05 -3.126625e-07 -3.412222e-08 -5.411337e-07 5.049318e-05 -2.770526e-05 -4.152822e-05 -1.237258e-05
 9142.089733 -2.759733e-05 -3.093219e-07 -3.446514e-08 -5.439651e-07 4.353146e-05 -2.389935e-05 -3.263495e-05 -1.266011e-05
 9144.090008 -2.765117e-05 -3.057315e-07 -3.517410e-08 -5.472453e-07 3.313608e-05 2.620483e-05 -4.429875e-05 -1.087226e-05
 9146.102475 -2.765254e-05 -3.045565e-07 -3.633086e-08 -5.482998e-07 3.885891e-05 7.798840e-06 -4.989342e-05 -4.895509e-06
 9148.127133 -2.765148e-05 -3.045310e-07 -3.764736e-08 -5.488980e-07 5.115320e-05 -8.123813e-06 -4.564718e-05 -8.214422e-06
 9150.163984 -2.764644e-05 -3.047161e-07 -3.901767e-08 -5.494246e-07 5.732630e-05 -4.498963e-06 -4.272551e-05 -1.267720e-05
 9152.213027 -2.761834e-05 -3.040414e-07 -4.021123e-08 -5.491909e-07 5.119841e-05 -2.623162e-06 -5.086276e-05 -1.690950e-05
 9154.274261 -2.735849e-05 -3.036472e-07 -4.155417e-08 -5.442043e-07 5.449351e-05 6.048034e-06 -5.324212e-05 -2.388982e-05
 9156.347688 -2.713675e-05 -3.021579e-07 -4.237495e-08 -5.399246e-07 5.188380e-05 2.583972e-05 -4.463378e-05 -3.142681e-06
 9158.433306 -2.755387e-05 -3.074466e-07 -4.353946e-08 -5.479575e-07 4.308751e-05 7.567343e-06 -5.143716e-05 -4.577440e-06
 9160.531117 -2.753455e-05 -3.088248e-07 -4.344962e-08 -5.480937e-07 5.141900e-05 4.591023e-06 -4.173982e-05 -5.448677e-06
 9162.641119 -2.756157e-05 -3.084734e-07 -4.246605e-08 -5.495208e-07 6.035188e-05 -1.367218e-05 -4.458488e-05 1.215201e-06
 9164.763313 -2.759552e-05 -3.077049e-07 -4.130810e-08 -5.514600e-07 5.395707e-05 -1.842710e-05 -3.999955e-05 -3.676903e-06
 9166.897699 -2.757193e-05 -3.059525e-07 -4.004459e-08 -5.518345e-07 5.143200e-05 1.615767e-06 -4.808912e-05 1.893030e-06
 9169.044277 -2.734826e-05 -3.027514e-07 -3.878306e-08 -5.485895e-07 5.280719e-05 1.710774e-05 -5.518038e-05 -3.819334e-06
 9171.203047 -2.730753e-05 -3.049352e-07 -3.814694e-08 -5.473573e-07 5.006581e-05 9.883568e-06 -5.851926e-05 -3.120006e-07
 9173.374008 -2.751995e-05 -3.092310e-07 -3.802180e-08 -5.518586e-07 4.895052e-05 3.954606e-06 -6.586334e-05 4.277639e-06
 9175.557162 -2.753217e-05 -3.122103e-07 -3.829046e-08 -5.518547e-07 4.758710e-05 1.690078e-05 -5.495580e-05 7.420708e-06
 9177.752508 -2.759389e-05 -3.102513e-07 -3.801517e-08 -5.548779e-07 5.700341e-05 3.276856e-05 -4.967200e-05 -3.169074e-07
 9179.960045 -2.762294e-05 -3.085441e-07 -3.788533e-08 -5.573688e-07 5.700942e-05 2.979312e-05 -5.638195e-05 -2.495367e-06
 9182.179775 -2.762024e-05 -3.095151e-07 -3.807911e-08 -5.577001e-07 4.945140e-05 4.184051e-05 -4.863849e-05 -3.539986e-06
 9184.411696 -2.760508e-05 -3.108494e-07 -3.838366e-08 -5.576503e-07 6.192863e-05 4.396355e-05 -3.907316e-05 2.422285e-06
 9186.655809 -2.762912e-05 -3.099353e-07 -3.824579e-08 -5.594873e-07 5.765384e-05 5.732151e-05 -6.328213e-05 -3.414842e-06
 9188.912114 -2.762882e-05 -3.103005e-07 -3.864703e-08 -5.601897e-07 6.046693e-05 2.765312e-05 -5.257174e-05 9.457549e-06
 9191.180611 -2.759225e-05 -3.111229e-07 -3.917231e-08 -5.597909e-07 6.711215e-05 -1.910138e-05 -5.017164e-05 1.052457e-06
 9193.461300 -2.758491e-05 -3.129851e-07 -3.960957e-08 -5.599859e-07 6.682126e-05 -3.591580e-05 -5.419994e-05 -6.195737e-06
 9195.754181 -2.762378e-05 -3.126283e-07 -3.944489e-08 -5.623152e-07 6.304304e-05 -2.885779e-05 -5.316071e-05 -4.114386e-06
 9198.059254 -2.762039e-05 -3.143100e-07 -3.956914e-08 -5.627274e-07 5.647500e-05 -1.823856e-05 -4.290119e-05 1.034703e-05
 9200.376518 -2.766466e-05 -3.145106e-07 -3.925015e-08 -5.650273e-07 5.734456e-05 -4.118641e-06 -4.490307e-05 1.205956e-05
 9202.705975 -2.769212e-05 -3.132130e-07 -3.834511e-08 -5.669430e-07 5.229972e-05 5.766745e-06 -4.196391e-05 7.892685e-06
 9205.047623 -2.770745e-05 -3.133996e-07 -3.757637e-08 -5.682206e-07 5.658729e-05 8.361121e-06 -3.104779e-05 7.609838e-06
 9207.401464 -2.773061e-05 -3.124285e-07 -3.677825e-08 -5.699989e-07 5.439322e-05 -1.127743e-07 -4.447391e-05 -9.679420e-07
 9209.767496 -2.773494e-05 -3.129696e-07 -3.679219e-08 -5.706289e-07 5.265803e-05 -1.787286e-05 -5.214665e-05 -1.197319e-05
 9212.145720 -2.774044e-05 -3.140304e-07 -3.721392e-08 -5.712758e-07 5.887729e-05 -9.549842e-06 -4.030470e-05 -1.103140e-05
 9214.536136 -2.775669e-05 -3.143431e-07 -3.752400e-08 -5.725168e-07 5.837050e-05 -4.740065e-06 -5.406577e-05 -2.104120e-05
 9216.938744 -2.776138e-05 -3.147034e-07 -3.781265e-08 -5.729819e-07 5.660028e-05 -1.179049e-05 -5.515911e-05 -8.587291e-06
 9219.353544 -2.776712e-05 -3.144184e-07 -3.796324e-08 -5.738040e-07 5.348873e-05 -1.527615e-05 -5.508114e-05 -2.938574e-07
 9221.780536 -2.779813e-05 -3.158092e-07 -3.861057e-08 -5.747617e-07 4.955998e-05 5.022125e-06 -5.848090e-05 -1.547276e-06
 9224.219720 -2.782041e-05 -3.167918e-07 -3.971138e-08 -5.756647e-07 4.420092e-05 1.790727e-05 -4.730397e-05 4.198823e-06
 9226.671096 -2.783758e-05 -3.174930e-07 -4.054911e-08 -5.768734e-07 3.344658e-05 8.467616e-06 -5.939724e-05 -1.504348e-06
 9229.134663 -2.786926e-05 -3.189368e-07 -4.161800e-08 -5.782465e-07 3.911699e-05 1.954504e-05 -4.672438e-05 -4.606678e-06
 9231.610423 -2.790354e-05 -3.192143e-07 -4.245347e-08 -5.800093e-07 3.423602e-05 1.076324e-05 -4.138640e-05 -9.306618e-06
 9234.098374 -2.792383e-05 -3.198785e-07 -4.315291e-08 -5.816384e-07 4.799404e-05 -1.227895e-05 -3.993019e-05 -1.830153e-06
 9236.598517 -2.793483e-05 -3.201428e-07 -4.390153e-08 -5.828375e-07 5.533656e-05 -2.288125e-05 -4.335334e-05 -3.496113e-06
 9239.110852 -2.798059e-05 -3.203810e-07 -4.419580e-08 -5.852956e-07 5.051087e-05 -1.441737e-05 -5.731879e-05 -4.475995e-06
 9241.635380 -2.801044e-05 -3.221349e-07 -4.434799e-08 -5.869891e-07 4.368513e-05 -2.189671e-07 -6.129672e-05 -2.935706e-06
 9244.172099 -2.802139e-05 -3.218906e-07 -4.400398e-08 -5.884628e-07 3.399806e-05 -4.749672e-06 -6.233924e-05 3.719597e-06
 9246.721009 -2.804280e-05 -3.228756e-07 -4.409591e-08 -5.900379e-07 3.574886e-05 4.425601e-06 -6.487092e-05 4.929415e-06
 9249.282112 -2.808382e-05 -3.240077e-07 -4.440776e-08 -5.920971e-07 3.641204e-05 -3.850205e-06 -4.597888e-05 -5.010842e-07
 9251.855407 -2.809082e-05 -3.243441e-07 -4.450735e-08 -5.927878e-07 3.703811e-05 1.890740e-06 -5.469423e-05 1.036968e-06
 9254.440894 -2.814062e-05 -3.274728e-07 -4.479556e-08 -5.951885e-07 4.427099e-05 4.783831e-06 -4.536950e-05 8.653092e-06
 9257.038572 -2.815864e-05 -3.286880e-07 -4.474178e-08 -5.965108e-07 4.403977e-05 6.836396e-06 -3.526780e-05 1.258781e-05
 9259.648443 -2.820541e-05 -3.283404e-07 -4.466437e-08 -5.995915e-07 3.250548e-05 2.707478e-06 -3.631931e-05 1.836022e-06
 9262.270505 -2.821102e-05 -3.307523e-07 -4.478578e-08 -6.002962e-07 3.705707e-05 9.843329e-07 -3.835431e-05 1.885448e-06
 9264.904759 -2.820234e-05 -3.317132e-07 -4.459693e-08 -6.008862e-07 3.414199e-05 2.997486e-05 -4.277962e-05 7.132579e-06
 9267.551205 -2.826581e-05 -3.306743e-07 -4.400828e-08 -6.039389e-07 3.816010e-05 3.117478e-05 -5.274176e-05 -3.356808e-06
 9270.209844 -2.832399e-05 -3.310747e-07 -4.363619e-08 -6.060877e-07 3.958752e-05 1.429964e-05 -6.008593e-05 -7.549465e-06
 9272.880674 -2.834817e-05 -3.305390e-07 -4.377336e-08 -6.072909e-07 3.878703e-05 -1.028507e-05 -4.528768e-05 4.207828e-07
 9275.563696 -2.838047e-05 -3.326143e-07 -4.404305e-08 -6.081728e-07 4.493368e-05 -4.238702e-05 -6.007438e-05 5.520048e-06
 9278.258909 -2.835986e-05 -3.352968e-07 -4.432099e-08 -6.079379e-07 5.264953e-05 -3.829810e-05 -4.665123e-05 9.507491e-06
 9280.966315 -2.842418e-05 -3.357322e-07 -4.431143e-08 -6.105604e-07 4.798864e-05 -5.232232e-05 -3.113971e-05 1.884819e-05
 9283.685913 -2.849354e-05 -3.358759e-07 -4.413101e-08 -6.130556e-07 3.613362e-05 -6.998045e-05 -3.762731e-05 1.888479e-05
 9286.417702 -2.850274e-05 -3.372853e-07 -4.440334e-08 -6.134852e-07 4.222253e-05 -4.707019e-05 -4.286643e-05 8.926705e-06
 9289.161684 -2.844800e-05 -3.379233e-07 -4.450891e-08 -6.130544e-07 3.520737e-05 -4.032269e-05 -3.862763e-05 9.294647e-06
 9291.917857 -2.853876e-05 -3.386562e-07 -4.447563e-08 -6.155420e-07 3.074582e-05 -4.172085e-05 -3.646956e-05 1.200513e-05
 9294.686222 -2.865560e-05 -3.406165e-07 -4.463452e-08 -6.193370e-07 3.589950e-05 -3.337822e-05 -4.158703e-05 6.600067e-06
 9297.466780 -2.862260e-05 -3.411334e-07 -4.483369e-08 -6.191608e-07 3.418435e-05 -4.432067e-05 -4.552587e-05 8.450591e-07
 9300.259529 -2.851927e-05 -3.414942e-07 -4.516825e-08 -6.176147e-07 4.151725e-05 -4.055974e-05 -2.990301e-05 1.001159e-06
 9303.064470 -2.877524e-05 -3.430065e-07 -4.564094e-08 -6.249774e-07 4.319518e-05 -2.987589e-05 -3.448735e-05 3.288138e-06
 9305.881602 -2.880142e-05 -3.427725e-07 -4.583551e-08 -6.267143e-07 3.652201e-05 -1.086071e-05 -4.331376e-05 4.075380e-06
 9308.710927 -2.878910e-05 -3.437697e-07 -4.646896e-08 -6.276120e-07 2.651510e-05 -7.955252e-06 -4.565371e-05 4.981405e-06
 9311.552444 -2.886296e-05 -3.456928e-07 -4.727176e-08 -6.303922e-07 3.115151e-05 -1.626477e-05 -5.109124e-05 1.337327e-05
 9314.406153 -2.884146e-05 -3.486419e-07 -4.825485e-08 -6.299067e-07 3.334537e-05 -4.419284e-05 -4.668904e-05 1.506847e-05
 9317.272053 -2.883778e-05 -3.497742e-07 -4.861906e-08 -6.305549e-07 3.132992e-05 -5.523349e-05 -5.688298e-05 9.798696e-06
 9320.150146 -2.892975e-05 -3.477738e-07 -4.846522e-08 -6.345000e-07 2.487813e-05 -2.324750e-05 -5.232013e-05 1.253532e-05
 9323.040430 -2.889099e-05 -3.485787e-07 -4.884350e-08 -6.343141e-07 2.617697e-05 -1.547018e-05 -5.548859e-05 7.949350e-06
 9325.942906 -2.871066e-05 -3.491089e-07 -4.892607e-08 -6.306605e-07 3.675607e-05 -1.231898e-05 -6.004541e-05 -4.490032e-06
 9328.857574 -2.891398e-05 -3.514318e-07 -4.923161e-08 -6.358690e-07 3.447041e-05 -9.236230e-07 -4.450575e-05 -1.937251e-06
 9331.784435 -2.900313e-05 -3.521336e-07 -4.934622e-08 -6.390498e-07 3.877252e-05 -7.318454e-06 -4.543089e-05 -6.674663e-07
 9334.723487 -2.912530e-05 -3.519721e-07 -4.964056e-08 -6.435437e-07 3.211625e-05 -8.761105e-06 -3.526700e-05 9.069624e-06
 9337.674730 -2.923714e-05 -3.537103e-07 -5.052690e-08 -6.472485e-07 3.416961e-05 -1.960894e-05 -3.948023e-05 1.100358e-05
 9340.638166 -2.926626e-05 -3.549873e-07 -5.117107e-08 -6.490071e-07 3.778278e-05 -3.677811e-05 -4.514539e-05 4.890117e-06
 9343.613794 -2.931281e-05 -3.554123e-07 -5.132136e-08 -6.512717e-07 3.956409e-05 -4.436760e-05 -4.422738e-05 -1.612805e-06
 9346.601614 -2.935647e-05 -3.563596e-07 -5.157949e-08 -6.535533e-07 3.852304e-05 -4.609380e-05 -4.770854e-05 2.621783e-06
 9349.601625 -2.939185e-05 -3.586960e-07 -5.197787e-08 -6.550754e-07 3.069545e-05 -4.799134e-05 -4.426254e-05 2.890090e-06
 9352.613829 -2.941644e-05 -3.597151e-07 -5.205905e-08 -6.565291e-07 3.576423e-05 -4.196379e-05 -4.315965e-05 2.883181e-07
 9355.638224 -2.939497e-05 -3.623041e-07 -5.252586e-08 -6.564044e-07 3.754022e-05 -4.630677e-05 -4.418371e-05 -1.408048e-05
 9358.674811 -2.943562e-05 -3.621190e-07 -5.259988e-08 -6.585480e-07 3.525719e-05 -2.326588e-05 -3.850578e-05 -8.712498e-06
 9361.723590 -2.943826e-05 -3.632557e-07 -5.275833e-08 -6.593929e-07 3.618703e-05 -2.551074e-05 -4.361574e-05 -3.264173e-06
 9364.784561 -2.945592e-05 -3.652146e-07 -5.288988e-08 -6.605571e-07 3.581713e-05 -2.096199e-05 -5.639045e-05 2.190121e-06
 9367.857724 -2.959076e-05 -3.651894e-07 -5.248465e-08 -6.654123e-07 3.959244e-05 -1.598092e-05 -5.809625e-05 5.516046e-06
 9370.943079 -2.970115e-05 -3.662464e-07 -5.259665e-08 -6.694354e-07 2.868994e-05 -1.799251e-06 -6.213368e-05 -2.774317e-07
 9374.040626 -2.977197e-05 -3.672924e-07 -5.281346e-08 -6.726616e-07 1.760291e-05 1.319089e-05 -5.702756e-05 1.107886e-05
 9377.150365 -2.979820e-05 -3.681797e-07 -5.300579e-08 -6.742109e-07 2.999672e-05 -2.254123e-06 -5.323905e-05 1.824378e-05
 9380.272295 -2.987213e-05 -3.700183e-07 -5.312396e-08 -6.771723e-07 3.761541e-05 -4.557925e-06 -5.037683e-05 1.608422e-05
 9383.406418 -2.992142e-05 -3.708413e-07 -5.331883e-08 -6.797443e-07 2.918996e-05 1.211691e-06 -4.458996e-05 2.346249e-05
 9386.552732 -2.994759e-05 -3.733136e-07 -5.376383e-08 -6.812752e-07 3.240155e-05 3.904750e-06 -4.531775e-05 2.970147e-05
 9389.711239 -3.004133e-05 -3.750067e-07 -5.400530e-08 -6.853275e-07 2.421102e-05 2.454346e-05 -5.536591e-05 2.065421e-05
 9392.881937 -3.009932e-05 -3.772206e-07 -5.434245e-08 -6.876172e-07 2.294801e-05 -2.326910e-06 -5.216570e-05 2.183982e-05
 9396.064827 -3.011996e-05 -3.788080e-07 -5.488469e-08 -6.890030e-07 3.259498e-05 -2.017289e-05 -4.513505e-05 2.506850e-05
 9399.259909 -3.016672e-05 -3.792909e-07 -5.504497e-08 -6.918225e-07 2.932315e-05 -1.212765e-05 -5.360756e-05 2.014881e-05
 9402.467183 -3.021098e-05 -3.807156e-07 -5.536093e-08 -6.940059e-07 3.452075e-05 -9.501416e-06 -5.220901e-05 1.124345e-05
 9405.686649 -3.024665e-05 -3.811331e-07 -5.542267e-08 -6.961252e-07 2.942496e-05 -1.024509e-05 -5.419190e-05 9.930159e-06
 9408.918307 -3.029427e-05 -3.817604e-07 -5.588271e-08 -6.984683e-07 1.711802e-05 -3.194959e-05 -6.007787e-05 8.985392e-06
 9412.162157 -3.031825e-05 -3.829911e-07 -5.635945e-08 -7.004638e-07 2.590152e-05 -3.469552e-05 -6.717292e-05 3.606678e-06
 9415.418198 -3.037000e-05 -3.844035e-07 -5.687344e-08 -7.026403e-07 2.568656e-05 -1.157400e-05 -6.957932e-05 7.888728e-06
 9418.686432 -3.035992e-05 -3.865326e-07 -5.747531e-08 -7.027232e-07 2.215554e-05 -6.868672e-06 -5.938130e-05 1.115246e-05
 9421.966857 -3.030970e-05 -3.865043e-07 -5.786858e-08 -7.030736e-07 2.252459e-05 -3.414713e-05 -4.693866e-05 1.450327e-05
 9425.259474 -3.036996e-05 -3.882152e-07 -5.842249e-08 -7.056313e-07 2.044626e-05 -3.624746e-05 -5.099483e-05 1.145975e-05
 9428.564284 -3.053877e-05 -3.906094e-07 -5.862744e-08 -7.110056e-07 1.959202e-05 -5.711355e-05 -5.943461e-05 1.102016e-05
 9431.881285 -3.058596e-05 -3.929085e-07 -5.885616e-08 -7.132413e-07 2.397716e-05 -5.119143e-05 -5.641513e-05 4.592760e-06
 9435.210478 -3.063197e-05 -3.945831e-07 -5.930382e-08 -7.152864e-07 2.703904e-05 -5.087551e-05 -6.313094e-05 -5.860222e-06
 9438.551863 -3.067513e-05 -3.964646e-07 -5.982890e-08 -7.172116e-07 1.321844e-05 -4.935042e-05 -5.327188e-05 -7.576519e-06
 9441.905440 -3.075268e-05 -3.978259e-07 -6.010011e-08 -7.205828e-07 1.636415e-05 -6.889253e-05 -5.122088e-05 -1.352024e-05
 9445.271209 -3.075617e-05 -3.993482e-07 -6.072412e-08 -7.214677e-07 2.916077e-05 -8.186922e-05 -4.545394e-05 -9.069360e-06
 9448.649169 -3.080236e-05 -4.009909e-07 -6.127020e-08 -7.238118e-07 3.193587e-05 -6.685495e-05 -4.226377e-05 -1.238888e-05
 9452.039322 -3.085082e-05 -4.031700e-07 -6.196069e-08 -7.260179e-07 2.310732e-05 -7.017064e-05 -4.261996e-05 -1.547374e-05
 9455.441666 -3.089820e-05 -4.038249e-07 -6.214183e-08 -7.286661e-07 1.921343e-05 -2.885253e-05 -3.675705e-05 -8.906324e-06
 9458.856203 -3.094076e-05 -4.049585e-07 -6.260788e-08 -7.312729e-07 1.658072e-05 -1.452302e-05 -3.609598e-05 -1.111280e-05
 9462.282931 -3.099844e-05 -4.072906e-07 -6.303410e-08 -7.340784e-07 1.688204e-05 -2.154222e-05 -3.943202e-05 -1.824698e-05
 9465.721851 -3.098363e-05 -4.102894e-07 -6.357577e-08 -7.338724e-07 2.001667e-05 1.367745e-05 -4.151717e-05 -1.033945e-05
 9469.172964 -3.099903e-05 -4.131160e-07 -6.423830e-08 -7.350174e-07 2.300712e-05 1.046625e-05 -4.693233e-05 -7.127265e-06
 9472.636268 -3.109019e-05 -4.131226e-07 -6.422923e-08 -7.393645e-07 2.042446e-05 7.490136e-06 -4.653673e-05 -3.229516e-06
 9476.111764 -3.111447e-05 -4.156600e-07 -6.459059e-08 -7.407635e-07 2.553785e-05 2.760965e-05 -6.356596e-05 -8.880608e-06
 9479.599451 -3.111853e-05 -4.178840e-07 -6.489942e-08 -7.416991e-07 2.833633e-05 2.713048e-05 -4.278634e-05 -8.544907e-06
 9483.099331 -3.110130e-05 -4.199632e-07 -6.549204e-08 -7.422208e-07 3.220183e-05 8.119435e-06 -4.252713e-05 -8.844684e-06
 9486.611403 -3.114159e-05 -4.215397e-07 -6.588025e-08 -7.443257e-07 2.837379e-05 1.929138e-06 -5.674244e-05 -1.065758e-05
 9490.135666 -3.117552e-05 -4.242960e-07 -6.627997e-08 -7.459827e-07 3.160566e-05 -1.440288e-05 -4.965810e-05 -1.910240e-05
 9493.672122 -3.129558e-05 -4.246365e-07 -6.651469e-08 -7.513985e-07 3.225946e-05 -2.141940e-05 -4.910860e-05 -1.772074e-05
 9497.220769 -3.122645e-05 -4.265499e-07 -6.674563e-08 -7.501270e-07 2.131851e-05 -4.132816e-05 -5.375347e-05 -1.837739e-05
 9500.781609 -3.115688e-05 -4.269406e-07 -6.670175e-08 -7.495176e-07 1.892221e-05 -6.730359e-05 -5.911495e-05 -7.762569e-06
 9504.354640 -3.120362e-05 -4.266835e-07 -6.655416e-08 -7.526102e-07 2.351983e-05 -6.428056e-05 -4.810113e-05 3.778126e-06
 9507.939863 -3.147007e-05 -4.291503e-07 -6.723363e-08 -7.610244e-07 2.272891e-05 -7.124479e-05 -4.327931e-05 1.336213e-06
 9511.537278 -3.152448e-05 -4.312689e-07 -6.762526e-08 -7.636007e-07 2.643078e-05 -5.993235e-05 -5.565204e-05 -9.934372e-06
 9515.146885 -3.155637e-05 -4.332617e-07 -6.802659e-08 -7.658953e-07 2.594949e-05 -5.904813e-05 -5.896197e-05 -3.600154e-06
 9518.768684 -3.157288e-05 -4.355265e-07 -6.869430e-08 -7.676962e-07 3.094791e-05 -7.709111e-05 -5.400709e-05 -7.359227e-06
 9522.402675 -3.151854e-05 -4.391351e-07 -6.961292e-08 -7.669258e-07 3.244432e-05 -6.020151e-05 -5.727755e-05 -8.173502e-06
 9526.048857 -3.151482e-05 -4.415721e-07 -7.025423e-08 -7.674948e-07 2.620054e-05 -6.199832e-05 -5.095412e-05 -6.468028e-06
 9529.707232 -3.161702e-05 -4.430764e-07 -7.074063e-08 -7.715749e-07 1.952922e-05 -4.919131e-05 -5.577773e-05 -1.425707e-05
 9533.377799 -3.167605e-05 -4.450366e-07 -7.132290e-08 -7.746216e-07 2.038070e-05 -5.059847e-05 -5.119361e-05 -1.261771e-05
 9537.060557 -3.167699e-05 -4.449881e-07 -7.135486e-08 -7.764811e-07 2.622185e-05 -3.438880e-05 -5.554475e-05 -9.994935e-06
 9540.755507 -3.154789e-05 -4.450686e-07 -7.160447e-08 -7.745243e-07 2.993000e-05 -1.992417e-05 -5.793692e-05 -6.764847e-06
 9544.462650 -3.179433e-05 -4.486829e-07 -7.244603e-08 -7.819445e-07 2.555014e-05 -5.546659e-05 -5.042523e-05 -5.704408e-06
 9548.181984 -3.179882e-05 -4.518039e-07 -7.303906e-08 -7.829818e-07 2.650982e-05 -6.293473e-05 -5.060507e-05 -3.435204e-06
 9551.913510 -3.181791e-05 -4.541723e-07 -7.355836e-08 -7.847436e-07 2.280285e-05 -5.646016e-05 -5.080993e-05 -3.148116e-06
 9555.657228 -3.180888e-05 -4.570666e-07 -7.442213e-08 -7.855121e-07 2.016442e-05 -5.029053e-05 -4.915428e-05 -5.141565e-06
 9559.413138 -3.188735e-05 -4.572790e-07 -7.468262e-08 -7.900028e-07 1.807419e-05 -4.874367e-05 -4.237128e-05 1.193465e-06
 9563.181239 -3.190443e-05 -4.580992e-07 -7.504439e-08 -7.924742e-07 2.294958e-05 -5.365560e-05 -4.250055e-05 7.465857e-06
 9566.961533 -3.197172e-05 -4.611043e-07 -7.573910e-08 -7.952872e-07 1.787049e-05 -5.303703e-05 -3.865586e-05 2.265770e-06
 9570.754019 -3.189738e-05 -4.642194e-07 -7.623293e-08 -7.938240e-07 1.058745e-05 -5.399793e-05 -4.104946e-05 4.897953e-06
 9574.558696 -3.194936e-05 -4.670047e-07 -7.667883e-08 -7.963097e-07 1.214772e-05 -5.196037e-05 -4.344346e-05 7.079802e-06
 9578.375565 -3.206568e-05 -4.674714e-07 -7.711202e-08 -8.020169e-07 1.214831e-05 -3.462212e-05 -3.898094e-05 7.649417e-06
 9582.204627 -3.210353e-05 -4.689709e-07 -7.757737e-08 -8.052705e-07 1.801211e-05 1.557746e-06 -4.271608e-05 4.503835e-06
 9586.045880 -3.210211e-05 -4.713914e-07 -7.811789e-08 -8.065596e-07 2.798464e-05 4.559010e-06 -3.945062e-05 9.131949e-07
 9589.899325 -3.209398e-05 -4.712490e-07 -7.827107e-08 -8.084239e-07 2.011276e-05 -1.903627e-05 -3.704806e-05 -3.600504e-06
 9593.764962 -3.207563e-05 -4.721463e-07 -7.865845e-08 -8.093815e-07 2.442967e-05 -1.846409e-05 -4.170464e-05 -8.757008e-06
 9597.642791 -3.209453e-05 -4.733269e-07 -7.891174e-08 -8.117397e-07 2.823236e-05 -2.963497e-05 -4.460877e-05 -3.004418e-06
 9601.532812 -3.214984e-05 -4.752783e-07 -7.959528e-08 -8.150396e-07 2.972363e-05 -2.905830e-05 -5.301049e-05 -9.628158e-06
 9605.435025 -3.214728e-05 -4.780095e-07 -8.034360e-08 -8.159370e-07 2.821224e-05 -3.075142e-05 -4.738063e-05 -4.753876e-06
 9609.349429 -3.208851e-05 -4.801317e-07 -8.071476e-08 -8.153246e-07 3.217620e-05 -3.255071e-05 -3.626759e-05 1.094638e-06
 9613.276026 -3.212856e-05 -4.809994e-07 -8.098213e-08 -8.181640e-07 3.628798e-05 -1.591473e-05 -2.730405e-05 2.418551e-07
 9617.214814 -3.218538e-05 -4.812428e-07 -8.089848e-08 -8.220011e-07 2.792138e-05 -2.397294e-05 -3.836231e-05 6.232375e-07
 9621.165795 -3.215268e-05 -4.831951e-07 -8.131200e-08 -8.224110e-07 3.153037e-05 -3.549695e-05 -4.471037e-05 6.823952e-06
 9625.128967 -3.222832e-05 -4.854202e-07 -8.182770e-08 -8.264524e-07 3.693207e-05 -2.656823e-05 -4.495285e-05 -8.124802e-06
 9629.104331 -3.225944e-05 -4.872227e-07 -8.243189e-08 -8.289390e-07 3.564471e-05 -5.397676e-05 -3.596376e-05 -1.491176e-05
 9633.091888 -3.222249e-05 -4.889004e-07 -8.266911e-08 -8.294446e-07 3.697978e-05 -8.404351e-05 -3.189497e-05 -7.538719e-06
 9637.091636 -3.226249e-05 -4.917042e-07 -8.319231e-08 -8.320603e-07 4.017751e-05 -9.010829e-05 -3.340719e-05 -6.757485e-06
 9641.103575 -3.230196e-05 -4.929222e-07 -8.356638e-08 -8.348896e-07 4.646093e-05 -8.924976e-05 -3.521752e-05 -1.351768e-05
 9645.127707 -3.230666e-05 -4.962960e-07 -8.455972e-08 -8.366372e-07 3.616352e-05 -8.388137e-05 -3.213700e-05 -1.134182e-05
 9649.164031 -3.225814e-05 -5.002928e-07 -8.566902e-08 -8.360622e-07 1.814712e-05 -1.140602e-04 -4.327602e-05 -1.403452e-05
 9653.212547 -3.228999e-05 -5.025619e-07 -8.614089e-08 -8.390004e-07 1.872926e-05 -1.188853e-04 -3.971915e-05 -1.214624e-05
 9657.273254 -3.238976e-05 -5.031995e-07 -8.644760e-08 -8.443553e-07 2.540117e-05 -1.007690e-04 -3.504472e-05 -1.202063e-05
 9661.346154 -3.231653e-05 -5.070179e-07 -8.762381e-08 -8.433812e-07 3.229029e-05 -8.334182e-05 -4.287078e-05 -6.956777e-06
 9665.431245 -3.219470e-05 -5.083319e-07 -8.804166e-08 -8.419907e-07 3.818424e-05 -6.103902e-05 -5.044121e-05 -9.764477e-06
 9669.528529 -3.231792e-05 -5.101216e-07 -8.853640e-08 -8.476117e-07 3.672233e-05 -7.438774e-05 -4.875523e-05 -1.156884e-05
 9673.638004 -3.239457e-05 -5.110738e-07 -8.865041e-08 -8.521436e-07 2.798282e-05 -8.413827e-05 -4.063791e-05 -4.200357e-06
 9677.759671 -3.236195e-05 -5.140022e-07 -8.931169e-08 -8.526553e-07 2.749431e-05 -7.400021e-05 -4.090746e-05 -5.989678e-07
 9681.893530 -3.233679e-05 -5.151838e-07 -8.990056e-08 -8.536256e-07 3.534218e-05 -7.723975e-05 -3.834576e-05 2.362752e-06
 9686.039581 -3.237843e-05 -5.153260e-07 -9.011200e-08 -8.572704e-07 3.642297e-05 -7.861156e-05 -3.916237e-05 -5.875987e-06
 9690.197824 -3.241412e-05 -5.164790e-07 -9.068897e-08 -8.606714e-07 3.342308e-05 -9.754456e-05 -5.117277e-05 -9.859903e-06
 9694.368258 -3.240584e-05 -5.174948e-07 -9.095201e-08 -8.621273e-07 3.137365e-05 -6.684361e-05 -5.559368e-05 -8.797296e-06
 9698.550885 -3.237002e-05 -5.196656e-07 -9.157195e-08 -8.619813e-07 3.057788e-05 -5.901367e-05 -6.030865e-05 -1.127113e-05
 9702.745704 -3.235687e-05 -5.202694e-07 -9.207422e-08 -8.628098e-07 4.328429e-05 -6.811633e-05 -5.187114e-05 -1.524335e-05
 9706.952714 -3.235112e-05 -5.216427e-07 -9.227831e-08 -8.646903e-07 3.469782e-05 -7.690502e-05 -4.711271e-05 -1.554945e-05
 9711.171916 -3.229260e-05 -5.240127e-07 -9.288839e-08 -8.646550e-07 3.244567e-05 -9.025695e-05 -4.364651e-05 -1.650516e-05
 9715.403311 -3.238044e-05 -5.260395e-07 -9.344535e-08 -8.693628e-07 3.390342e-05 -8.348941e-05 -4.397357e-05 -2.297832e-05
 9719.646897 -3.232834e-05 -5.288049e-07 -9.428866e-08 -8.693643e-07 2.791169e-05 -8.128622e-05 -6.047811e-05 -1.935103e-05
 9723.902675 -3.232278e-05 -5.307695e-07 -9.473883e-08 -8.713375e-07 2.612261e-05 -8.616773e-05 -5.356094e-05 -1.462255e-05
 9728.170645 -3.233507e-05 -5.303165e-07 -9.489713e-08 -8.739848e-07 2.512615e-05 -7.749728e-05 -5.648922e-05 -1.897718e-05
 9732.450807 -3.230436e-05 -5.325923e-07 -9.563839e-08 -8.747762e-07 2.935685e-05 -6.087728e-05 -4.509284e-05 -2.006917e-05
 9736.743161 -3.230183e-05 -5.339138e-07 -9.604188e-08 -8.763217e-07 3.174869e-05 -5.824378e-05 -3.275221e-05 -9.292809e-06
 9741.047707 -3.231342e-05 -5.361641e-07 -9.662879e-08 -8.785156e-07 4.131843e-05 -7.129924e-05 -4.174475e-05 -8.432778e-06
 9745.364444 -3.232150e-05 -5.383576e-07 -9.711262e-08 -8.813962e-07 4.400090e-05 -8.916341e-05 -5.072972e-05 -1.204721e-05
 9749.693374 -3.234183e-05 -5.398942e-07 -9.773513e-08 -8.843953e-07 3.917932e-05 -8.029868e-05 -3.997993e-05 -2.168613e-05
 9754.034495 -3.225527e-05 -5.432861e-07 -9.830050e-08 -8.824726e-07 3.488743e-05 -6.154503e-05 -4.206750e-05 -1.690662e-05
 9758.387809 -3.199149e-05 -5.472313e-07 -9.930686e-08 -8.742656e-07 3.696129e-05 -5.140527e-05 -2.624645e-05 -1.317552e-05
 9762.753314 -3.204220e-05 -5.498155e-07 -1.000727e-07 -8.775842e-07 4.438993e-05 -5.382047e-05 -4.515451e-05 -2.212598e-05
 9767.131011 -3.216589e-05 -5.506641e-07 -1.005158e-07 -8.840043e-07 4.411568e-05 -6.329581e-05 -4.375996e-05 -2.128758e-05
 9771.520900 -3.227866e-05 -5.504286e-07 -1.004084e-07 -8.910395e-07 3.862948e-05 -5.918344e-05 -4.965557e-05 -1.514617e-05
 9775.922981 -3.226680e-05 -5.517345e-07 -1.009784e-07 -8.926492e-07 3.461883e-05 -4.924062e-05 -4.848908e-05 -1.842880e-05
 9780.337254 -3.215610e-05 -5.508136e-07 -1.010119e-07 -8.924675e-07 3.174841e-05 -4.855745e-05 -4.436203e-05 -1.307627e-05
 9784.763719 -3.210589e-05 -5.540162e-07 -1.017895e-07 -8.921473e-07 3.271914e-05 -6.628739e-05 -5.219168e-05 -1.821382e-05
 9789.202376 -3.215973e-05 -5.550807e-07 -1.019405e-07 -8.960136e-07 3.225292e-05 -6.139356e-05 -4.988761e-05 -2.230946e-05
 9793.653224 -3.204176e-05 -5.565718e-07 -1.025291e-07 -8.949180e-07 3.523117e-05 -6.459416e-05 -4.706767e-05 -2.465957e-05
 9798.116265 -3.211599e-05 -5.629206e-07 -1.041120e-07 -8.983012e-07 3.874364e-05 -4.500761e-05 -4.725674e-05 -1.724312e-05
 9802.591497 -3.218062e-05 -5.657408e-07 -1.049370e-07 -9.024488e-07 4.648278e-05 -2.012379e-05 -4.570461e-05 -1.152854e-05
 9807.078922 -3.220773e-05 -5.681452e-07 -1.055075e-07 -9.056915e-07 3.938387e-05 -8.010909e-06 -4.448137e-05 -1.164636e-05
 9811.578538 -3.218906e-05 -5.688963e-07 -1.061431e-07 -9.074105e-07 3.485444e-05 -2.976852e-05 -5.473612e-05 -9.414023e-06
 9816.090346 -3.216131e-05 -5.704874e-07 -1.065881e-07 -9.090733e-07 4.567071e-05 -3.831882e-05 -5.372015e-05 9.445048e-07
 9820.614346 -3.213762e-05 -5.727031e-07 -1.070755e-07 -9.101632e-07 4.240141e-05 -6.754189e-05 -4.835400e-05 -3.459214e-06
 9825.150538 -3.205148e-05 -5.734677e-07 -1.075596e-07 -9.096035e-07 4.199962e-05 -4.864868e-05 -4.945734e-05 -9.228870e-06
 9829.698922 -3.178181e-05 -5.721910e-07 -1.074787e-07 -9.043268e-07 3.637905e-05 -2.840459e-05 -4.088788e-05 -3.215932e-06
 9834.259498 -3.187933e-05 -5.754085e-07 -1.083741e-07 -9.087380e-07 4.101926e-05 -5.259736e-06 -5.155045e-05 -8.240609e-06
 9838.832266 -3.187666e-05 -5.790734e-07 -1.095962e-07 -9.099877e-07 4.395131e-05 -4.300542e-05 -5.747579e-05 -8.300560e-06
 9843.417226 -3.194462e-05 -5.834581e-07 -1.108139e-07 -9.138566e-07 4.767742e-05 -6.696037e-05 -5.530513e-05 9.105362e-06
 9848.014377 -3.185889e-05 -5.862844e-07 -1.115512e-07 -9.127332e-07 4.291646e-05 -6.626882e-05 -4.960037e-05 7.371822e-06
 9852.623721 -3.198551e-05 -5.876118e-07 -1.118412e-07 -9.198137e-07 4.188813e-05 -4.626315e-05 -5.370564e-05 1.437684e-05
 9857.245256 -3.202116e-05 -5.888529e-07 -1.124559e-07 -9.238522e-07 6.569723e-05 -3.145507e-05 -5.984184e-05 1.784094e-05
 9861.878983 -3.199733e-05 -5.921920e-07 -1.134134e-07 -9.253644e-07 7.265197e-05 -1.991686e-05 -6.218351e-05 1.586960e-05
 9866.524902 -3.196607e-05 -5.959221e-07 -1.142256e-07 -9.266375e-07 7.456615e-05 -8.670001e-06 -6.169620e-05 8.668549e-06
 9871.183013 -3.193917e-05 -5.977887e-07 -1.149680e-07 -9.290835e-07 7.455348e-05 -2.269982e-05 -6.240228e-05 1.154396e-05
 9875.853316 -3.185431e-05 -5.992100e-07 -1.157178e-07 -9.284449e-07 7.484416e-05 -1.244892e-05 -5.887684e-05 8.944333e-06
 9880.535811 -3.185957e-05 -6.002323e-07 -1.159518e-07 -9.306321e-07 7.232392e-05 -3.906179e-06 -5.414147e-05 1.743653e-06
 9885.230498 -3.183640e-05 -6.013181e-07 -1.163370e-07 -9.312672e-07 6.650596e-05 6.122794e-06 -5.506463e-05 -7.608291e-06
 9889.937377 -3.178024e-05 -6.023934e-07 -1.166867e-07 -9.312338e-07 7.043602e-05 -8.270979e-06 -4.959447e-05 -1.635443e-06
 9894.656448 -3.178856e-05 -6.045947e-07 -1.173116e-07 -9.338626e-07 7.279297e-05 2.224294e-05 -4.237349e-05 8.359658e-06
 9899.387710 -3.172873e-05 -6.059955e-07 -1.178329e-07 -9.342368e-07 6.146458e-05 4.387528e-05 -3.928258e-05 2.465665e-06
 9904.131165 -3.166251e-05 -6.078321e-07 -1.186061e-07 -9.338454e-07 6.442108e-05 3.031597e-05 -3.556034e-05 -3.595288e-06
 9908.886811 -3.167413e-05 -6.090566e-07 -1.192724e-07 -9.367285e-07 6.480321e-05 9.159363e-06 -5.587493e-05 -6.730703e-06
 9913.654649 -3.167648e-05 -6.114921e-07 -1.197853e-07 -9.393699e-07 6.045768e-05 4.047829e-05 -5.269435e-05 -6.425094e-06
 9918.434679 -3.165776e-05 -6.147416e-07 -1.207675e-07 -9.416461e-07 5.700570e-05 6.760249e-05 -5.352972e-05 -5.262463e-06
 9923.226901 -3.161680e-05 -6.173146e-07 -1.215254e-07 -9.434551e-07 5.365708e-05 6.149669e-05 -5.545876e-05 5.929117e-06
 9928.031315 -3.157661e-05 -6.196905e-07 -1.224071e-07 -9.442775e-07 4.987324e-05 6.606012e-05 -5.116451e-05 3.014777e-06
 9932.847921 -3.158562e-05 -6.208595e-07 -1.227665e-07 -9.472282e-07 4.838506e-05 6.750041e-05 -5.018832e-05 3.365647e-06
 9937.676719 -3.144625e-05 -6.221396e-07 -1.233276e-07 -9.457055e-07 5.537824e-05 6.739201e-05 -4.832143e-05 -5.268184e-06
 9942.517709 -3.129512e-05 -6.238828e-07 -1.239952e-07 -9.422625e-07 5.007432e-05 7.273261e-05 -4.476688e-05 -3.245292e-06
 9947.370891 -3.129691e-05 -6.258850e-07 -1.246579e-07 -9.441494e-07 3.938150e-05 6.645996e-05 -3.435368e-05 -6.439058e-06
 9952.236264 -3.138240e-05 -6.312355e-07 -1.259032e-07 -9.481785e-07 3.781268e-05 2.376262e-05 -3.225812e-05 -1.838342e-06
