# Facility.name: NSLS-II
# Facility.mode: Beam available
# Facility.current: 400.3657856714006
# Facility.current: 3 GeV
# Facility.year: 2023
# Facility.cycle: 2
# Facility.GUP: 312970
# Facility.SAF: 311402
# Experimenter.name: Esteban Fornero
# Beamline.name: ISS (8-ID)
# Beamline.x-ray_source: damping wiggler
# Beamline.collimation_mirror1.material: Si
# Beamline.collimation_mirror2.material: Pt
# Beamline.collimation_mirror2.bender_loading: -349.0
# Beamline.focusing: toroidal mirror
# Beamline.focusing.material: Pt
# Beamline.focusing.bender_loading: -418.0
# Beamline.harmonic_rejection: Si
# Mono.scan_mode: Si(111)
# Mono.d_spacing: 3.1354951
# Mono.scan_mode: pseudo-channel cut
# Mono.scan_type: fly_scan
# Mono.trajectory_name: f950a534-6fd5.txt
# Mono.direction: None
# Mono.angle_offset: 0.69366577
# Mono.angle_offset: 39.744 deg
# Mono.encoder_resolution: 48.0 nrad
# Detector.I0: ion chamber
# Detector.I1: ion chamber
# Detector.I2: ion chamber
# Detector.IF: PIPS
# Detector.I0.length: 15 cm
# Detector.I1.length: 28 cm
# Detector.I2.length: 15 cm
# Detector.IF.thickness: 300 um
# Detector.I0.gas.N2: 38.0%
# Detector.I1.gas.N2: 38.0%
# Detector.I2.gas.N2: 38.0%
# Detector.I0.gas.He: 62.0%
# Detector.I1.gas.He: 62.0%
# Detector.I2.gas.He: 62.0%
# Detector.I0.voltage: -1649.994995
# Detector.I1.voltage: -1649.999146
# Detector.I2.voltage: -1649.999634
# Detector.I0.gain: 4
# Detector.I1.gain: 6
# Detector.I2.gain: 6
# Detector.IF.gain: 6
# Detector.aux: {}
# Element.symbol: Cu
# Element.edge: K
# Element.line: None
# Scan.transient_id: 370989
# Scan.uid: ad0d590c-d14c-4612-b1db-f31fbe8bdf57
# Scan.edge_energy: 8979.0
# Scan.start_time: 06/23/2023  04:31:39.050744
# Scan.end_time: 06/23/2023  04:32:12.070536
# Scan.name: CuGaO2-4th PP+O2-ramp (pos 001) Cu-K 0001
# Scan.comment: 
# Sample.name: CuGaO2-4th
# Sample.comment: 
# Sample.position.x: -66.4779948865
# Sample.position.y: 30.524046843
# Sample.position.z: -10.184937499999995
# Sample.position.theta: 845.5790000000001
# SampleHeater.temperature1.setpoint: 300.0
# SampleHeater.temperature1.readback: 1372.0
# SampleHeater.current.setpoint: 0.0
# SampleHeater.current.readback: 0.0
# SampleHeater.temperature2.setpoint: 93.16391312060533
# SampleHeater.temperature2.readback: 96.0
# SampleHeater.voltage.setpoint: 0.2745509680057958
# SampleHeater.voltage.readback: 0.296
# SampleHeater.PID.P: 0.025
# SampleHeater.PID.I: 0.07
# SampleHeater.PID.D: 0.0
# SampleGasCart.MFC.CH4.setpoint: 3.0
# SampleGasCart.MFC.CH4.readback: 2.998
# SampleGasCart.MFC.CO.setpoint: 0.0
# SampleGasCart.MFC.CO.readback: 0.0
# SampleGasCart.MFC.H2.setpoint: 0.0
# SampleGasCart.MFC.H2.readback: 0.0
# SampleGasCart.MFC.exhaust.setpoint: 100.0
# SampleGasCart.MFC.exhaust.readback: 10.790000000000001
# SampleGasHandlingSystem.gas_a.name: None
# SampleGasHandlingSystem.gas_b.name: None
# SampleGasHandlingSystem.gas_c.name: None
# SampleGasHandlingSystem.gas_d.name: None
# SampleGasHandlingSystem.gas_e.name: He
# SampleGasHandlingSystem.MFC1.setpoint: 7.0
# SampleGasHandlingSystem.MFC1.readback: 6.998697757720947
# SampleGasHandlingSystem.MFC2.setpoint: 0.0
# SampleGasHandlingSystem.MFC2.readback: -0.0651041641831398
# SampleGasHandlingSystem.MFC3.setpoint: 0.0
# SampleGasHandlingSystem.MFC3.readback: 0.0244140625
# SampleGasHandlingSystem.MFC4.setpoint: 0.0
# SampleGasHandlingSystem.MFC4.readback: -0.0528971366584301
# SampleGasHandlingSystem.MFC5.setpoint: 0.0
# SampleGasHandlingSystem.MFC5.readback: -0.0040690102614462376
# SampleGasHandlingSystem.MFC6.setpoint: 1.5
# SampleGasHandlingSystem.MFC6.readback: 1.50146484375
# SampleGasHandlingSystem.MFC7.setpoint: 0.0
# SampleGasHandlingSystem.MFC7.readback: -0.02848307229578495
# SampleGasHandlingSystem.MFC8.setpoint: 0.0
# SampleGasHandlingSystem.MFC8.readback: -0.0691731795668602
# SampleGasHandlingSystem.MFC9.setpoint: 0.0
# SampleGasHandlingSystem.MFC9.readback: -0.0406901054084301
# SampleGasHandlingSystem.MFC10.setpoint: 0.0
# SampleGasHandlingSystem.MFC10.readback: 0.01220703125
# SampleGasHandlingSystem.MFC11.setpoint: 0.0
# SampleGasHandlingSystem.MFC11.readback: -0.0895182266831398
# SampleGasHandlingSystem.MFC12.setpoint: 0.0
# SampleGasHandlingSystem.MFC12.readback: -0.048828125
# SampleGasHandlingSystem.MFC13.setpoint: 0.0
# SampleGasHandlingSystem.MFC13.readback: -0.048828125
# SampleGasHandlingSystem.MFC14.setpoint: 0.0
# SampleGasHandlingSystem.MFC14.readback: -0.0651041641831398
# SampleGasHandlingSystem.MFC15.setpoint: 0.0
# SampleGasHandlingSystem.MFC15.readback: -0.1017252579331398
# SampleGasHandlingSystem.MFC16.setpoint: 0.0
# SampleGasHandlingSystem.MFC16.readback: -0.0325520820915699
# SampleGasHandlingSystem.RGA.ch1.mass: 2
# SampleGasHandlingSystem.RGA.ch1.readback: 1.07594e-06
# SampleGasHandlingSystem.RGA.ch2.mass: 4
# SampleGasHandlingSystem.RGA.ch2.readback: 0.0
# SampleGasHandlingSystem.RGA.ch3.mass: 5
# SampleGasHandlingSystem.RGA.ch3.readback: 7.81276e-12
# SampleGasHandlingSystem.RGA.ch4.mass: 5
# SampleGasHandlingSystem.RGA.ch4.readback: 4.78717e-10
# SampleGasHandlingSystem.RGA.ch5.mass: 18
# SampleGasHandlingSystem.RGA.ch5.readback: 2.18695e-09
# SampleGasHandlingSystem.RGA.ch6.mass: 28
# SampleGasHandlingSystem.RGA.ch6.readback: 1.4534e-08
# SampleGasHandlingSystem.RGA.ch7.mass: 32
# SampleGasHandlingSystem.RGA.ch7.readback: 3.07315e-09
# SampleGasHandlingSystem.RGA.ch8.mass: 41
# SampleGasHandlingSystem.RGA.ch8.readback: 1.11477e-11
# SampleGasHandlingSystem.RGA.ch9.mass: 44
# SampleGasHandlingSystem.RGA.ch9.readback: 2.07863e-10
# energy  i0  it  ir  iff  aux1  aux2  aux3  aux4
 8779.000000 -3.470710e-05 -3.350475e-07 -2.221090e-07 -3.144474e-07 6.235741e-05 2.627772e-04 -2.671833e-05 1.445995e-05
 8784.000000 -3.477674e-05 -3.306482e-07 -2.192973e-07 -3.158298e-07 6.536801e-05 2.259028e-04 -2.684281e-05 1.125622e-05
 8789.000000 -3.476738e-05 -3.271466e-07 -2.169748e-07 -3.168459e-07 6.590044e-05 2.266217e-04 -3.551009e-05 4.809951e-06
 8794.000000 -3.463877e-05 -3.239059e-07 -2.150713e-07 -3.162798e-07 7.014881e-05 2.329695e-04 -3.656456e-05 1.734541e-05
 8799.000000 -3.422302e-05 -3.218185e-07 -2.139113e-07 -3.132589e-07 7.041914e-05 2.463569e-04 -2.645696e-05 2.418166e-05
 8804.000000 -3.453599e-05 -3.248049e-07 -2.160524e-07 -3.167112e-07 6.976972e-05 2.823242e-04 -1.759768e-05 2.582154e-05
 8809.000000 -3.446695e-05 -3.249240e-07 -2.162980e-07 -3.168328e-07 7.020218e-05 2.850762e-04 -3.093606e-05 2.165794e-05
 8814.000000 -3.426247e-05 -3.244413e-07 -2.161261e-07 -3.154276e-07 7.232312e-05 2.819139e-04 -3.992856e-05 1.857749e-05
 8819.000000 -3.430443e-05 -3.257181e-07 -2.169681e-07 -3.162519e-07 7.571688e-05 2.761198e-04 -3.720125e-05 2.102925e-05
 8824.000000 -3.421956e-05 -3.281876e-07 -2.186584e-07 -3.164605e-07 6.773254e-05 2.713126e-04 -2.680313e-05 2.437772e-05
 8829.000000 -3.416817e-05 -3.288585e-07 -2.193678e-07 -3.170235e-07 6.831672e-05 2.634148e-04 -2.781872e-05 2.631739e-05
 8834.000000 -3.409783e-05 -3.291617e-07 -2.197651e-07 -3.172444e-07 6.401751e-05 2.499283e-04 -3.087914e-05 4.375435e-05
 8839.000000 -3.399658e-05 -3.296434e-07 -2.202751e-07 -3.173027e-07 5.974879e-05 2.554702e-04 -2.671969e-05 4.316033e-05
 8844.000000 -3.387128e-05 -3.306650e-07 -2.211564e-07 -3.173430e-07 6.033150e-05 2.529972e-04 -3.814960e-05 4.293720e-05
 8849.000000 -3.373318e-05 -3.323953e-07 -2.225012e-07 -3.172669e-07 6.509645e-05 2.452633e-04 -4.228437e-05 4.841544e-05
 8854.000000 -3.360738e-05 -3.329951e-07 -2.231990e-07 -3.172509e-07 5.829541e-05 2.546805e-04 -2.762267e-05 3.520861e-05
 8859.000000 -3.354052e-05 -3.325306e-07 -2.226783e-07 -3.174928e-07 6.431529e-05 2.513433e-04 -1.271049e-05 2.711585e-05
 8864.000000 -3.347745e-05 -3.343731e-07 -2.240941e-07 -3.177799e-07 6.614793e-05 2.407454e-04 -1.691840e-05 1.094000e-05
 8869.000000 -3.332805e-05 -3.365047e-07 -2.257026e-07 -3.173643e-07 6.109096e-05 2.481063e-04 -1.681649e-05 4.511215e-06
 8874.000000 -3.319454e-05 -3.384744e-07 -2.272338e-07 -3.168790e-07 6.000532e-05 2.734133e-04 -4.532473e-06 1.031205e-05
 8879.000000 -3.298668e-05 -3.425206e-07 -2.299292e-07 -3.156659e-07 6.222552e-05 2.813851e-04 -1.020895e-05 1.463736e-05
 8884.000000 -3.282947e-05 -3.388978e-07 -2.278910e-07 -3.154338e-07 6.572331e-05 2.701472e-04 -2.204075e-05 1.535780e-05
 8889.000000 -3.261250e-05 -3.373333e-07 -2.269560e-07 -3.149476e-07 6.274149e-05 2.602134e-04 -2.392012e-05 1.747386e-05
 8894.000000 -3.280315e-05 -3.397817e-07 -2.288402e-07 -3.170157e-07 6.080814e-05 2.283669e-04 -2.149740e-05 2.183155e-05
 8899.000000 -3.265711e-05 -3.425766e-07 -2.307410e-07 -3.160206e-07 6.451712e-05 2.284621e-04 -2.979290e-05 2.727582e-05
 8904.000000 -3.248783e-05 -3.449010e-07 -2.323989e-07 -3.150282e-07 6.413915e-05 2.214833e-04 -2.755000e-05 3.189518e-05
 8909.000000 -3.242370e-05 -3.449624e-07 -2.324894e-07 -3.149139e-07 6.905919e-05 2.608243e-04 -3.442926e-05 2.191926e-05
 8914.000000 -3.219654e-05 -3.447822e-07 -2.323711e-07 -3.135042e-07 5.728321e-05 2.818752e-04 -3.430677e-05 2.228036e-05
 8919.000000 -3.209629e-05 -3.469105e-07 -2.338262e-07 -3.136707e-07 5.566420e-05 2.382075e-04 -3.373272e-05 1.923689e-05
 8924.000000 -3.195198e-05 -3.473450e-07 -2.343696e-07 -3.131397e-07 7.202378e-05 2.352271e-04 -3.554140e-05 2.413073e-05
 8929.000000 -3.196316e-05 -3.510566e-07 -2.368320e-07 -3.144758e-07 7.530796e-05 2.515178e-04 -3.701175e-05 2.243421e-05
 8934.000000 -3.187534e-05 -3.527333e-07 -2.380260e-07 -3.148724e-07 8.172701e-05 2.792895e-04 -4.361255e-05 2.476598e-05
 8939.000000 -3.169736e-05 -3.558642e-07 -2.401439e-07 -3.142491e-07 7.985073e-05 2.657152e-04 -3.631842e-05 1.997669e-05
 8944.000000 -3.151055e-05 -3.576259e-07 -2.413252e-07 -3.133910e-07 7.464695e-05 2.708801e-04 -2.776797e-05 2.286691e-05
 8949.000000 -3.134147e-05 -3.584861e-07 -2.416725e-07 -3.130191e-07 6.336316e-05 2.871104e-04 -2.649376e-05 2.636713e-05
 8953.000000 -3.133069e-05 -3.581926e-07 -2.411425e-07 -3.140845e-07 5.126792e-05 2.580208e-04 -2.717370e-05 2.967434e-05
 8956.000000 -3.124839e-05 -3.584039e-07 -2.412050e-07 -3.141753e-07 5.358796e-05 2.618758e-04 -3.112428e-05 3.505159e-05
 8958.000000 -3.117533e-05 -3.600979e-07 -2.420187e-07 -3.139403e-07 5.856269e-05 2.718588e-04 -3.084028e-05 3.016947e-05
 8959.000000 -3.104910e-05 -3.624370e-07 -2.435004e-07 -3.130018e-07 6.227638e-05 2.986491e-04 -2.900255e-05 4.209595e-05
 8959.200000 -3.114759e-05 -3.609029e-07 -2.425096e-07 -3.140164e-07 6.828572e-05 3.074202e-04 -2.432499e-05 4.630812e-05
 8959.400000 -3.109642e-05 -3.619301e-07 -2.433345e-07 -3.136877e-07 5.730279e-05 3.095240e-04 -2.633427e-05 4.845737e-05
 8959.600000 -3.099140e-05 -3.630520e-07 -2.440623e-07 -3.126173e-07 5.421849e-05 3.042052e-04 -3.890565e-05 4.088061e-05
 8959.800000 -3.102583e-05 -3.652536e-07 -2.453034e-07 -3.128170e-07 5.766480e-05 2.844967e-04 -4.783078e-05 4.342345e-05
 8960.000000 -3.098669e-05 -3.627984e-07 -2.435708e-07 -3.126493e-07 5.512492e-05 2.749140e-04 -3.427796e-05 5.062228e-05
 8960.200000 -3.099746e-05 -3.633441e-07 -2.439925e-07 -3.129330e-07 5.550534e-05 2.931192e-04 -3.536313e-05 4.835268e-05
 8960.400000 -3.106223e-05 -3.622020e-07 -2.430059e-07 -3.136621e-07 5.804505e-05 2.864906e-04 -2.275388e-05 3.895703e-05
 8960.600000 -3.114099e-05 -3.586790e-07 -2.407493e-07 -3.144740e-07 5.104014e-05 2.818507e-04 -3.154003e-05 3.326516e-05
 8960.800000 -3.122527e-05 -3.582274e-07 -2.403992e-07 -3.151956e-07 4.763646e-05 2.772567e-04 -3.394216e-05 4.297861e-05
 8961.000000 -3.123904e-05 -3.573427e-07 -2.396858e-07 -3.154814e-07 5.488983e-05 2.584110e-04 -3.612335e-05 3.890272e-05
 8961.200000 -3.123165e-05 -3.553391e-07 -2.382117e-07 -3.155256e-07 5.243545e-05 2.715706e-04 -4.446442e-05 2.637293e-05
 8961.400000 -3.121389e-05 -3.565238e-07 -2.391005e-07 -3.153967e-07 6.130296e-05 2.698255e-04 -4.874702e-05 3.430548e-05
 8961.600000 -3.119654e-05 -3.553282e-07 -2.381072e-07 -3.154813e-07 6.092915e-05 2.731869e-04 -3.993956e-05 3.153814e-05
 8961.800000 -3.119502e-05 -3.573044e-07 -2.394953e-07 -3.153950e-07 5.741541e-05 2.483026e-04 -3.778290e-05 4.052363e-05
 8962.000000 -3.119147e-05 -3.574529e-07 -2.398274e-07 -3.154020e-07 6.347413e-05 2.821281e-04 -2.749087e-05 4.914522e-05
 8962.200000 -3.119088e-05 -3.558477e-07 -2.387366e-07 -3.155184e-07 6.635651e-05 2.986014e-04 -3.821340e-05 3.273212e-05
 8962.400000 -3.119638e-05 -3.570822e-07 -2.394885e-07 -3.153548e-07 7.676221e-05 3.012920e-04 -3.492970e-05 2.919241e-05
 8962.600000 -3.116434e-05 -3.558364e-07 -2.385841e-07 -3.154345e-07 8.313938e-05 3.069567e-04 -2.671914e-05 3.760677e-05
 8962.800000 -3.119141e-05 -3.543818e-07 -2.373986e-07 -3.157964e-07 7.485302e-05 2.973123e-04 -2.519127e-05 4.697959e-05
 8963.000000 -3.118883e-05 -3.529239e-07 -2.362258e-07 -3.160824e-07 7.566880e-05 2.841262e-04 -2.364064e-05 4.419068e-05
 8963.200000 -3.116671e-05 -3.547380e-07 -2.374936e-07 -3.156385e-07 6.325393e-05 2.729897e-04 -4.648437e-05 3.267084e-05
 8963.400000 -3.114001e-05 -3.576368e-07 -2.396331e-07 -3.153557e-07 6.264370e-05 2.904524e-04 -4.122170e-05 4.478926e-05
 8963.600000 -3.107281e-05 -3.561261e-07 -2.383813e-07 -3.149347e-07 6.598764e-05 2.807713e-04 -3.851913e-05 4.475507e-05
 8963.800000 -3.102578e-05 -3.597630e-07 -2.408858e-07 -3.144409e-07 6.192931e-05 2.574979e-04 -3.249329e-05 4.107713e-05
 8964.000000 -3.104347e-05 -3.584563e-07 -2.400904e-07 -3.147349e-07 6.961702e-05 2.332096e-04 -3.651713e-05 5.043572e-05
 8964.200000 -3.114259e-05 -3.562090e-07 -2.382993e-07 -3.156473e-07 6.399364e-05 2.212152e-04 -4.229618e-05 3.949505e-05
 8964.400000 -3.111820e-05 -3.541799e-07 -2.366879e-07 -3.157072e-07 6.832233e-05 2.342877e-04 -3.650550e-05 5.042907e-05
 8964.600000 -3.112607e-05 -3.543660e-07 -2.370691e-07 -3.158571e-07 5.909615e-05 2.711080e-04 -3.565251e-05 4.234725e-05
 8964.800000 -3.103475e-05 -3.549556e-07 -2.373121e-07 -3.149914e-07 5.970111e-05 2.830791e-04 -3.405565e-05 3.318923e-05
 8965.000000 -3.095908e-05 -3.583692e-07 -2.395476e-07 -3.145480e-07 6.297615e-05 2.361898e-04 -3.160175e-05 2.888771e-05
 8965.200000 -3.085896e-05 -3.589252e-07 -2.398220e-07 -3.138661e-07 6.666577e-05 2.384195e-04 -1.573653e-05 3.519036e-05
 8965.400000 -3.089285e-05 -3.575766e-07 -2.387035e-07 -3.142859e-07 6.276438e-05 2.527654e-04 -2.828512e-05 3.887728e-05
 8965.600000 -3.094328e-05 -3.585281e-07 -2.390133e-07 -3.147206e-07 5.377511e-05 2.478208e-04 -1.885584e-05 3.800562e-05
 8965.800000 -3.098403e-05 -3.564960e-07 -2.374700e-07 -3.151938e-07 5.293750e-05 2.627469e-04 -1.404505e-05 2.568682e-05
 8966.000000 -3.098827e-05 -3.564604e-07 -2.375275e-07 -3.153121e-07 5.580633e-05 2.887926e-04 -2.123601e-05 2.610056e-05
 8966.200000 -3.094905e-05 -3.577237e-07 -2.386882e-07 -3.148048e-07 5.529647e-05 2.988474e-04 -1.973233e-05 3.003726e-05
 8966.400000 -3.087501e-05 -3.570438e-07 -2.379322e-07 -3.142645e-07 5.262911e-05 2.882879e-04 -2.516108e-05 1.867340e-05
 8966.600000 -3.095724e-05 -3.566343e-07 -2.378735e-07 -3.151639e-07 6.049839e-05 2.667693e-04 -2.541821e-05 2.087625e-05
 8966.800000 -3.099604e-05 -3.542324e-07 -2.361625e-07 -3.157223e-07 6.779323e-05 2.652899e-04 -1.500973e-05 2.560633e-05
 8967.000000 -3.103585e-05 -3.529195e-07 -2.349908e-07 -3.159534e-07 5.637567e-05 2.602991e-04 -1.124570e-05 3.061166e-05
 8967.200000 -3.106417e-05 -3.521297e-07 -2.344367e-07 -3.164897e-07 5.281133e-05 2.560811e-04 -1.313898e-05 3.468284e-05
 8967.400000 -3.103745e-05 -3.524956e-07 -2.347845e-07 -3.162389e-07 5.793384e-05 3.009152e-04 -4.127463e-05 2.240086e-05
 8967.600000 -3.105371e-05 -3.526929e-07 -2.348176e-07 -3.166402e-07 6.419737e-05 3.262523e-04 -3.180533e-05 2.513508e-05
 8967.800000 -3.104478e-05 -3.518037e-07 -2.339237e-07 -3.168157e-07 6.340552e-05 3.054281e-04 -3.705551e-05 2.895481e-05
 8968.000000 -3.104391e-05 -3.528876e-07 -2.346295e-07 -3.166789e-07 6.143211e-05 2.826917e-04 -2.646825e-05 4.484521e-05
 8968.200000 -3.102674e-05 -3.545082e-07 -2.356053e-07 -3.161959e-07 7.176259e-05 2.718358e-04 -2.999763e-05 3.533466e-05
 8968.400000 -3.100013e-05 -3.551543e-07 -2.357562e-07 -3.162537e-07 6.249160e-05 2.857329e-04 -2.522189e-05 3.559042e-05
 8968.600000 -3.102639e-05 -3.532919e-07 -2.345686e-07 -3.166160e-07 6.643215e-05 2.901299e-04 -2.179956e-05 3.300213e-05
 8968.800000 -3.101574e-05 -3.537924e-07 -2.345694e-07 -3.165136e-07 6.304255e-05 2.972408e-04 -3.190788e-05 2.273475e-05
 8969.000000 -3.102395e-05 -3.523253e-07 -2.335327e-07 -3.166810e-07 6.330806e-05 2.935043e-04 -1.726394e-05 3.014500e-05
 8969.200000 -3.100690e-05 -3.520952e-07 -2.335076e-07 -3.168386e-07 6.635512e-05 2.709192e-04 -1.542247e-05 4.049916e-05
 8969.400000 -3.098427e-05 -3.544356e-07 -2.348543e-07 -3.167965e-07 6.789783e-05 2.752363e-04 -1.688789e-05 3.280196e-05
 8969.600000 -3.096486e-05 -3.522624e-07 -2.332063e-07 -3.169021e-07 7.308505e-05 2.873705e-04 -1.576747e-05 2.732967e-05
 8969.800000 -3.100747e-05 -3.534822e-07 -2.337273e-07 -3.173057e-07 6.724730e-05 3.023945e-04 -1.645667e-05 2.271582e-05
 8970.000000 -3.100227e-05 -3.530476e-07 -2.336423e-07 -3.170251e-07 6.826404e-05 2.895540e-04 -1.443567e-05 2.312862e-05
 8970.200000 -3.099034e-05 -3.521527e-07 -2.325940e-07 -3.173522e-07 5.950847e-05 3.000254e-04 -2.356144e-05 1.983010e-05
 8970.400000 -3.090814e-05 -3.551489e-07 -2.346353e-07 -3.166721e-07 6.748687e-05 2.789875e-04 -2.588281e-05 2.121941e-05
 8970.600000 -3.091345e-05 -3.560750e-07 -2.349899e-07 -3.170315e-07 6.703671e-05 2.743412e-04 -2.983417e-05 1.971822e-05
 8970.800000 -3.095555e-05 -3.546555e-07 -2.335726e-07 -3.175599e-07 6.459120e-05 3.049804e-04 -9.492895e-06 2.414274e-05
 8971.000000 -3.093481e-05 -3.549372e-07 -2.335089e-07 -3.174245e-07 6.449275e-05 3.133384e-04 -1.643634e-05 2.297525e-05
 8971.200000 -3.092835e-05 -3.575207e-07 -2.346783e-07 -3.173739e-07 6.254578e-05 3.177262e-04 -2.603240e-05 1.445753e-05
 8971.400000 -3.089048e-05 -3.545113e-07 -2.326662e-07 -3.173710e-07 7.138661e-05 3.085562e-04 -2.525235e-05 2.056458e-05
 8971.600000 -3.091920e-05 -3.541188e-07 -2.325398e-07 -3.178197e-07 7.277443e-05 3.021416e-04 -1.857997e-05 1.901992e-05
 8971.800000 -3.096078e-05 -3.528175e-07 -2.313580e-07 -3.181988e-07 5.988342e-05 2.919404e-04 -1.586440e-05 2.066253e-05
 8972.000000 -3.098237e-05 -3.511061e-07 -2.297918e-07 -3.186727e-07 5.329552e-05 2.983101e-04 -9.657776e-06 1.822236e-05
 8972.200000 -3.097461e-05 -3.523595e-07 -2.303067e-07 -3.186165e-07 5.040997e-05 2.944999e-04 -1.514310e-05 2.342943e-05
 8972.400000 -3.095797e-05 -3.517099e-07 -2.297318e-07 -3.188853e-07 4.610351e-05 2.879599e-04 -2.026316e-05 1.481978e-05
 8972.600000 -3.094582e-05 -3.520153e-07 -2.296833e-07 -3.187003e-07 4.532392e-05 2.949846e-04 -1.047126e-05 2.243295e-05
 8972.800000 -3.094372e-05 -3.528534e-07 -2.300782e-07 -3.188630e-07 4.830969e-05 2.971243e-04 -2.149685e-05 2.594542e-05
 8973.000000 -3.092452e-05 -3.535914e-07 -2.302090e-07 -3.190199e-07 6.001218e-05 2.945933e-04 -4.154104e-05 1.796771e-05
 8973.200000 -3.088992e-05 -3.543593e-07 -2.303135e-07 -3.190624e-07 5.436086e-05 2.867527e-04 -3.384092e-05 1.825846e-05
 8973.400000 -3.090434e-05 -3.519199e-07 -2.282163e-07 -3.193564e-07 5.489127e-05 2.872168e-04 -1.255985e-05 2.218852e-05
 8973.600000 -3.093089e-05 -3.516224e-07 -2.277132e-07 -3.197465e-07 5.504214e-05 2.863834e-04 -3.381676e-05 1.658047e-05
 8973.800000 -3.092709e-05 -3.509666e-07 -2.264425e-07 -3.202380e-07 6.388003e-05 2.806103e-04 -3.090884e-05 2.090374e-05
 8974.000000 -3.091230e-05 -3.512044e-07 -2.261819e-07 -3.201435e-07 5.601649e-05 2.899181e-04 -2.964663e-05 1.722636e-05
 8974.200000 -3.090494e-05 -3.522609e-07 -2.265772e-07 -3.203916e-07 6.395339e-05 2.805945e-04 -4.217401e-05 2.124869e-05
 8974.400000 -3.088422e-05 -3.512563e-07 -2.251386e-07 -3.205651e-07 6.418058e-05 2.783125e-04 -5.373485e-05 2.212260e-05
 8974.600000 -3.087319e-05 -3.526715e-07 -2.251392e-07 -3.206560e-07 5.693833e-05 3.137428e-04 -4.610594e-05 2.807984e-05
 8974.800000 -3.085125e-05 -3.520144e-07 -2.246018e-07 -3.208928e-07 4.692985e-05 3.163060e-04 -3.877891e-05 3.060995e-05
 8975.000000 -3.083100e-05 -3.534855e-07 -2.245608e-07 -3.209532e-07 5.466351e-05 3.219506e-04 -3.687296e-05 3.276342e-05
 8975.200000 -3.077544e-05 -3.540722e-07 -2.238810e-07 -3.207123e-07 6.006262e-05 3.055434e-04 -5.008339e-05 2.946857e-05
 8975.400000 -3.080741e-05 -3.538551e-07 -2.229976e-07 -3.215539e-07 5.964433e-05 2.722598e-04 -4.381467e-05 3.069163e-05
 8975.600000 -3.083296e-05 -3.532720e-07 -2.215075e-07 -3.225430e-07 5.904729e-05 2.766483e-04 -4.832940e-05 3.199144e-05
 8975.800000 -3.078324e-05 -3.526452e-07 -2.197169e-07 -3.225559e-07 5.175836e-05 2.790835e-04 -5.295060e-05 3.358720e-05
 8976.000000 -3.076064e-05 -3.544647e-07 -2.190397e-07 -3.229214e-07 3.632991e-05 2.826023e-04 -5.639257e-05 2.953887e-05
 8976.200000 -3.083966e-05 -3.505843e-07 -2.142227e-07 -3.243763e-07 4.208668e-05 2.694729e-04 -6.001594e-05 3.576679e-05
 8976.400000 -3.080579e-05 -3.524065e-07 -2.131302e-07 -3.249481e-07 4.684097e-05 2.528972e-04 -7.194789e-05 4.361994e-05
 8976.600000 -3.076301e-05 -3.559741e-07 -2.127343e-07 -3.251304e-07 5.305033e-05 2.560564e-04 -7.006367e-05 3.769738e-05
 8976.800000 -3.081430e-05 -3.491817e-07 -2.057548e-07 -3.268203e-07 5.769838e-05 2.742313e-04 -6.445699e-05 2.950607e-05
 8977.000000 -3.079549e-05 -3.509129e-07 -2.030146e-07 -3.275833e-07 5.165540e-05 2.873645e-04 -5.917914e-05 3.715693e-05
 8977.200000 -3.078339e-05 -3.506657e-07 -1.983588e-07 -3.285415e-07 5.609127e-05 2.861771e-04 -6.385452e-05 4.125751e-05
 8977.400000 -3.073014e-05 -3.509025e-07 -1.931249e-07 -3.294978e-07 5.905011e-05 2.832654e-04 -5.589126e-05 4.336645e-05
 8977.600000 -3.069585e-05 -3.527592e-07 -1.880450e-07 -3.306463e-07 4.742045e-05 2.968652e-04 -7.467796e-05 3.242721e-05
 8977.800000 -3.069320e-05 -3.507196e-07 -1.797818e-07 -3.323374e-07 4.420797e-05 2.986366e-04 -7.327086e-05 2.542011e-05
 8978.000000 -3.072589e-05 -3.489961e-07 -1.712652e-07 -3.347509e-07 5.653585e-05 2.999305e-04 -6.463944e-05 2.655326e-05
 8978.200000 -3.071136e-05 -3.511271e-07 -1.639818e-07 -3.375174e-07 4.918470e-05 2.903790e-04 -6.582647e-05 2.350770e-05
 8978.400000 -3.064845e-05 -3.493007e-07 -1.548522e-07 -3.398842e-07 4.895418e-05 2.510988e-04 -4.598342e-05 2.554957e-05
 8978.600000 -3.062220e-05 -3.501461e-07 -1.470483e-07 -3.431850e-07 5.011905e-05 2.471762e-04 -6.422870e-05 1.942623e-05
 8978.800000 -3.054393e-05 -3.506079e-07 -1.393452e-07 -3.469359e-07 5.586946e-05 2.462777e-04 -4.499815e-05 3.603656e-05
 8979.000000 -3.064339e-05 -3.478638e-07 -1.301358e-07 -3.536578e-07 5.278579e-05 2.402432e-04 -4.114985e-05 3.282363e-05
 8979.200000 -3.064279e-05 -3.463828e-07 -1.222146e-07 -3.603096e-07 5.142800e-05 2.553005e-04 -5.966653e-05 2.304152e-05
 8979.400000 -3.062282e-05 -3.462448e-07 -1.162001e-07 -3.682997e-07 5.576543e-05 2.859581e-04 -6.755937e-05 2.253389e-05
 8979.600000 -3.056566e-05 -3.469342e-07 -1.114942e-07 -3.776348e-07 5.472200e-05 2.695252e-04 -5.758726e-05 1.443061e-05
 8979.800000 -3.057273e-05 -3.435042e-07 -1.059140e-07 -3.896006e-07 5.750995e-05 2.815425e-04 -5.510656e-05 1.150754e-05
 8980.000000 -3.056523e-05 -3.439332e-07 -1.030710e-07 -4.030214e-07 4.871741e-05 2.712530e-04 -4.835093e-05 9.656642e-06
 8980.200000 -3.054735e-05 -3.398326e-07 -9.965570e-08 -4.182567e-07 5.134833e-05 2.776922e-04 -3.892241e-05 1.787336e-05
 8980.400000 -3.046239e-05 -3.405377e-07 -9.824671e-08 -4.328787e-07 5.093873e-05 2.886760e-04 -4.216535e-05 1.533891e-05
 8980.600000 -3.042498e-05 -3.394000e-07 -9.685396e-08 -4.473480e-07 5.266358e-05 2.747909e-04 -5.627800e-05 1.462203e-05
 8980.800000 -3.040425e-05 -3.378184e-07 -9.621915e-08 -4.601016e-07 5.130793e-05 2.802478e-04 -3.187018e-05 3.207318e-05
 8981.000000 -3.049115e-05 -3.343397e-07 -9.522460e-08 -4.717148e-07 5.652047e-05 2.929940e-04 -4.126549e-05 3.330735e-05
 8981.200000 -3.051182e-05 -3.334173e-07 -9.511943e-08 -4.779669e-07 5.708487e-05 2.892905e-04 -3.985484e-05 2.620318e-05
 8981.400000 -3.045103e-05 -3.351243e-07 -9.610194e-08 -4.770496e-07 4.818251e-05 2.979339e-04 -4.669088e-05 2.583623e-05
 8981.600000 -3.039381e-05 -3.371033e-07 -9.678112e-08 -4.719009e-07 5.538780e-05 2.945322e-04 -3.318832e-05 2.433135e-05
 8981.800000 -3.036156e-05 -3.386998e-07 -9.786375e-08 -4.639075e-07 5.493903e-05 2.840114e-04 -3.267455e-05 2.309152e-05
 8982.000000 -3.032227e-05 -3.415537e-07 -9.937214e-08 -4.534438e-07 5.259063e-05 2.620893e-04 -1.953283e-05 3.109108e-05
 8982.200000 -3.026384e-05 -3.423946e-07 -1.001692e-07 -4.424885e-07 5.399588e-05 2.788932e-04 -3.938295e-05 1.158809e-05
 8982.400000 -3.028623e-05 -3.440574e-07 -1.007764e-07 -4.332552e-07 6.023821e-05 2.990680e-04 -3.956172e-05 1.675777e-05
 8982.600000 -3.034691e-05 -3.412114e-07 -9.993151e-08 -4.264506e-07 6.717388e-05 2.899971e-04 -4.131428e-05 1.957480e-05
 8982.800000 -3.041632e-05 -3.394383e-07 -9.922625e-08 -4.210126e-07 7.466298e-05 2.784316e-04 -4.010863e-05 2.294196e-05
 8983.000000 -3.040299e-05 -3.401336e-07 -9.881978e-08 -4.157270e-07 6.842079e-05 2.677199e-04 -4.606575e-05 2.260173e-05
 8983.200000 -3.038120e-05 -3.408441e-07 -9.840714e-08 -4.119130e-07 7.086919e-05 2.679336e-04 -4.012257e-05 4.610153e-05
 8983.400000 -3.029100e-05 -3.430679e-07 -9.847299e-08 -4.084081e-07 7.353897e-05 2.605800e-04 -4.100700e-05 3.073241e-05
 8983.600000 -3.018509e-05 -3.439447e-07 -9.783169e-08 -4.062089e-07 6.588943e-05 2.762828e-04 -3.117240e-05 2.352779e-05
 8983.800000 -3.026917e-05 -3.447743e-07 -9.672037e-08 -4.080742e-07 6.780963e-05 2.486368e-04 -4.930050e-05 1.872039e-05
 8984.000000 -3.032321e-05 -3.434106e-07 -9.509038e-08 -4.107372e-07 7.879799e-05 2.573573e-04 -4.596733e-05 1.889541e-05
 8984.200000 -3.037162e-05 -3.397763e-07 -9.255750e-08 -4.141309e-07 7.859990e-05 2.565869e-04 -3.834127e-05 2.343148e-05
 8984.400000 -3.037846e-05 -3.388937e-07 -9.084525e-08 -4.172588e-07 7.600168e-05 2.705310e-04 -4.393789e-05 2.835869e-05
 8984.600000 -3.037606e-05 -3.383996e-07 -8.952905e-08 -4.203887e-07 7.581414e-05 2.721806e-04 -4.258518e-05 2.522632e-05
 8984.800000 -3.034486e-05 -3.398311e-07 -8.846203e-08 -4.231236e-07 5.972154e-05 2.678097e-04 -3.847034e-05 3.039791e-05
 8985.000000 -3.035353e-05 -3.378867e-07 -8.653813e-08 -4.259040e-07 6.577214e-05 2.547395e-04 -3.495199e-05 3.846939e-05
 8985.200000 -3.035166e-05 -3.385371e-07 -8.549846e-08 -4.284434e-07 6.903694e-05 2.671520e-04 -3.085195e-05 3.539225e-05
 8985.400000 -3.032278e-05 -3.392705e-07 -8.480527e-08 -4.302881e-07 5.884463e-05 2.567636e-04 -2.888612e-05 3.221883e-05
 8985.600000 -3.030275e-05 -3.383554e-07 -8.312932e-08 -4.317037e-07 5.767141e-05 2.778941e-04 -1.652181e-05 3.571536e-05
 8985.800000 -3.022083e-05 -3.403659e-07 -8.297022e-08 -4.324252e-07 6.011911e-05 2.684697e-04 -2.743366e-05 2.142956e-05
 8986.000000 -3.019984e-05 -3.398505e-07 -8.149261e-08 -4.337155e-07 6.349751e-05 2.920529e-04 -2.436639e-05 2.160645e-05
 8986.200000 -3.025489e-05 -3.378318e-07 -7.991698e-08 -4.368543e-07 5.651353e-05 3.037270e-04 -4.817175e-05 1.523777e-05
 8986.400000 -3.025081e-05 -3.388387e-07 -7.881031e-08 -4.387204e-07 6.235237e-05 3.181223e-04 -3.025614e-05 2.726524e-05
 8986.600000 -3.026235e-05 -3.377803e-07 -7.713232e-08 -4.411023e-07 6.001022e-05 3.222020e-04 -3.747469e-05 2.090034e-05
 8986.800000 -3.025119e-05 -3.374391e-07 -7.580370e-08 -4.437492e-07 6.318068e-05 3.277648e-04 -3.158638e-05 1.971733e-05
 8987.000000 -3.026591e-05 -3.368654e-07 -7.403202e-08 -4.470668e-07 6.195393e-05 3.153558e-04 -4.317370e-05 1.763032e-05
 8987.200000 -3.029593e-05 -3.341480e-07 -7.197304e-08 -4.510815e-07 6.293152e-05 3.064392e-04 -4.281745e-05 2.630145e-05
 8987.400000 -3.027377e-05 -3.354805e-07 -7.022510e-08 -4.549105e-07 6.268320e-05 3.460070e-04 -5.224605e-05 2.347561e-05
 8987.600000 -3.026149e-05 -3.353360e-07 -6.862667e-08 -4.590288e-07 6.598557e-05 3.453129e-04 -4.108831e-05 2.311891e-05
 8987.800000 -3.020238e-05 -3.361659e-07 -6.720936e-08 -4.628351e-07 6.522340e-05 3.226845e-04 -4.157530e-05 1.891787e-05
 8988.000000 -3.019945e-05 -3.353430e-07 -6.531347e-08 -4.678160e-07 6.301338e-05 3.340007e-04 -4.430282e-05 2.598571e-05
 8988.200000 -3.021741e-05 -3.337128e-07 -6.303171e-08 -4.734868e-07 6.362362e-05 3.398548e-04 -4.056463e-05 1.536684e-05
 8988.400000 -3.019605e-05 -3.332883e-07 -6.102120e-08 -4.785524e-07 5.872527e-05 3.359342e-04 -3.617301e-05 1.344363e-05
 8988.600000 -3.020611e-05 -3.323346e-07 -5.888031e-08 -4.845832e-07 6.386388e-05 3.402404e-04 -3.835971e-05 7.461903e-06
 8988.800000 -3.019764e-05 -3.318049e-07 -5.719133e-08 -4.898183e-07 5.494530e-05 3.239149e-04 -1.582675e-05 2.303931e-05
 8989.000000 -3.017280e-05 -3.325758e-07 -5.604324e-08 -4.946852e-07 6.008466e-05 3.167435e-04 -3.733503e-05 2.353414e-05
 8989.200000 -3.011906e-05 -3.334620e-07 -5.454256e-08 -4.986476e-07 6.695853e-05 3.216986e-04 -4.439868e-05 1.173658e-05
 8989.400000 -3.009874e-05 -3.309981e-07 -5.217633e-08 -5.037486e-07 6.189122e-05 3.324701e-04 -2.954317e-05 2.593830e-05
 8989.600000 -3.013038e-05 -3.329797e-07 -5.081194e-08 -5.094752e-07 6.168669e-05 3.235890e-04 -4.137073e-05 1.437252e-05
 8989.800000 -3.014151e-05 -3.310593e-07 -4.878251e-08 -5.149948e-07 7.040684e-05 3.248183e-04 -2.439224e-05 1.930059e-05
 8990.000000 -3.010149e-05 -3.292220e-07 -4.668793e-08 -5.191798e-07 6.711707e-05 3.330116e-04 -2.907379e-05 2.397185e-05
 8990.200000 -3.010874e-05 -3.280359e-07 -4.537679e-08 -5.243048e-07 7.314577e-05 3.310997e-04 -3.431121e-05 2.206640e-05
 8990.400000 -3.012525e-05 -3.270524e-07 -4.372567e-08 -5.296016e-07 7.626576e-05 3.318699e-04 -4.200144e-05 2.607579e-05
 8990.600000 -3.013795e-05 -3.260116e-07 -4.255302e-08 -5.339724e-07 7.319448e-05 3.451252e-04 -2.514333e-05 3.001170e-05
 8990.800000 -3.011133e-05 -3.272964e-07 -4.203283e-08 -5.370703e-07 6.970400e-05 3.260357e-04 -2.641178e-05 2.827651e-05
 8991.000000 -3.005919e-05 -3.271601e-07 -4.077139e-08 -5.387547e-07 6.614620e-05 3.105241e-04 -3.041456e-05 2.757643e-05
 8991.200000 -3.002153e-05 -3.288449e-07 -3.986671e-08 -5.399966e-07 6.345237e-05 3.020766e-04 -3.230316e-05 3.296623e-05
 8991.400000 -3.002625e-05 -3.265643e-07 -3.831719e-08 -5.417579e-07 7.455992e-05 2.940254e-04 -3.880012e-05 2.651348e-05
 8991.600000 -3.003909e-05 -3.252409e-07 -3.777789e-08 -5.433604e-07 7.955421e-05 2.916342e-04 -3.672077e-05 2.317683e-05
 8991.800000 -3.002250e-05 -3.269058e-07 -3.731915e-08 -5.430058e-07 7.463301e-05 3.047680e-04 -2.610445e-05 2.364222e-05
 8992.000000 -3.002563e-05 -3.263776e-07 -3.664706e-08 -5.429632e-07 6.753043e-05 2.973806e-04 -4.513472e-05 2.693521e-05
 8992.200000 -3.003347e-05 -3.251965e-07 -3.590681e-08 -5.431146e-07 6.896035e-05 2.817436e-04 -4.221679e-05 2.551015e-05
 8992.400000 -3.003028e-05 -3.256530e-07 -3.499256e-08 -5.422854e-07 7.652162e-05 2.861269e-04 -3.092245e-05 2.888957e-05
 8992.600000 -2.999697e-05 -3.274232e-07 -3.482311e-08 -5.406849e-07 7.517393e-05 2.930056e-04 -3.492735e-05 3.199962e-05
 8992.800000 -2.998197e-05 -3.267340e-07 -3.426768e-08 -5.396304e-07 7.430598e-05 3.136825e-04 -4.174109e-05 1.122103e-05
 8993.000000 -2.992919e-05 -3.287225e-07 -3.445381e-08 -5.374464e-07 7.974013e-05 3.167466e-04 -3.964336e-05 1.768805e-05
 8993.200000 -2.994663e-05 -3.263586e-07 -3.416586e-08 -5.373908e-07 9.415831e-05 3.051602e-04 -3.729451e-05 1.984597e-05
 8993.400000 -2.998796e-05 -3.253050e-07 -3.425072e-08 -5.382601e-07 8.751945e-05 2.893422e-04 -3.805885e-05 2.857855e-05
 8993.600000 -2.997429e-05 -3.236027e-07 -3.439558e-08 -5.378367e-07 7.787711e-05 2.895196e-04 -4.716612e-05 2.789852e-05
 8993.800000 -2.992709e-05 -3.237380e-07 -3.476201e-08 -5.371285e-07 6.905631e-05 2.954844e-04 -5.346108e-05 2.922412e-05
 8994.000000 -2.994970e-05 -3.245802e-07 -3.495030e-08 -5.384724e-07 7.491319e-05 2.870493e-04 -3.951732e-05 4.143056e-05
 8994.200000 -2.993131e-05 -3.255895e-07 -3.518135e-08 -5.395480e-07 7.736478e-05 2.974181e-04 -4.861754e-05 4.392022e-05
 8994.400000 -2.993843e-05 -3.254073e-07 -3.570157e-08 -5.419524e-07 7.717261e-05 2.747058e-04 -5.955865e-05 3.376241e-05
 8994.600000 -2.994447e-05 -3.221325e-07 -3.527863e-08 -5.444955e-07 6.933124e-05 2.835397e-04 -5.582001e-05 2.737648e-05
 8994.800000 -2.993279e-05 -3.230349e-07 -3.589942e-08 -5.470345e-07 7.869865e-05 3.040786e-04 -5.863856e-05 3.251381e-05
 8995.000000 -2.991067e-05 -3.231402e-07 -3.648739e-08 -5.498814e-07 7.666172e-05 2.981362e-04 -7.335868e-05 2.373117e-05
 8995.200000 -2.986429e-05 -3.241290e-07 -3.668034e-08 -5.524471e-07 7.676739e-05 2.683430e-04 -5.894540e-05 3.324120e-05
 8995.400000 -2.984865e-05 -3.216020e-07 -3.656608e-08 -5.562471e-07 7.578546e-05 2.764750e-04 -4.759867e-05 3.701582e-05
 8995.600000 -2.982305e-05 -3.249073e-07 -3.745835e-08 -5.591413e-07 7.843303e-05 3.306519e-04 -5.131253e-05 3.511592e-05
 8995.800000 -2.984743e-05 -3.251299e-07 -3.801027e-08 -5.629230e-07 6.944682e-05 3.096773e-04 -4.084028e-05 3.563543e-05
 8996.000000 -2.988431e-05 -3.219326e-07 -3.819800e-08 -5.673229e-07 7.048075e-05 2.879843e-04 -3.336097e-05 4.856887e-05
 8996.200000 -2.983541e-05 -3.244795e-07 -3.881398e-08 -5.689650e-07 6.979179e-05 2.866219e-04 -3.909084e-05 3.328301e-05
 8996.400000 -2.977917e-05 -3.250794e-07 -3.926541e-08 -5.700607e-07 6.882918e-05 2.904418e-04 -3.450684e-05 3.934129e-05
 8996.600000 -2.972349e-05 -3.244431e-07 -3.944048e-08 -5.706536e-07 6.221534e-05 3.148378e-04 -2.773438e-05 4.316543e-05
 8996.800000 -2.975416e-05 -3.247276e-07 -3.949215e-08 -5.733510e-07 6.674047e-05 3.029065e-04 -3.644769e-05 3.828757e-05
 8997.000000 -2.977641e-05 -3.237165e-07 -3.969095e-08 -5.752281e-07 7.245510e-05 2.942951e-04 -3.458628e-05 2.934180e-05
 8997.200000 -2.977822e-05 -3.251013e-07 -4.032016e-08 -5.754426e-07 7.349781e-05 2.768282e-04 -3.716669e-05 3.191723e-05
 8997.400000 -2.978459e-05 -3.257557e-07 -4.034486e-08 -5.753747e-07 7.099573e-05 2.771292e-04 -1.831643e-05 3.994291e-05
 8997.600000 -2.972246e-05 -3.246037e-07 -4.066361e-08 -5.728453e-07 6.695847e-05 2.611665e-04 -3.069218e-05 1.861743e-05
 8997.800000 -2.973886e-05 -3.238656e-07 -4.064878e-08 -5.715303e-07 6.962994e-05 2.567061e-04 -3.159635e-05 2.709140e-05
 8998.000000 -2.982671e-05 -3.224201e-07 -4.026728e-08 -5.717453e-07 5.769630e-05 2.451203e-04 -3.810142e-05 3.551156e-05
 8998.200000 -2.984648e-05 -3.227510e-07 -4.022683e-08 -5.694762e-07 5.461726e-05 2.526320e-04 -3.832725e-05 2.763453e-05
 8998.400000 -2.982883e-05 -3.210523e-07 -3.989486e-08 -5.658010e-07 5.814445e-05 2.678331e-04 -2.930565e-05 2.746999e-05
 8998.600000 -2.976056e-05 -3.251299e-07 -4.029623e-08 -5.603536e-07 6.251084e-05 2.781899e-04 -2.788318e-05 3.493474e-05
 8998.800000 -2.970324e-05 -3.261487e-07 -4.084027e-08 -5.555295e-07 6.413835e-05 2.794381e-04 -1.638678e-05 3.749522e-05
 8999.000000 -2.966007e-05 -3.259963e-07 -4.018638e-08 -5.507589e-07 7.456934e-05 2.754138e-04 -2.682475e-05 3.027475e-05
 8999.200000 -2.970472e-05 -3.286642e-07 -4.029510e-08 -5.483542e-07 7.151365e-05 3.003718e-04 -1.950579e-05 3.434786e-05
 8999.400000 -2.979152e-05 -3.238132e-07 -3.890914e-08 -5.473416e-07 6.457614e-05 2.804927e-04 -1.597271e-05 4.544900e-05
 8999.600000 -2.981204e-05 -3.225255e-07 -3.866704e-08 -5.450769e-07 6.496878e-05 2.577924e-04 -3.575334e-05 3.337986e-05
 8999.800000 -2.981894e-05 -3.214717e-07 -3.799967e-08 -5.422679e-07 7.019983e-05 2.581662e-04 -2.986384e-05 3.810937e-05
 9000.000000 -2.979293e-05 -3.239486e-07 -3.768723e-08 -5.391659e-07 6.970806e-05 2.457194e-04 -3.470852e-05 3.494271e-05
 9000.200000 -2.975132e-05 -3.237097e-07 -3.723834e-08 -5.362737e-07 6.732256e-05 2.618021e-04 -2.802036e-05 2.756094e-05
 9000.400000 -2.975287e-05 -3.242495e-07 -3.670062e-08 -5.346471e-07 7.287671e-05 2.470370e-04 -2.801356e-05 3.567209e-05
 9000.600000 -2.971755e-05 -3.245824e-07 -3.604037e-08 -5.329669e-07 6.786219e-05 2.326920e-04 -3.353455e-05 2.908136e-05
 9000.800000 -2.964884e-05 -3.261065e-07 -3.531471e-08 -5.299848e-07 6.661989e-05 2.484224e-04 -4.170228e-05 1.520246e-05
 9001.000000 -2.961608e-05 -3.247505e-07 -3.491625e-08 -5.283905e-07 6.844784e-05 2.545429e-04 -3.980828e-05 1.675565e-05
 9001.200000 -2.958360e-05 -3.225445e-07 -3.447241e-08 -5.278140e-07 6.316713e-05 2.546561e-04 -4.493758e-05 1.929403e-05
 9001.400000 -2.945249e-05 -3.226782e-07 -3.398377e-08 -5.250149e-07 6.017787e-05 2.342109e-04 -2.969069e-05 1.980019e-05
 9001.600000 -2.921975e-05 -3.219183e-07 -3.359921e-08 -5.203123e-07 5.810458e-05 2.421196e-04 -3.373150e-05 2.102332e-05
 9001.800000 -2.892739e-05 -3.229508e-07 -3.375411e-08 -5.142452e-07 4.935007e-05 2.530712e-04 -4.006880e-05 2.759866e-05
 9002.000000 -2.871347e-05 -3.239160e-07 -3.349964e-08 -5.095894e-07 5.649275e-05 2.583686e-04 -3.619340e-05 3.395409e-05
 9002.200000 -2.875483e-05 -3.228329e-07 -3.306891e-08 -5.102373e-07 6.149475e-05 2.574265e-04 -5.378354e-05 3.474398e-05
 9002.400000 -2.897261e-05 -3.232463e-07 -3.339466e-08 -5.146059e-07 5.501301e-05 2.625169e-04 -4.157534e-05 3.216694e-05
 9002.600000 -2.920794e-05 -3.246561e-07 -3.343628e-08 -5.192288e-07 5.190333e-05 2.606515e-04 -3.865256e-05 3.158039e-05
 9002.800000 -2.939809e-05 -3.247315e-07 -3.348035e-08 -5.225960e-07 5.193431e-05 2.498531e-04 -2.351533e-05 4.731979e-05
 9003.000000 -2.956016e-05 -3.264161e-07 -3.397191e-08 -5.253066e-07 5.948445e-05 2.451655e-04 -3.443453e-05 4.230537e-05
 9003.200000 -2.965405e-05 -3.269196e-07 -3.391634e-08 -5.267265e-07 5.803980e-05 2.580155e-04 -3.620057e-05 3.124547e-05
 9003.400000 -2.969920e-05 -3.281382e-07 -3.398641e-08 -5.274072e-07 6.213862e-05 2.733008e-04 -2.206000e-05 3.421036e-05
 9003.600000 -2.971022e-05 -3.279586e-07 -3.448660e-08 -5.269818e-07 6.636840e-05 2.631573e-04 -3.104957e-05 2.723769e-05
 9003.800000 -2.971247e-05 -3.261367e-07 -3.491773e-08 -5.267526e-07 7.411466e-05 2.498139e-04 -2.126304e-05 3.040776e-05
 9004.000000 -2.971243e-05 -3.250705e-07 -3.538830e-08 -5.266532e-07 7.437659e-05 2.680141e-04 -2.812063e-05 2.992492e-05
 9004.200000 -2.973800e-05 -3.261372e-07 -3.568791e-08 -5.268479e-07 7.496885e-05 2.639953e-04 -3.681123e-05 2.878868e-05
 9004.400000 -2.973418e-05 -3.257088e-07 -3.596824e-08 -5.261016e-07 6.970886e-05 2.744899e-04 -3.054567e-05 4.077711e-05
 9004.600000 -2.971548e-05 -3.241475e-07 -3.619659e-08 -5.254845e-07 6.516772e-05 2.787983e-04 -4.349585e-05 5.224119e-05
 9004.800000 -2.973144e-05 -3.235669e-07 -3.628228e-08 -5.257036e-07 6.927409e-05 2.423476e-04 -3.304031e-05 4.518181e-05
 9005.000000 -2.971243e-05 -3.250595e-07 -3.693958e-08 -5.251633e-07 6.027488e-05 2.328685e-04 -2.328612e-05 3.952734e-05
 9005.200000 -2.965932e-05 -3.276255e-07 -3.806982e-08 -5.232928e-07 5.004611e-05 2.297972e-04 -2.479404e-05 4.766346e-05
 9005.400000 -2.965932e-05 -3.260248e-07 -3.814509e-08 -5.228439e-07 4.699188e-05 2.258909e-04 -2.451632e-05 4.283075e-05
 9005.600000 -2.964278e-05 -3.261114e-07 -3.872843e-08 -5.218889e-07 5.521108e-05 2.240894e-04 -3.703284e-05 4.188861e-05
 9005.800000 -2.961844e-05 -3.269149e-07 -3.904849e-08 -5.207954e-07 5.574506e-05 2.467304e-04 -4.538045e-05 4.460331e-05
 9006.000000 -2.963511e-05 -3.259991e-07 -3.919783e-08 -5.212821e-07 6.012320e-05 2.523629e-04 -4.777083e-05 3.193287e-05
 9006.200000 -2.965409e-05 -3.232732e-07 -3.937244e-08 -5.217283e-07 5.780789e-05 2.550354e-04 -4.402893e-05 2.689602e-05
 9006.400000 -2.966030e-05 -3.243934e-07 -3.966525e-08 -5.218500e-07 5.280181e-05 2.353471e-04 -3.457165e-05 4.137206e-05
 9006.600000 -2.968292e-05 -3.249923e-07 -3.997513e-08 -5.220162e-07 5.685297e-05 2.312559e-04 -3.982652e-05 3.969792e-05
 9006.800000 -2.966442e-05 -3.233624e-07 -3.991516e-08 -5.215241e-07 4.451023e-05 2.473660e-04 -3.063391e-05 5.609413e-05
 9007.000000 -2.965845e-05 -3.237227e-07 -4.025294e-08 -5.208739e-07 4.556927e-05 2.395975e-04 -3.641358e-05 6.063378e-05
 9007.200000 -2.964554e-05 -3.231001e-07 -4.045050e-08 -5.204077e-07 5.142312e-05 2.106522e-04 -3.675560e-05 6.414392e-05
 9007.400000 -2.962987e-05 -3.244153e-07 -4.051154e-08 -5.196681e-07 4.929082e-05 2.082874e-04 -3.258395e-05 6.638537e-05
 9007.600000 -2.959340e-05 -3.244263e-07 -4.075957e-08 -5.181732e-07 4.952606e-05 2.322218e-04 -4.313349e-05 5.218405e-05
 9007.800000 -2.954018e-05 -3.281524e-07 -4.163711e-08 -5.164960e-07 5.745114e-05 2.333590e-04 -4.143513e-05 4.900049e-05
 9008.000000 -2.956611e-05 -3.256835e-07 -4.165058e-08 -5.171418e-07 5.589877e-05 2.399696e-04 -3.792417e-05 5.090174e-05
 9008.200000 -2.957434e-05 -3.259144e-07 -4.180056e-08 -5.168124e-07 5.961918e-05 2.428658e-04 -5.043382e-05 4.128166e-05
 9008.400000 -2.953118e-05 -3.279284e-07 -4.265052e-08 -5.155755e-07 6.286344e-05 2.453116e-04 -4.007661e-05 4.221021e-05
 9008.600000 -2.952076e-05 -3.266058e-07 -4.230738e-08 -5.148756e-07 6.573610e-05 2.426058e-04 -3.882147e-05 3.656637e-05
 9008.800000 -2.957453e-05 -3.256473e-07 -4.267549e-08 -5.161263e-07 6.145733e-05 2.270133e-04 -2.554273e-05 4.417927e-05
 9009.000000 -2.957113e-05 -3.250291e-07 -4.291545e-08 -5.160077e-07 6.157831e-05 2.185465e-04 -2.551275e-05 4.616234e-05
 9009.227860 -2.956045e-05 -3.257469e-07 -4.339085e-08 -5.155565e-07 6.485498e-05 2.241333e-04 -2.527000e-05 4.765971e-05
 9009.483581 -2.955284e-05 -3.258612e-07 -4.340496e-08 -5.152510e-07 5.986457e-05 2.279675e-04 -4.186757e-05 3.262263e-05
 9009.767162 -2.953059e-05 -3.264562e-07 -4.381931e-08 -5.146269e-07 6.412168e-05 2.261340e-04 -4.527621e-05 3.449871e-05
 9010.078604 -2.954107e-05 -3.247194e-07 -4.351323e-08 -5.151334e-07 6.594444e-05 2.326297e-04 -4.806377e-05 3.596084e-05
 9010.417905 -2.952408e-05 -3.231947e-07 -4.353266e-08 -5.153762e-07 7.558755e-05 2.414321e-04 -4.535311e-05 4.023556e-05
 9010.785067 -2.945008e-05 -3.231021e-07 -4.389964e-08 -5.146616e-07 7.560687e-05 2.291981e-04 -4.451957e-05 2.773761e-05
 9011.180090 -2.937793e-05 -3.211064e-07 -4.356913e-08 -5.145046e-07 7.784100e-05 2.193423e-04 -3.939544e-05 3.306046e-05
 9011.602973 -2.930766e-05 -3.193339e-07 -4.304261e-08 -5.151144e-07 8.058382e-05 2.126857e-04 -3.466478e-05 2.970641e-05
 9012.053716 -2.925784e-05 -3.207156e-07 -4.341963e-08 -5.159706e-07 7.598943e-05 2.192874e-04 -3.276231e-05 3.047872e-05
 9012.532319 -2.922905e-05 -3.240075e-07 -4.347564e-08 -5.184830e-07 7.037733e-05 2.226374e-04 -3.050065e-05 3.442980e-05
 9013.038783 -2.929698e-05 -3.220868e-07 -4.294068e-08 -5.246038e-07 5.670364e-05 2.331201e-04 -2.597506e-05 4.228626e-05
 9013.573107 -2.936430e-05 -3.212248e-07 -4.264400e-08 -5.318088e-07 5.852437e-05 2.423452e-04 -3.021590e-05 3.130103e-05
 9014.135292 -2.943803e-05 -3.222563e-07 -4.233355e-08 -5.389956e-07 6.589664e-05 2.519331e-04 -2.204771e-05 4.194837e-05
 9014.725337 -2.954027e-05 -3.227913e-07 -4.203402e-08 -5.462842e-07 5.572078e-05 2.544204e-04 -1.808607e-05 4.057315e-05
 9015.343242 -2.955537e-05 -3.232698e-07 -4.162744e-08 -5.501033e-07 5.469245e-05 2.522240e-04 -3.057386e-05 3.821117e-05
 9015.989008 -2.948044e-05 -3.241587e-07 -4.098634e-08 -5.497324e-07 6.238347e-05 2.546561e-04 -4.390764e-05 4.087907e-05
 9016.662634 -2.950068e-05 -3.215487e-07 -3.999388e-08 -5.496379e-07 6.428307e-05 2.387400e-04 -3.795739e-05 3.574379e-05
 9017.364120 -2.955840e-05 -3.188170e-07 -3.869151e-08 -5.485399e-07 6.743894e-05 2.529468e-04 -2.563420e-05 3.250247e-05
 9018.093467 -2.955316e-05 -3.181862e-07 -3.808639e-08 -5.442218e-07 7.246393e-05 2.465712e-04 -2.131017e-05 2.251438e-05
 9018.850674 -2.952427e-05 -3.190053e-07 -3.747949e-08 -5.382005e-07 7.108107e-05 2.371223e-04 -2.510658e-05 2.387589e-05
 9019.635741 -2.950636e-05 -3.191990e-07 -3.656877e-08 -5.321534e-07 6.767165e-05 2.713691e-04 -2.720787e-05 1.125247e-05
 9020.448669 -2.935216e-05 -3.243209e-07 -3.626832e-08 -5.228249e-07 6.415884e-05 2.619225e-04 -2.131938e-05 1.146750e-05
 9021.289457 -2.935653e-05 -3.248431e-07 -3.553345e-08 -5.178645e-07 6.598803e-05 2.561974e-04 -2.068027e-05 1.564731e-05
 9022.158106 -2.939326e-05 -3.237092e-07 -3.466772e-08 -5.142030e-07 6.530613e-05 2.547936e-04 -2.220293e-05 1.613079e-05
 9023.054614 -2.942036e-05 -3.224737e-07 -3.391866e-08 -5.113604e-07 6.113083e-05 2.413221e-04 -2.564543e-05 3.054065e-05
 9023.978983 -2.941013e-05 -3.217251e-07 -3.304779e-08 -5.090461e-07 5.427883e-05 2.628291e-04 -3.451875e-05 5.848925e-05
 9024.931213 -2.932679e-05 -3.232042e-07 -3.312698e-08 -5.061995e-07 5.877996e-05 2.693991e-04 -3.263959e-05 6.041689e-05
 9025.911303 -2.932688e-05 -3.224991e-07 -3.352647e-08 -5.063562e-07 5.365330e-05 2.575583e-04 -2.620669e-05 6.404385e-05
 9026.919253 -2.933291e-05 -3.206836e-07 -3.389552e-08 -5.074568e-07 4.453315e-05 2.667642e-04 -1.684852e-05 7.772206e-05
 9027.955064 -2.932693e-05 -3.192259e-07 -3.454658e-08 -5.088523e-07 4.521634e-05 2.539653e-04 -2.900291e-05 7.199321e-05
 9029.018734 -2.929220e-05 -3.196090e-07 -3.562838e-08 -5.094580e-07 5.698601e-05 2.295806e-04 -3.134987e-05 6.949424e-05
 9030.110266 -2.929810e-05 -3.181437e-07 -3.666159e-08 -5.112973e-07 5.439289e-05 2.309290e-04 -3.218780e-05 7.547926e-05
 9031.232723 -2.928709e-05 -3.165977e-07 -3.796120e-08 -5.127309e-07 5.300544e-05 2.113140e-04 -3.546530e-05 8.038396e-05
 9032.367373 -2.925212e-05 -3.173649e-07 -3.875276e-08 -5.135321e-07 6.168835e-05 2.108854e-04 -3.089689e-05 7.692310e-05
 9033.514214 -2.922937e-05 -3.166190e-07 -3.927022e-08 -5.153290e-07 5.666483e-05 2.263244e-04 -3.147564e-05 8.103949e-05
 9034.673248 -2.920605e-05 -3.158924e-07 -3.943059e-08 -5.177218e-07 5.733168e-05 2.390846e-04 -3.071795e-05 8.035404e-05
 9035.844473 -2.920553e-05 -3.148708e-07 -3.932484e-08 -5.211638e-07 5.713322e-05 2.298352e-04 -2.291198e-05 8.292997e-05
 9037.027890 -2.916568e-05 -3.149691e-07 -3.957204e-08 -5.244458e-07 5.350568e-05 2.067404e-04 -2.212263e-05 8.518092e-05
 9038.223499 -2.910496e-05 -3.156400e-07 -3.958664e-08 -5.265996e-07 5.490944e-05 2.014668e-04 -1.912334e-05 8.557118e-05
 9039.431300 -2.909762e-05 -3.144874e-07 -3.893957e-08 -5.296000e-07 4.486076e-05 1.932623e-04 -2.292513e-05 8.245057e-05
 9040.651293 -2.908843e-05 -3.132115e-07 -3.848081e-08 -5.317991e-07 5.010243e-05 1.800649e-04 -2.043002e-05 8.216199e-05
 9041.883478 -2.901564e-05 -3.140207e-07 -3.855749e-08 -5.316586e-07 5.950914e-05 1.855875e-04 -2.340622e-05 8.449051e-05
 9043.127855 -2.895118e-05 -3.145756e-07 -3.863146e-08 -5.313124e-07 5.333497e-05 1.986372e-04 -2.658710e-05 8.628271e-05
 9044.384423 -2.894509e-05 -3.131153e-07 -3.840566e-08 -5.322206e-07 6.308654e-05 2.027778e-04 -3.519076e-05 8.107398e-05
 9045.653184 -2.893934e-05 -3.111040e-07 -3.839419e-08 -5.335307e-07 5.807215e-05 2.017771e-04 -3.899941e-05 7.710197e-05
 9046.934136 -2.894961e-05 -3.091762e-07 -3.788571e-08 -5.352891e-07 6.173846e-05 2.506725e-04 -4.175668e-05 7.647886e-05
 9048.227280 -2.892276e-05 -3.091999e-07 -3.741035e-08 -5.362583e-07 5.733848e-05 2.643852e-04 -2.801843e-05 8.266066e-05
 9049.532617 -2.891185e-05 -3.093609e-07 -3.687741e-08 -5.382325e-07 5.786199e-05 2.719688e-04 -3.356275e-05 8.416343e-05
 9050.850145 -2.886742e-05 -3.101503e-07 -3.680012e-08 -5.388233e-07 5.620207e-05 2.541176e-04 -3.249359e-05 8.408639e-05
 9052.179865 -2.884426e-05 -3.097748e-07 -3.661056e-08 -5.398870e-07 6.141825e-05 2.388262e-04 -2.960550e-05 8.625037e-05
 9053.521777 -2.882837e-05 -3.092467e-07 -3.640044e-08 -5.400920e-07 6.872819e-05 2.332930e-04 -3.395657e-05 8.878275e-05
 9054.875881 -2.875757e-05 -3.105876e-07 -3.671030e-08 -5.381313e-07 7.032280e-05 2.134219e-04 -2.956352e-05 9.383752e-05
 9056.242177 -2.874558e-05 -3.089832e-07 -3.613444e-08 -5.377972e-07 8.340677e-05 2.079014e-04 -3.149609e-05 9.535629e-05
 9057.620664 -2.872102e-05 -3.080146e-07 -3.540158e-08 -5.367943e-07 7.488644e-05 2.097152e-04 -1.977616e-05 9.663070e-05
 9059.011344 -2.856328e-05 -3.074973e-07 -3.470083e-08 -5.331581e-07 7.061443e-05 2.242974e-04 -2.306212e-05 7.909724e-05
 9060.414215 -2.844270e-05 -3.078803e-07 -3.452410e-08 -5.300305e-07 7.501948e-05 2.260483e-04 -1.913851e-05 7.081928e-05
 9061.829279 -2.861179e-05 -3.073567e-07 -3.401909e-08 -5.331549e-07 6.998858e-05 2.316511e-04 -1.898639e-05 7.209296e-05
 9063.256534 -2.865936e-05 -3.077753e-07 -3.377733e-08 -5.336575e-07 6.598649e-05 2.209769e-04 -2.427918e-05 7.824815e-05
 9064.695981 -2.865004e-05 -3.082519e-07 -3.334318e-08 -5.332175e-07 6.073964e-05 2.207612e-04 -2.422043e-05 8.362772e-05
 9066.147620 -2.863761e-05 -3.065396e-07 -3.314059e-08 -5.333461e-07 6.190080e-05 2.128051e-04 -2.357213e-05 7.532537e-05
 9067.611452 -2.863680e-05 -3.051139e-07 -3.266367e-08 -5.336529e-07 7.091693e-05 2.136934e-04 -2.462198e-05 7.899398e-05
 9069.087475 -2.862382e-05 -3.061306e-07 -3.229961e-08 -5.338606e-07 6.290074e-05 2.165979e-04 -2.740648e-05 8.991027e-05
 9070.575689 -2.855604e-05 -3.075921e-07 -3.179573e-08 -5.331993e-07 6.471236e-05 2.030772e-04 -3.392876e-05 7.828653e-05
 9072.076096 -2.851581e-05 -3.083440e-07 -3.209220e-08 -5.335729e-07 6.969668e-05 2.055262e-04 -3.475185e-05 7.156384e-05
 9073.588695 -2.849644e-05 -3.073694e-07 -3.223070e-08 -5.347184e-07 6.413878e-05 2.113201e-04 -3.519612e-05 8.106420e-05
 9075.113485 -2.850705e-05 -3.054399e-07 -3.250857e-08 -5.368126e-07 5.719837e-05 2.194132e-04 -5.091801e-05 8.104630e-05
 9076.650468 -2.848367e-05 -3.048768e-07 -3.298221e-08 -5.369959e-07 6.291936e-05 2.132629e-04 -4.329741e-05 8.976572e-05
 9078.199642 -2.842003e-05 -3.077856e-07 -3.415611e-08 -5.354267e-07 5.699860e-05 2.093500e-04 -3.920252e-05 9.220210e-05
 9079.761009 -2.836800e-05 -3.096680e-07 -3.542060e-08 -5.339846e-07 5.656681e-05 2.012304e-04 -2.953042e-05 9.362517e-05
 9081.334567 -2.837840e-05 -3.080704e-07 -3.596199e-08 -5.347847e-07 6.727718e-05 2.188727e-04 -3.965918e-05 8.872665e-05
 9082.920317 -2.831550e-05 -3.062615e-07 -3.635793e-08 -5.342834e-07 6.347240e-05 2.288205e-04 -6.085905e-05 7.807156e-05
 9084.518259 -2.829443e-05 -3.066777e-07 -3.676401e-08 -5.342595e-07 5.463966e-05 2.359408e-04 -4.312864e-05 9.054921e-05
 9086.128393 -2.831509e-05 -3.044663e-07 -3.701147e-08 -5.361824e-07 5.339866e-05 2.232710e-04 -3.716301e-05 9.354435e-05
 9087.750719 -2.831424e-05 -3.044852e-07 -3.717807e-08 -5.374385e-07 5.532501e-05 2.065589e-04 -4.398136e-05 9.232260e-05
 9089.385237 -2.827387e-05 -3.076960e-07 -3.800339e-08 -5.369988e-07 5.673492e-05 2.191044e-04 -3.986382e-05 9.259447e-05
 9091.031946 -2.822575e-05 -3.081128e-07 -3.876532e-08 -5.363679e-07 6.959749e-05 2.303427e-04 -3.926617e-05 8.791865e-05
 9092.690848 -2.821423e-05 -3.077085e-07 -3.952325e-08 -5.365560e-07 6.998050e-05 2.374969e-04 -4.893732e-05 7.739342e-05
 9094.361942 -2.821873e-05 -3.060823e-07 -4.039185e-08 -5.370035e-07 6.976546e-05 2.463710e-04 -4.712089e-05 7.797643e-05
 9096.045227 -2.820858e-05 -3.043363e-07 -4.098717e-08 -5.371224e-07 6.924799e-05 2.380387e-04 -5.196611e-05 7.194055e-05
 9097.740704 -2.821559e-05 -3.034744e-07 -4.124992e-08 -5.373920e-07 5.945849e-05 2.333425e-04 -4.282361e-05 7.426210e-05
 9099.448374 -2.820891e-05 -3.016981e-07 -4.054865e-08 -5.371528e-07 5.129295e-05 2.423960e-04 -3.671569e-05 7.582145e-05
 9101.168235 -2.815310e-05 -3.039071e-07 -4.032671e-08 -5.348179e-07 6.733029e-05 2.429218e-04 -4.178394e-05 7.472971e-05
 9102.900288 -2.810978e-05 -3.063493e-07 -4.014386e-08 -5.329131e-07 7.651790e-05 2.169330e-04 -2.459917e-05 8.704476e-05
 9104.644533 -2.809913e-05 -3.047242e-07 -3.897411e-08 -5.323538e-07 7.302345e-05 2.145086e-04 -2.624800e-05 8.799073e-05
 9106.400970 -2.812777e-05 -3.023689e-07 -3.787564e-08 -5.330462e-07 6.828171e-05 2.174971e-04 -2.720713e-05 8.664629e-05
 9108.169598 -2.812621e-05 -3.012370e-07 -3.705526e-08 -5.331317e-07 6.707188e-05 2.267657e-04 -3.657605e-05 7.850552e-05
 9109.950419 -2.809666e-05 -3.010292e-07 -3.650038e-08 -5.328348e-07 6.694479e-05 2.386867e-04 -3.644394e-05 8.135395e-05
 9111.743432 -2.803529e-05 -3.037015e-07 -3.687726e-08 -5.320680e-07 6.768513e-05 2.314885e-04 -2.866068e-05 8.413420e-05
 9113.548636 -2.804814e-05 -3.012769e-07 -3.628506e-08 -5.336440e-07 6.830907e-05 2.428704e-04 -3.177475e-05 8.398474e-05
 9115.366032 -2.805128e-05 -3.011000e-07 -3.616404e-08 -5.347735e-07 6.361516e-05 2.466417e-04 -1.736063e-05 9.788267e-05
 9117.195621 -2.805976e-05 -3.005460e-07 -3.597767e-08 -5.362352e-07 6.636264e-05 2.381976e-04 -1.968518e-05 9.805349e-05
 9119.037401 -2.802783e-05 -2.997041e-07 -3.570715e-08 -5.369219e-07 6.683082e-05 2.514370e-04 -1.497441e-05 9.333822e-05
 9120.891373 -2.799522e-05 -3.013399e-07 -3.557103e-08 -5.371389e-07 6.177695e-05 2.478201e-04 -2.188923e-05 7.973601e-05
 9122.757537 -2.799907e-05 -2.993996e-07 -3.469250e-08 -5.385513e-07 6.019689e-05 2.377864e-04 -1.721637e-05 7.789260e-05
 9124.635893 -2.798439e-05 -2.981347e-07 -3.337583e-08 -5.396800e-07 6.284523e-05 2.348276e-04 -1.611196e-05 7.817099e-05
 9126.526441 -2.796054e-05 -2.988262e-07 -3.230766e-08 -5.410831e-07 6.400198e-05 2.590319e-04 -1.900333e-05 7.659175e-05
 9128.429181 -2.787300e-05 -3.004861e-07 -3.169230e-08 -5.403757e-07 5.523435e-05 3.014603e-04 -5.425433e-06 7.280349e-05
 9130.344112 -2.776913e-05 -2.999855e-07 -3.115060e-08 -5.401715e-07 5.768654e-05 2.878678e-04 -1.806488e-05 6.990435e-05
 9132.271236 -2.784378e-05 -3.006747e-07 -3.126312e-08 -5.432490e-07 6.560959e-05 2.676728e-04 -2.162020e-05 7.681973e-05
 9134.210552 -2.784700e-05 -3.010962e-07 -3.165831e-08 -5.446571e-07 6.860610e-05 2.736458e-04 -3.346157e-05 7.808112e-05
 9136.162059 -2.778453e-05 -3.015123e-07 -3.212910e-08 -5.442285e-07 6.858179e-05 2.782084e-04 -2.873118e-05 7.941090e-05
 9138.125758 -2.777683e-05 -2.985520e-07 -3.200538e-08 -5.454964e-07 5.681981e-05 2.635519e-04 -2.335166e-05 7.853430e-05
 9140.101649 -2.783277e-05 -2.973455e-07 -3.252734e-08 -5.479005e-07 5.751770e-05 2.514449e-04 -2.168082e-05 8.283086e-05
 9142.089733 -2.779468e-05 -2.992421e-07 -3.356945e-08 -5.472558e-07 5.697278e-05 2.625325e-04 -3.497464e-05 7.249193e-05
 9144.090008 -2.773422e-05 -3.021865e-07 -3.500294e-08 -5.461906e-07 5.403106e-05 2.405134e-04 -3.061080e-05 6.941397e-05
 9146.102475 -2.775394e-05 -3.006828e-07 -3.586612e-08 -5.479371e-07 5.068352e-05 2.712226e-04 -3.498347e-05 7.493799e-05
 9148.127133 -2.774150e-05 -3.002736e-07 -3.713241e-08 -5.479252e-07 5.203548e-05 2.672635e-04 -3.125285e-05 7.272504e-05
 9150.163984 -2.776054e-05 -2.983496e-07 -3.839629e-08 -5.491376e-07 5.871208e-05 2.830091e-04 -3.176904e-05 7.669377e-05
 9152.213027 -2.772476e-05 -2.985174e-07 -3.987551e-08 -5.486359e-07 5.168983e-05 2.747698e-04 -3.555924e-05 7.079173e-05
 9154.274261 -2.748915e-05 -2.982981e-07 -4.114521e-08 -5.442405e-07 5.577198e-05 2.756018e-04 -3.032400e-05 7.127490e-05
 9156.347688 -2.734360e-05 -2.963656e-07 -4.175245e-08 -5.424999e-07 5.344398e-05 2.759049e-04 -3.472302e-05 6.371983e-05
 9158.433306 -2.773829e-05 -3.030005e-07 -4.293382e-08 -5.496606e-07 5.349382e-05 2.873943e-04 -3.448162e-05 7.391495e-05
 9160.531117 -2.774515e-05 -3.037623e-07 -4.258479e-08 -5.507612e-07 5.034303e-05 2.923267e-04 -3.206570e-05 8.173508e-05
 9162.641119 -2.775611e-05 -3.026122e-07 -4.187797e-08 -5.516379e-07 4.781568e-05 2.884761e-04 -3.712183e-05 7.661635e-05
 9164.763313 -2.775045e-05 -3.003741e-07 -4.037151e-08 -5.525583e-07 4.089469e-05 2.651439e-04 -4.131025e-05 7.749129e-05
 9166.897699 -2.771867e-05 -2.999841e-07 -3.912329e-08 -5.527518e-07 4.475937e-05 2.501613e-04 -3.106545e-05 8.498062e-05
 9169.044277 -2.748701e-05 -2.975974e-07 -3.788204e-08 -5.486701e-07 5.524136e-05 2.548097e-04 -2.721696e-05 9.207451e-05
 9171.203047 -2.743314e-05 -3.016327e-07 -3.748753e-08 -5.470550e-07 5.552235e-05 2.633638e-04 -2.407179e-05 9.538208e-05
 9173.374008 -2.767940e-05 -3.031765e-07 -3.736671e-08 -5.535011e-07 5.865270e-05 2.674227e-04 -3.169354e-05 9.005073e-05
 9175.557162 -2.777022e-05 -3.033645e-07 -3.734165e-08 -5.563910e-07 6.095827e-05 2.661958e-04 -3.241480e-05 8.408828e-05
 9177.752508 -2.777741e-05 -3.034927e-07 -3.747484e-08 -5.572296e-07 5.992985e-05 2.513304e-04 -3.124073e-05 8.489329e-05
 9179.960045 -2.773182e-05 -3.047529e-07 -3.762911e-08 -5.571062e-07 6.688737e-05 2.437623e-04 -2.078647e-05 9.231288e-05
 9182.179775 -2.770529e-05 -3.074153e-07 -3.806929e-08 -5.568742e-07 7.640995e-05 2.549850e-04 -1.801383e-05 8.490850e-05
 9184.411696 -2.768676e-05 -3.093818e-07 -3.851747e-08 -5.569057e-07 7.709561e-05 2.611183e-04 -2.279328e-05 7.825145e-05
 9186.655809 -2.769419e-05 -3.096481e-07 -3.857870e-08 -5.578306e-07 7.334972e-05 2.393834e-04 -2.446640e-05 8.836873e-05
 9188.912114 -2.773208e-05 -3.073697e-07 -3.829916e-08 -5.600655e-07 6.733559e-05 2.280653e-04 -3.582462e-05 9.083164e-05
 9191.180611 -2.776031e-05 -3.063327e-07 -3.821716e-08 -5.618161e-07 7.232784e-05 2.467521e-04 -4.400353e-05 1.014445e-04
 9193.461300 -2.777791e-05 -3.067098e-07 -3.836830e-08 -5.633388e-07 8.007422e-05 2.453346e-04 -4.311301e-05 9.720260e-05
 9195.754181 -2.775799e-05 -3.081092e-07 -3.903873e-08 -5.633664e-07 8.469832e-05 2.454168e-04 -3.771003e-05 9.024284e-05
 9198.059254 -2.777959e-05 -3.092565e-07 -3.917480e-08 -5.650719e-07 8.620645e-05 2.512547e-04 -3.646541e-05 9.248993e-05
 9200.376518 -2.780100e-05 -3.103211e-07 -3.874196e-08 -5.665207e-07 7.786785e-05 2.637634e-04 -2.845492e-05 9.190790e-05
 9202.705975 -2.782080e-05 -3.106050e-07 -3.810355e-08 -5.675797e-07 7.907121e-05 2.449277e-04 -3.900667e-05 8.541565e-05
 9205.047623 -2.785188e-05 -3.107071e-07 -3.717698e-08 -5.694593e-07 7.422792e-05 2.429527e-04 -2.413217e-05 9.500299e-05
 9207.401464 -2.785595e-05 -3.119072e-07 -3.693193e-08 -5.698498e-07 7.025426e-05 2.444106e-04 -3.470670e-05 8.198423e-05
 9209.767496 -2.786438e-05 -3.135318e-07 -3.701382e-08 -5.706247e-07 6.884459e-05 2.471577e-04 -3.610762e-05 8.440130e-05
 9212.145720 -2.789061e-05 -3.130610e-07 -3.712209e-08 -5.722645e-07 7.919531e-05 2.444979e-04 -2.119972e-05 8.117179e-05
 9214.536136 -2.787774e-05 -3.131616e-07 -3.722380e-08 -5.724940e-07 7.287418e-05 2.439439e-04 -2.617899e-05 8.873942e-05
 9216.938744 -2.787778e-05 -3.134348e-07 -3.748920e-08 -5.726853e-07 7.126866e-05 2.552785e-04 -4.390693e-05 8.159226e-05
 9219.353544 -2.786721e-05 -3.155605e-07 -3.833493e-08 -5.722990e-07 7.641813e-05 2.298088e-04 -3.876683e-05 7.585948e-05
 9221.780536 -2.793004e-05 -3.146861e-07 -3.888238e-08 -5.745025e-07 7.802190e-05 2.393672e-04 -3.616700e-05 7.868253e-05
 9224.219720 -2.799404e-05 -3.146288e-07 -3.964605e-08 -5.769076e-07 8.224740e-05 2.585646e-04 -2.138709e-05 8.805712e-05
 9226.671096 -2.800717e-05 -3.147432e-07 -4.043287e-08 -5.775927e-07 7.633794e-05 2.700550e-04 -3.090553e-05 8.524677e-05
 9229.134663 -2.802079e-05 -3.156922e-07 -4.119530e-08 -5.784730e-07 8.247141e-05 2.672095e-04 -4.631594e-05 7.363210e-05
 9231.610423 -2.801496e-05 -3.151481e-07 -4.198202e-08 -5.789042e-07 8.119546e-05 2.672915e-04 -4.130382e-05 8.236422e-05
 9234.098374 -2.801205e-05 -3.178721e-07 -4.311223e-08 -5.792713e-07 8.346163e-05 2.574767e-04 -3.671849e-05 8.676889e-05
 9236.598517 -2.802680e-05 -3.189451e-07 -4.372102e-08 -5.805136e-07 8.858135e-05 2.467367e-04 -5.157442e-05 7.570998e-05
 9239.110852 -2.812743e-05 -3.185024e-07 -4.379694e-08 -5.846730e-07 8.850334e-05 2.342275e-04 -4.131304e-05 7.916818e-05
 9241.635380 -2.817219e-05 -3.192876e-07 -4.380370e-08 -5.869555e-07 8.693755e-05 2.326681e-04 -5.033864e-05 7.535126e-05
 9244.172099 -2.816261e-05 -3.205004e-07 -4.405628e-08 -5.875858e-07 9.438005e-05 2.434659e-04 -4.123707e-05 7.162341e-05
 9246.721009 -2.815161e-05 -3.231836e-07 -4.452393e-08 -5.879821e-07 8.442631e-05 2.471019e-04 -3.332955e-05 7.963282e-05
 9249.282112 -2.814667e-05 -3.239042e-07 -4.464390e-08 -5.888415e-07 7.520081e-05 2.655671e-04 -1.825320e-05 8.925777e-05
 9251.855407 -2.817883e-05 -3.223786e-07 -4.413810e-08 -5.913148e-07 7.529137e-05 2.519074e-04 -3.372689e-05 6.973930e-05
 9254.440894 -2.820745e-05 -3.234715e-07 -4.408784e-08 -5.931350e-07 7.906690e-05 2.579820e-04 -3.678399e-05 7.340450e-05
 9257.038572 -2.821758e-05 -3.243937e-07 -4.421469e-08 -5.942618e-07 8.502233e-05 2.634143e-04 -2.975884e-05 8.057754e-05
 9259.648443 -2.826469e-05 -3.237171e-07 -4.401212e-08 -5.968491e-07 7.987843e-05 2.690803e-04 -3.133348e-05 9.041236e-05
 9262.270505 -2.831633e-05 -3.238188e-07 -4.379676e-08 -5.995567e-07 7.339883e-05 2.713433e-04 -3.990636e-05 9.206560e-05
 9264.904759 -2.833603e-05 -3.239377e-07 -4.345471e-08 -6.012569e-07 6.913809e-05 2.543735e-04 -4.566894e-05 8.234454e-05
 9267.551205 -2.835924e-05 -3.251886e-07 -4.361433e-08 -6.026263e-07 6.790884e-05 2.479268e-04 -3.781796e-05 8.115534e-05
 9270.209844 -2.837016e-05 -3.249849e-07 -4.358756e-08 -6.040560e-07 6.752256e-05 2.486972e-04 -5.443166e-05 8.799254e-05
 9272.880674 -2.842235e-05 -3.239247e-07 -4.326949e-08 -6.066990e-07 7.097563e-05 2.754382e-04 -3.948815e-05 1.026055e-04
 9275.563696 -2.842781e-05 -3.247362e-07 -4.323455e-08 -6.076035e-07 6.241936e-05 2.766937e-04 -4.126958e-05 9.899154e-05
 9278.258909 -2.845454e-05 -3.262542e-07 -4.315410e-08 -6.091509e-07 6.211643e-05 2.758316e-04 -3.221669e-05 9.908825e-05
 9280.966315 -2.843331e-05 -3.291546e-07 -4.366146e-08 -6.085220e-07 6.855872e-05 2.764575e-04 -2.783818e-05 9.149368e-05
 9283.685913 -2.843470e-05 -3.301975e-07 -4.378668e-08 -6.086675e-07 6.457230e-05 2.565452e-04 -3.198129e-05 9.340407e-05
 9286.417702 -2.847614e-05 -3.294263e-07 -4.339015e-08 -6.104494e-07 5.482113e-05 2.479192e-04 -3.596422e-05 8.365547e-05
 9289.161684 -2.843711e-05 -3.278425e-07 -4.293705e-08 -6.106361e-07 6.217710e-05 2.573638e-04 -3.683367e-05 8.999753e-05
 9291.917857 -2.856598e-05 -3.287006e-07 -4.284215e-08 -6.143746e-07 7.023569e-05 2.703035e-04 -3.677474e-05 8.731481e-05
 9294.686222 -2.867440e-05 -3.300349e-07 -4.313898e-08 -6.179395e-07 7.579716e-05 2.803672e-04 -2.763459e-05 9.791561e-05
 9297.466780 -2.861356e-05 -3.308143e-07 -4.352703e-08 -6.169846e-07 6.556769e-05 2.890518e-04 -2.729171e-05 8.857383e-05
 9300.259529 -2.855925e-05 -3.307087e-07 -4.372869e-08 -6.170790e-07 5.856845e-05 2.986106e-04 -2.805851e-05 8.667968e-05
 9303.064470 -2.877928e-05 -3.328793e-07 -4.420347e-08 -6.228191e-07 7.395654e-05 2.694007e-04 -2.289084e-05 9.190948e-05
 9305.881602 -2.878848e-05 -3.337747e-07 -4.493725e-08 -6.237377e-07 7.899654e-05 2.614847e-04 -2.713479e-05 8.670887e-05
 9308.710927 -2.877103e-05 -3.353229e-07 -4.551717e-08 -6.244831e-07 7.649838e-05 2.505614e-04 -3.436306e-05 8.063915e-05
 9311.552444 -2.883556e-05 -3.365597e-07 -4.602152e-08 -6.272737e-07 7.267023e-05 2.425688e-04 -3.320786e-05 7.872206e-05
 9314.406153 -2.889116e-05 -3.376122e-07 -4.649047e-08 -6.296165e-07 7.888787e-05 2.445172e-04 -3.307821e-05 8.919990e-05
 9317.272053 -2.891820e-05 -3.392641e-07 -4.724485e-08 -6.307979e-07 7.407620e-05 2.582705e-04 -2.900512e-05 8.113171e-05
 9320.150146 -2.894685e-05 -3.416247e-07 -4.802660e-08 -6.319047e-07 7.027147e-05 2.595830e-04 -1.958763e-05 8.786937e-05
 9323.040430 -2.894107e-05 -3.434162e-07 -4.848356e-08 -6.325814e-07 6.939799e-05 2.437762e-04 -2.074248e-05 8.654906e-05
 9325.942906 -2.884138e-05 -3.430532e-07 -4.861737e-08 -6.311134e-07 6.658134e-05 2.686768e-04 -2.705150e-05 8.202935e-05
 9328.857574 -2.898782e-05 -3.487006e-07 -4.926235e-08 -6.345487e-07 6.785377e-05 2.505889e-04 -2.505239e-05 8.410431e-05
 9331.784435 -2.901680e-05 -3.485471e-07 -4.950271e-08 -6.362887e-07 6.866098e-05 2.541101e-04 -2.666418e-05 9.056699e-05
 9334.723487 -2.919070e-05 -3.457597e-07 -4.906880e-08 -6.422003e-07 6.747194e-05 2.798045e-04 -2.834167e-05 9.677059e-05
 9337.674730 -2.924437e-05 -3.485195e-07 -4.973154e-08 -6.440542e-07 6.969837e-05 2.763755e-04 -4.834246e-05 8.906462e-05
 9340.638166 -2.926204e-05 -3.512556e-07 -5.044239e-08 -6.451227e-07 7.496288e-05 2.742930e-04 -5.141393e-05 8.062171e-05
 9343.613794 -2.937223e-05 -3.508346e-07 -5.086370e-08 -6.495242e-07 7.244206e-05 2.860929e-04 -2.939729e-05 8.091707e-05
 9346.601614 -2.939619e-05 -3.528688e-07 -5.117751e-08 -6.507647e-07 5.946296e-05 2.862206e-04 -3.631611e-05 7.058965e-05
 9349.601625 -2.924759e-05 -3.578420e-07 -5.189069e-08 -6.467967e-07 6.630762e-05 2.885327e-04 -4.089494e-05 7.234256e-05
 9352.613829 -2.933863e-05 -3.587814e-07 -5.199563e-08 -6.502342e-07 6.964494e-05 2.832548e-04 -4.009154e-05 7.746305e-05
 9355.638224 -2.950629e-05 -3.575075e-07 -5.186843e-08 -6.562462e-07 7.710421e-05 2.864827e-04 -3.369723e-05 7.300124e-05
 9358.674811 -2.963471e-05 -3.564971e-07 -5.182369e-08 -6.611137e-07 7.710106e-05 2.732291e-04 -2.791940e-05 7.155992e-05
 9361.723590 -2.965212e-05 -3.577643e-07 -5.187129e-08 -6.622564e-07 7.796366e-05 2.788136e-04 -3.250076e-05 7.570080e-05
 9364.784561 -2.963707e-05 -3.596013e-07 -5.198656e-08 -6.622568e-07 7.176250e-05 2.776370e-04 -3.763027e-05 8.019082e-05
 9367.857724 -2.959797e-05 -3.610032e-07 -5.230526e-08 -6.617070e-07 7.581465e-05 2.941160e-04 -4.072039e-05 9.088813e-05
 9370.943079 -2.963453e-05 -3.611975e-07 -5.220962e-08 -6.637869e-07 6.559893e-05 2.717721e-04 -3.737109e-05 8.774380e-05
 9374.040626 -2.975410e-05 -3.612461e-07 -5.215508e-08 -6.681696e-07 5.649439e-05 2.819225e-04 -4.395302e-05 8.405578e-05
 9377.150365 -2.989832e-05 -3.620236e-07 -5.214601e-08 -6.734250e-07 6.873998e-05 2.974917e-04 -4.081719e-05 8.158126e-05
 9380.272295 -2.997764e-05 -3.639448e-07 -5.262810e-08 -6.766077e-07 6.700561e-05 2.902659e-04 -3.588843e-05 7.748503e-05
 9383.406418 -2.997739e-05 -3.653828e-07 -5.293769e-08 -6.772119e-07 6.739767e-05 2.673112e-04 -3.331069e-05 6.953483e-05
 9386.552732 -3.004431e-05 -3.667552e-07 -5.321335e-08 -6.801124e-07 6.946615e-05 2.721258e-04 -2.342371e-05 7.501847e-05
 9389.711239 -3.007999e-05 -3.681725e-07 -5.317729e-08 -6.823164e-07 6.943448e-05 2.619520e-04 -2.148029e-05 7.285216e-05
 9392.881937 -3.014837e-05 -3.712705e-07 -5.356915e-08 -6.846482e-07 6.849223e-05 2.679363e-04 -2.001957e-05 7.024203e-05
 9396.064827 -3.019474e-05 -3.726612e-07 -5.365922e-08 -6.872063e-07 6.841153e-05 2.579749e-04 -2.326150e-05 6.943306e-05
 9399.259909 -3.028209e-05 -3.744639e-07 -5.400552e-08 -6.906285e-07 6.597873e-05 2.582053e-04 -2.020435e-05 7.413040e-05
 9402.467183 -3.033414e-05 -3.745699e-07 -5.426586e-08 -6.937589e-07 6.231628e-05 2.627064e-04 -2.515089e-05 6.433528e-05
 9405.686649 -3.034976e-05 -3.764183e-07 -5.503798e-08 -6.951615e-07 6.567567e-05 2.670212e-04 -1.954607e-05 6.601105e-05
 9408.918307 -3.029351e-05 -3.785084e-07 -5.560698e-08 -6.943094e-07 7.170333e-05 2.793051e-04 -2.007408e-05 7.158110e-05
 9412.162157 -3.037881e-05 -3.796260e-07 -5.593783e-08 -6.982698e-07 7.379204e-05 2.749136e-04 -1.534048e-05 7.324528e-05
 9415.418198 -3.045147e-05 -3.797775e-07 -5.622735e-08 -7.016199e-07 7.073256e-05 2.491216e-04 -1.373091e-05 6.798675e-05
 9418.686432 -3.043912e-05 -3.813040e-07 -5.676294e-08 -7.022119e-07 6.876622e-05 2.428820e-04 -1.449196e-05 6.278483e-05
 9421.966857 -3.036037e-05 -3.801696e-07 -5.699667e-08 -7.017187e-07 6.724806e-05 2.478854e-04 -5.507741e-06 6.558884e-05
 9425.259474 -3.037456e-05 -3.829272e-07 -5.758446e-08 -7.024593e-07 6.284588e-05 2.848572e-04 -9.772078e-06 6.858115e-05
 9428.564284 -3.040525e-05 -3.875981e-07 -5.863202e-08 -7.030753e-07 6.568401e-05 2.987717e-04 -1.927924e-05 6.669374e-05
 9431.881285 -3.028344e-05 -3.910010e-07 -5.943143e-08 -7.002493e-07 7.030494e-05 2.950511e-04 -2.451061e-05 6.370889e-05
 9435.210478 -3.041971e-05 -3.905495e-07 -5.924820e-08 -7.054303e-07 7.908780e-05 3.107251e-04 -2.751381e-05 6.161370e-05
 9438.551863 -3.059320e-05 -3.903302e-07 -5.912812e-08 -7.115131e-07 6.619637e-05 2.528873e-04 -2.143980e-05 7.189569e-05
 9441.905440 -3.076448e-05 -3.910872e-07 -5.942828e-08 -7.173215e-07 6.236950e-05 2.574557e-04 -2.009243e-05 6.289657e-05
 9445.271209 -3.084428e-05 -3.919224e-07 -5.970230e-08 -7.206804e-07 6.187083e-05 2.647656e-04 -2.105789e-05 6.444052e-05
 9448.649169 -3.081061e-05 -3.954275e-07 -6.049283e-08 -7.202608e-07 7.084839e-05 2.526531e-04 -2.582210e-05 6.478517e-05
 9452.039322 -3.085529e-05 -3.951024e-07 -6.059493e-08 -7.229834e-07 6.612679e-05 2.578573e-04 -2.060604e-05 6.840012e-05
 9455.441666 -3.096859e-05 -3.955713e-07 -6.098307e-08 -7.274318e-07 7.209540e-05 2.607149e-04 -2.594407e-05 5.776262e-05
 9458.856203 -3.101411e-05 -3.979091e-07 -6.151776e-08 -7.295568e-07 7.312191e-05 2.612083e-04 -1.751621e-05 6.457009e-05
 9462.282931 -3.099780e-05 -4.022036e-07 -6.233909e-08 -7.295003e-07 8.083143e-05 2.493460e-04 -2.049392e-05 6.930349e-05
 9465.721851 -3.089089e-05 -4.055970e-07 -6.293431e-08 -7.273540e-07 8.273713e-05 2.735099e-04 -1.816431e-05 6.709661e-05
 9469.172964 -3.099767e-05 -4.056970e-07 -6.298270e-08 -7.315806e-07 7.718126e-05 2.850016e-04 -1.467146e-06 6.679059e-05
 9472.636268 -3.117889e-05 -4.040386e-07 -6.285242e-08 -7.384756e-07 7.468395e-05 2.911068e-04 -9.036168e-06 6.156144e-05
 9476.111764 -3.125236e-05 -4.068748e-07 -6.330899e-08 -7.416504e-07 7.859697e-05 2.985700e-04 -2.689363e-05 5.571490e-05
 9479.599451 -3.123806e-05 -4.105741e-07 -6.437927e-08 -7.419349e-07 8.036648e-05 3.167958e-04 -2.344870e-05 6.692175e-05
 9483.099331 -3.130341e-05 -4.116483e-07 -6.449162e-08 -7.448491e-07 8.052364e-05 3.157763e-04 -2.388380e-05 6.905000e-05
 9486.611403 -3.127732e-05 -4.140409e-07 -6.474512e-08 -7.451099e-07 8.011651e-05 3.189706e-04 -2.378593e-05 6.854201e-05
 9490.135666 -3.128820e-05 -4.163798e-07 -6.512478e-08 -7.463219e-07 7.817534e-05 3.247467e-04 -2.855694e-05 7.387298e-05
 9493.672122 -3.141131e-05 -4.162486e-07 -6.516039e-08 -7.514347e-07 7.928127e-05 3.163824e-04 -2.867737e-05 7.286264e-05
 9497.220769 -3.144299e-05 -4.191980e-07 -6.570814e-08 -7.531078e-07 7.658145e-05 3.115788e-04 -2.813547e-05 6.484536e-05
 9500.781609 -3.139250e-05 -4.204288e-07 -6.587055e-08 -7.532210e-07 7.316432e-05 3.236072e-04 -2.082575e-05 7.425936e-05
 9504.354640 -3.141841e-05 -4.206239e-07 -6.590540e-08 -7.563857e-07 6.907419e-05 3.160698e-04 -2.600460e-05 6.641460e-05
 9507.939863 -3.160846e-05 -4.233144e-07 -6.626827e-08 -7.620769e-07 7.748608e-05 3.096012e-04 -2.712463e-05 7.658710e-05
 9511.537278 -3.159877e-05 -4.256545e-07 -6.644054e-08 -7.624727e-07 7.361598e-05 3.042876e-04 -2.702652e-05 7.024561e-05
 9515.146885 -3.155230e-05 -4.294017e-07 -6.724037e-08 -7.612582e-07 6.783595e-05 3.200302e-04 -2.844796e-05 6.961304e-05
 9518.768684 -3.165851e-05 -4.287500e-07 -6.754027e-08 -7.657746e-07 7.193530e-05 3.193643e-04 -2.253548e-05 6.849093e-05
 9522.402675 -3.170634e-05 -4.293897e-07 -6.789462e-08 -7.684925e-07 7.944013e-05 3.269156e-04 -2.171089e-05 7.487127e-05
 9526.048857 -3.172955e-05 -4.310147e-07 -6.861026e-08 -7.702545e-07 7.629464e-05 3.232855e-04 -1.892749e-05 6.693101e-05
 9529.707232 -3.175957e-05 -4.331864e-07 -6.935513e-08 -7.725313e-07 7.241208e-05 3.276463e-04 -2.320387e-05 6.467569e-05
 9533.377799 -3.176683e-05 -4.351489e-07 -6.985806e-08 -7.735726e-07 7.095980e-05 3.288714e-04 -2.723181e-05 6.324988e-05
 9537.060557 -3.175719e-05 -4.349999e-07 -6.989904e-08 -7.748240e-07 7.113064e-05 3.136885e-04 -1.842749e-05 6.053860e-05
 9540.755507 -3.163109e-05 -4.366951e-07 -7.041851e-08 -7.731428e-07 7.101465e-05 3.102819e-04 -2.218850e-05 6.771502e-05
 9544.462650 -3.186060e-05 -4.428284e-07 -7.167234e-08 -7.795125e-07 7.512697e-05 3.204371e-04 -2.283984e-05 7.734608e-05
 9548.181984 -3.192505e-05 -4.447767e-07 -7.214335e-08 -7.829162e-07 7.272094e-05 3.275271e-04 -1.506751e-05 7.288914e-05
 9551.913510 -3.193882e-05 -4.464428e-07 -7.267905e-08 -7.851113e-07 8.575727e-05 3.331022e-04 -6.079858e-06 8.110907e-05
 9555.657228 -3.188789e-05 -4.492575e-07 -7.321688e-08 -7.847949e-07 7.638302e-05 3.426021e-04 -8.361172e-06 9.922550e-05
 9559.413138 -3.198403e-05 -4.497222e-07 -7.312800e-08 -7.897475e-07 7.487466e-05 3.538931e-04 -1.669438e-05 1.002378e-04
 9563.181239 -3.199013e-05 -4.504373e-07 -7.358649e-08 -7.916762e-07 7.722221e-05 3.660160e-04 -1.796614e-05 9.214283e-05
 9566.961533 -3.194319e-05 -4.544938e-07 -7.459645e-08 -7.904350e-07 7.806027e-05 3.533695e-04 -1.348594e-05 8.128014e-05
 9570.754019 -3.201054e-05 -4.545109e-07 -7.455677e-08 -7.940486e-07 7.602148e-05 3.436621e-04 -2.238631e-05 7.984457e-05
 9574.558696 -3.206100e-05 -4.568285e-07 -7.511856e-08 -7.968968e-07 8.403443e-05 3.522593e-04 -1.854355e-05 8.777202e-05
 9578.375565 -3.212796e-05 -4.605348e-07 -7.583952e-08 -7.997509e-07 7.817752e-05 3.590418e-04 -3.274968e-05 8.570960e-05
 9582.204627 -3.217942e-05 -4.622626e-07 -7.625487e-08 -8.027009e-07 7.117881e-05 3.486741e-04 -4.241490e-05 8.182706e-05
 9586.045880 -3.222977e-05 -4.642506e-07 -7.704625e-08 -8.061502e-07 7.314813e-05 3.314666e-04 -3.251172e-05 8.247277e-05
 9589.899325 -3.222443e-05 -4.660517e-07 -7.757893e-08 -8.076893e-07 6.952544e-05 3.471714e-04 -3.035003e-05 7.380008e-05
 9593.764962 -3.217230e-05 -4.682770e-07 -7.807464e-08 -8.076462e-07 6.957269e-05 3.689992e-04 -3.439483e-05 7.776262e-05
 9597.642791 -3.220012e-05 -4.699309e-07 -7.853328e-08 -8.104375e-07 7.389355e-05 3.696383e-04 -3.532282e-05 8.227275e-05
 9601.532812 -3.224262e-05 -4.712764e-07 -7.891000e-08 -8.133236e-07 7.085100e-05 3.468088e-04 -2.390182e-05 8.793642e-05
 9605.435025 -3.227683e-05 -4.718438e-07 -7.897866e-08 -8.166614e-07 7.255059e-05 3.403633e-04 -1.812338e-05 8.235696e-05
 9609.349429 -3.227969e-05 -4.751454e-07 -7.983985e-08 -8.181106e-07 6.590076e-05 3.634701e-04 -2.310890e-05 8.259595e-05
 9613.276026 -3.230935e-05 -4.791422e-07 -8.054048e-08 -8.203863e-07 6.326692e-05 3.591226e-04 -3.387509e-05 7.913438e-05
 9617.214814 -3.225535e-05 -4.815868e-07 -8.083479e-08 -8.200648e-07 7.385886e-05 3.568348e-04 -1.770959e-05 8.334654e-05
 9621.165795 -3.221026e-05 -4.826609e-07 -8.126622e-08 -8.199998e-07 7.077307e-05 3.302632e-04 -1.531960e-05 7.908639e-05
 9625.128967 -3.221716e-05 -4.834494e-07 -8.154242e-08 -8.215960e-07 6.795481e-05 3.228356e-04 -1.355994e-05 7.185804e-05
 9629.104331 -3.227950e-05 -4.831391e-07 -8.170285e-08 -8.256531e-07 7.066202e-05 3.228670e-04 -1.539512e-05 7.773427e-05
 9633.091888 -3.230877e-05 -4.833349e-07 -8.201776e-08 -8.285310e-07 6.489943e-05 3.362960e-04 -3.081785e-05 6.825213e-05
 9637.091636 -3.233493e-05 -4.862150e-07 -8.244889e-08 -8.305467e-07 7.071509e-05 3.417466e-04 -3.238186e-05 7.492773e-05
 9641.103575 -3.223209e-05 -4.907450e-07 -8.344111e-08 -8.280826e-07 7.203169e-05 3.435789e-04 -2.816641e-05 8.184270e-05
 9645.127707 -3.237194e-05 -4.913486e-07 -8.376599e-08 -8.342817e-07 6.978456e-05 3.285564e-04 -2.823855e-05 7.857699e-05
 9649.164031 -3.242622e-05 -4.928126e-07 -8.420426e-08 -8.375688e-07 6.791182e-05 3.341407e-04 -3.293284e-05 7.583541e-05
 9653.212547 -3.243558e-05 -4.928865e-07 -8.428940e-08 -8.402079e-07 6.810637e-05 3.335451e-04 -2.988313e-05 7.429171e-05
 9657.273254 -3.236075e-05 -4.965557e-07 -8.516218e-08 -8.390979e-07 7.275978e-05 3.340816e-04 -2.328178e-05 6.454423e-05
 9661.346154 -3.221643e-05 -5.000614e-07 -8.617997e-08 -8.363018e-07 7.031516e-05 3.271129e-04 -2.333953e-05 6.437104e-05
 9665.431245 -3.217227e-05 -4.983202e-07 -8.614623e-08 -8.378863e-07 7.372576e-05 3.253401e-04 -3.608166e-05 6.619476e-05
 9669.528529 -3.238819e-05 -4.980392e-07 -8.612518e-08 -8.467210e-07 7.485602e-05 3.492088e-04 -3.084759e-05 7.138070e-05
 9673.638004 -3.239819e-05 -4.981629e-07 -8.631453e-08 -8.484892e-07 7.567264e-05 3.583731e-04 -3.139309e-05 7.218387e-05
 9677.759671 -3.239163e-05 -4.993141e-07 -8.691238e-08 -8.500098e-07 7.434597e-05 3.532974e-04 -3.757691e-05 7.507277e-05
 9681.893530 -3.236526e-05 -5.015167e-07 -8.754047e-08 -8.508357e-07 7.644297e-05 3.659548e-04 -3.630932e-05 7.643054e-05
 9686.039581 -3.237380e-05 -5.046575e-07 -8.838406e-08 -8.523561e-07 6.839275e-05 3.476793e-04 -3.402578e-05 8.214753e-05
 9690.197824 -3.214525e-05 -5.094528e-07 -8.957445e-08 -8.461139e-07 6.344082e-05 3.449401e-04 -3.471432e-05 7.889429e-05
 9694.368258 -3.223833e-05 -5.106246e-07 -8.977752e-08 -8.510235e-07 6.920525e-05 3.675545e-04 -3.033015e-05 7.562788e-05
 9698.550885 -3.242620e-05 -5.102249e-07 -8.988057e-08 -8.595747e-07 7.644074e-05 3.386707e-04 -2.471026e-05 7.829163e-05
 9702.745704 -3.241319e-05 -5.118244e-07 -9.027056e-08 -8.611296e-07 7.619612e-05 3.240114e-04 -2.820444e-05 6.949169e-05
 9706.952714 -3.242152e-05 -5.114456e-07 -9.025681e-08 -8.640067e-07 6.288237e-05 3.304642e-04 -3.051895e-05 7.672177e-05
 9711.171916 -3.234929e-05 -5.141935e-07 -9.092397e-08 -8.629594e-07 5.345257e-05 3.528131e-04 -3.435983e-05 7.821807e-05
 9715.403311 -3.227844e-05 -5.200310e-07 -9.249145e-08 -8.610227e-07 5.753155e-05 3.456091e-04 -3.025909e-05 8.197410e-05
 9719.646897 -3.236881e-05 -5.211502e-07 -9.293828e-08 -8.659445e-07 6.364966e-05 3.167110e-04 -1.765911e-05 8.575304e-05
 9723.902675 -3.239294e-05 -5.232703e-07 -9.341524e-08 -8.688511e-07 6.868107e-05 3.080934e-04 -1.697199e-05 9.090308e-05
 9728.170645 -3.237642e-05 -5.261842e-07 -9.429776e-08 -8.699204e-07 7.110543e-05 2.970447e-04 -2.547009e-05 7.409170e-05
 9732.450807 -3.239799e-05 -5.279861e-07 -9.468958e-08 -8.728249e-07 6.371493e-05 3.173356e-04 -2.532456e-05 7.045872e-05
 9736.743161 -3.244794e-05 -5.283143e-07 -9.490364e-08 -8.770896e-07 6.891103e-05 3.229925e-04 -2.710226e-05 7.304244e-05
 9741.047707 -3.234754e-05 -5.325192e-07 -9.574493e-08 -8.751749e-07 6.545512e-05 2.939634e-04 -2.529291e-05 7.274001e-05
 9745.364444 -3.236045e-05 -5.339013e-07 -9.626093e-08 -8.780171e-07 6.127799e-05 3.006847e-04 -2.548003e-05 7.586544e-05
 9749.693374 -3.244191e-05 -5.341859e-07 -9.653799e-08 -8.832632e-07 6.709896e-05 3.013731e-04 -2.880369e-05 7.726815e-05
 9754.034495 -3.244437e-05 -5.354538e-07 -9.686244e-08 -8.851971e-07 6.661512e-05 3.212592e-04 -3.633670e-05 6.761013e-05
 9758.387809 -3.240251e-05 -5.369040e-07 -9.738521e-08 -8.857943e-07 5.465089e-05 3.289055e-04 -3.343312e-05 6.798011e-05
 9762.753314 -3.236351e-05 -5.399079e-07 -9.831159e-08 -8.862951e-07 5.963885e-05 3.419100e-04 -3.457078e-05 6.853793e-05
 9767.131011 -3.228634e-05 -5.430561e-07 -9.926877e-08 -8.847503e-07 6.397597e-05 3.289519e-04 -2.980629e-05 6.580020e-05
 9771.520900 -3.214425e-05 -5.474627e-07 -1.000623e-07 -8.812470e-07 6.709809e-05 2.990293e-04 -3.174563e-05 6.626942e-05
 9775.922981 -3.217954e-05 -5.486767e-07 -1.004993e-07 -8.842600e-07 7.035053e-05 2.979525e-04 -3.228812e-05 6.907470e-05
 9780.337254 -3.195555e-05 -5.480446e-07 -1.007088e-07 -8.793755e-07 6.796107e-05 2.909340e-04 -2.192835e-05 7.304533e-05
 9784.763719 -3.221431e-05 -5.490287e-07 -1.007650e-07 -8.903581e-07 6.810142e-05 2.937248e-04 -2.633663e-05 7.774780e-05
 9789.202376 -3.233022e-05 -5.514967e-07 -1.015082e-07 -8.958745e-07 6.878083e-05 2.890439e-04 -2.620418e-05 6.356592e-05
 9793.653224 -3.219075e-05 -5.520813e-07 -1.021045e-07 -8.937225e-07 7.302725e-05 3.082952e-04 -2.450027e-05 6.268206e-05
 9798.116265 -3.231179e-05 -5.559035e-07 -1.031135e-07 -8.994108e-07 8.206120e-05 3.107516e-04 -1.691011e-05 6.323346e-05
 9802.591497 -3.224447e-05 -5.594829e-07 -1.039035e-07 -8.987999e-07 8.778360e-05 3.198100e-04 -2.302810e-05 6.423108e-05
 9807.078922 -3.226370e-05 -5.612041e-07 -1.045039e-07 -9.022361e-07 8.181774e-05 3.009194e-04 -2.101604e-05 6.070823e-05
 9811.578538 -3.197293e-05 -5.648193e-07 -1.055124e-07 -8.941085e-07 7.859973e-05 2.983176e-04 -2.121930e-05 6.804927e-05
 9816.090346 -3.213835e-05 -5.655744e-07 -1.057574e-07 -9.025378e-07 7.720002e-05 3.089528e-04 -2.677545e-05 6.268635e-05
 9820.614346 -3.223688e-05 -5.680732e-07 -1.066225e-07 -9.085250e-07 6.919879e-05 3.264376e-04 -2.996721e-05 6.902684e-05
 9825.150538 -3.216328e-05 -5.702468e-07 -1.072288e-07 -9.084855e-07 6.532808e-05 3.015571e-04 -3.468258e-05 7.001406e-05
 9829.698922 -3.193660e-05 -5.683082e-07 -1.072562e-07 -9.047016e-07 5.228976e-05 2.946856e-04 -3.144089e-05 6.437674e-05
 9834.259498 -3.203670e-05 -5.719106e-07 -1.079831e-07 -9.095470e-07 6.312461e-05 2.672292e-04 -3.029367e-05 6.829417e-05
 9838.832266 -3.205998e-05 -5.752487e-07 -1.088120e-07 -9.115134e-07 7.694337e-05 2.513008e-04 -2.849617e-05 7.538821e-05
 9843.417226 -3.210562e-05 -5.792265e-07 -1.098760e-07 -9.144537e-07 7.573144e-05 2.638159e-04 -3.215007e-05 7.505402e-05
 9848.014377 -3.202483e-05 -5.810568e-07 -1.104698e-07 -9.135882e-07 7.014599e-05 2.564343e-04 -3.991762e-05 7.164489e-05
 9852.623721 -3.199676e-05 -5.840136e-07 -1.115276e-07 -9.145316e-07 5.951564e-05 2.522477e-04 -4.178109e-05 7.170090e-05
 9857.245256 -3.207746e-05 -5.856569e-07 -1.119488e-07 -9.201265e-07 6.199054e-05 2.701144e-04 -4.075719e-05 6.606399e-05
 9861.878983 -3.204299e-05 -5.896983e-07 -1.128964e-07 -9.212449e-07 4.988253e-05 2.713640e-04 -3.264056e-05 7.003255e-05
 9866.524902 -3.193336e-05 -5.939988e-07 -1.139034e-07 -9.190945e-07 4.617873e-05 2.570967e-04 -3.475380e-05 7.608950e-05
 9871.183013 -3.194897e-05 -5.938858e-07 -1.142228e-07 -9.220312e-07 5.485626e-05 2.593864e-04 -3.748943e-05 7.937949e-05
 9875.853316 -3.200033e-05 -5.939875e-07 -1.144481e-07 -9.264130e-07 6.670971e-05 2.580923e-04 -2.818624e-05 8.676100e-05
 9880.535811 -3.201385e-05 -5.963270e-07 -1.149563e-07 -9.293252e-07 6.895599e-05 2.709795e-04 -2.453534e-05 9.720760e-05
 9885.230498 -3.194686e-05 -5.990073e-07 -1.157206e-07 -9.297906e-07 6.153489e-05 2.888517e-04 -3.398150e-05 9.812944e-05
 9889.937377 -3.186677e-05 -6.014562e-07 -1.166587e-07 -9.296898e-07 6.115298e-05 2.577711e-04 -3.742460e-05 9.003316e-05
 9894.656448 -3.187244e-05 -6.035282e-07 -1.173609e-07 -9.325821e-07 8.358162e-05 2.515389e-04 -2.854804e-05 8.720111e-05
 9899.387710 -3.185710e-05 -6.052494e-07 -1.178054e-07 -9.339415e-07 9.132758e-05 2.400576e-04 -3.693735e-05 8.208750e-05
 9904.131165 -3.179913e-05 -6.088954e-07 -1.188194e-07 -9.332102e-07 8.926567e-05 2.453115e-04 -3.278896e-05 8.528566e-05
 9908.886811 -3.177554e-05 -6.111487e-07 -1.196592e-07 -9.340753e-07 9.092369e-05 2.646911e-04 -3.708554e-05 8.891084e-05
 9913.654649 -3.183784e-05 -6.118445e-07 -1.200323e-07 -9.389451e-07 9.234130e-05 2.929801e-04 -4.617606e-05 9.142822e-05
 9918.434679 -3.176449e-05 -6.138303e-07 -1.207634e-07 -9.385246e-07 8.333545e-05 2.963614e-04 -2.649650e-05 8.955235e-05
 9923.226901 -3.170068e-05 -6.159447e-07 -1.214139e-07 -9.389055e-07 7.591401e-05 3.050329e-04 -1.971415e-05 8.556042e-05
 9928.031315 -3.163887e-05 -6.177140e-07 -1.219452e-07 -9.393186e-07 7.046122e-05 2.909054e-04 -1.518721e-05 8.057229e-05
 9932.847921 -3.160213e-05 -6.191963e-07 -1.226878e-07 -9.405874e-07 6.097741e-05 2.908652e-04 -2.809298e-05 6.887466e-05
 9937.676719 -3.148087e-05 -6.196018e-07 -1.229429e-07 -9.398905e-07 5.905433e-05 2.878570e-04 -3.519664e-05 8.636250e-05
 9942.517709 -3.143086e-05 -6.205360e-07 -1.234009e-07 -9.413441e-07 6.248466e-05 2.772075e-04 -3.531358e-05 9.071521e-05
 9947.370891 -3.147671e-05 -6.226602e-07 -1.241422e-07 -9.455945e-07 6.331122e-05 3.030515e-04 -2.425412e-05 8.202019e-05
 9952.236264 -3.155012e-05 -6.282406e-07 -1.253763e-07 -9.489821e-07 6.990094e-05 3.310064e-04 -2.652904e-05 8.237970e-05
