# Facility.name: NSLS-II
# Facility.mode: Beam available
# Facility.current: 400.70943534344406
# Facility.current: 3 GeV
# Facility.year: 2023
# Facility.cycle: 2
# Facility.GUP: 312970
# Facility.SAF: 311402
# Experimenter.name: Esteban Fornero
# Beamline.name: ISS (8-ID)
# Beamline.x-ray_source: damping wiggler
# Beamline.collimation_mirror1.material: Si
# Beamline.collimation_mirror2.material: Pt
# Beamline.collimation_mirror2.bender_loading: -348.0
# Beamline.focusing: toroidal mirror
# Beamline.focusing.material: Pt
# Beamline.focusing.bender_loading: -419.0
# Beamline.harmonic_rejection: Si
# Mono.scan_mode: Si(111)
# Mono.d_spacing: 3.1354951
# Mono.scan_mode: pseudo-channel cut
# Mono.scan_type: fly_scan
# Mono.trajectory_name: f950a534-6fd5.txt
# Mono.direction: None
# Mono.angle_offset: 0.69366577
# Mono.angle_offset: 39.744 deg
# Mono.encoder_resolution: 48.0 nrad
# Detector.I0: ion chamber
# Detector.I1: ion chamber
# Detector.I2: ion chamber
# Detector.IF: PIPS
# Detector.I0.length: 15 cm
# Detector.I1.length: 28 cm
# Detector.I2.length: 15 cm
# Detector.IF.thickness: 300 um
# Detector.I0.gas.N2: 38.0%
# Detector.I1.gas.N2: 38.0%
# Detector.I2.gas.N2: 38.0%
# Detector.I0.gas.He: 62.0%
# Detector.I1.gas.He: 62.0%
# Detector.I2.gas.He: 62.0%
# Detector.I0.voltage: -1650.001099
# Detector.I1.voltage: -1650.003052
# Detector.I2.voltage: -1650.001587
# Detector.I0.gain: 4
# Detector.I1.gain: 6
# Detector.I2.gain: 6
# Detector.IF.gain: 6
# Detector.aux: {}
# Element.symbol: Cu
# Element.edge: K
# Element.line: None
# Scan.transient_id: 371015
# Scan.uid: 732e825f-6bc1-4126-a374-2a466ee76b42
# Scan.edge_energy: 8979.0
# Scan.start_time: 06/23/2023  04:57:31.093946
# Scan.end_time: 06/23/2023  04:58:03.899263
# Scan.name: CuGaO2-4th PP+O2-ramp (pos 001) Cu-K 0001
# Scan.comment: 
# Sample.name: CuGaO2-4th
# Sample.comment: 
# Sample.position.x: -66.4779948865
# Sample.position.y: 30.5239896225
# Sample.position.z: -10.184937499999995
# Sample.position.theta: 845.5790000000001
# SampleHeater.temperature1.setpoint: 300.0
# SampleHeater.temperature1.readback: 1372.0
# SampleHeater.current.setpoint: 0.0
# SampleHeater.current.readback: 0.0
# SampleHeater.temperature2.setpoint: 164.39376495281854
# SampleHeater.temperature2.readback: 168.5
# SampleHeater.voltage.setpoint: 0.3425514490520813
# SampleHeater.voltage.readback: 0.35100000000000003
# SampleHeater.PID.P: 0.025
# SampleHeater.PID.I: 0.07
# SampleHeater.PID.D: 0.0
# SampleGasCart.MFC.CH4.setpoint: 3.0
# SampleGasCart.MFC.CH4.readback: 2.998
# SampleGasCart.MFC.CO.setpoint: 0.0
# SampleGasCart.MFC.CO.readback: 0.0
# SampleGasCart.MFC.H2.setpoint: 0.0
# SampleGasCart.MFC.H2.readback: 0.0
# SampleGasCart.MFC.exhaust.setpoint: 100.0
# SampleGasCart.MFC.exhaust.readback: 10.82
# SampleGasHandlingSystem.gas_a.name: None
# SampleGasHandlingSystem.gas_b.name: None
# SampleGasHandlingSystem.gas_c.name: None
# SampleGasHandlingSystem.gas_d.name: None
# SampleGasHandlingSystem.gas_e.name: He
# SampleGasHandlingSystem.MFC1.setpoint: 7.0
# SampleGasHandlingSystem.MFC1.readback: 6.998697757720947
# SampleGasHandlingSystem.MFC2.setpoint: 0.0
# SampleGasHandlingSystem.MFC2.readback: -0.0528971366584301
# SampleGasHandlingSystem.MFC3.setpoint: 0.0
# SampleGasHandlingSystem.MFC3.readback: 0.02034505270421505
# SampleGasHandlingSystem.MFC4.setpoint: 0.0
# SampleGasHandlingSystem.MFC4.readback: -0.0406901054084301
# SampleGasHandlingSystem.MFC5.setpoint: 0.0
# SampleGasHandlingSystem.MFC5.readback: -0.008138020522892475
# SampleGasHandlingSystem.MFC6.setpoint: 1.5
# SampleGasHandlingSystem.MFC6.readback: 1.50146484375
# SampleGasHandlingSystem.MFC7.setpoint: 0.0
# SampleGasHandlingSystem.MFC7.readback: -0.0325520820915699
# SampleGasHandlingSystem.MFC8.setpoint: 0.0
# SampleGasHandlingSystem.MFC8.readback: -0.0732421875
# SampleGasHandlingSystem.MFC9.setpoint: 0.0
# SampleGasHandlingSystem.MFC9.readback: -0.048828125
# SampleGasHandlingSystem.MFC10.setpoint: 0.0
# SampleGasHandlingSystem.MFC10.readback: 0.01220703125
# SampleGasHandlingSystem.MFC11.setpoint: 0.0
# SampleGasHandlingSystem.MFC11.readback: -0.0935872420668602
# SampleGasHandlingSystem.MFC12.setpoint: 0.0
# SampleGasHandlingSystem.MFC12.readback: -0.048828125
# SampleGasHandlingSystem.MFC13.setpoint: 0.0
# SampleGasHandlingSystem.MFC13.readback: -0.0528971366584301
# SampleGasHandlingSystem.MFC14.setpoint: 0.0
# SampleGasHandlingSystem.MFC14.readback: -0.0651041641831398
# SampleGasHandlingSystem.MFC15.setpoint: 0.0
# SampleGasHandlingSystem.MFC15.readback: -0.1057942733168602
# SampleGasHandlingSystem.MFC16.setpoint: 0.0
# SampleGasHandlingSystem.MFC16.readback: -0.03662109375
# SampleGasHandlingSystem.RGA.ch1.mass: 2
# SampleGasHandlingSystem.RGA.ch1.readback: 1.07594e-06
# SampleGasHandlingSystem.RGA.ch2.mass: 4
# SampleGasHandlingSystem.RGA.ch2.readback: 0.0
# SampleGasHandlingSystem.RGA.ch3.mass: 5
# SampleGasHandlingSystem.RGA.ch3.readback: 7.81276e-12
# SampleGasHandlingSystem.RGA.ch4.mass: 5
# SampleGasHandlingSystem.RGA.ch4.readback: 4.78717e-10
# SampleGasHandlingSystem.RGA.ch5.mass: 18
# SampleGasHandlingSystem.RGA.ch5.readback: 2.18695e-09
# SampleGasHandlingSystem.RGA.ch6.mass: 28
# SampleGasHandlingSystem.RGA.ch6.readback: 1.4534e-08
# SampleGasHandlingSystem.RGA.ch7.mass: 32
# SampleGasHandlingSystem.RGA.ch7.readback: 3.07315e-09
# SampleGasHandlingSystem.RGA.ch8.mass: 41
# SampleGasHandlingSystem.RGA.ch8.readback: 1.11477e-11
# SampleGasHandlingSystem.RGA.ch9.mass: 44
# SampleGasHandlingSystem.RGA.ch9.readback: 2.07863e-10
# energy  i0  it  ir  iff  aux1  aux2  aux3  aux4
 8779.000000 -3.456332e-05 -3.275411e-07 -2.171755e-07 -3.138252e-07 6.505467e-05 1.708877e-04 -4.383451e-05 8.224827e-05
 8784.000000 -3.467752e-05 -3.267104e-07 -2.168267e-07 -3.154776e-07 6.200959e-05 1.555706e-04 -3.701054e-05 7.696881e-05
 8789.000000 -3.464019e-05 -3.279295e-07 -2.177725e-07 -3.158755e-07 4.835976e-05 1.537625e-04 -2.931235e-05 8.289600e-05
 8794.000000 -3.455549e-05 -3.252252e-07 -2.159118e-07 -3.158607e-07 5.779309e-05 1.660373e-04 -2.191778e-05 8.377857e-05
 8799.000000 -3.410004e-05 -3.209468e-07 -2.133002e-07 -3.125041e-07 6.499354e-05 1.738430e-04 -2.883501e-05 8.770853e-05
 8804.000000 -3.441160e-05 -3.231201e-07 -2.149971e-07 -3.158984e-07 6.941523e-05 1.513486e-04 -2.269482e-05 7.204991e-05
 8809.000000 -3.434038e-05 -3.239946e-07 -2.156009e-07 -3.158308e-07 6.123411e-05 1.642150e-04 -2.361261e-05 8.465894e-05
 8814.000000 -3.411776e-05 -3.249378e-07 -2.163520e-07 -3.144971e-07 4.370858e-05 1.625404e-04 -2.332744e-05 9.695172e-05
 8819.000000 -3.418272e-05 -3.260858e-07 -2.172725e-07 -3.157973e-07 3.751649e-05 1.482327e-04 -2.668632e-05 9.541146e-05
 8824.000000 -3.410489e-05 -3.278446e-07 -2.188233e-07 -3.158398e-07 4.779043e-05 1.289521e-04 -2.805533e-05 9.716454e-05
 8829.000000 -3.405024e-05 -3.282344e-07 -2.192743e-07 -3.165315e-07 5.226349e-05 1.218027e-04 -3.475711e-05 1.010651e-04
 8834.000000 -3.390759e-05 -3.296988e-07 -2.204108e-07 -3.164031e-07 4.773601e-05 1.077840e-04 -4.582507e-05 1.017948e-04
 8839.000000 -3.375972e-05 -3.299318e-07 -2.204516e-07 -3.159461e-07 3.306243e-05 1.244096e-04 -3.950663e-05 8.844947e-05
 8844.000000 -3.369779e-05 -3.301684e-07 -2.207885e-07 -3.164142e-07 4.719792e-05 1.348773e-04 -4.153753e-05 8.042902e-05
 8849.000000 -3.361371e-05 -3.305904e-07 -2.210728e-07 -3.168645e-07 4.886242e-05 1.267592e-04 -4.962405e-05 7.814717e-05
 8854.000000 -3.353924e-05 -3.306274e-07 -2.213233e-07 -3.173474e-07 4.475247e-05 1.391666e-04 -5.020131e-05 7.698525e-05
 8859.000000 -3.341768e-05 -3.317455e-07 -2.220508e-07 -3.171610e-07 4.638781e-05 1.405075e-04 -5.859376e-05 9.342878e-05
 8864.000000 -3.332340e-05 -3.323144e-07 -2.226443e-07 -3.172654e-07 4.748870e-05 1.207052e-04 -5.528421e-05 9.028180e-05
 8869.000000 -3.320511e-05 -3.323075e-07 -2.229547e-07 -3.170422e-07 4.945346e-05 1.018387e-04 -5.034434e-05 9.473258e-05
 8874.000000 -3.306041e-05 -3.328423e-07 -2.236486e-07 -3.165081e-07 5.433713e-05 1.136448e-04 -5.051206e-05 9.845560e-05
 8879.000000 -3.295103e-05 -3.327993e-07 -2.235927e-07 -3.164044e-07 6.470070e-05 1.257651e-04 -5.153768e-05 1.008672e-04
 8884.000000 -3.261490e-05 -3.337888e-07 -2.242792e-07 -3.144667e-07 6.012170e-05 1.294552e-04 -5.794228e-05 9.589604e-05
 8889.000000 -3.235527e-05 -3.349051e-07 -2.252040e-07 -3.133620e-07 6.579998e-05 1.144270e-04 -4.223074e-05 9.446760e-05
 8894.000000 -3.264801e-05 -3.361680e-07 -2.261483e-07 -3.164497e-07 6.086384e-05 1.279761e-04 -3.363525e-05 9.246405e-05
 8899.000000 -3.253562e-05 -3.384963e-07 -2.277246e-07 -3.161002e-07 5.768861e-05 1.239650e-04 -4.008319e-05 8.782292e-05
 8904.000000 -3.246055e-05 -3.400214e-07 -2.287152e-07 -3.157137e-07 5.402693e-05 1.196235e-04 -4.622676e-05 8.376688e-05
 8909.000000 -3.221399e-05 -3.457073e-07 -2.329818e-07 -3.137327e-07 5.367632e-05 1.201551e-04 -5.371751e-05 8.207050e-05
 8914.000000 -3.192428e-05 -3.462259e-07 -2.335627e-07 -3.114446e-07 6.651613e-05 1.514476e-04 -4.941222e-05 8.333951e-05
 8919.000000 -3.198066e-05 -3.432393e-07 -2.316178e-07 -3.130368e-07 7.133202e-05 1.487584e-04 -5.334602e-05 7.860112e-05
 8924.000000 -3.173410e-05 -3.463722e-07 -2.337940e-07 -3.118823e-07 6.410357e-05 1.171909e-04 -5.481453e-05 6.688666e-05
 8929.000000 -3.171692e-05 -3.502985e-07 -2.366042e-07 -3.130267e-07 5.886793e-05 1.334831e-04 -4.854908e-05 6.662851e-05
 8934.000000 -3.168971e-05 -3.502584e-07 -2.364651e-07 -3.141321e-07 5.563244e-05 1.367267e-04 -4.633981e-05 6.546891e-05
 8939.000000 -3.162240e-05 -3.482207e-07 -2.350195e-07 -3.147935e-07 6.335778e-05 1.406010e-04 -2.830433e-05 7.492809e-05
 8944.000000 -3.145317e-05 -3.481650e-07 -2.349489e-07 -3.141618e-07 6.057145e-05 1.537254e-04 -3.920875e-05 6.816516e-05
 8949.000000 -3.129089e-05 -3.497955e-07 -2.358664e-07 -3.135904e-07 5.348754e-05 1.568506e-04 -3.912829e-05 7.339977e-05
 8953.000000 -3.123261e-05 -3.499333e-07 -2.357814e-07 -3.141156e-07 5.775356e-05 1.527030e-04 -4.922182e-05 6.029461e-05
 8956.000000 -3.112870e-05 -3.509628e-07 -2.361894e-07 -3.137464e-07 5.864174e-05 1.432445e-04 -5.187877e-05 3.532400e-05
 8958.000000 -3.114541e-05 -3.489855e-07 -2.347070e-07 -3.143796e-07 6.343353e-05 1.811807e-04 -4.609107e-05 2.877771e-05
 8959.000000 -3.108082e-05 -3.494550e-07 -2.349439e-07 -3.140779e-07 6.073159e-05 1.535099e-04 -3.548302e-05 2.923003e-05
 8959.200000 -3.097743e-05 -3.517355e-07 -2.364000e-07 -3.130089e-07 6.083138e-05 1.508431e-04 -4.193227e-05 3.079997e-05
 8959.400000 -3.111787e-05 -3.476693e-07 -2.338505e-07 -3.145172e-07 5.708684e-05 1.572447e-04 -4.180483e-05 2.582287e-05
 8959.600000 -3.116806e-05 -3.454190e-07 -2.323068e-07 -3.151585e-07 5.901563e-05 1.703171e-04 -3.880992e-05 2.916066e-05
 8959.800000 -3.115632e-05 -3.469935e-07 -2.333496e-07 -3.149162e-07 5.761756e-05 1.659200e-04 -3.810612e-05 1.986015e-05
 8960.000000 -3.115992e-05 -3.469368e-07 -2.333170e-07 -3.151917e-07 7.504875e-05 1.679928e-04 -4.948096e-05 1.340167e-05
 8960.200000 -3.106617e-05 -3.497300e-07 -2.350909e-07 -3.143653e-07 7.122481e-05 1.789596e-04 -3.339819e-05 1.506545e-05
 8960.400000 -3.094724e-05 -3.521050e-07 -2.366114e-07 -3.130586e-07 6.599190e-05 1.839403e-04 -4.713048e-05 1.458282e-05
 8960.600000 -3.096619e-05 -3.515788e-07 -2.361646e-07 -3.132781e-07 5.556617e-05 1.885846e-04 -5.910141e-05 1.647098e-05
 8960.800000 -3.104848e-05 -3.501121e-07 -2.352284e-07 -3.142224e-07 5.399872e-05 1.806416e-04 -4.792135e-05 1.078943e-05
 8961.000000 -3.112058e-05 -3.475689e-07 -2.335326e-07 -3.148878e-07 5.638481e-05 1.716853e-04 -6.065574e-05 1.613548e-05
 8961.200000 -3.112452e-05 -3.464801e-07 -2.325864e-07 -3.152704e-07 5.620463e-05 1.804940e-04 -5.680143e-05 2.647828e-05
 8961.400000 -3.111431e-05 -3.475066e-07 -2.331209e-07 -3.152578e-07 5.902643e-05 1.795241e-04 -6.293689e-05 2.652269e-05
 8961.600000 -3.111276e-05 -3.467790e-07 -2.325136e-07 -3.153089e-07 6.226218e-05 1.761121e-04 -4.787771e-05 2.473967e-05
 8961.800000 -3.110317e-05 -3.479532e-07 -2.331193e-07 -3.151953e-07 6.777541e-05 1.787544e-04 -4.022530e-05 4.307755e-05
 8962.000000 -3.105349e-05 -3.500983e-07 -2.343778e-07 -3.147188e-07 6.212378e-05 1.750771e-04 -5.460725e-05 3.402388e-05
 8962.200000 -3.100973e-05 -3.498706e-07 -2.344002e-07 -3.143649e-07 5.832744e-05 1.810451e-04 -5.075067e-05 2.860024e-05
 8962.400000 -3.100136e-05 -3.514153e-07 -2.353377e-07 -3.144796e-07 6.298772e-05 1.772688e-04 -6.042479e-05 1.554689e-05
 8962.600000 -3.107255e-05 -3.495881e-07 -2.339105e-07 -3.153871e-07 5.926298e-05 1.933671e-04 -5.621428e-05 2.324751e-05
 8962.800000 -3.105888e-05 -3.500433e-07 -2.342962e-07 -3.151188e-07 5.910263e-05 1.815143e-04 -6.462511e-05 2.201669e-05
 8963.000000 -3.097687e-05 -3.509685e-07 -2.349599e-07 -3.143918e-07 5.658290e-05 1.877162e-04 -4.675559e-05 2.919395e-05
 8963.200000 -3.090720e-05 -3.544841e-07 -2.372109e-07 -3.137485e-07 6.138575e-05 1.980777e-04 -5.221356e-05 2.790229e-05
 8963.400000 -3.086293e-05 -3.509835e-07 -2.347938e-07 -3.132897e-07 6.411453e-05 1.608707e-04 -7.332125e-05 1.772864e-05
 8963.600000 -3.094058e-05 -3.542915e-07 -2.372268e-07 -3.141214e-07 7.246198e-05 1.828890e-04 -5.243314e-05 2.392197e-05
 8963.800000 -3.100855e-05 -3.503199e-07 -2.345154e-07 -3.148141e-07 7.969864e-05 2.012594e-04 -4.430278e-05 2.947165e-05
 8964.000000 -3.103328e-05 -3.488910e-07 -2.335767e-07 -3.150140e-07 7.717706e-05 1.953850e-04 -4.453197e-05 2.545676e-05
 8964.200000 -3.101614e-05 -3.503863e-07 -2.345503e-07 -3.152556e-07 7.417957e-05 1.989679e-04 -5.518881e-05 2.827109e-05
 8964.400000 -3.095517e-05 -3.490470e-07 -2.337999e-07 -3.146698e-07 7.369726e-05 1.926323e-04 -4.879985e-05 3.069902e-05
 8964.600000 -3.099469e-05 -3.493591e-07 -2.337294e-07 -3.153088e-07 6.613891e-05 2.180730e-04 -5.271657e-05 3.777498e-05
 8964.800000 -3.101438e-05 -3.490973e-07 -2.334969e-07 -3.153729e-07 5.819884e-05 2.086924e-04 -5.176389e-05 2.455679e-05
 8965.000000 -3.101529e-05 -3.488597e-07 -2.331895e-07 -3.154449e-07 5.301836e-05 2.097886e-04 -5.520131e-05 3.068523e-05
 8965.200000 -3.098071e-05 -3.493757e-07 -2.335727e-07 -3.153172e-07 5.515290e-05 2.270997e-04 -5.440989e-05 4.304715e-05
 8965.400000 -3.094502e-05 -3.496664e-07 -2.337112e-07 -3.148775e-07 4.993243e-05 2.316615e-04 -5.217010e-05 3.495992e-05
 8965.600000 -3.095160e-05 -3.508402e-07 -2.343881e-07 -3.151557e-07 5.920238e-05 2.161938e-04 -3.790160e-05 4.359856e-05
 8965.800000 -3.096331e-05 -3.488123e-07 -2.327984e-07 -3.153734e-07 6.808519e-05 2.053654e-04 -4.392214e-05 4.043739e-05
 8966.000000 -3.096993e-05 -3.484591e-07 -2.322745e-07 -3.154907e-07 7.324259e-05 1.968805e-04 -4.822206e-05 2.861361e-05
 8966.200000 -3.094982e-05 -3.486031e-07 -2.328268e-07 -3.153906e-07 6.949170e-05 2.080554e-04 -4.893313e-05 3.419950e-05
 8966.400000 -3.092005e-05 -3.505785e-07 -2.341077e-07 -3.152743e-07 6.451002e-05 2.001249e-04 -5.168014e-05 2.009306e-05
 8966.600000 -3.084513e-05 -3.525456e-07 -2.353374e-07 -3.145431e-07 6.560376e-05 1.964991e-04 -4.091612e-05 2.647495e-05
 8966.800000 -3.075048e-05 -3.539527e-07 -2.360233e-07 -3.135706e-07 6.723618e-05 1.969340e-04 -5.398944e-05 2.588782e-05
 8967.000000 -3.078412e-05 -3.545363e-07 -2.362776e-07 -3.144054e-07 5.505185e-05 2.130323e-04 -4.794612e-05 4.158088e-05
 8967.200000 -3.085710e-05 -3.512034e-07 -2.339177e-07 -3.152918e-07 5.764884e-05 1.769371e-04 -4.071874e-05 4.196134e-05
 8967.400000 -3.082298e-05 -3.516313e-07 -2.341424e-07 -3.151062e-07 5.718393e-05 2.193814e-04 -5.115743e-05 3.022160e-05
 8967.600000 -3.080200e-05 -3.544485e-07 -2.358634e-07 -3.147984e-07 5.729871e-05 2.125166e-04 -4.124704e-05 3.463091e-05
 8967.800000 -3.081107e-05 -3.536563e-07 -2.353496e-07 -3.149619e-07 5.535034e-05 1.884733e-04 -4.259398e-05 2.132243e-05
 8968.000000 -3.082637e-05 -3.529244e-07 -2.347255e-07 -3.154499e-07 5.029125e-05 1.945917e-04 -4.294546e-05 2.226883e-05
 8968.200000 -3.083116e-05 -3.534583e-07 -2.349449e-07 -3.154216e-07 6.655500e-05 1.942083e-04 -2.516808e-05 3.386477e-05
 8968.400000 -3.080544e-05 -3.532232e-07 -2.345349e-07 -3.153764e-07 5.818461e-05 1.956124e-04 -2.949472e-05 3.049946e-05
 8968.600000 -3.078170e-05 -3.542643e-07 -2.350666e-07 -3.152824e-07 6.044157e-05 1.797584e-04 -4.490451e-05 2.028073e-05
 8968.800000 -3.075986e-05 -3.575588e-07 -2.370668e-07 -3.150269e-07 5.938924e-05 1.947206e-04 -3.244025e-05 3.207083e-05
 8969.000000 -3.079383e-05 -3.543700e-07 -2.348895e-07 -3.156631e-07 5.302637e-05 2.036457e-04 -3.194003e-05 2.587287e-05
 8969.200000 -3.079038e-05 -3.550531e-07 -2.353555e-07 -3.156576e-07 5.477865e-05 2.072964e-04 -4.023271e-05 1.893842e-05
 8969.400000 -3.072966e-05 -3.540156e-07 -2.346183e-07 -3.154882e-07 4.891141e-05 2.214616e-04 -4.581380e-05 1.168327e-05
 8969.600000 -3.079510e-05 -3.544407e-07 -2.346034e-07 -3.158734e-07 5.637788e-05 2.193107e-04 -3.700132e-05 2.176657e-05
 8969.800000 -3.080458e-05 -3.532445e-07 -2.334247e-07 -3.160558e-07 5.596277e-05 1.975700e-04 -3.401003e-05 3.487803e-05
 8970.000000 -3.086403e-05 -3.514409e-07 -2.320283e-07 -3.167757e-07 5.121481e-05 1.972061e-04 -3.267190e-05 3.963484e-05
 8970.200000 -3.088527e-05 -3.522114e-07 -2.325456e-07 -3.173072e-07 5.263007e-05 2.126849e-04 -2.434173e-05 3.693786e-05
 8970.400000 -3.084845e-05 -3.531617e-07 -2.330268e-07 -3.169408e-07 4.599013e-05 1.982102e-04 -4.876864e-05 3.080797e-05
 8970.600000 -3.083383e-05 -3.560212e-07 -2.348407e-07 -3.167812e-07 4.635478e-05 2.011987e-04 -5.147066e-05 2.426187e-05
 8970.800000 -3.084221e-05 -3.513353e-07 -2.316476e-07 -3.171625e-07 5.371566e-05 2.140169e-04 -4.714678e-05 1.805730e-05
 8971.000000 -3.085602e-05 -3.531192e-07 -2.324475e-07 -3.172951e-07 5.595531e-05 2.214276e-04 -5.546245e-05 1.261530e-05
 8971.200000 -3.088681e-05 -3.505588e-07 -2.306515e-07 -3.176218e-07 5.560798e-05 2.235562e-04 -1.939923e-05 2.076358e-05
 8971.400000 -3.088947e-05 -3.514963e-07 -2.309307e-07 -3.179010e-07 5.698744e-05 2.393727e-04 -2.501338e-05 1.091373e-05
 8971.600000 -3.086827e-05 -3.514247e-07 -2.306061e-07 -3.177294e-07 6.714847e-05 2.427494e-04 -2.182257e-05 2.192329e-05
 8971.800000 -3.085409e-05 -3.502785e-07 -2.299381e-07 -3.180051e-07 6.751999e-05 2.399592e-04 -1.308914e-05 1.574413e-05
 8972.000000 -3.084242e-05 -3.515216e-07 -2.303539e-07 -3.182647e-07 5.968670e-05 2.425668e-04 -1.958753e-05 1.148152e-05
 8972.200000 -3.075491e-05 -3.527436e-07 -2.309093e-07 -3.173828e-07 5.907604e-05 2.314853e-04 -1.976425e-05 1.395926e-05
 8972.400000 -3.068957e-05 -3.555135e-07 -2.324308e-07 -3.166317e-07 6.181322e-05 2.176763e-04 -2.860409e-05 1.273609e-05
 8972.600000 -3.068901e-05 -3.549209e-07 -2.316711e-07 -3.168936e-07 6.626512e-05 2.084407e-04 -2.649208e-05 1.465696e-05
 8972.800000 -3.070901e-05 -3.541518e-07 -2.307973e-07 -3.173619e-07 6.345300e-05 2.105004e-04 -3.360062e-05 1.675505e-05
 8973.000000 -3.070291e-05 -3.532818e-07 -2.299895e-07 -3.173012e-07 6.229492e-05 2.142931e-04 -3.650875e-05 1.696277e-05
 8973.200000 -3.080249e-05 -3.516607e-07 -2.286435e-07 -3.185597e-07 7.155091e-05 2.323733e-04 -3.706710e-05 2.099532e-05
 8973.400000 -3.082786e-05 -3.502028e-07 -2.273434e-07 -3.191085e-07 6.419623e-05 2.355503e-04 -4.307034e-05 1.020092e-05
 8973.600000 -3.077026e-05 -3.509846e-07 -2.275255e-07 -3.188600e-07 6.125957e-05 2.416570e-04 -4.507111e-05 2.653365e-06
 8973.800000 -3.069332e-05 -3.533253e-07 -2.286477e-07 -3.182020e-07 6.398986e-05 2.386355e-04 -4.775050e-05 -9.176769e-07
 8974.000000 -3.067144e-05 -3.542191e-07 -2.285566e-07 -3.183417e-07 6.742831e-05 2.209573e-04 -4.280425e-05 1.107994e-05
 8974.200000 -3.061232e-05 -3.542239e-07 -2.280329e-07 -3.180313e-07 7.182881e-05 2.199090e-04 -4.231510e-05 9.718043e-06
 8974.400000 -3.073824e-05 -3.530278e-07 -2.264360e-07 -3.195670e-07 6.304526e-05 2.231009e-04 -4.557271e-05 1.088758e-05
 8974.600000 -3.078318e-05 -3.511896e-07 -2.246386e-07 -3.206478e-07 6.457920e-05 2.008233e-04 -3.360476e-05 1.661389e-05
 8974.800000 -3.075350e-05 -3.525007e-07 -2.245916e-07 -3.204880e-07 6.303501e-05 2.408674e-04 -1.182880e-05 2.477187e-05
 8975.000000 -3.074290e-05 -3.514647e-07 -2.229797e-07 -3.204931e-07 7.037633e-05 2.345414e-04 -2.393424e-05 1.992342e-05
 8975.200000 -3.074603e-05 -3.497646e-07 -2.209352e-07 -3.211607e-07 7.630850e-05 2.297561e-04 -2.998837e-05 2.793228e-06
 8975.400000 -3.077303e-05 -3.497260e-07 -2.195641e-07 -3.222040e-07 8.077890e-05 2.413147e-04 -3.541947e-05 2.313275e-06
 8975.600000 -3.077636e-05 -3.488635e-07 -2.180473e-07 -3.227157e-07 8.351990e-05 2.493359e-04 -3.846908e-05 1.041872e-05
 8975.800000 -3.076861e-05 -3.478766e-07 -2.159357e-07 -3.230600e-07 7.519714e-05 2.464222e-04 -4.968873e-05 6.402904e-06
 8976.000000 -3.075436e-05 -3.498548e-07 -2.156029e-07 -3.234707e-07 7.544575e-05 2.219562e-04 -5.560914e-05 -4.954216e-06
 8976.200000 -3.071124e-05 -3.503354e-07 -2.141755e-07 -3.235758e-07 6.363477e-05 2.206146e-04 -4.154976e-05 1.029300e-05
 8976.400000 -3.071734e-05 -3.501683e-07 -2.118044e-07 -3.245179e-07 6.458201e-05 2.216112e-04 -3.313790e-05 2.501919e-05
 8976.600000 -3.070384e-05 -3.501830e-07 -2.090363e-07 -3.251458e-07 6.532956e-05 2.246263e-04 -5.212325e-05 2.556069e-05
 8976.800000 -3.060975e-05 -3.523735e-07 -2.073498e-07 -3.250352e-07 7.140777e-05 2.312169e-04 -5.978633e-05 1.919041e-05
 8977.000000 -3.060202e-05 -3.541044e-07 -2.049806e-07 -3.257386e-07 7.238427e-05 2.525034e-04 -4.661678e-05 2.817982e-05
 8977.200000 -3.063791e-05 -3.499446e-07 -1.979961e-07 -3.275702e-07 7.218471e-05 2.425050e-04 -5.378141e-05 2.672494e-05
 8977.400000 -3.064355e-05 -3.503659e-07 -1.930025e-07 -3.290297e-07 7.168041e-05 2.205670e-04 -5.720587e-05 2.285812e-05
 8977.600000 -3.063889e-05 -3.498717e-07 -1.864936e-07 -3.302533e-07 7.357169e-05 2.236824e-04 -4.465100e-05 1.473060e-05
 8977.800000 -3.063224e-05 -3.497675e-07 -1.792695e-07 -3.319679e-07 7.220000e-05 2.221580e-04 -5.142339e-05 1.404900e-05
 8978.000000 -3.061588e-05 -3.486317e-07 -1.707204e-07 -3.340046e-07 6.661222e-05 2.414439e-04 -4.965606e-05 1.283106e-05
 8978.200000 -3.058966e-05 -3.474038e-07 -1.619082e-07 -3.362297e-07 7.533054e-05 2.402527e-04 -3.662304e-05 2.605983e-05
 8978.400000 -3.061193e-05 -3.459907e-07 -1.524883e-07 -3.396665e-07 7.710276e-05 2.189077e-04 -5.316347e-05 2.168420e-05
 8978.600000 -3.055736e-05 -3.465259e-07 -1.446523e-07 -3.424496e-07 6.858493e-05 2.077710e-04 -5.903174e-05 2.671529e-05
 8978.800000 -3.052965e-05 -3.481417e-07 -1.372822e-07 -3.465183e-07 6.798661e-05 1.681786e-04 -4.446877e-05 2.783686e-05
 8979.000000 -3.047204e-05 -3.483639e-07 -1.300256e-07 -3.512169e-07 7.276857e-05 1.851449e-04 -4.699681e-05 3.504866e-05
 8979.200000 -3.048627e-05 -3.474912e-07 -1.224527e-07 -3.582842e-07 7.361282e-05 1.800585e-04 -4.447829e-05 2.767806e-05
 8979.400000 -3.045386e-05 -3.454613e-07 -1.154815e-07 -3.659351e-07 7.971987e-05 1.992242e-04 -3.520737e-05 1.912787e-05
 8979.600000 -3.048841e-05 -3.432620e-07 -1.096645e-07 -3.764284e-07 7.050128e-05 2.061891e-04 -4.086031e-05 2.319585e-05
 8979.800000 -3.052674e-05 -3.396055e-07 -1.043407e-07 -3.889250e-07 7.025208e-05 2.105044e-04 -4.408460e-05 2.388061e-05
 8980.000000 -3.050885e-05 -3.384856e-07 -1.009828e-07 -4.023973e-07 7.556807e-05 2.272039e-04 -2.502987e-05 2.037506e-05
 8980.200000 -3.049577e-05 -3.365601e-07 -9.825308e-08 -4.174536e-07 7.026800e-05 2.228697e-04 -1.649329e-05 2.621540e-05
 8980.400000 -3.046732e-05 -3.345728e-07 -9.619468e-08 -4.325351e-07 6.329677e-05 2.348541e-04 -2.339073e-05 2.306365e-05
 8980.600000 -3.037975e-05 -3.377480e-07 -9.643579e-08 -4.460963e-07 6.151830e-05 2.308269e-04 -2.624842e-05 2.899181e-05
 8980.800000 -3.038311e-05 -3.364194e-07 -9.538625e-08 -4.593422e-07 7.040223e-05 2.287024e-04 -3.553901e-05 2.797587e-05
 8981.000000 -3.039672e-05 -3.309767e-07 -9.402315e-08 -4.693885e-07 7.089360e-05 2.617903e-04 -2.724535e-05 2.251781e-05
 8981.200000 -3.037928e-05 -3.313992e-07 -9.468656e-08 -4.741438e-07 7.433113e-05 2.701336e-04 -2.878765e-05 2.601926e-05
 8981.400000 -3.039749e-05 -3.305586e-07 -9.476196e-08 -4.756023e-07 6.925287e-05 2.648182e-04 -2.330747e-05 3.585904e-05
 8981.600000 -3.037897e-05 -3.286297e-07 -9.456089e-08 -4.713457e-07 7.138825e-05 2.702959e-04 -2.518624e-05 3.014679e-05
 8981.800000 -3.034622e-05 -3.327248e-07 -9.623751e-08 -4.634753e-07 7.443772e-05 2.499752e-04 -2.780533e-05 3.444247e-05
 8982.000000 -3.031854e-05 -3.320247e-07 -9.655430e-08 -4.533640e-07 6.806593e-05 2.273258e-04 -3.561492e-05 3.858447e-05
 8982.200000 -3.027817e-05 -3.357408e-07 -9.791972e-08 -4.426438e-07 6.267946e-05 2.344803e-04 -2.238794e-05 4.327537e-05
 8982.400000 -3.024612e-05 -3.377903e-07 -9.889838e-08 -4.325655e-07 6.326601e-05 2.621902e-04 -3.107835e-05 3.971930e-05
 8982.600000 -3.028262e-05 -3.379365e-07 -9.897068e-08 -4.250134e-07 6.543190e-05 2.667854e-04 -3.980060e-05 3.819306e-05
 8982.800000 -3.031833e-05 -3.362462e-07 -9.823335e-08 -4.189430e-07 7.111928e-05 2.529241e-04 -4.467932e-05 2.527667e-05
 8983.000000 -3.033450e-05 -3.358363e-07 -9.760167e-08 -4.145597e-07 8.137975e-05 2.693815e-04 -4.895243e-05 3.036101e-05
 8983.200000 -3.033498e-05 -3.359381e-07 -9.687893e-08 -4.111397e-07 8.475789e-05 2.758277e-04 -3.878019e-05 3.158408e-05
 8983.400000 -3.031732e-05 -3.357476e-07 -9.608464e-08 -4.090150e-07 7.899517e-05 2.637471e-04 -4.008823e-05 3.490905e-05
 8983.600000 -3.027119e-05 -3.385067e-07 -9.581446e-08 -4.078031e-07 7.777336e-05 2.365909e-04 -4.188456e-05 3.756099e-05
 8983.800000 -3.020062e-05 -3.419186e-07 -9.588584e-08 -4.072119e-07 7.366731e-05 2.339449e-04 -3.441247e-05 3.538123e-05
 8984.000000 -3.022122e-05 -3.392640e-07 -9.379626e-08 -4.095059e-07 6.709846e-05 2.384633e-04 -3.212610e-05 2.523486e-05
 8984.200000 -3.023044e-05 -3.394404e-07 -9.251175e-08 -4.121561e-07 6.788221e-05 2.347976e-04 -3.270962e-05 2.109909e-05
 8984.400000 -3.028179e-05 -3.369425e-07 -9.053731e-08 -4.161705e-07 6.576110e-05 2.296452e-04 -3.564291e-05 1.488295e-05
 8984.600000 -3.025757e-05 -3.355079e-07 -8.885203e-08 -4.188934e-07 7.881216e-05 2.166377e-04 -2.638654e-05 2.100504e-05
 8984.800000 -3.026214e-05 -3.350466e-07 -8.735880e-08 -4.223788e-07 8.210869e-05 2.150720e-04 -3.366147e-05 3.153104e-05
 8985.000000 -3.027492e-05 -3.358458e-07 -8.624489e-08 -4.253721e-07 8.513339e-05 2.133272e-04 -3.627683e-05 2.841245e-05
 8985.200000 -3.026021e-05 -3.360132e-07 -8.529413e-08 -4.275685e-07 8.420301e-05 2.101890e-04 -2.941130e-05 2.466848e-05
 8985.400000 -3.024473e-05 -3.359639e-07 -8.400188e-08 -4.297207e-07 8.264023e-05 2.389389e-04 -4.184498e-05 2.426634e-05
 8985.600000 -3.022605e-05 -3.366808e-07 -8.287978e-08 -4.310773e-07 9.131081e-05 2.649827e-04 -3.380386e-05 2.426913e-05
 8985.800000 -3.020357e-05 -3.358302e-07 -8.162393e-08 -4.331441e-07 9.101114e-05 2.617824e-04 -3.017981e-05 2.537979e-05
 8986.000000 -3.013156e-05 -3.399296e-07 -8.145200e-08 -4.334279e-07 8.187520e-05 2.447295e-04 -3.392190e-05 1.270369e-05
 8986.200000 -3.010012e-05 -3.364890e-07 -7.913119e-08 -4.348729e-07 8.203825e-05 2.524818e-04 -3.491079e-05 9.495211e-06
 8986.400000 -3.009311e-05 -3.388751e-07 -7.874427e-08 -4.370017e-07 8.023710e-05 2.523278e-04 -2.477024e-05 2.418261e-05
 8986.600000 -3.013941e-05 -3.365981e-07 -7.681522e-08 -4.404271e-07 8.386501e-05 2.480673e-04 -2.127883e-05 2.167398e-05
 8986.800000 -3.016150e-05 -3.349001e-07 -7.493924e-08 -4.435682e-07 8.902338e-05 2.272781e-04 -2.849981e-05 2.020271e-05
 8987.000000 -3.016646e-05 -3.351763e-07 -7.360895e-08 -4.470238e-07 9.328862e-05 2.403397e-04 -3.961165e-05 6.072582e-06
 8987.200000 -3.013793e-05 -3.356707e-07 -7.215380e-08 -4.497902e-07 9.123712e-05 2.358901e-04 -3.083509e-05 1.087046e-05
 8987.400000 -3.017523e-05 -3.325557e-07 -6.978477e-08 -4.547125e-07 9.226979e-05 2.618268e-04 -3.328372e-05 1.038667e-05
 8987.600000 -3.018557e-05 -3.322485e-07 -6.782840e-08 -4.594967e-07 9.562324e-05 2.631285e-04 -4.138851e-05 9.217058e-06
 8987.800000 -3.014156e-05 -3.329470e-07 -6.642367e-08 -4.637496e-07 8.922713e-05 2.439348e-04 -2.994060e-05 1.418054e-05
 8988.000000 -3.015959e-05 -3.310242e-07 -6.423498e-08 -4.686381e-07 8.126189e-05 2.575699e-04 -4.407771e-05 1.448663e-06
 8988.200000 -3.015550e-05 -3.311034e-07 -6.257135e-08 -4.737541e-07 8.661538e-05 2.274818e-04 -4.050569e-05 7.114449e-07
 8988.400000 -3.012491e-05 -3.305625e-07 -6.074865e-08 -4.786330e-07 8.495500e-05 2.075076e-04 -4.110705e-05 -3.295804e-06
 8988.600000 -3.003647e-05 -3.328723e-07 -5.944230e-08 -4.822342e-07 8.082198e-05 2.078967e-04 -4.056187e-05 -6.146589e-06
 8988.800000 -2.997214e-05 -3.338174e-07 -5.797719e-08 -4.860810e-07 8.954660e-05 1.952860e-04 -4.127582e-05 2.251049e-06
 8989.000000 -3.000358e-05 -3.324912e-07 -5.603952e-08 -4.922859e-07 8.745033e-05 1.989914e-04 -3.705413e-05 1.558289e-05
 8989.200000 -2.999074e-05 -3.309295e-07 -5.421698e-08 -4.973159e-07 8.386850e-05 2.154217e-04 -3.404997e-05 2.187033e-05
 8989.400000 -2.991622e-05 -3.296904e-07 -5.234668e-08 -5.009302e-07 8.329463e-05 2.189469e-04 -3.676659e-05 2.118712e-05
 8989.600000 -2.991061e-05 -3.304062e-07 -5.086378e-08 -5.060159e-07 8.938108e-05 2.211613e-04 -3.423862e-05 2.019757e-05
 8989.800000 -2.989709e-05 -3.307212e-07 -4.932774e-08 -5.108193e-07 9.234494e-05 2.303948e-04 -3.779519e-05 2.066429e-05
 8990.000000 -2.991413e-05 -3.302151e-07 -4.778873e-08 -5.160211e-07 8.592066e-05 2.388529e-04 -3.798696e-05 2.003171e-05
 8990.200000 -2.991360e-05 -3.288273e-07 -4.606653e-08 -5.212736e-07 7.743971e-05 2.386237e-04 -3.565385e-05 2.317465e-05
 8990.400000 -2.983321e-05 -3.291070e-07 -4.469248e-08 -5.236212e-07 7.053518e-05 2.356602e-04 -4.836120e-05 1.744637e-05
 8990.600000 -2.978146e-05 -3.291331e-07 -4.363141e-08 -5.264530e-07 6.866295e-05 2.453214e-04 -5.208150e-05 7.574261e-06
 8990.800000 -2.979779e-05 -3.275326e-07 -4.226933e-08 -5.303664e-07 6.739314e-05 2.318954e-04 -4.451975e-05 1.139835e-05
 8991.000000 -2.979182e-05 -3.287393e-07 -4.113955e-08 -5.335219e-07 7.469694e-05 2.294155e-04 -5.048992e-05 1.328214e-05
 8991.200000 -2.965766e-05 -3.303369e-07 -4.031215e-08 -5.327087e-07 8.102149e-05 2.406304e-04 -4.047566e-05 1.711966e-05
 8991.400000 -2.966832e-05 -3.293958e-07 -3.913897e-08 -5.344391e-07 7.650932e-05 2.398701e-04 -4.782864e-05 6.680650e-06
 8991.600000 -2.975808e-05 -3.271697e-07 -3.764622e-08 -5.378773e-07 7.152686e-05 2.326025e-04 -3.185619e-05 1.024157e-05
 8991.800000 -2.988808e-05 -3.253939e-07 -3.665742e-08 -5.413466e-07 7.800704e-05 2.234021e-04 -3.074708e-05 1.603109e-05
 8992.000000 -2.990644e-05 -3.243393e-07 -3.577711e-08 -5.422299e-07 8.217287e-05 2.063351e-04 -2.318057e-05 1.416996e-05
 8992.200000 -2.979640e-05 -3.283372e-07 -3.577297e-08 -5.391517e-07 7.743056e-05 2.331186e-04 -3.550091e-05 1.880534e-05
 8992.400000 -2.966630e-05 -3.297586e-07 -3.532374e-08 -5.352923e-07 7.303257e-05 2.320956e-04 -4.555029e-05 1.167590e-05
 8992.600000 -2.971558e-05 -3.268861e-07 -3.472087e-08 -5.358309e-07 8.191896e-05 2.405942e-04 -4.683094e-05 1.058753e-05
 8992.800000 -2.983327e-05 -3.263004e-07 -3.421104e-08 -5.384662e-07 7.812381e-05 2.167926e-04 -3.433628e-05 7.460698e-06
 8993.000000 -2.983574e-05 -3.262564e-07 -3.406427e-08 -5.382235e-07 6.701487e-05 2.374568e-04 -3.201038e-05 2.025204e-05
 8993.200000 -2.980396e-05 -3.276964e-07 -3.431161e-08 -5.366900e-07 6.850503e-05 2.292936e-04 -1.780933e-05 2.335416e-05
 8993.400000 -2.972512e-05 -3.285615e-07 -3.455656e-08 -5.344936e-07 7.325885e-05 2.258201e-04 -3.039893e-05 1.296476e-05
 8993.600000 -2.972059e-05 -3.265121e-07 -3.456116e-08 -5.347675e-07 7.750860e-05 2.239223e-04 -4.058161e-05 2.451476e-05
 8993.800000 -2.979353e-05 -3.242356e-07 -3.440415e-08 -5.369094e-07 7.921257e-05 2.261104e-04 -5.070584e-05 2.451051e-05
 8994.000000 -2.987190e-05 -3.223916e-07 -3.419116e-08 -5.400406e-07 7.773684e-05 2.380178e-04 -4.724431e-05 1.861651e-05
 8994.200000 -2.989400e-05 -3.205549e-07 -3.437986e-08 -5.422103e-07 7.782444e-05 2.507019e-04 -5.429049e-05 1.621824e-05
 8994.400000 -2.985249e-05 -3.206307e-07 -3.470110e-08 -5.430378e-07 7.806040e-05 2.206666e-04 -3.897985e-05 2.367404e-05
 8994.600000 -2.982281e-05 -3.226505e-07 -3.536991e-08 -5.446237e-07 8.567943e-05 2.247921e-04 -5.010881e-05 1.207483e-05
 8994.800000 -2.981067e-05 -3.218039e-07 -3.569497e-08 -5.473492e-07 8.326549e-05 2.321247e-04 -4.550417e-05 1.095045e-05
 8995.000000 -2.984188e-05 -3.204958e-07 -3.598414e-08 -5.518589e-07 8.711117e-05 2.439889e-04 -3.291420e-05 1.694870e-05
 8995.200000 -2.986292e-05 -3.200547e-07 -3.625590e-08 -5.562063e-07 8.201479e-05 2.186498e-04 -2.582281e-05 1.674822e-05
 8995.400000 -2.984941e-05 -3.174587e-07 -3.642502e-08 -5.596807e-07 8.572567e-05 2.147815e-04 -3.511568e-05 1.603322e-05
 8995.600000 -2.983952e-05 -3.190128e-07 -3.688319e-08 -5.628399e-07 8.507268e-05 2.204767e-04 -3.832745e-05 2.240461e-05
 8995.800000 -2.978724e-05 -3.202971e-07 -3.735012e-08 -5.648994e-07 8.773567e-05 2.097820e-04 -2.200007e-05 2.863940e-05
 8996.000000 -2.973155e-05 -3.215916e-07 -3.828886e-08 -5.665243e-07 8.924812e-05 1.901862e-04 -1.507360e-05 3.295829e-05
 8996.200000 -2.980030e-05 -3.176910e-07 -3.811946e-08 -5.715200e-07 7.636472e-05 1.745507e-04 -3.164185e-05 2.118755e-05
 8996.400000 -2.982528e-05 -3.151433e-07 -3.815985e-08 -5.749994e-07 7.407194e-05 1.968931e-04 -4.314366e-05 1.399684e-05
 8996.600000 -2.981196e-05 -3.160010e-07 -3.849677e-08 -5.764118e-07 7.334384e-05 2.203729e-04 -4.589100e-05 1.779833e-05
 8996.800000 -2.975705e-05 -3.169657e-07 -3.891324e-08 -5.764921e-07 7.653639e-05 2.109828e-04 -4.759104e-05 3.007112e-05
 8997.000000 -2.970346e-05 -3.195795e-07 -3.931493e-08 -5.758206e-07 7.479982e-05 1.795655e-04 -4.275692e-05 3.269091e-05
 8997.200000 -2.973296e-05 -3.176146e-07 -3.932820e-08 -5.771344e-07 6.698040e-05 1.897334e-04 -4.072173e-05 3.636767e-05
 8997.400000 -2.978473e-05 -3.159492e-07 -3.967806e-08 -5.786959e-07 6.668992e-05 2.010757e-04 -5.090437e-05 3.242002e-05
 8997.600000 -2.980520e-05 -3.160034e-07 -3.978399e-08 -5.783024e-07 7.439769e-05 2.029547e-04 -3.586243e-05 3.199746e-05
 8997.800000 -2.979717e-05 -3.135414e-07 -3.961666e-08 -5.765006e-07 8.184446e-05 2.084006e-04 -2.589392e-05 2.848732e-05
 8998.000000 -2.977322e-05 -3.152033e-07 -3.975521e-08 -5.733422e-07 7.488860e-05 2.238825e-04 -4.968944e-05 1.298865e-05
 8998.200000 -2.971196e-05 -3.174002e-07 -3.983690e-08 -5.689080e-07 7.373997e-05 2.197361e-04 -4.087971e-05 2.339048e-05
 8998.400000 -2.962118e-05 -3.201542e-07 -3.991966e-08 -5.631871e-07 7.313388e-05 2.273118e-04 -4.893358e-05 2.583726e-05
 8998.600000 -2.963641e-05 -3.200429e-07 -3.972525e-08 -5.604522e-07 6.088013e-05 2.374954e-04 -4.656897e-05 3.118909e-05
 8998.800000 -2.965285e-05 -3.182785e-07 -3.927937e-08 -5.574799e-07 6.556801e-05 1.949771e-04 -5.054805e-05 3.508998e-05
 8999.000000 -2.971480e-05 -3.175368e-07 -3.880860e-08 -5.558582e-07 7.183159e-05 2.061648e-04 -3.965337e-05 3.326524e-05
 8999.200000 -2.970938e-05 -3.172525e-07 -3.851618e-08 -5.523366e-07 7.603870e-05 2.125241e-04 -3.976328e-05 2.791544e-05
 8999.400000 -2.960588e-05 -3.220222e-07 -3.886168e-08 -5.461740e-07 7.620135e-05 2.142590e-04 -4.437582e-05 2.482041e-05
 8999.600000 -2.964373e-05 -3.186882e-07 -3.782567e-08 -5.443430e-07 6.827272e-05 2.053874e-04 -3.534304e-05 2.769322e-05
 8999.800000 -2.970910e-05 -3.161578e-07 -3.685141e-08 -5.433873e-07 7.332883e-05 2.024851e-04 -4.877168e-05 3.155124e-05
 9000.000000 -2.970223e-05 -3.171536e-07 -3.668434e-08 -5.412066e-07 7.259301e-05 2.201942e-04 -5.487328e-05 1.424793e-05
 9000.200000 -2.969186e-05 -3.185459e-07 -3.639682e-08 -5.387580e-07 7.747975e-05 2.128207e-04 -4.688623e-05 2.159317e-05
 9000.400000 -2.965072e-05 -3.209551e-07 -3.606300e-08 -5.356291e-07 7.626627e-05 2.055155e-04 -4.191024e-05 3.163008e-05
 9000.600000 -2.961188e-05 -3.206871e-07 -3.569401e-08 -5.334075e-07 7.177219e-05 1.887221e-04 -3.964699e-05 2.082374e-05
 9000.800000 -2.960465e-05 -3.203128e-07 -3.503574e-08 -5.326165e-07 6.947159e-05 1.949432e-04 -4.881440e-05 2.762859e-05
 9001.000000 -2.957055e-05 -3.213432e-07 -3.436540e-08 -5.310840e-07 6.123155e-05 1.972163e-04 -3.594882e-05 3.712264e-05
 9001.200000 -2.945879e-05 -3.226032e-07 -3.417136e-08 -5.277152e-07 6.901676e-05 1.885729e-04 -2.718382e-05 4.195149e-05
 9001.400000 -2.931069e-05 -3.213696e-07 -3.385298e-08 -5.242612e-07 7.048795e-05 1.831663e-04 -3.469275e-05 2.702378e-05
 9001.600000 -2.906898e-05 -3.225906e-07 -3.370031e-08 -5.194797e-07 6.837335e-05 2.062642e-04 -2.903082e-05 1.876424e-05
 9001.800000 -2.890097e-05 -3.196486e-07 -3.324621e-08 -5.170474e-07 7.047460e-05 2.191373e-04 -8.147739e-06 3.665757e-05
 9002.000000 -2.896203e-05 -3.144183e-07 -3.244573e-08 -5.189194e-07 6.245350e-05 1.919875e-04 -2.704330e-05 3.566398e-05
 9002.200000 -2.906317e-05 -3.125444e-07 -3.206828e-08 -5.208935e-07 6.307942e-05 1.764110e-04 -2.778030e-05 3.720573e-05
 9002.400000 -2.918813e-05 -3.156126e-07 -3.225879e-08 -5.229688e-07 6.723028e-05 1.763884e-04 -2.923019e-05 4.196666e-05
 9002.600000 -2.929703e-05 -3.152992e-07 -3.251129e-08 -5.247575e-07 6.176519e-05 1.984039e-04 -3.634190e-05 5.087414e-05
 9002.800000 -2.945007e-05 -3.181814e-07 -3.313788e-08 -5.271023e-07 6.501261e-05 1.984868e-04 -2.285553e-05 5.939239e-05
 9003.000000 -2.958712e-05 -3.195987e-07 -3.340007e-08 -5.291465e-07 6.858973e-05 2.118787e-04 -2.449216e-05 5.943793e-05
 9003.200000 -2.965073e-05 -3.213092e-07 -3.390611e-08 -5.297393e-07 6.490467e-05 2.081021e-04 -2.779907e-05 5.223724e-05
 9003.400000 -2.966850e-05 -3.232721e-07 -3.430162e-08 -5.297137e-07 6.396166e-05 2.178289e-04 -5.201529e-05 2.919458e-05
 9003.600000 -2.963109e-05 -3.227073e-07 -3.439632e-08 -5.281308e-07 7.754056e-05 2.222066e-04 -3.021598e-05 3.605117e-05
 9003.800000 -2.956305e-05 -3.267275e-07 -3.509581e-08 -5.259529e-07 7.566945e-05 2.402891e-04 -3.661019e-05 3.529809e-05
 9004.000000 -2.947225e-05 -3.258956e-07 -3.560058e-08 -5.231221e-07 6.290421e-05 2.348212e-04 -3.472104e-05 4.178602e-05
 9004.200000 -2.955265e-05 -3.227182e-07 -3.562105e-08 -5.249029e-07 6.082208e-05 2.276356e-04 -3.387306e-05 3.639601e-05
 9004.400000 -2.953483e-05 -3.256820e-07 -3.619189e-08 -5.238650e-07 5.929477e-05 2.463463e-04 -3.924304e-05 3.239653e-05
 9004.600000 -2.944489e-05 -3.253560e-07 -3.652706e-08 -5.215807e-07 5.793253e-05 2.741313e-04 -3.474660e-05 4.535260e-05
 9004.800000 -2.942727e-05 -3.274294e-07 -3.707053e-08 -5.205619e-07 6.871773e-05 2.642779e-04 -3.580822e-05 3.615989e-05
 9005.000000 -2.947432e-05 -3.254641e-07 -3.697921e-08 -5.216917e-07 5.804198e-05 2.363679e-04 -2.340338e-05 3.834194e-05
 9005.200000 -2.952788e-05 -3.257902e-07 -3.742021e-08 -5.224084e-07 5.403112e-05 2.384244e-04 -2.168431e-05 4.937754e-05
 9005.400000 -2.952910e-05 -3.238046e-07 -3.781030e-08 -5.224663e-07 6.141528e-05 2.356685e-04 -2.721817e-05 4.363222e-05
 9005.600000 -2.953501e-05 -3.220016e-07 -3.808737e-08 -5.221990e-07 7.469059e-05 2.480982e-04 -1.295947e-05 4.665672e-05
 9005.800000 -2.957272e-05 -3.220137e-07 -3.825917e-08 -5.230820e-07 7.735001e-05 2.605368e-04 -2.242268e-05 3.523287e-05
 9006.000000 -2.957330e-05 -3.190714e-07 -3.828901e-08 -5.227751e-07 7.245788e-05 2.692291e-04 -1.622563e-05 3.595831e-05
 9006.200000 -2.953992e-05 -3.235560e-07 -3.935664e-08 -5.216666e-07 7.169623e-05 2.915497e-04 -1.166459e-05 3.752064e-05
 9006.400000 -2.951132e-05 -3.242675e-07 -3.941647e-08 -5.205820e-07 7.848863e-05 2.916197e-04 -2.342611e-05 4.028727e-05
 9006.600000 -2.948912e-05 -3.234817e-07 -3.965364e-08 -5.198604e-07 7.140277e-05 2.802137e-04 -3.028175e-05 4.626693e-05
 9006.800000 -2.953852e-05 -3.227401e-07 -3.971054e-08 -5.210340e-07 5.630782e-05 2.804336e-04 -2.210110e-05 3.597481e-05
 9007.000000 -2.952575e-05 -3.212390e-07 -3.989474e-08 -5.206027e-07 5.643955e-05 2.593751e-04 -1.959677e-05 5.367492e-05
 9007.200000 -2.953124e-05 -3.227144e-07 -4.034494e-08 -5.200681e-07 5.738285e-05 2.679760e-04 -1.642313e-05 5.317560e-05
 9007.400000 -2.948362e-05 -3.218878e-07 -4.054355e-08 -5.184224e-07 6.029187e-05 2.717244e-04 -1.672538e-05 3.685522e-05
 9007.600000 -2.946868e-05 -3.228896e-07 -4.089610e-08 -5.176806e-07 6.708372e-05 2.885708e-04 -1.537771e-05 4.819978e-05
 9007.800000 -2.946371e-05 -3.235727e-07 -4.128073e-08 -5.173027e-07 6.576935e-05 2.742056e-04 -1.293413e-05 5.366646e-05
 9008.000000 -2.943555e-05 -3.234403e-07 -4.149913e-08 -5.161979e-07 6.628463e-05 2.650272e-04 -1.037446e-05 4.129169e-05
 9008.200000 -2.945117e-05 -3.249594e-07 -4.190141e-08 -5.163254e-07 6.298565e-05 2.549714e-04 -2.520458e-05 4.314015e-05
 9008.400000 -2.943991e-05 -3.235820e-07 -4.208033e-08 -5.159974e-07 6.268627e-05 2.483216e-04 -1.497488e-05 5.506634e-05
 9008.600000 -2.946571e-05 -3.216856e-07 -4.206360e-08 -5.166111e-07 5.957756e-05 2.511962e-04 -1.898155e-05 5.801214e-05
 9008.800000 -2.944189e-05 -3.217871e-07 -4.226844e-08 -5.156613e-07 5.791257e-05 2.642292e-04 -1.161294e-05 4.972717e-05
 9009.000000 -2.946491e-05 -3.210209e-07 -4.238401e-08 -5.161993e-07 5.495633e-05 2.441486e-04 -2.377450e-06 5.037071e-05
 9009.227860 -2.949537e-05 -3.186369e-07 -4.210332e-08 -5.168927e-07 5.814818e-05 2.292776e-04 2.057767e-07 4.715110e-05
 9009.483581 -2.947793e-05 -3.197646e-07 -4.272209e-08 -5.160672e-07 5.547379e-05 2.375826e-04 -1.533890e-05 3.820279e-05
 9009.767162 -2.945171e-05 -3.195046e-07 -4.282806e-08 -5.155167e-07 4.926783e-05 2.286586e-04 -2.899649e-05 3.916627e-05
 9010.078604 -2.933661e-05 -3.228684e-07 -4.365386e-08 -5.126327e-07 5.787234e-05 2.451459e-04 -2.407457e-05 4.056399e-05
 9010.417905 -2.936816e-05 -3.190466e-07 -4.328473e-08 -5.140248e-07 5.829156e-05 2.592089e-04 -2.064589e-05 3.325849e-05
 9010.785067 -2.937425e-05 -3.144496e-07 -4.270943e-08 -5.155209e-07 5.298727e-05 2.428806e-04 -2.621783e-05 3.394751e-05
 9011.180090 -2.926877e-05 -3.136933e-07 -4.275176e-08 -5.149202e-07 5.624645e-05 2.430791e-04 -2.325604e-05 2.045607e-05
 9011.602973 -2.920164e-05 -3.141190e-07 -4.278605e-08 -5.153177e-07 6.401101e-05 2.555201e-04 -2.846400e-05 2.636183e-05
 9012.053716 -2.918251e-05 -3.138894e-07 -4.244752e-08 -5.173310e-07 7.443540e-05 2.482258e-04 -3.560002e-05 3.414797e-05
 9012.532319 -2.919253e-05 -3.154027e-07 -4.258584e-08 -5.201430e-07 6.914069e-05 2.487436e-04 -3.225183e-05 2.994692e-05
 9013.038783 -2.923087e-05 -3.154391e-07 -4.230895e-08 -5.251470e-07 6.965685e-05 2.535747e-04 -3.506815e-05 2.228479e-05
 9013.573107 -2.930186e-05 -3.140991e-07 -4.198142e-08 -5.321779e-07 6.870504e-05 2.502933e-04 -5.085544e-05 1.290416e-05
 9014.135292 -2.940779e-05 -3.137029e-07 -4.164844e-08 -5.404978e-07 6.594927e-05 2.315827e-04 -4.721506e-05 2.498894e-05
 9014.725337 -2.942701e-05 -3.174371e-07 -4.146813e-08 -5.450339e-07 6.319050e-05 2.357005e-04 -4.872745e-05 2.352650e-05
 9015.343242 -2.949316e-05 -3.157914e-07 -4.055802e-08 -5.500996e-07 6.667339e-05 2.529284e-04 -5.099912e-05 2.392276e-05
 9015.989008 -2.947490e-05 -3.159380e-07 -3.989372e-08 -5.511117e-07 7.084227e-05 2.543717e-04 -3.322993e-05 4.035246e-05
 9016.662634 -2.943505e-05 -3.167383e-07 -3.936943e-08 -5.492460e-07 6.297531e-05 2.341966e-04 -4.536636e-05 3.472962e-05
 9017.364120 -2.942372e-05 -3.169828e-07 -3.850834e-08 -5.463283e-07 6.806215e-05 2.143641e-04 -4.229735e-05 3.039319e-05
 9018.093467 -2.941694e-05 -3.167437e-07 -3.762875e-08 -5.420530e-07 6.815788e-05 2.102267e-04 -4.075134e-05 4.065137e-05
 9018.850674 -2.945030e-05 -3.152982e-07 -3.689847e-08 -5.380767e-07 6.526102e-05 2.149924e-04 -3.869780e-05 3.514479e-05
 9019.635741 -2.943136e-05 -3.171297e-07 -3.634423e-08 -5.319768e-07 5.681800e-05 2.091120e-04 -3.605177e-05 3.113910e-05
 9020.448669 -2.931046e-05 -3.209715e-07 -3.617936e-08 -5.231989e-07 6.447678e-05 2.026520e-04 -3.652379e-05 2.598551e-05
 9021.289457 -2.922973e-05 -3.220282e-07 -3.533915e-08 -5.162687e-07 6.510905e-05 1.998130e-04 -3.825849e-05 2.727721e-05
 9022.158106 -2.925101e-05 -3.224178e-07 -3.464079e-08 -5.127587e-07 6.107222e-05 2.065184e-04 -3.166326e-05 3.153927e-05
 9023.054614 -2.924718e-05 -3.221425e-07 -3.388104e-08 -5.093688e-07 6.981798e-05 2.145443e-04 -4.358767e-05 3.504750e-05
 9023.978983 -2.931396e-05 -3.182754e-07 -3.317391e-08 -5.091953e-07 6.282229e-05 1.948195e-04 -3.991469e-05 3.939519e-05
 9024.931213 -2.930366e-05 -3.176747e-07 -3.286097e-08 -5.081276e-07 6.768531e-05 1.726583e-04 -3.539061e-05 4.365524e-05
 9025.911303 -2.926031e-05 -3.178965e-07 -3.291459e-08 -5.072779e-07 6.220674e-05 1.446622e-04 -3.220882e-05 4.482865e-05
 9026.919253 -2.923866e-05 -3.177032e-07 -3.340715e-08 -5.077660e-07 6.095947e-05 1.681756e-04 -3.434166e-05 4.384130e-05
 9027.955064 -2.924741e-05 -3.155137e-07 -3.390101e-08 -5.092267e-07 6.414038e-05 1.696758e-04 -4.350210e-05 3.822141e-05
 9029.018734 -2.923721e-05 -3.147286e-07 -3.522130e-08 -5.104501e-07 6.416203e-05 1.641654e-04 -4.967596e-05 3.565315e-05
 9030.110266 -2.919447e-05 -3.158977e-07 -3.653642e-08 -5.109539e-07 5.068042e-05 1.629711e-04 -4.618454e-05 3.129859e-05
 9031.232723 -2.908927e-05 -3.180162e-07 -3.799758e-08 -5.099352e-07 5.919479e-05 1.366289e-04 -4.705333e-05 2.994438e-05
 9032.367373 -2.906576e-05 -3.180696e-07 -3.900023e-08 -5.110648e-07 7.367158e-05 1.462274e-04 -4.682989e-05 3.706206e-05
 9033.514214 -2.911978e-05 -3.155555e-07 -3.923318e-08 -5.149043e-07 6.189024e-05 1.657375e-04 -5.207687e-05 3.532253e-05
 9034.673248 -2.900546e-05 -3.187736e-07 -4.011305e-08 -5.147392e-07 6.057893e-05 1.485093e-04 -6.049474e-05 3.613187e-05
 9035.844473 -2.882454e-05 -3.219444e-07 -4.066885e-08 -5.136404e-07 5.882316e-05 1.415594e-04 -4.237280e-05 3.608324e-05
 9037.027890 -2.895216e-05 -3.180687e-07 -3.977607e-08 -5.209877e-07 6.049271e-05 1.241549e-04 -3.533799e-05 3.208066e-05
 9038.223499 -2.905403e-05 -3.132412e-07 -3.906557e-08 -5.273897e-07 6.281656e-05 1.550018e-04 -3.792991e-05 2.981284e-05
 9039.431300 -2.902007e-05 -3.123153e-07 -3.865645e-08 -5.294251e-07 6.223604e-05 1.451663e-04 -3.788313e-05 4.257100e-05
 9040.651293 -2.898879e-05 -3.124091e-07 -3.826554e-08 -5.309176e-07 5.674180e-05 1.542445e-04 -3.888484e-05 4.681137e-05
 9041.883478 -2.898315e-05 -3.115445e-07 -3.804353e-08 -5.325568e-07 4.786804e-05 1.628153e-04 -3.442850e-05 4.081694e-05
 9043.127855 -2.895510e-05 -3.113170e-07 -3.816301e-08 -5.332754e-07 5.105928e-05 1.728090e-04 -4.365126e-05 4.779651e-05
 9044.384423 -2.892252e-05 -3.093277e-07 -3.790503e-08 -5.339297e-07 5.117992e-05 1.832328e-04 -4.144909e-05 4.555754e-05
 9045.653184 -2.888926e-05 -3.080696e-07 -3.768018e-08 -5.346488e-07 4.412977e-05 1.671782e-04 -4.318570e-05 3.975528e-05
 9046.934136 -2.885090e-05 -3.075148e-07 -3.754544e-08 -5.351598e-07 3.339418e-05 1.606682e-04 -4.453827e-05 5.070961e-05
 9048.227280 -2.884322e-05 -3.070258e-07 -3.702834e-08 -5.368892e-07 3.591479e-05 1.717178e-04 -4.458495e-05 5.062721e-05
 9049.532617 -2.880782e-05 -3.072259e-07 -3.670420e-08 -5.377024e-07 4.615277e-05 1.802367e-04 -4.021277e-05 4.775803e-05
 9050.850145 -2.878317e-05 -3.071800e-07 -3.657717e-08 -5.386796e-07 5.525796e-05 1.729079e-04 -4.427108e-05 4.483701e-05
 9052.179865 -2.870275e-05 -3.089535e-07 -3.675860e-08 -5.378197e-07 6.586171e-05 1.797053e-04 -5.154561e-05 4.494441e-05
 9053.521777 -2.870089e-05 -3.076506e-07 -3.650918e-08 -5.386724e-07 6.689145e-05 1.835608e-04 -4.828227e-05 3.465355e-05
 9054.875881 -2.872789e-05 -3.049263e-07 -3.579124e-08 -5.398032e-07 6.575286e-05 1.847830e-04 -4.763498e-05 7.527132e-05
 9056.242177 -2.869338e-05 -3.046049e-07 -3.575673e-08 -5.387755e-07 6.292521e-05 1.620765e-04 -3.987451e-05 8.169098e-05
 9057.620664 -2.861723e-05 -3.059616e-07 -3.543815e-08 -5.361220e-07 5.262341e-05 1.714795e-04 -4.203188e-05 8.190351e-05
 9059.011344 -2.841099e-05 -3.066938e-07 -3.501699e-08 -5.312945e-07 5.495593e-05 1.632849e-04 -3.769549e-05 7.293056e-05
 9060.414215 -2.828602e-05 -3.076373e-07 -3.454773e-08 -5.282881e-07 6.051358e-05 1.552027e-04 -3.757232e-05 3.788454e-05
 9061.829279 -2.850746e-05 -3.036909e-07 -3.378767e-08 -5.333348e-07 6.335702e-05 1.655622e-04 -3.361787e-05 4.136011e-05
 9063.256534 -2.857565e-05 -3.037358e-07 -3.349976e-08 -5.347329e-07 6.621287e-05 1.300026e-04 -2.312341e-05 2.808768e-05
 9064.695981 -2.857452e-05 -3.026207e-07 -3.299499e-08 -5.344177e-07 7.025166e-05 1.570382e-04 -1.918956e-05 2.049444e-05
 9066.147620 -2.855203e-05 -3.025840e-07 -3.237393e-08 -5.338184e-07 7.344438e-05 1.609697e-04 -2.647442e-05 2.729647e-05
 9067.611452 -2.853570e-05 -3.023653e-07 -3.193996e-08 -5.335381e-07 7.032425e-05 1.634395e-04 -3.448004e-05 2.706922e-05
 9069.087475 -2.850770e-05 -3.024759e-07 -3.161855e-08 -5.334847e-07 6.832266e-05 1.636438e-04 -2.673612e-05 2.422249e-05
 9070.575689 -2.847821e-05 -3.024790e-07 -3.135525e-08 -5.339292e-07 6.018445e-05 1.649805e-04 -3.255016e-05 1.798447e-05
 9072.076096 -2.840024e-05 -3.039482e-07 -3.138962e-08 -5.331191e-07 5.908140e-05 1.667390e-04 -3.374522e-05 2.460799e-05
 9073.588695 -2.837797e-05 -3.026162e-07 -3.150279e-08 -5.341114e-07 5.985121e-05 1.745307e-04 -3.546452e-05 2.727942e-05
 9075.113485 -2.839394e-05 -2.999774e-07 -3.179034e-08 -5.361448e-07 5.835402e-05 1.870437e-04 -4.494002e-05 2.122999e-05
 9076.650468 -2.835359e-05 -3.008777e-07 -3.261517e-08 -5.353748e-07 6.276922e-05 1.847843e-04 -3.931637e-05 2.256756e-05
 9078.199642 -2.834781e-05 -3.009663e-07 -3.339834e-08 -5.358914e-07 6.314058e-05 1.921629e-04 -3.237865e-05 2.469597e-05
 9079.761009 -2.834326e-05 -3.009547e-07 -3.415098e-08 -5.358799e-07 6.096567e-05 1.989439e-04 -3.961080e-05 2.782162e-05
 9081.334567 -2.829159e-05 -3.019652e-07 -3.527208e-08 -5.347271e-07 6.357517e-05 2.189823e-04 -4.308878e-05 2.393997e-05
 9082.920317 -2.819277e-05 -3.018340e-07 -3.604853e-08 -5.329710e-07 6.724741e-05 2.117957e-04 -3.834874e-05 1.998962e-05
 9084.518259 -2.810455e-05 -3.059623e-07 -3.713877e-08 -5.304649e-07 6.511858e-05 2.200987e-04 -3.827670e-05 1.453912e-05
 9086.128393 -2.803733e-05 -3.077919e-07 -3.791841e-08 -5.299329e-07 6.310705e-05 2.329527e-04 -3.131822e-05 1.496390e-05
 9087.750719 -2.804666e-05 -3.076639e-07 -3.816339e-08 -5.314636e-07 6.172341e-05 2.261107e-04 -3.041112e-05 2.415497e-05
 9089.385237 -2.813202e-05 -3.049898e-07 -3.826154e-08 -5.346975e-07 6.524915e-05 1.993397e-04 -3.343166e-05 2.341444e-05
 9091.031946 -2.817866e-05 -3.028933e-07 -3.833380e-08 -5.369195e-07 6.876222e-05 1.942012e-04 -3.103390e-05 2.787687e-05
 9092.690848 -2.812553e-05 -3.039961e-07 -3.918435e-08 -5.358421e-07 6.641719e-05 1.985646e-04 -3.263435e-05 1.417065e-05
 9094.361942 -2.816010e-05 -3.026945e-07 -3.971990e-08 -5.373586e-07 7.143767e-05 1.934648e-04 -2.825271e-05 1.037753e-05
 9096.045227 -2.813201e-05 -3.030948e-07 -4.040122e-08 -5.367989e-07 8.076790e-05 2.030730e-04 -3.250319e-05 1.086641e-05
 9097.740704 -2.804190e-05 -3.060324e-07 -4.128385e-08 -5.340874e-07 8.102818e-05 2.378139e-04 -3.426847e-05 1.061547e-05
 9099.448374 -2.801773e-05 -3.069009e-07 -4.125598e-08 -5.332168e-07 7.594107e-05 2.245698e-04 -2.645052e-05 1.065339e-05
 9101.168235 -2.792766e-05 -3.090629e-07 -4.102090e-08 -5.303960e-07 7.991896e-05 2.006794e-04 -2.282447e-05 1.784078e-05
 9102.900288 -2.773688e-05 -3.123220e-07 -4.092615e-08 -5.249111e-07 8.831932e-05 2.041963e-04 -1.389262e-05 2.141905e-05
 9104.644533 -2.779541e-05 -3.112222e-07 -4.001217e-08 -5.263018e-07 7.942970e-05 2.038999e-04 -2.168578e-05 1.615243e-05
 9106.400970 -2.786971e-05 -3.090304e-07 -3.891535e-08 -5.283550e-07 8.227241e-05 2.211641e-04 -2.421161e-05 1.629148e-05
 9108.169598 -2.790848e-05 -3.059193e-07 -3.767539e-08 -5.295659e-07 7.835376e-05 2.398895e-04 -2.513155e-05 5.041179e-06
 9109.950419 -2.783473e-05 -3.066108e-07 -3.722056e-08 -5.283435e-07 7.914434e-05 2.400685e-04 -1.899852e-05 3.312725e-06
 9111.743432 -2.782529e-05 -3.045484e-07 -3.655747e-08 -5.289635e-07 6.944116e-05 2.270581e-04 -1.698074e-05 1.156526e-05
 9113.548636 -2.781587e-05 -3.046202e-07 -3.643794e-08 -5.294696e-07 5.766538e-05 2.278193e-04 -2.198231e-05 1.695391e-05
 9115.366032 -2.780279e-05 -3.045310e-07 -3.673898e-08 -5.300448e-07 6.065046e-05 2.313862e-04 -2.155613e-05 1.578032e-05
 9117.195621 -2.780068e-05 -3.040506e-07 -3.673194e-08 -5.313168e-07 6.336007e-05 2.063082e-04 -2.977144e-05 2.814495e-05
 9119.037401 -2.783806e-05 -3.014257e-07 -3.627003e-08 -5.334647e-07 6.445530e-05 2.197923e-04 -2.507419e-05 3.166772e-05
 9120.891373 -2.783927e-05 -3.003311e-07 -3.560211e-08 -5.351445e-07 6.214171e-05 2.353947e-04 -2.637799e-05 1.944966e-05
 9122.757537 -2.788232e-05 -2.977524e-07 -3.433597e-08 -5.378854e-07 5.944316e-05 2.480412e-04 -2.088678e-05 2.571607e-05
 9124.635893 -2.787481e-05 -2.973980e-07 -3.316235e-08 -5.391966e-07 5.784625e-05 2.416476e-04 -1.704039e-05 3.458260e-05
 9126.526441 -2.785011e-05 -2.972055e-07 -3.215599e-08 -5.401980e-07 5.606505e-05 2.385325e-04 -3.068209e-05 1.729297e-05
 9128.429181 -2.777986e-05 -2.992943e-07 -3.159862e-08 -5.399117e-07 5.890145e-05 2.205176e-04 -3.003466e-05 1.965101e-05
 9130.344112 -2.766008e-05 -2.996548e-07 -3.118318e-08 -5.388996e-07 6.197866e-05 2.278607e-04 -1.928979e-05 2.296152e-05
 9132.271236 -2.777227e-05 -2.986381e-07 -3.094067e-08 -5.432397e-07 5.862272e-05 2.345275e-04 -1.888982e-05 2.355437e-05
 9134.210552 -2.777451e-05 -2.991454e-07 -3.122710e-08 -5.446876e-07 6.220963e-05 2.229538e-04 -2.847457e-05 3.099407e-05
 9136.162059 -2.774721e-05 -2.976821e-07 -3.140125e-08 -5.456223e-07 5.170248e-05 2.115706e-04 -3.301055e-05 1.126562e-05
 9138.125758 -2.770687e-05 -2.982659e-07 -3.169506e-08 -5.453763e-07 5.065944e-05 2.225637e-04 -2.979942e-05 1.583213e-05
 9140.101649 -2.773822e-05 -2.980244e-07 -3.230588e-08 -5.468882e-07 5.008969e-05 2.226293e-04 -3.588805e-05 9.992277e-06
 9142.089733 -2.772113e-05 -2.989836e-07 -3.312607e-08 -5.470917e-07 4.660688e-05 2.244069e-04 -3.744181e-05 1.177338e-05
 9144.090008 -2.765379e-05 -3.006374e-07 -3.463829e-08 -5.458466e-07 5.569702e-05 2.294100e-04 -3.650432e-05 2.160092e-06
 9146.102475 -2.768417e-05 -2.984232e-07 -3.559367e-08 -5.479899e-07 7.620921e-05 2.367595e-04 -3.221973e-05 -8.526884e-07
 9148.127133 -2.769407e-05 -2.971037e-07 -3.673951e-08 -5.489132e-07 6.720579e-05 2.279183e-04 -4.077598e-05 -8.012889e-07
 9150.163984 -2.767662e-05 -2.980592e-07 -3.834563e-08 -5.488944e-07 5.300203e-05 2.178218e-04 -4.301209e-05 -6.973140e-06
 9152.213027 -2.763984e-05 -2.973051e-07 -3.954924e-08 -5.486588e-07 4.802049e-05 1.923428e-04 -4.304416e-05 -2.154656e-07
 9154.274261 -2.740579e-05 -2.954172e-07 -4.053300e-08 -5.445112e-07 5.538701e-05 1.862347e-04 -4.179589e-05 -6.938704e-06
 9156.347688 -2.721853e-05 -2.935553e-07 -4.122299e-08 -5.414800e-07 6.053516e-05 1.809026e-04 -4.010450e-05 -6.305989e-06
 9158.433306 -2.766926e-05 -2.985568e-07 -4.226368e-08 -5.510139e-07 6.980377e-05 1.920797e-04 -3.849160e-05 7.052186e-06
 9160.531117 -2.765749e-05 -2.996847e-07 -4.233879e-08 -5.512698e-07 6.279246e-05 1.575976e-04 -3.332405e-05 -2.722131e-06
 9162.641119 -2.764680e-05 -2.991368e-07 -4.145384e-08 -5.516308e-07 7.034904e-05 1.336534e-04 -2.278901e-05 -3.579621e-07
 9164.763313 -2.758285e-05 -3.010230e-07 -4.075114e-08 -5.502868e-07 6.985039e-05 1.447584e-04 -2.128854e-05 3.706157e-06
 9166.897699 -2.755695e-05 -2.999668e-07 -3.943941e-08 -5.507156e-07 5.881042e-05 1.721373e-04 -3.109851e-05 5.498827e-06
 9169.044277 -2.735272e-05 -2.943919e-07 -3.766065e-08 -5.481672e-07 6.090274e-05 1.772778e-04 -4.030990e-05 1.646439e-05
 9171.203047 -2.730636e-05 -2.971650e-07 -3.723255e-08 -5.467661e-07 6.459405e-05 1.619609e-04 -3.756837e-05 1.638905e-05
 9173.374008 -2.753671e-05 -3.000661e-07 -3.684380e-08 -5.520148e-07 5.723088e-05 1.542950e-04 -3.887993e-05 1.467651e-05
 9175.557162 -2.757319e-05 -3.035936e-07 -3.706751e-08 -5.526477e-07 6.486411e-05 1.393205e-04 -4.242256e-05 1.621828e-05
 9177.752508 -2.754149e-05 -3.046472e-07 -3.730203e-08 -5.522344e-07 7.612630e-05 1.148394e-04 -2.615170e-05 2.330126e-05
 9179.960045 -2.759392e-05 -3.019895e-07 -3.729683e-08 -5.551058e-07 6.568456e-05 1.088861e-04 -2.722770e-05 1.985606e-05
 9182.179775 -2.762360e-05 -3.005327e-07 -3.748136e-08 -5.571033e-07 7.371083e-05 1.094312e-04 -4.221100e-05 1.506014e-05
 9184.411696 -2.763603e-05 -3.014791e-07 -3.772393e-08 -5.581380e-07 7.674984e-05 1.098297e-04 -3.849567e-05 2.154108e-05
 9186.655809 -2.765012e-05 -3.027326e-07 -3.786840e-08 -5.593597e-07 8.436600e-05 1.135363e-04 -3.218141e-05 1.825591e-05
 9188.912114 -2.766203e-05 -3.035402e-07 -3.815088e-08 -5.604203e-07 7.619607e-05 1.067232e-04 -2.853217e-05 2.399330e-05
 9191.180611 -2.762719e-05 -3.053080e-07 -3.847080e-08 -5.596682e-07 7.032758e-05 1.095048e-04 -2.850176e-05 1.327852e-05
 9193.461300 -2.764836e-05 -3.059388e-07 -3.867989e-08 -5.614227e-07 6.982939e-05 1.089220e-04 -4.029726e-05 1.989635e-05
 9195.754181 -2.766284e-05 -3.047215e-07 -3.858129e-08 -5.631493e-07 6.459336e-05 1.127355e-04 -5.059739e-05 2.710654e-05
 9198.059254 -2.769044e-05 -3.042202e-07 -3.824494e-08 -5.649968e-07 6.342223e-05 1.117678e-04 -4.529894e-05 2.042184e-05
 9200.376518 -2.769810e-05 -3.057795e-07 -3.814100e-08 -5.655773e-07 6.727918e-05 1.222629e-04 -4.196585e-05 8.255438e-06
 9202.705975 -2.771227e-05 -3.070477e-07 -3.768432e-08 -5.666062e-07 7.727916e-05 1.345180e-04 -4.011327e-05 8.826205e-06
 9205.047623 -2.773858e-05 -3.077348e-07 -3.719025e-08 -5.679532e-07 7.969626e-05 1.299454e-04 -4.045386e-05 1.463592e-05
 9207.401464 -2.772597e-05 -3.088830e-07 -3.685613e-08 -5.681799e-07 7.396830e-05 1.203802e-04 -4.847843e-05 1.594282e-05
 9209.767496 -2.764307e-05 -3.136800e-07 -3.728354e-08 -5.659364e-07 7.439823e-05 9.535360e-05 -4.610087e-05 1.207941e-05
 9212.145720 -2.764933e-05 -3.151481e-07 -3.755759e-08 -5.664908e-07 7.775892e-05 8.813732e-05 -3.238406e-05 2.368869e-05
 9214.536136 -2.773830e-05 -3.133119e-07 -3.735116e-08 -5.698137e-07 7.773818e-05 1.066261e-04 -3.490155e-05 2.583438e-05
 9216.938744 -2.780995e-05 -3.112816e-07 -3.734019e-08 -5.727583e-07 7.966351e-05 1.098656e-04 -2.420268e-05 1.784946e-05
 9219.353544 -2.782123e-05 -3.110954e-07 -3.766914e-08 -5.737154e-07 7.468832e-05 8.756770e-05 -2.125927e-05 1.960783e-05
 9221.780536 -2.786634e-05 -3.111930e-07 -3.817976e-08 -5.753304e-07 6.851616e-05 1.077150e-04 -1.814792e-05 2.989960e-05
 9224.219720 -2.789849e-05 -3.124468e-07 -3.919096e-08 -5.761093e-07 7.918092e-05 8.169691e-05 -2.862046e-05 3.026252e-05
 9226.671096 -2.789454e-05 -3.130548e-07 -4.033626e-08 -5.766118e-07 7.648036e-05 7.454798e-05 -3.573596e-05 2.716260e-05
 9229.134663 -2.789470e-05 -3.151026e-07 -4.151956e-08 -5.770763e-07 6.622751e-05 9.731333e-05 -4.692819e-05 1.884456e-05
 9231.610423 -2.789706e-05 -3.159206e-07 -4.228159e-08 -5.775963e-07 7.603371e-05 9.013355e-05 -3.734894e-05 3.263255e-05
 9234.098374 -2.789454e-05 -3.158793e-07 -4.289285e-08 -5.784643e-07 7.816825e-05 7.203310e-05 -2.335319e-05 3.628961e-05
 9236.598517 -2.796552e-05 -3.159497e-07 -4.336778e-08 -5.814279e-07 7.125169e-05 5.467475e-05 -1.357306e-05 2.737738e-05
 9239.110852 -2.799823e-05 -3.172570e-07 -4.388659e-08 -5.832720e-07 7.024476e-05 6.249359e-05 -2.136664e-05 2.145210e-05
 9241.635380 -2.807408e-05 -3.188345e-07 -4.405418e-08 -5.862504e-07 6.490983e-05 7.156967e-05 -3.017270e-05 2.726200e-05
 9244.172099 -2.810288e-05 -3.182717e-07 -4.384264e-08 -5.886691e-07 5.665311e-05 7.556824e-05 -3.603076e-05 2.858398e-05
 9246.721009 -2.807526e-05 -3.189781e-07 -4.392627e-08 -5.885113e-07 6.054161e-05 9.301396e-05 -3.900408e-05 2.770708e-05
 9249.282112 -2.808964e-05 -3.192533e-07 -4.416356e-08 -5.899704e-07 7.456824e-05 1.007852e-04 -2.604890e-05 2.802407e-05
 9251.855407 -2.810529e-05 -3.190412e-07 -4.407619e-08 -5.917498e-07 7.154180e-05 1.068009e-04 -1.623845e-05 3.085134e-05
 9254.440894 -2.814239e-05 -3.199749e-07 -4.390472e-08 -5.938012e-07 6.469544e-05 1.097763e-04 -2.156973e-05 3.455142e-05
 9257.038572 -2.816762e-05 -3.209632e-07 -4.373408e-08 -5.955777e-07 5.455651e-05 1.082484e-04 -2.117075e-05 3.126245e-05
 9259.648443 -2.818276e-05 -3.200495e-07 -4.353174e-08 -5.971530e-07 5.529961e-05 9.490961e-05 -2.351755e-05 3.516011e-05
 9262.270505 -2.816452e-05 -3.217453e-07 -4.362019e-08 -5.972441e-07 6.143782e-05 1.067848e-04 -2.433105e-05 2.329549e-05
 9264.904759 -2.819049e-05 -3.224491e-07 -4.358029e-08 -5.994094e-07 6.232855e-05 9.384379e-05 -3.607812e-05 2.651600e-05
 9267.551205 -2.826525e-05 -3.224374e-07 -4.331352e-08 -6.030691e-07 6.608987e-05 9.303999e-05 -2.073720e-05 3.032393e-05
 9270.209844 -2.830996e-05 -3.239224e-07 -4.324109e-08 -6.050153e-07 6.334574e-05 8.228689e-05 -3.011171e-05 2.092303e-05
 9272.880674 -2.831032e-05 -3.250025e-07 -4.333633e-08 -6.053027e-07 5.724238e-05 7.070270e-05 -2.851637e-05 1.861186e-05
 9275.563696 -2.835826e-05 -3.261753e-07 -4.334646e-08 -6.064534e-07 6.364501e-05 7.032344e-05 -1.892660e-05 1.908267e-05
 9278.258909 -2.840293e-05 -3.251569e-07 -4.303897e-08 -6.085381e-07 5.996188e-05 5.338892e-05 -2.390728e-05 1.296228e-05
 9280.966315 -2.846249e-05 -3.258905e-07 -4.299329e-08 -6.107232e-07 5.721183e-05 3.730660e-05 -2.057307e-05 1.319958e-05
 9283.685913 -2.849872e-05 -3.274937e-07 -4.335778e-08 -6.121437e-07 5.733859e-05 5.651378e-05 -3.016984e-05 1.389188e-05
 9286.417702 -2.851616e-05 -3.272035e-07 -4.339862e-08 -6.135638e-07 5.610666e-05 5.999323e-05 -3.872839e-05 1.558032e-05
 9289.161684 -2.845534e-05 -3.268650e-07 -4.342844e-08 -6.129454e-07 5.812085e-05 5.863707e-05 -3.284906e-05 2.029142e-05
 9291.917857 -2.853795e-05 -3.282656e-07 -4.347495e-08 -6.152283e-07 6.432371e-05 9.997694e-05 -2.876250e-05 1.309502e-05
 9294.686222 -2.861828e-05 -3.299732e-07 -4.336751e-08 -6.178657e-07 7.182252e-05 1.282906e-04 -3.140930e-05 1.696295e-05
 9297.466780 -2.856460e-05 -3.302905e-07 -4.368596e-08 -6.173331e-07 7.045219e-05 1.219069e-04 -2.224338e-05 1.695145e-05
 9300.259529 -2.845599e-05 -3.317764e-07 -4.405886e-08 -6.151641e-07 7.031560e-05 9.459218e-05 -1.497557e-05 2.152184e-05
 9303.064470 -2.869452e-05 -3.343551e-07 -4.465715e-08 -6.217140e-07 6.822889e-05 7.086782e-05 -2.233108e-05 1.116373e-05
 9305.881602 -2.874928e-05 -3.348954e-07 -4.498717e-08 -6.244934e-07 7.643987e-05 7.455566e-05 -3.030497e-05 3.056543e-05
 9308.710927 -2.870568e-05 -3.363660e-07 -4.556003e-08 -6.241115e-07 7.913834e-05 6.856521e-05 -4.351748e-05 1.278666e-05
 9311.552444 -2.881531e-05 -3.377744e-07 -4.636157e-08 -6.279802e-07 7.841882e-05 6.043554e-05 -4.295262e-05 7.476320e-06
 9314.406153 -2.891256e-05 -3.379666e-07 -4.675529e-08 -6.317256e-07 7.133513e-05 7.601935e-05 -2.539563e-05 1.910043e-05
 9317.272053 -2.895922e-05 -3.385621e-07 -4.704603e-08 -6.338084e-07 6.648050e-05 1.220550e-04 -2.450439e-05 4.001174e-05
 9320.150146 -2.901921e-05 -3.404911e-07 -4.743625e-08 -6.361332e-07 6.335310e-05 1.377225e-04 -3.321529e-05 5.357347e-05
 9323.040430 -2.898403e-05 -3.415339e-07 -4.776408e-08 -6.358373e-07 6.448940e-05 1.077373e-04 -3.455053e-05 4.309761e-05
 9325.942906 -2.893235e-05 -3.405329e-07 -4.766281e-08 -6.360073e-07 6.530317e-05 1.013414e-04 -3.377915e-05 4.597657e-05
 9328.857574 -2.913140e-05 -3.433272e-07 -4.832012e-08 -6.412270e-07 6.075560e-05 9.277212e-05 -3.024182e-05 5.052916e-05
 9331.784435 -2.914939e-05 -3.442024e-07 -4.866626e-08 -6.422361e-07 5.439942e-05 1.019866e-04 -1.299265e-05 4.725216e-05
 9334.723487 -2.919416e-05 -3.453013e-07 -4.928596e-08 -6.441712e-07 6.000453e-05 1.043427e-04 -1.995857e-05 4.933975e-05
 9337.674730 -2.925510e-05 -3.474525e-07 -5.003615e-08 -6.461798e-07 5.844080e-05 9.901045e-05 -1.949374e-05 4.061185e-05
 9340.638166 -2.934287e-05 -3.509196e-07 -5.079426e-08 -6.489706e-07 5.953295e-05 1.041511e-04 -1.663521e-05 4.160405e-05
 9343.613794 -2.939402e-05 -3.515687e-07 -5.083947e-08 -6.514586e-07 5.973142e-05 1.269660e-04 -2.893570e-05 4.255303e-05
 9346.601614 -2.946935e-05 -3.528808e-07 -5.117875e-08 -6.545023e-07 5.984418e-05 1.243986e-04 -3.206106e-05 3.782523e-05
 9349.601625 -2.948758e-05 -3.530806e-07 -5.137912e-08 -6.559521e-07 6.407963e-05 1.200364e-04 -3.437288e-05 2.649830e-05
 9352.613829 -2.953964e-05 -3.542735e-07 -5.157625e-08 -6.585192e-07 6.720022e-05 1.228254e-04 -3.305045e-05 3.277422e-05
 9355.638224 -2.958671e-05 -3.563611e-07 -5.189678e-08 -6.606163e-07 6.065325e-05 1.232571e-04 -2.625035e-05 2.424278e-05
 9358.674811 -2.962926e-05 -3.573578e-07 -5.201693e-08 -6.625756e-07 5.653326e-05 1.311051e-04 -2.848895e-05 3.682985e-05
 9361.723590 -2.966741e-05 -3.578976e-07 -5.193244e-08 -6.644531e-07 5.777970e-05 1.465279e-04 -3.496288e-05 3.281121e-05
 9364.784561 -2.964887e-05 -3.592506e-07 -5.195202e-08 -6.644597e-07 6.272806e-05 1.448381e-04 -3.319933e-05 3.115833e-05
 9367.857724 -2.967697e-05 -3.600581e-07 -5.185942e-08 -6.659404e-07 5.677228e-05 1.303843e-04 -3.795665e-05 2.332294e-05
 9370.943079 -2.972404e-05 -3.598749e-07 -5.181990e-08 -6.681199e-07 5.610316e-05 1.280942e-04 -4.678191e-05 2.528022e-05
 9374.040626 -2.979774e-05 -3.618253e-07 -5.207011e-08 -6.709103e-07 5.205213e-05 1.214964e-04 -4.442715e-05 2.725348e-05
 9377.150365 -2.990489e-05 -3.626164e-07 -5.216123e-08 -6.750672e-07 4.818526e-05 1.169799e-04 -3.725143e-05 3.253325e-05
 9380.272295 -2.993678e-05 -3.646445e-07 -5.243015e-08 -6.766188e-07 6.163669e-05 1.190774e-04 -4.024520e-05 2.599116e-05
 9383.406418 -2.991226e-05 -3.668792e-07 -5.293104e-08 -6.761535e-07 6.628372e-05 1.172032e-04 -3.353796e-05 2.786095e-05
 9386.552732 -2.993835e-05 -3.690230e-07 -5.312515e-08 -6.778609e-07 6.816780e-05 1.044825e-04 -3.733540e-05 2.693781e-05
 9389.711239 -2.997651e-05 -3.705700e-07 -5.335404e-08 -6.798444e-07 7.051413e-05 1.129544e-04 -3.665587e-05 3.455777e-05
 9392.881937 -3.012299e-05 -3.702258e-07 -5.330175e-08 -6.859817e-07 6.658034e-05 1.265653e-04 -3.537715e-05 2.217606e-05
 9396.064827 -3.021184e-05 -3.711343e-07 -5.373518e-08 -6.897257e-07 7.670888e-05 1.302735e-04 -4.029751e-05 1.581988e-05
 9399.259909 -3.022454e-05 -3.719553e-07 -5.405791e-08 -6.911417e-07 7.721334e-05 1.192513e-04 -3.690507e-05 3.095569e-05
 9402.467183 -3.025041e-05 -3.729011e-07 -5.443353e-08 -6.930691e-07 7.969032e-05 1.053119e-04 -4.120369e-05 3.734899e-05
 9405.686649 -3.029313e-05 -3.736095e-07 -5.465845e-08 -6.952101e-07 7.255189e-05 1.216876e-04 -3.965704e-05 3.269215e-05
 9408.918307 -3.027203e-05 -3.758336e-07 -5.530922e-08 -6.954607e-07 6.687969e-05 1.457112e-04 -3.387696e-05 3.233937e-05
 9412.162157 -3.030586e-05 -3.776129e-07 -5.579989e-08 -6.973057e-07 7.219174e-05 1.360059e-04 -2.960718e-05 3.460798e-05
 9415.418198 -3.039575e-05 -3.772106e-07 -5.571978e-08 -7.012607e-07 6.459558e-05 1.348711e-04 -2.663374e-05 3.192537e-05
 9418.686432 -3.044200e-05 -3.786585e-07 -5.632257e-08 -7.036788e-07 5.690210e-05 1.451848e-04 -2.860365e-05 2.322830e-05
 9421.966857 -3.039102e-05 -3.799090e-07 -5.681704e-08 -7.036772e-07 5.028975e-05 1.308986e-04 -3.824840e-05 2.368004e-05
 9425.259474 -3.048634e-05 -3.831300e-07 -5.765771e-08 -7.068552e-07 6.018405e-05 1.455657e-04 -4.491970e-05 2.219472e-05
 9428.564284 -3.065893e-05 -3.861153e-07 -5.810287e-08 -7.122720e-07 5.622983e-05 1.710177e-04 -3.145646e-05 2.476319e-05
 9431.881285 -3.069205e-05 -3.879783e-07 -5.845169e-08 -7.142398e-07 5.415086e-05 1.283250e-04 -4.490480e-05 2.686727e-05
 9435.210478 -3.067722e-05 -3.896924e-07 -5.887316e-08 -7.145577e-07 5.999528e-05 1.449317e-04 -5.554840e-05 1.379527e-05
 9438.551863 -3.071934e-05 -3.913386e-07 -5.914679e-08 -7.166349e-07 5.934268e-05 1.649720e-04 -4.732309e-05 1.736804e-05
 9441.905440 -3.079901e-05 -3.917651e-07 -5.930059e-08 -7.201553e-07 6.671145e-05 1.566809e-04 -3.329750e-05 2.165886e-05
 9445.271209 -3.084346e-05 -3.917374e-07 -5.966392e-08 -7.228055e-07 7.438823e-05 1.481340e-04 -2.818178e-05 3.177133e-05
 9448.649169 -3.081923e-05 -3.927692e-07 -6.021625e-08 -7.230411e-07 7.470381e-05 1.495774e-04 -3.005936e-05 3.066437e-05
 9452.039322 -3.083511e-05 -3.935558e-07 -6.067109e-08 -7.244295e-07 7.333212e-05 1.582319e-04 -3.746536e-05 3.067772e-05
 9455.441666 -3.090659e-05 -3.945128e-07 -6.078257e-08 -7.278857e-07 7.801106e-05 1.560683e-04 -2.987873e-05 3.425487e-05
 9458.856203 -3.093355e-05 -3.954171e-07 -6.118141e-08 -7.297439e-07 7.679387e-05 1.604985e-04 -2.636293e-05 2.971462e-05
 9462.282931 -3.097072e-05 -3.975590e-07 -6.163791e-08 -7.316402e-07 7.636688e-05 1.637529e-04 -3.622208e-05 2.910541e-05
 9465.721851 -3.098767e-05 -3.986012e-07 -6.167918e-08 -7.334272e-07 8.364498e-05 1.575592e-04 -3.316860e-05 2.987642e-05
 9469.172964 -3.105040e-05 -4.000422e-07 -6.210966e-08 -7.361104e-07 9.340913e-05 1.709370e-04 -2.719350e-05 2.937554e-05
 9472.636268 -3.107152e-05 -4.031035e-07 -6.292429e-08 -7.375572e-07 9.703784e-05 1.895538e-04 -2.591964e-05 3.050279e-05
 9476.111764 -3.103308e-05 -4.082086e-07 -6.383522e-08 -7.365907e-07 9.020802e-05 1.756897e-04 -3.301797e-05 6.261792e-05
 9479.599451 -3.110431e-05 -4.091266e-07 -6.378713e-08 -7.397938e-07 8.078932e-05 1.810121e-04 -2.825276e-05 7.867732e-05
 9483.099331 -3.122855e-05 -4.091284e-07 -6.381120e-08 -7.452401e-07 8.135785e-05 1.949976e-04 -3.466602e-05 7.518839e-05
 9486.611403 -3.121398e-05 -4.116442e-07 -6.418532e-08 -7.451312e-07 8.000456e-05 1.853795e-04 -3.807731e-05 6.418338e-05
 9490.135666 -3.118366e-05 -4.151742e-07 -6.477235e-08 -7.448747e-07 7.628985e-05 1.929983e-04 -3.654562e-05 5.648340e-05
 9493.672122 -3.128120e-05 -4.161491e-07 -6.515513e-08 -7.488916e-07 8.513290e-05 1.715243e-04 -3.451123e-05 4.083610e-05
 9497.220769 -3.136691e-05 -4.157546e-07 -6.528698e-08 -7.528894e-07 7.938513e-05 1.946583e-04 -3.904136e-05 2.653930e-05
 9500.781609 -3.131508e-05 -4.174197e-07 -6.543385e-08 -7.527775e-07 7.683159e-05 2.061084e-04 -4.988694e-05 2.871089e-05
 9504.354640 -3.131011e-05 -4.188510e-07 -6.554324e-08 -7.544332e-07 8.258464e-05 1.929206e-04 -3.784851e-05 2.583139e-05
 9507.939863 -3.148224e-05 -4.235273e-07 -6.631228e-08 -7.590471e-07 7.962910e-05 2.370890e-04 -3.944881e-05 2.170775e-05
 9511.537278 -3.146060e-05 -4.256921e-07 -6.682261e-08 -7.593020e-07 8.525279e-05 1.978949e-04 -2.841069e-05 2.330469e-05
 9515.146885 -3.129423e-05 -4.296742e-07 -6.776560e-08 -7.555211e-07 6.630575e-05 1.989070e-04 -2.661683e-05 2.928968e-05
 9518.768684 -3.134978e-05 -4.306784e-07 -6.810429e-08 -7.581475e-07 6.810317e-05 2.410355e-04 -3.275905e-05 2.276275e-05
 9522.402675 -3.157655e-05 -4.292461e-07 -6.793071e-08 -7.661593e-07 7.452631e-05 2.446330e-04 -3.958522e-05 2.479605e-05
 9526.048857 -3.157498e-05 -4.305102e-07 -6.835773e-08 -7.670415e-07 7.768542e-05 2.358526e-04 -2.825733e-05 2.568227e-05
 9529.707232 -3.150861e-05 -4.346278e-07 -6.944140e-08 -7.658444e-07 7.354189e-05 2.295902e-04 -1.767984e-05 2.211357e-05
 9533.377799 -3.143199e-05 -4.387339e-07 -7.036206e-08 -7.643145e-07 6.445520e-05 2.276482e-04 -2.433740e-05 2.655255e-05
 9537.060557 -3.154431e-05 -4.382645e-07 -7.042732e-08 -7.694416e-07 6.688966e-05 2.187816e-04 -2.232777e-05 2.959992e-05
 9540.755507 -3.153459e-05 -4.366000e-07 -7.029879e-08 -7.717122e-07 7.809538e-05 1.999880e-04 -1.921269e-05 3.248102e-05
 9544.462650 -3.183195e-05 -4.406530e-07 -7.122934e-08 -7.807421e-07 8.599142e-05 2.197078e-04 -2.246869e-05 4.183749e-05
 9548.181984 -3.186277e-05 -4.418151e-07 -7.146751e-08 -7.830790e-07 8.219469e-05 2.361196e-04 -1.982693e-05 4.168211e-05
 9551.913510 -3.189255e-05 -4.418665e-07 -7.157554e-08 -7.855316e-07 8.486757e-05 2.459390e-04 -2.420552e-05 3.580390e-05
 9555.657228 -3.190593e-05 -4.436008e-07 -7.217615e-08 -7.874614e-07 8.487765e-05 2.260972e-04 -3.218130e-05 3.191958e-05
 9559.413138 -3.189199e-05 -4.469058e-07 -7.293980e-08 -7.883453e-07 8.731788e-05 1.991478e-04 -3.398661e-05 4.005667e-05
 9563.181239 -3.191983e-05 -4.476099e-07 -7.324407e-08 -7.907912e-07 8.507344e-05 1.796665e-04 -2.044226e-05 4.869895e-05
 9566.961533 -3.198027e-05 -4.495350e-07 -7.380770e-08 -7.936141e-07 8.005063e-05 1.864884e-04 -1.499638e-05 5.687740e-05
 9570.754019 -3.197200e-05 -4.510820e-07 -7.401558e-08 -7.946760e-07 7.984607e-05 1.992483e-04 -1.088686e-05 5.067029e-05
 9574.558696 -3.204893e-05 -4.548344e-07 -7.468867e-08 -7.980311e-07 9.335688e-05 2.021063e-04 -1.897424e-05 5.853362e-05
 9578.375565 -3.201811e-05 -4.586267e-07 -7.558070e-08 -7.980914e-07 8.857472e-05 1.992458e-04 -2.278700e-05 5.692439e-05
 9582.204627 -3.197367e-05 -4.617874e-07 -7.645666e-08 -7.980873e-07 7.863097e-05 1.999509e-04 -1.330256e-05 5.992051e-05
 9586.045880 -3.213199e-05 -4.612943e-07 -7.625933e-08 -8.054163e-07 7.843186e-05 1.760793e-04 -1.266958e-05 5.484363e-05
 9589.899325 -3.206491e-05 -4.647996e-07 -7.720985e-08 -8.046558e-07 7.850190e-05 1.402923e-04 -2.597088e-05 4.982342e-05
 9593.764962 -3.212178e-05 -4.664901e-07 -7.759464e-08 -8.085830e-07 7.654480e-05 1.444444e-04 -2.536198e-05 5.073256e-05
 9597.642791 -3.216157e-05 -4.681327e-07 -7.799891e-08 -8.116997e-07 7.016556e-05 1.579274e-04 -3.350026e-05 5.416416e-05
 9601.532812 -3.220676e-05 -4.689458e-07 -7.835924e-08 -8.149594e-07 7.614340e-05 1.612892e-04 -3.708649e-05 4.175665e-05
 9605.435025 -3.219053e-05 -4.708252e-07 -7.885783e-08 -8.156931e-07 8.071963e-05 1.630796e-04 -3.533660e-05 4.287016e-05
 9609.349429 -3.212120e-05 -4.759168e-07 -7.992542e-08 -8.141294e-07 8.203040e-05 1.658455e-04 -3.794745e-05 4.583691e-05
 9613.276026 -3.222482e-05 -4.771153e-07 -8.027551e-08 -8.191748e-07 8.109140e-05 1.596776e-04 -4.903580e-05 3.501167e-05
 9617.214814 -3.227587e-05 -4.783900e-07 -8.045099e-08 -8.225649e-07 8.295416e-05 1.623632e-04 -4.726703e-05 3.794905e-05
 9621.165795 -3.222772e-05 -4.814404e-07 -8.099924e-08 -8.221703e-07 7.418591e-05 1.509044e-04 -4.641134e-05 4.315974e-05
 9625.128967 -3.234344e-05 -4.831898e-07 -8.168227e-08 -8.275558e-07 7.471072e-05 1.340467e-04 -3.925225e-05 4.160786e-05
 9629.104331 -3.238511e-05 -4.850458e-07 -8.210976e-08 -8.304483e-07 7.978761e-05 1.329605e-04 -3.891358e-05 3.134515e-05
 9633.091888 -3.236286e-05 -4.864492e-07 -8.237395e-08 -8.315628e-07 8.885943e-05 1.238586e-04 -3.418443e-05 3.152453e-05
 9637.091636 -3.235611e-05 -4.913860e-07 -8.337118e-08 -8.320359e-07 7.665163e-05 1.284397e-04 -3.880210e-05 3.957207e-05
 9641.103575 -3.228764e-05 -4.946638e-07 -8.415692e-08 -8.307042e-07 7.504750e-05 1.288474e-04 -5.684757e-05 4.119064e-05
 9645.127707 -3.242003e-05 -4.934239e-07 -8.407043e-08 -8.371759e-07 7.898223e-05 1.260827e-04 -4.794903e-05 3.553429e-05
 9649.164031 -3.241880e-05 -4.968439e-07 -8.498879e-08 -8.387077e-07 8.461687e-05 1.054774e-04 -4.484844e-05 3.855698e-05
 9653.212547 -3.234021e-05 -5.010091e-07 -8.594286e-08 -8.375793e-07 8.159656e-05 1.094714e-04 -4.694239e-05 4.621469e-05
 9657.273254 -3.244988e-05 -5.008506e-07 -8.618499e-08 -8.434184e-07 8.590049e-05 8.941811e-05 -4.664872e-05 4.161207e-05
 9661.346154 -3.247260e-05 -5.019476e-07 -8.647091e-08 -8.463591e-07 8.735360e-05 7.336935e-05 -4.304663e-05 4.810077e-05
 9665.431245 -3.240551e-05 -5.026593e-07 -8.691694e-08 -8.468816e-07 7.927617e-05 7.034775e-05 -3.228368e-05 4.714134e-05
 9669.528529 -3.235222e-05 -5.073612e-07 -8.805680e-08 -8.458241e-07 7.477281e-05 8.909781e-05 -3.689255e-05 3.900761e-05
 9673.638004 -3.221978e-05 -5.112270e-07 -8.893327e-08 -8.427350e-07 8.132348e-05 1.016564e-04 -4.309574e-05 3.269497e-05
 9677.759671 -3.234889e-05 -5.108584e-07 -8.877151e-08 -8.491152e-07 7.966103e-05 9.402329e-05 -3.624307e-05 3.206640e-05
 9681.893530 -3.241368e-05 -5.103682e-07 -8.878809e-08 -8.536818e-07 6.776493e-05 9.118381e-05 -3.614169e-05 3.779773e-05
 9686.039581 -3.247045e-05 -5.124176e-07 -8.943151e-08 -8.572043e-07 7.288535e-05 9.782834e-05 -3.725441e-05 4.502947e-05
 9690.197824 -3.248144e-05 -5.139892e-07 -9.017455e-08 -8.593386e-07 8.035912e-05 1.076838e-04 -3.669337e-05 4.274079e-05
 9694.368258 -3.240633e-05 -5.170413e-07 -9.097982e-08 -8.581837e-07 8.634659e-05 1.125911e-04 -4.207463e-05 3.973703e-05
 9698.550885 -3.239555e-05 -5.188710e-07 -9.150535e-08 -8.593580e-07 9.089403e-05 1.277354e-04 -4.396477e-05 3.919352e-05
 9702.745704 -3.240148e-05 -5.194876e-07 -9.169441e-08 -8.615667e-07 8.294463e-05 1.244203e-04 -4.534589e-05 3.796296e-05
 9706.952714 -3.240425e-05 -5.186065e-07 -9.169009e-08 -8.635726e-07 7.103400e-05 1.173730e-04 -4.618090e-05 4.078147e-05
 9711.171916 -3.227210e-05 -5.217758e-07 -9.278138e-08 -8.602978e-07 7.209939e-05 1.165049e-04 -4.669634e-05 2.572666e-05
 9715.403311 -3.231138e-05 -5.258456e-07 -9.372352e-08 -8.627463e-07 8.312640e-05 1.245849e-04 -2.994503e-05 1.955739e-05
 9719.646897 -3.242463e-05 -5.246282e-07 -9.359571e-08 -8.692278e-07 8.311110e-05 1.177214e-04 -4.112984e-05 2.544419e-05
 9723.902675 -3.243096e-05 -5.255263e-07 -9.387790e-08 -8.718060e-07 8.358047e-05 1.147330e-04 -4.757291e-05 2.308642e-05
 9728.170645 -3.223888e-05 -5.295390e-07 -9.477378e-08 -8.668614e-07 8.556326e-05 9.826889e-05 -5.197855e-05 2.603536e-05
 9732.450807 -3.231060e-05 -5.304164e-07 -9.531237e-08 -8.713873e-07 8.913814e-05 8.768123e-05 -4.448511e-05 1.579822e-05
 9736.743161 -3.238771e-05 -5.300039e-07 -9.525427e-08 -8.764959e-07 9.240746e-05 1.018245e-04 -3.933149e-05 2.573687e-05
 9741.047707 -3.242323e-05 -5.325406e-07 -9.592166e-08 -8.795336e-07 8.597546e-05 1.242652e-04 -4.102878e-05 3.630418e-05
 9745.364444 -3.237981e-05 -5.364884e-07 -9.692398e-08 -8.797447e-07 7.237678e-05 1.142706e-04 -4.248934e-05 3.600968e-05
 9749.693374 -3.234136e-05 -5.391362e-07 -9.780113e-08 -8.801798e-07 6.845964e-05 9.128993e-05 -3.709602e-05 3.055379e-05
 9754.034495 -3.243323e-05 -5.389254e-07 -9.798530e-08 -8.860918e-07 7.554530e-05 8.030867e-05 -3.200791e-05 2.105787e-05
 9758.387809 -3.237300e-05 -5.405234e-07 -9.846292e-08 -8.856783e-07 7.289379e-05 9.322708e-05 -3.314496e-05 2.471527e-05
 9762.753314 -3.236653e-05 -5.411704e-07 -9.851655e-08 -8.872815e-07 7.055780e-05 1.021190e-04 -3.965216e-05 2.090171e-05
 9767.131011 -3.235511e-05 -5.428688e-07 -9.892375e-08 -8.882759e-07 8.205705e-05 1.062078e-04 -4.378212e-05 2.732151e-05
 9771.520900 -3.229064e-05 -5.458668e-07 -9.973866e-08 -8.873991e-07 8.178469e-05 6.817207e-05 -5.007201e-05 3.063460e-05
 9775.922981 -3.232450e-05 -5.469714e-07 -1.001879e-07 -8.912104e-07 8.474465e-05 9.656179e-05 -5.252752e-05 3.309535e-05
 9780.337254 -3.219371e-05 -5.469966e-07 -1.004630e-07 -8.895170e-07 8.893209e-05 1.019035e-04 -5.752501e-05 3.241266e-05
 9784.763719 -3.222391e-05 -5.497742e-07 -1.012607e-07 -8.925132e-07 8.012514e-05 9.034469e-05 -4.381075e-05 2.995507e-05
 9789.202376 -3.222397e-05 -5.521088e-07 -1.018952e-07 -8.942148e-07 8.267072e-05 9.998778e-05 -4.235804e-05 2.279103e-05
 9793.653224 -3.208625e-05 -5.511951e-07 -1.020554e-07 -8.930984e-07 8.566494e-05 1.137088e-04 -3.954348e-05 1.876925e-05
 9798.116265 -3.219964e-05 -5.555596e-07 -1.030496e-07 -8.981471e-07 8.902946e-05 1.225598e-04 -3.585619e-05 1.993707e-05
 9802.591497 -3.224401e-05 -5.571161e-07 -1.033762e-07 -9.018182e-07 8.486656e-05 1.257897e-04 -4.401656e-05 3.930011e-05
 9807.078922 -3.219957e-05 -5.593549e-07 -1.038930e-07 -9.021779e-07 7.879747e-05 1.165166e-04 -4.797948e-05 4.260187e-05
 9811.578538 -3.221001e-05 -5.611383e-07 -1.046981e-07 -9.049652e-07 6.964738e-05 1.216736e-04 -4.687136e-05 3.520401e-05
 9816.090346 -3.206131e-05 -5.648068e-07 -1.057708e-07 -9.017218e-07 5.741497e-05 1.326032e-04 -5.291813e-05 2.787464e-05
 9820.614346 -3.207243e-05 -5.659355e-07 -1.060109e-07 -9.044066e-07 5.979375e-05 1.370855e-04 -6.478152e-05 2.623745e-05
 9825.150538 -3.207179e-05 -5.660251e-07 -1.063539e-07 -9.071843e-07 6.862206e-05 1.176414e-04 -4.901022e-05 1.891096e-05
 9829.698922 -3.187807e-05 -5.646361e-07 -1.063100e-07 -9.048094e-07 6.532897e-05 1.099633e-04 -6.293445e-05 1.675318e-05
 9834.259498 -3.197045e-05 -5.686324e-07 -1.073819e-07 -9.090256e-07 5.624645e-05 1.196230e-04 -5.819404e-05 1.102123e-05
 9838.832266 -3.200795e-05 -5.737963e-07 -1.085318e-07 -9.113258e-07 5.732616e-05 1.192837e-04 -3.466271e-05 2.697674e-05
 9843.417226 -3.208755e-05 -5.784597e-07 -1.096930e-07 -9.155056e-07 6.428548e-05 1.276269e-04 -4.671660e-05 2.220286e-05
 9848.014377 -3.210240e-05 -5.806010e-07 -1.103103e-07 -9.187875e-07 7.716611e-05 1.471336e-04 -4.574541e-05 1.536089e-05
 9852.623721 -3.208190e-05 -5.831891e-07 -1.108992e-07 -9.203872e-07 8.379847e-05 1.633119e-04 -4.279078e-05 2.857707e-05
 9857.245256 -3.202142e-05 -5.863614e-07 -1.121177e-07 -9.200088e-07 8.745865e-05 1.617301e-04 -3.866330e-05 4.615762e-05
 9861.878983 -3.198783e-05 -5.874954e-07 -1.125626e-07 -9.210373e-07 8.224994e-05 1.768783e-04 -4.444104e-05 6.880136e-05
 9866.524902 -3.188666e-05 -5.905850e-07 -1.134589e-07 -9.192126e-07 8.094623e-05 1.702013e-04 -3.584653e-05 7.629477e-05
 9871.183013 -3.195865e-05 -5.903560e-07 -1.135581e-07 -9.249125e-07 7.771641e-05 1.659932e-04 -3.558330e-05 7.819687e-05
 9875.853316 -3.183571e-05 -5.928780e-07 -1.143051e-07 -9.229654e-07 7.407906e-05 1.668019e-04 -3.654839e-05 6.785067e-05
 9880.535811 -3.188729e-05 -5.943518e-07 -1.149344e-07 -9.277514e-07 7.203441e-05 1.547909e-04 -4.897574e-05 6.290303e-05
 9885.230498 -3.187000e-05 -5.970309e-07 -1.155710e-07 -9.301410e-07 7.647030e-05 1.568540e-04 -4.976283e-05 7.042239e-05
 9889.937377 -3.189952e-05 -5.994388e-07 -1.164378e-07 -9.333432e-07 7.577985e-05 1.579124e-04 -5.454021e-05 6.477279e-05
 9894.656448 -3.187865e-05 -6.027309e-07 -1.172313e-07 -9.336372e-07 7.040117e-05 1.519381e-04 -5.222346e-05 6.585531e-05
 9899.387710 -3.186746e-05 -6.056975e-07 -1.179590e-07 -9.352703e-07 6.804366e-05 1.218471e-04 -5.243601e-05 6.803081e-05
 9904.131165 -3.182667e-05 -6.082394e-07 -1.187766e-07 -9.356500e-07 6.829089e-05 1.131158e-04 -4.500842e-05 7.165456e-05
 9908.886811 -3.173988e-05 -6.094890e-07 -1.194584e-07 -9.349186e-07 7.741723e-05 1.191436e-04 -4.957877e-05 3.949294e-05
 9913.654649 -3.176836e-05 -6.119788e-07 -1.200713e-07 -9.388028e-07 7.251225e-05 1.325578e-04 -4.649227e-05 2.172625e-05
 9918.434679 -3.175947e-05 -6.152202e-07 -1.208207e-07 -9.411531e-07 6.885828e-05 1.241274e-04 -3.287409e-05 2.550602e-05
 9923.226901 -3.166164e-05 -6.184349e-07 -1.217594e-07 -9.396807e-07 6.909100e-05 1.331485e-04 -3.666871e-05 2.489930e-05
 9928.031315 -3.159817e-05 -6.203038e-07 -1.225621e-07 -9.396709e-07 7.056566e-05 1.313679e-04 -4.058617e-05 1.867063e-05
 9932.847921 -3.163751e-05 -6.206667e-07 -1.229084e-07 -9.445543e-07 7.253230e-05 1.028803e-04 -4.032553e-05 2.884141e-05
 9937.676719 -3.151692e-05 -6.198772e-07 -1.229290e-07 -9.444897e-07 8.120609e-05 1.242661e-04 -4.573333e-05 3.186501e-05
 9942.517709 -3.140367e-05 -6.220817e-07 -1.235608e-07 -9.424308e-07 7.152852e-05 1.023702e-04 -3.332149e-05 3.773083e-05
 9947.370891 -3.144715e-05 -6.245035e-07 -1.243234e-07 -9.459021e-07 5.458782e-05 9.618567e-05 -3.149483e-05 1.691870e-05
 9952.236264 -3.151804e-05 -6.307628e-07 -1.258475e-07 -9.487765e-07 5.281822e-05 1.153150e-04 -3.993215e-05 1.363644e-05
