# Facility.name: NSLS-II
# Facility.mode: Beam available
# Facility.current: 399.0469627451046
# Facility.current: 3 GeV
# Facility.year: 2023
# Facility.cycle: 2
# Facility.GUP: 312970
# Facility.SAF: 311402
# Experimenter.name: Esteban Fornero
# Beamline.name: ISS (8-ID)
# Beamline.x-ray_source: damping wiggler
# Beamline.collimation_mirror1.material: Si
# Beamline.collimation_mirror2.material: Pt
# Beamline.collimation_mirror2.bender_loading: -348.0
# Beamline.focusing: toroidal mirror
# Beamline.focusing.material: Pt
# Beamline.focusing.bender_loading: -419.0
# Beamline.harmonic_rejection: Si
# Mono.scan_mode: Si(111)
# Mono.d_spacing: 3.1354951
# Mono.scan_mode: pseudo-channel cut
# Mono.scan_type: fly_scan
# Mono.trajectory_name: 0f397ba2-1519.txt
# Mono.direction: None
# Mono.angle_offset: 0.69366577
# Mono.angle_offset: 39.744 deg
# Mono.encoder_resolution: 48.0 nrad
# Detector.I0: ion chamber
# Detector.I1: ion chamber
# Detector.I2: ion chamber
# Detector.IF: PIPS
# Detector.I0.length: 15 cm
# Detector.I1.length: 28 cm
# Detector.I2.length: 15 cm
# Detector.IF.thickness: 300 um
# Detector.I0.gas.N2: 38.0%
# Detector.I1.gas.N2: 38.0%
# Detector.I2.gas.N2: 38.0%
# Detector.I0.gas.He: 62.0%
# Detector.I1.gas.He: 62.0%
# Detector.I2.gas.He: 62.0%
# Detector.I0.voltage: -1650.00293
# Detector.I1.voltage: -1650.001709
# Detector.I2.voltage: -1650.00061
# Detector.I0.gain: 4
# Detector.I1.gain: 6
# Detector.I2.gain: 6
# Detector.IF.gain: 6
# Detector.aux: {}
# Element.symbol: Ga
# Element.edge: K
# Element.line: None
# Scan.transient_id: 370937
# Scan.uid: 9982d4f2-cd2a-4a68-beb3-e5a775402648
# Scan.edge_energy: 10367.0
# Scan.start_time: 06/23/2023  03:23:48.521819
# Scan.end_time: 06/23/2023  03:24:22.470286
# Scan.name: CuGaO2-4th H2-ramp (pos 001) Ga-K 0001
# Scan.comment: 
# Sample.name: CuGaO2-4th
# Sample.comment: 
# Sample.position.x: -66.4779948865
# Sample.position.y: 30.524027769499998
# Sample.position.z: -10.184937499999995
# Sample.position.theta: 845.5790000000001
# SampleHeater.temperature1.setpoint: 300.0
# SampleHeater.temperature1.readback: 1372.0
# SampleHeater.current.setpoint: 0.0
# SampleHeater.current.readback: 0.0
# SampleHeater.temperature2.setpoint: 72.0496835421081
# SampleHeater.temperature2.readback: 73.8
# SampleHeater.voltage.setpoint: 0.2535160895146767
# SampleHeater.voltage.readback: 0.253
# SampleHeater.PID.P: 0.025
# SampleHeater.PID.I: 0.07
# SampleHeater.PID.D: 0.0
# SampleGasCart.MFC.CH4.setpoint: 0.0
# SampleGasCart.MFC.CH4.readback: 0.0
# SampleGasCart.MFC.CO.setpoint: 0.0
# SampleGasCart.MFC.CO.readback: 0.0
# SampleGasCart.MFC.H2.setpoint: 10.0
# SampleGasCart.MFC.H2.readback: 10.012
# SampleGasCart.MFC.exhaust.setpoint: 100.0
# SampleGasCart.MFC.exhaust.readback: 9.99
# SampleGasHandlingSystem.gas_a.name: None
# SampleGasHandlingSystem.gas_b.name: None
# SampleGasHandlingSystem.gas_c.name: None
# SampleGasHandlingSystem.gas_d.name: None
# SampleGasHandlingSystem.gas_e.name: He
# SampleGasHandlingSystem.MFC1.setpoint: 0.0
# SampleGasHandlingSystem.MFC1.readback: -0.146484375
# SampleGasHandlingSystem.MFC2.setpoint: 0.0
# SampleGasHandlingSystem.MFC2.readback: -0.0935872420668602
# SampleGasHandlingSystem.MFC3.setpoint: 0.0
# SampleGasHandlingSystem.MFC3.readback: 0.02034505270421505
# SampleGasHandlingSystem.MFC4.setpoint: 0.0
# SampleGasHandlingSystem.MFC4.readback: -0.08544921875
# SampleGasHandlingSystem.MFC5.setpoint: 0.0
# SampleGasHandlingSystem.MFC5.readback: -0.008138020522892475
# SampleGasHandlingSystem.MFC6.setpoint: 0.0
# SampleGasHandlingSystem.MFC6.readback: -0.0325520820915699
# SampleGasHandlingSystem.MFC7.setpoint: 0.0
# SampleGasHandlingSystem.MFC7.readback: -0.0244140625
# SampleGasHandlingSystem.MFC8.setpoint: 0.0
# SampleGasHandlingSystem.MFC8.readback: -0.0651041641831398
# SampleGasHandlingSystem.MFC9.setpoint: 0.0
# SampleGasHandlingSystem.MFC9.readback: -0.0406901054084301
# SampleGasHandlingSystem.MFC10.setpoint: 0.0
# SampleGasHandlingSystem.MFC10.readback: 0.01220703125
# SampleGasHandlingSystem.MFC11.setpoint: 0.0
# SampleGasHandlingSystem.MFC11.readback: -0.0813802108168602
# SampleGasHandlingSystem.MFC12.setpoint: 0.0
# SampleGasHandlingSystem.MFC12.readback: -0.0406901054084301
# SampleGasHandlingSystem.MFC13.setpoint: 0.0
# SampleGasHandlingSystem.MFC13.readback: -0.0447591133415699
# SampleGasHandlingSystem.MFC14.setpoint: 0.0
# SampleGasHandlingSystem.MFC14.readback: -0.0569661445915699
# SampleGasHandlingSystem.MFC15.setpoint: 0.0
# SampleGasHandlingSystem.MFC15.readback: -0.09765625
# SampleGasHandlingSystem.MFC16.setpoint: 0.0
# SampleGasHandlingSystem.MFC16.readback: -0.02848307229578495
# SampleGasHandlingSystem.RGA.ch1.mass: 2
# SampleGasHandlingSystem.RGA.ch1.readback: 1.07594e-06
# SampleGasHandlingSystem.RGA.ch2.mass: 4
# SampleGasHandlingSystem.RGA.ch2.readback: 0.0
# SampleGasHandlingSystem.RGA.ch3.mass: 5
# SampleGasHandlingSystem.RGA.ch3.readback: 7.81276e-12
# SampleGasHandlingSystem.RGA.ch4.mass: 5
# SampleGasHandlingSystem.RGA.ch4.readback: 4.78717e-10
# SampleGasHandlingSystem.RGA.ch5.mass: 18
# SampleGasHandlingSystem.RGA.ch5.readback: 2.18695e-09
# SampleGasHandlingSystem.RGA.ch6.mass: 28
# SampleGasHandlingSystem.RGA.ch6.readback: 1.4534e-08
# SampleGasHandlingSystem.RGA.ch7.mass: 32
# SampleGasHandlingSystem.RGA.ch7.readback: 3.07315e-09
# SampleGasHandlingSystem.RGA.ch8.mass: 41
# SampleGasHandlingSystem.RGA.ch8.readback: 1.11477e-11
# SampleGasHandlingSystem.RGA.ch9.mass: 44
# SampleGasHandlingSystem.RGA.ch9.readback: 2.07863e-10
# energy  i0  it  ir  iff  aux1  aux2  aux3  aux4
10167.000000 -3.000283e-05 -6.909856e-07 -2.020347e-07 -1.001460e-06 9.837317e-05 6.558335e-04 -6.143030e-05 9.477034e-05
10172.000000 -2.987598e-05 -6.868114e-07 -1.999242e-07 -9.992710e-07 9.942093e-05 6.506120e-04 -6.883365e-05 1.009136e-04
10177.000000 -2.981566e-05 -6.893927e-07 -1.986857e-07 -9.989074e-07 1.045854e-04 6.543539e-04 -7.274656e-05 1.042524e-04
10182.000000 -2.972830e-05 -6.908320e-07 -1.953561e-07 -9.985190e-07 1.026591e-04 6.582179e-04 -6.715030e-05 1.001564e-04
10187.000000 -2.970717e-05 -6.916850e-07 -1.884764e-07 -1.000594e-06 1.109255e-04 6.461878e-04 -6.495642e-05 9.713197e-05
10192.000000 -2.980383e-05 -6.963711e-07 -1.732407e-07 -1.006685e-06 9.935341e-05 6.371021e-04 -6.403605e-05 9.552751e-05
10197.000000 -2.982589e-05 -6.993042e-07 -1.274805e-07 -1.010078e-06 9.704125e-05 6.659900e-04 -5.863319e-05 9.625425e-05
10202.000000 -2.979368e-05 -7.009279e-07 -4.047403e-08 -1.011642e-06 9.780661e-05 6.567204e-04 -4.901762e-05 9.812439e-05
10207.000000 -2.974437e-05 -7.024141e-07 -1.724733e-08 -1.012414e-06 9.658143e-05 6.339122e-04 -5.120914e-05 1.072601e-04
10212.000000 -2.971910e-05 -7.026269e-07 -3.522220e-08 -1.013962e-06 9.542079e-05 6.381093e-04 -6.210484e-05 1.080657e-04
10217.000000 -2.962966e-05 -7.021161e-07 -4.529947e-08 -1.013154e-06 1.006617e-04 6.434428e-04 -6.526470e-05 9.894231e-05
10222.000000 -2.959902e-05 -7.047594e-07 -5.318125e-08 -1.014633e-06 1.014190e-04 6.360375e-04 -5.471423e-05 9.336683e-05
10227.000000 -2.953492e-05 -7.063521e-07 -5.860200e-08 -1.014538e-06 1.000705e-04 6.568547e-04 -5.862782e-05 9.175526e-05
10232.000000 -2.938620e-05 -7.066379e-07 -6.096055e-08 -1.011174e-06 9.234135e-05 6.424896e-04 -6.056549e-05 8.631310e-05
10237.000000 -2.945732e-05 -7.099500e-07 -6.244716e-08 -1.017192e-06 9.338902e-05 6.406726e-04 -5.459693e-05 7.901773e-05
10242.000000 -2.940334e-05 -7.119410e-07 -6.380475e-08 -1.017586e-06 1.005679e-04 6.426945e-04 -4.421584e-05 8.547758e-05
10247.000000 -2.933659e-05 -7.134501e-07 -6.632949e-08 -1.017853e-06 9.626243e-05 6.426010e-04 -4.204461e-05 9.281263e-05
10252.000000 -2.936585e-05 -7.171200e-07 -6.594065e-08 -1.021850e-06 9.041160e-05 6.252126e-04 -4.758442e-05 8.946644e-05
10257.000000 -2.932954e-05 -7.203908e-07 -6.367942e-08 -1.023615e-06 8.887949e-05 6.325273e-04 -5.705422e-05 8.703046e-05
10262.000000 -2.929371e-05 -7.234728e-07 -6.343832e-08 -1.025455e-06 8.617567e-05 6.586108e-04 -4.926207e-05 8.463377e-05
10267.000000 -2.929149e-05 -7.269193e-07 -6.490848e-08 -1.027692e-06 8.062791e-05 6.780683e-04 -3.784758e-05 7.899306e-05
10272.000000 -2.929464e-05 -7.299569e-07 -6.591117e-08 -1.030615e-06 8.121631e-05 6.646520e-04 -4.218427e-05 7.702345e-05
10277.000000 -2.922275e-05 -7.312262e-07 -6.544503e-08 -1.031132e-06 8.222659e-05 6.560704e-04 -4.005445e-05 7.823862e-05
10282.000000 -2.908673e-05 -7.324773e-07 -6.450022e-08 -1.029062e-06 9.461720e-05 6.433556e-04 -3.908374e-05 8.157150e-05
10287.000000 -2.916733e-05 -7.379876e-07 -6.556271e-08 -1.034937e-06 9.335622e-05 6.471381e-04 -4.473916e-05 8.540522e-05
10292.000000 -2.912099e-05 -7.405435e-07 -6.763869e-08 -1.036202e-06 8.623075e-05 6.503754e-04 -4.508086e-05 9.331492e-05
10297.000000 -2.907403e-05 -7.427264e-07 -6.854230e-08 -1.037613e-06 8.888367e-05 6.477571e-04 -5.630736e-05 9.256411e-05
10302.000000 -2.904203e-05 -7.453768e-07 -6.837544e-08 -1.038549e-06 1.026877e-04 6.424414e-04 -6.313940e-05 8.363333e-05
10307.000000 -2.899236e-05 -7.473099e-07 -6.833498e-08 -1.039821e-06 8.621906e-05 6.273581e-04 -5.325148e-05 8.010198e-05
10312.000000 -2.895563e-05 -7.498573e-07 -6.851177e-08 -1.041745e-06 8.592780e-05 6.220979e-04 -5.702125e-05 9.070147e-05
10317.000000 -2.891257e-05 -7.514397e-07 -6.844350e-08 -1.042844e-06 9.539056e-05 6.147453e-04 -5.781126e-05 9.225109e-05
10322.000000 -2.889149e-05 -7.545630e-07 -6.803660e-08 -1.045651e-06 9.639829e-05 6.073178e-04 -4.185531e-05 8.859207e-05
10327.000000 -2.886269e-05 -7.566347e-07 -6.748966e-08 -1.048733e-06 9.294408e-05 6.349408e-04 -4.232935e-05 9.251427e-05
10332.000000 -2.876428e-05 -7.576760e-07 -6.686877e-08 -1.049480e-06 1.002449e-04 6.340447e-04 -4.430593e-05 8.782033e-05
10337.000000 -2.885293e-05 -7.630337e-07 -6.716829e-08 -1.056128e-06 1.029259e-04 6.552889e-04 -2.894454e-05 8.981630e-05
10341.000000 -2.881424e-05 -7.632870e-07 -6.762662e-08 -1.058745e-06 9.805468e-05 6.321745e-04 -3.374896e-05 1.092336e-04
10344.000000 -2.876722e-05 -7.621696e-07 -6.818576e-08 -1.060521e-06 8.808527e-05 6.345822e-04 -3.610796e-05 1.041953e-04
10346.000000 -2.872818e-05 -7.610408e-07 -6.873362e-08 -1.061771e-06 8.607993e-05 6.222184e-04 -3.311216e-05 9.793121e-05
10347.000000 -2.872837e-05 -7.616238e-07 -6.917241e-08 -1.063085e-06 8.826542e-05 6.190825e-04 -2.596651e-05 9.626761e-05
10347.200000 -2.871875e-05 -7.608295e-07 -6.923394e-08 -1.062997e-06 8.635203e-05 6.013815e-04 -2.120478e-05 9.656983e-05
10347.400000 -2.872867e-05 -7.631451e-07 -6.959907e-08 -1.063733e-06 9.354555e-05 5.985155e-04 -3.249185e-05 9.751218e-05
10347.600000 -2.871951e-05 -7.622431e-07 -6.974160e-08 -1.063603e-06 8.781086e-05 6.109325e-04 -4.030779e-05 1.008547e-04
10347.800000 -2.873915e-05 -7.632306e-07 -7.007291e-08 -1.064599e-06 9.295038e-05 6.152716e-04 -3.413884e-05 1.079769e-04
10348.000000 -2.874983e-05 -7.638964e-07 -7.031492e-08 -1.065329e-06 9.453006e-05 6.203044e-04 -3.687680e-05 1.092304e-04
10348.200000 -2.875083e-05 -7.644435e-07 -7.024634e-08 -1.065648e-06 9.214501e-05 6.431871e-04 -3.479837e-05 1.083995e-04
10348.400000 -2.873707e-05 -7.643198e-07 -7.007948e-08 -1.065518e-06 9.209082e-05 6.586027e-04 -3.996105e-05 1.060188e-04
10348.600000 -2.867020e-05 -7.608274e-07 -7.008124e-08 -1.062918e-06 9.586196e-05 6.432630e-04 -3.054964e-05 1.050195e-04
10348.800000 -2.858213e-05 -7.556531e-07 -6.966740e-08 -1.058860e-06 8.610409e-05 6.446615e-04 -4.071387e-05 1.058859e-04
10349.000000 -2.861731e-05 -7.590086e-07 -7.025897e-08 -1.061201e-06 8.117831e-05 6.725868e-04 -4.157553e-05 1.024178e-04
10349.200000 -2.870659e-05 -7.637434e-07 -7.065799e-08 -1.065047e-06 7.301422e-05 6.702514e-04 -4.587557e-05 9.907672e-05
10349.400000 -2.870962e-05 -7.631461e-07 -7.049680e-08 -1.065688e-06 6.822044e-05 6.728293e-04 -4.542588e-05 1.021810e-04
10349.600000 -2.870151e-05 -7.629626e-07 -7.042057e-08 -1.065939e-06 8.214044e-05 6.649325e-04 -3.338532e-05 1.061203e-04
10349.800000 -2.873440e-05 -7.649236e-07 -7.059833e-08 -1.067532e-06 8.594667e-05 6.276176e-04 -2.066689e-05 1.133999e-04
10350.000000 -2.870573e-05 -7.640045e-07 -7.052616e-08 -1.066958e-06 8.045183e-05 6.111143e-04 -2.327364e-05 1.040031e-04
10350.200000 -2.871002e-05 -7.625513e-07 -7.048969e-08 -1.067360e-06 9.104516e-05 6.164972e-04 -3.101742e-05 1.059168e-04
10350.400000 -2.871615e-05 -7.638821e-07 -7.087073e-08 -1.067994e-06 9.346335e-05 6.258643e-04 -2.308408e-05 1.054503e-04
10350.600000 -2.872376e-05 -7.642207e-07 -7.101016e-08 -1.068282e-06 8.464185e-05 6.413261e-04 -2.216703e-05 1.001296e-04
10350.800000 -2.871923e-05 -7.643580e-07 -7.104621e-08 -1.068324e-06 7.292820e-05 6.417370e-04 -2.460720e-05 1.061692e-04
10351.000000 -2.871346e-05 -7.627030e-07 -7.065920e-08 -1.068766e-06 8.607195e-05 6.230500e-04 -2.399616e-05 1.156855e-04
10351.200000 -2.872613e-05 -7.651090e-07 -7.102054e-08 -1.069953e-06 9.592158e-05 6.171338e-04 -3.294421e-05 1.137235e-04
10351.400000 -2.868630e-05 -7.624505e-07 -7.090827e-08 -1.068495e-06 9.103860e-05 6.233953e-04 -2.528880e-05 1.102470e-04
10351.600000 -2.868450e-05 -7.622625e-07 -7.098243e-08 -1.068547e-06 9.196671e-05 6.452886e-04 -3.895833e-05 9.632433e-05
10351.800000 -2.868821e-05 -7.611478e-07 -7.083718e-08 -1.069583e-06 9.798474e-05 6.724530e-04 -3.454646e-05 1.103115e-04
10352.000000 -2.869534e-05 -7.622080e-07 -7.095857e-08 -1.070230e-06 8.487917e-05 6.702633e-04 -2.164320e-05 1.161759e-04
10352.200000 -2.870626e-05 -7.631977e-07 -7.112894e-08 -1.070849e-06 8.106104e-05 6.640136e-04 -3.594452e-05 1.195808e-04
10352.400000 -2.869440e-05 -7.617893e-07 -7.122800e-08 -1.070776e-06 8.764911e-05 6.581157e-04 -2.598586e-05 1.234350e-04
10352.600000 -2.869595e-05 -7.627646e-07 -7.134456e-08 -1.071112e-06 8.822423e-05 6.800899e-04 -4.442426e-05 9.627475e-05
10352.800000 -2.867508e-05 -7.643567e-07 -7.139854e-08 -1.070491e-06 9.163059e-05 6.684136e-04 -3.216295e-05 9.822340e-05
10353.000000 -2.863585e-05 -7.597653e-07 -7.077426e-08 -1.069181e-06 9.664862e-05 6.638513e-04 -3.453167e-05 9.640989e-05
10353.200000 -2.863472e-05 -7.614858e-07 -7.097243e-08 -1.069806e-06 9.037859e-05 6.843435e-04 -3.968259e-05 1.022218e-04
10353.400000 -2.867791e-05 -7.634184e-07 -7.144242e-08 -1.072006e-06 8.744285e-05 6.887582e-04 -5.417559e-05 1.036888e-04
10353.600000 -2.867634e-05 -7.630483e-07 -7.176077e-08 -1.072687e-06 9.657004e-05 6.760722e-04 -6.331275e-05 1.067424e-04
10353.800000 -2.865484e-05 -7.616795e-07 -7.138668e-08 -1.072218e-06 9.928408e-05 6.492880e-04 -5.412726e-05 1.053314e-04
10354.000000 -2.865170e-05 -7.620801e-07 -7.159335e-08 -1.072206e-06 9.810929e-05 6.653374e-04 -6.192556e-05 1.072373e-04
10354.200000 -2.863720e-05 -7.633351e-07 -7.146977e-08 -1.072489e-06 9.517319e-05 6.820508e-04 -5.824543e-05 1.081893e-04
10354.400000 -2.862610e-05 -7.585359e-07 -7.118268e-08 -1.072558e-06 1.027166e-04 6.933223e-04 -6.458542e-05 1.121685e-04
10354.600000 -2.867933e-05 -7.662183e-07 -7.193242e-08 -1.074554e-06 9.859075e-05 6.910886e-04 -6.563666e-05 1.086966e-04
10354.800000 -2.866146e-05 -7.636038e-07 -7.179541e-08 -1.074315e-06 8.869934e-05 6.981149e-04 -5.964977e-05 1.106196e-04
10355.000000 -2.866074e-05 -7.629933e-07 -7.189982e-08 -1.075225e-06 8.591081e-05 6.806596e-04 -4.290275e-05 1.093938e-04
10355.200000 -2.866511e-05 -7.634081e-07 -7.179659e-08 -1.075063e-06 7.202604e-05 6.801016e-04 -5.724947e-05 1.067726e-04
10355.400000 -2.866144e-05 -7.631377e-07 -7.155671e-08 -1.075844e-06 7.833034e-05 6.729593e-04 -5.917415e-05 1.022568e-04
10355.600000 -2.865122e-05 -7.635792e-07 -7.166029e-08 -1.075751e-06 7.657844e-05 6.861483e-04 -4.533859e-05 9.844227e-05
10355.800000 -2.863872e-05 -7.612330e-07 -7.178247e-08 -1.075783e-06 7.901288e-05 6.831958e-04 -3.924455e-05 1.033232e-04
10356.000000 -2.864428e-05 -7.626990e-07 -7.188413e-08 -1.076771e-06 8.134233e-05 6.730917e-04 -3.445311e-05 1.047073e-04
10356.200000 -2.864593e-05 -7.638214e-07 -7.208429e-08 -1.077619e-06 7.600758e-05 6.723748e-04 -3.386683e-05 1.006515e-04
10356.400000 -2.863470e-05 -7.628554e-07 -7.176074e-08 -1.077891e-06 6.924208e-05 6.797598e-04 -2.904042e-05 9.287631e-05
10356.600000 -2.859537e-05 -7.616951e-07 -7.168183e-08 -1.076638e-06 7.902157e-05 6.889587e-04 -4.109388e-05 8.763582e-05
10356.800000 -2.858979e-05 -7.612469e-07 -7.144173e-08 -1.077038e-06 7.587966e-05 6.878447e-04 -4.228484e-05 8.328466e-05
10357.000000 -2.858787e-05 -7.599101e-07 -7.159163e-08 -1.077462e-06 7.670119e-05 6.819856e-04 -3.789744e-05 9.091666e-05
10357.200000 -2.860168e-05 -7.628240e-07 -7.211554e-08 -1.078828e-06 8.138238e-05 6.631618e-04 -2.383294e-05 9.368098e-05
10357.400000 -2.859825e-05 -7.612106e-07 -7.188188e-08 -1.078842e-06 7.998919e-05 6.619005e-04 -1.737581e-05 9.523267e-05
10357.600000 -2.860420e-05 -7.633370e-07 -7.208345e-08 -1.079931e-06 8.506633e-05 6.841781e-04 -3.093100e-05 8.921467e-05
10357.800000 -2.861292e-05 -7.635346e-07 -7.211086e-08 -1.080970e-06 8.371478e-05 6.882702e-04 -4.792649e-05 8.136252e-05
10358.000000 -2.862183e-05 -7.628452e-07 -7.217225e-08 -1.081628e-06 8.906759e-05 6.736491e-04 -2.929855e-05 8.476418e-05
10358.200000 -2.862372e-05 -7.641008e-07 -7.205136e-08 -1.083296e-06 8.937982e-05 6.778749e-04 -2.591396e-05 8.509967e-05
10358.400000 -2.862280e-05 -7.644272e-07 -7.198123e-08 -1.083873e-06 8.111058e-05 6.732565e-04 -3.208974e-05 8.925695e-05
10358.600000 -2.860939e-05 -7.627963e-07 -7.182427e-08 -1.084185e-06 8.713832e-05 6.774249e-04 -3.862565e-05 9.098754e-05
10358.800000 -2.861176e-05 -7.639117e-07 -7.172225e-08 -1.085380e-06 8.661382e-05 6.839540e-04 -4.130804e-05 9.393012e-05
10359.000000 -2.860962e-05 -7.637440e-07 -7.171005e-08 -1.086001e-06 8.690039e-05 6.989432e-04 -4.379648e-05 9.120295e-05
10359.200000 -2.860938e-05 -7.632877e-07 -7.173527e-08 -1.086647e-06 8.623459e-05 6.918322e-04 -4.470373e-05 9.742702e-05
10359.400000 -2.859418e-05 -7.622491e-07 -7.165788e-08 -1.087199e-06 7.672878e-05 6.705413e-04 -3.290371e-05 9.125470e-05
10359.600000 -2.855840e-05 -7.610209e-07 -7.164982e-08 -1.086569e-06 6.717634e-05 6.605654e-04 -2.982408e-05 9.863649e-05
10359.800000 -2.853020e-05 -7.612932e-07 -7.183957e-08 -1.086188e-06 7.837976e-05 6.961904e-04 -3.048184e-05 9.978267e-05
10360.000000 -2.852236e-05 -7.618573e-07 -7.208574e-08 -1.086703e-06 8.451995e-05 6.987098e-04 -2.527490e-05 9.743844e-05
10360.200000 -2.855285e-05 -7.613197e-07 -7.200796e-08 -1.089721e-06 8.291146e-05 6.900616e-04 -3.734851e-05 9.019520e-05
10360.400000 -2.857197e-05 -7.622067e-07 -7.197246e-08 -1.091049e-06 7.757157e-05 7.016565e-04 -3.505049e-05 9.040778e-05
10360.600000 -2.858956e-05 -7.652559e-07 -7.234028e-08 -1.092933e-06 7.704293e-05 7.079381e-04 -3.851179e-05 9.384811e-05
10360.800000 -2.858818e-05 -7.623189e-07 -7.212394e-08 -1.093692e-06 7.183844e-05 7.018208e-04 -4.233523e-05 9.413869e-05
10361.000000 -2.858517e-05 -7.625786e-07 -7.207042e-08 -1.095114e-06 8.219601e-05 6.982724e-04 -6.018248e-05 9.439628e-05
10361.200000 -2.859082e-05 -7.633967e-07 -7.217690e-08 -1.096410e-06 8.415402e-05 7.136168e-04 -4.487124e-05 9.565359e-05
10361.400000 -2.856685e-05 -7.614459e-07 -7.186452e-08 -1.095920e-06 8.923378e-05 7.139664e-04 -3.351779e-05 1.006859e-04
10361.600000 -2.857151e-05 -7.631407e-07 -7.201250e-08 -1.097860e-06 8.815327e-05 7.043899e-04 -4.629015e-05 9.696663e-05
10361.800000 -2.856866e-05 -7.615316e-07 -7.198689e-08 -1.099276e-06 8.579682e-05 7.271890e-04 -5.200213e-05 9.871040e-05
10362.000000 -2.857182e-05 -7.629367e-07 -7.200062e-08 -1.100624e-06 9.052646e-05 7.339850e-04 -5.428075e-05 1.000709e-04
10362.200000 -2.856524e-05 -7.627398e-07 -7.186684e-08 -1.101982e-06 9.129105e-05 6.945472e-04 -5.116735e-05 9.437754e-05
10362.400000 -2.854794e-05 -7.622947e-07 -7.184499e-08 -1.102690e-06 8.716879e-05 6.739222e-04 -4.846300e-05 1.026567e-04
10362.600000 -2.854028e-05 -7.629821e-07 -7.182410e-08 -1.103647e-06 8.585023e-05 6.823717e-04 -5.808332e-05 9.603750e-05
10362.800000 -2.851575e-05 -7.604764e-07 -7.159969e-08 -1.104111e-06 9.263567e-05 6.719037e-04 -5.523791e-05 8.970360e-05
10363.000000 -2.847650e-05 -7.612278e-07 -7.184532e-08 -1.103495e-06 8.135565e-05 6.665039e-04 -4.801740e-05 9.347441e-05
10363.200000 -2.836406e-05 -7.526425e-07 -7.087244e-08 -1.099969e-06 9.195670e-05 6.776382e-04 -4.784096e-05 8.713470e-05
10363.400000 -2.836870e-05 -7.504560e-07 -7.099750e-08 -1.102333e-06 8.926430e-05 6.844210e-04 -5.513272e-05 8.139972e-05
10363.600000 -2.850177e-05 -7.573264e-07 -7.119593e-08 -1.110981e-06 7.508440e-05 6.786358e-04 -4.928474e-05 9.500078e-05
10363.800000 -2.854248e-05 -7.597586e-07 -7.173292e-08 -1.114315e-06 8.451892e-05 6.922806e-04 -4.983596e-05 9.426590e-05
10364.000000 -2.854746e-05 -7.613459e-07 -7.201428e-08 -1.116094e-06 9.249762e-05 6.862028e-04 -5.020055e-05 8.611328e-05
10364.200000 -2.854863e-05 -7.606394e-07 -7.195684e-08 -1.118851e-06 8.818583e-05 6.936221e-04 -4.011846e-05 8.690090e-05
10364.400000 -2.852724e-05 -7.613717e-07 -7.193886e-08 -1.120404e-06 8.121623e-05 6.955914e-04 -4.127581e-05 8.885755e-05
10364.600000 -2.846213e-05 -7.583434e-07 -7.134461e-08 -1.119702e-06 8.661538e-05 6.847574e-04 -3.584832e-05 9.235194e-05
10364.800000 -2.845939e-05 -7.546818e-07 -7.093991e-08 -1.122518e-06 8.325529e-05 6.929346e-04 -3.301775e-05 8.553886e-05
10365.000000 -2.853011e-05 -7.592062e-07 -7.119194e-08 -1.128855e-06 8.001236e-05 7.010211e-04 -4.379689e-05 8.168741e-05
10365.200000 -2.850368e-05 -7.568488e-07 -7.118645e-08 -1.130528e-06 6.872834e-05 7.055108e-04 -4.415703e-05 8.622817e-05
10365.400000 -2.852799e-05 -7.585560e-07 -7.127038e-08 -1.134980e-06 7.544909e-05 6.967433e-04 -4.279537e-05 9.976812e-05
10365.600000 -2.852985e-05 -7.579328e-07 -7.123479e-08 -1.138132e-06 7.988530e-05 6.819122e-04 -4.636795e-05 1.048498e-04
10365.800000 -2.852007e-05 -7.566610e-07 -7.096930e-08 -1.141594e-06 8.516139e-05 6.908917e-04 -3.836461e-05 1.101972e-04
10366.000000 -2.851714e-05 -7.570426e-07 -7.123812e-08 -1.145441e-06 9.902764e-05 6.960789e-04 -3.183494e-05 1.091221e-04
10366.200000 -2.849452e-05 -7.551231e-07 -7.074997e-08 -1.148771e-06 9.288118e-05 6.818307e-04 -3.464238e-05 1.051190e-04
10366.400000 -2.850490e-05 -7.547147e-07 -7.106486e-08 -1.153985e-06 9.045575e-05 6.636896e-04 -4.803167e-05 9.584466e-05
10366.600000 -2.848664e-05 -7.524857e-07 -7.108724e-08 -1.157854e-06 9.308552e-05 6.420812e-04 -3.293989e-05 9.036092e-05
10366.800000 -2.849775e-05 -7.539814e-07 -7.105997e-08 -1.164301e-06 9.037632e-05 6.267184e-04 -4.115898e-05 9.976630e-05
10367.000000 -2.847849e-05 -7.531757e-07 -7.101800e-08 -1.169855e-06 8.367364e-05 6.407076e-04 -4.385285e-05 1.090764e-04
10367.200000 -2.844507e-05 -7.517078e-07 -7.108539e-08 -1.175276e-06 8.461407e-05 6.216728e-04 -3.782404e-05 1.090390e-04
10367.400000 -2.838122e-05 -7.456485e-07 -7.026107e-08 -1.180000e-06 7.762698e-05 6.217872e-04 -4.513824e-05 1.013353e-04
10367.600000 -2.845244e-05 -7.492026e-07 -7.070948e-08 -1.192500e-06 7.794119e-05 6.651251e-04 -3.433794e-05 1.018739e-04
10367.800000 -2.847683e-05 -7.460807e-07 -7.032145e-08 -1.203692e-06 8.893174e-05 6.856936e-04 -5.167839e-05 9.589897e-05
10368.000000 -2.850608e-05 -7.467743e-07 -7.052199e-08 -1.215822e-06 8.098672e-05 6.829304e-04 -3.732049e-05 9.820301e-05
10368.200000 -2.851325e-05 -7.445872e-07 -7.013257e-08 -1.229027e-06 7.205678e-05 6.798542e-04 -3.715727e-05 9.773248e-05
10368.400000 -2.851656e-05 -7.430769e-07 -6.995460e-08 -1.243230e-06 7.206377e-05 6.686131e-04 -3.336044e-05 9.946607e-05
10368.600000 -2.850086e-05 -7.405552e-07 -6.959912e-08 -1.258454e-06 7.514530e-05 6.604085e-04 -2.980080e-05 1.060600e-04
10368.800000 -2.850964e-05 -7.372477e-07 -6.926841e-08 -1.276383e-06 8.077973e-05 6.543299e-04 -3.482815e-05 9.163767e-05
10369.000000 -2.851791e-05 -7.356057e-07 -6.924938e-08 -1.297036e-06 7.997329e-05 6.631759e-04 -3.387044e-05 9.938321e-05
10369.200000 -2.850841e-05 -7.306742e-07 -6.882370e-08 -1.318949e-06 8.428259e-05 6.801279e-04 -2.585072e-05 1.189504e-04
10369.400000 -2.850767e-05 -7.285627e-07 -6.859416e-08 -1.344108e-06 8.715024e-05 6.819979e-04 -3.424312e-05 1.138882e-04
10369.600000 -2.847447e-05 -7.220372e-07 -6.817184e-08 -1.369395e-06 8.646313e-05 6.994554e-04 -4.395157e-05 9.144163e-05
10369.800000 -2.848605e-05 -7.198797e-07 -6.800551e-08 -1.399099e-06 8.424850e-05 6.939626e-04 -4.215819e-05 9.915349e-05
10370.000000 -2.849474e-05 -7.142790e-07 -6.765021e-08 -1.431648e-06 8.486158e-05 6.952154e-04 -2.958970e-05 1.075336e-04
10370.200000 -2.849859e-05 -7.087503e-07 -6.686909e-08 -1.466633e-06 7.573287e-05 7.005468e-04 -3.892888e-05 1.101022e-04
10370.400000 -2.845361e-05 -7.017198e-07 -6.620152e-08 -1.500650e-06 7.582981e-05 7.027662e-04 -3.051673e-05 1.143076e-04
10370.600000 -2.840416e-05 -6.951246e-07 -6.552582e-08 -1.536738e-06 8.724908e-05 7.155875e-04 -4.393202e-05 1.073480e-04
10370.800000 -2.841454e-05 -6.887734e-07 -6.484379e-08 -1.581375e-06 8.661333e-05 7.174997e-04 -4.335103e-05 9.951316e-05
10371.000000 -2.845121e-05 -6.821355e-07 -6.439883e-08 -1.631154e-06 8.328602e-05 7.098949e-04 -3.814026e-05 9.124105e-05
10371.200000 -2.846399e-05 -6.782698e-07 -6.397534e-08 -1.683290e-06 6.680228e-05 7.018350e-04 -2.994574e-05 9.213311e-05
10371.400000 -2.843417e-05 -6.694317e-07 -6.319148e-08 -1.737491e-06 6.273225e-05 6.919804e-04 -4.056554e-05 8.965779e-05
10371.600000 -2.841522e-05 -6.631921e-07 -6.220932e-08 -1.797519e-06 8.163885e-05 6.803997e-04 -4.106575e-05 9.631670e-05
10371.800000 -2.836274e-05 -6.509707e-07 -6.138125e-08 -1.859727e-06 8.197938e-05 6.903097e-04 -3.789199e-05 1.048822e-04
10372.000000 -2.831310e-05 -6.430137e-07 -6.098780e-08 -1.927313e-06 8.647806e-05 6.953138e-04 -4.635398e-05 9.562750e-05
10372.200000 -2.826807e-05 -6.290896e-07 -5.978338e-08 -1.998704e-06 8.481377e-05 6.858279e-04 -3.862174e-05 9.349587e-05
10372.400000 -2.825995e-05 -6.191319e-07 -5.890263e-08 -2.076017e-06 8.720026e-05 6.754859e-04 -5.192211e-05 8.437887e-05
10372.600000 -2.828818e-05 -6.130058e-07 -5.828043e-08 -2.159609e-06 8.657036e-05 6.547455e-04 -5.271925e-05 9.255383e-05
10372.800000 -2.837326e-05 -6.060286e-07 -5.734665e-08 -2.250589e-06 8.394670e-05 6.587203e-04 -4.811896e-05 1.080724e-04
10373.000000 -2.838883e-05 -5.981645e-07 -5.683688e-08 -2.332313e-06 9.160349e-05 6.436593e-04 -5.943902e-05 1.046616e-04
10373.200000 -2.837544e-05 -5.871452e-07 -5.587522e-08 -2.405929e-06 8.592969e-05 6.604282e-04 -4.825872e-05 1.074863e-04
10373.400000 -2.838031e-05 -5.830731e-07 -5.566968e-08 -2.476722e-06 8.367054e-05 6.842948e-04 -6.055679e-05 1.026106e-04
10373.600000 -2.840986e-05 -5.774069e-07 -5.484850e-08 -2.543292e-06 7.891475e-05 6.611022e-04 -6.124170e-05 1.094075e-04
10373.800000 -2.837306e-05 -5.683361e-07 -5.402251e-08 -2.592812e-06 8.427668e-05 6.763185e-04 -4.657608e-05 1.087982e-04
10374.000000 -2.837923e-05 -5.648481e-07 -5.341872e-08 -2.641784e-06 7.868253e-05 6.840526e-04 -4.497672e-05 1.023600e-04
10374.200000 -2.843279e-05 -5.619376e-07 -5.313312e-08 -2.688894e-06 8.016673e-05 6.783520e-04 -3.377539e-05 1.171336e-04
10374.400000 -2.839102e-05 -5.578574e-07 -5.287254e-08 -2.717534e-06 8.179466e-05 6.681587e-04 -2.508959e-05 1.131598e-04
10374.600000 -2.833961e-05 -5.547460e-07 -5.230574e-08 -2.737555e-06 8.210588e-05 6.773291e-04 -2.515151e-05 9.846527e-05
10374.800000 -2.832193e-05 -5.534805e-07 -5.219583e-08 -2.757562e-06 8.491982e-05 6.759171e-04 -2.829754e-05 9.971464e-05
10375.000000 -2.834446e-05 -5.499145e-07 -5.187987e-08 -2.780566e-06 7.808408e-05 6.833551e-04 -4.083880e-05 9.703813e-05
10375.200000 -2.840727e-05 -5.518667e-07 -5.206367e-08 -2.806366e-06 8.188489e-05 6.664266e-04 -3.057207e-05 1.004692e-04
10375.400000 -2.845432e-05 -5.500156e-07 -5.187496e-08 -2.830893e-06 7.792443e-05 6.606004e-04 -3.754455e-05 8.919593e-05
10375.600000 -2.849390e-05 -5.512386e-07 -5.208576e-08 -2.848907e-06 7.930708e-05 6.601888e-04 -4.334658e-05 8.075340e-05
10375.800000 -2.850076e-05 -5.520608e-07 -5.226520e-08 -2.862445e-06 8.044867e-05 6.446445e-04 -3.654178e-05 8.313406e-05
10376.000000 -2.849382e-05 -5.485222e-07 -5.207062e-08 -2.873191e-06 8.282622e-05 6.362688e-04 -3.798506e-05 8.879739e-05
10376.200000 -2.849458e-05 -5.496020e-07 -5.203919e-08 -2.882293e-06 8.210378e-05 6.455389e-04 -3.342291e-05 8.889354e-05
10376.400000 -2.847989e-05 -5.482408e-07 -5.185274e-08 -2.887605e-06 7.182953e-05 6.850443e-04 -4.071594e-05 7.784864e-05
10376.600000 -2.849363e-05 -5.480503e-07 -5.178169e-08 -2.894234e-06 7.298104e-05 7.048971e-04 -4.078158e-05 9.090224e-05
10376.800000 -2.848703e-05 -5.472166e-07 -5.144320e-08 -2.896029e-06 7.739738e-05 6.895844e-04 -4.512292e-05 8.863532e-05
10377.000000 -2.849845e-05 -5.479489e-07 -5.147892e-08 -2.895603e-06 7.875351e-05 6.938153e-04 -5.523656e-05 8.753511e-05
10377.200000 -2.851222e-05 -5.503688e-07 -5.162685e-08 -2.890796e-06 6.847342e-05 6.743737e-04 -6.343902e-05 8.969573e-05
10377.400000 -2.850235e-05 -5.502106e-07 -5.158603e-08 -2.879179e-06 6.983991e-05 6.608816e-04 -4.438668e-05 1.015574e-04
10377.600000 -2.849165e-05 -5.493922e-07 -5.171101e-08 -2.863211e-06 7.997151e-05 6.855327e-04 -4.185432e-05 1.014093e-04
10377.800000 -2.850265e-05 -5.532542e-07 -5.213294e-08 -2.846169e-06 8.358429e-05 6.835789e-04 -4.905053e-05 9.600144e-05
10378.000000 -2.849413e-05 -5.555147e-07 -5.246442e-08 -2.821321e-06 7.885828e-05 6.795535e-04 -5.261785e-05 1.044260e-04
10378.200000 -2.849922e-05 -5.583679e-07 -5.267211e-08 -2.796021e-06 7.936592e-05 6.809025e-04 -5.293255e-05 1.104474e-04
10378.400000 -2.850435e-05 -5.605479e-07 -5.282602e-08 -2.768526e-06 8.634084e-05 6.807923e-04 -5.279753e-05 1.018086e-04
10378.600000 -2.849635e-05 -5.637674e-07 -5.337112e-08 -2.737951e-06 8.606914e-05 7.004129e-04 -3.610427e-05 1.052033e-04
10378.800000 -2.850086e-05 -5.665077e-07 -5.359058e-08 -2.706892e-06 8.425962e-05 6.849837e-04 -3.541950e-05 9.977434e-05
10379.000000 -2.850756e-05 -5.698990e-07 -5.394840e-08 -2.675845e-06 9.228437e-05 6.719295e-04 -2.989057e-05 1.010857e-04
10379.200000 -2.850406e-05 -5.742082e-07 -5.445274e-08 -2.642228e-06 9.471128e-05 6.714179e-04 -4.563740e-05 9.444662e-05
10379.400000 -2.847317e-05 -5.751402e-07 -5.432249e-08 -2.605496e-06 8.946363e-05 6.741734e-04 -5.337575e-05 8.530947e-05
10379.600000 -2.844621e-05 -5.773266e-07 -5.466030e-08 -2.568146e-06 7.909185e-05 6.635368e-04 -5.430618e-05 8.605121e-05
10379.800000 -2.845467e-05 -5.803138e-07 -5.491598e-08 -2.534269e-06 9.258958e-05 6.523263e-04 -5.802550e-05 8.650444e-05
10380.000000 -2.845559e-05 -5.852917e-07 -5.550950e-08 -2.499105e-06 9.065584e-05 6.657741e-04 -4.854709e-05 8.931140e-05
10380.200000 -2.846731e-05 -5.902944e-07 -5.586252e-08 -2.464996e-06 8.796174e-05 6.694727e-04 -4.885332e-05 9.172294e-05
10380.400000 -2.847329e-05 -5.945209e-07 -5.601633e-08 -2.430272e-06 9.376968e-05 6.862776e-04 -5.916492e-05 9.403081e-05
10380.600000 -2.845463e-05 -5.967281e-07 -5.605904e-08 -2.391281e-06 9.444778e-05 6.906976e-04 -5.747212e-05 9.876693e-05
10380.800000 -2.843756e-05 -5.995250e-07 -5.616776e-08 -2.352290e-06 9.065701e-05 6.870243e-04 -6.353098e-05 9.524969e-05
10381.000000 -2.846312e-05 -6.054590e-07 -5.697759e-08 -2.317888e-06 9.070795e-05 6.741469e-04 -5.389264e-05 9.764991e-05
10381.200000 -2.849271e-05 -6.129545e-07 -5.785624e-08 -2.285434e-06 9.548020e-05 6.719413e-04 -4.400428e-05 1.030294e-04
10381.400000 -2.841822e-05 -6.101136e-07 -5.773441e-08 -2.242011e-06 9.812516e-05 6.750459e-04 -5.199681e-05 1.042525e-04
10381.600000 -2.838511e-05 -6.131712e-07 -5.813718e-08 -2.203812e-06 8.883042e-05 6.817654e-04 -4.985524e-05 1.065538e-04
10381.800000 -2.844214e-05 -6.194973e-07 -5.845681e-08 -2.177658e-06 8.669917e-05 6.659850e-04 -3.971138e-05 1.059999e-04
10382.000000 -2.844329e-05 -6.244145e-07 -5.889939e-08 -2.147067e-06 8.558283e-05 6.663972e-04 -4.038264e-05 1.076065e-04
10382.200000 -2.845996e-05 -6.292238e-07 -5.953863e-08 -2.118984e-06 9.235619e-05 6.701887e-04 -5.387241e-05 1.015337e-04
10382.400000 -2.847556e-05 -6.326722e-07 -5.997561e-08 -2.092475e-06 9.147678e-05 6.634983e-04 -4.582000e-05 1.079343e-04
10382.600000 -2.846660e-05 -6.372983e-07 -6.040590e-08 -2.066058e-06 8.857650e-05 6.445341e-04 -4.627491e-05 1.012989e-04
10382.800000 -2.846102e-05 -6.393006e-07 -6.018388e-08 -2.041391e-06 9.599717e-05 6.548122e-04 -4.686747e-05 9.674987e-05
10383.000000 -2.845547e-05 -6.405171e-07 -6.007620e-08 -2.018658e-06 1.029026e-04 6.728339e-04 -5.999700e-05 1.025726e-04
10383.200000 -2.848982e-05 -6.471303e-07 -6.083070e-08 -2.001325e-06 9.484325e-05 6.742735e-04 -5.201093e-05 1.067505e-04
10383.400000 -2.848051e-05 -6.464023e-07 -6.053427e-08 -1.982172e-06 8.956928e-05 6.894717e-04 -5.393510e-05 1.158113e-04
10383.600000 -2.849222e-05 -6.502111e-07 -6.080658e-08 -1.966186e-06 7.801426e-05 6.773201e-04 -5.198259e-05 1.072188e-04
10383.800000 -2.841937e-05 -6.477804e-07 -6.088267e-08 -1.945334e-06 7.554331e-05 6.649356e-04 -3.995379e-05 9.939979e-05
10384.000000 -2.840370e-05 -6.507173e-07 -6.132189e-08 -1.930228e-06 8.967973e-05 6.587214e-04 -3.652552e-05 9.396419e-05
10384.200000 -2.847593e-05 -6.560130e-07 -6.161770e-08 -1.925890e-06 8.762638e-05 6.401299e-04 -4.200522e-05 9.535539e-05
10384.400000 -2.849777e-05 -6.565347e-07 -6.179527e-08 -1.918327e-06 8.673348e-05 6.536759e-04 -4.449305e-05 9.864869e-05
10384.600000 -2.849430e-05 -6.584186e-07 -6.233226e-08 -1.910449e-06 7.801549e-05 6.477925e-04 -4.686847e-05 8.834920e-05
10384.800000 -2.849565e-05 -6.593381e-07 -6.214910e-08 -1.903613e-06 7.011913e-05 6.576310e-04 -4.531275e-05 8.120927e-05
10385.000000 -2.846810e-05 -6.584866e-07 -6.204834e-08 -1.895603e-06 7.230438e-05 6.559765e-04 -3.384251e-05 9.155337e-05
10385.200000 -2.846315e-05 -6.597859e-07 -6.217213e-08 -1.889466e-06 7.692680e-05 6.517266e-04 -3.214777e-05 1.145670e-04
10385.400000 -2.847589e-05 -6.604325e-07 -6.219842e-08 -1.886011e-06 8.680508e-05 6.512009e-04 -4.189678e-05 1.145050e-04
10385.600000 -2.849202e-05 -6.635615e-07 -6.259495e-08 -1.883066e-06 8.804205e-05 6.480616e-04 -5.222349e-05 1.045909e-04
10385.800000 -2.847694e-05 -6.631337e-07 -6.240340e-08 -1.878304e-06 8.351924e-05 6.433481e-04 -4.602905e-05 1.093350e-04
10386.000000 -2.845878e-05 -6.645964e-07 -6.251433e-08 -1.873333e-06 8.890285e-05 6.442061e-04 -4.610591e-05 1.041293e-04
10386.200000 -2.844249e-05 -6.602786e-07 -6.193415e-08 -1.870353e-06 8.633775e-05 6.557995e-04 -4.369796e-05 9.362397e-05
10386.400000 -2.843595e-05 -6.625239e-07 -6.205791e-08 -1.867857e-06 7.730246e-05 6.516197e-04 -5.535253e-05 9.445219e-05
10386.600000 -2.846059e-05 -6.656413e-07 -6.223112e-08 -1.869523e-06 8.223080e-05 6.485061e-04 -5.808059e-05 8.793126e-05
10386.800000 -2.844302e-05 -6.630991e-07 -6.205128e-08 -1.867987e-06 7.369621e-05 6.551379e-04 -4.509574e-05 8.029464e-05
10387.000000 -2.847178e-05 -6.677190e-07 -6.212448e-08 -1.869620e-06 7.674914e-05 6.493601e-04 -5.012252e-05 7.842345e-05
10387.200000 -2.848041e-05 -6.656887e-07 -6.207024e-08 -1.871908e-06 8.077405e-05 6.314088e-04 -3.367438e-05 8.561556e-05
10387.400000 -2.847832e-05 -6.670535e-07 -6.208742e-08 -1.874043e-06 8.487681e-05 6.107781e-04 -4.227863e-05 8.845442e-05
10387.600000 -2.848089e-05 -6.653242e-07 -6.188812e-08 -1.875767e-06 7.789068e-05 6.176643e-04 -4.375802e-05 8.290113e-05
10387.800000 -2.845750e-05 -6.642650e-07 -6.189942e-08 -1.876829e-06 7.991709e-05 6.416397e-04 -3.940413e-05 7.823377e-05
10388.000000 -2.846208e-05 -6.644472e-07 -6.194180e-08 -1.880988e-06 8.255335e-05 6.517198e-04 -3.619564e-05 8.168891e-05
10388.200000 -2.847061e-05 -6.641976e-07 -6.200734e-08 -1.885259e-06 7.793210e-05 6.325714e-04 -3.543520e-05 8.536478e-05
10388.400000 -2.846314e-05 -6.634484e-07 -6.169136e-08 -1.887749e-06 7.576395e-05 6.363803e-04 -3.430021e-05 9.431678e-05
10388.600000 -2.846287e-05 -6.641445e-07 -6.162598e-08 -1.892051e-06 6.347872e-05 6.383690e-04 -3.149649e-05 1.021762e-04
10388.800000 -2.845826e-05 -6.644815e-07 -6.128389e-08 -1.895861e-06 6.629768e-05 6.512192e-04 -2.230740e-05 1.015143e-04
10389.000000 -2.841680e-05 -6.625317e-07 -6.086962e-08 -1.895229e-06 7.011176e-05 6.623077e-04 -2.780346e-05 1.007300e-04
10389.200000 -2.839145e-05 -6.606403e-07 -6.121623e-08 -1.897644e-06 7.012132e-05 6.609017e-04 -3.220941e-05 9.744314e-05
10389.400000 -2.837946e-05 -6.575083e-07 -6.098909e-08 -1.901503e-06 7.070447e-05 6.517759e-04 -3.676512e-05 9.328055e-05
10389.600000 -2.839638e-05 -6.575812e-07 -6.068351e-08 -1.908580e-06 6.823799e-05 6.463617e-04 -3.494366e-05 9.365811e-05
10389.800000 -2.837869e-05 -6.592391e-07 -6.050410e-08 -1.911171e-06 7.258733e-05 6.752614e-04 -5.645733e-05 8.617323e-05
10390.000000 -2.835311e-05 -6.545370e-07 -6.005372e-08 -1.913715e-06 7.327016e-05 6.546889e-04 -4.510941e-05 8.884252e-05
10390.200000 -2.838230e-05 -6.564518e-07 -6.053091e-08 -1.921357e-06 8.008987e-05 6.358374e-04 -4.475407e-05 9.292091e-05
10390.400000 -2.840347e-05 -6.598881e-07 -6.092824e-08 -1.928174e-06 8.448334e-05 6.434237e-04 -3.673349e-05 9.851492e-05
10390.600000 -2.834500e-05 -6.552079e-07 -6.029735e-08 -1.927205e-06 7.415803e-05 6.654849e-04 -4.505090e-05 9.645174e-05
10390.800000 -2.835009e-05 -6.544814e-07 -6.029954e-08 -1.933978e-06 6.551253e-05 6.515021e-04 -5.074703e-05 1.003086e-04
10391.000000 -2.835135e-05 -6.545148e-07 -6.001657e-08 -1.939075e-06 7.038321e-05 6.449503e-04 -4.419297e-05 1.034571e-04
10391.200000 -2.832975e-05 -6.517026e-07 -5.978268e-08 -1.943249e-06 7.580695e-05 6.486491e-04 -3.648295e-05 1.033727e-04
10391.400000 -2.837810e-05 -6.540038e-07 -6.005854e-08 -1.951548e-06 7.196223e-05 6.422185e-04 -3.809711e-05 9.664910e-05
10391.600000 -2.837860e-05 -6.527682e-07 -5.991912e-08 -1.957638e-06 7.004126e-05 6.390789e-04 -3.875972e-05 8.842105e-05
10391.800000 -2.840492e-05 -6.530247e-07 -5.982933e-08 -1.964039e-06 7.088785e-05 6.448184e-04 -3.782021e-05 8.588253e-05
10392.000000 -2.842954e-05 -6.539416e-07 -5.968611e-08 -1.970928e-06 7.004818e-05 6.373707e-04 -2.752001e-05 9.260085e-05
10392.200000 -2.842849e-05 -6.526293e-07 -5.942793e-08 -1.974863e-06 7.381101e-05 6.364345e-04 -3.633760e-05 8.251279e-05
10392.400000 -2.844150e-05 -6.525977e-07 -5.922957e-08 -1.979178e-06 7.151483e-05 6.612336e-04 -5.093721e-05 8.107348e-05
10392.600000 -2.841528e-05 -6.531574e-07 -5.925507e-08 -1.979935e-06 6.684306e-05 6.510635e-04 -4.535339e-05 8.498730e-05
10392.800000 -2.836053e-05 -6.469200e-07 -5.852765e-08 -1.977179e-06 7.281804e-05 6.528680e-04 -5.691466e-05 7.975162e-05
10393.000000 -2.835459e-05 -6.496552e-07 -5.872456e-08 -1.979076e-06 6.857763e-05 6.496861e-04 -5.137181e-05 8.663107e-05
10393.200000 -2.837079e-05 -6.492347e-07 -5.873662e-08 -1.982575e-06 6.896634e-05 6.286064e-04 -4.797645e-05 8.715513e-05
10393.400000 -2.840717e-05 -6.515775e-07 -5.866462e-08 -1.987867e-06 6.878732e-05 6.421029e-04 -6.353432e-05 8.043215e-05
10393.600000 -2.842696e-05 -6.524869e-07 -5.897016e-08 -1.990746e-06 7.461788e-05 6.260699e-04 -5.210442e-05 8.906477e-05
10393.800000 -2.842659e-05 -6.519886e-07 -5.906021e-08 -1.992089e-06 7.764143e-05 6.387693e-04 -4.091751e-05 9.423217e-05
10394.000000 -2.839367e-05 -6.504946e-07 -5.883036e-08 -1.989455e-06 7.689207e-05 6.106997e-04 -4.042020e-05 8.415046e-05
10394.200000 -2.838600e-05 -6.499964e-07 -5.844706e-08 -1.989663e-06 8.247647e-05 6.119177e-04 -4.249110e-05 7.854432e-05
10394.400000 -2.840784e-05 -6.521285e-07 -5.836078e-08 -1.992961e-06 8.460564e-05 6.127701e-04 -4.509327e-05 8.279216e-05
10394.600000 -2.839344e-05 -6.498846e-07 -5.818493e-08 -1.992008e-06 8.075854e-05 6.291695e-04 -5.195566e-05 8.350976e-05
10394.800000 -2.841195e-05 -6.522475e-07 -5.826008e-08 -1.994386e-06 8.462405e-05 6.550441e-04 -5.237766e-05 8.706645e-05
10395.000000 -2.841318e-05 -6.521605e-07 -5.831404e-08 -1.994400e-06 8.163090e-05 6.307813e-04 -4.589863e-05 8.757218e-05
10395.200000 -2.840108e-05 -6.511438e-07 -5.787831e-08 -1.993371e-06 7.397878e-05 6.379015e-04 -4.640210e-05 9.487233e-05
10395.400000 -2.840505e-05 -6.515952e-07 -5.790679e-08 -1.992907e-06 8.097480e-05 6.592970e-04 -5.652568e-05 9.264316e-05
10395.600000 -2.836634e-05 -6.492696e-07 -5.749755e-08 -1.988365e-06 8.143716e-05 6.774360e-04 -3.968566e-05 8.847807e-05
10395.800000 -2.834513e-05 -6.497408e-07 -5.731689e-08 -1.984372e-06 7.695703e-05 6.695872e-04 -3.890343e-05 9.016668e-05
10396.000000 -2.832561e-05 -6.472910e-07 -5.743517e-08 -1.980911e-06 8.047152e-05 6.554506e-04 -4.893804e-05 8.968939e-05
10396.200000 -2.831669e-05 -6.493271e-07 -5.761852e-08 -1.976878e-06 8.599201e-05 6.570584e-04 -5.909557e-05 8.351732e-05
10396.400000 -2.835130e-05 -6.508034e-07 -5.770187e-08 -1.977119e-06 7.910157e-05 6.742623e-04 -4.256337e-05 8.871493e-05
10396.600000 -2.838639e-05 -6.537978e-07 -5.779165e-08 -1.976328e-06 7.990486e-05 6.854724e-04 -5.435898e-05 8.026818e-05
10396.800000 -2.839268e-05 -6.541567e-07 -5.790827e-08 -1.972537e-06 7.889761e-05 6.739054e-04 -5.106264e-05 8.126406e-05
10397.000000 -2.839457e-05 -6.557666e-07 -5.787966e-08 -1.967651e-06 6.721108e-05 6.475861e-04 -3.406617e-05 8.951243e-05
10397.227860 -2.837133e-05 -6.558305e-07 -5.798220e-08 -1.959402e-06 5.973562e-05 6.512965e-04 -4.737097e-05 8.802318e-05
10397.483581 -2.836679e-05 -6.561815e-07 -5.821119e-08 -1.951746e-06 6.078467e-05 6.442541e-04 -5.693200e-05 9.034454e-05
10397.767162 -2.836696e-05 -6.584649e-07 -5.838820e-08 -1.942171e-06 6.585367e-05 6.601357e-04 -4.855099e-05 9.369051e-05
10398.078604 -2.836354e-05 -6.601926e-07 -5.817857e-08 -1.931790e-06 6.074185e-05 6.661187e-04 -4.236375e-05 9.666330e-05
10398.417905 -2.829341e-05 -6.592003e-07 -5.809515e-08 -1.913057e-06 7.426442e-05 6.608054e-04 -3.713835e-05 9.415387e-05
10398.785067 -2.824915e-05 -6.583718e-07 -5.807913e-08 -1.895508e-06 8.391207e-05 6.693813e-04 -3.690738e-05 9.235830e-05
10399.180090 -2.831253e-05 -6.630573e-07 -5.811809e-08 -1.887627e-06 8.169610e-05 6.545059e-04 -3.679634e-05 9.985573e-05
10399.602973 -2.834668e-05 -6.666103e-07 -5.827041e-08 -1.875504e-06 7.862306e-05 6.398282e-04 -3.284328e-05 1.003594e-04
10400.053716 -2.834961e-05 -6.686266e-07 -5.872939e-08 -1.859810e-06 8.042297e-05 6.425504e-04 -4.135336e-05 1.005111e-04
10400.532319 -2.825279e-05 -6.666319e-07 -5.830667e-08 -1.834321e-06 7.186489e-05 6.609375e-04 -3.149051e-05 1.023422e-04
10401.038783 -2.831028e-05 -6.721083e-07 -5.895541e-08 -1.822920e-06 7.968963e-05 6.718740e-04 -2.391011e-05 1.021083e-04
10401.573107 -2.836326e-05 -6.761888e-07 -5.914042e-08 -1.812519e-06 8.535067e-05 6.691320e-04 -2.535620e-05 9.637017e-05
10402.135292 -2.835186e-05 -6.778019e-07 -5.915338e-08 -1.798342e-06 8.176939e-05 6.681081e-04 -3.293449e-05 9.390150e-05
10402.725337 -2.833735e-05 -6.793970e-07 -5.953638e-08 -1.787245e-06 8.515194e-05 6.654970e-04 -3.803796e-05 9.201535e-05
10403.343242 -2.834527e-05 -6.810150e-07 -5.994769e-08 -1.781890e-06 8.188451e-05 6.921093e-04 -3.881065e-05 9.609888e-05
10403.989008 -2.832868e-05 -6.813486e-07 -6.036496e-08 -1.779867e-06 7.728729e-05 6.770278e-04 -4.921281e-05 9.215865e-05
10404.662634 -2.831645e-05 -6.805613e-07 -6.038538e-08 -1.782879e-06 8.154437e-05 6.593285e-04 -5.031469e-05 9.008407e-05
10405.364120 -2.830528e-05 -6.798392e-07 -6.058571e-08 -1.789105e-06 9.256601e-05 6.387477e-04 -5.460730e-05 9.416244e-05
10406.093467 -2.831074e-05 -6.785933e-07 -6.064037e-08 -1.798736e-06 9.244577e-05 6.331889e-04 -4.515580e-05 1.001109e-04
10406.850674 -2.830173e-05 -6.768881e-07 -6.090137e-08 -1.808989e-06 9.530115e-05 6.433577e-04 -4.967791e-05 1.020672e-04
10407.635741 -2.828472e-05 -6.746891e-07 -6.130892e-08 -1.819317e-06 8.173783e-05 6.355479e-04 -5.253831e-05 8.934061e-05
10408.448669 -2.827102e-05 -6.728992e-07 -6.166472e-08 -1.829498e-06 8.533906e-05 6.292533e-04 -5.045628e-05 1.000679e-04
10409.289457 -2.823485e-05 -6.695478e-07 -6.179054e-08 -1.839098e-06 7.781600e-05 6.262516e-04 -5.423141e-05 1.021569e-04
10410.158106 -2.822956e-05 -6.682483e-07 -6.208788e-08 -1.853256e-06 7.760986e-05 6.299825e-04 -5.315374e-05 1.012084e-04
10411.054614 -2.822620e-05 -6.663709e-07 -6.243154e-08 -1.870805e-06 7.786881e-05 6.240868e-04 -5.087341e-05 9.598109e-05
10411.978983 -2.822920e-05 -6.633324e-07 -6.304598e-08 -1.893637e-06 7.834973e-05 6.138529e-04 -4.797032e-05 8.630937e-05
10412.931213 -2.821548e-05 -6.594166e-07 -6.327051e-08 -1.919536e-06 7.922149e-05 6.215456e-04 -4.679524e-05 8.908994e-05
10413.911303 -2.818731e-05 -6.541115e-07 -6.329501e-08 -1.947303e-06 7.735050e-05 6.478667e-04 -4.542439e-05 9.527764e-05
10414.919253 -2.818831e-05 -6.511811e-07 -6.328937e-08 -1.978161e-06 7.836923e-05 6.430092e-04 -4.005928e-05 9.878733e-05
10415.955064 -2.818427e-05 -6.485782e-07 -6.350927e-08 -2.006437e-06 7.786129e-05 6.489727e-04 -4.100787e-05 1.024466e-04
10417.018734 -2.815881e-05 -6.448054e-07 -6.312725e-08 -2.029001e-06 7.537963e-05 6.386197e-04 -2.459194e-05 1.050757e-04
10418.110266 -2.812425e-05 -6.413625e-07 -6.304140e-08 -2.045741e-06 7.771228e-05 6.149377e-04 -2.841731e-05 1.012869e-04
10419.232723 -2.808443e-05 -6.380680e-07 -6.286016e-08 -2.058462e-06 8.008690e-05 6.190319e-04 -3.837290e-05 9.228306e-05
10420.367373 -2.795232e-05 -6.315854e-07 -6.229327e-08 -2.059239e-06 7.616269e-05 6.082157e-04 -3.343247e-05 9.130060e-05
10421.514214 -2.798720e-05 -6.330114e-07 -6.246373e-08 -2.076201e-06 7.919356e-05 6.027148e-04 -2.985549e-05 1.071833e-04
10422.673248 -2.803793e-05 -6.349371e-07 -6.213785e-08 -2.093188e-06 7.880924e-05 5.938260e-04 -3.483257e-05 1.105884e-04
10423.844473 -2.804919e-05 -6.350012e-07 -6.196132e-08 -2.103110e-06 7.915706e-05 5.879984e-04 -2.524488e-05 1.066686e-04
10425.027890 -2.803649e-05 -6.347781e-07 -6.205789e-08 -2.107026e-06 8.701147e-05 6.033273e-04 -1.576137e-05 1.030177e-04
10426.223499 -2.803524e-05 -6.348183e-07 -6.202801e-08 -2.110162e-06 7.980174e-05 6.209526e-04 -1.378290e-05 1.051586e-04
10427.431300 -2.802436e-05 -6.347666e-07 -6.206114e-08 -2.111816e-06 7.568677e-05 6.302484e-04 -2.215913e-05 1.053808e-04
10428.651293 -2.799062e-05 -6.338325e-07 -6.207438e-08 -2.110574e-06 7.169054e-05 6.329480e-04 -2.181610e-05 1.090753e-04
10429.883478 -2.801521e-05 -6.360173e-07 -6.200857e-08 -2.114431e-06 6.875062e-05 6.152955e-04 -1.918125e-05 1.099923e-04
10431.127855 -2.803835e-05 -6.380963e-07 -6.205033e-08 -2.115838e-06 6.994360e-05 6.138892e-04 -1.980287e-05 1.078807e-04
10432.384423 -2.801036e-05 -6.381932e-07 -6.215169e-08 -2.107941e-06 6.918413e-05 6.144885e-04 -3.370033e-05 1.050766e-04
10433.653184 -2.798552e-05 -6.388605e-07 -6.213661e-08 -2.097177e-06 6.415243e-05 6.030313e-04 -3.272513e-05 1.035590e-04
10434.934136 -2.796454e-05 -6.402421e-07 -6.255137e-08 -2.085096e-06 7.700561e-05 5.965887e-04 -4.500009e-05 1.005942e-04
10436.227280 -2.797019e-05 -6.430587e-07 -6.281238e-08 -2.077882e-06 8.095141e-05 5.848354e-04 -3.890891e-05 1.066627e-04
10437.532617 -2.795938e-05 -6.440033e-07 -6.276241e-08 -2.071797e-06 7.686132e-05 5.976307e-04 -3.384750e-05 1.023318e-04
10438.850145 -2.794969e-05 -6.453532e-07 -6.278463e-08 -2.065321e-06 6.661078e-05 6.201662e-04 -3.111369e-05 1.036565e-04
10440.179865 -2.794636e-05 -6.472093e-07 -6.277580e-08 -2.059153e-06 8.217015e-05 6.002132e-04 -2.815275e-05 9.600201e-05
10441.521777 -2.793805e-05 -6.491877e-07 -6.281471e-08 -2.051074e-06 9.062126e-05 5.953215e-04 -3.899940e-05 9.508607e-05
10442.875881 -2.789275e-05 -6.482013e-07 -6.244132e-08 -2.039711e-06 8.586696e-05 5.810178e-04 -3.592686e-05 9.484795e-05
10444.242177 -2.786479e-05 -6.484875e-07 -6.239692e-08 -2.031432e-06 8.392519e-05 5.736383e-04 -2.669055e-05 1.041445e-04
10445.620664 -2.782958e-05 -6.486259e-07 -6.202176e-08 -2.024359e-06 8.377944e-05 5.711271e-04 -3.352747e-05 1.092289e-04
10447.011344 -2.787110e-05 -6.517290e-07 -6.218239e-08 -2.027031e-06 6.950445e-05 5.632220e-04 -3.565876e-05 1.088470e-04
10448.414215 -2.785985e-05 -6.524704e-07 -6.239783e-08 -2.023772e-06 6.911584e-05 5.791747e-04 -2.416464e-05 1.077967e-04
10449.829279 -2.782517e-05 -6.524095e-07 -6.245372e-08 -2.017089e-06 7.152330e-05 6.072467e-04 -2.970474e-05 1.077291e-04
10451.256534 -2.780747e-05 -6.529244e-07 -6.233623e-08 -2.011096e-06 8.207936e-05 6.046018e-04 -2.887132e-05 1.080254e-04
10452.695981 -2.779462e-05 -6.538463e-07 -6.269184e-08 -2.004511e-06 7.653229e-05 5.810228e-04 -3.883607e-05 9.761749e-05
10454.147620 -2.778979e-05 -6.554678e-07 -6.287781e-08 -1.998070e-06 7.924626e-05 5.803172e-04 -3.839757e-05 9.669483e-05
10455.611452 -2.776106e-05 -6.546965e-07 -6.265897e-08 -1.992419e-06 7.892560e-05 5.898789e-04 -4.197595e-05 9.080146e-05
10457.087475 -2.775027e-05 -6.547127e-07 -6.242904e-08 -1.989415e-06 8.128385e-05 6.191607e-04 -4.820042e-05 9.015737e-05
10458.575689 -2.771690e-05 -6.535496e-07 -6.230986e-08 -1.986212e-06 8.982857e-05 6.224921e-04 -3.502252e-05 9.795376e-05
10460.076096 -2.769048e-05 -6.536671e-07 -6.265745e-08 -1.984956e-06 9.446685e-05 6.195783e-04 -3.486039e-05 1.006035e-04
10461.588695 -2.767262e-05 -6.534985e-07 -6.253275e-08 -1.983386e-06 1.015338e-04 6.223809e-04 -3.669931e-05 1.055665e-04
10463.113485 -2.765790e-05 -6.537768e-07 -6.224117e-08 -1.982122e-06 9.040677e-05 6.244464e-04 -2.952578e-05 1.130035e-04
10464.650468 -2.762288e-05 -6.529913e-07 -6.215869e-08 -1.978648e-06 8.215541e-05 6.144261e-04 -5.507963e-05 1.011588e-04
10466.199642 -2.756485e-05 -6.512968e-07 -6.196160e-08 -1.973296e-06 8.675391e-05 6.164763e-04 -3.760419e-05 1.081029e-04
10467.761009 -2.753600e-05 -6.513646e-07 -6.181710e-08 -1.971005e-06 8.782183e-05 6.352188e-04 -3.769665e-05 1.115075e-04
10469.334567 -2.755368e-05 -6.527840e-07 -6.187539e-08 -1.975245e-06 8.447664e-05 6.304496e-04 -4.335302e-05 1.035761e-04
10470.920317 -2.752377e-05 -6.524161e-07 -6.155247e-08 -1.975426e-06 8.179331e-05 6.140438e-04 -3.881860e-05 1.147682e-04
10472.518259 -2.754990e-05 -6.547445e-07 -6.202411e-08 -1.981032e-06 7.992546e-05 5.966898e-04 -4.807981e-05 1.077973e-04
10474.128393 -2.754113e-05 -6.545129e-07 -6.205859e-08 -1.983733e-06 7.970687e-05 6.042107e-04 -5.635682e-05 9.396440e-05
10475.750719 -2.752986e-05 -6.548141e-07 -6.189420e-08 -1.986609e-06 6.945623e-05 6.151211e-04 -4.176966e-05 1.022614e-04
10477.385237 -2.748115e-05 -6.535512e-07 -6.184554e-08 -1.986311e-06 7.793693e-05 6.203309e-04 -4.600722e-05 1.049742e-04
10479.031946 -2.745082e-05 -6.537288e-07 -6.220249e-08 -1.988408e-06 7.924435e-05 6.323074e-04 -4.506675e-05 1.039520e-04
10480.690848 -2.744718e-05 -6.546316e-07 -6.280994e-08 -1.992771e-06 7.569463e-05 6.277343e-04 -4.628274e-05 1.055564e-04
10482.361942 -2.741882e-05 -6.539230e-07 -6.302687e-08 -1.994107e-06 6.403948e-05 6.040406e-04 -5.876274e-05 1.072164e-04
10484.045227 -2.737068e-05 -6.528111e-07 -6.321067e-08 -1.991627e-06 6.365921e-05 5.889825e-04 -6.323545e-05 1.106243e-04
10485.740704 -2.734896e-05 -6.529310e-07 -6.378415e-08 -1.990775e-06 7.130311e-05 6.040374e-04 -5.350119e-05 1.152677e-04
10487.448374 -2.733654e-05 -6.533873e-07 -6.414027e-08 -1.992031e-06 8.056467e-05 6.348734e-04 -4.511028e-05 1.108900e-04
10489.168235 -2.734549e-05 -6.539736e-07 -6.428716e-08 -1.996292e-06 7.328153e-05 6.314549e-04 -4.795689e-05 1.035392e-04
10490.900288 -2.729587e-05 -6.527926e-07 -6.428478e-08 -1.994989e-06 6.816074e-05 6.081950e-04 -4.386560e-05 1.112507e-04
10492.644533 -2.725616e-05 -6.517356e-07 -6.453693e-08 -1.994277e-06 6.058773e-05 6.053255e-04 -4.797474e-05 1.057709e-04
10494.400970 -2.723967e-05 -6.514782e-07 -6.481485e-08 -1.995767e-06 5.795018e-05 6.193764e-04 -5.361064e-05 1.035566e-04
10496.169598 -2.722301e-05 -6.521782e-07 -6.523747e-08 -1.999815e-06 5.447210e-05 6.210172e-04 -5.358496e-05 1.034051e-04
10497.950419 -2.722096e-05 -6.526630e-07 -6.546824e-08 -2.007697e-06 6.396872e-05 6.243598e-04 -4.809923e-05 1.064278e-04
10499.743432 -2.718675e-05 -6.514113e-07 -6.544959e-08 -2.013773e-06 6.845652e-05 6.081961e-04 -4.282131e-05 1.142554e-04
10501.548636 -2.713138e-05 -6.491580e-07 -6.557845e-08 -2.017697e-06 6.813765e-05 6.103687e-04 -5.399781e-05 1.134311e-04
10503.366032 -2.710477e-05 -6.474543e-07 -6.552816e-08 -2.025036e-06 7.016311e-05 6.221246e-04 -6.044335e-05 1.067121e-04
10505.195621 -2.711742e-05 -6.490569e-07 -6.558670e-08 -2.033123e-06 6.497774e-05 6.084777e-04 -6.264841e-05 1.035017e-04
10507.037401 -2.710874e-05 -6.494515e-07 -6.552228e-08 -2.037038e-06 6.652640e-05 6.103604e-04 -6.608546e-05 1.039905e-04
10508.891373 -2.704815e-05 -6.489241e-07 -6.557901e-08 -2.033424e-06 7.020530e-05 6.235512e-04 -5.205584e-05 1.185789e-04
10510.757537 -2.694730e-05 -6.464424e-07 -6.497647e-08 -2.025900e-06 7.352353e-05 6.146726e-04 -6.483090e-05 1.099189e-04
10512.635893 -2.689341e-05 -6.461227e-07 -6.460125e-08 -2.024491e-06 6.578765e-05 6.149443e-04 -6.423047e-05 1.081763e-04
10514.526441 -2.684376e-05 -6.458330e-07 -6.457028e-08 -2.023800e-06 6.563848e-05 6.234081e-04 -5.292681e-05 1.082008e-04
10516.429181 -2.688752e-05 -6.469758e-07 -6.464139e-08 -2.031992e-06 6.733818e-05 6.269607e-04 -4.913132e-05 1.086063e-04
10518.344112 -2.682363e-05 -6.454515e-07 -6.448134e-08 -2.029731e-06 6.012242e-05 6.223436e-04 -5.222914e-05 9.372662e-05
10520.271236 -2.665203e-05 -6.412902e-07 -6.403974e-08 -2.017145e-06 5.728835e-05 6.230618e-04 -4.367927e-05 1.007147e-04
10522.210552 -2.665790e-05 -6.419404e-07 -6.363355e-08 -2.016337e-06 6.940233e-05 6.249282e-04 -3.312884e-05 1.031570e-04
10524.162059 -2.669636e-05 -6.447646e-07 -6.376411e-08 -2.019358e-06 6.384209e-05 6.104215e-04 -4.594387e-05 1.044082e-04
10526.125758 -2.670541e-05 -6.477633e-07 -6.423701e-08 -2.019285e-06 6.169274e-05 6.129389e-04 -5.455456e-05 1.100019e-04
10528.101649 -2.667953e-05 -6.515011e-07 -6.493214e-08 -2.014115e-06 7.340217e-05 6.254088e-04 -5.074936e-05 1.072287e-04
10530.089733 -2.667012e-05 -6.524279e-07 -6.467900e-08 -2.009802e-06 7.293586e-05 6.276901e-04 -4.773529e-05 1.024569e-04
10532.090008 -2.674186e-05 -6.560153e-07 -6.482394e-08 -2.009878e-06 6.492605e-05 6.186213e-04 -5.240703e-05 1.059604e-04
10534.102475 -2.669583e-05 -6.562746e-07 -6.460274e-08 -2.000050e-06 7.537250e-05 6.351898e-04 -4.503311e-05 1.078000e-04
10536.127133 -2.665983e-05 -6.582199e-07 -6.469377e-08 -1.992280e-06 7.570588e-05 6.694723e-04 -4.751659e-05 1.004075e-04
10538.163984 -2.666422e-05 -6.596526e-07 -6.472896e-08 -1.988702e-06 6.878480e-05 6.657370e-04 -4.803033e-05 9.927798e-05
10540.213027 -2.662193e-05 -6.597846e-07 -6.484754e-08 -1.981808e-06 6.655057e-05 6.324323e-04 -5.242427e-05 9.431284e-05
10542.274261 -2.659094e-05 -6.608556e-07 -6.500155e-08 -1.978868e-06 6.906155e-05 6.164432e-04 -5.285740e-05 9.453854e-05
10544.347688 -2.657642e-05 -6.615737e-07 -6.531166e-08 -1.978410e-06 6.821103e-05 6.071598e-04 -5.455623e-05 9.392367e-05
10546.433306 -2.652455e-05 -6.619552e-07 -6.600707e-08 -1.973676e-06 6.723733e-05 5.979608e-04 -6.447103e-05 1.054717e-04
10548.531117 -2.650723e-05 -6.620604e-07 -6.607897e-08 -1.973395e-06 7.182620e-05 6.079963e-04 -6.328154e-05 1.123784e-04
10550.641119 -2.644675e-05 -6.616860e-07 -6.635841e-08 -1.969779e-06 6.891905e-05 6.154446e-04 -5.507449e-05 1.101168e-04
10552.763313 -2.639628e-05 -6.612784e-07 -6.653943e-08 -1.968348e-06 6.925701e-05 6.215311e-04 -5.215571e-05 1.116983e-04
10554.897699 -2.635938e-05 -6.617179e-07 -6.676936e-08 -1.968555e-06 6.600688e-05 6.360472e-04 -5.269998e-05 1.225859e-04
10557.044277 -2.634322e-05 -6.616576e-07 -6.709444e-08 -1.971119e-06 7.097156e-05 6.457154e-04 -5.235465e-05 1.164582e-04
10559.203047 -2.630217e-05 -6.611442e-07 -6.692719e-08 -1.971960e-06 6.512567e-05 6.382974e-04 -5.115613e-05 1.117084e-04
10561.374008 -2.624395e-05 -6.595275e-07 -6.674372e-08 -1.970884e-06 6.588484e-05 6.352935e-04 -5.163564e-05 1.184497e-04
10563.557162 -2.621845e-05 -6.587706e-07 -6.670646e-08 -1.974021e-06 6.341138e-05 6.423622e-04 -5.829228e-05 1.298300e-04
10565.752508 -2.619782e-05 -6.600736e-07 -6.718795e-08 -1.978465e-06 7.491994e-05 6.507213e-04 -5.353064e-05 1.339411e-04
10567.960045 -2.613682e-05 -6.580257e-07 -6.718255e-08 -1.977353e-06 7.199216e-05 6.465608e-04 -5.146856e-05 1.358447e-04
10570.179775 -2.604921e-05 -6.562764e-07 -6.717304e-08 -1.972916e-06 6.788681e-05 6.427049e-04 -5.458809e-05 1.177742e-04
10572.411696 -2.604628e-05 -6.576355e-07 -6.758535e-08 -1.977535e-06 6.364362e-05 6.476548e-04 -5.058256e-05 1.084191e-04
10574.655809 -2.602404e-05 -6.582347e-07 -6.779454e-08 -1.980454e-06 6.687975e-05 6.401729e-04 -5.136372e-05 1.152535e-04
10576.912114 -2.596425e-05 -6.574343e-07 -6.803448e-08 -1.977754e-06 7.124002e-05 6.297942e-04 -4.521145e-05 1.070868e-04
10579.180611 -2.588563e-05 -6.538084e-07 -6.778338e-08 -1.971887e-06 6.919368e-05 6.334712e-04 -4.945857e-05 1.081532e-04
10581.461300 -2.584258e-05 -6.550009e-07 -6.813831e-08 -1.970774e-06 6.594640e-05 6.310192e-04 -4.224815e-05 1.070357e-04
10583.754181 -2.578689e-05 -6.538637e-07 -6.811251e-08 -1.968196e-06 5.823963e-05 6.431567e-04 -4.332616e-05 1.057251e-04
10586.059254 -2.572295e-05 -6.536506e-07 -6.790803e-08 -1.964830e-06 5.772760e-05 6.482199e-04 -3.746602e-05 1.056830e-04
10588.376518 -2.563981e-05 -6.520908e-07 -6.752785e-08 -1.960143e-06 5.818798e-05 6.359643e-04 -4.327054e-05 1.000420e-04
10590.705975 -2.557884e-05 -6.532871e-07 -6.766078e-08 -1.955752e-06 6.026770e-05 6.452587e-04 -3.339774e-05 1.110033e-04
10593.047623 -2.548358e-05 -6.527719e-07 -6.809818e-08 -1.949073e-06 6.326023e-05 6.544837e-04 -2.898041e-05 1.129070e-04
10595.401464 -2.544967e-05 -6.531116e-07 -6.793277e-08 -1.947019e-06 5.662975e-05 6.419950e-04 -3.155351e-05 1.115520e-04
10597.767496 -2.546177e-05 -6.548886e-07 -6.799359e-08 -1.947965e-06 5.554235e-05 6.317709e-04 -2.613008e-05 1.029448e-04
10600.145720 -2.541736e-05 -6.544142e-07 -6.781404e-08 -1.940721e-06 5.464168e-05 6.531758e-04 -3.520742e-05 9.483778e-05
10602.536136 -2.536566e-05 -6.549997e-07 -6.790297e-08 -1.934433e-06 6.143769e-05 6.490810e-04 -3.333124e-05 9.515751e-05
10604.938744 -2.527480e-05 -6.543999e-07 -6.798451e-08 -1.924887e-06 6.963613e-05 6.449805e-04 -2.959467e-05 9.381056e-05
10607.353544 -2.520899e-05 -6.546211e-07 -6.815083e-08 -1.919525e-06 7.720998e-05 6.405144e-04 -3.606533e-05 9.131913e-05
10609.780536 -2.516848e-05 -6.552517e-07 -6.831899e-08 -1.918781e-06 7.293674e-05 6.463813e-04 -5.149460e-05 9.384733e-05
10612.219720 -2.512354e-05 -6.548400e-07 -6.814647e-08 -1.917500e-06 6.696352e-05 6.363976e-04 -5.378846e-05 8.997545e-05
10614.671096 -2.513197e-05 -6.554406e-07 -6.818240e-08 -1.922687e-06 6.541843e-05 6.636224e-04 -4.919671e-05 8.853735e-05
10617.134663 -2.513698e-05 -6.565706e-07 -6.852206e-08 -1.927196e-06 6.431990e-05 6.493694e-04 -4.250627e-05 8.261276e-05
10619.610423 -2.513644e-05 -6.590759e-07 -6.913207e-08 -1.930150e-06 6.957892e-05 6.462203e-04 -3.785180e-05 8.337030e-05
10622.098374 -2.509946e-05 -6.600057e-07 -6.926222e-08 -1.929691e-06 7.522311e-05 6.602066e-04 -4.612494e-05 8.092836e-05
10624.598517 -2.506887e-05 -6.613023e-07 -6.920045e-08 -1.930787e-06 7.414943e-05 6.762828e-04 -4.686784e-05 8.783913e-05
10627.110852 -2.499047e-05 -6.594461e-07 -6.898947e-08 -1.925496e-06 7.073579e-05 6.650835e-04 -4.613596e-05 9.796776e-05
10629.635380 -2.495264e-05 -6.606830e-07 -6.913214e-08 -1.925373e-06 6.252516e-05 6.657879e-04 -4.023925e-05 9.462432e-05
10632.172099 -2.488943e-05 -6.599824e-07 -6.921376e-08 -1.923404e-06 6.501009e-05 6.627766e-04 -4.252621e-05 9.749181e-05
10634.721009 -2.485513e-05 -6.619362e-07 -6.948617e-08 -1.924959e-06 7.889487e-05 6.500017e-04 -4.753943e-05 8.977885e-05
10637.282112 -2.479412e-05 -6.608670e-07 -6.933271e-08 -1.923728e-06 7.600658e-05 6.747148e-04 -4.922333e-05 8.217075e-05
10639.855407 -2.475189e-05 -6.613416e-07 -6.946259e-08 -1.923893e-06 6.250183e-05 6.762473e-04 -4.645410e-05 7.953699e-05
10642.440894 -2.468121e-05 -6.605605e-07 -6.937597e-08 -1.920608e-06 6.556594e-05 6.644617e-04 -3.085690e-05 8.700264e-05
10645.038572 -2.460244e-05 -6.600013e-07 -6.947429e-08 -1.913598e-06 6.686870e-05 6.364936e-04 -3.439237e-05 9.348668e-05
10647.648443 -2.454626e-05 -6.602435e-07 -6.981623e-08 -1.909300e-06 5.941977e-05 6.172585e-04 -2.676287e-05 9.293856e-05
10650.270505 -2.450096e-05 -6.607109e-07 -7.004109e-08 -1.908987e-06 5.917287e-05 6.091588e-04 -3.105995e-05 9.372135e-05
10652.904759 -2.442571e-05 -6.600150e-07 -7.010835e-08 -1.904581e-06 5.965282e-05 6.309405e-04 -3.674206e-05 9.397330e-05
10655.551205 -2.433821e-05 -6.582132e-07 -7.007384e-08 -1.897770e-06 6.404496e-05 6.538296e-04 -4.150882e-05 8.809340e-05
10658.209844 -2.423569e-05 -6.572813e-07 -7.023955e-08 -1.891180e-06 6.667524e-05 6.464730e-04 -4.202819e-05 8.847060e-05
10660.880674 -2.424176e-05 -6.591538e-07 -7.062947e-08 -1.892540e-06 6.507162e-05 6.400705e-04 -4.505743e-05 9.622118e-05
10663.563696 -2.424596e-05 -6.620950e-07 -7.107726e-08 -1.892562e-06 6.237586e-05 6.238218e-04 -4.326088e-05 1.009078e-04
10666.258909 -2.419292e-05 -6.631038e-07 -7.133546e-08 -1.887745e-06 6.030794e-05 6.393572e-04 -3.958489e-05 9.682099e-05
10668.966315 -2.412789e-05 -6.637190e-07 -7.134170e-08 -1.881433e-06 6.450741e-05 6.671706e-04 -4.566212e-05 9.821657e-05
10671.685913 -2.406441e-05 -6.640434e-07 -7.153910e-08 -1.874842e-06 5.894690e-05 6.797864e-04 -4.078507e-05 1.018050e-04
10674.417702 -2.400273e-05 -6.646941e-07 -7.170317e-08 -1.868207e-06 5.971656e-05 6.721036e-04 -4.495998e-05 9.931691e-05
10677.161684 -2.392336e-05 -6.646631e-07 -7.194167e-08 -1.860484e-06 5.881007e-05 6.672723e-04 -4.298242e-05 1.049815e-04
10679.917857 -2.379268e-05 -6.629010e-07 -7.202262e-08 -1.849909e-06 6.377112e-05 6.665296e-04 -3.766087e-05 9.865680e-05
10682.686222 -2.370402e-05 -6.625078e-07 -7.213048e-08 -1.841895e-06 5.962233e-05 6.710981e-04 -4.941409e-05 9.844377e-05
10685.466780 -2.359668e-05 -6.604724e-07 -7.211335e-08 -1.833949e-06 6.121438e-05 6.529238e-04 -4.043615e-05 1.009354e-04
10688.259529 -2.351301e-05 -6.603222e-07 -7.222131e-08 -1.830716e-06 5.834979e-05 6.603395e-04 -3.327048e-05 1.032257e-04
10691.064470 -2.344067e-05 -6.593452e-07 -7.229109e-08 -1.829223e-06 5.883736e-05 6.680447e-04 -3.695839e-05 9.299764e-05
10693.881602 -2.344844e-05 -6.605586e-07 -7.249766e-08 -1.834650e-06 5.602914e-05 6.523070e-04 -4.070788e-05 9.538108e-05
10696.710927 -2.344505e-05 -6.617935e-07 -7.239363e-08 -1.837852e-06 5.664006e-05 6.616122e-04 -4.408623e-05 8.434096e-05
10699.552444 -2.338136e-05 -6.618307e-07 -7.243622e-08 -1.834859e-06 6.043240e-05 6.412042e-04 -4.393622e-05 8.788437e-05
10702.406153 -2.326944e-05 -6.605890e-07 -7.254156e-08 -1.827582e-06 5.740736e-05 6.411776e-04 -4.396949e-05 9.931987e-05
10705.272053 -2.318840e-05 -6.598190e-07 -7.219010e-08 -1.824247e-06 5.742329e-05 6.135141e-04 -3.719700e-05 1.106572e-04
10708.150146 -2.317211e-05 -6.601644e-07 -7.213877e-08 -1.825807e-06 5.560229e-05 6.210180e-04 -4.363664e-05 1.064360e-04
10711.040430 -2.315672e-05 -6.607146e-07 -7.258225e-08 -1.826409e-06 5.727187e-05 6.220889e-04 -4.741092e-05 9.845891e-05
10713.942906 -2.312033e-05 -6.618754e-07 -7.280946e-08 -1.825931e-06 5.300108e-05 6.209474e-04 -4.557361e-05 9.815689e-05
10716.857574 -2.308481e-05 -6.633587e-07 -7.292380e-08 -1.825790e-06 5.779769e-05 6.055760e-04 -5.698982e-05 9.497561e-05
10719.784435 -2.299983e-05 -6.614426e-07 -7.290778e-08 -1.820592e-06 6.026815e-05 6.144825e-04 -5.681204e-05 1.021753e-04
10722.723487 -2.293780e-05 -6.613476e-07 -7.286040e-08 -1.818802e-06 5.628558e-05 6.276478e-04 -4.390877e-05 1.155095e-04
10725.674730 -2.285167e-05 -6.598287e-07 -7.252786e-08 -1.813903e-06 5.806143e-05 6.421658e-04 -4.006053e-05 1.128562e-04
10728.638166 -2.274058e-05 -6.575383e-07 -7.256007e-08 -1.805420e-06 6.491417e-05 6.447882e-04 -5.215073e-05 1.015212e-04
10731.613794 -2.266723e-05 -6.578843e-07 -7.283057e-08 -1.801430e-06 6.426183e-05 6.369269e-04 -3.984892e-05 9.479172e-05
10734.601614 -2.263867e-05 -6.592427e-07 -7.271836e-08 -1.799682e-06 6.008258e-05 6.336218e-04 -5.108456e-05 8.152853e-05
10737.601625 -2.257944e-05 -6.605317e-07 -7.297364e-08 -1.797202e-06 6.699789e-05 6.354483e-04 -5.175050e-05 9.540245e-05
10740.613829 -2.252559e-05 -6.616562e-07 -7.335428e-08 -1.794597e-06 6.842470e-05 6.429627e-04 -4.697444e-05 1.015266e-04
10743.638224 -2.244821e-05 -6.611049e-07 -7.344440e-08 -1.787910e-06 6.178910e-05 6.360896e-04 -5.573886e-05 9.312223e-05
10746.674811 -2.235289e-05 -6.597800e-07 -7.330253e-08 -1.779653e-06 6.242073e-05 6.386641e-04 -5.527973e-05 9.585539e-05
10749.723590 -2.226494e-05 -6.588385e-07 -7.334642e-08 -1.772536e-06 7.345205e-05 6.275606e-04 -5.278414e-05 9.742641e-05
10752.784561 -2.219632e-05 -6.589797e-07 -7.373718e-08 -1.768507e-06 7.160510e-05 6.166994e-04 -2.862869e-05 9.653848e-05
10755.857724 -2.204928e-05 -6.566252e-07 -7.356396e-08 -1.755822e-06 7.007093e-05 6.356623e-04 -3.768692e-05 9.242185e-05
10758.943079 -2.199410e-05 -6.569184e-07 -7.363023e-08 -1.750971e-06 6.855154e-05 6.320086e-04 -3.758525e-05 9.421778e-05
10762.040626 -2.193853e-05 -6.564635e-07 -7.363905e-08 -1.745756e-06 7.692856e-05 6.012825e-04 -4.293921e-05 9.664293e-05
10765.150365 -2.187784e-05 -6.571435e-07 -7.373988e-08 -1.742211e-06 8.821828e-05 6.105282e-04 -3.533093e-05 9.773315e-05
10768.272295 -2.182750e-05 -6.590791e-07 -7.394326e-08 -1.740865e-06 8.214748e-05 5.979099e-04 -2.767387e-05 9.276781e-05
10771.406418 -2.173887e-05 -6.584434e-07 -7.378441e-08 -1.736043e-06 7.544878e-05 5.983221e-04 -2.722180e-05 8.666761e-05
10774.552732 -2.165109e-05 -6.574070e-07 -7.392400e-08 -1.730959e-06 7.227807e-05 6.047761e-04 -3.222778e-05 9.241789e-05
10777.711239 -2.156713e-05 -6.565792e-07 -7.398577e-08 -1.726271e-06 7.378763e-05 6.179698e-04 -4.101637e-05 1.025127e-04
10780.881937 -2.146130e-05 -6.544238e-07 -7.379483e-08 -1.719381e-06 7.273672e-05 6.004057e-04 -4.070281e-05 9.597156e-05
10784.064827 -2.136621e-05 -6.531858e-07 -7.400890e-08 -1.713093e-06 7.932757e-05 5.766492e-04 -3.412449e-05 9.279710e-05
10787.259909 -2.127778e-05 -6.525301e-07 -7.466316e-08 -1.708244e-06 7.763220e-05 5.868283e-04 -4.449182e-05 1.004500e-04
10790.467183 -2.116731e-05 -6.498034e-07 -7.473073e-08 -1.700033e-06 7.670963e-05 6.001908e-04 -3.952039e-05 1.009163e-04
10793.686649 -2.109669e-05 -6.497734e-07 -7.526250e-08 -1.695945e-06 6.811628e-05 5.936232e-04 -4.149491e-05 9.889753e-05
10796.918307 -2.096849e-05 -6.475030e-07 -7.519786e-08 -1.686496e-06 5.972556e-05 5.698974e-04 -3.800762e-05 9.901339e-05
10800.162157 -2.086290e-05 -6.460188e-07 -7.534830e-08 -1.680479e-06 6.169861e-05 5.694391e-04 -4.101665e-05 9.566559e-05
10803.418198 -2.075766e-05 -6.448172e-07 -7.538613e-08 -1.673525e-06 6.690291e-05 5.625660e-04 -4.675638e-05 8.420588e-05
10806.686432 -2.058931e-05 -6.424015e-07 -7.550491e-08 -1.662025e-06 7.772493e-05 5.774594e-04 -4.933267e-05 8.980151e-05
10809.966857 -2.056717e-05 -6.435373e-07 -7.532845e-08 -1.663165e-06 7.446920e-05 5.873248e-04 -5.008083e-05 1.014423e-04
10813.259474 -2.052050e-05 -6.444004e-07 -7.546416e-08 -1.658807e-06 7.636175e-05 5.819344e-04 -4.386448e-05 1.045157e-04
10816.564284 -2.034708e-05 -6.399259e-07 -7.495203e-08 -1.642938e-06 7.075822e-05 5.653605e-04 -5.055690e-05 9.940425e-05
10819.881285 -2.031628e-05 -6.413073e-07 -7.512101e-08 -1.642829e-06 7.587453e-05 5.777357e-04 -5.171339e-05 1.054048e-04
10823.210478 -2.022322e-05 -6.404671e-07 -7.479094e-08 -1.636880e-06 6.764885e-05 5.912041e-04 -4.948967e-05 9.589608e-05
10826.551863 -2.012181e-05 -6.395743e-07 -7.472172e-08 -1.629770e-06 7.512417e-05 5.964727e-04 -5.229475e-05 8.969637e-05
10829.905440 -2.000166e-05 -6.374185e-07 -7.458284e-08 -1.620777e-06 7.853269e-05 5.786514e-04 -4.620848e-05 9.849705e-05
10833.271209 -1.983157e-05 -6.325536e-07 -7.382340e-08 -1.606022e-06 6.819495e-05 5.828813e-04 -5.005235e-05 9.285626e-05
10836.649169 -1.975748e-05 -6.322865e-07 -7.360670e-08 -1.600936e-06 6.342503e-05 6.079286e-04 -4.916101e-05 9.243927e-05
10840.039322 -1.966538e-05 -6.319608e-07 -7.358119e-08 -1.594460e-06 6.475078e-05 6.126825e-04 -4.135539e-05 9.518350e-05
10843.441666 -1.957611e-05 -6.318264e-07 -7.312295e-08 -1.588007e-06 6.269654e-05 6.270629e-04 -4.903224e-05 8.839841e-05
10846.856203 -1.942428e-05 -6.280078e-07 -7.282697e-08 -1.575486e-06 6.042200e-05 5.952171e-04 -5.202551e-05 8.587536e-05
10850.282931 -1.926445e-05 -6.241265e-07 -7.247712e-08 -1.562057e-06 4.962641e-05 6.000931e-04 -3.760183e-05 9.398706e-05
10853.721851 -1.920230e-05 -6.252391e-07 -7.284354e-08 -1.559899e-06 5.096794e-05 6.152334e-04 -3.848828e-05 8.501788e-05
10857.172964 -1.914634e-05 -6.256665e-07 -7.301362e-08 -1.557122e-06 4.819289e-05 6.354228e-04 -3.663080e-05 8.921346e-05
10860.636268 -1.900316e-05 -6.227967e-07 -7.315902e-08 -1.546212e-06 5.117049e-05 6.163883e-04 -2.600100e-05 9.212687e-05
10864.111764 -1.890157e-05 -6.215421e-07 -7.358087e-08 -1.538712e-06 5.790396e-05 6.167119e-04 -2.997856e-05 8.769012e-05
10867.599451 -1.879887e-05 -6.206877e-07 -7.349239e-08 -1.531363e-06 5.327264e-05 6.200281e-04 -2.973692e-05 9.881423e-05
10871.099331 -1.866617e-05 -6.180411e-07 -7.323892e-08 -1.521072e-06 5.765974e-05 6.274901e-04 -3.153575e-05 1.017911e-04
10874.611403 -1.852396e-05 -6.150902e-07 -7.307846e-08 -1.510591e-06 6.333950e-05 6.190387e-04 -2.799276e-05 1.037941e-04
10878.135666 -1.838261e-05 -6.118457e-07 -7.294016e-08 -1.499748e-06 6.941141e-05 6.401896e-04 -3.428235e-05 1.033895e-04
10881.672122 -1.827490e-05 -6.092144e-07 -7.237960e-08 -1.492245e-06 6.932324e-05 6.298257e-04 -3.014809e-05 1.035450e-04
10885.220769 -1.815872e-05 -6.067061e-07 -7.234957e-08 -1.483724e-06 6.194950e-05 6.094874e-04 -2.840713e-05 9.925245e-05
10888.781609 -1.805018e-05 -6.048233e-07 -7.242459e-08 -1.476152e-06 6.829437e-05 6.051634e-04 -2.392097e-05 1.055658e-04
10892.354640 -1.792060e-05 -6.022447e-07 -7.222401e-08 -1.466910e-06 7.460832e-05 6.133412e-04 -1.666326e-05 1.030258e-04
10895.939863 -1.780475e-05 -6.007539e-07 -7.245734e-08 -1.459009e-06 6.703836e-05 6.185819e-04 -1.500482e-05 1.011119e-04
10899.537278 -1.765956e-05 -5.979563e-07 -7.277325e-08 -1.447116e-06 6.926388e-05 6.195715e-04 -3.020335e-05 9.127326e-05
10903.146885 -1.751077e-05 -5.948737e-07 -7.246097e-08 -1.435563e-06 7.103924e-05 6.294668e-04 -3.362335e-05 7.329620e-05
10906.768684 -1.734223e-05 -5.899398e-07 -7.181706e-08 -1.421953e-06 7.359287e-05 6.287584e-04 -2.870935e-05 7.270984e-05
10910.402675 -1.724873e-05 -5.891214e-07 -7.239110e-08 -1.415840e-06 7.082937e-05 6.251045e-04 -1.894421e-05 8.945058e-05
10914.048857 -1.712587e-05 -5.864887e-07 -7.231391e-08 -1.406768e-06 7.874126e-05 6.450191e-04 -2.669693e-05 8.904353e-05
10917.707232 -1.701433e-05 -5.841926e-07 -7.223311e-08 -1.398302e-06 7.688833e-05 6.396438e-04 -2.996683e-05 9.085620e-05
10921.377799 -1.685419e-05 -5.803361e-07 -7.213356e-08 -1.386287e-06 7.252142e-05 6.386728e-04 -3.143107e-05 8.302718e-05
10925.060557 -1.671369e-05 -5.769439e-07 -7.195371e-08 -1.375638e-06 6.993162e-05 6.523591e-04 -2.171339e-05 9.296799e-05
10928.755507 -1.656745e-05 -5.729601e-07 -7.133036e-08 -1.364114e-06 6.718964e-05 6.665186e-04 -2.312149e-05 9.064441e-05
10932.462650 -1.642122e-05 -5.690164e-07 -7.095345e-08 -1.353129e-06 5.977129e-05 6.427779e-04 -2.699500e-05 8.220429e-05
10936.181984 -1.625077e-05 -5.652986e-07 -7.059645e-08 -1.338911e-06 6.729447e-05 6.395425e-04 -2.930854e-05 7.485456e-05
10939.913510 -1.602331e-05 -5.589620e-07 -6.959985e-08 -1.319049e-06 6.913869e-05 6.388849e-04 -1.178784e-05 8.890710e-05
10943.657228 -1.598221e-05 -5.590401e-07 -6.998703e-08 -1.317714e-06 6.451568e-05 6.578185e-04 -2.110352e-05 9.338296e-05
10947.413138 -1.586230e-05 -5.566659e-07 -6.986854e-08 -1.308781e-06 6.038493e-05 6.238979e-04 -2.236241e-05 9.435281e-05
10951.181239 -1.575604e-05 -5.554548e-07 -6.964900e-08 -1.301183e-06 5.195190e-05 6.343960e-04 -2.060958e-05 9.852208e-05
10954.961533 -1.567239e-05 -5.541655e-07 -6.947258e-08 -1.295295e-06 5.519770e-05 6.171039e-04 -2.354183e-05 9.252549e-05
10958.754019 -1.557390e-05 -5.524514e-07 -6.945850e-08 -1.288603e-06 5.111165e-05 6.284825e-04 -2.338478e-05 9.439444e-05
10962.558696 -1.541081e-05 -5.481637e-07 -6.853280e-08 -1.276266e-06 5.246298e-05 6.151265e-04 -3.628665e-05 8.794517e-05
10966.375565 -1.530415e-05 -5.452052e-07 -6.816748e-08 -1.267750e-06 5.353698e-05 6.129445e-04 -2.721912e-05 8.779043e-05
10970.204627 -1.521520e-05 -5.434750e-07 -6.784810e-08 -1.262277e-06 5.603266e-05 6.213645e-04 -3.030618e-05 8.093537e-05
10974.045880 -1.509007e-05 -5.407470e-07 -6.740867e-08 -1.253441e-06 6.130192e-05 6.226409e-04 -2.895776e-05 8.473560e-05
10977.899325 -1.493694e-05 -5.365707e-07 -6.707737e-08 -1.241473e-06 6.775635e-05 6.320529e-04 -2.634569e-05 9.644450e-05
10981.764962 -1.479401e-05 -5.325685e-07 -6.652667e-08 -1.229832e-06 7.165921e-05 6.326420e-04 -2.679147e-05 9.886869e-05
10985.642791 -1.463038e-05 -5.282923e-07 -6.604890e-08 -1.216213e-06 7.357346e-05 6.349653e-04 -2.467569e-05 9.627336e-05
10989.532812 -1.449062e-05 -5.248608e-07 -6.595190e-08 -1.205296e-06 6.904348e-05 6.473159e-04 -1.918201e-05 9.510613e-05
10993.435025 -1.437228e-05 -5.222767e-07 -6.569453e-08 -1.196344e-06 6.790055e-05 6.686383e-04 -3.033640e-05 8.837865e-05
10997.349429 -1.429865e-05 -5.212868e-07 -6.587891e-08 -1.192525e-06 6.137872e-05 6.914495e-04 -2.257862e-05 9.144421e-05
11001.276026 -1.418621e-05 -5.190630e-07 -6.599112e-08 -1.184406e-06 5.508929e-05 6.939148e-04 -1.453992e-05 9.308597e-05
11005.214814 -1.406116e-05 -5.159389e-07 -6.617219e-08 -1.175118e-06 5.659056e-05 6.934503e-04 -1.796502e-05 1.001186e-04
11009.165795 -1.392445e-05 -5.119639e-07 -6.587885e-08 -1.164200e-06 5.943069e-05 6.911593e-04 -2.047699e-05 9.469319e-05
11013.128967 -1.381159e-05 -5.092246e-07 -6.580917e-08 -1.156508e-06 6.168937e-05 7.012992e-04 -1.301931e-05 9.093012e-05
11017.104331 -1.367285e-05 -5.048408e-07 -6.525914e-08 -1.145669e-06 6.286628e-05 6.999407e-04 -1.823654e-05 8.983068e-05
11021.091888 -1.355179e-05 -5.018313e-07 -6.498637e-08 -1.136978e-06 6.532135e-05 6.569777e-04 -2.234508e-05 9.082819e-05
11025.091636 -1.341144e-05 -4.974774e-07 -6.447267e-08 -1.125972e-06 6.341939e-05 6.458908e-04 -8.574935e-06 9.255395e-05
11029.103575 -1.328782e-05 -4.940699e-07 -6.445795e-08 -1.116594e-06 6.573713e-05 6.321879e-04 -1.373076e-05 9.154835e-05
11033.127707 -1.316504e-05 -4.905789e-07 -6.442683e-08 -1.107319e-06 6.788022e-05 6.110336e-04 -1.314199e-05 9.784120e-05
11037.164031 -1.300661e-05 -4.856991e-07 -6.404188e-08 -1.094802e-06 7.808353e-05 6.105820e-04 -2.463605e-05 8.846196e-05
11041.212547 -1.293286e-05 -4.840300e-07 -6.409646e-08 -1.090033e-06 7.951343e-05 6.246371e-04 -2.733723e-05 7.685591e-05
11045.273254 -1.281453e-05 -4.812948e-07 -6.394529e-08 -1.081500e-06 8.569920e-05 6.348515e-04 -2.147687e-05 8.906124e-05
11049.346154 -1.270124e-05 -4.784424e-07 -6.374553e-08 -1.072574e-06 8.409690e-05 6.297025e-04 -2.258493e-05 9.245017e-05
11053.431245 -1.258875e-05 -4.762372e-07 -6.349319e-08 -1.064474e-06 8.448540e-05 6.368024e-04 -1.839877e-05 9.217332e-05
11057.528529 -1.242983e-05 -4.713038e-07 -6.270170e-08 -1.051405e-06 7.881790e-05 6.311103e-04 -3.487318e-05 8.684473e-05
11061.638004 -1.232353e-05 -4.686846e-07 -6.283965e-08 -1.043359e-06 7.553387e-05 6.479174e-04 -3.073305e-05 9.151670e-05
11065.759671 -1.225342e-05 -4.679108e-07 -6.296556e-08 -1.039395e-06 8.058581e-05 6.630975e-04 -2.384667e-05 8.397781e-05
11069.893530 -1.212800e-05 -4.639819e-07 -6.247244e-08 -1.029614e-06 7.753472e-05 6.721922e-04 -3.199878e-05 9.234195e-05
11074.039581 -1.200805e-05 -4.605965e-07 -6.182448e-08 -1.021063e-06 6.901946e-05 6.439797e-04 -2.695450e-05 9.941345e-05
11078.197824 -1.190576e-05 -4.581966e-07 -6.142965e-08 -1.013641e-06 7.483112e-05 6.361563e-04 -3.853015e-05 9.693734e-05
11082.368258 -1.177879e-05 -4.542235e-07 -6.100101e-08 -1.003392e-06 7.370766e-05 6.417503e-04 -3.385829e-05 9.492803e-05
11086.550885 -1.169344e-05 -4.523906e-07 -6.063108e-08 -9.980608e-07 7.884339e-05 6.301356e-04 -2.690604e-05 9.512599e-05
11090.745704 -1.157461e-05 -4.490767e-07 -6.013274e-08 -9.890798e-07 7.359016e-05 6.370045e-04 -2.410666e-05 8.925551e-05
11094.952714 -1.145562e-05 -4.456422e-07 -5.944366e-08 -9.798626e-07 6.953337e-05 6.458036e-04 -3.132072e-05 8.714395e-05
11099.171916 -1.134698e-05 -4.426376e-07 -5.909464e-08 -9.713268e-07 6.861235e-05 6.549503e-04 -1.338954e-05 8.495455e-05
11103.403311 -1.118368e-05 -4.373002e-07 -5.844294e-08 -9.574505e-07 6.592252e-05 6.566743e-04 -9.430790e-06 8.273366e-05
11107.646897 -1.112382e-05 -4.359212e-07 -5.842471e-08 -9.540678e-07 6.656092e-05 6.626915e-04 -2.289104e-05 8.317255e-05
11111.902675 -1.103974e-05 -4.345527e-07 -5.829661e-08 -9.487336e-07 7.241532e-05 6.626482e-04 -1.689730e-05 9.291018e-05
11116.170645 -1.092373e-05 -4.313115e-07 -5.809414e-08 -9.395695e-07 5.908584e-05 6.659185e-04 -2.722830e-05 8.252122e-05
11120.450807 -1.082997e-05 -4.292838e-07 -5.831300e-08 -9.331548e-07 5.410830e-05 6.630688e-04 -2.110712e-05 9.040212e-05
11124.743161 -1.072419e-05 -4.261019e-07 -5.802809e-08 -9.257021e-07 5.727524e-05 6.517657e-04 -1.542429e-05 8.769327e-05
11129.047707 -1.060499e-05 -4.221351e-07 -5.775724e-08 -9.163964e-07 6.514656e-05 6.650871e-04 -1.633187e-05 8.323786e-05
11133.364444 -1.047510e-05 -4.184410e-07 -5.709789e-08 -9.054942e-07 6.147998e-05 6.648685e-04 -1.328114e-05 9.018074e-05
11137.693374 -1.037740e-05 -4.162310e-07 -5.735207e-08 -8.978162e-07 6.293561e-05 6.619622e-04 -1.540547e-05 8.901224e-05
11142.034495 -1.028006e-05 -4.137620e-07 -5.723152e-08 -8.909920e-07 6.930717e-05 6.607802e-04 -2.609180e-05 7.748497e-05
11146.387809 -1.014641e-05 -4.095462e-07 -5.669482e-08 -8.803981e-07 6.500217e-05 6.657773e-04 -3.519421e-05 7.696281e-05
11150.753314 -1.009563e-05 -4.087660e-07 -5.637057e-08 -8.776499e-07 6.000648e-05 6.653402e-04 -2.946409e-05 9.013680e-05
11155.131011 -9.999586e-06 -4.060265e-07 -5.599849e-08 -8.710361e-07 6.175069e-05 6.476206e-04 -3.237443e-05 8.895290e-05
11159.520900 -9.777055e-06 -3.979106e-07 -5.486842e-08 -8.530532e-07 6.143796e-05 6.373943e-04 -3.217098e-05 8.620394e-05
11163.922981 -9.700157e-06 -3.978256e-07 -5.532032e-08 -8.450594e-07 6.150066e-05 6.165900e-04 -2.481270e-05 8.641929e-05
11168.337254 -9.614532e-06 -3.936959e-07 -5.495884e-08 -8.411791e-07 6.904681e-05 6.232156e-04 -2.926641e-05 9.704445e-05
11172.763719 -9.583617e-06 -3.938127e-07 -5.524713e-08 -8.385855e-07 6.400907e-05 6.396228e-04 -2.012686e-05 1.018733e-04
11177.202376 -9.501442e-06 -3.914286e-07 -5.501535e-08 -8.323100e-07 6.488112e-05 6.208539e-04 -1.515597e-05 9.691636e-05
11181.653224 -9.440046e-06 -3.907161e-07 -5.539066e-08 -8.282374e-07 6.502630e-05 6.188519e-04 -1.582180e-05 9.252393e-05
11186.116265 -9.323609e-06 -3.869695e-07 -5.504943e-08 -8.189612e-07 6.239250e-05 6.122248e-04 -2.460639e-05 9.870653e-05
11190.591497 -9.225499e-06 -3.841774e-07 -5.488949e-08 -8.118464e-07 6.556127e-05 6.211603e-04 -2.736262e-05 9.867366e-05
11195.078922 -9.149579e-06 -3.825211e-07 -5.470996e-08 -8.080345e-07 6.546876e-05 6.192410e-04 -1.714305e-05 9.524376e-05
11199.578538 -9.043358e-06 -3.790019e-07 -5.423287e-08 -7.998100e-07 6.101401e-05 6.056150e-04 -1.225037e-05 9.235643e-05
11204.090346 -8.906419e-06 -3.737854e-07 -5.353434e-08 -7.876427e-07 6.453258e-05 6.044368e-04 -1.701732e-05 8.830205e-05
11208.614346 -8.797354e-06 -3.703273e-07 -5.305335e-08 -7.791283e-07 6.576902e-05 5.950488e-04 -2.516058e-05 9.619219e-05
11213.150538 -8.722135e-06 -3.686248e-07 -5.280745e-08 -7.738958e-07 6.620041e-05 5.788746e-04 -3.621100e-05 1.007095e-04
11217.698922 -8.665286e-06 -3.676433e-07 -5.272244e-08 -7.696771e-07 6.783849e-05 5.784153e-04 -3.823931e-05 9.642506e-05
11222.259498 -8.598259e-06 -3.663698e-07 -5.278414e-08 -7.649751e-07 6.615969e-05 5.628343e-04 -2.685632e-05 1.029672e-04
11226.832266 -8.505475e-06 -3.635143e-07 -5.243931e-08 -7.571584e-07 5.923336e-05 5.570780e-04 -1.774439e-05 1.092552e-04
11231.417226 -8.402547e-06 -3.598408e-07 -5.161927e-08 -7.487807e-07 5.851992e-05 5.747915e-04 -3.076241e-05 8.846609e-05
11236.014377 -8.316782e-06 -3.574806e-07 -5.133737e-08 -7.427229e-07 6.888398e-05 5.674470e-04 -2.877325e-05 7.891540e-05
11240.623721 -8.238312e-06 -3.555907e-07 -5.123205e-08 -7.372249e-07 7.279006e-05 5.599838e-04 -3.373302e-05 7.832819e-05
11245.245256 -8.150400e-06 -3.528800e-07 -5.054626e-08 -7.307124e-07 7.061579e-05 5.682908e-04 -3.499369e-05 8.063836e-05
11249.878983 -8.057293e-06 -3.501045e-07 -5.025714e-08 -7.235623e-07 6.638858e-05 5.764937e-04 -3.657804e-05 8.705818e-05
11254.524902 -7.962140e-06 -3.471690e-07 -5.024124e-08 -7.159654e-07 6.245831e-05 5.953198e-04 -3.586414e-05 8.848812e-05
11259.183013 -7.866202e-06 -3.439628e-07 -4.979802e-08 -7.080107e-07 6.488349e-05 5.615378e-04 -4.219290e-05 8.095949e-05
11263.853316 -7.791319e-06 -3.424688e-07 -4.962261e-08 -7.029461e-07 6.008865e-05 5.731037e-04 -4.968622e-05 9.150462e-05
11268.535811 -7.707609e-06 -3.398033e-07 -4.938708e-08 -6.964871e-07 6.203318e-05 5.739057e-04 -4.160997e-05 9.240718e-05
11273.230498 -7.627464e-06 -3.373504e-07 -4.918753e-08 -6.908051e-07 6.774186e-05 5.796538e-04 -3.854032e-05 9.521259e-05
11277.937377 -7.546734e-06 -3.348300e-07 -4.921679e-08 -6.849136e-07 7.261553e-05 5.746431e-04 -3.437431e-05 8.940708e-05
11282.656448 -7.438544e-06 -3.304669e-07 -4.865497e-08 -6.756605e-07 7.112983e-05 5.429768e-04 -2.663512e-05 9.134884e-05
11287.387710 -7.369805e-06 -3.284870e-07 -4.849219e-08 -6.704872e-07 7.274408e-05 5.493984e-04 -2.252783e-05 9.164637e-05
11292.131165 -7.287654e-06 -3.262525e-07 -4.818252e-08 -6.645737e-07 6.564829e-05 5.682858e-04 -2.390619e-05 8.599918e-05
11296.886811 -7.191893e-06 -3.227890e-07 -4.794918e-08 -6.566019e-07 6.848305e-05 5.788640e-04 -3.196966e-05 9.135583e-05
11301.654649 -7.096664e-06 -3.193360e-07 -4.752426e-08 -6.488492e-07 6.831295e-05 5.794868e-04 -3.597968e-05 9.215389e-05
11306.434679 -7.014033e-06 -3.169464e-07 -4.728252e-08 -6.425239e-07 6.460277e-05 5.591507e-04 -3.007093e-05 9.728944e-05
11311.226901 -6.912571e-06 -3.133508e-07 -4.668008e-08 -6.341637e-07 6.266287e-05 5.825885e-04 -4.074909e-05 1.102071e-04
11316.031315 -6.858253e-06 -3.114080e-07 -4.663641e-08 -6.313640e-07 6.493423e-05 5.984341e-04 -5.161992e-05 1.126707e-04
11320.847921 -6.822310e-06 -3.112713e-07 -4.666485e-08 -6.287696e-07 6.771859e-05 6.096962e-04 -4.610923e-05 1.071068e-04
11325.676719 -6.726889e-06 -3.074689e-07 -4.614684e-08 -6.206146e-07 7.509808e-05 6.248057e-04 -3.918078e-05 1.013753e-04
11330.517709 -6.650085e-06 -3.055901e-07 -4.600814e-08 -6.148744e-07 8.696034e-05 6.474668e-04 -4.215427e-05 9.972579e-05
11335.370891 -6.534732e-06 -3.013691e-07 -4.544197e-08 -6.058993e-07 7.967835e-05 6.607912e-04 -3.756492e-05 9.884042e-05
11340.236264 -6.520496e-06 -3.015578e-07 -4.553634e-08 -6.052978e-07 7.296096e-05 6.773365e-04 -2.763024e-05 1.060567e-04
